2.363286e+062 -3.824995e+058 -1.002428e+059 -1.779248e+059 -2.600557e+059 -3.352249e+059 -3.903976e+059 -4.152638e+059 -4.015222e+059 -3.443671e+059 -2.437527e+059 1.306347e+056 
2.363285e+062 -3.824137e+058 -1.005159e+059 -1.781207e+059 -2.603231e+059 -3.353150e+059 -3.912458e+059 -4.161122e+059 -4.022281e+059 -3.450565e+059 -2.442147e+059 1.310243e+056 
2.363287e+062 -3.833893e+058 -1.004583e+059 -1.780856e+059 -2.604086e+059 -3.352134e+059 -3.906431e+059 -4.154176e+059 -4.016452e+059 -3.445774e+059 -2.439763e+059 1.308599e+056 
2.363280e+062 -3.886299e+058 -1.015904e+059 -1.789245e+059 -2.605378e+059 -3.348938e+059 -3.892740e+059 -4.137369e+059 -3.997162e+059 -3.427594e+059 -2.427618e+059 1.308930e+056 
2.363140e+062 -7.452232e+058 -1.790217e+059 -2.826110e+059 -3.608619e+059 -3.997581e+059 -3.982368e+059 -3.653757e+059 -3.132686e+059 -2.488793e+059 -1.719402e+059 1.641798e+056 
2.363023e+062 -1.032435e+059 -2.387853e+059 -3.579269e+059 -4.244871e+059 -4.251264e+059 -3.726437e+059 -2.938164e+059 -2.179384e+059 -1.591788e+059 -1.119654e+059 1.512499e+056 
2.362953e+062 -1.270743e+059 -3.005045e+059 -4.638708e+059 -5.697166e+059 -5.941171e+059 -5.385691e+059 -4.282343e+059 -2.993986e+059 -1.841543e+059 -9.794687e+058 2.615244e+056 
2.363022e+062 -7.796888e+058 -1.925719e+059 -2.842847e+059 -3.883295e+059 -3.948073e+059 -4.052720e+059 -3.540695e+059 -2.843054e+059 -2.304804e+059 -1.444670e+059 1.600274e+056 
2.362328e+062 -9.812241e+058 -2.811075e+059 -3.181501e+059 -5.606583e+059 -3.865378e+059 -4.381961e+059 -2.633808e+059 -9.509162e+058 -9.716607e+058 2.512194e+058 1.088831e+056 
2.360165e+062 9.035896e+058 1.621545e+059 6.530335e+059 3.115683e+059 7.916547e+059 -2.671064e+059 2.712345e+059 2.770814e+058 -2.648611e+058 3.025323e+059 2.670868e+055 
2.356377e+062 4.372117e+059 4.936280e+059 1.216653e+060 1.169727e+060 1.891678e+060 -4.131302e+059 1.361825e+060 5.305553e+059 1.172350e+059 6.545470e+059 1.076738e+057 
2.357715e+062 -9.745729e+059 -2.622172e+060 -4.383869e+060 -6.482799e+060 -8.143935e+060 -9.992272e+060 -9.982187e+060 -9.375097e+060 -7.898171e+060 -5.189805e+060 7.802694e+058 
2.346404e+062 -2.923088e+060 -6.013710e+060 -8.916548e+060 -1.295843e+061 -1.819035e+061 -2.293752e+061 -2.353729e+061 -2.038973e+061 -1.511007e+061 -8.969601e+060 3.766778e+059 
2.334384e+062 -3.697371e+060 -7.889180e+060 -1.149508e+061 -1.680141e+061 -2.370279e+061 -3.128812e+061 -3.156865e+061 -2.622872e+061 -1.966357e+061 -1.104276e+061 6.486220e+059 
2.334332e+062 -4.823207e+060 -1.036140e+061 -1.500519e+061 -2.074929e+061 -2.689145e+061 -3.319127e+061 -3.416620e+061 -2.948354e+061 -2.208210e+061 -1.243814e+061 8.892137e+059 
2.336418e+062 -5.075230e+060 -1.150271e+061 -1.773142e+061 -2.428612e+061 -3.063643e+061 -3.625213e+061 -3.582324e+061 -3.006726e+061 -2.184238e+061 -1.222566e+061 1.052182e+060 
2.342135e+062 -4.879579e+060 -1.203633e+061 -1.938832e+061 -2.650676e+061 -3.180007e+061 -3.502472e+061 -3.403416e+061 -2.869096e+061 -2.151311e+061 -1.269648e+061 1.076463e+060 
2.346932e+062 -4.428434e+060 -1.104408e+061 -1.808538e+061 -2.486802e+061 -2.931123e+061 -3.143772e+061 -3.023928e+061 -2.582169e+061 -1.952716e+061 -1.174648e+061 8.934357e+059 
2.349927e+062 -3.715783e+060 -9.220629e+060 -1.504726e+061 -2.038151e+061 -2.367430e+061 -2.481239e+061 -2.329148e+061 -1.935314e+061 -1.406106e+061 -8.088166e+060 5.513218e+059 
2.360273e+062 -6.050856e+059 -1.251370e+060 -1.662496e+060 -2.095839e+060 -2.485911e+060 -3.037689e+060 -3.341378e+060 -3.104679e+060 -2.470731e+060 -1.487171e+060 9.605329e+057 
2.359278e+062 -3.506009e+059 -4.132896e+059 -6.503791e+059 -1.389337e+060 -1.873834e+060 -1.993679e+060 -1.989564e+060 -2.094811e+060 -1.922912e+060 -1.154725e+060 3.516033e+057 
2.351041e+062 1.843143e+059 1.846282e+060 2.876771e+060 2.303102e+060 1.369797e+060 -1.607144e+059 -2.876765e+059 8.892662e+058 1.627757e+059 2.777954e+059 1.457368e+056 
2.353132e+062 3.734492e+059 1.564428e+060 2.342183e+060 2.120561e+060 2.067178e+060 5.147528e+059 3.888265e+059 4.009028e+059 4.844782e+059 7.784964e+059 1.897843e+057 
2.355932e+062 4.730023e+059 1.356850e+060 9.799730e+059 3.644210e+059 8.486830e+059 6.813229e+059 5.597603e+059 1.836802e+059 1.270931e+059 2.144878e+059 5.716079e+056 
2.358772e+062 1.887364e+059 8.467171e+059 9.453191e+059 6.714625e+059 8.393817e+059 5.434499e+059 4.003789e+059 -1.672280e+059 -7.214105e+058 2.085781e+059 1.576452e+056 
2.361321e+062 5.866239e+058 4.352546e+059 4.791330e+059 1.588777e+058 -2.086766e+059 -5.041476e+058 1.543354e+059 -6.189532e+058 -2.288057e+059 -1.212546e+059 -8.821879e+055 
2.363218e+062 -3.790483e+058 -8.997591e+058 -1.598994e+059 -2.442301e+059 -3.199014e+059 -3.796736e+059 -4.005303e+059 -3.957342e+059 -3.406847e+059 -2.418173e+059 1.194121e+056 
2.363274e+062 -3.775860e+058 -9.854452e+058 -1.745763e+059 -2.585992e+059 -3.320549e+059 -3.884217e+059 -4.127227e+059 -3.995802e+059 -3.437792e+059 -2.427166e+059 1.284378e+056 
2.363284e+062 -3.806720e+058 -9.975138e+058 -1.764968e+059 -2.584518e+059 -3.329014e+059 -3.887119e+059 -4.136977e+059 -3.997600e+059 -3.431220e+059 -2.426287e+059 1.292716e+056 
2.363285e+062 -3.801548e+058 -9.989203e+058 -1.770336e+059 -2.589447e+059 -3.332621e+059 -3.886300e+059 -4.133758e+059 -3.998537e+059 -3.430836e+059 -2.428328e+059 1.294437e+056 
2.363287e+062 -3.829681e+058 -1.003401e+059 -1.778138e+059 -2.604327e+059 -3.350297e+059 -3.900446e+059 -4.148026e+059 -4.014756e+059 -3.444928e+059 -2.438946e+059 1.306390e+056 
2.363288e+062 -3.821435e+058 -1.003863e+059 -1.781206e+059 -2.606219e+059 -3.355222e+059 -3.912863e+059 -4.161242e+059 -4.020663e+059 -3.447688e+059 -2.440675e+059 1.310002e+056 
