2.363277e+062 -3.714168e+058 -9.815409e+058 -1.752418e+059 -2.572554e+059 -3.310398e+059 -3.866478e+059 -4.116232e+059 -3.976782e+059 -3.410835e+059 -2.416856e+059 1.273186e+056 
2.363269e+062 -3.721190e+058 -9.934811e+058 -1.767334e+059 -2.584154e+059 -3.337176e+059 -3.902853e+059 -4.131970e+059 -4.012083e+059 -3.443393e+059 -2.440740e+059 1.292769e+056 
2.363275e+062 -3.752945e+058 -9.934529e+058 -1.767313e+059 -2.590720e+059 -3.354952e+059 -3.898057e+059 -4.150220e+059 -4.017975e+059 -3.447835e+059 -2.439507e+059 1.298214e+056 
2.363274e+062 -3.804519e+058 -1.005704e+059 -1.774611e+059 -2.599713e+059 -3.350399e+059 -3.895321e+059 -4.149997e+059 -4.009125e+059 -3.446017e+059 -2.437445e+059 1.304019e+056 
2.363261e+062 -3.901847e+058 -1.025439e+059 -1.827934e+059 -2.678475e+059 -3.444162e+059 -3.998741e+059 -4.228995e+059 -4.087971e+059 -3.491714e+059 -2.472290e+059 1.365388e+056 
2.363264e+062 -3.834927e+058 -1.013785e+059 -1.795115e+059 -2.626181e+059 -3.369235e+059 -3.935149e+059 -4.162507e+059 -4.026734e+059 -3.447649e+059 -2.433000e+059 1.320584e+056 
2.363266e+062 -3.860433e+058 -1.014361e+059 -1.782267e+059 -2.601882e+059 -3.345643e+059 -3.886711e+059 -4.125893e+059 -3.986061e+059 -3.406403e+059 -2.409357e+059 1.300768e+056 
2.363214e+062 -3.899781e+058 -9.844597e+058 -1.655039e+059 -2.358810e+059 -3.100491e+059 -3.740388e+059 -4.045006e+059 -3.971853e+059 -3.401052e+059 -2.354546e+059 1.202660e+056 
2.362561e+062 -7.524534e+058 -9.003667e+058 6.575696e+058 1.858890e+059 5.145681e+058 -1.613105e+059 -4.170485e+059 -5.558168e+059 -4.023857e+059 -1.966262e+059 1.361033e+055 
2.362749e+062 -2.525066e+057 -1.139858e+059 -6.288195e+058 -6.735759e+058 -2.694497e+059 -2.298520e+059 -3.054270e+059 -4.275908e+059 -2.770698e+059 -1.976363e+059 5.349767e+055 
2.362740e+062 -1.277506e+059 -4.105532e+059 -6.796901e+059 -9.621055e+059 -1.327036e+060 -1.478264e+060 -1.529676e+060 -1.527469e+060 -1.253857e+060 -8.629019e+059 1.849152e+057 
2.354433e+062 -2.501938e+060 -6.263335e+060 -1.060862e+061 -1.511937e+061 -1.927159e+061 -2.200182e+061 -2.259382e+061 -2.075696e+061 -1.663642e+061 -1.096666e+061 4.142150e+059 
2.351106e+062 -3.736718e+060 -9.630625e+060 -1.661080e+061 -2.353546e+061 -2.926813e+061 -3.261696e+061 -3.291101e+061 -2.994805e+061 -2.391955e+061 -1.563874e+061 9.354450e+059 
2.357156e+062 -1.845248e+060 -4.748064e+060 -8.229030e+060 -1.174292e+061 -1.470910e+061 -1.658700e+061 -1.697710e+061 -1.569522e+061 -1.278210e+061 -8.539343e+060 2.393662e+059 
2.325929e+062 -2.587494e+060 -2.612053e+060 -8.307678e+060 -2.057923e+061 -2.921631e+061 -3.000636e+061 -2.865009e+061 -2.745128e+061 -2.258784e+061 -1.390623e+061 5.920908e+059 
2.344629e+062 -4.046904e+060 -9.484839e+060 -1.615581e+061 -2.393704e+061 -3.123719e+061 -3.600245e+061 -3.637780e+061 -3.255238e+061 -2.565123e+061 -1.661676e+061 1.046261e+060 
2.345909e+062 -4.132621e+060 -1.013656e+061 -1.730031e+061 -2.517979e+061 -3.228330e+061 -3.701279e+061 -3.724464e+061 -3.327685e+061 -2.635685e+061 -1.709122e+061 1.127621e+060 
2.345888e+062 -4.260734e+060 -1.027611e+061 -1.741944e+061 -2.518235e+061 -3.251308e+061 -3.747340e+061 -3.807542e+061 -3.411122e+061 -2.675578e+061 -1.726490e+061 1.158477e+060 
2.345322e+062 -4.241814e+060 -1.031192e+061 -1.760519e+061 -2.558571e+061 -3.309584e+061 -3.806747e+061 -3.836879e+061 -3.429924e+061 -2.710509e+061 -1.758825e+061 1.185141e+060 
2.347097e+062 -3.998785e+060 -9.851209e+060 -1.682854e+061 -2.440834e+061 -3.148393e+061 -3.601572e+061 -3.616003e+061 -3.227885e+061 -2.562266e+061 -1.675325e+061 1.064442e+060 
2.351098e+062 -2.741280e+060 -6.983011e+060 -1.163892e+061 -1.712107e+061 -2.192171e+061 -2.529252e+061 -2.576943e+061 -2.302297e+061 -1.857858e+061 -1.211475e+061 5.243558e+059 
2.356442e+062 -1.474558e+060 -3.810839e+060 -6.461343e+060 -9.574618e+060 -1.245059e+061 -1.467722e+061 -1.513674e+061 -1.390650e+061 -1.156636e+061 -7.777783e+060 1.733297e+059 
2.355171e+062 -1.750176e+060 -4.761004e+060 -8.094661e+060 -1.173558e+061 -1.487946e+061 -1.704703e+061 -1.719005e+061 -1.571138e+061 -1.293015e+061 -8.490230e+060 2.407252e+059 
2.359453e+062 -8.678444e+059 -2.296895e+060 -3.886930e+060 -5.733596e+060 -7.171587e+060 -8.333574e+060 -8.525166e+060 -7.856170e+060 -6.531277e+060 -4.325126e+060 5.768299e+058 
2.361340e+062 -5.773709e+059 -1.513045e+060 -2.639930e+060 -3.809615e+060 -4.768623e+060 -5.439569e+060 -5.565062e+060 -5.174249e+060 -4.268060e+060 -2.877561e+060 2.514727e+058 
2.362203e+062 -3.482827e+059 -9.080362e+059 -1.583086e+060 -2.278039e+060 -2.863583e+060 -3.252554e+060 -3.337025e+060 -3.103024e+060 -2.557450e+060 -1.727253e+060 9.024321e+057 
2.363116e+062 -5.610436e+058 -1.377709e+059 -2.273254e+059 -3.077389e+059 -3.805568e+059 -4.373790e+059 -4.554151e+059 -4.274324e+059 -3.610409e+059 -2.563972e+059 1.780002e+056 
2.363179e+062 -5.236701e+058 -1.368650e+059 -2.308824e+059 -3.303801e+059 -4.124461e+059 -4.682109e+059 -4.890172e+059 -4.674972e+059 -3.935528e+059 -2.765895e+059 1.976971e+056 
2.363239e+062 -4.314495e+058 -1.129688e+059 -1.960644e+059 -2.855294e+059 -3.633936e+059 -4.198752e+059 -4.436315e+059 -4.298502e+059 -3.683655e+059 -2.612010e+059 1.545664e+056 
2.363269e+062 -3.888529e+058 -1.029111e+059 -1.818551e+059 -2.651851e+059 -3.390973e+059 -3.944432e+059 -4.177649e+059 -4.032412e+059 -3.459462e+059 -2.444508e+059 1.339261e+056 
2.363269e+062 -3.822357e+058 -1.015894e+059 -1.794100e+059 -2.629731e+059 -3.388969e+059 -3.948297e+059 -4.186252e+059 -4.046668e+059 -3.462942e+059 -2.450990e+059 1.329220e+056 
2.363249e+062 -3.634750e+058 -9.923803e+058 -1.756600e+059 -2.567696e+059 -3.307851e+059 -3.873136e+059 -4.082390e+059 -3.962855e+059 -3.395848e+059 -2.398118e+059 1.266841e+056 
2.363107e+062 -4.774211e+058 -1.319335e+059 -2.203328e+059 -3.170509e+059 -3.781559e+059 -4.381755e+059 -4.132328e+059 -3.932295e+059 -3.171409e+059 -2.130076e+059 1.580583e+056 
2.363256e+062 -3.810916e+058 -1.025866e+059 -1.806644e+059 -2.653082e+059 -3.404492e+059 -3.963791e+059 -4.172176e+059 -4.032959e+059 -3.450313e+059 -2.437785e+059 1.334734e+056 
2.363271e+062 -3.737099e+058 -9.985556e+058 -1.766274e+059 -2.588736e+059 -3.328279e+059 -3.890705e+059 -4.128950e+059 -3.994963e+059 -3.430784e+059 -2.425604e+059 1.289909e+056 
