1.000000e-030   1.000000e-030   1.000000e-030   1.666667e-001   1.000000e-030   1.000000e-030   1.000000e-030   1.000000e-030   1.000000e-030   1.000000e-030   1.000000e-030   3.333333e-001   1.000000e-030   8.630328e-231   1.000000e-030   1.000000e-030   1.123875e-246   5.000000e-001   1.000000e-030   1.000000e-030   1.000000e-030   1.000000e-030   1.000000e-030   1.000000e-030   1.000000e-030   1.000000e-030   1.000000e-030   1.000000e-030   3.091318e-247   1.000000e-030   1.000000e-030   1.000000e-030   

1.000000e-030   1.000000e-030   1.000000e-030   1.000000e-030   1.000000e-030   1.000000e-030   1.000000e-030   1.000000e-030   1.000000e-030   1.000000e-030   1.000000e-030   2.067558e-242   1.000000e-030   1.000000e-030   1.000000e-030   1.000000e-030   6.000000e-001   5.965283e-230   1.000000e-030   1.000000e-030   2.539102e-244   1.000000e-030   1.000000e-030   1.000000e-030   6.167104e-243   4.587366e-242   1.000000e-030   1.000000e-030   4.000000e-001   1.000000e-030   1.000000e-030   1.000000e-030   

1.000000e-030   1.000000e-030   1.000000e-030   1.000000e-030   1.000000e-030   5.480276e-240   1.925908e-239   1.462239e-238   1.000000e-030   1.000000e-030   1.000000e-030   1.000000e-030   1.110199e-237   1.000000e-030   1.000000e-030   1.000000e-030   3.227024e-245   3.728302e-230   1.000000e-030   3.435185e-237   1.250000e-001   1.000000e-030   1.000000e-030   1.000000e-030   3.750000e-001   5.000000e-001   1.000000e-030   1.000000e-030   4.624447e-265   1.000000e-030   1.000000e-030   1.000000e-030   

1.000000e-030   1.036592e-233   1.000000e-030   1.000000e-030   1.000000e-030   3.121324e-001   1.560662e-001   1.560662e-001   1.000000e-030   1.000000e-030   1.000000e-030   1.000000e-030   1.560662e-001   5.040962e-232   1.000000e-030   1.000000e-030   7.217200e-296   4.846262e-230   1.000000e-030   1.560662e-001   9.577975e-268   1.087697e-232   1.000000e-030   1.000000e-030   1.000000e-030   2.122750e-240   1.000000e-030   1.000000e-030   1.000000e-030   6.360267e-002   1.000000e-030   1.000000e-030   

1.000000e-030   1.317096e-001   1.000000e-030   1.000000e-030   1.000000e-030   1.698787e-272   4.474929e-273   5.893909e-274   1.000000e-030   1.000000e-030   1.000000e-030   1.000000e-030   1.000000e-030   1.317096e-001   1.000000e-030   1.000000e-030   1.000000e-030   2.634191e-001   1.000000e-030   3.256695e-220   1.000000e-030   3.951287e-001   1.000000e-030   1.000000e-030   1.261511e-298   1.000000e-030   1.000000e-030   1.000000e-030   1.000000e-030   7.803311e-002   1.000000e-030   1.000000e-030   

