1.000000e-030   2.222222e-001   1.000000e-030   1.111111e-001   1.000000e-030   1.000000e-030   1.000000e-030   1.000000e-030   1.000000e-030   1.000000e-030   1.000000e-030   1.000000e-030   1.000000e-030   3.333333e-001   1.000000e-030   1.000000e-030   1.000000e-030   1.515070e-245   9.405284e-234   1.000000e-030   1.000000e-030   3.333333e-001   1.000000e-030   1.000000e-030   1.000000e-030   1.000000e-030   1.000000e-030   1.000000e-030   1.000000e-030   1.000000e-030   1.000000e-030   1.000000e-030   

1.000000e-030   1.000000e-030   1.000000e-030   6.763024e-259   1.000000e-030   2.043016e-201   1.000000e-030   1.000000e-030   1.000000e-030   1.000000e-030   1.000000e-030   1.000000e-030   1.000000e-030   1.000000e-030   1.000000e-030   1.000000e-030   1.000000e-030   5.000000e-001   1.000000e-030   5.000000e-001   1.000000e-030   3.489419e-080   1.000000e-030   1.000000e-030   2.056705e-241   8.272905e-240   1.000000e-030   1.000000e-030   1.000000e-030   1.000000e-030   1.000000e-030   1.000000e-030   

1.000000e-030   6.679768e-320   8.326198e-236   1.000000e-030   1.000000e-030   4.444444e-001   4.145009e-237   9.826825e-237   1.000000e-030   1.000000e-030   1.000000e-030   1.000000e-030   3.447083e-235   7.514471e-290   1.000000e-030   1.000000e-030   1.000000e-030   1.000000e-030   1.000000e-030   8.014412e-244   1.000000e-030   4.057814e-228   1.000000e-030   1.000000e-030   4.444444e-001   1.111111e-001   1.000000e-030   1.000000e-030   1.000000e-030   1.000000e-030   1.000000e-030   1.000000e-030   

1.000000e-030   9.182653e-230   1.185856e-001   1.000000e-030   1.000000e-030   9.523926e-239   3.557567e-001   3.557567e-001   1.000000e-030   1.000000e-030   1.000000e-030   1.000000e-030   1.185856e-001   7.207932e-231   1.000000e-030   1.000000e-030   1.000000e-030   1.000000e-030   5.131553e-002   1.000000e-030   1.000000e-030   5.249189e-228   1.000000e-030   1.000000e-030   1.000000e-030   2.414370e-268   1.000000e-030   1.000000e-030   1.000000e-030   1.000000e-030   1.000000e-030   1.000000e-030   

1.000000e-030   5.226151e-001   3.566407e-262   1.000000e-030   1.000000e-030   1.000000e-030   1.000000e-030   1.000000e-030   1.000000e-030   1.000000e-030   1.000000e-030   1.000000e-030   6.571326e-233   1.045230e-001   1.000000e-030   1.000000e-030   1.000000e-030   1.000000e-030   5.929278e-002   1.000000e-030   1.000000e-030   3.135691e-001   1.000000e-030   1.000000e-030   1.000000e-030   1.000000e-030   1.000000e-030   1.000000e-030   1.000000e-030   1.000000e-030   1.000000e-030   1.000000e-030   

