2.363290e+062 -3.828588e+058 -1.004967e+059 -1.782593e+059 -2.607386e+059 -3.358037e+059 -3.912432e+059 -4.161098e+059 -4.021761e+059 -3.448980e+059 -2.441633e+059 1.311387e+056 
2.363290e+062 -3.834186e+058 -1.005887e+059 -1.784446e+059 -2.609813e+059 -3.360744e+059 -3.914436e+059 -4.162830e+059 -4.024280e+059 -3.450935e+059 -2.443190e+059 1.313395e+056 
2.363291e+062 -3.829370e+058 -1.004995e+059 -1.782419e+059 -2.607880e+059 -3.358289e+059 -3.912559e+059 -4.160927e+059 -4.021820e+059 -3.449127e+059 -2.441770e+059 1.311505e+056 
2.363291e+062 -3.828961e+058 -1.004201e+059 -1.781354e+059 -2.605676e+059 -3.355692e+059 -3.908621e+059 -4.156543e+059 -4.017463e+059 -3.445224e+059 -2.438971e+059 1.309221e+056 
2.363291e+062 -3.828893e+058 -1.005036e+059 -1.782331e+059 -2.607489e+059 -3.358774e+059 -3.911688e+059 -4.159524e+059 -4.020323e+059 -3.447487e+059 -2.440725e+059 1.311017e+056 
2.363291e+062 -3.831915e+058 -1.005708e+059 -1.783137e+059 -2.608280e+059 -3.359071e+059 -3.912359e+059 -4.160194e+059 -4.021362e+059 -3.448784e+059 -2.441767e+059 1.311894e+056 
2.363291e+062 -3.825395e+058 -1.003965e+059 -1.780790e+059 -2.605304e+059 -3.355188e+059 -3.907894e+059 -4.155895e+059 -4.016518e+059 -3.444479e+059 -2.438554e+059 1.308573e+056 
2.363290e+062 -3.840800e+058 -1.007538e+059 -1.787534e+059 -2.614681e+059 -3.365966e+059 -3.920591e+059 -4.169798e+059 -4.029953e+059 -3.455869e+059 -2.446568e+059 1.317620e+056 
2.363291e+062 -3.825276e+058 -1.003615e+059 -1.780050e+059 -2.603931e+059 -3.353232e+059 -3.906279e+059 -4.154501e+059 -4.015260e+059 -3.443212e+059 -2.437739e+059 1.307559e+056 
2.363290e+062 -3.835070e+058 -1.005984e+059 -1.784315e+059 -2.610106e+059 -3.361573e+059 -3.915741e+059 -4.164492e+059 -4.025320e+059 -3.452413e+059 -2.443955e+059 1.314007e+056 
2.363304e+062 -4.173663e+058 -1.093129e+059 -1.935347e+059 -2.826648e+059 -3.636918e+059 -4.234666e+059 -4.501002e+059 -4.345901e+059 -3.722462e+059 -2.631124e+059 1.538513e+056 
2.358775e+062 -8.351996e+059 -1.203993e+060 -6.873238e+059 3.283983e+059 1.092285e+060 1.129355e+060 5.152534e+059 -3.118839e+059 -8.932972e+059 -9.627885e+059 2.648570e+057 
2.339784e+062 -3.783558e+060 -4.405413e+060 -9.843966e+058 6.263346e+060 1.030864e+061 9.993393e+060 6.573468e+060 2.654375e+060 -3.456338e+058 -1.125226e+060 4.567787e+058 
2.324443e+062 -5.511522e+060 -5.163977e+060 2.541158e+060 1.186149e+061 1.622264e+061 1.382855e+061 8.107549e+060 3.522515e+060 1.433213e+060 4.641266e+059 7.927446e+058 
2.204282e+062 -2.054988e+061 -1.998687e+061 8.206867e+059 2.889354e+061 5.509808e+061 6.650893e+061 5.444677e+061 2.934535e+061 8.426238e+060 -2.204034e+060 1.480057e+060 
2.127035e+062 -2.588190e+061 -1.746706e+061 1.442621e+061 4.175652e+061 6.430944e+061 7.280285e+061 5.631663e+061 2.933693e+061 9.213342e+060 1.228677e+060 2.196981e+060 
2.139735e+062 -1.964484e+061 -3.568267e+060 2.828225e+061 4.497656e+061 5.310766e+061 5.328555e+061 3.848868e+061 1.971041e+061 9.096839e+060 5.990943e+060 1.377000e+060 
2.183209e+062 -8.635035e+060 9.929140e+060 3.485287e+061 3.541901e+061 3.753243e+061 3.362240e+061 1.671463e+061 7.894363e+060 7.674218e+060 1.361342e+061 4.322486e+059 
2.216557e+062 -1.596090e+060 1.940226e+061 3.734716e+061 2.952018e+061 2.582045e+061 1.977935e+061 5.537036e+060 4.550040e+060 1.260000e+061 1.787477e+061 3.326975e+059 
2.277830e+062 -2.063650e+060 1.103280e+061 2.385017e+061 2.259275e+061 1.473503e+061 3.629385e+060 -4.491193e+060 -2.221181e+059 9.975574e+060 1.168937e+061 3.836487e+057 
2.290715e+062 -1.411201e+060 1.024111e+061 2.257753e+061 2.070818e+061 1.237769e+061 3.166774e+060 -1.628224e+060 4.711714e+060 1.182565e+061 1.041506e+061 9.221344e+058 
2.320438e+062 -1.116659e+060 5.989516e+060 1.426158e+061 1.373631e+061 7.351440e+060 -5.744793e+059 -4.064659e+060 -9.876152e+058 4.734552e+060 5.061713e+060 -1.037241e+058 
2.356187e+062 -1.983200e+059 2.725333e+059 4.685103e+059 -2.105329e+059 -2.262477e+059 -6.625951e+059 -1.440877e+060 -1.655028e+060 -1.180685e+060 -4.971272e+059 -2.112697e+056 
2.361989e+062 -2.094641e+059 -2.838481e+059 -2.363695e+059 -2.650975e+059 -4.879816e+059 -8.549199e+059 -1.139926e+060 -1.141779e+060 -8.833232e+059 -5.372314e+059 6.691531e+056 
2.362653e+062 -1.647909e+059 -3.565765e+059 -5.504040e+059 -7.726386e+059 -1.028314e+060 -1.267072e+060 -1.393480e+060 -1.333117e+060 -1.091363e+060 -7.277840e+059 1.391615e+057 
2.363097e+062 -8.492480e+058 -2.174804e+059 -3.813205e+059 -5.551804e+059 -7.104842e+059 -8.221893e+059 -8.656598e+059 -8.245892e+059 -6.950491e+059 -4.833469e+059 5.781712e+056 
2.363233e+062 -4.770574e+058 -1.241162e+059 -2.196462e+059 -3.216107e+059 -4.136964e+059 -4.814472e+059 -5.112680e+059 -4.930016e+059 -4.212425e+059 -2.969582e+059 1.984681e+056 
2.363286e+062 -3.867553e+058 -1.014279e+059 -1.799230e+059 -2.632861e+059 -3.388918e+059 -3.947628e+059 -4.198627e+059 -4.058705e+059 -3.481196e+059 -2.463915e+059 1.335926e+056 
2.363292e+062 -3.816428e+058 -1.000559e+059 -1.774233e+059 -2.595670e+059 -3.342710e+059 -3.893729e+059 -4.141075e+059 -4.002556e+059 -3.432536e+059 -2.430024e+059 1.299425e+056 
2.363291e+062 -3.827837e+058 -1.004523e+059 -1.781102e+059 -2.604916e+059 -3.355086e+059 -3.908086e+059 -4.155994e+059 -4.016475e+059 -3.444827e+059 -2.438605e+059 1.308853e+056 
2.363291e+062 -3.835762e+058 -1.005908e+059 -1.784464e+059 -2.610835e+059 -3.362564e+059 -3.916883e+059 -4.165684e+059 -4.026513e+059 -3.452712e+059 -2.444369e+059 1.314539e+056 
2.363292e+062 -3.821065e+058 -1.002587e+059 -1.778839e+059 -2.602402e+059 -3.351236e+059 -3.904020e+059 -4.151930e+059 -4.013104e+059 -3.441156e+059 -2.436524e+059 1.305825e+056 
2.363292e+062 -3.837954e+058 -1.007441e+059 -1.786818e+059 -2.613134e+059 -3.365740e+059 -3.920815e+059 -4.170016e+059 -4.029780e+059 -3.456103e+059 -2.446796e+059 1.317207e+056 
2.363290e+062 -3.842386e+058 -1.007758e+059 -1.787835e+059 -2.615228e+059 -3.367936e+059 -3.923113e+059 -4.172756e+059 -4.032944e+059 -3.458740e+059 -2.448379e+059 1.319000e+056 
2.363291e+062 -3.831232e+058 -1.004922e+059 -1.783043e+059 -2.607647e+059 -3.357951e+059 -3.911688e+059 -4.160196e+059 -4.020247e+059 -3.447408e+059 -2.440532e+059 1.311172e+056 
2.363292e+062 -3.840962e+058 -1.007746e+059 -1.787243e+059 -2.614592e+059 -3.366700e+059 -3.921060e+059 -4.169465e+059 -4.029493e+059 -3.455006e+059 -2.446000e+059 1.317573e+056 
