2.362394e+062 -4.838774e+058 -4.322261e+058 -5.638494e+058 -1.830824e+059 -3.211235e+059 -4.477408e+059 -4.190289e+059 -3.712474e+059 -2.730146e+059 -2.151563e+059 9.222362e+055 
2.362504e+062 -1.853079e+058 -2.217944e+058 -2.681506e+058 -1.163379e+059 -2.485303e+059 -3.216819e+059 -3.620608e+059 -3.255104e+059 -2.681326e+059 -1.946049e+059 4.554241e+055 
2.362298e+062 -8.856859e+057 1.903178e+058 5.216161e+058 -4.910989e+058 -1.762155e+059 -2.906044e+059 -2.949730e+059 -2.532494e+059 -2.283143e+059 -1.919514e+059 1.176820e+055 
2.362263e+062 -4.634447e+058 -5.010276e+058 -4.305141e+058 -1.326706e+059 -3.205271e+059 -4.601999e+059 -4.323559e+059 -3.625999e+059 -2.653623e+059 -1.781360e+059 8.261803e+055 
2.361951e+062 -1.502451e+059 -2.735501e+059 -3.522405e+059 -4.650230e+059 -5.620984e+059 -5.599005e+059 -4.305050e+059 -2.298383e+059 -8.520855e+058 -3.947714e+058 1.919281e+056 
2.360982e+062 -4.341914e+059 -9.130274e+059 -1.258536e+060 -1.363425e+060 -1.186774e+060 -7.569828e+059 -1.810828e+059 2.591662e+059 4.474173e+059 3.877334e+059 -4.190726e+056 
2.359251e+062 -9.338743e+059 -2.234658e+060 -3.659332e+060 -5.044220e+060 -5.973094e+060 -6.221200e+060 -5.681174e+060 -4.571327e+060 -3.245663e+060 -1.883339e+060 3.206546e+058 
2.354845e+062 -2.306694e+060 -5.698874e+060 -9.392687e+060 -1.271912e+061 -1.490091e+061 -1.550419e+061 -1.437479e+061 -1.175849e+061 -8.273667e+060 -4.603312e+060 2.065671e+059 
2.358753e+062 -1.087368e+060 -2.506434e+060 -3.789040e+060 -4.615937e+060 -4.727716e+060 -4.155641e+060 -3.077965e+060 -1.841052e+060 -8.159242e+059 -2.064165e+059 1.350249e+058 
2.350033e+062 -3.462243e+060 -8.082003e+060 -1.221830e+061 -1.457047e+061 -1.448756e+061 -1.202657e+061 -7.909278e+060 -3.488000e+060 -6.347889e+058 1.542121e+060 8.754561e+058 
2.351611e+062 -2.441672e+060 -5.288814e+060 -7.308619e+060 -8.588352e+060 -9.273119e+060 -9.458582e+060 -9.036973e+060 -7.627480e+060 -5.401608e+060 -2.874805e+060 9.922988e+058 
2.351943e+062 -3.252454e+060 -7.863713e+060 -1.270503e+061 -1.696760e+061 -2.019119e+061 -2.207956e+061 -2.235443e+061 -2.068092e+061 -1.687159e+061 -1.118913e+061 4.864597e+059 
2.320325e+062 -8.074744e+060 -1.362003e+061 -1.013432e+061 -3.603376e+059 7.919620e+060 1.011509e+061 2.952511e+060 -8.364500e+060 -1.487967e+061 -1.384377e+061 4.039028e+059 
2.345183e+062 -4.138472e+060 -8.490890e+060 -1.110904e+061 -1.213857e+061 -1.302018e+061 -1.474068e+061 -1.719249e+061 -1.867119e+061 -1.721903e+061 -1.232061e+061 3.885128e+059 
2.353972e+062 -2.517485e+060 -6.324074e+060 -1.048467e+061 -1.453748e+061 -1.818270e+061 -2.053543e+061 -2.125408e+061 -1.997929e+061 -1.636709e+061 -1.095445e+061 3.877561e+059 
2.353658e+062 -2.679794e+060 -6.827335e+060 -1.136197e+061 -1.574160e+061 -1.956359e+061 -2.183671e+061 -2.251599e+061 -2.125481e+061 -1.751644e+061 -1.186037e+061 4.464757e+059 
2.355915e+062 -2.179964e+060 -5.514871e+060 -9.355047e+060 -1.310487e+061 -1.623046e+061 -1.820374e+061 -1.868136e+061 -1.741241e+061 -1.431446e+061 -9.646337e+060 3.014768e+059 
2.353687e+062 -2.867251e+060 -7.335888e+060 -1.265365e+061 -1.796856e+061 -2.237240e+061 -2.504651e+061 -2.543277e+061 -2.334696e+061 -1.891398e+061 -1.258469e+061 5.529393e+059 
2.352315e+062 -3.109955e+060 -7.987816e+060 -1.382225e+061 -1.962918e+061 -2.443010e+061 -2.738469e+061 -2.778457e+061 -2.538286e+061 -2.046334e+061 -1.352828e+061 6.574738e+059 
2.347823e+062 -4.552892e+060 -1.174602e+061 -2.017047e+061 -2.807089e+061 -3.423247e+061 -3.766848e+061 -3.727585e+061 -3.318257e+061 -2.610058e+061 -1.671126e+061 1.263914e+060 
2.349333e+062 -4.131048e+060 -1.072233e+061 -1.854390e+061 -2.597209e+061 -3.192351e+061 -3.543744e+061 -3.534432e+061 -3.164333e+061 -2.507786e+061 -1.624547e+061 1.105096e+060 
2.349925e+062 -4.142877e+060 -1.066014e+061 -1.837567e+061 -2.586413e+061 -3.180950e+061 -3.513487e+061 -3.509707e+061 -3.156412e+061 -2.498273e+061 -1.616900e+061 1.093496e+060 
2.355222e+062 -2.508106e+060 -6.451913e+060 -1.113459e+061 -1.572307e+061 -1.942836e+061 -2.160622e+061 -2.179595e+061 -1.986732e+061 -1.600362e+061 -1.059705e+061 4.118334e+059 
2.354453e+062 -2.745166e+060 -7.053903e+060 -1.216072e+061 -1.716500e+061 -2.119004e+061 -2.351449e+061 -2.366923e+061 -2.151691e+061 -1.725913e+061 -1.136575e+061 4.880861e+059 
2.351719e+062 -3.553958e+060 -9.154698e+060 -1.581105e+061 -2.235508e+061 -2.763286e+061 -3.067170e+061 -3.082904e+061 -2.794749e+061 -2.229616e+061 -1.455312e+061 8.293629e+059 
2.352668e+062 -3.198977e+060 -8.226919e+060 -1.413814e+061 -1.993729e+061 -2.459907e+061 -2.720784e+061 -2.724092e+061 -2.461023e+061 -1.956020e+061 -1.271710e+061 6.519521e+059 
2.354899e+062 -2.435549e+060 -6.221966e+060 -1.069099e+061 -1.518998e+061 -1.896880e+061 -2.121293e+061 -2.153227e+061 -1.973608e+061 -1.591479e+061 -1.052516e+061 3.940330e+059 
2.358544e+062 -1.265400e+060 -3.209123e+060 -5.527486e+060 -7.947666e+060 -1.008857e+061 -1.148098e+061 -1.185581e+061 -1.111172e+061 -9.204866e+060 -6.274623e+060 1.143831e+059 
2.361171e+062 -2.523654e+059 -4.489968e+059 -4.992935e+059 -5.198444e+059 -6.216630e+059 -8.688714e+059 -1.125022e+060 -1.289185e+060 -1.227326e+060 -9.155482e+059 1.345963e+057 
2.361788e+062 -1.460003e+059 -2.864905e+059 -4.359574e+059 -7.172274e+059 -1.003590e+060 -1.152188e+060 -1.242664e+060 -1.223313e+060 -1.086792e+060 -8.099034e+059 1.170511e+057 
2.362078e+062 -6.546734e+058 -8.988960e+058 -1.088616e+059 -2.184832e+059 -3.848144e+059 -5.186437e+059 -5.942752e+059 -5.654765e+059 -4.623661e+059 -3.307425e+059 1.774596e+056 
2.361745e+062 -6.738668e+058 -1.827613e+058 8.022412e+058 1.124216e+058 -1.457858e+059 -3.958168e+059 -5.096197e+059 -3.837625e+059 -2.577966e+059 -2.149276e+059 3.059594e+055 
2.361918e+062 -4.311129e+057 3.435727e+058 1.139182e+058 -1.003357e+059 -1.796645e+059 -2.757927e+059 -2.960289e+059 -2.799516e+059 -2.606540e+059 -2.090304e+059 1.497061e+055 
2.360867e+062 -6.213521e+058 2.244218e+059 4.929086e+059 2.048681e+059 -3.651095e+059 -6.563485e+059 -4.235011e+059 -1.128050e+059 -1.135107e+059 -1.929243e+059 1.783882e+055 
2.361712e+062 -6.629482e+058 1.684799e+058 1.230361e+059 3.245053e+057 -3.096740e+059 -6.001777e+059 -6.280293e+059 -4.436668e+059 -2.836106e+059 -2.189534e+059 4.753017e+055 
2.361731e+062 -5.030387e+058 1.154743e+059 3.236264e+059 2.336373e+059 -9.612886e+058 -3.682007e+059 -3.716625e+059 -2.400754e+059 -1.687818e+059 -1.521318e+059 -4.485598e+055 
