2.362993e+062 -1.266159e+059 -3.308987e+059 -5.837074e+059 -8.484636e+059 -1.083744e+060 -1.252020e+060 -1.318844e+060 -1.262288e+060 -1.071050e+060 -7.491365e+059 1.347933e+057 
2.363250e+062 -4.046497e+058 -1.063646e+059 -1.884809e+059 -2.752644e+059 -3.534188e+059 -4.118214e+059 -4.376142e+059 -4.223713e+059 -3.620248e+059 -2.562167e+059 1.455247e+056 
2.363273e+062 -3.818608e+058 -1.010059e+059 -1.793631e+059 -2.624031e+059 -3.376435e+059 -3.929641e+059 -4.180442e+059 -4.034188e+059 -3.460137e+059 -2.449628e+059 1.322605e+056 
2.363275e+062 -3.884551e+058 -1.015352e+059 -1.803514e+059 -2.639845e+059 -3.391451e+059 -3.952307e+059 -4.186195e+059 -4.048536e+059 -3.462191e+059 -2.451714e+059 1.335285e+056 
2.363278e+062 -3.765466e+058 -9.959985e+058 -1.765875e+059 -2.589324e+059 -3.330038e+059 -3.882562e+059 -4.125838e+059 -3.986519e+059 -3.419199e+059 -2.423122e+059 1.288350e+056 
2.363282e+062 -3.803243e+058 -1.005025e+059 -1.782639e+059 -2.608420e+059 -3.364184e+059 -3.921749e+059 -4.168288e+059 -4.023792e+059 -3.452132e+059 -2.443037e+059 1.312726e+056 
2.363280e+062 -3.783967e+058 -1.000623e+059 -1.770135e+059 -2.592085e+059 -3.337789e+059 -3.882595e+059 -4.134191e+059 -3.985341e+059 -3.422478e+059 -2.421680e+059 1.292610e+056 
2.363279e+062 -3.782470e+058 -1.002401e+059 -1.778032e+059 -2.606634e+059 -3.352578e+059 -3.910944e+059 -4.164746e+059 -4.017349e+059 -3.448525e+059 -2.443446e+059 1.307333e+056 
2.363263e+062 -3.718692e+058 -9.768382e+058 -1.758608e+059 -2.590807e+059 -3.308302e+059 -3.853606e+059 -4.119677e+059 -3.983411e+059 -3.404082e+059 -2.412307e+059 1.274103e+056 
2.363239e+062 -3.276718e+058 -9.222725e+058 -1.806104e+059 -2.642418e+059 -3.246534e+059 -3.806776e+059 -4.206376e+059 -4.065379e+059 -3.391263e+059 -2.405605e+059 1.256681e+056 
2.282672e+062 1.134527e+061 2.319673e+061 4.738101e+060 -2.408281e+060 2.832515e+061 3.980509e+061 1.145226e+061 -7.463317e+059 1.507193e+061 1.578455e+061 8.500949e+059 
2.084790e+062 3.532682e+061 7.309210e+061 2.832257e+061 8.744394e+060 8.862834e+061 1.300535e+062 7.394152e+061 3.300295e+061 5.383662e+061 5.597862e+061 9.861457e+060 
1.656303e+062 6.661341e+061 1.695695e+062 1.245149e+062 6.552766e+061 2.187660e+062 3.699870e+062 3.489036e+062 2.839056e+062 2.871138e+062 2.748783e+062 1.062727e+062 
1.545889e+062 8.498407e+061 1.583665e+062 1.196550e+062 1.558797e+062 3.172628e+062 4.305811e+062 4.596287e+062 4.551912e+062 4.727574e+062 4.371884e+062 2.004009e+062 
6.637921e+061 7.763512e+061 3.170249e+062 3.958006e+062 6.852123e+062 1.546705e+063 3.086855e+063 5.750488e+063 1.031653e+064 1.717872e+064 2.430142e+064 2.128750e+064 
1.191139e+062 8.147848e+061 2.555592e+062 2.281175e+062 2.281440e+062 4.984356e+062 8.409388e+062 1.068383e+063 1.275082e+063 1.535977e+063 1.565081e+063 9.244341e+062 
1.982060e+062 4.271831e+061 8.070402e+061 4.877735e+061 3.859622e+061 1.352371e+062 1.587710e+062 8.425389e+061 7.127540e+061 1.015803e+062 8.662975e+061 2.030710e+061 
2.329176e+062 2.661516e+060 5.931773e+060 1.936193e+060 -4.268960e+058 3.923557e+060 1.263938e+060 -4.978589e+060 -3.368390e+060 1.831900e+060 1.276011e+060 1.266338e+058 
2.238069e+062 -1.689174e+061 -1.698471e+061 -3.673397e+060 2.046530e+060 -8.479637e+060 -2.333230e+061 -2.768318e+061 -2.226145e+061 -1.842912e+061 -1.783576e+061 9.080567e+059 
2.227363e+062 -2.174264e+061 -2.733879e+061 -1.336512e+061 1.319921e+060 2.073495e+060 -8.543461e+060 -1.997924e+061 -2.661692e+061 -2.846548e+061 -2.421702e+061 1.796433e+060 
2.243693e+062 -1.971538e+061 -2.546113e+061 -1.171996e+061 7.141714e+060 1.652634e+061 1.349188e+061 3.232698e+060 -8.243661e+060 -1.618881e+061 -1.656948e+061 1.052024e+060 
2.296658e+062 -1.229349e+061 -1.897054e+061 -1.522459e+061 -6.590530e+060 -8.620795e+059 -8.969540e+059 -4.628172e+060 -9.034529e+060 -1.201639e+061 -1.154320e+061 5.010731e+059 
2.275268e+062 -1.653642e+061 -2.545497e+061 -1.916794e+061 -4.187179e+060 8.128822e+060 1.101790e+061 4.714551e+060 -5.986024e+060 -1.460831e+061 -1.561676e+061 8.209605e+059 
2.263628e+062 -1.887182e+061 -3.073892e+061 -2.796956e+061 -1.485482e+061 4.954244e+059 1.007785e+061 8.503627e+060 -2.417586e+060 -1.353497e+061 -1.589640e+061 8.554997e+059 
2.229923e+062 -2.435417e+061 -3.722839e+061 -2.950333e+061 -9.919418e+060 9.952241e+060 2.233634e+061 2.239043e+061 1.029293e+061 -5.926118e+060 -1.447651e+061 6.337378e+059 
2.300499e+062 -1.143108e+061 -1.704507e+061 -1.141385e+061 9.117634e+059 1.149809e+061 1.474585e+061 1.029723e+061 1.750884e+060 -5.935022e+060 -8.718961e+060 2.925188e+059 
2.323430e+062 -7.947729e+060 -1.307109e+061 -1.083857e+061 -2.799190e+060 5.700369e+060 9.759128e+060 7.692798e+060 1.336884e+060 -5.252440e+060 -7.880853e+060 1.641455e+059 
2.321878e+062 -8.712981e+060 -1.516873e+061 -1.399580e+061 -5.641696e+060 4.876629e+060 1.173056e+061 1.169959e+061 5.640915e+060 -2.201706e+060 -6.607927e+060 8.854343e+058 
2.330184e+062 -7.387176e+060 -1.351878e+061 -1.334650e+061 -6.120620e+060 4.340836e+060 1.224903e+061 1.354238e+061 8.322402e+060 5.895716e+059 -4.414307e+060 -5.147347e+057 
2.359561e+062 -9.826973e+059 -2.117328e+060 -2.935561e+060 -3.273187e+060 -3.287873e+060 -3.278322e+060 -3.421370e+060 -3.610605e+060 -3.509436e+060 -2.770137e+060 2.005250e+058 
2.361994e+062 -3.890241e+059 -8.851203e+059 -1.322342e+060 -1.615026e+060 -1.773775e+060 -1.864445e+060 -1.929674e+060 -1.939719e+060 -1.791296e+060 -1.367917e+060 4.743253e+057 
2.363058e+062 -9.473316e+058 -2.375687e+059 -4.012000e+059 -5.605754e+059 -6.956232e+059 -7.923050e+059 -8.343127e+059 -8.080975e+059 -6.997828e+059 -5.007156e+059 5.922001e+056 
2.363229e+062 -4.470692e+058 -1.162048e+059 -2.045235e+059 -2.961142e+059 -3.756208e+059 -4.346862e+059 -4.614870e+059 -4.469902e+059 -3.838133e+059 -2.730653e+059 1.665148e+056 
2.363273e+062 -3.897102e+058 -1.018225e+059 -1.799932e+059 -2.618394e+059 -3.356509e+059 -3.908013e+059 -4.162021e+059 -4.024534e+059 -3.461807e+059 -2.455915e+059 1.323215e+056 
2.363276e+062 -3.734573e+058 -9.885455e+058 -1.752538e+059 -2.563766e+059 -3.311248e+059 -3.846370e+059 -4.095702e+059 -3.962366e+059 -3.394468e+059 -2.409308e+059 1.269076e+056 
2.363280e+062 -3.835197e+058 -1.010232e+059 -1.788850e+059 -2.622054e+059 -3.372813e+059 -3.934093e+059 -4.184381e+059 -4.040561e+059 -3.470716e+059 -2.456587e+059 1.324377e+056 
2.363280e+062 -3.768287e+058 -9.984950e+058 -1.771408e+059 -2.592686e+059 -3.344106e+059 -3.902050e+059 -4.151326e+059 -4.015296e+059 -3.435251e+059 -2.435865e+059 1.299031e+056 
2.363281e+062 -3.772901e+058 -9.949910e+058 -1.764003e+059 -2.588976e+059 -3.329475e+059 -3.881252e+059 -4.123615e+059 -3.983175e+059 -3.419549e+059 -2.423362e+059 1.287610e+056 
2.363280e+062 -3.780447e+058 -9.938152e+058 -1.761319e+059 -2.578600e+059 -3.310226e+059 -3.861728e+059 -4.114769e+059 -3.977530e+059 -3.413260e+059 -2.418060e+059 1.280823e+056 
2.361546e+062 -2.881597e+059 -4.861248e+059 -3.642626e+059 -1.253764e+058 5.668480e+059 8.989703e+059 9.215645e+059 6.274116e+059 1.679868e+059 -1.139858e+059 3.875160e+055 
