2.363282e+062 -3.773930e+058 -9.921060e+058 -1.753295e+059 -2.566045e+059 -3.317790e+059 -3.873547e+059 -4.112892e+059 -3.979258e+059 -3.418672e+059 -2.418933e+059 1.279520e+056 
2.363285e+062 -3.824473e+058 -1.003755e+059 -1.777520e+059 -2.604745e+059 -3.356439e+059 -3.912259e+059 -4.161098e+059 -4.019363e+059 -3.448201e+059 -2.441169e+059 1.309406e+056 
2.363284e+062 -3.819006e+058 -9.993986e+058 -1.773819e+059 -2.592418e+059 -3.338728e+059 -3.893443e+059 -4.141852e+059 -4.003676e+059 -3.437117e+059 -2.432784e+059 1.299066e+056 
2.363287e+062 -3.825098e+058 -1.005166e+059 -1.779935e+059 -2.602129e+059 -3.353015e+059 -3.909282e+059 -4.159543e+059 -4.022264e+059 -3.451366e+059 -2.442999e+059 1.309682e+056 
2.363289e+062 -3.826157e+058 -1.003119e+059 -1.778770e+059 -2.601215e+059 -3.350623e+059 -3.906321e+059 -4.153135e+059 -4.015350e+059 -3.445194e+059 -2.439347e+059 1.306874e+056 
2.363288e+062 -3.812632e+058 -1.002658e+059 -1.777441e+059 -2.602454e+059 -3.348297e+059 -3.904050e+059 -4.152490e+059 -4.014530e+059 -3.446419e+059 -2.438155e+059 1.305581e+056 
2.363289e+062 -3.822389e+058 -1.002492e+059 -1.775602e+059 -2.597672e+059 -3.351954e+059 -3.906971e+059 -4.156918e+059 -4.020654e+059 -3.445673e+059 -2.438758e+059 1.306464e+056 
2.363287e+062 -3.823869e+058 -1.004021e+059 -1.780331e+059 -2.604493e+059 -3.357647e+059 -3.913605e+059 -4.162533e+059 -4.025612e+059 -3.452750e+059 -2.444314e+059 1.311137e+056 
2.363269e+062 -3.753723e+058 -9.888301e+058 -1.735888e+059 -2.590187e+059 -3.299886e+059 -3.902066e+059 -4.126405e+059 -4.002222e+059 -3.434214e+059 -2.421563e+059 1.282352e+056 
2.360924e+062 1.419421e+059 1.177981e+058 3.458224e+059 1.410620e+059 2.481569e+059 -9.276141e+058 1.503781e+059 -1.617040e+058 -1.716427e+059 8.829053e+058 2.004334e+055 
2.357366e+062 -1.130865e+059 -4.654241e+059 1.133576e+059 3.920444e+059 5.237508e+059 -4.087019e+059 -1.479299e+059 -1.980271e+059 -3.879379e+059 1.999671e+059 1.827743e+054 
2.331976e+062 -5.668704e+060 -1.196633e+061 -1.716346e+061 -2.281436e+061 -2.855182e+061 -3.344919e+061 -3.173591e+061 -2.429827e+061 -1.538301e+061 -6.761580e+060 8.358914e+059 
2.339304e+062 -5.040111e+060 -1.192380e+061 -1.875337e+061 -2.522747e+061 -3.051150e+061 -3.434045e+061 -3.314742e+061 -2.791719e+061 -2.055652e+061 -1.156042e+061 1.011433e+060 
2.340840e+062 -4.671162e+060 -1.084047e+061 -1.657668e+061 -2.289362e+061 -2.824606e+061 -3.312809e+061 -3.326309e+061 -2.877994e+061 -2.163167e+061 -1.243805e+061 9.290160e+059 
2.345023e+062 -4.351970e+060 -1.026654e+061 -1.615364e+061 -2.216649e+061 -2.721703e+061 -3.080916e+061 -3.084144e+061 -2.684205e+061 -2.016601e+061 -1.191418e+061 8.302316e+059 
2.347433e+062 -3.974982e+060 -1.008900e+061 -1.644243e+061 -2.231261e+061 -2.583545e+061 -2.752072e+061 -2.578024e+061 -2.153245e+061 -1.608069e+061 -9.322713e+060 6.751438e+059 
2.357573e+062 -1.122930e+060 -2.804311e+060 -4.300988e+060 -6.542715e+060 -7.703931e+060 -9.248451e+060 -9.627378e+060 -8.768807e+060 -7.404097e+060 -4.733547e+060 7.427912e+058 
2.360426e+062 -6.216799e+059 -1.297797e+060 -1.878482e+060 -2.546760e+060 -3.349755e+060 -4.231146e+060 -4.745569e+060 -4.543142e+060 -3.638416e+060 -2.281254e+060 1.604699e+058 
2.361292e+062 -2.523750e+059 -5.320550e+059 -9.502712e+059 -1.488486e+060 -1.734822e+060 -2.029326e+060 -2.259944e+060 -2.405066e+060 -2.067193e+060 -1.326808e+060 4.062788e+057 
2.362873e+062 -1.024580e+059 -2.391880e+059 -4.180374e+059 -6.326976e+059 -7.961464e+059 -8.948945e+059 -9.205392e+059 -8.838511e+059 -7.393510e+059 -4.881448e+059 6.936806e+056 
2.362960e+062 -1.319899e+059 -3.412785e+059 -5.977606e+059 -8.695863e+059 -1.110054e+060 -1.282715e+060 -1.349422e+060 -1.287730e+060 -1.086315e+060 -7.535991e+059 1.412085e+057 
2.363203e+062 -5.882609e+058 -1.540343e+059 -2.715655e+059 -3.958805e+059 -5.082088e+059 -5.905058e+059 -6.250785e+059 -6.004088e+059 -5.119953e+059 -3.593046e+059 2.986111e+056 
2.363258e+062 -4.416848e+058 -1.136946e+059 -2.048367e+059 -3.056167e+059 -3.930234e+059 -4.532110e+059 -4.798306e+059 -4.664615e+059 -4.020476e+059 -2.830865e+059 1.758624e+056 
2.362556e+062 5.039831e+057 1.038313e+059 4.184591e+058 -2.185895e+059 -3.632256e+059 -2.980750e+059 -2.022356e+059 -2.530502e+059 -3.191676e+059 -2.426008e+059 1.043100e+055 
2.357511e+062 -2.671917e+058 9.601579e+059 1.747025e+060 1.667090e+060 1.560706e+060 1.151641e+060 5.451572e+059 -3.052575e+059 -2.291996e+059 2.872483e+059 3.247261e+056 
2.356008e+062 2.901368e+059 1.321062e+060 1.799436e+060 1.398208e+060 1.459635e+060 1.321784e+060 1.558867e+060 8.309201e+059 1.972281e+058 1.788993e+059 1.776227e+057 
2.352705e+062 5.200086e+059 2.701213e+060 3.419292e+060 1.531184e+060 6.302963e+059 1.590629e+060 2.767848e+060 1.966061e+060 5.168302e+059 4.256710e+059 5.375002e+057 
2.358615e+062 1.158861e+059 9.546165e+059 1.117255e+060 4.188615e+059 3.670383e+059 1.288575e+060 1.698578e+060 6.650172e+059 -4.140267e+059 -3.352592e+059 2.653440e+056 
2.361590e+062 -3.912645e+058 1.768384e+059 3.540418e+059 2.961610e+059 1.130144e+059 3.072806e+058 8.200079e+058 -4.057371e+058 -2.576516e+059 -2.530126e+059 -1.009280e+055 
