2.355850e+062 -2.317808e+060 -5.980495e+060 -1.038377e+061 -1.478670e+061 -1.844628e+061 -2.073223e+061 -2.119033e+061 -1.959600e+061 -1.602998e+061 -1.078781e+061 3.783071e+059 
2.357271e+062 -1.945192e+060 -5.063643e+060 -8.883432e+060 -1.281575e+061 -1.622797e+061 -1.853534e+061 -1.927115e+061 -1.815284e+061 -1.512613e+061 -1.037240e+061 2.989539e+059 
2.355510e+062 -2.432873e+060 -6.315021e+060 -1.103305e+061 -1.584039e+061 -1.993596e+061 -2.261835e+061 -2.333138e+061 -2.177857e+061 -1.796112e+061 -1.217502e+061 4.470793e+059 
2.358511e+062 -1.501509e+060 -3.920651e+060 -6.901558e+060 -9.986488e+060 -1.268671e+061 -1.456125e+061 -1.522215e+061 -1.442044e+061 -1.209219e+061 -8.351456e+060 1.837927e+059 
2.357909e+062 -1.720084e+060 -4.481178e+060 -7.873181e+060 -1.137993e+061 -1.443970e+061 -1.653830e+061 -1.724562e+061 -1.630093e+061 -1.363229e+061 -9.386096e+060 2.375306e+059 
2.357727e+062 -1.733324e+060 -4.517947e+060 -7.936270e+060 -1.147362e+061 -1.455749e+061 -1.666690e+061 -1.737962e+061 -1.642265e+061 -1.373037e+061 -9.451006e+060 2.412895e+059 
2.356226e+062 -2.131140e+060 -5.551256e+060 -9.736037e+060 -1.403173e+061 -1.777272e+061 -2.030463e+061 -2.107779e+061 -1.979828e+061 -1.645990e+061 -1.125597e+061 3.580630e+059 
2.357301e+062 -1.688753e+060 -4.423849e+060 -7.719345e+060 -1.121235e+061 -1.427319e+061 -1.632829e+061 -1.707840e+061 -1.612874e+061 -1.345913e+061 -9.267973e+060 2.312748e+059 
2.355509e+062 -4.387672e+059 -1.376519e+060 -2.801046e+060 -4.233199e+060 -5.150846e+060 -6.158885e+060 -6.763088e+060 -6.367860e+060 -5.356831e+060 -3.698372e+060 3.090700e+058 
2.283308e+062 -9.065188e+060 -1.243628e+061 -9.183212e+060 -7.784960e+060 -3.973012e+060 4.264167e+060 5.622602e+060 -9.221001e+059 -9.475419e+060 -1.048900e+061 2.506244e+059 
2.286941e+062 -1.518922e+061 -2.780805e+061 -2.956823e+061 -2.286381e+061 -1.436584e+061 -1.128178e+061 -1.545305e+061 -2.236435e+061 -2.479958e+061 -1.931144e+061 1.518396e+060 
2.311314e+062 -9.986459e+060 -2.149433e+061 -2.949886e+061 -3.652823e+061 -3.967011e+061 -3.933342e+061 -3.823863e+061 -3.511124e+061 -2.971198e+061 -2.043669e+061 2.152242e+060 
2.209981e+062 -1.651438e+061 -2.117418e+061 -1.729896e+061 -1.908769e+061 -9.642060e+060 9.892411e+060 1.883827e+061 2.668173e+060 -1.964358e+061 -2.379810e+061 9.192610e+059 
2.214376e+062 -1.230128e+061 -1.845747e+061 -9.042876e+060 -1.019343e+061 -5.566143e+060 6.240704e+060 7.973741e+060 -1.275284e+060 -1.629219e+061 -1.902945e+061 6.508903e+059 
2.240178e+062 -9.868878e+060 -2.081328e+061 -1.573914e+061 -2.041509e+061 -1.869503e+061 -1.150353e+061 -1.809705e+061 -2.156849e+061 -1.863174e+061 -1.823948e+061 9.663051e+059 
2.086078e+062 -1.792354e+061 -3.864921e+061 -1.641031e+061 -1.059996e+061 2.429124e+061 3.349325e+061 -3.711817e+060 3.838509e+060 -9.167770e+060 -1.806102e+061 1.131454e+060 
2.272942e+062 -7.494249e+060 -1.937325e+061 -1.968122e+061 -3.006350e+061 -3.576202e+061 -2.907342e+061 -3.372606e+061 -2.943622e+061 -2.303238e+061 -1.790448e+061 1.431722e+060 
2.214251e+062 -1.748528e+061 -2.703037e+061 -1.489211e+061 -3.448624e+059 9.130915e+060 5.782189e+059 -2.343726e+061 -3.308916e+061 -2.825569e+061 -1.540370e+061 1.351278e+060 
2.071687e+062 -2.023317e+061 -3.687826e+061 -1.601600e+061 -2.592944e+060 2.606499e+061 4.141742e+061 8.159463e+060 -4.494348e+060 -1.834259e+060 4.197417e+059 3.340851e+059 
2.145199e+062 -9.509744e+060 -1.573488e+061 1.006729e+060 8.244318e+060 2.225379e+061 3.407680e+061 6.719724e+060 6.688770e+059 -8.193524e+059 -9.703877e+060 4.273961e+059 
2.238190e+062 -1.251755e+061 -1.737851e+061 -6.771123e+060 1.286209e+061 2.825074e+061 2.910448e+061 1.378194e+061 -2.939710e+060 -1.340380e+061 -1.367772e+061 7.865314e+059 
2.178463e+062 -2.087838e+061 -2.931517e+061 -1.051377e+061 1.875249e+061 3.916264e+061 4.134852e+061 1.993355e+061 -3.294880e+060 -1.724166e+061 -1.854950e+061 1.747696e+060 
2.165554e+062 -2.523086e+061 -3.441322e+061 -1.086623e+061 2.326364e+061 5.384735e+061 6.844824e+061 5.203921e+061 2.720683e+061 3.055482e+060 -1.027625e+061 1.665314e+060 
2.167566e+062 -2.602675e+061 -3.308705e+061 3.286288e+059 4.381853e+061 7.712756e+061 7.944341e+061 4.465259e+061 1.279035e+061 -7.682200e+060 -1.287273e+061 3.342760e+060 
2.314765e+062 -1.550540e+060 1.366641e+060 6.234869e+060 1.134046e+061 1.404520e+061 1.071155e+061 6.709616e+060 6.879863e+060 7.269820e+060 3.381374e+060 7.329316e+058 
2.353140e+062 -2.326631e+059 -5.713615e+058 5.681043e+059 1.060776e+060 1.320624e+060 8.686427e+059 -2.491257e+059 -5.213755e+059 -2.103012e+059 -3.162030e+059 2.371508e+056 
2.359240e+062 -1.428257e+059 -9.480541e+058 1.042084e+059 4.157570e+059 6.366889e+059 3.185908e+059 8.788616e+057 -4.828020e+059 -4.248175e+059 -3.640405e+059 1.548498e+056 
2.359045e+062 6.447825e+058 2.290485e+059 5.837791e+059 9.037383e+059 7.180512e+059 3.329936e+059 2.896977e+059 -1.614518e+059 -1.256797e+059 -7.076342e+058 6.818600e+055 
2.359772e+062 1.042660e+059 1.281175e+059 4.494776e+059 4.560358e+059 3.873683e+059 4.339438e+059 2.918352e+059 9.069042e+058 2.278838e+058 -2.726158e+058 9.126178e+055 
2.359540e+062 -1.398170e+059 -2.014655e+059 9.714298e+058 5.240117e+059 6.818492e+059 5.156505e+059 1.399080e+059 -4.225985e+059 -5.874641e+059 -4.337343e+059 2.831779e+056 
2.360568e+062 -1.107096e+058 -6.082261e+058 7.664620e+058 7.477520e+058 1.365229e+059 -1.808949e+059 -3.118538e+059 -3.182430e+059 -3.772851e+059 -3.210641e+059 -9.977006e+052 
