-231
-262
-264
-250
-273
-335
-395
-424
-401
-376
-364
-354
-362
-372
-402
-401
-357
-313
-293
-318
-340
-324
-260
-198
-181
-183
-167
-129
-69
-3
53
82
79
77
81
113
158
186
192
178
164
180
236
286
301
289
275
280
297
317
313
308
327
334
331
308
288
303
327
351
354
335
327
325
329
332
342
346
317
283
239
215
216
213
203
183
158
138
105
76
43
24
29
19
-5
-53
-110
-141
-166
-185
-209
-248
-278
-305
-316
-332
-362
-388
-414
-414
-411
-431
-438
-454
-457
-447
-426
-387
-388
-393
-392
-351
-273
-222
-195
-190
-173
-122
-80
-33
11
45
67
66
73
102
150
193
200
180
167
174
215
234
228
206
172
166
153
163
159
145
121
87
68
79
107
119
99
60
44
50
90
121
128
124
106
113
153
199
227
227
217
217
245
285
313
326
325
312
305
298
307
324
322
299
265
237
237
220
199
152
104
65
21
-7
-41
-61
-94
-156
-205
-243
-251
-260
-292
-338
-396
-411
-406
-397
-400
-427
-452
-460
-457
-432
-416
-407
-395
-394
-370
-341
-290
-263
-236
-217
-213
-187
-146
-101
-75
-63
-48
-29
2
36
55
67
73
72
85
103
134
155
145
135
111
114
129
139
154
151
150
133
133
146
167
183
172
151
135
150
161
172
162
144
133
136
165
189
191
171
157
164
181
205
216
216
217
207
196
199
219
231
211
170
144
141
157
157
126
89
43
7
-15
-33
-52
-100
-160
-214
-251
-274
-289
-335
-398
-458
-498
-501
-505
-524
-563
-599
-616
-606
-576
-556
-556
-564
-570
-552
-507
-461
-417
-390
-370
-347
-305
-246
-192
-146
-131
-118
-85
-42
12
38
45
49
55
80
116
144
157
140
127
133
149
169
173
177
173
166
163
165
189
231
252
244
220
219
231
252
268
278
278
264
261
262
277
291
297
294
280
269
264
250
258
263
254
254
237
221
213
201
188
177
174
168
158
139
115
99
89
78
61
49
22
-21
-52
-68
-75
-81
-104
-134
-169
-184
-189
-190
-183
-199
-227
-231
-224
-208
-191
-184
-170
-156
-136
-126
-108
-82
-55
-24
1
21
44
67
88
103
114
121
139
157
173
181
170
156
163
165
163
147
121
107
95
84
74
65
60
38
14
-2
-10
5
9
9
0
-4
9
17
24
35
36
44
56
67
82
83
88
98
118
133
121
116
111
108
110
100
89
79
72
61
38
30
17
1
-5
-29
-53
-75
-94
-96
-113
-121
-135
-161
-180
-212
-222
-220
-232
-239
-259
-272
-273
-276
-262
-251
-241
-244
-263
-259
-239
-207
-182
-179
-171
-166
-141
-108
-88
-72
-60
-46
-34
-19
-4
-1
14
24
20
22
11
11
17
16
0
-26
-35
-38
-43
-56
-85
-103
-117
-131
-138
-142
-155
-170
-181
-181
-170
-158
-142
-137
-131
-114
-94
-64
-34
-11
15
42
67
93
114
147
179
210
236
238
249
269
286
297
301
305
299
287
272
261
263
254
231
207
181
156
136
126
104
75
50
24
8
-12
-38
-67
-83
-94
-105
-119
-144
-155
-161
-160
-162
-162
-160
-166
-165
-159
-150
-137
-127
-120
-110
-99
-92
-84
-69
-48
-33
-29
-26
-21
-9
11
18
20
22
23
26
33
35
28
22
22
11
2
-7
-18
-24
-41
-52
-57
-68
-78
-88
-89
-92
-94
-92
-94
-91
-89
-86
-81
-68
-53
-41
-31
-15
7
33
55
64
81
103
133
162
172
183
198
213
231
243
243
242
239
235
233
234
227
215
206
185
168
160
143
122
95
69
49
32
14
-10
-25
-41
-60
-83
-94
-102
-111
-116
-124
-116
-117
-118
-117
-111
-92
-84
-80
-66
-52
-38
-23
-6
8
21
38
52
58
72
77
87
98
100
101
97
101
99
94
96
87
78
66
56
46
31
15
0
-14
-22
-44
-63
-72
-81
-84
-95
-102
-111
-117
-116
-123
-116
-103
-101
-100
-101
-96
-84
-66
-59
-53
-38
-27
-13
1
13
25
42
54
61
76
89
87
91
96
105
115
116
113
107
106
100
95
95
96
85
76
68
53
51
49
42
31
15
0
-12
-16
-14
-19
-27
-41
-44
-44
-51
-50
-47
-44
-48
-59
-63
-56
-51
-51
-49
-50
-57
-62
-66
-67
-65
-64
-70
-78
-81
-83
-81
-79
-91
-99
-101
-105
-104
-112
-118
-130
-136
-140
-151
-142
-143
-158
-168
-173
-168
-162
-160
-159
-162
-160
-156
-152
-142
-132
-125
-120
-119
-107
-95
-81
-70
-59
-44
-33
-20
-10
1
10
19
40
52
62
71
73
83
93
103
115
123
132
131
131
137
142
151
152
146
139
133
136
137
140
138
128
118
110
106
103
103
96
83
75
71
63
64
62
57
51
44
36
29
28
27
21
17
6
1
1
-7
-12
-18
-22
-25
-32
-41
-44
-44
-44
-49
-50
-54
-58
-58
-64
-61
-58
-61
-60
-59
-56
-55
-57
-58
-50
-41
-37
-34
-33
-31
-26
-23
-16
-6
0
-1
-1
5
11
19
26
30
33
38
40
44
46
46
53
53
57
61
63
60
57
57
61
63
65
65
60
60
60
62
64
64
64
60
54
49
47
49
49
45
37
32
29
28
33
33
26
15
10
7
7
7
5
0
-2
-5
-8
-7
-11
-12
-13
-17
-21
-21
-21
-23
-27
-28
-26
-27
-30
-36
-39
-36
-36
-37
-36
-37
-43
-47
-41
-40
-40
-44
-43
-36
-36
-41
-46
-49
-41
-31
-26
-32
-39
-39
-33
-19
-12
-21
-28
-29
-22
-9
-2
-4
-4
0
5
15
20
16
17
20
23
31
37
36
33
28
25
35
44
44
37
27
27
36
41
40
30
21
25
31
32
22
14
9
13
19
17
8
2
-3
3
7
4
-1
-9
-13
-11
-8
-6
-10
-16
-20
-19
-11
-6
-11
-23
-30
-25
-16
-9
-16
-31
-37
-27
-14
-13
-24
-38
-40
-26
-14
-18
-33
-43
-39
-24
-17
-24
-37
-40
-32
-25
-24
-32
-36
-30
-24
-25
-31
-31
-27
-20
-20
-25
-29
-20
-14
-15
-23
-24
-14
-3
-2
-15
-21
-13
4
13
4
-8
-7
13
27
19
-2
-9
17
46
45
15
-5
13
49
61
32
2
6
44
72
68
27
-9
6
64
94
48
-24
-23
78
160
105
-34
-90
-3
124
138
22
-87
-70
48
128
78
-46
-108
-25
118
162
52
-100
-123
-9
103
86
-34
-113
-75
28
69
4
-93
-121
-50
37
53
-10
-83
-93
-46
1
0
-39
-59
-45
-16
-6
-18
-37
-41
-26
-9
-3
2
8
-1
-21
-37
-21
9
22
4
-23
-24
0
24
19
-10
-30
-14
23
47
32
-1
-16
8
45
56
34
10
14
36
50
47
34
26
29
32
35
30
26
24
22
15
8
7
14
19
13
-2
-12
-5
8
12
-4
-21
-23
-7
5
-1
-19
-32
-28
-14
-7
-12
-24
-32
-28
-18
-13
-16
-23
-30
-32
-27
-19
-15
-20
-27
-33
-27
-16
-9
-17
-32
-38
-27
-9
-2
-16
-34
-39
-21
3
9
-8
-26
-28
-11
6
8
-3
-17
-18
-6
7
9
-5
-18
-15
4
20
19
5
-7
-6
9
21
26
20
8
5
14
31
37
28
18
20
33
44
43
33
27
37
48
58
51
28
31
31
42
47
42
30
24
33
37
34
20
9
6
14
16
10
2
-3
-7
-10
-13
-10
-9
-13
-24
-31
-27
-15
-8
-19
-36
-45
-36
-22
-20
-31
-47
-49
-35
-23
-27
-48
-58
-49
-29
-16
-22
-35
-36
-26
-17
-15
-20
-26
-24
-15
-12
-17
-23
-20
-13
-11
-12
-8
-8
-13
-16
-16
-9
-4
-3
-7
-12
-8
-2
0
-5
-5
-6
-6
-1
0
-2
-5
-3
2
9
12
16
20
20
23
29
30
34
39
40
38
35
39
41
41
40
39
41
42
43
39
35
34
32
31
33
33
25
17
17
18
18
9
2
-1
0
2
-2
-7
-11
-11
-10
-12
-18
-19
-22
-26
-31
-29
-26
-29
-31
-31
-29
-29
-29
-32
-31
-29
-25
-24
-25
-24
-25
-20
-16
-10
-9
-10
-14
-12
-6
0
1
-3
-3
1
3
4
4
4
7
9
14
14
14
6
3
7
15
20
19
19
19
17
17
19
24
24
26
28
30
30
30
32
32
34
36
36
37
37
32
28
31
35
37
38
36
34
31
30
29
26
27
25
22
21
17
13
8
5
2
5
6
7
3
-5
-14
-14
-10
-13
-19
-26
-29
-25
-28
-35
-41
-41
-33
-33
-38
-42
-42
-40
-39
-40
-41
-39
-34
-31
-31
-33
-31
-28
-24
-22
-21
-17
-13
-6
-4
-8
-11
-8
-1
7
6
2
1
2
5
6
3
3
10
14
13
14
12
10
11
14
18
19
19
18
16
13
13
13
14
17
16
17
16
14
16
16
13
14
13
15
15
14
10
1
-2
2
6
7
2
-4
-9
-7
-2
0
-4
-7
-5
-1
0
-4
-10
-14
-11
-6
-3
-6
-9
-14
-15
-13
-10
-13
-17
-18
-16
-16
-21
-26
-25
-23
-21
-19
-21
-22
-23
-26
-28
-31
-30
-27
-23
-24
-27
-27
-23
-18
-17
-17
-16
-11
-6
-4
-3
-4
-5
-5
-3
-1
2
4
3
3
2
4
5
5
6
6
10
11
10
7
3
5
7
12
12
12
12
11
11
12
15
17
19
19
20
18
17
16
18
16
14
18
18
15
15
14
14
16
14
13
13
11
9
7
5
6
8
9
7
8
10
9
9
8
8
11
11
11
8
5
6
9
9
9
7
6
6
5
4
4
6
9
6
6
6
2
-1
-1
0
0
0
0
1
1
-1
-1
2
3
6
7
7
9
11
10
7
6
7
9
12
9
6
2
2
6
6
5
1
0
0
1
1
-4
-5
-6
-5
-4
-7
-5
-4
-5
-6
-5
-4
-3
-2
-1
-1
1
1
-1
-2
-2
-3
-3
-1
2
2
0
-2
-1
1
-1
-2
-3
-2
-3
-5
-6
-6
-7
-8
-9
-7
-6
-7
-10
-14
-14
-13
-15
-13
-14
-15
-15
-15
-16
-18
-16
-12
-12
-12
-11
-12
-12
-13
-14
-14
-14
-15
-16
-13
-12
-12
-15
-14
-12
-11
-10
-7
-4
-4
-5
-6
-5
-4
-1
2
1
2
2
3
4
5
6
6
6
7
9
9
8
4
5
9
11
10
8
8
5
8
11
10
11
11
11
9
8
8
8
8
12
11
9
6
5
6
6
5
5
5
7
6
3
2
3
4
4
3
2
4
3
-2
-5
-6
-7
-5
-4
-8
-12
-13
-12
-10
-10
-11
-11
-11
-11
-9
-9
-8
-7
-7
-8
-8
-8
-9
-8
-9
-6
-6
-4
-5
-6
-7
-9
-4
-3
-1
-2
-3
-2
-3
-3
-3
-2
-3
-5
-3
-4
-5
-6
-6
-4
-3
-3
-1
-1
0
-1
-2
1
2
3
3
1
2
3
3
4
4
4
5
5
5
3
3
3
8
8
6
5
3
4
6
8
11
9
7
9
10
9
9
11
14
15
16
15
14
15
16
19
19
22
20
20
20
20
22
20
22
22
21
20
17
16
16
17
19
19
16
13
14
12
11
11
14
14
12
10
11
9
8
8
7
7
6
5
2
2
1
3
3
4
2
0
-3
-4
-5
-7
-7
-6
-6
-8
-11
-14
-15
-15
-15
-14
-13
-13
-13
-16
-16
-16
-15
-14
-12
-11
-12
-13
-15
-14
-12
-10
-9
-9
-7
-9
-7
-8
-9
-7
-9
-8
-7
-10
-10
-11
-12
-11
-8
-8
-8
-6
-8
-11
-8
-6
-4
-2
-4
-5
-5
-4
-6
-5
-6
-5
-1
-2
-4
-7
-8
-5
-3
-3
-4
-6
-6
-8
-6
-8
-9
-5
-7
-8
-9
-10
-10
-10
-12
-12
-11
-9
-8
-9
-10
-10
-12
-10
-8
-9
-11
-10
-10
-7
-7
-8
-7
-6
-8
-9
-10
-12
-10
-11
-12
-11
-10
-11
-11
-10
-9
-8
-8
-8
-7
-6
-5
-1
0
2
3
3
0
1
2
3
4
4
3
3
3
3
4
5
8
7
8
9
9
10
10
9
9
11
11
9
9
6
6
8
9
9
10
10
13
12
12
12
13
13
13
14
12
12
12
11
12
12
11
12
13
12
11
10
9
8
8
7
7
5
5
6
4
3
1
2
3
2
2
-1
-2
-1
-2
-4
-3
-1
-3
-6
-5
-5
-5
-4
-3
-2
-4
-3
-2
-1
1
0
3
3
3
2
-1
2
4
3
2
1
1
0
2
2
1
2
1
4
6
7
7
3
6
8
7
9
9
10
13
13
14
13
14
14
15
15
14
17
18
18
16
12
10
8
11
11
9
8
6
6
3
3
5
5
3
4
4
0
-2
3
2
1
2
1
0
-1
-3
-4
-4
-3
-3
-5
-4
-6
-8
-9
-12
-15
-17
-17
-18
-19
-18
-22
-20
-20
-18
-17
-20
-20
-20
-17
-12
-13
-13
-13
-14
-12
-12
-8
-7
-6
-6
-9
-8
-6
0
1
-1
0
0
1
0
-1
2
0
0
1
-1
-2
-4
-2
-2
-4
-5
-5
-3
-1
0
-2
1
2
3
3
1
2
3
8
7
8
7
4
3
3
3
2
2
2
1
0
0
-1
-2
0
1
0
-1
-1
-3
-4
-2
0
0
-1
-2
-2
2
1
5
7
5
2
-1
0
0
-1
0
0
-2
0
-2
-8
-9
-13
-11
-12
-8
-11
-16
-11
-9
-6
-8
-14
-10
-13
-12
-9
-8
-2
-6
-1
4
4
6
2
10
11
6
6
6
12
11
8
12
7
6
5
4
6
1
1
2
2
4
1
6
8
5
7
2
5
6
4
8
8
11
10
10
16
11
10
10
14
17
6
5
2
1
1
-5
1
-1
-2
-2
-7
-5
-11
-9
-14
-16
-13
-15
-7
-8
-7
-7
-9
-8
-10
-9
-5
-2
-2
-4
-7
0
1
1
-1
-5
-6
-15
-9
-8
-10
-13
-17
-10
-12
-13
-18
-21
-13
-20
-15
-10
-7
-5
-10
-1
0
-1
3
6
5
-1
0
7
11
14
18
21
19
13
12
7
7
7
5
7
5
4
13
20
21
12
10
8
7
12
4
6
9
9
19
16
20
15
5
13
11
17
19
17
26
19
25
31
27
27
20
25
26
17
15
11
19
20
15
22
12
12
5
-2
11
8
12
5
6
22
5
15
14
11
15
-2
17
13
5
20
14
19
-2
-9
10
1
11
-10
-13
-5
-19
-1
-17
-13
-9
-20
1
-18
-15
-26
-34
-4
-13
-16
-16
-16
-1
-17
-15
-11
-17
-5
-12
-2
8
-4
9
-3
0
5
-13
2
-10
2
4
-9
18
-1
-1
-11
-15
3
-17
5
-3
-9
-2
-21
6
-6
-18
-20
-32
-1
-11
-14
-9
-20
-4
-12
-9
-5
-28
-23
-28
-15
-3
-25
-10
-10
-7
-22
-44
-23
-30
-24
-21
-21
-7
-32
-20
-9
-23
-29
-39
-19
-20
-39
-17
-8
-7
-10
-20
-6
-16
-7
-2
-12
18
7
8
8
-2
11
-18
-2
-1
-18
-2
-4
8
-4
-9
16
6
-3
-2
9
22
-11
4
30
12
-6
-13
24
19
-3
6
9
33
2
1
18
8
19
3
20
25
21
19
-5
40
26
-1
0
4
19
1
10
17
10
6
13
15
4
-5
22
18
4
10
7
15
-4
14
29
-7
3
-6
29
24
-13
0
-17
10
12
-16
-11
-16
-6
2
-18
-10
-10
-26
-16
-15
-11
-16
-27
-8
-5
0
-17
-13
1
-5
-5
-22
0
-10
-21
24
9
3
-8
9
-1
-25
26
18
3
-8
7
32
-8
-2
13
13
17
-2
28
19
6
2
-12
38
8
3
18
-2
47
9
5
-11
1
54
-20
15
19
1
18
6
71
-7
-12
21
6
47
-4
38
24
10
52
-7
31
6
3
37
18
59
9
0
48
24
17
-3
21
43
27
21
40
20
1
5
54
65
-22
2
38
53
40
-15
26
12
7
2
6
68
-10
-29
9
23
0
-71
-13
33
-26
-57
-9
37
-11
-40
-7
-4
-48
-53
-16
26
-15
-72
-35
18
2
-53
-51
-7
-11
-44
-26
7
10
-50
-73
-5
7
-17
-48
-45
0
-34
-43
-34
-10
-7
-63
-39
-15
21
-42
-68
19
31
-2
-77
-33
2
-9
3
-51
2
-2
-20
9
-5
12
-42
-15
37
21
-2
-76
5
46
10
2
-29
26
8
-16
13
-17
-53
-48
32
29
-41
-16
41
24
-21
-3
-20
-17
-41
-17
19
-18
-14
-20
11
24
-17
-37
-5
9
-27
-36
-26
16
-3
-19
-33
-2
38
-28
12
-40
-21
27
-4
52
-11
-11
-46
2
68
-37
-19
-53
18
51
-50
1
-16
14
26
7
-3
-19
18
4
37
-2
-37
-8
15
61
-19
-50
-29
19
16
-31
40
3
-9
-9
32
10
-59
26
-10
9
4
-26
32
10
16
-28
-13
-26
-3
26
-7
11
-14
21
13
28
-18
-85
25
27
-24
-46
-32
60
38
-1
12
31
-11
-53
49
32
-47
-36
12
102
56
-60
-24
40
33
-33
-1
25
-11
6
14
58
11
-52
51
53
20
-14
-35
47
17
11
-10
13
92
15
34
31
19
20
-30
75
75
-30
-51
28
90
14
15
24
39
55
35
60
-7
-33
-12
12
21
9
14
-7
3
43
30
-7
-43
-18
48
47
39
13
39
36
-20
29
4
6
-5
16
103
41
14
-2
52
46
-14
31
26
43
-2
54
145
-15
-37
-4
38
17
-90
-6
47
43
43
-3
2
-24
-2
25
54
-5
-118
-46
47
49
5
-49
-31
29
27
-15
-63
-104
-115
12
69
24
-47
-43
56
72
3
-107
-85
-93
-28
90
21
2
-99
22
128
23
-82
-169
-63
18
96
-3
-49
7
-31
76
-30
-37
-76
-159
37
15
89
-11
-103
49
27
45
-92
-103
-22
22
50
-38
-15
-60
20
39
-65
2
-29
-10
40
12
20
-40
-103
37
72
-20
-75
-66
67
41
38
-62
-93
11
-48
18
17
-33
-13
-32
-20
27
-26
-81
28
34
-11
-55
-18
73
-10
-80
2
64
-42
-119
-16
45
-58
-83
8
33
-35
-131
-65
55
-2
-92
-78
35
29
-74
11
20
6
-75
-101
57
-16
-59
-25
18
28
-73
-15
26
18
-97
-103
62
7
-18
-48
-16
67
24
28
-9
-15
-44
-36
122
41
-64
-134
8
204
33
-54
-67
28
45
5
44
-12
43
-42
1
104
-9
-22
-57
136
137
-53
-17
-9
101
22
-27
39
56
94
34
84
37
-2
51
6
18
36
59
56
52
14
57
160
-21
-18
-22
29
142
27
18
29
78
66
-68
-15
92
11
-66
18
69
78
-42
-62
79
52
-90
-122
98
70
-42
-81
14
71
-49
-39
-12
59
-38
-84
21
-41
43
-55
-77
25
-42
5
-92
-22
25
-7
-26
-162
-21
-16
-12
-16
-73
68
28
-21
-61
-23
44
-76
-20
13
55
70
-36
68
98
-39
-51
-21
59
62
-62
-12
25
65
16
-52
22
-75
25
14
-10
100
-55
25
53
38
4
-108
-25
47
73
16
-9
28
54
89
-36
-67
6
79
18
-36
26
14
53
-20
-27
45
19
-18
-35
15
9
-4
-51
-21
52
-42
-75
4
55
-21
-67
-8
50
-22
-89
-42
46
40
-65
22
50
-67
-3
38
-20
-81
-95
22
15
-13
-31
7
-38
-35
59
-12
-7
-85
-115
44
23
-33
-142
-62
110
13
-10
-24
11
18
-34
7
40
32
-96
-16
120
20
-24
-46
94
60
-51
-47
-61
128
20
-19
-4
-20
49
-21
37
-31
0
-35
-69
74
1
29
-39
9
131
34
52
-74
-64
-27
9
12
-58
-18
-32
86
41
-48
15
-47
-75
-13
-11
10
-48
-107
19
27
0
-12
-77
1
31
31
-88
-103
97
40
-19
-76
-68
29
-14
1
-3
-40
2
41
133
-29
-101
-43
-44
92
-55
-35
-27
-1
164
4
34
-4
6
43
-60
83
-51
-4
89
38
79
-88
-40
31
80
45
-98
68
52
111
-3
-84
39
3
158
-3
-4
43
8
100
-2
43
2
42
85
13
86
-15
39
25
-31
7
-29
69
66
-8
-17
-49
90
81
-30
-67
-92
97
86
-8
-32
-152
18
47
-23
-25
-76
-27
-31
71
-27
-145
18
40
77
-24
-111
47
11
-34
-74
-84
-28
-43
7
-3
-56
1
-10
-35
-51
-32
-19
-51
41
-4
-23
0
-71
-11
9
-48
-39
3
6
78
28
-28
16
54
-56
-122
14
50
31
-12
57
117
17
-46
-41
-24
-65
19
123
120
6
16
76
4
31
-94
-26
30
3
94
99
74
-10
0
-76
-94
-31
-36
84
39
61
28
59
48
-104
-50
-61
40
42
12
113
62
28
2
-66
-117
-98
-36
85
150
65
-91
49
16
-53
-63
-208
11
60
64
74
-3
87
-53
-35
-36
-111
-46
-52
114
25
58
122
-94
-80
-98
-43
-68
-40
37
-42
48
5
90
-10
-103
31
-68
-23
-50
-61
117
24
-28
-39
77
61
-32
-4
-159
-12
18
14
42
-45
72
20
37
-93
-85
13
-75
-6
-116
114
173
-3
69
-71
-14
-53
-84
35
-44
-63
-37
196
164
-100
-109
-97
74
-104
-205
-20
67
135
-33
80
42
-62
-16
-108
8
-63
-67
8
104
149
1
-13
-44
-12
-43
-85
-60
-165
25
207
174
-30
-163
74
43
-23
-104
-124
83
48
108
103
44
11
-12
111
-31
-117
-76
86
191
-10
3
18
62
99
-66
-56
-3
98
32
-20
79
36
122
52
-67
18
-68
-41
78
14
-40
43
150
128
-27
-112
-66
70
67
-105
-132
21
175
124
7
10
-3
9
-23
-28
23
-79
-15
105
135
80
-147
-48
9
-47
-36
-115
26
9
69
133
-71
15
13
-8
26
-127
-83
36
122
55
-37
4
-38
63
6
-20
44
-121
32
80
8
-18
-76
73
37
-78
-74
-6
30
19
20
-58
-15
-75
-58
-20
-49
-3
-14
58
29
6
-66
-91
27
-28
-57
-177
21
132
-12
32
-79
-21
-33
-78
3
-57
-23
-8
-2
82
59
-16
-125
-30
71
-1
-110
-139
71
72
25
136
-8
39
-83
-74
89
-80
-15
-3
100
106
61
88
-40
4
-38
-21
-80
-45
80
-14
121
73
29
58
-92
-9
-21
-78
-33
-8
120
31
-1
63
48
39
-104
-64
-2
30
-14
23
82
-34
97
-54
-60
-41
-184
10
88
6
-54
18
105
-5
-120
-123
37
-4
-91
10
28
114
29
-15
55
-37
17
-70
-18
15
-88
75
34
103
47
-121
-17
92
46
-119
-52
-41
74
92
-72
8
-6
26
41
-24
-90
-72
86
5
5
20
44
91
19
-4
-35
-22
-82
-48
48
22
42
34
92
49
-59
-65
-89
-4
82
-60
-48
70
95
62
-81
-80
-17
30
-102
-106
89
135
93
-92
23
133
18
-86
-139
27
-42
-27
99
76
30
-119
71
103
-75
-158
-160
94
104
21
-84
52
156
-60
-31
-133
-114
5
-60
72
22
-14
-19
102
146
-99
-158
-87
31
105
-62
-72
31
79
67
-21
-124
-49
28
-72
29
25
-17
35
21
69
-4
-46
-45
-15
0
13
5
-67
76
67
6
41
-42
35
-33
-77
-3
17
28
-38
18
51
36
20
-91
-20
24
-22
7
-32
2
-6
34
11
-36
16
-39
-12
19
10
51
-37
-15
68
37
-42
-91
5
55
-32
-64
32
95
-21
-43
29
-40
6
-61
10
69
-76
17
36
43
15
-59
22
28
19
-33
3
41
12
19
-13
77
35
1
50
-3
2
-21
3
66
30
22
-19
12
66
4
-42
-42
24
39
-32
-42
76
64
-3
-60
-54
94
40
-63
-25
22
48
1
17
26
-2
-25
-54
66
12
-3
18
17
89
-12
-52
-32
-75
25
12
-10
1
4
69
-36
-19
17
-29
-21
-98
31
79
36
18
-62
71
40
-35
-78
-71
78
33
-11
-32
9
42
-7
35
-25
-30
-24
-53
71
-35
-35
32
13
52
-61
7
31
-52
-39
-36
10
-24
11
44
-38
41
-21
-16
16
-81
-42
-36
30
34
-21
-30
-28
145
23
-126
-61
-41
104
-77
-112
82
51
75
-4
31
-17
-172
-27
8
106
-54
-134
101
100
81
-147
-125
106
31
-35
6
67
-26
-6
33
-2
-8
-164
-58
153
40
-78
-92
22
132
-67
-89
23
25
-70
-65
100
20
-56
-103
74
99
-60
-41
-34
67
-129
-60
53
-29
-6
-90
86
8
-68
14
-56
-3
-62
41
79
-54
-33
-11
92
26
-78
-22
24
67
-59
-7
21
-73
28
4
-9
-24
-89
3
-19
-25
-6
52
68
-46
16
-30
13
6
-31
54
-48
-7
-5
63
31
-113
14
-63
16
32
-143
30
2
35
56
-66
-14
-30
4
-72
-39
73
39
72
-35
-1
24
-57
-23
7
47
-3
-1
83
73
11
-111
-71
99
-38
-79
-46
51
128
89
22
-28
59
-4
32
38
-13
47
54
145
64
68
-19
-16
93
-64
-15
4
36
55
36
71
-5
-8
1
-23
34
-14
35
24
-67
83
90
53
-60
-71
62
25
56
16
-17
10
-65
85
65
-48
-11
16
122
-18
-104
-53
26
117
39
32
-17
-17
140
40
-60
-115
-70
87
120
38
-28
-6
-21
55
68
-121
-150
-35
106
57
-12
-43
13
117
-37
-8
2
-71
-10
66
114
-2
-52
-11
75
61
-78
-82
-9
33
-2
22
-11
12
13
10
-6
-89
15
-10
12
28
46
63
-16
29
24
36
34
-20
-14
60
65
13
5
-17
17
-4
-13
-70
-39
35
-60
-9
-34
-16
11
-16
-25
-101
-3
-49
-15
41
-52
-58
-73
-1
66
-80
-134
-73
14
15
-62
-135
-72
11
35
-30
-119
-112
-45
45
-75
-100
-97
-113
1
-8
-43
-73
-57
-8
25
6
-123
-25
-39
-45
21
-51
-16
16
-3
-68
-29
32
-36
-27
35
28
54
-29
-54
57
-20
-7
-22
-34
-4
7
14
-42
47
-64
14
60
16
69
-73
6
23
-18
-9
-104
-4
6
19
53
-7
82
-37
-30
52
-54
33
31
10
8
21
53
6
58
0
10
83
-55
22
54
63
36
-22
77
-1
31
-48
-84
80
28
44
39
-12
95
116
37
-62
-37
49
39
-50
2
101
119
2
-57
73
49
-50
-29
57
57
27
65
144
58
-41
10
65
25
-72
-74
78
70
-22
3
16
57
61
57
45
19
-54
35
138
22
-71
-84
133
176
-66
-74
-12
109
47
-42
39
22
-26
15
108
79
-106
-77
82
65
4
-88
-7
53
-22
-34
-10
22
-14
-50
32
41
-4
-83
-49
41
-4
-4
-40
7
34
-43
9
-2
-54
-114
-22
10
-44
6
-96
-11
5
15
-76
-144
-18
8
55
-184
-81
82
-29
-28
-121
-12
42
-61
28
20
4
-91
-77
62
-18
-74
-91
41
126
-47
-49
-12
36
-4
-182
10
58
71
-64
-17
139
-73
45
31
-8
6
-139
73
109
-66
-135
-33
161
36
-35
-46
22
83
-85
-38
63
-6
-39
19
140
69
-101
-60
92
58
-148
-118
98
74
35
-38
-9
61
-86
8
7
-10
-44
-34
144
42
-2
-85
-12
131
2
-29
-17
42
66
50
19
-60
14
21
106
52
-94
-41
27
82
-13
-62
32
48
52
-8
-5
-19
-69
25
32
70
12
-57
31
50
26
-81
-133
-10
21
-8
-45
-5
16
-47
14
19
-55
-85
-73
61
43
-32
-52
10
20
-88
-23
4
-39
5
15
9
33
-19
-13
-72
-60
60
26
-29
-59
47
111
-6
-87
-62
26
-17
-45
7
79
-34
-49
38
71
26
-122
3
81
69
-4
-53
45
-13
2
15
5
34
-77
18
71
-26
-38
-49
79
88
-24
9
5
59
-32
-58
39
-67
-63
6
138
90
-58
22
30
31
-56
-94
-5
14
46
66
64
-34
-7
6
76
-4
-79
-14
35
120
-30
-53
-10
9
21
-109
-13
53
31
62
41
21
-49
23
51
57
22
-10
58
82
36
57
-19
-42
6
27
35
-9
-6
34
86
35
-49
-1
26
-36
-13
27
50
5
-21
64
115
3
-106
-58
64
-2
-61
-24
40
57
-3
-33
-25
-18
-48
-43
13
-10
-65
-65
24
28
-65
-68
-18
81
-18
-39
-7
-49
-70
-63
39
1
-24
20
25
59
-42
-92
-29
-70
-19
-22
27
42
-38
11
-6
-13
-16
-104
-51
23
18
-24
-80
1
-2
10
-35
-94
6
-7
41
-25
-78
67
31
-4
-73
-12
68
-59
12
27
21
-22
-84
45
16
-44
-87
-8
80
-60
-6
-26
62
92
-102
0
19
117
-10
-81
88
43
67
-55
2
73
-56
27
10
25
-36
-30
94
47
-3
-60
60
89
-32
-54
-6
72
44
-66
16
48
62
21
-27
77
-31
-22
-6
0
75
-97
-46
26
54
-20
-148
0
40
-1
8
45
107
-13
-49
76
70
11
-114
18
72
11
53
-54
37
24
-68
14
-42
3
-26
-17
40
-7
57
34
-30
39
-19
-5
41
-38
-26
29
70
-16
-5
55
33
-4
-41
-12
19
-71
-100
19
59
6
-44
-6
30
-21
29
-67
-21
18
-5
116
1
-33
-36
7
81
-28
-69
-74
-7
58
-5
8
-12
-28
22
2
-36
-54
-74
27
48
8
-9
-41
28
14
4
-58
-83
33
16
22
1
-45
47
28
-34
-58
-25
-7
-32
7
15
3
14
-13
17
-13
-83
14
25
-9
-10
-56
44
42
25
-36
-67
40
-50
-8
-76
-60
99
-34
-28
25
54
17
-59
-8
-29
-5
-8
18
74
-41
-26
80
37
-40
-70
13
20
-25
-51
-28
104
-8
13
64
-17
-32
-61
41
13
-27
-18
23
109
-54
-15
16
22
-13
-55
54
-12
49
27
21
115
7
27
5
-18
-9
-9
73
-7
-5
3
26
63
-17
-42
24
22
-19
16
-9
12
5
-44
29
40
-3
-32
38
79
16
-1
-4
106
86
-80
-33
78
102
9
-68
3
68
-12
-71
-34
23
-13
-23
27
-19
-21
-42
-23
104
-7
5
-2
-22
49
-28
-1
-17
-29
27
35
29
-51
-55
-4
-37
18
-32
-33
22
-8
50
25
-17
-50
-61
12
-16
13
-54
-81
35
9
5
-66
-91
3
38
17
-53
-53
3
7
4
-6
-59
-62
-19
72
27
-33
-15
1
68
-17
-75
-11
-14
7
-22
38
-11
-43
-35
-45
43
-49
-57
14
49
21
6
44
38
14
2
16
100
17
-27
7
21
11
31
36
11
-28
12
29
24
-56
-61
74
-5
38
20
26
48
-41
26
-21
-16
-54
-59
128
23
3
-29
18
84
-51
-60
13
57
0
-51
3
31
11
-67
-96
42
16
-38
-18
-26
43
1
-3
20
26
53
-35
21
9
26
-50
-83
27
48
17
-48
-4
33
53
-13
-65
13
-3
59
25
-30
24
52
64
-41
-29
41
23
-48
-52
10
69
-68
-57
11
13
6
-94
49
50
-30
-52
-39
116
-15
-85
-64
50
145
-33
-69
-43
63
95
-61
-21
-30
34
92
-67
-59
3
12
10
-56
-38
9
-20
-17
-32
30
-12
-77
50
-17
33
0
-36
105
16
11
-70
28
42
-15
9
-105
99
36
5
45
-53
33
-4
46
-35
-18
3
1
97
-26
7
4
-10
32
-14
-3
-7
47
22
-10
53
47
42
19
-6
45
1
-50
-9
22
13
-44
-3
58
15
24
-21
17
52
-17
13
-12
26
47
-15
44
-7
16
-26
-43
24
-85
-48
-25
9
5
-64
24
64
39
-66
-42
63
-28
-14
-29
-40
52
-18
-49
29
-12
-49
-37
28
20
0
-57
-99
91
31
-80
-60
-19
52
-30
-129
-96
17
-24
-108
-17
-6
11
7
-76
26
36
-35
-34
-26
21
24
24
-44
-65
-6
-65
-15
-30
-93
25
37
-14
22
2
-47
-5
-21
-11
5
-1
-41
-10
-6
-97
-36
47
-1
-27
-5
33
69
13
-62
-1
70
18
-39
6
14
40
16
-52
-13
-38
-14
26
43
25
-4
65
72
-10
-15
-18
31
8
-45
16
28
-11
-44
-20
26
-19
-11
5
116
30
-27
62
29
13
-46
20
66
15
-29
-70
68
-18
-120
4
18
97
34
6
81
46
42
-31
-11
6
-41
83
27
-11
-45
2
80
-52
-85
-79
46
105
3
22
22
79
56
-10
55
-21
-25
10
19
49
-25
-42
-12
42
35
-57
14
-22
51
22
-55
39
2
83
-56
-21
36
-52
19
-116
53
66
-23
24
-40
88
20
-22
3
34
48
-33
-22
-15
-19
-42
-12
-25
25
3
-1
36
-55
13
19
52
22
-56
57
11
72
-13
-51
62
-29
65
1
-24
1
-43
86
-53
-20
17
15
98
-18
-17
-24
25
23
-42
8
-52
44
42
-39
-14
-50
19
4
-10
-35
-2
66
-6
-36
12
44
62
-7
-47
-12
35
-11
-23
23
-22
-13
12
-6
17
-84
-62
44
38
-23
-77
47
50
-27
-44
-57
58
3
-75
-53
4
54
-9
-35
-39
26
22
-1
-60
-39
9
-6
31
-44
-10
16
23
16
-72
31
-47
-1
21
-24
65
-34
-16
10
12
-48
-110
35
8
-27
-50
-47
70
10
-72
-24
21
10
13
15
-10
-3
31
9
22
-34
-76
13
43
-23
-70
-38
28
25
-91
-59
26
24
-15
-27
28
-16
4
-12
0
16
-106
1
48
33
-23
-43
17
10
-2
-56
-4
46
11
2
-18
-22
45
26
27
1
-14
48
-3
-30
-51
-31
35
-3
50
-9
14
41
-16
43
-23
-26
33
13
35
15
39
25
-18
-16
-33
15
-3
12
40
-10
27
5
20
22
-67
-24
28
4
-58
-48
3
10
6
-48
21
74
-68
-37
33
21
-23
-23
41
63
57
-92
-47
62
-76
-51
-39
35
71
-90
-65
8
80
-60
-87
84
76
51
-61
-17
116
0
-69
-21
81
54
-36
-6
48
38
-35
-61
68
93
-19
7
85
83
25
-54
-24
19
-25
31
21
78
4
-11
63
-17
21
-28
9
123
-3
44
-17
-6
56
-68
57
-10
29
73
3
77
-82
-16
20
-27
93
-12
36
22
-14
66
-45
-47
-39
4
38
-38
4
17
34
37
-70
-6
48
21
25
-58
6
12
-12
-25
-40
60
-26
3
35
1
-1
-76
-36
49
23
-7
-6
89
66
-61
-35
-11
66
6
-89
71
53
-16
-54
-35
27
-29
3
9
74
30
-68
14
31
3
-7
12
22
27
2
23
-26
-26
-29
-21
23
-86
-10
-5
-15
-14
-97
-10
-9
-12
-34
-68
27
-15
-51
-57
-14
46
-25
-78
-11
13
2
-92
-86
16
-3
-30
-116
14
33
-60
-50
-63
69
-10
-88
6
23
52
-64
6
64
8
6
-88
19
-11
-65
19
-5
38
-2
15
32
-54
29
-18
66
20
-57
70
9
67
-16
-22
19
-11
64
-36
21
19
-18
66
-43
-18
11
5
44
-28
19
2
11
43
-36
28
-24
-20
57
-6
9
-62
-23
31
44
44
-69
10
32
9
-20
-67
1
34
19
-44
-22
37
36
-36
-71
-13
44
9
-51
8
64
38
-56
-42
30
21
-31
-21
34
20
-26
-62
-37
23
-54
-68
2
26
19
-36
-37
58
59
-14
-35
31
85
11
-45
-70
25
42
-51
-43
39
50
35
-10
-43
41
26
-20
31
35
52
12
3
-26
-33
1
-84
-3
18
11
46
-14
40
11
-4
13
-45
66
33
-4
30
-26
65
-15
-22
22
-75
62
-21
-11
54
-41
74
-2
30
10
-29
102
-50
2
17
-33
60
-53
-40
2
-5
-8
-36
50
-46
-42
32
-26
87
-7
-48
28
10
11
-33
27
-1
22
17
-28
34
-6
-24
14
82
7
-27
30
27
83
-68
-75
55
72
4
-52
61
68
26
-46
-47
63
33
-56
8
84
46
-19
-69
-10
5
-23
-18
-16
71
-40
-15
6
-23
42
-46
10
22
19
84
-9
-43
-41
-14
32
-76
-63
27
73
39
-128
-39
66
10
-37
-83
31
42
-1
-41
-3
37
-80
-21
35
23
-28
-58
19
55
32
-81
-20
57
25
-1
-36
7
11
13
18
-25
-3
-38
-4
82
-11
-13
-3
45
91
-79
-69
15
45
63
-95
-12
50
31
-15
-132
5
-10
-15
33
-26
87
2
-17
39
-32
-7
-48
24
61
-23
-3
-50
6
5
-93
11
7
20
32
-21
30
-13
6
-37
-51
23
-35
28
-3
-37
-26
-42
-2
-29
-38
-46
23
71
24
-18
-49
24
15
-22
-27
-20
23
25
4
-45
10
-46
-40
16
-6
22
-2
33
11
8
-3
-48
33
22
-41
0
-20
5
32
-39
-65
-28
27
27
-8
10
14
83
21
-26
21
-6
14
-2
-12
-8
11
9
15
2
-50
-27
61
2
-39
10
40
74
25
-31
25
43
-30
-59
35
20
-34
-11
-2
18
-17
-100
-25
43
-19
-19
-5
63
-4
-20
-2
-45
65
-50
-45
8
-30
40
-49
5
-33
-21
68
-36
-1
-14
-18
17
-29
-19
-15
23
23
-38
8
3
-51
-3
-31
-12
26
-11
-13
0
-3
-7
19
1
-20
-3
3
-9
15
8
1
43
-6
23
10
-20
-3
44
32
-5
1
-51
55
44
-18
-3
-33
55
15
26
-9
-11
65
-27
43
0
20
48
11
57
-20
-16
23
39
25
23
24
19
55
10
34
53
-13
4
89
92
-58
-34
41
64
56
-82
8
142
50
-78
-62
102
27
-70
-67
28
136
-20
-59
33
84
-13
-110
17
57
10
-48
-14
83
9
-40
-36
65
31
-64
1
24
59
-47
-77
4
20
46
-55
9
47
-29
38
-9
4
-12
-31
46
55
33
-47
-17
56
-13
-61
-40
-42
34
-16
-116
-2
-14
-7
-12
-40
3
-26
5
-34
23
19
-100
34
45
-17
11
-64
10
37
-52
-58
-64
9
-43
-41
-20
-97
18
-35
-83
-46
-68
-6
-15
-17
-51
-6
-6
-38
24
-32
-41
-27
1
19
-31
-59
-55
7
13
-64
-49
-2
41
-15
-36
-25
27
40
-54
-12
7
41
12
-57
10
-39
11
0
-52
-3
-25
33
-10
2
-7
-23
19
-10
28
17
-8
44
69
42
-15
-28
11
23
3
-34
-11
46
11
13
-24
-4
17
-2
25
-16
-10
-2
3
-24
-33
1
-4
28
-3
8
31
26
-9
-4
77
29
34
38
49
67
20
-10
-13
36
-24
-48
89
61
10
4
-2
145
46
-52
-33
2
100
-48
5
-17
21
90
-60
12
-22
46
7
-58
81
25
62
11
24
81
29
-26
-43
66
61
-3
-61
2
51
5
-78
-113
94
85
-20
-39
-22
84
1
-72
-90
14
64
-64
-54
-12
9
1
-51
-39
39
29
-30
-19
11
39
-25
-19
-9
-16
6
-69
-4
7
-32
-36
-46
15
-10
-30
-12
7
18
-11
-37
-16
-6
-41
-19
7
-14
-31
-13
16
4
16
-8
8
45
0
14
53
20
-25
35
30
-1
0
-35
15
28
-34
-16
49
68
-31
18
50
55
62
-64
17
52
12
-33
-12
41
-8
12
-5
-17
22
11
-7
15
12
7
31
2
16
-7
15
-1
2
63
-11
22
-41
-29
15
-1
-4
-52
46
40
-3
-27
-23
4
35
-6
-50
25
42
6
-50
-27
6
-1
-25
-52
39
33
4
-2
19
17
1
8
-47
25
-14
-31
-13
-10
34
-40
-26
-39
2
51
-57
-3
-16
17
67
-47
-23
5
42
-23
-68
10
3
37
-17
-28
43
2
-11
-27
15
34
-9
1
-21
-18
10
-32
-55
-11
8
7
-30
-37
-13
41
30
-93
-4
51
6
-28
-20
43
29
-6
-101
11
75
-83
-49
9
50
-1
-43
-40
11
40
-91
2
79
-3
-23
-24
20
41
-25
-77
18
67
-3
-41
-2
7
49
26
-72
