133
-298
-134
19
361
-7
-325
-142
112
298
-49
-249
-171
195
251
-104
-286
-21
303
122
-305
-196
180
237
-27
-274
-146
244
102
-125
-117
20
44
-90
-9
157
46
-316
-117
291
359
-312
-434
231
242
134
-285
-148
81
111
147
-244
-8
76
-9
-43
-71
127
47
-83
-92
-44
184
54
39
-153
-127
61
133
171
-185
-101
-126
209
194
-88
-245
-127
340
144
-191
-163
27
223
44
-65
-134
100
129
-96
-9
46
233
-203
-73
58
129
162
-248
55
-10
12
228
-187
16
-38
173
131
-368
239
221
-115
-330
197
462
-159
-491
-61
531
191
-315
-342
98
320
155
-145
-275
-74
364
117
-54
-243
-179
255
192
143
-325
-227
164
221
159
-295
-63
92
89
24
-137
98
-26
207
-148
-300
265
150
141
-345
-18
90
80
232
-183
-91
-141
369
-21
-69
-170
84
213
-188
104
-144
102
-26
27
10
-116
61
51
76
-174
-90
215
141
-156
-306
190
97
-3
40
-167
-182
-6
375
-76
-167
-49
-6
-146
188
249
-237
-86
-206
285
58
-92
-46
-121
191
-45
-226
-15
163
109
-81
-321
64
141
143
-105
-204
-5
-114
293
89
-285
-296
233
353
-118
-326
-67
287
115
-29
-224
-123
81
301
59
-437
-103
148
275
46
-341
-68
-35
400
62
-192
-115
-157
288
81
126
-331
-192
248
127
39
-222
-94
121
255
-26
-321
-78
276
286
-167
-307
-94
265
325
-187
-250
-131
268
346
-189
-437
-35
590
271
-638
-219
246
362
-20
-259
-30
-173
255
63
102
-194
-122
25
-33
423
-110
-265
-153
140
392
-184
-223
17
149
168
-175
-19
12
99
306
-186
-243
-86
383
292
-339
-243
-35
292
147
-123
-342
-207
424
305
-310
-454
27
471
166
-260
-254
7
258
103
-93
-168
100
59
-53
-35
-16
220
-229
-27
147
-27
-92
-67
167
-1
-217
158
48
-103
84
-293
222
113
11
-106
-349
293
65
134
-101
-364
109
177
183
-248
-178
33
121
35
-126
136
-212
26
54
73
157
-272
43
-67
109
79
10
104
-343
-13
190
88
-94
-41
-40
-146
-72
281
183
-341
-164
-7
283
58
-65
-149
-183
258
50
56
-26
-125
-2
99
140
-11
-76
-39
53
40
26
-87
-4
190
-100
-50
-95
166
112
-110
19
-245
205
106
76
-120
-297
287
133
47
-187
-95
178
147
-10
-314
191
266
-28
-305
-8
311
137
-75
-303
55
122
242
-16
-114
-101
-99
104
312
157
-455
-251
227
447
13
-413
-145
190
360
-15
-339
-85
246
283
-226
-157
111
137
135
-275
-18
125
227
-5
-293
-78
148
349
-109
-313
-98
249
219
-82
-295
43
134
-7
92
-124
-14
-77
99
78
-143
89
-201
196
-16
-281
172
64
172
-373
-74
258
-28
-32
-105
115
-130
-97
258
-127
-255
179
91
182
-409
-124
240
18
256
-323
-117
-53
159
211
-191
-195
42
103
25
-164
-29
127
-95
17
-50
-13
61
-113
-22
36
22
269
-379
-261
238
326
-122
-237
88
25
-33
-158
160
49
92
-168
-445
133
405
215
-439
-292
181
63
252
-156
-71
-28
-182
256
-32
111
-218
-140
164
195
130
-501
-126
388
318
-188
-440
-28
379
268
-193
-387
-165
600
281
-490
-431
98
733
-14
-434
-361
147
579
25
-294
-349
201
331
76
-239
-284
43
394
207
-394
-522
120
812
86
-436
-724
226
778
170
-390
-743
337
529
217
-593
-246
425
269
-20
-487
-22
229
435
-41
-612
-184
432
520
-300
-538
90
237
281
-170
-256
-139
323
245
-238
-326
-2
505
-101
-294
-128
227
164
-2
-216
-178
257
257
21
-332
7
103
230
-20
-156
15
32
168
-229
72
50
129
-116
-93
186
-104
28
-23
125
-19
0
1
-35
-45
154
70
-156
171
-139
-14
34
-38
228
-31
-48
-220
-5
226
151
-6
-260
-121
201
83
-49
7
-83
76
-176
85
148
-36
-145
-82
197
-56
-44
-70
139
22
-147
97
6
-30
190
-186
-96
131
191
73
-354
54
10
256
158
-198
-198
-76
360
238
-209
-280
157
180
-25
-254
-4
350
-75
-182
-162
36
263
13
83
-325
-63
262
164
55
-301
-33
132
260
88
-410
33
234
99
-122
-142
241
-98
3
-198
113
202
18
-79
-389
101
279
236
-287
-281
-13
117
253
16
-306
-217
250
132
-154
-162
133
81
-159
-88
-35
136
102
-221
-159
40
253
-49
-153
-74
-55
202
15
-89
-236
52
224
-83
-151
-45
8
11
18
-44
-196
38
179
-75
-153
-117
117
46
-64
-74
-18
92
-29
-71
-75
95
225
-121
-194
-74
163
219
-75
-153
-182
203
129
-132
-36
-12
-4
12
28
-79
-108
125
114
-86
-169
-48
138
78
-2
-147
-69
35
50
41
-68
-70
2
-2
12
36
-66
0
78
-17
-114
-6
151
46
-98
-158
-25
229
128
-114
-306
-34
282
109
-149
-245
-5
122
116
-93
-235
69
141
-30
-139
-56
124
32
12
-67
-93
106
168
-35
-152
53
122
107
-46
-89
73
121
81
-49
-84
80
135
30
-91
-14
125
10
27
-52
-16
106
27
-51
-93
90
101
-51
-145
-31
92
124
-48
-205
-11
147
82
-123
-111
33
111
-7
-87
-39
53
55
-63
-29
5
64
23
-94
-69
24
98
17
-107
-106
22
98
19
-43
-65
-8
63
55
10
-9
27
36
68
66
11
26
64
33
58
39
24
77
40
39
38
50
124
25
-33
34
102
133
-15
-45
40
64
78
31
38
-26
29
59
37
39
25
28
-6
10
39
30
19
21
5
-17
-14
37
34
1
-80
-54
4
11
-76
-110
-68
-25
-42
-124
-84
-90
-60
-30
-82
-89
-50
-31
-74
-23
16
-3
-6
-39
28
48
62
110
58
32
98
139
119
104
93
99
131
116
79
90
101
66
64
53
40
42
23
-36
-30
18
28
-32
-103
-65
4
25
-35
-84
-67
-1
23
-23
-52
-6
61
17
-28
-18
35
83
42
-39
-45
3
34
-21
-98
-101
-123
-114
-151
-194
-198
-220
-254
-272
-278
-250
-196
-253
-281
-237
-162
-111
-110
-110
-84
18
82
62
81
105
202
210
180
192
192
221
211
166
150
192
127
58
39
37
36
8
-47
-100
-108
-81
-91
-113
-132
-120
-131
-126
-84
-88
-72
-53
-26
-22
1
-13
28
69
53
72
45
55
93
78
80
62
33
66
72
23
-24
9
37
-6
-46
-67
-70
-41
-31
-86
-131
-89
-49
-93
-120
-95
-57
-57
-75
-87
-85
-35
9
-24
-100
-78
7
26
-29
-48
-26
-20
6
-16
-12
12
-14
-16
-21
4
17
5
4
4
21
21
21
25
43
45
40
37
54
47
38
80
57
42
40
52
77
43
19
41
56
62
32
0
21
53
60
30
12
6
55
69
16
18
42
64
41
21
23
53
62
40
25
29
38
74
39
2
37
51
48
9
10
18
25
23
3
2
-15
1
10
7
11
-1
-7
3
19
7
14
35
17
6
13
43
60
26
22
36
36
60
49
31
57
65
30
29
47
42
32
13
18
22
13
7
-9
-12
-3
-5
-22
-17
-13
-25
-10
-5
-14
-6
1
2
-1
11
31
17
14
18
26
31
42
56
34
26
26
49
57
42
27
27
18
20
30
7
0
-1
8
-10
-19
-9
-9
-8
-19
-27
-20
-20
-11
-15
-25
-18
-4
-7
-18
-3
8
5
1
3
8
9
21
12
2
18
22
15
7
9
12
25
3
-15
-4
7
10
-11
-23
-26
0
1
-29
-23
-33
-22
-12
-36
-22
-15
-25
-33
-40
-20
-21
-31
-35
-31
-31
-32
-20
-33
-39
-30
-28
-26
-23
-28
-32
-22
-22
-30
-25
-18
-13
-26
-34
-22
-19
-5
-11
-29
-32
-11
-10
-21
-20
-21
-13
-16
-22
-24
-15
-5
-8
-20
-22
-17
-5
2
-12
-16
-16
-8
-9
-8
-4
-14
-15
-11
-15
-18
-15
-6
-5
-29
-26
-9
-18
-13
-23
-34
-29
-10
-16
-45
-33
-22
-21
-23
-29
-29
-24
-19
-33
-31
-29
-17
-17
-37
-25
-24
-12
-10
-29
-26
-26
-14
-8
-11
-14
-17
-11
-7
-6
-4
-9
-2
3
-7
-13
-11
11
-2
-20
-10
-3
5
5
-3
-10
10
22
7
10
16
20
26
24
23
24
34
47
41
36
38
41
58
53
30
33
43
46
36
19
30
33
35
27
9
13
21
24
8
-3
-7
8
16
-7
-14
-2
13
-2
-14
-20
-3
9
-5
-8
-14
-4
5
4
-8
3
15
6
7
2
6
8
17
16
-1
12
22
19
16
21
23
25
32
27
17
29
46
38
28
24
30
42
35
30
18
27
42
30
26
22
32
33
30
22
7
22
20
16
5
1
8
10
-3
-8
-5
-1
-2
-22
-17
-18
-14
-10
-12
-23
-20
-1
-6
-10
-19
-12
-7
-8
-9
-15
-14
-7
-7
-13
-13
-10
-6
-7
-10
-11
-9
-8
-8
-8
0
2
2
3
-3
14
20
14
5
1
18
23
26
14
17
28
27
34
31
21
21
31
27
19
21
29
25
18
7
15
24
18
4
-3
11
12
10
-5
-11
-9
3
4
-20
-24
-20
-4
-14
-32
-33
-25
-15
-28
-31
-44
-33
-26
-38
-47
-46
-35
-44
-47
-47
-46
-42
-30
-39
-49
-43
-38
-32
-41
-42
-40
-34
-24
-41
-35
-30
-29
-31
-32
-23
-28
-23
-21
-15
-11
-10
-9
-9
-3
-2
-6
-1
3
4
4
1
11
19
14
14
18
20
19
23
22
16
25
24
25
20
18
17
14
12
8
11
-2
2
-5
-6
-1
-9
-10
-11
-12
-15
-17
-21
-25
-22
-27
-22
-26
-31
-26
-28
-28
-27
-22
-26
-24
-25
-20
-21
-20
-12
-16
-12
-4
-2
-8
-6
10
6
4
6
7
16
19
17
13
19
23
24
15
17
25
25
17
13
14
16
21
12
6
13
21
16
4
3
13
19
13
4
2
13
17
12
6
10
14
18
18
8
11
14
14
15
9
11
14
19
11
4
9
16
15
6
-1
3
9
4
-6
-5
2
3
-6
-11
-9
-3
-1
-10
-15
-15
-8
-6
-11
-12
-11
-11
-9
-13
-14
-11
-5
-5
-12
-7
-2
0
1
1
0
5
8
11
3
7
9
10
17
12
14
11
21
25
17
17
20
22
23
20
18
23
21
16
18
27
27
24
22
17
20
24
21
20
17
15
15
11
11
7
7
12
7
5
3
4
1
-1
-1
-5
-4
0
-7
-4
-8
-6
0
-10
-11
-13
-9
-4
-12
-16
-13
-4
-3
-12
-15
-11
-7
-7
-13
-13
-6
-7
-12
-16
-17
-12
-12
-12
-17
-19
-12
-9
-11
-18
-16
-12
-12
-8
-7
-9
-11
-6
-4
-8
-6
-2
-4
-6
-6
-5
-2
-2
-7
-9
-4
-1
0
1
-2
-1
3
2
5
8
8
4
5
12
11
11
9
9
14
10
6
6
9
6
3
3
2
2
-3
-6
-9
-9
-9
-9
-15
-19
-16
-20
-18
-19
-24
-22
-23
-19
-21
-22
-20
-19
-16
-16
-15
-14
-14
-15
-12
-12
-12
-12
-8
-6
-5
-6
-12
-9
-4
-5
-5
-7
-7
-3
-1
-1
-5
-4
-2
-3
-9
-7
-3
-4
-4
-7
-4
1
-1
-1
2
3
7
9
4
9
12
9
9
10
10
11
12
12
7
11
12
8
8
5
9
9
7
4
0
10
9
7
5
0
1
1
2
1
0
2
1
2
3
3
3
4
1
1
4
5
2
-3
2
1
3
1
-3
-1
-1
5
1
-3
1
0
0
2
2
0
1
4
6
4
3
7
7
8
8
10
10
7
12
8
8
12
12
10
8
9
11
9
10
8
7
10
12
9
5
8
7
7
5
5
9
9
8
6
9
10
10
8
5
4
10
8
6
6
7
10
6
7
6
7
9
6
3
3
4
5
2
-2
-1
2
4
2
0
0
1
8
4
1
1
1
0
-1
2
-1
0
2
-1
-2
2
0
-2
-2
0
1
-1
0
2
-1
1
0
2
0
2
3
2
4
5
4
3
4
4
4
5
8
7
5
7
7
6
7
6
3
3
7
5
3
2
2
3
1
0
-4
-3
1
-6
-8
-8
-5
-5
-8
-9
-9
-7
-7
-12
-10
-10
-11
-11
-12
-10
-8
-8
-7
-8
-10
-9
-9
-7
-9
-10
-9
-4
-4
-7
-8
-6
-5
-4
-6
-9
-7
-6
-5
-7
-8
-6
-5
-3
-5
-6
-3
-2
-4
-7
-5
-2
-4
-5
-7
-6
-6
-5
-8
-9
-6
-4
-4
-5
-5
-5
-4
-1
-4
-5
-3
-2
-3
-4
-5
-3
-3
-1
-2
-3
-1
-1
-1
-2
-2
-3
-2
-2
-3
-3
-3
0
0
0
-3
-1
-1
0
-2
-3
-2
-1
0
-3
-1
-1
0
-2
-3
-4
-4
-3
-3
-6
-4
-3
-1
-1
-3
-3
0
1
-1
-2
-3
0
-1
-2
-2
-3
-2
-2
-1
-3
-2
0
0
-1
0
0
1
-1
0
0
1
1
1
3
3
6
6
3
3
5
5
3
4
6
5
5
5
4
4
6
5
4
5
5
4
3
3
3
4
3
2
1
3
4
4
2
4
4
5
4
3
2
3
5
3
3
3
5
6
5
3
4
5
6
3
3
3
7
5
2
3
3
4
4
4
2
3
4
3
5
2
5
5
2
3
1
2
-1
-1
0
-1
0
-1
1
0
-1
0
-2
1
2
1
1
1
2
0
-2
-2
-1
-1
-1
-2
-1
0
1
1
0
0
0
0
0
-2
0
0
-1
-1
-2
-2
-1
-2
-1
-1
0
-1
-2
-2
-2
-2
-2
-4
-4
-4
-3
-4
-4
-3
-2
-3
-3
-3
-2
-3
-2
-3
-4
-1
0
0
0
0
0
1
1
-1
-1
-1
-1
-2
-2
0
1
-1
-3
-1
-2
-2
-3
-4
-5
-2
-4
-3
-2
-1
-1
0
0
-1
0
1
1
0
0
2
-1
-2
-3
-4
-1
-1
-2
-3
-2
0
0
-1
-3
-2
-2
-1
-1
-3
-2
1
-1
0
-1
-2
1
1
0
-1
0
2
2
1
0
1
2
1
0
0
2
1
-1
0
0
-1
1
-1
-1
-1
-1
1
-2
-3
-2
-1
1
0
-1
0
0
0
-2
-2
-2
-1
0
-1
0
-1
0
0
-1
-1
-2
-3
-1
-1
-4
-2
-3
-2
-2
-2
-2
-2
-1
-2
-2
-2
0
-1
-2
-1
-2
-2
-1
0
0
0
2
1
2
3
2
2
0
2
2
-1
0
0
-1
-1
-1
-1
-2
0
0
-1
-1
-2
0
1
-1
-1
-1
-1
-1
-1
0
0
0
0
1
0
-1
0
-1
1
0
0
-1
-1
-1
0
-1
0
0
-2
0
1
1
0
0
0
2
1
3
2
2
2
4
5
5
6
6
7
7
8
9
6
8
8
5
6
4
5
4
4
6
3
4
3
2
2
0
1
0
1
-3
-1
0
0
2
2
2
1
1
1
0
-2
-1
-1
-1
-1
-1
-2
2
3
2
3
3
5
5
4
4
3
4
4
3
1
1
3
1
2
4
3
4
6
6
7
9
7
6
5
4
6
4
1
0
-1
-2
-2
-4
-6
-5
-6
-6
-7
-8
-7
-6
-6
-5
-3
-3
-2
-1
0
0
2
5
5
6
6
7
7
5
8
5
4
4
1
5
4
3
4
1
6
6
5
5
4
8
2
4
0
0
1
-4
-3
-7
-9
-10
-15
-18
-20
-21
-22
-24
-23
-25
-21
-23
-24
-20
-23
-17
-20
-17
-18
-16
-13
-12
-10
-10
-4
-6
-1
2
1
9
6
9
10
10
14
11
13
8
7
7
4
2
0
1
1
-1
0
-3
-1
-4
-3
-5
-9
-5
-12
-6
-14
-8
-10
-12
-10
-13
-8
-16
-9
-14
-9
-10
-6
-5
-3
3
2
5
4
7
7
8
7
3
3
2
2
0
-2
-1
-3
0
-3
-1
-4
0
1
0
0
1
-2
1
-1
-1
0
-3
1
-5
1
-3
1
-1
-2
-1
-2
0
5
0
8
7
9
11
8
13
1
11
0
-2
-6
-11
-8
-13
-12
-10
-13
-2
-4
4
16
5
45
16
70
30
103
107
84
139
41
127
48
108
37
25
24
-44
13
-65
-21
-77
-55
-80
-61
-58
-60
-30
-59
-23
-27
2
-1
15
6
16
7
21
-1
3
-2
-28
-2
-36
-15
-35
-25
-29
-25
-7
-18
7
6
20
30
38
46
49
52
53
45
49
33
29
17
6
-2
-16
-16
-45
-32
-60
-45
-64
-55
-51
-60
-30
-52
-13
-27
1
-5
11
19
24
35
31
40
39
41
36
44
23
40
14
32
-1
21
-3
-2
11
-29
16
-28
13
-20
7
-7
-1
16
-2
23
0
25
2
27
4
16
5
-1
1
-15
-5
-30
-16
-35
-29
-32
-36
-36
-42
-36
-37
-30
-28
-28
-21
-19
-17
-7
-9
-8
-7
-4
-9
-2
-7
-9
-17
-11
-18
-15
-8
-24
-9
-22
-3
-10
0
-1
4
19
15
33
23
44
30
49
43
31
46
28
36
25
16
14
-5
7
-15
-16
-13
-34
-21
-42
-30
-43
-26
-33
-35
-23
-38
-22
-23
-14
-19
-16
-14
-21
-15
-5
-22
-4
-17
-12
-6
-19
2
-33
-5
-45
-11
-28
-19
-2
-41
1
-39
-8
-18
-8
-12
-5
3
-14
-3
-21
-9
-22
-1
-14
-7
0
-18
-3
-17
1
-3
15
11
16
30
22
43
32
49
47
63
61
48
64
28
45
30
11
13
-3
-2
-17
-4
-23
-28
-11
-27
-3
-7
1
-8
-6
3
-11
11
-9
-6
-1
-15
-4
-14
-14
-20
-25
-18
-29
-12
-19
-12
-4
1
21
20
51
27
64
44
63
66
53
64
33
60
13
32
1
1
-3
-10
-6
-17
-5
-19
-12
-24
-6
-27
-9
-13
-11
-6
-3
3
-19
12
-18
6
-5
-1
-17
-13
-14
-21
-1
-19
9
-5
22
10
33
33
40
49
49
67
51
78
57
74
73
90
96
91
113
89
115
95
104
106
79
105
65
84
74
67
81
49
84
52
75
67
60
67
51
69
33
59
32
41
34
28
27
-4
5
-31
-39
-58
-79
-97
-111
-127
-144
-157
-174
-182
-198
-201
-215
-219
-219
-241
-233
-243
-258
-248
-268
-262
-288
-291
-330
-345
-352
-376
-338
-327
-218
-145
10
108
186
338
390
539
583
635
631
619
618
524
508
404
341
250
190
130
41
23
-87
-104
-147
-160
-124
-149
-87
-100
-45
-12
-5
57
47
90
103
118
117
104
82
39
28
-9
-19
-48
-55
-57
-59
-32
-19
10
48
75
122
166
187
246
242
272
272
277
301
274
284
225
198
133
63
9
-75
-127
-204
-244
-306
-325
-355
-383
-365
-394
-349
-343
-315
-280
-276
-228
-232
-190
-183
-171
-151
-156
-148
-159
-167
-195
-207
-220
-248
-244
-272
-290
-293
-311
-289
-293
-247
-233
-205
-152
-145
-81
-67
-13
10
54
77
95
118
96
121
88
118
77
84
59
34
46
-2
22
-10
5
-16
-8
-21
-30
-31
-67
-51
-73
-47
-52
-36
-28
-34
-3
-16
28
40
60
94
94
134
135
175
183
216
259
281
341
349
382
382
395
398
394
404
381
376
334
313
274
242
229
192
188
159
140
106
56
19
-30
-57
-85
-116
-155
-183
-236
-279
-303
-344
-342
-364
-353
-364
-370
-369
-396
-382
-392
-365
-369
-343
-362
-376
-371
-400
-366
-402
-355
-386
-379
-374
-419
-406
-446
-400
-401
-288
-174
-62
106
243
415
511
700
799
878
968
966
951
890
869
763
669
593
476
374
277
189
71
8
-43
-88
-95
-87
-72
-68
-30
-3
18
64
87
107
130
138
124
115
85
40
12
-26
-53
-102
-106
-131
-157
-114
-119
-58
-25
47
107
162
269
293
391
433
530
570
614
626
558
559
443
403
267
165
34
-115
-208
-362
-436
-544
-588
-643
-644
-634
-623
-583
-568
-506
-472
-393
-354
-303
-268
-253
-242
-247
-249
-280
-277
-303
-315
-344
-365
-386
-434
-426
-451
-440
-430
-417
-395
-376
-323
-288
-230
-184
-128
-83
-58
-26
-52
-37
-71
-84
-90
-97
-55
-40
13
58
132
282
361
437
527
578
642
686
697
647
614
585
520
446
387
308
184
138
49
-15
-51
-106
-131
-194
-167
-170
-178
-139
-146
-109
-77
-46
-10
8
36
65
89
109
133
119
136
152
158
211
224
294
328
378
423
436
473
479
480
460
439
393
360
301
236
162
99
23
-49
-111
-187
-249
-312
-361
-428
-450
-504
-535
-571
-604
-625
-660
-659
-695
-684
-701
-677
-681
-658
-636
-631
-588
-585
-541
-534
-487
-462
-404
-368
-323
-274
-265
-199
-216
-162
-138
-75
10
128
280
382
542
671
782
887
991
1037
1039
1064
1028
965
903
833
711
587
508
375
249
167
41
-49
-131
-161
-195
-213
-183
-186
-155
-132
-108
-85
-58
-43
-12
16
27
39
49
47
28
35
17
13
-1
31
19
73
136
155
255
293
421
492
583
641
661
691
665
661
596
532
430
334
215
109
-3
-140
-235
-350
-415
-474
-519
-550
-582
-602
-600
-608
-601
-598
-605
-591
-602
-592
-593
-604
-607
-620
-626
-617
-623
-620
-624
-616
-611
-595
-573
-548
-509
-463
-406
-360
-286
-240
-171
-106
-52
15
87
166
251
363
462
565
658
751
832
917
977
996
1007
998
986
945
896
807
710
627
524
435
335
235
140
48
-13
-84
-129
-168
-212
-223
-247
-246
-255
-266
-273
-266
-244
-233
-209
-189
-152
-123
-74
-22
41
115
192
283
384
481
572
656
715
782
811
818
799
765
725
659
575
470
356
250
136
15
-91
-205
-299
-388
-459
-528
-581
-637
-689
-735
-779
-804
-860
-884
-929
-957
-984
-1002
-1010
-1012
-991
-970
-926
-900
-845
-821
-752
-694
-622
-534
-471
-373
-334
-234
-200
-117
-50
21
139
223
366
447
564
640
724
817
873
942
951
980
962
944
915
846
797
694
633
537
445
364
250
186
95
59
13
-22
-42
-75
-90
-116
-121
-140
-140
-149
-146
-148
-142
-139
-132
-116
-89
-46
-7
68
111
205
253
331
395
452
523
548
586
569
581
543
519
475
424
362
285
195
88
-6
-123
-213
-300
-372
-444
-507
-587
-649
-719
-776
-823
-881
-922
-980
-1014
-1069
-1094
-1128
-1143
-1135
-1117
-1080
-1057
-1018
-989
-953
-908
-847
-786
-710
-630
-573
-507
-462
-404
-354
-289
-204
-108
24
137
263
391
526
685
845
989
1121
1221
1308
1370
1397
1405
1382
1353
1306
1251
1165
1064
935
815
691
584
489
382
296
198
121
42
-23
-79
-124
-151
-162
-181
-182
-204
-216
-229
-231
-213
-208
-171
-172
-106
-92
-18
40
78
170
202
316
346
424
446
485
519
540
565
540
523
459
416
319
252
150
54
-39
-141
-236
-331
-436
-525
-614
-698
-745
-831
-870
-943
-980
-1016
-1040
-1047
-1058
-1048
-1039
-1007
-986
-944
-902
-842
-783
-705
-648
-580
-540
-479
-433
-396
-331
-314
-227
-187
-100
-23
54
157
249
377
491
629
745
864
956
1036
1118
1159
1227
1230
1231
1221
1150
1121
1015
940
844
725
652
519
432
322
228
140
70
7
-40
-71
-106
-112
-142
-139
-150
-159
-146
-144
-136
-118
-114
-88
-62
-32
19
33
83
110
163
208
245
268
297
324
343
365
347
343
300
279
243
200
155
95
45
-9
-66
-129
-193
-268
-333
-404
-462
-534
-604
-677
-744
-800
-848
-886
-929
-953
-977
-979
-979
-968
-940
-911
-861
-803
-742
-683
-630
-573
-512
-449
-395
-346
-316
-275
-229
-202
-160
-113
-52
11
84
176
260
364
451
548
640
738
817
884
943
982
1024
1028
1037
1019
1002
978
922
875
803
738
669
593
520
444
375
298
227
155
83
33
-30
-70
-111
-146
-172
-192
-197
-204
-175
-172
-149
-134
-117
-86
-69
-41
-34
-21
-5
14
24
30
28
20
13
9
-2
-12
-32
-50
-67
-89
-96
-129
-139
-172
-186
-206
-236
-259
-312
-338
-388
-421
-469
-505
-551
-598
-605
-630
-635
-660
-647
-633
-613
-575
-556
-520
-478
-431
-385
-349
-303
-260
-218
-176
-142
-103
-69
-38
-13
25
60
89
118
148
191
224
262
298
333
373
410
442
476
512
538
562
586
611
629
645
650
647
650
640
631
604
572
540
496
451
406
357
301
253
192
143
96
52
20
-16
-36
-55
-62
-69
-75
-77
-72
-71
-70
-67
-68
-73
-74
-80
-80
-87
-95
-92
-104
-97
-108
-105
-111
-115
-113
-123
-112
-124
-119
-138
-128
-144
-150
-156
-176
-165
-196
-189
-222
-229
-246
-266
-276
-308
-309
-325
-333
-349
-359
-359
-357
-346
-336
-322
-298
-277
-253
-228
-202
-170
-142
-107
-80
-46
-21
6
27
51
77
94
116
130
145
154
164
173
183
192
206
220
233
247
261
276
295
312
327
342
351
359
361
359
351
339
328
309
294
276
247
225
197
173
153
130
110
87
70
49
31
12
0
-12
-25
-31
-46
-52
-64
-79
-89
-103
-115
-127
-141
-159
-173
-187
-198
-210
-215
-222
-223
-219
-220
-216
-211
-203
-195
-187
-179
-169
-162
-151
-140
-132
-119
-111
-103
-96
-93
-94
-90
-90
-84
-82
-74
-70
-66
-56
-52
-39
-28
-14
1
17
33
43
58
63
72
75
82
90
86
85
79
68
60
55
45
42
35
32
25
15
12
2
-1
-3
-1
1
5
7
8
13
21
31
41
53
64
77
83
84
89
90
88
89
82
72
63
44
26
7
-14
-25
-45
-60
-75
-92
-104
-118
-129
-137
-140
-143
-145
-143
-146
-146
-146
-146
-140
-133
-132
-128
-126
-128
-125
-125
-124
-116
-113
-107
-97
-92
-82
-68
-56
-35
-14
7
30
48
67
87
107
122
141
150
158
162
162
157
148
141
130
130
116
107
101
90
87
85
84
91
97
97
104
100
99
100
96
95
91
87
78
72
54
39
23
6
-6
-17
-29
-41
-48
-66
-70
-74
-81
-75
-73
-63
-60
-48
-42
-33
-21
-14
2
9
15
18
16
12
7
3
-2
-8
-13
-21
-24
-34
-39
-43
-44
-42
-41
-36
-31
-29
-20
-10
-3
10
17
33
38
43
50
47
53
46
48
42
37
34
19
23
11
11
11
9
17
10
22
30
31
44
55
68
81
89
109
111
121
123
123
130
120
123
111
104
92
81
73
69
56
53
54
40
46
38
37
31
23
19
7
1
-13
-30
-49
-72
-92
-112
-131
-153
-179
-199
-215
-236
-249
-258
-266
-260
-264
-255
-247
-231
-212
-197
-171
-155
-131
-104
-84
-63
-46
-28
-4
3
22
34
39
49
58
68
65
82
80
88
91
92
93
92
106
100
105
112
107
110
107
116
108
106
109
97
91
89
77
73
69
62
60
56
60
56
53
64
53
56
63
50
62
47
55
45
44
44
42
25
52
15
25
48
9
73
-56
85
-69
41
34
-58
51
-102
80
-76
-5
-10
-51
3
-60
-36
-41
-81
-39
-87
-95
-87
-145
-96
-140
-129
-135
-163
-137
-166
-163
-159
-174
-152
-172
-161
-160
-168
-144
-161
-137
-141
-129
-114
-104
-86
-81
-57
-43
-23
-8
12
32
50
69
81
103
121
131
152
163
179
184
187
196
194
194
191
190
183
177
168
157
150
140
139
126
121
106
100
89
78
73
50
45
36
21
19
2
-9
-21
-29
-42
-50
-60
-67
-73
-85
-83
-92
-82
-82
-73
-64
-61
-38
-41
-21
-11
1
17
24
38
39
49
54
53
57
59
57
60
52
45
33
21
13
-7
-18
-34
-50
-68
-86
-101
-117
-128
-142
-152
-162
-164
-177
-178
-183
-185
-182
-182
-175
-174
-162
-151
-141
-127
-113
-98
-76
-64
-40
-21
2
26
44
73
84
110
128
148
162
183
199
209
220
230
241
243
255
246
246
240
233
227
212
200
188
172
157
144
122
109
85
72
53
37
23
4
-6
-23
-31
-45
-53
-59
-67
-74
-81
-83
-86
-88
-93
-91
-91
-87
-84
-76
-74
-69
-63
-58
-51
-46
-38
-38
-27
-27
-25
-25
-19
-21
-21
-18
-17
-17
-19
-22
-27
-27
-37
-37
-47
-50
-57
-68
-71
-86
-91
-105
-110
-120
-127
-130
-137
-140
-147
-143
-143
-143
-139
-133
-126
-118
-111
-96
-90
-72
-59
-51
-28
-20
-2
7
19
38
47
63
74
88
96
114
117
131
139
146
157
159
164
162
170
162
162
158
153
148
140
128
117
104
87
75
56
44
25
14
-6
-19
-34
-47
-56
-68
-76
-87
-95
-102
-109
-113
-114
-120
-116
-116
-110
-103
-97
-85
-76
-61
-48
-33
-19
-9
5
16
21
33
34
36
37
31
36
22
22
7
-2
-6
-23
-22
-39
-45
-57
-64
-68
-78
-80
-85
-88
-90
-91
-93
-96
-98
-100
-99
-99
-98
-99
-97
-95
-95
-87
-84
-72
-63
-52
-40
-28
-18
-4
11
24
44
57
74
87
102
117
129
143
152
163
171
173
179
183
186
188
187
186
184
184
179
176
170
170
163
158
152
146
140
129
122
107
99
88
74
61
49
34
19
6
-10
-22
-36
-49
-60
-71
-75
-85
-89
-93
-95
-93
-93
-88
-87
-78
-71
-68
-59
-51
-46
-43
-41
-41
-37
-42
-39
-43
-44
-50
-53
-56
-68
-67
-77
-77
-88
-90
-93
-99
-98
-102
-98
-100
-96
-94
-90
-86
-81
-78
-77
-70
-67
-61
-57
-52
-43
-40
-33
-27
-23
-17
-11
-6
-1
6
14
21
27
40
47
56
65
75
84
91
103
105
111
116
120
123
126
124
125
123
124
125
119
116
111
108
103
99
93
88
84
76
69
64
57
57
50
46
41
35
30
23
22
13
13
5
4
1
-4
-6
-12
-14
-19
-24
-29
-31
-34
-39
-42
-47
-51
-54
-57
-59
-62
-63
-66
-67
-68
-69
-70
-74
-70
-72
-68
-71
-67
-65
-64
-58
-62
-54
-56
-49
-48
-44
-39
-38
-31
-29
-26
-24
-20
-18
-16
-12
-11
-8
-4
-1
3
3
9
9
8
13
10
17
14
18
19
20
22
22
26
26
32
31
34
33
34
33
31
32
30
28
26
22
16
11
4
0
-7
-13
-16
-24
-25
-31
-34
-39
-41
-47
-51
-51
-55
-55
-59
-57
-61
-66
-69
-70
-73
-76
-80
-81
-83
-87
-89
-91
-89
-91
-89
-88
-87
-84
-82
-77
-74
-68
-64
-56
-52
-44
-38
-33
-26
-19
-13
-5
1
6
10
14
19
23
27
30
34
37
40
42
44
47
48
51
53
56
57
62
64
63
67
69
72
74
77
79
78
81
83
85
84
86
84
83
84
80
78
76
75
70
70
67
63
61
60
57
53
51
47
44
40
39
34
29
28
24
20
16
14
8
6
1
-3
-7
-11
-14
-17
-19
-19
-20
-22
-22
-25
-25
-26
-26
-28
-28
-29
-32
-32
-34
-34
-37
-37
-39
-42
-42
-44
-44
-44
-44
-46
-43
-43
-41
-40
-37
-33
-32
-29
-29
-26
-23
-22
-22
-18
-16
-14
-10
-9
-6
-4
-1
1
5
7
7
13
13
16
17
20
23
25
27
28
30
32
33
35
37
37
39
40
41
44
45
46
47
47
46
47
45
45
45
43
42
39
38
35
33
30
25
24
22
20
15
12
8
5
2
-1
-5
-6
-9
-13
-16
-20
-22
-26
-25
-29
-29
-33
-35
-39
-41
-42
-45
-44
-47
-45
-46
-45
-45
-45
-44
-43
-43
-40
-38
-37
-33
-32
-30
-28
-26
-23
-19
-17
-14
-15
-13
-12
-10
-7
-4
-2
0
3
6
6
9
13
14
16
15
20
17
18
19
20
19
19
21
20
22
21
21
22
22
21
21
21
22
21
21
25
22
24
23
25
26
27
29
27
29
29
29
30
29
28
29
29
30
28
27
27
24
24
22
21
19
17
13
12
8
6
2
-2
-5
-9
-11
-15
-19
-21
-24
-27
-29
-32
-35
-38
-42
-44
-45
-47
-49
-47
-50
-50
-49
-51
-50
-50
-50
-51
-50
-49
-48
-48
-50
-47
-47
-44
-42
-40
-40
-37
-34
-33
-29
-26
-23
-19
-15
-12
-8
-4
-1
3
7
12
13
19
22
22
26
29
31
36
38
40
42
44
48
49
52
53
55
57
57
59
59
61
60
61
60
61
60
59
59
55
55
52
50
47
45
43
39
37
32
30
27
25
22
17
13
9
4
1
-3
-7
-10
-14
-18
-21
-24
-27
-30
-34
-35
-35
-39
-40
-41
-44
-44
-46
-46
-44
-45
-45
-43
-44
-43
-42
-41
-40
-39
-37
-36
-35
-33
-30
-29
-27
-24
-22
-19
-18
-15
-11
-9
-8
-4
-1
0
3
3
6
9
12
14
16
17
20
21
22
25
25
27
28
27
28
26
28
29
29
29
28
27
26
24
25
25
25
25
23
24
23
24
22
19
19
16
14
13
11
8
7
6
4
1
-1
-3
-4
-7
-9
-10
-11
-14
-16
-20
-20
-23
-26
-27
-30
-30
-32
-34
-36
-38
-36
-39
-39
-39
-39
-41
-39
-38
-38
-37
-37
-35
-35
-32
-30
-27
-25
-23
-21
-19
-16
-15
-14
-12
-10
-7
-4
-3
-1
1
5
7
8
12
13
15
17
17
19
20
21
23
23
23
23
24
23
25
24
25
24
25
25
24
24
23
22
21
19
19
19
17
17
15
17
15
15
14
12
12
10
11
11
10
9
9
7
7
5
5
4
4
4
2
1
0
-2
-5
-4
-6
-6
-8
-9
-11
-13
-13
-14
-16
-18
-18
-21
-20
-23
-24
-25
-26
-26
-26
-26
-26
-25
-24
-23
-22
-22
-21
-19
-21
-19
-18
-16
-16
-13
-12
-12
-10
-7
-5
-3
0
2
4
7
9
9
12
13
13
14
17
17
17
20
20
22
22
21
23
22
24
24
23
23
24
23
24
24
25
25
24
23
21
22
21
21
18
17
16
15
15
14
13
12
12
10
8
7
6
3
2
2
1
0
-1
-1
-5
-3
-5
-5
-5
-7
-7
-7
-9
-9
-10
-9
-10
-12
-13
-13
-13
-14
-14
-15
-15
-15
-17
-17
-18
-17
-18
-17
-17
-16
-16
-14
-14
-13
-12
-12
-11
-9
-8
-8
-7
-6
-4
-3
0
0
1
4
4
5
5
7
8
8
10
11
13
13
14
13
14
14
14
15
15
14
14
15
16
16
16
15
15
14
15
13
14
13
13
12
11
12
11
10
10
9
7
8
8
5
4
3
2
2
1
1
0
0
-1
-2
-2
-4
-4
-4
-5
-6
-7
-7
-8
-7
-7
-7
-8
-7
-8
-8
-8
-8
-7
-8
-9
-8
-9
-10
-10
-10
-9
-9
-10
-9
-11
-11
-11
-10
-10
-10
-8
-8
-9
-7
-6
-5
-5
-4
-4
-4
-2
-2
0
1
2
1
2
3
3
3
4
4
5
2
2
2
2
3
2
3
3
2
2
1
1
0
-1
-1
-2
-3
-2
-4
-3
-3
-3
-3
-4
-3
-3
-5
-4
-5
-6
-5
-6
-5
-5
-4
-3
-4
-4
-4
-3
-1
-2
-3
-1
-2
-2
-1
0
-1
0
0
2
1
0
3
2
3
2
2
1
1
2
2
3
2
3
1
1
1
1
-1
0
-1
-1
1
0
0
0
-1
-1
-2
-2
-2
-2
-2
-2
-2
-2
-2
-1
0
0
-1
0
1
0
0
3
3
2
4
2
3
3
3
4
4
4
3
3
3
2
1
1
0
-1
0
1
0
0
-1
-1
-1
-1
-1
0
-1
-1
-2
-2
-2
-1
-2
-2
-1
-2
0
-1
-2
-1
-1
1
1
2
2
2
2
3
4
3
3
5
5
4
6
4
4
5
5
4
4
5
4
4
5
5
5
5
5
4
4
5
4
4
4
2
3
3
2
3
1
1
0
-1
0
0
0
-2
-2
-3
-3
-3
-4
-3
-3
-4
-4
-3
-4
-3
-2
-3
-3
-2
-3
-5
-4
-2
-4
-4
-3
-3
-3
-4
-5
-4
-3
-4
-5
-5
-6
-6
-5
-5
-6
-5
-5
-6
-5
-6
-6
-6
-5
-5
-4
-3
-4
-4
-3
-2
-2
-2
-2
-1
0
-1
1
0
2
2
2
3
3
3
3
4
5
6
6
6
5
5
4
5
4
4
4
4
4
3
3
1
1
0
1
1
-2
0
-1
-3
-3
-4
-4
-5
-5
-6
-7
-8
-7
-9
-8
-9
-9
-9
-9
-9
-9
-9
-8
-9
-8
-7
-6
-6
-5
-5
-3
-2
-2
-2
-1
0
0
0
0
0
0
1
1
1
2
2
2
2
0
1
1
0
0
1
1
1
1
2
1
3
2
2
3
3
2
3
3
3
5
3
4
4
4
5
5
4
6
5
6
6
5
4
6
5
5
5
6
6
5
6
6
6
5
6
4
4
3
3
1
3
2
2
2
0
0
0
0
0
-1
0
-1
-2
-3
-2
-2
-3
-3
-2
-4
-3
-3
-2
-1
-1
-1
-2
-1
-2
-1
-2
-1
-1
-1
0
-1
-1
-1
-1
-1
0
0
0
0
0
0
-2
-1
-1
-2
-2
-1
-2
0
1
0
0
0
1
0
1
1
1
1
1
1
1
2
3
4
3
3
3
4
4
4
3
5
4
3
4
5
6
4
5
4
5
4
5
4
5
4
4
4
3
3
2
2
1
1
0
1
0
1
0
0
-1
-1
-1
-2
-2
-2
-1
-3
-2
-4
-4
-3
-5
-4
-5
-4
-4
-5
-5
-5
-5
-5
-4
-5
-4
-4
-4
-5
-5
-4
-5
-4
-5
-4
-3
-4
-3
-3
-4
-3
-2
-3
-5
-3
-3
-3
-3
-3
-3
-3
-1
-2
-3
-1
-1
0
-1
-1
-1
-1
0
-1
0
0
0
1
0
1
1
1
2
2
2
2
3
3
1
1
3
2
2
2
3
4
4
5
2
4
4
3
3
3
2
4
3
3
3
4
3
2
2
3
2
2
1
0
0
0
0
0
-1
-1
-2
-1
-2
-3
-3
-2
-4
-3
-2
-4
-4
-2
-2
-3
-2
-3
-1
-2
-3
-2
-2
-2
-1
-2
-2
-1
-2
0
-1
-2
0
-1
-1
0
0
0
2
1
0
1
0
0
-1
1
0
-1
0
-1
0
0
1
2
1
1
2
2
2
2
1
2
2
2
2
3
3
3
2
3
2
2
2
3
3
4
4
4
3
5
3
3
3
3
3
3
3
3
3
2
2
3
2
2
1
2
1
0
2
0
0
0
0
-1
0
0
-2
-1
-1
-2
-1
-1
-2
-3
-2
-2
-1
-1
0
0
-1
-1
-1
-1
-1
-2
-3
-3
-2
-2
-2
-1
-3
-2
-2
-3
-3
-3
-3
-3
-1
-2
-1
-1
-1
-1
-1
-1
0
0
-1
0
1
0
0
1
0
2
2
1
2
2
3
3
2
2
3
2
3
1
2
4
3
2
2
2
3
3
2
3
3
3
3
3
3
2
1
2
3
2
1
0
1
1
1
1
2
1
2
2
2
2
1
1
0
1
2
1
1
0
-1
-1
0
-2
-2
-2
-2
-2
-4
-2
-2
-2
-2
-3
-3
-4
-4
-3
-5
-4
-5
-5
-5
-5
-4
-3
-3
-5
-3
-3
-4
-2
-3
-3
-3
-3
-3
-2
-3
-3
-2
-2
-2
-2
-2
-1
0
-1
-1
0
0
-1
-1
0
1
1
0
0
-1
0
0
0
0
0
1
1
2
1
1
2
3
2
2
2
2
2
2
3
2
1
1
-1
-1
-1
1
0
-1
1
0
1
1
1
1
1
-1
0
0
0
0
-1
0
0
1
1
0
0
1
0
-1
0
0
0
-1
-1
0
-1
0
-1
-1
0
1
0
1
1
-1
0
-1
1
-1
0
1
1
0
0
1
1
1
1
0
1
2
2
2
2
3
3
3
3
4
4
3
2
3
4
4
3
3
2
3
2
2
3
3
3
3
4
2
4
3
2
4
3
4
4
3
4
3
3
2
2
1
1
1
1
0
1
0
0
0
0
0
-1
0
0
0
-1
0
0
1
0
1
0
0
0
1
0
0
-1
0
0
0
0
0
0
0
0
1
0
-1
0
0
1
0
1
0
1
0
-1
0
0
0
0
-1
0
-1
-1
0
1
0
0
-1
-2
-2
-2
-1
-2
-2
-3
-3
-3
-4
-3
-3
-3
-3
-2
-1
-1
-1
-2
-1
-1
-1
-3
-2
-2
-1
-1
-3
-3
-2
-2
-2
-3
-3
-3
-3
-3
-4
-4
-3
-3
-3
-3
-2
-2
-3
-1
-2
-1
-1
-2
-1
0
-1
0
0
0
-1
0
-1
0
-1
-1
-1
1
-1
0
0
-1
-1
0
0
2
0
0
0
0
0
0
0
-1
1
-1
0
1
1
2
2
2
2
2
2
2
0
0
0
0
0
0
-1
-2
0
-1
0
-1
-1
-2
-1
-1
0
0
0
0
0
1
0
1
1
0
0
0
0
1
1
-1
0
1
1
-1
0
0
-1
0
0
1
0
0
1
1
0
2
1
1
1
1
1
1
0
1
-1
1
1
0
0
1
1
1
2
2
2
3
3
3
4
3
2
3
3
4
3
4
5
4
5
5
4
4
3
3
3
3
2
3
3
2
2
1
2
1
1
1
1
1
0
0
-1
-2
-1
0
0
0
0
-1
0
-1
-1
-3
-1
-2
-2
-2
-2
-3
-3
-2
-2
-1
-1
-3
-2
-3
-1
-2
-2
-1
-2
-2
-2
-1
-1
-2
-2
-2
-2
-4
-3
-3
-3
-3
-3
-3
-3
-3
-3
-2
-4
-3
-1
-2
-1
-2
-2
-3
-2
-2
-2
-1
-1
-1
-1
-1
0
-1
-1
-2
0
0
1
1
1
1
1
2
2
2
4
3
3
3
2
1
3
2
1
2
2
2
2
2
1
2
2
2
1
0
1
0
1
1
1
0
1
0
-1
-1
-1
-1
1
0
0
0
0
1
1
2
1
0
0
1
-1
-1
0
0
-1
0
0
1
0
0
0
0
0
-1
0
-1
-1
-1
0
0
-1
0
1
0
1
0
0
-1
-1
-1
-2
-3
-3
-2
-2
-2
-1
-2
-2
-2
-2
-2
-1
-2
-2
-3
-3
-3
-3
-3
-2
0
-2
-1
-1
-1
-1
0
0
1
0
1
1
1
0
0
0
1
1
1
1
0
0
2
1
0
0
0
0
0
1
0
0
0
-1
-1
-1
-1
-1
0
1
0
0
1
0
0
0
-1
-1
0
0
-1
-2
-1
-1
-1
0
0
-1
-2
-1
-2
-1
0
0
0
0
-1
0
-2
-1
0
0
-1
0
0
0
0
1
1
0
0
0
0
1
0
0
1
0
2
2
2
2
3
2
1
1
0
2
2
2
2
2
2
2
2
3
4
4
3
4
4
4
4
2
4
4
4
4
3
4
4
3
4
5
4
2
4
3
2
2
3
3
2
1
2
1
1
1
2
0
1
1
1
1
0
1
0
0
-1
-1
0
0
-1
-2
-2
-2
-1
0
-2
-2
-1
-2
-2
-2
0
0
0
-2
-2
-1
0
-2
-2
-2
-2
0
-1
-2
-1
0
1
-1
-1
1
0
-1
1
0
0
-1
-1
-1
-1
0
0
-2
-3
-2
-1
-3
-3
-3
-1
0
0
-1
-4
-2
1
0
-2
-3
-1
1
0
-2
-4
-2
0
2
-2
-4
-2
1
0
-4
-5
-2
-1
1
-2
-2
-1
1
2
-2
-4
-1
3
0
-1
-3
0
1
0
-1
-4
1
2
0
-4
-3
0
0
2
-2
-2
-1
3
0
-1
-1
2
3
0
-2
-2
-1
-1
-1
-5
-5
-1
1
-1
-5
-3
-1
-3
-1
-3
-3
-3
-3
1
-7
-5
-4
-3
-1
-3
-3
-6
-3
0
-2
-4
-4
0
0
-1
-1
-3
-4
1
0
-1
-2
-1
4
4
3
0
-1
2
5
7
-2
-2
2
4
4
-4
0
3
4
2
-6
-2
0
5
3
-3
1
6
11
4
1
5
6
6
5
-1
0
6
7
0
-6
2
6
5
-1
-1
2
7
9
2
-3
5
12
9
0
-1
10
10
10
1
2
7
11
10
-2
-4
4
12
4
-4
-4
0
6
4
-1
-7
0
4
6
-4
-8
-1
2
7
-1
-2
0
5
8
4
2
5
10
8
3
4
4
6
4
4
4
4
5
7
5
6
9
7
3
5
12
10
4
6
6
7
7
9
2
0
12
11
3
-1
7
10
2
4
0
1
3
4
4
-4
3
6
2
-3
-1
5
4
-1
1
1
1
4
4
3
-1
0
4
2
3
1
3
2
1
6
-1
5
4
3
4
3
10
4
0
-1
0
2
-7
-3
-8
-10
-4
-8
-12
-15
-8
-4
-10
-16
-7
-10
-14
-6
-11
-9
-8
-4
-10
-8
2
2
-5
-11
-3
1
-4
-15
-12
-5
3
-3
-14
-20
-9
13
7
-13
-24
0
14
9
-12
-18
-4
21
14
-21
-28
-1
40
15
-20
-40
7
31
40
-15
-45
-37
68
234
-54
-201
-74
243
253
-91
-173
-160
107
221
-6
-208
-200
89
155
-72
-150
-101
61
108
-32
-155
-124
68
126
-38
-142
-63
36
64
-5
-43
-49
9
88
8
-87
-52
140
161
-38
-145
-31
120
78
-32
-132
-61
81
53
-99
-149
26
125
-17
-121
-90
3
55
7
-55
-98
-29
49
-11
-50
-23
-3
-11
-37
40
48
-23
-27
15
113
71
15
-20
-26
68
100
14
-99
-46
55
39
-33
-38
-5
-2
28
16
-34
-47
20
50
-17
-39
-10
-9
-6
16
18
-37
-35
12
5
-44
-18
44
10
-43
-44
11
36
-1
-20
-50
-9
47
14
-71
-78
34
51
-40
-86
-25
9
-4
-26
-35
-14
-19
-4
-3
-13
5
2
5
4
-1
29
17
20
23
68
57
-44
-29
40
91
40
-26
-50
14
110
45
-37
-36
58
62
2
-5
2
11
19
48
15
-33
-7
37
52
23
-25
-23
21
68
62
-25
-46
2
89
83
-61
-75
-15
83
34
-44
-45
-42
41
19
-19
-10
4
69
-12
-47
-21
84
72
-65
21
-9
41
-3
93
-15
-154
105
135
28
-117
23
46
49
19
60
6
-61
-17
-48
158
82
-71
-227
14
286
15
-198
-109
70
124
42
