2.363276e+062 -3.739413e+058 -9.901140e+058 -1.754953e+059 -2.572906e+059 -3.310949e+059 -3.871967e+059 -4.113990e+059 -3.985312e+059 -3.422745e+059 -2.422908e+059 1.278832e+056 
2.363219e+062 -2.816565e+058 -9.224219e+058 -1.736156e+059 -2.388091e+059 -3.087960e+059 -3.843776e+059 -3.989092e+059 -3.765529e+059 -3.348518e+059 -2.379646e+059 1.144175e+056 
2.349921e+062 2.183489e+060 1.296418e+060 -9.906924e+058 4.712505e+060 4.284516e+060 -3.640854e+059 2.680494e+060 4.146987e+060 5.559905e+059 3.613625e+059 4.946194e+057 
2.140555e+062 3.580366e+061 2.394480e+061 2.608378e+060 8.194348e+061 8.557883e+061 1.252835e+061 5.539822e+061 8.868975e+061 2.961986e+061 1.610903e+061 2.954230e+060 
2.240065e+062 1.730290e+061 1.177461e+061 1.007406e+061 3.816842e+061 4.101509e+061 7.901717e+060 3.387253e+061 3.683797e+061 1.082578e+061 1.261885e+061 1.068558e+060 
2.225503e+062 1.583618e+061 1.634754e+061 1.531332e+061 3.490959e+061 4.633614e+061 1.488703e+061 3.958265e+061 3.017418e+061 2.046103e+061 1.471479e+061 1.382057e+060 
2.249961e+062 1.075303e+061 1.281582e+061 2.088971e+061 1.830060e+061 4.026180e+061 1.593311e+061 2.611130e+061 2.745594e+061 1.462095e+061 1.299141e+061 8.945564e+059 
2.286360e+062 8.877588e+060 9.160765e+060 8.882519e+060 1.869131e+061 2.546537e+061 9.396872e+060 1.688383e+061 1.848837e+061 1.028554e+061 6.087653e+060 3.712917e+059 
2.268229e+062 1.386997e+061 1.196128e+061 5.010515e+060 2.898473e+061 3.328385e+061 8.710592e+060 1.952378e+061 2.551464e+061 1.281202e+061 8.933983e+060 6.021922e+059 
2.321573e+062 5.594668e+060 6.250296e+060 3.707036e+060 1.237686e+061 1.297794e+061 3.122940e+060 6.240930e+060 1.015942e+061 7.182416e+060 3.993336e+060 1.170536e+059 
2.349025e+062 7.430859e+059 2.573453e+060 4.207519e+060 4.464243e+060 1.977786e+060 -1.377524e+060 1.353079e+060 3.054453e+060 2.868838e+060 1.311333e+060 1.278890e+058 
2.348215e+062 -1.016501e+060 -3.695088e+060 -7.908762e+060 -1.041350e+061 -1.319572e+061 -1.831130e+061 -1.822536e+061 -1.470973e+061 -1.242747e+061 -9.050688e+060 2.087514e+059 
2.348881e+062 -2.043585e+060 -6.379392e+060 -1.225608e+061 -1.634229e+061 -2.025738e+061 -2.502578e+061 -2.495874e+061 -2.171397e+061 -1.814019e+061 -1.245047e+061 4.772957e+059 
2.349100e+062 -2.468214e+060 -6.999202e+060 -1.295198e+061 -1.781301e+061 -2.236288e+061 -2.691182e+061 -2.697815e+061 -2.360256e+061 -1.935043e+061 -1.318108e+061 5.656165e+059 
2.347254e+062 -2.479250e+060 -6.919675e+060 -1.266384e+061 -1.782295e+061 -2.265357e+061 -2.775387e+061 -2.719453e+061 -2.353001e+061 -1.942747e+061 -1.317278e+061 5.704098e+059 
2.348462e+062 -2.580613e+060 -6.556417e+060 -1.175611e+061 -1.713362e+061 -2.217735e+061 -2.673663e+061 -2.649341e+061 -2.288457e+061 -1.846448e+061 -1.257540e+061 5.309400e+059 
2.350661e+062 -3.155943e+060 -8.072574e+060 -1.404442e+061 -2.025747e+061 -2.516574e+061 -2.884399e+061 -2.867321e+061 -2.595570e+061 -2.075597e+061 -1.366690e+061 6.930667e+059 
2.351927e+062 -2.877499e+060 -7.317529e+060 -1.261308e+061 -1.830760e+061 -2.271556e+061 -2.600711e+061 -2.574465e+061 -2.340759e+061 -1.869109e+061 -1.220998e+061 5.620279e+059 
2.356441e+062 -2.050327e+060 -5.234871e+060 -9.048168e+060 -1.290997e+061 -1.612008e+061 -1.811562e+061 -1.832097e+061 -1.671125e+061 -1.343268e+061 -8.864646e+060 2.822139e+059 
2.359691e+062 -1.129372e+060 -2.938514e+060 -5.161707e+060 -7.463195e+060 -9.478061e+060 -1.086257e+061 -1.132736e+061 -1.071080e+061 -8.966059e+060 -6.181666e+060 1.019534e+059 
2.361294e+062 -6.004855e+059 -1.559923e+060 -2.741877e+060 -3.973112e+060 -5.053794e+060 -5.810181e+060 -6.069015e+060 -5.753486e+060 -4.825204e+060 -3.337406e+060 2.899663e+058 
2.362644e+062 -2.492803e+059 -6.507811e+059 -1.146076e+060 -1.665120e+060 -2.120294e+060 -2.444960e+060 -2.562330e+060 -2.441615e+060 -2.060161e+060 -1.432838e+060 5.127072e+057 
2.363122e+062 -1.025090e+059 -2.682939e+059 -4.731799e+059 -6.876557e+059 -8.777373e+059 -1.014097e+060 -1.065748e+060 -1.017833e+060 -8.611491e+059 -6.007527e+059 8.809018e+056 
2.363096e+062 -8.931725e+058 -2.342560e+059 -4.125637e+059 -5.979495e+059 -7.620364e+059 -8.763901e+059 -9.180435e+059 -8.724963e+059 -7.356058e+059 -5.107537e+059 6.583145e+056 
2.363112e+062 -8.456850e+058 -2.220396e+059 -3.923991e+059 -5.723684e+059 -7.332969e+059 -8.486255e+059 -8.956985e+059 -8.581166e+059 -7.292629e+059 -5.114153e+059 6.165126e+056 
2.363215e+062 -6.409736e+058 -1.690150e+059 -2.992483e+059 -4.367214e+059 -5.597541e+059 -6.495979e+059 -6.866828e+059 -6.596885e+059 -5.623887e+059 -3.950466e+059 3.609088e+056 
2.363165e+062 -7.549750e+058 -1.976201e+059 -3.492960e+059 -5.089335e+059 -6.508100e+059 -7.524171e+059 -7.927107e+059 -7.586475e+059 -6.423162e+059 -4.490925e+059 4.845478e+056 
2.363135e+062 -7.889243e+058 -2.079131e+059 -3.667491e+059 -5.363515e+059 -6.849716e+059 -7.933526e+059 -8.370741e+059 -8.016852e+059 -6.820082e+059 -4.774245e+059 5.387751e+056 
2.363247e+062 -4.884637e+058 -1.295103e+059 -2.286432e+059 -3.344252e+059 -4.295964e+059 -4.992244e+059 -5.297750e+059 -5.112405e+059 -4.365188e+059 -3.080378e+059 2.136268e+056 
2.363283e+062 -3.934215e+058 -1.041540e+059 -1.840241e+059 -2.700729e+059 -3.476128e+059 -4.049647e+059 -4.308270e+059 -4.159975e+059 -3.566720e+059 -2.525076e+059 1.402965e+056 
2.363274e+062 -3.791917e+058 -1.006594e+059 -1.781688e+059 -2.612792e+059 -3.362785e+059 -3.920125e+059 -4.162768e+059 -4.029552e+059 -3.452991e+059 -2.444390e+059 1.312823e+056 
2.363281e+062 -3.890422e+058 -1.025013e+059 -1.822048e+059 -2.667542e+059 -3.428712e+059 -3.991404e+059 -4.244707e+059 -4.098208e+059 -3.519153e+059 -2.489958e+059 1.365450e+056 
