7
8
11
11
12
10
14
19
18
13
20
21
18
22
26
26
31
38
31
22
23
21
18
23
27
30
35
35
29
26
26
23
22
21
22
27
29
29
28
27
26
27
24
17
16
17
16
18
23
18
14
17
13
8
11
12
7
7
11
11
8
8
5
1
-2
1
3
1
3
6
4
2
9
6
-4
-5
-5
-11
-10
-8
-9
-8
-2
-3
-9
-9
-6
-10
-14
-12
-8
-9
-14
-15
-19
-26
-25
-20
-23
-22
-15
-18
-25
-19
-16
-21
-18
-15
-24
-27
-23
-27
-30
-22
-18
-17
-12
-12
-18
-23
-25
-26
-24
-22
-18
-16
-19
-18
-12
-15
-24
-20
-19
-20
-14
-6
-8
-10
-7
-8
-14
-12
-11
-13
-14
-14
-17
-21
-19
-15
-13
-11
-10
-9
-12
-14
-13
-16
-19
-15
-8
-9
-10
-10
-14
-17
-14
-13
-13
-8
0
3
0
-1
-6
-12
-10
-6
-3
-1
4
8
8
6
8
8
5
6
9
11
12
17
16
15
18
19
15
15
16
15
15
12
14
15
15
16
18
16
16
17
16
13
15
14
8
6
7
7
11
16
15
10
9
10
9
11
13
11
8
8
8
7
3
4
6
9
10
12
12
11
13
12
9
9
10
10
11
14
13
10
12
14
13
10
9
7
6
6
5
8
8
8
8
9
7
9
11
8
7
5
2
0
3
4
4
6
7
5
4
3
-1
-9
-12
-8
-4
-3
-1
0
-3
-6
-5
-7
-9
-7
-6
-9
-10
-8
-5
-8
-10
-8
-8
-4
-1
0
-2
-6
-12
-18
-19
-12
-8
-5
-3
2
1
-3
-5
-7
-9
-9
-10
-12
-12
-6
-5
-7
-7
-9
-9
-7
-7
-6
-7
-9
-9
-8
-11
-13
-13
-12
-11
-9
-7
-9
-11
-13
-18
-18
-14
-11
-7
-5
-3
-3
-4
-7
-11
-12
-10
-7
-4
-1
-2
-3
-3
-1
1
3
3
6
8
6
3
2
1
2
5
9
10
10
10
9
9
11
13
16
17
15
13
8
3
1
0
3
7
8
3
5
8
5
2
4
7
9
10
10
8
8
7
4
3
3
6
7
3
2
0
-4
-6
-6
-5
0
6
7
4
6
6
4
1
-4
-6
-5
-1
2
6
9
8
9
9
8
5
2
-1
-1
1
0
0
3
0
-2
0
-1
3
5
7
7
5
-1
-7
-10
-8
-5
-5
-6
-6
-7
-9
-7
-3
0
-2
-4
-9
-13
-15
-15
-15
-12
-8
-9
-7
-9
-12
-15
-17
-18
-20
-18
-18
-16
-16
-14
-12
-11
-13
-15
-14
-13
-11
-12
-15
-16
-16
-18
-17
-10
-6
-5
-6
-8
-10
-11
-10
-8
-5
-5
-4
-1
1
-2
-3
-3
-4
-1
4
4
8
8
3
-1
1
2
2
7
8
7
8
6
0
-1
2
3
7
10
8
6
6
5
7
11
11
9
7
2
2
2
0
3
9
14
14
15
14
11
8
5
2
3
6
8
8
10
6
8
8
5
6
8
10
11
15
16
17
19
14
11
11
10
9
8
6
5
9
11
8
7
5
3
0
0
0
1
2
1
-1
-2
-1
-1
0
0
1
2
-1
-3
-3
-1
1
5
4
2
-2
-6
-9
-8
-4
2
3
2
0
-1
-1
0
-2
0
3
6
11
14
13
11
7
2
0
1
3
4
6
6
4
1
-1
-1
5
8
7
5
1
-3
-6
-8
-10
-8
-5
-5
-6
-6
-7
-8
-7
-7
-8
-6
-4
-4
-2
-5
-8
-10
-15
-18
-15
-12
-7
-4
-4
-8
-10
-11
-10
-7
0
2
1
-2
-4
-4
-5
-7
-7
-5
-3
1
3
6
7
7
6
6
6
4
3
-3
-6
-9
-11
-10
-8
-4
1
0
-2
-4
-5
-6
-4
-2
-3
-2
-2
-3
-9
-12
-11
-7
-1
2
2
-1
-6
-10
-13
-12
-9
-7
-6
-5
-4
-5
-6
-6
-7
-4
-4
-2
-3
-1
1
3
5
6
7
6
3
-1
-2
-1
0
3
4
6
6
5
4
3
2
-1
2
5
8
10
8
4
3
3
1
3
1
2
4
6
7
5
2
0
-1
-3
-3
-2
1
2
5
6
6
4
0
-5
-7
-5
-3
1
3
4
3
1
-1
0
2
3
4
6
5
2
-1
-3
-4
-2
1
5
10
13
14
13
9
5
7
7
8
9
9
8
8
7
6
6
7
10
10
9
7
5
3
0
2
3
3
3
5
4
1
-1
-5
-5
-3
-3
-2
-4
-7
-7
-7
-6
-7
-5
-1
0
-5
-9
-15
-18
-20
-20
-15
-10
-7
-6
-6
-10
-13
-14
-11
-7
-6
-5
-7
-7
-8
-8
-8
-10
-12
-11
-11
-11
-8
-6
-4
-3
-3
1
1
-1
-6
-11
-13
-12
-9
-4
0
4
6
3
-1
-4
-5
-7
-7
-4
0
5
8
8
5
5
6
7
6
7
11
13
14
12
11
11
11
8
9
11
12
12
13
12
12
12
15
17
19
23
19
16
13
10
7
8
9
9
9
11
13
14
12
12
12
13
13
13
12
10
9
10
10
6
6
8
12
13
11
8
7
4
2
-2
-4
0
3
4
3
0
-2
-4
-5
-6
-4
-1
0
-4
-6
-2
1
2
0
-3
-3
-1
-1
-4
-8
-10
-11
-7
-6
-2
-2
-4
-5
-6
-8
-9
-8
-6
-1
-1
-2
-5
-8
-7
-4
-1
-2
-2
-4
-4
-7
-10
-11
-10
-7
-5
-5
-4
-6
-9
-14
-17
-18
-18
-12
-5
-1
1
-2
-9
-12
-15
-11
-7
-5
-4
-4
-6
-8
-12
-13
-16
-16
-15
-13
-8
-6
-6
-9
-8
-11
-12
-14
-14
-10
-10
-10
-10
-11
-10
-9
-8
-9
-10
-8
-8
-9
-9
-6
-2
1
1
-2
-2
-2
-5
-7
-2
3
6
8
6
5
2
0
1
1
3
4
5
8
11
10
6
0
-4
-5
-5
0
5
8
12
9
2
-2
-2
0
2
5
8
12
13
10
8
7
4
2
4
6
8
12
15
17
14
11
8
6
6
7
9
8
9
6
4
7
6
3
2
3
3
2
2
5
7
7
6
9
12
11
9
5
2
0
1
5
9
14
15
15
11
7
7
6
5
6
8
10
5
1
2
6
6
6
8
7
9
9
4
0
-1
-2
-3
-2
2
6
9
5
3
-1
-4
-3
-2
-6
-8
-6
-4
-2
0
2
2
0
-4
-6
-5
0
1
-1
-4
-7
-5
1
2
-1
-3
-4
0
4
2
0
1
3
2
4
6
3
2
0
-4
-5
-7
-7
-6
-4
-3
-4
-4
-4
-4
-5
-7
-10
-10
-12
-11
-11
-12
-13
-14
-14
-12
-9
-4
-3
-3
-6
-9
-10
-11
-9
-5
-2
-2
-2
-1
-2
-4
-4
-3
0
2
0
0
0
1
0
-1
-3
-2
0
0
-1
0
4
2
1
-2
-2
2
5
8
10
7
3
1
-1
-1
0
-1
0
4
7
7
7
6
1
-1
-1
0
4
9
8
5
5
5
3
2
3
3
2
2
0
0
-1
-1
0
3
7
8
5
0
-5
-8
-8
-7
-6
-7
-4
2
4
3
1
0
-3
-7
-13
-16
-15
-10
-5
-2
0
-4
-8
-9
-7
-3
1
3
2
0
0
-2
-2
-4
-1
3
7
8
6
7
8
7
7
8
5
5
9
13
14
13
9
5
6
6
3
-1
-3
-3
0
1
4
8
8
5
1
-2
-2
-1
-3
-2
0
2
4
2
-1
-2
2
7
8
5
3
2
4
5
4
2
1
0
-1
2
3
4
5
3
2
1
1
3
5
4
3
2
3
3
0
-4
-9
-8
-3
-1
-1
-3
-1
1
1
-1
-4
-6
-7
-3
0
0
-1
0
2
8
10
11
4
-2
-3
-5
-2
0
2
3
7
9
9
8
5
3
1
1
-1
0
5
8
5
5
8
8
8
6
2
-1
-3
-4
-4
-3
-3
-4
-4
-3
-2
-1
-2
-4
-6
-9
-11
-13
-11
-8
-8
-7
-6
-8
-9
-10
-12
-13
-14
-14
-13
-11
-9
-11
-10
-9
-6
-4
-4
-6
-7
-10
-12
-14
-16
-15
-15
-12
-7
-3
0
-1
-2
-3
-1
2
4
3
0
-5
-7
-5
-5
-4
1
6
8
6
4
4
5
5
6
8
6
4
4
2
1
1
2
7
12
12
10
6
3
2
4
6
7
8
7
4
4
5
4
3
6
7
4
2
4
7
9
7
6
4
2
1
3
6
6
7
6
5
7
7
6
4
4
7
10
10
10
9
9
11
10
6
3
5
7
6
7
8
8
8
11
12
14
14
12
8
7
5
4
6
8
9
11
10
6
5
5
6
8
8
6
3
3
5
8
8
5
1
0
-1
-3
-2
-1
-1
-4
-3
-2
0
0
-2
-3
-6
-9
-8
-7
-6
-3
-4
-6
-10
-11
-13
-11
-9
-10
-11
-11
-11
-8
-6
-7
-8
-9
-9
-13
-15
-17
-17
-15
-12
-11
-11
-14
-13
-9
-10
-10
-10
-13
-17
-18
-15
-13
-11
-9
-7
-7
-10
-14
-15
-12
-10
-7
-12
-14
-13
-11
-7
-5
-4
-5
-5
-5
-5
-2
-1
-1
-1
-2
-4
-4
-2
0
1
2
4
6
1
-1
-5
-3
2
6
7
6
1
-1
-2
-1
2
6
10
9
8
7
4
0
-1
-1
3
8
10
8
6
6
4
4
4
6
5
2
1
2
5
8
10
12
12
10
6
5
3
4
3
6
7
5
8
10
13
13
10
6
4
3
3
6
8
9
13
14
11
9
8
6
7
10
10
7
7
8
8
6
4
6
8
8
6
6
7
10
13
12
11
9
7
3
3
6
8
7
9
9
9
10
11
10
10
9
9
10
5
2
3
2
3
4
5
7
8
8
6
4
1
-3
-2
1
1
1
-4
-10
-12
-11
-11
-10
-9
-6
-5
-6
-8
-6
-7
-9
-7
-7
-5
-7
-11
-14
-14
-11
-8
-7
-9
-12
-12
-12
-9
-11
-16
-19
-23
-23
-23
-18
-15
-15
-15
-14
-13
-13
-12
-14
-16
-20
-20
-19
-16
-13
-10
-9
-8
-9
-14
-17
-17
-17
-18
-18
-18
-16
-12
-7
-4
-3
-3
-5
-7
-10
-8
-4
-2
-3
-5
-4
-3
-3
-3
-6
-5
-2
0
-1
1
-1
-3
-3
0
2
6
8
5
2
-1
-2
-2
1
5
9
12
11
9
2
-2
-2
1
3
8
10
9
9
7
2
1
1
4
11
11
9
6
6
6
6
3
3
4
5
5
7
9
10
10
9
9
8
8
8
6
6
8
9
9
9
8
6
6
4
4
4
4
5
7
10
11
10
7
8
6
9
12
12
10
7
7
7
10
12
10
10
9
9
7
10
10
10
11
10
8
6
8
8
9
9
9
8
8
5
4
4
8
11
13
9
6
2
1
1
0
-2
-4
-4
-2
-1
-1
-5
-8
-8
-9
-5
-2
-4
-5
-8
-9
-10
-10
-11
-9
-6
-5
-7
-10
-12
-12
-15
-14
-12
-10
-11
-15
-15
-13
-9
-7
-7
-9
-12
-15
-16
-15
-10
-7
-6
-4
-5
-8
-13
-13
-11
-9
-4
-4
-5
-8
-7
-2
1
2
-1
-4
-6
-5
-2
0
2
6
6
4
0
-1
0
1
3
4
5
3
2
3
4
2
2
1
0
1
0
2
2
2
-1
-2
-2
2
6
5
2
0
-1
-3
-3
-2
-1
0
-1
-3
-1
0
2
4
6
4
2
3
3
2
4
5
3
-1
-5
-5
-1
3
6
7
6
4
1
4
3
2
1
0
1
1
1
3
8
10
8
7
4
1
-1
-2
1
1
-1
0
-1
0
3
4
7
10
11
9
7
6
4
1
-2
1
2
2
2
2
3
4
6
8
7
5
3
1
1
1
1
2
4
6
5
3
4
3
1
0
0
3
4
4
2
-1
-2
-4
-3
-3
-4
-4
-3
-3
-3
-3
-4
-2
-2
-4
-5
-8
-9
-8
-7
-4
-4
-4
-7
-10
-12
-11
-9
-6
-7
-7
-7
-6
-7
-7
-6
-5
-4
-6
-6
-5
-4
-3
-3
-3
-5
-9
-10
-8
-7
-6
-7
-5
-2
-2
-2
-4
-6
-7
-6
-7
-8
-8
-5
-4
-3
-2
-2
-2
-4
-6
-4
-1
0
0
0
0
1
-1
-3
-2
-3
-3
-2
-1
1
0
-1
-1
-1
0
2
3
5
3
0
0
1
3
4
2
2
2
2
2
3
2
3
2
2
2
2
1
3
7
9
8
7
8
9
8
8
9
9
9
7
7
7
7
6
5
5
6
10
13
15
15
13
8
3
0
2
8
12
10
9
7
6
7
8
10
9
6
5
5
3
3
2
3
4
4
7
9
8
7
5
5
4
4
6
8
10
9
6
3
2
1
0
2
6
6
7
7
7
8
7
6
5
6
7
7
8
8
6
4
1
1
3
5
7
8
7
6
4
0
-3
-4
-1
1
4
4
3
1
-1
-4
-3
-3
-4
-4
-4
-3
-2
0
-2
-4
-5
-5
-6
-8
-9
-11
-9
-8
-9
-7
-7
-3
-1
-2
-3
-6
-10
-11
-10
-8
-6
-5
-6
-9
-9
-9
-9
-10
-8
-5
-5
-6
-6
-8
-8
-10
-9
-9
-10
-8
-5
-4
-5
-7
-9
-10
-9
-9
-8
-4
-3
-2
-5
-8
-11
-11
-7
-7
-8
-7
-7
-7
-9
-8
-8
-8
-7
-5
-3
-5
-6
-8
-7
-6
-7
-6
-5
-5
-3
-3
-3
-2
0
1
-3
-2
-3
-4
-7
-9
-8
-3
1
2
2
2
1
-1
-3
-2
1
3
4
5
5
5
3
3
5
4
4
4
5
8
9
8
7
6
6
7
7
10
13
14
12
8
5
5
7
7
7
8
9
10
13
12
10
9
8
4
3
5
8
9
10
8
5
1
0
1
5
7
6
5
4
2
3
2
0
-1
-1
-1
1
3
2
1
0
0
-3
-4
-1
1
1
2
3
1
0
-1
-4
-5
-4
-2
-4
-3
-3
-2
-1
0
0
1
4
2
1
0
-1
-2
-1
0
-2
-2
-2
-1
0
1
1
2
0
-1
1
-1
-1
-2
-3
-2
-2
0
1
0
-1
-4
-6
-3
-1
-2
-2
-3
-4
-8
-9
-10
-10
-7
-10
-10
-9
-9
-10
-11
-10
-5
-6
-6
-8
-10
-11
-10
-9
-9
-10
-10
-9
-7
-7
-7
-7
-8
-8
-6
-3
-2
-3
-5
-4
-4
-2
0
2
3
2
2
0
3
5
7
7
6
4
6
9
10
12
13
14
11
8
5
5
7
5
7
8
10
10
10
11
11
8
8
8
7
5
6
6
5
3
4
3
4
3
1
1
2
4
4
5
5
6
7
8
9
7
4
2
1
-1
0
1
4
5
6
4
2
4
7
8
8
6
4
3
1
1
3
6
5
6
6
5
4
5
4
3
-1
-4
-5
-6
-3
2
4
3
0
-2
-4
-4
-4
-4
-3
-3
-2
-4
-3
-3
-3
-3
-4
-4
-3
-5
-7
-6
-7
-11
-11
-9
-4
-1
-1
-5
-7
-9
-10
-11
-11
-9
-10
-9
-7
-6
-5
-5
-5
-6
-8
-10
-13
-15
-14
-13
-10
-9
-8
-6
-8
-9
-10
-11
-10
-6
-4
-7
-9
-11
-11
-12
-11
-8
-7
-7
-6
-6
-5
-6
-4
-3
-3
-3
-4
-6
-4
-3
-1
-1
-1
-1
0
1
2
1
-1
-2
-1
1
4
5
4
3
4
6
5
6
5
4
3
6
7
7
9
10
10
8
7
4
4
5
6
8
7
4
3
1
1
3
6
9
9
10
11
8
3
0
-1
0
1
1
3
5
5
6
6
9
8
5
4
3
4
6
6
6
5
2
0
-1
2
2
4
7
7
7
6
6
7
8
8
8
5
5
3
2
2
5
8
8
8
6
4
2
2
4
8
8
5
4
5
7
6
6
4
5
4
2
0
0
0
1
2
2
2
0
1
0
-1
-1
-3
-4
-4
-4
-3
-2
-2
-2
-1
-3
-6
-7
-5
-5
-3
-2
0
-1
-1
-2
-4
-4
-5
-5
-6
-6
-5
-4
-3
-4
-6
-7
-8
-8
-9
-6
-6
-7
-8
-8
-8
-8
-8
-8
-9
-8
-6
-6
-4
-4
-4
-6
-8
-8
-10
-10
-7
-5
-3
-5
-4
-4
-4
-5
-6
-5
-3
-3
-5
-5
-2
-1
3
2
-1
-4
-7
-6
-4
-3
0
2
5
4
2
1
0
2
2
3
4
4
5
4
4
4
5
4
2
4
5
6
6
5
6
7
6
3
1
0
2
4
4
4
6
6
5
3
3
4
4
5
5
4
2
1
1
2
1
1
1
2
2
0
0
2
4
7
7
5
4
4
2
2
1
-2
-4
-1
0
4
4
5
5
5
7
6
5
1
1
3
2
4
6
5
4
3
3
1
0
2
3
6
6
6
4
0
-2
-3
-2
-1
2
0
0
-1
-2
-4
-5
-5
-4
-4
-4
-5
-2
1
1
2
-1
-4
-5
-8
-6
-4
-3
0
0
0
-1
1
2
1
2
3
3
-1
-4
-6
-5
-5
-5
-5
-6
-4
-2
-1
1
3
0
0
-3
-4
-5
-4
-1
0
0
-1
-2
-5
-7
-5
-5
-4
-1
-1
-1
-2
-2
-2
-4
-3
-3
-3
-2
-1
-1
-2
-4
-4
-3
-1
2
4
3
2
0
0
-3
-5
-6
-3
-1
2
1
1
-4
-9
-12
-11
-9
-6
-3
-1
0
-1
-2
-6
-11
-15
-17
-16
-10
-3
1
1
-1
-6
-11
-15
-15
-14
-10
-6
-4
-3
-1
0
0
0
-2
-2
-4
-2
2
7
11
13
15
19
22
23
22
19
19
25
29
37
41
45
47
47
50
52
53
56
60
64
69
75
77
79
79
78
80
85
88
90
90
92
91
92
90
86
82
79
82
85
84
78
69
58
51
51
49
48
44
39
34
30
19
2
-18
-33
-43
-48
-48
-52
-58
-68
-80
-94
-114
-140
-167
-189
-199
-199
-194
-195
-204
-221
-239
-254
-272
-294
-315
-333
-338
-329
-312
-300
-297
-309
-325
-339
-346
-348
-344
-334
-315
-280
-245
-214
-196
-197
-201
-196
-176
-146
-107
-68
-20
41
103
150
170
161
146
150
185
246
315
376
420
456
479
493
492
473
451
443
464
512
565
605
622
617
590
545
491
434
393
383
407
449
478
470
421
345
268
204
156
119
94
84
88
101
101
73
14
-66
-147
-211
-246
-252
-244
-234
-225
-229
-249
-291
-348
-406
-451
-469
-462
-443
-430
-430
-442
-462
-489
-524
-563
-601
-626
-623
-589
-544
-518
-526
-561
-613
-655
-678
-680
-667
-641
-594
-534
-474
-432
-426
-460
-506
-535
-534
-497
-428
-332
-213
-82
43
131
149
99
20
-28
5
123
293
470
613
714
776
805
786
720
628
556
554
642
792
958
1085
1133
1098
996
848
678
531
449
463
553
665
741
743
669
552
421
285
152
23
-78
-111
-72
16
98
115
51
-65
-191
-297
-379
-438
-476
-479
-423
-329
-234
-181
-193
-248
-303
-348
-379
-397
-402
-376
-296
-174
-48
35
50
10
-42
-78
-88
-88
-86
-62
0
99
200
258
237
153
59
-2
-19
-18
-23
-41
-55
-43
-20
-9
-49
-138
-244
-330
-382
-420
-463
-511
-539
-518
-457
-402
-406
-475
-569
-635
-647
-634
-632
-650
-641
-533
-295
-11
169
160
-20
-237
-330
-240
-18
229
409
517
616
738
848
870
768
578
403
347
452
689
965
1185
1285
1227
1002
667
326
114
124
323
579
750
742
589
396
244
142
34
-117
-296
-415
-394
-233
-23
104
64
-140
-417
-649
-754
-724
-597
-450
-343
-310
-351
-427
-475
-465
-413
-369
-375
-419
-455
-427
-310
-147
-24
5
-47
-108
-113
-37
91
199
242
217
166
134
163
257
386
499
544
499
387
270
213
243
324
389
381
293
186
111
94
107
85
-2
-143
-299
-431
-507
-533
-528
-517
-513
-548
-631
-740
-828
-854
-840
-849
-943
-1097
-1197
-1098
-747
-286
28
5
-333
-752
-961
-831
-451
-51
179
233
256
376
581
735
695
445
130
-49
32
368
823
1222
1429
1392
1115
675
217
-80
-80
200
589
877
929
776
566
425
364
285
100
-175
-389
-386
-137
228
487
481
234
-107
-365
-454
-399
-287
-189
-132
-103
-92
-86
-85
-80
-63
-47
-57
-114
-190
-221
-157
-18
115
169
131
70
57
128
245
317
282
158
41
22
119
274
403
449
414
328
230
148
103
109
155
209
229
188
97
-3
-78
-114
-149
-229
-358
-489
-557
-552
-535
-584
-704
-837
-931
-951
-926
-903
-922
-984
-1063
-1135
-1199
-1277
-1318
-1209
-870
-396
-46
-25
-327
-722
-933
-812
-435
-21
247
351
440
642
930
1111
1014
644
209
-5
161
662
1264
1714
1882
1770
1432
957
462
121
83
358
779
1117
1211
1060
803
595
489
400
220
-76
-334
-368
-121
268
541
519
217
-190
-503
-603
-518
-370
-248
-188
-183
-205
-229
-247
-254
-240
-200
-168
-174
-222
-256
-209
-84
42
95
55
-13
-15
92
263
385
358
199
22
-43
53
239
410
492
476
393
290
203
140
119
142
198
262
277
202
77
-33
-88
-104
-141
-244
-388
-494
-524
-516
-544
-641
-764
-854
-888
-894
-900
-928
-978
-1033
-1085
-1134
-1208
-1315
-1367
-1178
-706
-157
152
31
-406
-825
-948
-709
-250
157
353
396
479
713
1018
1169
1009
593
165
-2
234
781
1366
1778
1897
1708
1292
761
279
49
178
567
1000
1217
1132
871
625
514
524
502
306
-35
-329
-365
-90
316
551
458
92
-330
-589
-616
-494
-340
-245
-264
-350
-452
-528
-559
-534
-467
-381
-310
-307
-351
-378
-354
-279
-200
-193
-256
-317
-280
-96
158
326
311
144
-45
-135
-79
84
271
392
409
348
273
216
164
120
117
177
249
269
210
122
62
28
-16
-92
-198
-306
-375
-399
-399
-433
-535
-657
-714
-698
-691
-734
-796
-834
-870
-952
-1072
-1182
-1326
-1494
-1472
-965
-55
714
848
391
-161
-503
-678
-727
-553
-190
111
280
564
1079
1472
1350
814
315
46
-122
-126
297
1066
1659
1686
1303
891
517
114
-101
161
725
1052
894
574
487
554
516
380
292
238
53
-176
-128
256
590
526
148
-236
-495
-628
-581
-312
46
228
132
-63
-203
-279
-349
-380
-317
-259
-270
-283
-215
-67
67
92
48
-27
-121
-150
-24
207
410
487
436
336
243
199
289
493
669
715
637
518
422
348
310
354
439
471
395
289
244
225
157
3
-179
-308
-382
-401
-336
-225
-169
-251
-442
-650
-780
-826
-826
-774
-693
-646
-692
-849
-1048
-1211
-1339
-1473
-1614
-1566
-892
430
1671
2055
1504
713
266
-72
-620
-1118
-1131
-714
-228
298
989
1493
1272
424
-288
-435
-494
-839
-939
-252
808
1344
1046
545
238
-109
-522
-520
57
582
497
99
75
476
713
499
220
104
1
-250
-419
-190
177
210
-104
-409
-444
-377
-385
-331
-99
228
429
410
311
237
204
162
68
8
-69
-164
-161
-27
237
486
484
261
7
-110
-53
67
202
330
407
414
323
228
216
257
325
349
299
190
31
-104
-153
-147
-111
-101
-143
-263
-435
-540
-589
-691
-864
-964
-857
-625
-458
-424
-442
-464
-584
-823
-1061
-1143
-1065
-873
-653
-477
-407
-562
-928
-1290
-1510
-1580
-1674
-1840
-1533
-3
2362
4021
3916
2478
1177
610
96
-814
-1531
-1385
-518
615
1844
2795
2792
1484
-259
-1022
-693
-352
-466
-277
848
2194
2565
1732
535
-339
-970
-1198
-594
619
1507
1379
643
306
426
292
-347
-952
-978
-596
-325
-202
-7
149
-127
-851
-1473
-1579
-1331
-1043
-641
56
849
1199
882
295
-99
-156
-70
7
204
364
381
289
163
182
163
-73
-337
-371
-66
330
521
550
500
467
413
285
282
458
737
987
1032
881
540
106
-212
-317
-198
53
248
250
36
-286
-541
-699
-844
-985
-976
-736
-426
-259
-280
-439
-613
-914
-1230
-1333
-1248
-953
-629
-365
-302
-493
-901
-1435
-1793
-1951
-1952
-1860
-1822
-1394
15
2161
3728
3640
2261
877
283
-94
-863
-1551
-1403
-515
649
1781
2489
2408
1286
-273
-1001
-694
-246
-225
-125
702
1823
2232
1510
322
-533
-983
-1016
-404
619
1398
1339
659
194
223
216
-173
-659
-755
-422
-120
-28
-3
-8
-231
-786
-1318
-1420
-1125
-603
-147
368
942
1209
987
385
-82
-167
-7
196
293
388
399
238
72
39
133
68
-127
-205
-2
425
712
760
738
711
675
587
544
686
888
1015
979
772
506
220
5
-19
155
447
595
417
15
-430
-692
-755
-813
-814
-657
-417
-128
-65
-204
-526
-951
-1266
-1433
-1338
-1078
-726
-375
-202
-302
-722
-1355
-1895
-2186
-2098
-1912
-1785
-1687
-709
1414
3335
3815
2457
745
21
-91
-545
-1441
-1768
-1192
-194
1020
1945
2314
1608
-21
-1207
-1187
-514
-332
-500
-52
1026
1897
1666
583
-321
-833
-1030
-731
163
1179
1499
850
41
-97
154
122
-310
-698
-620
-308
-138
-60
27
7
-425
-1040
-1308
-1066
-557
-193
155
662
1084
1065
567
59
-57
169
353
359
324
150
-83
-345
-491
-355
-294
-384
-511
-415
21
370
495
467
391
457
460
450
560
713
841
747
466
158
-134
-376
-477
-383
-58
295
373
86
-392
-719
-774
-757
-741
-761
-668
-385
-252
-236
-450
-748
-929
-1145
-1173
-1052
-777
-382
-189
-224
-511
-890
-1256
-1654
-1774
-1815
-1735
-1567
-1031
771
3050
4403
3839
1963
696
339
85
-726
-1592
-1315
-184
1209
2351
2851
2515
1100
-565
-1311
-830
-79
102
275
1005
1958
2247
1347
92
-646
-834
-527
157
1085
1709
1426
553
-49
49
304
118
-369
-678
-483
-131
70
209
176
-162
-812
-1324
-1319
-937
-506
-185
413
1167
1620
1544
1038
629
439
366
218
41
-66
-241
-270
-104
140
307
117
-259
-527
-435
-60
301
639
860
984
1021
878
705
531
395
369
352
335
250
71
-84
-201
-206
-98
-27
-126
-489
-863
-980
-838
-693
-769
-909
-910
-758
-675
-702
-804
-1015
-1194
-1348
-1437
-1321
-1041
-863
-778
-752
-843
-969
-1335
-1834
-2119
-2091
-1935
-1942
-1309
683
3057
4408
3615
1727
487
54
-363
-1296
-1749
-1176
7
1432
2457
2921
2382
635
-1068
-1663
-988
-171
59
366
1086
1845
1881
932
-179
-832
-957
-600
242
1277
1806
1382
384
-273
-278
-115
-208
-520
-669
-491
-246
-1
111
0
-423
-1122
-1560
-1446
-986
-364
235
815
1294
1436
1281
844
435
229
80
51
63
-19
-51
-42
-7
90
117
4
-237
-388
-256
101
584
999
1174
1219
1147
1000
863
701
609
560
472
342
182
76
51
40
63
120
141
-49
-483
-855
-883
-625
-454
-487
-586
-584
-453
-484
-712
-916
-1137
-1275
-1309
-1296
-973
-615
-394
-382
-589
-809
-1316
-1868
-2251
-2418
-2158
-2090
-1520
515
3072
4688
3927
1777
249
-171
-258
-1165
-1855
-1377
-186
1409
2499
2923
2455
701
-1162
-1896
-1124
13
462
697
1161
1769
1754
748
-364
-1007
-1056
-574
298
1396
2011
1570
403
-492
-619
-352
-212
-395
-572
-445
-236
-7
136
-44
-580
-1369
-1871
-1693
-995
-199
520
1060
1323
1301
952
428
16
-85
7
153
306
211
11
-112
-271
-307
-321
-390
-445
-421
-153
227
664
979
974
861
703
600
638
727
857
911
759
407
-34
-333
-390
-303
-151
124
414
357
-120
-730
-1070
-962
-702
-630
-639
-522
-360
-380
-561
-756
-944
-1101
-1269
-1327
-976
-430
-164
-362
-796
-1157
-1475
-1739
-2036
-2212
-2063
-1912
-1262
620
2985
4326
3522
1391
-30
-66
192
-412
-1226
-1162
-128
1369
2458
2785
2186
591
-1052
-1585
-746
413
921
1014
1193
1565
1556
775
-118
-619
-619
-86
814
1792
2244
1658
369
-603
-698
-277
127
174
45
49
60
107
123
-62
-589
-1351
-1750
-1475
-633
192
628
895
958
873
665
345
175
194
381
550
590
422
-48
-464
-695
-680
-453
-273
-207
-235
-159
62
330
569
571
499
543
673
902
1060
1100
962
556
18
-445
-616
-492
-324
-159
78
375
417
-63
-773
-1215
-1139
-798
-557
-469
-417
-359
-462
-714
-942
-1159
-1342
-1533
-1489
-1155
-595
-185
-230
-607
-1126
-1498
-1798
-1937
-1924
-1887
-1788
-1590
-383
1903
3797
4027
2237
343
-285
-71
-96
-833
-1092
-510
645
1863
2443
2344
1139
-653
-1737
-1474
-156
784
1029
1066
1099
1134
635
-141
-618
-719
-372
296
1211
1894
1728
667
-620
-1216
-988
-416
26
144
125
49
-103
-177
-283
-585
-1157
-1728
-1681
-973
-42
579
680
618
500
450
460
396
437
480
525
554
368
43
-382
-674
-656
-426
-21
240
220
74
-50
60
307
536
686
797
984
1125
1169
1150
975
617
95
-329
-415
-192
108
166
169
267
243
-102
-745
-1198
-1148
-781
-457
-356
-164
-9
-216
-663
-1139
-1324
-1371
-1391
-1276
-999
-483
-198
-338
-610
-1055
-1487
-1856
-2078
-1991
-1761
-1493
-1507
-1293
213
2460
4074
3689
1600
-54
-339
105
-36
-666
-710
-109
992
2020
2452
2142
711
-1012
-1711
-956
478
1247
1313
1200
1139
952
321
-349
-641
-517
32
825
1698
2129
1546
237
-978
-1287
-718
63
559
572
363
123
-142
-271
-408
-735
-1194
-1538
-1332
-618
146
668
851
867
828
712
591
443
461
560
514
403
99
-230
-384
-474
-386
-210
-26
65
-92
-164
-96
152
502
669
789
860
873
804
688
683
664
490
137
-203
-272
-142
-11
54
154
312
176
-368
-981
-1247
-1009
-676
-511
-459
-369
-300
-541
-976
-1275
-1415
-1324
-1300
-1219
-859
-540
-326
-542
-920
-1310
-1775
-2034
-2183
-2054
-1772
-1633
-747
1240
3508
4450
3047
704
-678
-446
158
-66
-431
-298
500
1618
2260
2306
1411
-278
-1646
-1651
-153
1375
1885
1650
1182
876
395
-378
-784
-613
27
796
1551
2165
2090
1056
-555
-1623
-1469
-484
498
809
585
239
-125
-402
-639
-840
-1140
-1525
-1583
-1116
-188
560
561
192
-89
-89
115
174
241
455
774
824
410
-157
-750
-1100
-1143
-882
-330
161
264
-94
-393
-311
-64
191
286
418
772
1059
1199
1205
1137
916
342
-258
-540
-371
-1
126
123
242
444
394
-178
-829
-1069
-833
-395
-174
-110
-96
-186
-481
-923
-1104
-1111
-1144
-1095
-1066
-730
-263
-87
-309
-886
-1342
-1690
-1852
-1830
-1865
-1689
-1511
-1334
-234
1825
3616
3691
1838
-134
-660
12
416
-118
-466
-65
794
1710
2023
1718
641
-907
-1693
-1040
605
1654
1548
987
537
407
87
-405
-502
-164
477
1128
1674
1915
1376
116
-1196
-1563
-802
280
937
870
424
26
-354
-612
-692
-746
-910
-1220
-1158
-579
104
542
374
91
150
387
651
683
718
778
627
333
-165
-537
-663
-709
-555
-200
274
398
26
-413
-596
-322
117
412
650
903
1121
1148
1013
887
734
499
139
-139
-83
173
338
217
44
105
162
-62
-559
-981
-908
-562
-282
-234
-284
-256
-415
-721
-1022
-1299
-1308
-1285
-1169
-873
-511
-199
-353
-698
-1131
-1464
-1665
-1932
-2017
-1865
-1551
-1284
-392
1555
3314
3629
1915
-198
-752
-45
598
223
-161
145
825
1612
1870
1637
754
-745
-1596
-1006
661
1824
1635
923
369
226
-6
-519
-545
-32
717
1331
1654
1767
1250
36
-1229
-1548
-606
674
1303
1060
420
-94
-498
-770
-810
-687
-592
-752
-787
-371
188
374
4
-298
-113
394
787
735
677
844
860
536
-56
-550
-758
-715
-452
-75
371
489
23
-517
-592
-203
259
516
627
799
1078
1181
1058
927
820
599
216
-75
-100
25
91
-34
-70
168
404
227
-453
-1063
-1150
-789
-403
-286
-313
-330
-423
-636
-945
-1176
-1168
-1259
-1276
-1006
-537
-168
-413
-955
-1478
-1640
-1514
-1639
-1638
-1617
-1563
-1328
-312
1775
3219
3069
1164
-720
-637
406
1063
579
-48
95
557
1341
1688
1418
507
-973
-1500
-534
1158
1981
1304
403
-43
4
45
-262
-199
236
723
1127
1379
1494
947
-301
-1317
-1259
-90
1076
1263
624
-172
-583
-745
-793
-626
-483
-582
-901
-1081
-731
-203
-40
-328
-267
327
830
886
447
209
403
538
291
-255
-561
-709
-758
-446
-80
182
24
-567
-905
-605
20
342
333
342
439
665
812
797
806
757
583
266
7
-66
-121
-204
-273
-144
243
479
242
-450
-1066
-1112
-822
-462
-301
-228
-205
-454
-658
-908
-1064
-1083
-1263
-1190
-874
-325
-2
-368
-769
-1293
-1575
-1570
-1680
-1586
-1543
-1436
-1122
202
2344
3251
2378
327
-943
-247
949
1339
712
302
515
853
1503
1803
1401
260
-1060
-987
464
1987
2011
797
23
-92
130
118
-58
298
780
1058
1216
1280
1240
524
-664
-1098
-360
918
1472
867
35
-501
-609
-594
-635
-309
-147
-457
-924
-1160
-719
-405
-453
-347
-30
660
900
596
357
376
699
483
78
-155
-431
-385
-388
-240
113
164
-45
-564
-575
-135
64
301
327
433
758
840
896
929
979
965
599
356
265
198
172
13
-24
87
272
333
2
-358
-641
-725
-459
-220
-79
-184
-366
-501
-666
-733
-933
-1166
-1192
-991
-560
-220
-211
-530
-1069
-1396
-1490
-1499
-1359
-1399
-1465
-1461
-1178
301
2034
2715
1874
-113
-829
-3
1066
1418
491
56
126
498
1370
1463
1074
-70
-1217
-743
596
1811
1471
124
-364
-308
134
279
-17
219
489
662
885
963
889
142
-799
-839
-11
951
1063
231
-511
-715
-580
-454
-361
-117
-3
-429
-922
-1032
-828
-388
-449
-514
-61
359
629
323
120
406
523
684
347
-52
-119
-539
-581
-358
26
334
-100
-399
-440
-194
168
10
71
367
609
833
772
867
948
719
464
175
163
225
36
-110
-135
18
171
61
-252
-563
-759
-769
-617
-494
-328
-327
-380
-332
-575
-694
-947
-1380
-1272
-1100
-644
-330
-443
-692
-1234
-1320
-1336
-1326
-1092
-1279
-1537
-1456
-588
1265
2556
2360
656
-758
-340
862
1545
1103
211
-25
356
992
1565
1542
686
-535
-887
141
1503
1688
632
-282
-301
218
482
317
317
504
639
663
747
867
474
-278
-576
-29
901
1163
441
-419
-787
-650
-377
-204
42
104
-329
-846
-1061
-886
-615
-655
-651
-177
607
890
458
13
0
258
617
656
318
24
-378
-674
-407
151
393
-57
-565
-623
-350
143
151
-26
231
504
655
668
688
790
722
572
424
379
402
158
-174
-233
-33
229
235
7
-266
-581
-778
-842
-722
-470
-294
-265
-334
-387
-501
-749
-1072
-1270
-1181
-918
-589
-471
-550
-669
-989
-1150
-1274
-1213
-1099
-1266
-1307
-660
1047
2454
2303
797
-705
-463
790
1643
1470
639
193
83
642
1572
1864
1223
-250
-875
97
1439
1801
771
-58
-90
190
469
373
487
702
518
366
451
687
504
-195
-438
150
980
1146
341
-579
-879
-743
-444
-116
158
210
-256
-843
-968
-662
-252
-419
-693
-491
-135
160
42
-98
169
472
676
529
343
169
-303
-586
-477
9
388
181
-327
-598
-362
-116
-131
-92
119
473
645
574
534
658
777
660
451
404
405
281
8
-197
-186
-39
-17
-171
-345
-473
-593
-763
-749
-671
-607
-420
-343
-311
-349
-631
-950
-1177
-1154
-998
-859
-658
-830
-1055
-1164
-1304
-1188
-1249
-1368
-1368
-558
1170
2173
1850
331
-942
-341
844
1540
1264
562
226
-11
547
1400
1675
1105
-350
-780
270
1410
1516
443
-165
-21
233
499
510
663
717
353
212
418
656
359
-247
-223
498
1111
1007
255
-447
-726
-724
-580
-129
281
163
-477
-1081
-871
-472
-262
-456
-824
-593
-383
-370
-296
-186
280
434
471
460
176
44
-273
-340
13
231
243
-164
-415
-382
-346
-149
-191
-184
5
106
267
381
450
531
525
658
735
626
409
110
28
129
204
199
-36
-269
-471
-556
-467
-495
-559
-718
-737
-612
-449
-354
-422
-654
-846
-858
-817
-896
-1002
-1154
-1035
-905
-908
-1034
-1240
-1268
-1197
-44
1412
2032
1302
-368
-859
152
1337
1658
686
162
22
236
1087
1554
1546
536
-625
-405
705
1682
1210
102
-91
95
497
638
622
815
622
289
262
489
656
193
-224
62
717
1065
617
-89
-478
-518
-391
-230
0
80
-232
-806
-1116
-704
-103
64
-123
-383
-404
-447
-607
-594
-254
299
501
315
226
114
-27
-154
-77
361
591
384
-124
-490
-350
-189
-218
-196
-140
-28
-48
-129
4
291
514
545
461
453
417
207
125
203
282
242
-13
-195
-312
-415
-538
-659
-604
-596
-688
-712
-621
-567
-625
-804
-765
-585
-468
-501
-643
-797
-817
-996
-1095
-1086
-1097
-1072
-726
600
1809
1904
690
-757
-597
714
1602
1443
538
133
4
366
1295
1812
1486
178
-768
-70
1228
1660
736
-158
-57
346
646
633
656
725
399
83
322
751
700
52
-208
369
1076
1056
250
-444
-546
-309
-88
112
236
8
-606
-1019
-831
-444
-288
-421
-541
-424
-239
-302
-401
-275
25
143
144
-31
-287
-466
-356
-42
246
457
274
-111
-261
-220
-55
54
-71
-306
-440
-296
-147
-41
-1
-79
-125
-118
-72
-34
30
70
47
101
126
42
-114
-429
-677
-664
-502
-355
-454
-796
-1042
-1163
-992
-784
-787
-765
-994
-1131
-938
-765
-419
-453
-626
-772
-980
-914
-856
5
1300
1586
934
-283
-459
739
1530
1533
674
53
-7
44
940
1831
1760
686
-607
-423
738
1298
766
-81
-18
335
400
544
767
929
604
36
65
503
563
117
-72
466
1023
913
268
-256
-366
-257
-96
162
421
134
-563
-884
-666
-144
4
-291
-487
-579
-525
-540
-468
-127
87
255
352
325
246
-70
-185
3
324
553
342
12
-183
-196
74
371
490
320
-20
-173
-81
105
162
66
9
61
75
-44
-154
-198
-182
-92
-41
-22
-95
-320
-553
-608
-448
-369
-443
-734
-933
-869
-725
-491
-606
-897
-1164
-1362
-1134
-755
-466
-354
-571
-726
-882
-820
-150
1001
1931
1658
479
-373
53
1164
1585
1200
625
351
353
695
1437
1758
1064
-262
-753
277
1407
1365
346
-224
12
265
377
531
824
842
299
-31
243
563
368
-90
94
748
935
463
-226
-467
-287
-125
-2
121
59
-456
-971
-826
-281
47
-158
-608
-721
-577
-377
-297
-226
-128
-209
-195
20
153
34
-290
-330
11
407
549
264
-19
-121
-108
87
249
172
-87
-314
-169
179
346
223
-50
-125
-68
-125
-253
-352
-317
-250
-274
-266
-317
-505
-874
-1093
-969
-683
-565
-847
-1054
-1073
-993
-919
-1007
-996
-965
-1131
-1046
-937
-738
-540
-800
-871
-895
-786
42
1007
1542
1085
-8
-102
823
1827
1851
983
469
444
798
1398
1836
1743
692
-294
34
1197
1891
1164
5
-253
115
516
742
889
1028
712
188
144
445
514
231
147
592
974
678
58
-300
-108
269
306
216
39
-457
-775
-751
-453
-22
-117
-475
-671
-668
-449
-361
-264
-73
-53
83
86
-91
-215
-299
-104
189
334
252
-37
-92
19
154
346
297
125
-45
-102
69
257
305
199
-7
-109
-134
-152
-147
-167
-185
-183
-256
-413
-556
-674
-641
-653
-794
-892
-1038
-1078
-1054
-1078
-1047
-1140
-1269
-1358
-1313
-1078
-894
-873
-987
-1036
-1021
-898
-781
-514
259
833
765
118
-444
4
897
1372
1173
609
373
386
738
1389
1671
1295
385
31
639
1360
1406
727
244
266
361
521
792
1053
969
448
87
158
328
326
296
611
963
773
203
-184
-115
231
407
300
230
19
-289
-422
-327
-24
24
-240
-496
-667
-640
-553
-392
-76
106
75
-130
-304
-277
-162
55
266
326
235
41
-3
115
223
252
190
103
40
46
165
336
400
326
170
126
194
187
109
54
63
112
42
-130
-281
-385
-375
-386
-516
-606
-768
-883
-855
-831
-749
-795
-972
-1115
-1199
-1002
-798
-696
-767
-967
-1013
-999
-807
-223
525
812
339
-397
-414
360
1150
1098
554
170
229
492
896
1312
1266
622
-9
76
759
1141
776
278
307
604
612
431
404
610
703
559
403
296
140
52
256
727
933
516
-151
-471
-284
187
410
276
6
-332
-391
-211
-65
-19
-203
-412
-473
-484
-354
-273
-231
-174
-151
-67
-112
-322
-466
-404
-37
240
195
-8
-222
-164
37
239
344
177
-75
-233
-106
247
412
300
89
-25
60
126
126
135
151
194
120
-20
-145
-250
-276
-238
-235
-354
-612
-843
-915
-816
-673
-662
-768
-993
-1137
-1086
-894
-677
-696
-860
-947
-942
-690
-155
395
514
47
-454
-305
383
816
596
148
7
234
521
820
1004
755
161
-143
250
868
881
299
-77
148
483
503
420
461
531
408
250
311
369
246
172
402
823
846
333
-130
-187
63
343
352
233
-35
-353
-417
-230
12
5
-274
-451
-433
-305
-200
-206
-155
-96
-8
35
-23
-156
-304
-243
36
252
251
56
-130
-135
-29
116
205
173
58
-74
-67
99
190
171
102
89
125
80
-17
-52
36
145
134
34
-91
-213
-253
-263
-241
-293
-427
-550
-626
-597
-564
-570
-601
-627
-692
-708
-685
-619
-518
-506
-580
-580
-377
122
430
279
-87
-197
201
625
669
415
198
172
311
566
836
784
334
-105
44
532
703
397
52
108
341
350
253
240
287
265
190
262
345
223
30
89
373
552
384
95
-21
11
110
211
245
182
7
-115
-74
0
-22
-138
-200
-162
-135
-142
-159
-141
-95
-36
65
111
42
-104
-196
-70
136
231
181
63
30
73
120
124
87
27
-18
-11
35
87
74
9
2
38
41
-15
-119
-121
-12
63
30
-79
-145
-149
-156
-196
-266
-317
-321
-332
-343
-324
-337
-391
-433
-410
-336
-316
-356
-398
-373
-346
-357
-351
-236
-22
111
80
-12
-52
-13
75
145
204
203
161
172
275
399
426
328
220
182
191
182
188
221
220
184
122
100
95
42
-40
-79
-22
73
102
41
-56
-140
-132
-43
37
51
-7
-90
-116
-75
-40
-14
-19
-39
-73
-93
-81
-64
-53
-36
-7
8
8
19
46
88
124
140
153
140
98
86
124
205
233
190
161
153
158
160
149
158
160
111
68
42
51
63
27
-16
-74
-137
-159
-163
-143
-155
-223
-257
-266
-285
-333
-384
-397
-391
-398
-420
-434
-437
-455
-469
-476
-452
-422
-380
-330
-316
-344
-353
-238
-47
99
119
73
68
112
174
274
384
454
449
431
501
622
690
685
645
633
644
640
663
697
718
689
638
604
573
518
445
400
386
377
344
273
185
132
99
88
45
-22
-60
-87
-115
-157
-191
-192
-193
-252
-308
-320
-304
-295
-318
-316
-306
-315
-333
-336
-296
-239
-227
-254
-277
-271
-237
-205
-185
-177
-171
-171
-157
-146
-140
-134
-126
-119
-110
-95
-105
-131
-159
-177
-155
-132
-154
-198
-257
-277
-271
-261
-239
-253
-296
-355
-409
-419
-399
-379
-375
-391
-409
-414
-404
-391
-373
-329
-297
-302
-313
-278
-156
-12
70
104
122
122
137
187
317
455
503
505
508
588
695
750
796
829
808
747
718
775
860
887
842
776
728
663
586
552
567
593
571
498
406
313
251
227
217
186
115
20
-51
-89
-116
-152
-201
-287
-365
-405
-402
-385
-398
-438
-468
-461
-447
-461
-481
-470
-419
-364
-348
-360
-380
-364
-327
-290
-241
-211
-212
-231
-221
-146
-68
-61
-117
-159
-128
-75
-43
-39
-37
-51
-91
-115
-105
-72
-77
-131
-156
-145
-143
-175
-217
-224
-220
-247
-288
-312
-304
-290
-299
-299
-272
-266
-282
-313
-311
-259
-175
-88
-33
-13
-3
24
76
147
218
277
327
365
411
463
520
572
615
650
671
667
673
709
761
810
822
799
741
668
620
616
644
649
595
513
440
385
348
305
254
196
127
64
10
-37
-87
-134
-175
-228
-306
-378
-415
-427
-451
-490
-515
-529
-552
-596
-622
-604
-585
-591
-598
-566
-523
-520
-541
-533
-480
-426
-414
-399
-355
-315
-302
-290
-253
-210
-200
-217
-195
-143
-112
-113
-133
-128
-96
-85
-88
-96
-100
-96
-99
-95
-90
-98
-114
-136
-148
-134
-114
-111
-131
-153
-149
-120
-98
-92
-97
-97
-93
-83
-44
22
75
93
92
96
124
168
216
268
299
309
321
365
430
467
474
478
484
501
517
543
575
585
579
573
574
555
516
486
481
489
489
478
449
409
352
318
312
308
274
221
185
161
130
83
34
-5
-41
-85
-117
-127
-140
-171
-217
-244
-248
-252
-272
-305
-325
-314
-294
-287
-303
-321
-325
-323
-309
-292
-279
-273
-284
-286
-266
-250
-252
-268
-267
-233
-202
-204
-220
-230
-223
-215
-216
-214
-213
-230
-254
-264
-243
-215
-215
-246
-273
-282
-274
-250
-227
-212
-212
-220
-230
-225
-198
-160
-134
-118
-104
-88
-47
9
60
93
113
125
127
142
190
255
297
306
303
326
363
388
398
409
429
431
420
419
438
459
460
450
434
408
370
342
335
341
338
304
257
213
186
180
173
161
132
93
59
42
32
26
1
-37
-76
-99
-101
-98
-94
-108
-128
-151
-167
-176
-171
-161
-147
-139
-138
-147
-161
-168
-174
-166
-143
-123
-127
-148
-165
-159
-140
-131
-147
-172
-193
-203
-211
-216
-216
-227
-251
-281
-299
-304
-312
-329
-345
-352
-348
-358
-380
-399
-403
-391
-379
-375
-378
-378
-366
-344
-314
-277
-251
-237
-226
-197
-144
-86
-36
5
45
79
113
152
200
254
296
327
356
389
416
439
466
497
526
537
529
525
528
540
542
538
528
512
492
466
441
420
405
390
369
336
294
246
211
182
163
144
115
76
31
3
-13
-23
-45
-74
-100
-116
-124
-126
-122
-124
-134
-146
-147
-136
-126
-124
-122
-113
-103
-91
-91
-96
-94
-82
-68
-60
-58
-62
-61
-61
-62
-72
-77
-92
-109
-122
-134
-143
-156
-173
-191
-208
-230
-258
-290
-310
-321
-327
-340
-363
-390
-409
-420
-422
-427
-429
-431
-436
-431
-411
-381
-354
-344
-337
-313
-272
-229
-194
-154
-109
-54
-6
33
71
108
149
199
253
309
344
371
395
434
478
515
541
552
559
568
586
597
600
595
586
570
551
529
515
498
469
439
403
369
328
287
249
215
179
138
98
62
20
-27
-70
-98
-122
-152
-185
-213
-232
-252
-273
-284
-284
-288
-299
-307
-301
-286
-274
-263
-249
-231
-224
-230
-224
-204
-181
-164
-152
-140
-131
-124
-114
-104
-96
-99
-104
-98
-87
-80
-82
-90
-103
-118
-128
-129
-131
-137
-157
-174
-185
-189
-193
-197
-204
-212
-221
-225
-219
-213
-211
-212
-207
-196
-186
-174
-162
-138
-110
-83
-54
-25
3
32
62
94
127
159
190
220
252
284
310
337
359
380
402
421
440
453
461
472
484
487
480
469
463
454
444
430
412
390
366
338
309
281
255
223
190
156
121
91
61
30
-5
-45
-85
-114
-134
-158
-185
-209
-231
-251
-269
-282
-289
-294
-305
-316
-317
-309
-304
-303
-300
-295
-285
-281
-275
-262
-245
-231
-221
-212
-201
-187
-175
-164
-150
-135
-125
-121
-118
-115
-108
-94
-85
-83
-83
-82
-79
-76
-71
-68
-65
-68
-71
-69
-60
-55
-59
-65
-69
-64
-56
-55
-52
-49
-40
-30
-20
-12
-3
8
20
33
46
59
66
76
89
106
123
135
147
156
170
186
201
215
224
229
234
243
252
258
258
252
249
251
250
247
240
231
222
210
202
195
184
170
152
135
126
113
95
77
58
44
26
6
-14
-32
-46
-60
-70
-80
-91
-107
-121
-128
-129
-131
-137
-143
-146
-148
-147
-147
-147
-146
-144
-139
-137
-130
-127
-126
-122
-115
-106
-99
-93
-94
-93
-90
-79
-70
-67
-67
-66
-58
-51
-47
-49
-48
-48
-48
-47
-41
-35
-37
-46
-47
-42
-35
-35
-36
-35
-29
-24
-22
-21
-17
-14
-13
-9
-1
8
15
18
20
28
33
36
40
48
57
65
70
73
76
79
83
88
92
96
97
94
95
99
100
97
94
90
88
85
85
83
80
76
70
65
62
56
49
43
38
35
31
26
20
15
9
6
1
-1
-1
-2
-5
-10
-12
-13
-15
-18
-17
-15
-12
-16
-18
-18
-19
-16
-14
-15
-17
-21
-23
-19
-17
-15
-16
-21
-25
-26
-27
-25
-24
-25
-28
-33
-37
-39
-43
-45
-47
-49
-49
-48
-46
-47
-50
-53
-54
-54
-54
-55
-53
-51
-50
-51
-49
-47
-45
-45
-43
-37
-31
-26
-21
-19
-15
-11
-4
2
7
9
10
15
19
24
27
29
31
32
36
38
44
49
49
53
58
59
59
56
57
57
57
56
52
51
49
46
44
45
44
42
39
37
36
36
34
30
26
23
20
16
15
12
7
5
5
5
3
-3
-7
-9
-7
-7
-7
-10
-14
-17
-20
-20
-17
-19
-23
-26
-24
-24
-24
-25
-27
-28
-27
-27
-28
-30
-32
-33
-33
-31
-30
-30
-31
-35
-37
-36
-33
-30
-31
-31
-33
-31
-29
-28
-26
-26
-25
-24
-22
-18
-16
-17
-16
-14
-13
-10
-6
-5
-3
-1
2
5
10
12
14
15
19
20
25
28
29
30
31
35
37
35
35
35
35
33
34
36
38
35
32
31
31
30
27
25
22
22
22
19
15
13
10
7
4
2
1
-2
-6
-9
-10
-12
-10
-10
-12
-14
-16
-16
-16
-16
-15
-15
-16
-17
-16
-18
-16
-18
-16
-15
-14
-14
-13
-13
-11
-9
-8
-8
-9
-8
-7
-7
-6
-5
-5
-4
-3
-3
-2
-2
-3
-3
-2
-2
-2
-2
-2
-2
0
-1
-2
-4
-5
-4
-4
-2
-1
-3
-2
-3
-4
-5
-5
-5
-6
-6
-6
-3
-3
-4
-4
-4
-4
-3
-3
0
1
1
1
1
2
2
2
3
3
4
4
4
4
6
6
7
6
6
4
5
7
9
8
5
3
2
2
2
4
4
5
2
3
1
2
0
-1
-2
-3
-2
-2
-1
-2
-3
-3
-4
-4
-3
-2
-2
0
0
1
1
1
1
2
4
7
9
9
8
9
9
11
11
10
10
10
11
11
12
13
14
12
13
13
13
12
13
14
15
13
11
9
11
11
12
12
11
10
7
5
4
4
2
-1
-2
-2
-2
-2
-5
-4
-6
-6
-7
-7
-8
-7
-8
-7
-9
-10
-10
-11
-11
-11
-10
-9
-10
-11
-12
-11
-9
-10
-11
-13
-13
-13
-14
-12
-11
-9
-11
-10
-10
-8
-9
-8
-6
-6
-6
-6
-6
-5
-4
-4
-3
-3
-3
-5
-4
-3
-4
-4
-4
-6
-5
-5
-5
-3
-3
-3
-3
-3
-4
-6
-7
-6
-5
-4
-4
-4
-4
-3
-4
-2
0
0
-1
-2
0
2
4
2
3
3
2
2
2
6
6
6
6
8
10
9
9
11
12
13
11
10
10
9
8
8
9
8
7
4
3
4
6
5
5
4
2
3
2
1
0
1
2
3
2
2
1
2
2
3
3
4
4
2
3
3
3
3
3
2
1
2
1
0
1
-1
-1
-2
-2
-2
-3
-4
-3
-2
-3
-2
-3
-4
-4
-3
-3
-1
-2
-1
-1
-1
-1
-1
-2
-3
-1
0
1
2
2
2
2
2
3
2
1
3
3
5
4
4
4
4
4
4
4
4
2
3
2
2
1
1
1
2
2
1
1
1
1
1
1
1
0
-3
-3
-5
-5
-4
-3
-2
-4
-5
-5
-5
-5
-5
-6
-6
-4
-6
-6
-6
-7
-7
-9
-9
-10
-11
-11
-11
-10
-9
-8
-8
-8
-8
-8
-6
-5
-5
-5
-5
-5
-5
-5
-3
-3
-4
-4
-2
-2
-1
-1
0
-1
-1
-1
-1
-2
-2
0
-1
2
1
1
2
2
2
1
2
2
2
2
4
4
3
3
2
2
3
3
3
2
1
1
0
3
1
2
1
0
0
1
1
0
1
0
-1
-1
-1
0
0
0
1
0
-1
0
0
0
2
2
1
1
1
0
1
2
3
4
4
4
6
5
5
6
4
4
5
5
5
6
7
7
6
6
7
7
6
5
5
6
7
6
7
7
8
9
7
8
8
7
6
6
8
6
7
6
5
6
7
7
6
6
5
6
5
4
2
3
3
3
3
2
2
2
2
1
2
2
1
2
2
2
1
0
0
0
-1
-1
0
-1
0
-1
-2
-4
-3
-4
-5
-6
-3
-3
-3
-3
-4
-5
-5
-5
-5
-5
-4
-5
-5
-6
-6
-7
-7
-7
-7
-8
-8
-7
-6
-7
-6
-5
-5
-6
-7
-6
-6
-6
-6
-6
-5
-5
-6
-7
-7
-6
-7
-8
-7
-6
-6
-4
-4
-6
-6
-5
-4
-4
-6
-4
-5
-4
-5
-5
-4
-4
-3
-3
-4
-4
-3
-4
-3
-2
0
0
0
1
1
1
1
2
2
2
1
3
3
4
4
3
3
3
3
3
4
4
4
4
4
4
5
5
3
6
5
5
4
4
4
3
4
4
2
1
0
2
2
1
1
1
1
1
1
0
-2
-1
-1
-1
-2
-3
-3
-4
-3
-3
-3
-2
-2
-2
-2
-2
-1
-2
1
1
1
2
1
2
3
4
3
3
4
4
5
5
5
5
5
6
5
5
3
2
1
0
1
1
1
1
1
0
-1
-2
-3
-4
-4
-4
-4
-4
-3
-4
-4
-4
-3
-1
-1
0
0
0
0
-1
1
3
3
4
6
6
8
7
8
9
9
10
10
11
11
9
12
12
11
11
11
12
11
10
10
10
8
8
8
8
8
7
7
7
6
3
3
2
2
1
3
2
2
2
1
0
-1
-2
-4
-4
-5
-6
-6
-7
-7
-7
-8
-8
-8
-8
-8
-8
-7
-6
-6
-5
-7
-5
-4
-4
-4
-3
-2
-4
-3
-2
-5
-4
-5
-5
-5
-5
-4
-3
-4
-3
-3
-4
-6
-5
-6
-5
-6
-7
-8
-9
-10
-10
-11
-10
-10
-9
-9
-9
-8
-7
-7
-6
-5
-5
-4
-3
-4
-4
-2
-1
-1
-1
1
2
2
3
3
4
4
3
4
5
4
4
3
3
4
5
5
5
4
5
5
4
5
3
3
1
1
0
0
1
2
0
-1
-2
-2
-3
-2
-2
-3
-4
-4
-3
-3
-3
-3
-4
-5
-4
-4
-4
-3
-3
-4
-4
-4
-4
-3
-2
-1
-1
1
2
3
4
5
6
6
6
7
7
8
8
9
10
9
11
11
10
10
10
11
11
10
10
9
9
10
10
10
9
7
7
7
8
7
6
4
4
2
2
1
1
1
0
1
1
0
-1
0
0
1
-1
-1
-1
-1
-1
-1
-1
-2
-3
-1
-1
1
1
1
1
0
1
-1
0
0
0
1
1
0
-1
-1
-1
-2
-3
-2
-2
-2
-3
-3
-4
-5
-5
-5
-6
-5
-5
-5
-6
-7
-8
-8
-7
-6
-6
-6
-6
-6
-7
-4
-4
-6
-6
-5
-4
-4
-2
-1
-3
-3
-3
-4
-3
-2
-1
0
1
1
-1
-1
-1
-1
-2
-1
0
-1
-1
-2
-2
-2
-3
-3
-2
-2
-1
-1
-1
0
0
-1
0
0
-1
0
-1
-2
0
-1
0
-1
-1
0
0
0
0
0
0
0
1
0
0
0
0
0
-1
-1
-1
-1
0
0
1
2
1
0
1
2
0
1
1
1
2
1
1
2
3
2
3
3
5
4
5
5
5
5
6
6
7
7
7
6
6
4
6
5
5
5
4
5
4
4
5
6
5
5
5
6
6
6
6
8
7
8
7
8
7
8
9
9
8
9
7
8
7
6
5
5
6
4
4
4
2
2
1
1
0
-1
-2
-2
-2
-3
-5
-4
-6
-7
-8
-8
-9
-10
-11
-12
-11
-11
-11
-12
-12
-10
-10
-10
-11
-11
-10
-10
-10
-9
-8
-8
-8
-6
-6
-6
-5
-5
-6
-5
-5
-3
-3
-3
-4
-4
-4
-3
-3
-4
-4
-2
-1
0
-1
-1
-2
-3
-3
-4
-3
-2
-3
-3
-4
-5
-4
-5
-5
-5
-5
-6
-7
-8
-9
-9
-9
-7
-7
-7
-8
-8
-7
-6
-7
-7
-7
-6
-5
-6
-4
-4
-3
-4
-2
-3
-3
-2
-2
-1
1
1
2
3
3
3
3
3
4
3
3
3
3
3
3
2
2
2
1
1
1
3
2
2
1
1
0
0
1
1
2
2
1
2
2
2
4
4
5
5
4
5
5
5
7
8
7
9
9
8
7
8
8
8
9
9
9
9
9
9
9
9
9
8
9
9
9
8
8
9
9
7
6
6
7
8
7
7
7
6
5
6
5
5
5
2
1
1
1
0
0
0
0
-1
-1
-1
-2
-1
-1
-1
-2
-2
-4
-4
-2
-1
-2
0
-1
-1
-1
0
0
0
-1
0
1
1
1
2
1
0
0
-1
-1
0
-2
-2
-1
-1
-1
0
-1
0
0
0
-1
-2
-3
-4
-3
-4
-4
-4
-3
-3
-4
-4
-4
-4
-5
-5
-4
-3
-2
-3
-2
-1
-1
-1
-2
-3
-2
-3
-3
-2
-2
-2
-2
-1
1
0
-1
0
0
0
2
2
1
1
1
0
1
0
0
0
0
-1
-1
-2
-3
-3
-3
-2
-3
-3
-3
-3
-2
-2
-4
-5
-6
-5
-5
-6
-5
-7
-6
-6
-5
-5
-5
-6
-5
-5
-5
-5
-4
-3
-3
-3
-2
-2
-1
-1
-1
0
2
1
2
2
1
1
2
2
2
2
2
2
0
0
1
1
1
2
1
1
1
1
-1
-2
0
-2
-1
-1
-1
-2
-1
-2
-2
-3
-2
-4
-4
-4
-4
-3
-2
-1
-2
-2
-1
-2
-1
-1
-1
0
1
1
2
3
3
2
2
2
4
5
5
5
6
5
6
6
7
7
7
7
7
8
7
7
8
9
8
9
9
8
7
7
7
7
5
6
6
5
4
3
1
2
3
2
2
2
1
1
0
0
1
-3
-3
-3
-4
-5
-4
-4
-4
-5
-3
-4
-5
-4
-4
-6
-6
-6
-5
-6
-5
-6
-7
-6
-6
-6
-6
-6
-7
-7
-7
-7
-6
-6
-7
-7
-7
-7
-7
-7
-6
-6
-6
-7
-8
-7
-7
-7
-7
-6
-6
-7
-6
-7
-7
-6
-6
-5
-7
-5
-5
-5
-5
-6
-5
-4
-3
-2
-1
-1
-1
0
0
1
1
3
3
4
4
4
5
5
5
5
5
6
6
7
7
6
6
7
7
7
6
6
6
7
7
8
8
7
6
5
5
6
6
7
8
7
6
6
7
6
6
6
7
8
8
7
9
9
10
9
9
8
7
8
9
9
11
10
9
8
8
7
5
5
5
6
5
4
4
4
6
6
5
4
3
2
2
3
2
3
2
3
2
1
-1
1
-1
-2
-2
-2
-2
-2
-2
-1
-2
-3
-3
-3
-3
-3
-3
-2
-4
-4
-5
-4
-3
-2
-2
-2
-1
-1
-1
-1
-2
-2
-1
-1
-1
-1
-2
0
-1
0
0
0
-1
-2
-2
-2
-2
-2
-3
-3
-4
-5
-6
-5
-6
-5
-6
-7
-7
-7
-7
-7
-9
-8
-8
-7
-8
-9
-9
-9
-8
-10
-8
-9
-9
-9
-8
-8
-7
-6
-7
-6
-6
-4
-5
-3
-4
-4
-3
-4
-3
-2
-3
-2
-2
-2
0
-1
-1
-1
0
-1
-2
-1
-2
-1
0
1
1
1
0
0
0
0
1
2
0
0
1
2
1
1
1
1
1
3
2
2
2
2
2
1
3
4
4
3
3
3
3
2
1
2
2
2
2
3
3
3
3
2
1
1
1
2
2
3
4
3
4
4
4
5
4
4
5
5
5
5
6
8
7
6
7
6
5
5
6
5
6
6
5
4
4
4
2
3
4
4
4
4
5
6
5
4
6
6
5
6
5
6
6
7
6
5
6
6
6
6
7
6
5
5
4
4
2
2
2
2
3
1
0
0
-2
-2
-3
-3
-4
-6
-6
-6
-5
-7
-8
-8
-10
-10
-10
-10
-11
-11
-10
-11
-11
-10
-11
-10
-10
-9
-9
-10
-9
-9
-10
-8
-8
-7
-8
-9
-9
-9
-9
-9
-8
-7
-7
-6
-6
-6
-6
-7
-6
-6
-5
-6
-4
-3
-4
-3
-2
-2
-1
1
2
2
3
3
3
3
3
4
4
3
5
6
5
6
6
5
6
5
6
6
7
8
8
9
8
10
9
9
11
10
11
10
10
10
9
10
11
11
11
12
11
11
10
9
8
9
9
9
9
9
10
8
8
8
7
5
4
3
3
1
0
-1
0
0
-1
-2
-1
-2
-3
-3
-3
-3
-2
-3
-3
-3
-3
-3
-2
-2
-2
-1
-1
-2
-1
-1
-1
-2
-2
-2
-2
-2
-1
-2
-2
-2
-2
-2
-3
-2
-2
-3
-3
-2
-3
-4
-4
-3
-3
-4
-4
-3
-3
-2
-3
-4
-3
-3
-4
-4
-4
-4
-3
-3
-3
-2
-2
-4
-3
-3
0
-1
-2
-2
-1
-1
0
1
1
1
0
0
0
0
-1
-1
-2
-3
-1
-3
-4
-5
-6
-5
-6
-6
-5
-5
-6
-7
-6
-6
-6
-6
-5
-5
-6
-4
-5
-3
-5
-5
-5
-4
-5
-5
-5
-4
-4
-4
-5
-5
-4
-5
-4
-4
-3
-3
-3
-2
-3
-1
-1
0
1
2
2
2
1
1
2
2
1
3
3
4
4
4
4
4
4
3
4
5
4
3
3
3
3
2
2
2
1
0
0
-1
-1
-1
-1
-1
-1
-2
-2
-3
-1
-2
-2
-2
-2
-1
-1
-2
0
0
1
1
1
2
2
4
5
4
5
6
6
5
6
5
6
7
7
7
6
6
6
6
6
5
5
6
4
4
3
3
2
3
3
3
2
3
4
4
3
3
2
2
0
1
1
0
-1
0
1
1
1
2
1
1
0
1
0
1
1
1
0
-1
-1
-1
-2
-1
-2
-2
-2
-2
-2
-3
-2
-2
-2
-2
-2
-2
0
1
1
-2
-2
-1
-2
-1
-1
0
0
-1
-1
-3
-3
-2
-3
-2
-3
-3
-4
-5
-5
-6
-6
-6
-6
-6
-6
-7
-6
-6
-6
-7
-7
-6
-5
-5
-5
-5
-4
-4
-3
-3
-3
-3
-2
-3
-3
-3
-2
-4
-3
-3
-3
-3
-4
-2
-1
-1
0
0
-2
-2
-2
-1
-2
-2
-1
-2
-3
-2
-3
-3
-3
-2
-2
-3
-3
-2
-1
-1
0
0
2
2
3
3
4
5
6
6
6
7
6
5
6
6
5
6
7
7
7
7
6
4
5
5
5
5
4
3
4
4
4
2
3
3
2
2
3
1
2
1
1
0
-1
0
0
0
1
0
0
-1
-1
-2
-2
-2
-2
-1
-1
-1
-1
-1
0
-1
-1
-1
-1
-2
-1
0
-1
-1
0
0
-1
1
-1
0
1
1
0
1
1
1
2
1
2
2
2
3
2
3
2
3
4
3
2
3
3
2
3
2
1
1
0
0
0
-1
-2
-2
-3
-3
-4
-4
-3
-4
-5
-5
-4
-5
-4
-5
-5
-5
-5
-6
-7
-6
-5
-5
-7
-5
-5
-4
-3
-5
-3
-3
-2
-2
-2
-3
-2
-1
-1
-1
-1
0
0
0
0
1
1
2
2
2
2
1
2
1
2
3
3
2
3
4
4
5
5
5
5
4
4
5
4
4
4
4
4
4
4
4
3
2
2
2
1
1
1
0
-1
0
0
0
-1
-1
0
-1
0
0
-2
-1
0
-1
-1
0
-1
-3
-2
-2
-3
-3
-4
-5
-5
-5
-5
-5
-4
-4
-4
-2
-2
-2
-3
-3
-4
-2
-2
-3
-2
-2
-2
-2
-1
-1
-1
-1
0
-1
0
1
2
2
3
1
2
3
3
4
4
5
4
4
6
5
5
5
6
6
7
6
6
6
5
5
4
4
3
3
4
4
2
3
3
3
3
3
3
4
4
3
3
5
4
3
3
2
2
2
2
1
1
0
0
-1
-1
-1
-1
0
-2
-1
-1
-2
-1
-2
-1
-1
-1
-2
-1
0
-1
-2
-2
-3
-1
-2
-2
-2
-2
-3
-3
-2
-4
-2
-3
-3
-3
-3
-2
-3
-2
-3
-2
-2
-2
-2
-2
-1
-2
-2
-5
-4
-5
-5
-5
-4
-4
-3
-4
-3
-4
-4
-3
-3
-1
-1
-1
0
1
0
0
1
0
2
2
1
1
1
2
4
4
4
3
0
0
1
1
-1
-1
-2
0
0
-1
-1
1
-1
0
-2
-2
-2
-3
-3
-4
-4
-4
-4
-3
-3
-3
-3
-3
-4
-2
-2
-2
-3
-2
-4
-2
-3
-2
-1
-1
0
0
0
1
1
1
1
1
1
3
3
3
2
3
3
3
3
3
4
4
6
6
5
6
8
8
8
10
9
8
10
9
9
8
8
6
5
6
5
3
3
2
2
2
1
0
-1
0
-1
-2
-2
-2
-1
-2
-2
-2
-2
0
-1
-1
-2
-1
-3
-3
-4
-3
-3
-2
-3
-3
-1
-1
0
-2
-1
-1
-1
-1
-1
0
1
0
0
0
-1
0
0
1
1
-1
0
-1
0
-1
-1
-1
-1
-1
-2
0
1
0
-1
-1
-1
-1
-1
0
-2
-2
-1
-1
-1
-1
-1
0
-1
-1
0
-1
-2
-2
-2
-2
-1
-3
-1
-2
-1
0
-1
-1
-1
0
1
0
1
1
3
3
2
1
1
-1
-1
0
-1
-1
-2
-1
-1
-3
-3
-3
-3
-4
-4
-5
-4
-4
-5
-5
-4
-5
-5
-4
-4
-5
-4
-4
-3
-3
-2
-2
-2
-2
0
0
1
1
1
1
1
2
3
3
3
4
6
5
5
5
6
5
4
5
5
5
5
5
5
5
3
3
4
4
3
4
3
3
2
2
3
3
3
4
3
2
2
3
2
3
2
2
0
0
0
0
1
0
1
1
1
2
1
0
1
1
1
1
2
4
3
2
2
4
4
4
6
6
5
4
4
3
4
4
1
2
1
2
2
2
2
2
1
0
-2
-2
-1
-1
