-5
23
38
6
16
10
-13
-27
-32
-1
6
5
-10
-51
-53
15
18
29
18
-10
-9
-13
74
55
-44
-30
-26
38
-5
-62
-3
-2
16
-25
-43
19
35
3
11
0
3
-47
21
3
-37
9
-57
6
-14
12
10
0
-10
-50
21
26
3
-58
-59
-45
-52
35
30
18
-35
-53
-9
53
114
66
9
-39
12
52
101
39
-41
-16
-37
-2
10
12
39
-12
7
-26
4
46
6
27
-24
0
-34
-16
17
30
51
0
-36
-67
48
80
2
-11
-40
9
3
22
67
-21
-3
-62
-52
25
52
29
-55
-15
28
44
29
-6
-15
-1
12
-25
2
18
31
-21
-18
21
37
84
-29
35
30
29
63
-17
62
-2
7
-8
-16
40
-44
-36
-74
13
-3
-1
-35
-96
42
-8
21
-43
-25
-17
-44
50
-2
13
-60
-27
-11
14
30
-47
31
-6
6
-58
-18
42
-17
8
-13
-37
-56
-1
17
33
-31
-19
-10
5
39
-13
22
-33
25
13
1
16
-18
14
-9
13
-27
-41
-30
-13
4
9
-8
-25
-45
3
52
-2
10
-14
0
0
9
15
-23
13
-3
7
-13
-2
24
-15
7
-21
-7
-18
19
-24
-59
-7
17
52
-35
28
-1
-16
78
56
70
-7
-10
16
-13
35
37
-33
-52
-55
9
36
5
23
-43
15
22
-20
-9
12
61
-57
-41
-19
-35
-22
-28
14
-57
-4
-17
-57
48
56
33
-38
14
52
35
7
-32
-14
6
72
-56
-8
21
41
7
-53
50
-4
34
-2
12
-2
21
12
1
22
18
32
-36
21
72
83
18
-1
-10
25
54
52
-21
-38
-11
-17
19
18
43
-38
-21
5
-2
44
50
-13
-49
48
52
15
-14
33
17
-2
60
-47
21
77
46
-4
-74
81
37
27
-24
-46
59
27
19
-71
14
54
4
-2
44
50
-37
-1
-31
30
-3
-47
-14
-93
22
-7
-72
-29
-34
-20
0
-5
18
-26
-13
-1
-67
-7
26
-38
-103
-63
-49
-5
-49
-61
-34
-45
0
-85
-35
45
12
16
-44
-23
0
7
48
12
-2
5
-43
-41
22
9
13
-39
-67
-19
-24
17
11
-24
24
-2
-23
33
-1
58
18
-16
59
-28
24
-16
-7
31
-48
-44
-50
0
25
-3
15
16
-37
-29
2
47
70
-11
-26
-21
25
58
-1
23
-2
-4
-19
-4
-2
12
28
-17
-13
1
26
14
15
21
3
-9
5
11
62
59
-6
-64
-35
64
25
-33
-47
-14
-22
-43
-8
10
18
-21
-82
-33
73
57
-22
-27
3
27
-4
-6
20
-19
21
-41
-39
10
3
25
-46
-2
7
-21
27
-1
23
40
-7
-34
-44
70
91
-2
-1
17
31
-12
6
38
74
67
-46
-64
5
96
18
-47
-15
-11
-44
-11
29
28
-1
-6
7
-10
73
17
30
-10
18
34
7
38
-49
4
-13
60
-25
-48
8
-48
19
-26
-4
-13
-33
-9
-20
9
-3
3
-1
-7
-18
-9
16
32
23
10
-14
-34
-28
-24
22
3
-37
-75
-22
23
-29
-9
-12
-7
-38
-69
-9
-2
49
-24
-76
-15
-13
-5
-72
-1
25
-37
-23
-60
-6
28
4
-16
-69
28
31
-5
13
13
37
-7
21
9
32
39
15
-20
-33
27
14
-8
-12
11
19
17
-5
2
32
40
10
-29
6
41
47
-8
-23
-6
-7
26
-21
21
12
-34
-33
-36
55
13
-7
-30
-19
-6
-6
-16
15
30
-6
-21
-42
27
23
30
-17
-13
-6
-9
2
-33
21
13
10
-39
-68
12
-1
6
11
-25
8
-8
26
19
12
41
-15
13
13
15
6
-8
13
-7
-15
-4
3
-6
-8
-10
2
43
15
-28
-7
48
65
-9
-20
28
18
23
-12
-1
20
15
14
-24
38
29
-6
-45
34
37
14
-10
-34
36
5
30
-7
7
30
4
-14
-1
53
59
3
-25
19
10
44
33
-15
-7
1
14
2
21
24
2
-20
-26
0
13
43
22
-13
-38
-19
19
-10
20
-5
-16
-28
-32
0
4
46
8
-39
-32
-10
14
31
14
-2
-39
-26
-19
8
16
-8
-10
-37
-30
-11
29
10
-5
-29
-27
-38
15
15
9
12
-28
-28
-29
35
32
10
-5
-35
-38
-5
16
10
-10
-16
-29
-50
-25
18
7
3
-34
-24
-7
1
9
-15
15
11
-1
-30
-7
35
37
0
-36
-10
21
-10
-4
-19
14
4
-36
-24
-17
37
6
-1
-20
10
13
-5
7
3
8
-8
-7
0
3
7
4
-9
9
5
-12
-9
17
19
7
1
3
-13
-4
16
1
0
9
0
-16
-9
6
29
3
6
-27
-12
22
12
4
-22
3
6
-21
2
-9
-7
8
-4
5
-27
37
13
5
9
20
10
-8
26
-8
26
19
29
-15
-2
27
6
11
-3
13
4
27
5
-9
-17
15
25
-24
7
2
21
-15
11
43
1
18
-39
11
5
28
9
-41
23
-9
11
-37
-4
12
-38
-7
-25
8
-6
-9
-6
-23
15
7
-24
-12
13
19
2
7
10
-9
16
4
7
14
13
5
-38
1
-6
9
-4
-23
-2
-26
7
-7
2
-8
-18
-10
-12
10
5
-19
-16
-1
-19
-26
-10
-3
-29
-15
-11
-8
-9
-18
-11
-16
3
-19
-17
19
20
6
-25
-7
16
9
-16
-12
21
12
-11
-27
-8
12
22
-7
-20
10
4
15
-10
12
14
4
15
-11
10
-1
8
6
-20
3
-7
8
-11
-9
17
7
0
-21
7
21
11
-12
-13
-4
8
-8
-15
1
12
9
-32
-7
-7
14
-1
-14
-3
-4
10
-16
-5
7
27
1
-8
14
29
32
5
10
13
21
8
-13
1
24
20
-4
-4
13
21
13
8
22
16
19
-2
-7
16
22
16
-4
3
17
6
5
7
4
18
9
12
-9
12
14
-5
1
-1
11
0
0
7
9
1
11
-2
-1
5
2
-1
-2
12
-8
-2
1
16
-6
-1
10
-1
13
-6
6
-1
0
-7
-17
-4
-6
-4
-24
-18
-9
-6
-4
-12
-8
-23
-9
-5
-13
-17
-15
-17
-21
-24
-12
-15
-6
-12
-20
-10
-6
1
2
-10
-3
-5
-7
-11
-21
0
-8
0
-15
-14
2
-9
6
-15
8
-3
11
4
-5
20
-4
13
-18
3
2
8
11
-8
18
-8
-3
-7
7
12
-16
-12
-21
-4
-2
-12
-7
-6
1
-14
-10
-1
7
13
-11
-3
-12
-4
-1
-5
7
-3
1
-16
-9
7
4
-2
-9
-9
-9
-5
-2
-1
-5
-5
-10
-5
2
5
3
6
4
-5
10
4
6
1
3
-1
-7
-1
-4
2
1
-4
4
2
-2
-5
3
8
1
1
-8
7
-1
6
9
12
14
5
13
13
24
10
7
10
20
22
8
5
6
19
17
5
3
4
14
6
2
16
17
18
3
1
7
17
9
-6
-1
5
13
-1
-3
2
9
4
-6
-1
6
15
7
-4
-7
0
3
-8
-5
2
3
-6
-7
0
8
7
-2
-2
4
13
1
-6
-5
7
1
-6
-6
-4
4
-4
-7
-8
-3
-3
-6
-6
-4
-2
-3
-7
-4
4
3
-6
-11
-2
0
7
-2
-8
-3
-1
0
-2
2
1
2
-8
-4
-3
-1
-5
-12
-6
-8
-1
-7
-7
-5
-6
-3
-10
-5
-5
-3
-3
-6
-6
-8
-1
-5
-4
-4
-3
-1
-6
0
-4
0
-3
-3
-2
-1
2
-6
-6
-7
0
0
-3
0
-5
1
3
6
5
5
6
2
0
0
0
0
-3
-7
-6
-4
-1
-3
-1
-1
4
1
0
-1
1
5
-1
3
-3
3
3
5
4
3
6
-2
1
-4
-1
-3
1
-1
1
5
1
4
-1
3
4
5
0
0
5
9
9
6
11
6
8
7
7
13
11
11
3
4
9
13
7
3
4
2
2
4
6
8
4
5
4
6
9
3
-1
2
11
7
6
4
3
6
3
2
2
4
5
3
3
3
2
-2
-1
-2
-1
1
-1
-3
-2
3
2
-1
-3
-5
-4
-1
0
1
3
-1
0
-2
-1
-5
-7
-5
-5
-5
-6
-5
-7
-8
-8
-9
-8
-5
-7
-4
-3
-1
-4
-7
-6
-8
-3
-6
-6
-10
-7
-7
-7
-7
-6
-2
-7
-4
-6
-2
-4
-6
-6
-6
-2
-2
-1
-3
1
-2
-2
-1
0
0
2
4
3
1
0
1
-3
-2
-4
-6
-5
-1
1
-1
3
3
0
1
0
-4
-1
1
0
0
-2
-1
-2
-2
-1
-2
-2
-3
-5
-4
-1
-1
-1
2
4
3
1
-1
-3
0
-1
-1
-5
-2
0
-2
-4
-2
-1
-3
0
-3
-1
1
2
1
1
3
3
3
6
9
7
9
6
1
1
5
2
1
-1
-1
0
1
2
1
4
4
3
2
3
4
6
6
6
3
3
3
1
0
1
1
2
1
-1
1
4
4
4
3
5
10
9
6
8
9
8
8
10
9
10
9
5
5
5
5
2
4
6
3
4
3
4
3
2
-1
0
0
0
1
-3
-4
-2
-1
0
0
1
1
4
5
7
7
7
6
8
8
8
9
6
7
7
5
4
2
1
0
-1
-2
-3
-4
-5
-5
-6
-7
-8
-11
-11
-11
-9
-10
-9
-8
-8
-7
-9
-8
-7
-4
-1
-3
-2
-3
-2
-1
0
0
-1
0
-3
-3
0
0
-1
-4
-4
-5
-6
-7
-7
-6
-7
-8
-9
-9
-8
-8
-8
-5
-4
-7
-7
-4
-1
2
7
6
8
8
9
8
7
8
8
6
7
7
5
4
2
-1
-1
-1
-5
-7
-7
-7
-10
-10
-13
-14
-14
-14
-14
-12
-11
-13
-12
-8
-6
-4
-3
-1
2
6
8
8
8
10
12
11
13
13
13
12
10
9
6
4
0
0
0
-2
-3
-4
-8
-10
-11
-13
-14
-17
-18
-18
-17
-14
-11
-9
-8
-5
0
5
9
12
15
17
19
19
24
24
25
24
25
25
25
22
17
15
11
11
8
4
-1
-4
-5
-10
-13
-15
-18
-22
-23
-24
-23
-23
-24
-24
-20
-18
-14
-11
-8
-4
1
4
7
11
15
18
18
21
22
24
25
24
22
21
18
14
12
10
6
2
-2
-7
-9
-12
-15
-15
-19
-23
-26
-25
-24
-23
-21
-21
-18
-16
-11
-7
-3
0
3
5
8
15
17
22
23
24
25
25
26
25
25
23
18
16
11
8
5
0
-5
-10
-16
-19
-24
-27
-31
-35
-37
-38
-38
-39
-38
-38
-34
-30
-26
-22
-18
-12
-6
1
4
10
16
23
29
32
38
43
46
47
46
46
44
41
38
34
26
22
13
3
-5
-14
-23
-35
-44
-52
-58
-63
-67
-70
-72
-72
-68
-62
-56
-48
-37
-28
-16
-4
8
24
36
49
61
73
81
89
94
95
94
90
85
77
68
55
41
24
7
-9
-27
-43
-61
-77
-91
-103
-113
-121
-124
-124
-117
-109
-96
-82
-65
-44
-22
4
28
51
73
93
113
130
143
153
158
159
155
147
134
118
99
77
51
23
-6
-35
-63
-91
-116
-141
-161
-178
-189
-193
-193
-186
-175
-160
-139
-117
-91
-62
-30
3
33
65
93
120
146
167
182
193
198
196
190
178
164
144
119
91
63
32
-1
-32
-62
-91
-120
-143
-160
-170
-176
-178
-174
-164
-150
-131
-109
-84
-53
-26
5
38
69
99
125
147
167
180
189
191
189
182
169
151
129
106
79
49
18
-14
-47
-78
-105
-130
-152
-168
-181
-189
-193
-192
-185
-175
-160
-145
-124
-101
-76
-52
-25
0
24
46
64
79
92
100
104
106
104
99
92
81
67
51
36
19
1
-13
-28
-40
-49
-57
-62
-65
-65
-63
-58
-50
-39
-27
-15
2
15
31
46
60
71
80
88
93
94
92
89
83
76
67
54
42
31
16
2
-10
-23
-33
-43
-49
-55
-59
-61
-60
-55
-50
-44
-36
-29
-20
-9
2
12
20
26
32
38
41
41
40
36
33
28
21
15
7
-2
-10
-19
-25
-33
-38
-41
-44
-46
-46
-44
-42
-38
-30
-21
-11
-2
7
16
24
34
40
46
51
55
59
60
61
57
53
48
40
33
26
18
9
-1
-10
-17
-25
-30
-36
-41
-40
-40
-38
-38
-35
-31
-25
-20
-11
-3
4
10
16
23
28
33
36
40
43
41
39
36
32
26
17
10
0
-6
-13
-21
-29
-34
-42
-47
-52
-58
-57
-58
-58
-56
-53
-51
-45
-38
-30
-23
-17
-9
-2
6
13
19
25
27
33
34
37
37
35
34
32
30
27
22
19
15
9
6
2
-3
-5
-9
-14
-17
-18
-18
-17
-17
-15
-15
-14
-11
-10
-6
-3
-1
4
7
9
13
15
17
17
19
17
16
16
15
13
12
8
4
0
-3
-7
-10
-13
-18
-21
-21
-23
-24
-25
-27
-27
-26
-26
-23
-20
-18
-13
-9
-5
0
2
7
11
14
19
22
25
27
29
30
31
31
32
29
26
23
23
19
15
10
7
4
0
-4
-7
-11
-13
-16
-17
-19
-21
-21
-21
-20
-18
-18
-16
-14
-12
-9
-6
-2
-1
1
4
5
6
9
10
12
12
11
8
7
7
6
5
5
5
3
3
3
0
2
1
-2
-2
-3
-4
-4
-6
-5
-2
-2
-1
0
1
2
3
3
4
6
7
8
7
7
6
5
4
3
1
1
0
0
-2
-4
-5
-6
-8
-12
-11
-11
-13
-14
-15
-17
-16
-16
-17
-17
-17
-18
-18
-16
-14
-12
-10
-8
-6
-2
-2
0
2
3
5
8
11
11
12
12
14
15
15
16
17
17
15
15
15
13
13
12
11
10
7
5
3
1
2
1
0
-3
-4
-6
-7
-7
-6
-7
-6
-3
-3
-2
0
1
3
6
7
7
8
10
10
12
12
12
10
8
8
7
6
5
2
-1
-3
-5
-7
-9
-11
-12
-15
-15
-16
-17
-19
-18
-17
-17
-15
-12
-12
-11
-8
-5
-2
2
4
6
10
13
16
18
21
20
21
23
22
22
22
22
21
20
18
16
12
10
7
5
2
1
-1
-3
-4
-4
-5
-6
-8
-9
-10
-6
-4
-5
-4
-2
-1
1
1
2
1
0
0
1
-1
-1
-2
-3
-4
-5
-7
-10
-11
-12
-11
-12
-13
-15
-16
-15
-14
-12
-13
-11
-9
-8
-6
-6
-4
0
1
2
2
3
5
8
7
7
8
7
8
7
5
4
4
2
2
0
0
-2
-2
-4
-6
-7
-8
-10
-10
-10
-11
-10
-9
-7
-5
-3
-2
-3
-2
0
2
4
5
7
8
9
9
8
7
4
3
1
1
1
-1
-2
-4
-7
-8
-11
-12
-12
-11
-12
-14
-14
-15
-15
-13
-12
-12
-11
-11
-10
-8
-5
-3
0
1
2
2
3
5
7
7
8
7
5
5
5
3
4
3
2
2
3
2
2
1
2
3
3
3
3
4
6
8
6
6
6
6
8
9
9
9
7
8
8
8
9
8
7
6
4
4
2
1
0
0
0
-1
-1
-1
-2
-1
-1
0
1
2
2
2
2
2
3
4
5
5
4
5
5
5
5
5
4
4
3
5
4
3
2
-1
-1
-4
-3
-3
-5
-3
-4
-5
-7
-7
-7
-7
-8
-6
-5
-4
-2
-3
-1
1
0
1
3
3
3
4
3
5
5
4
6
6
5
4
4
3
3
2
1
-1
0
0
-1
0
-2
-1
-1
-2
-1
0
-1
-1
-1
-1
0
0
-1
-3
-1
-2
-2
0
-3
-3
-2
-2
-3
-3
-2
-2
-1
1
0
2
-1
-1
-1
0
-2
-2
-2
-1
-1
-1
-1
-1
-1
-3
-4
-7
-7
-7
-7
-7
-8
-9
-9
-8
-9
-9
-8
-8
-8
-7
-8
-6
-6
-8
-8
-6
-5
-4
-3
-3
-2
-3
-2
-3
0
1
1
2
1
2
4
3
3
5
4
4
5
4
4
3
3
1
2
3
3
2
2
4
3
4
4
4
4
3
4
5
5
5
6
6
4
4
3
4
5
5
3
2
0
1
0
-1
1
1
0
1
0
-1
-2
-2
-2
-3
0
-1
-2
-1
-4
-4
-3
-5
-5
-6
-6
-5
-5
-5
-6
-3
-3
-3
-2
-4
-5
-4
-3
-2
0
1
2
2
-1
0
0
1
3
2
2
3
3
5
5
6
6
5
4
4
4
4
4
4
4
4
3
2
2
2
2
1
3
1
2
2
3
2
2
3
3
3
2
2
1
0
1
1
0
-2
-1
-2
-3
-3
-3
-5
-6
-7
-7
-7
-8
-9
-9
-9
-10
-9
-10
-9
-8
-8
-8
-7
-7
-6
-6
-6
-7
-7
-5
-4
-4
-3
-2
-1
-1
-1
-1
0
0
0
2
2
4
4
4
3
2
2
4
3
5
6
7
8
8
8
8
8
7
8
9
10
11
12
12
11
12
10
9
9
8
9
8
7
7
7
7
6
6
5
4
4
4
2
2
1
1
0
-1
-2
-2
-1
0
-1
-2
-3
-4
-3
-4
-5
-5
-5
-5
-3
-2
-3
-2
-2
-3
-3
-3
-5
-6
-6
-4
-4
-2
-3
-4
-5
-4
-5
-3
-2
0
0
1
2
3
4
6
7
5
6
5
8
7
7
8
7
8
8
9
11
13
13
13
12
12
11
11
11
8
7
7
5
5
4
1
2
-1
1
1
0
-3
-8
-11
-14
-15
-15
-16
-17
-18
-20
-21
-17
-17
-14
-15
-18
-17
-20
-18
-19
-19
-20
-24
-27
-28
-29
-28
-26
-32
-32
-36
-38
-30
-33
-26
-24
-31
-26
-30
-24
-17
-17
-7
-10
-5
-2
-2
6
7
6
8
5
5
13
14
21
26
18
31
26
35
41
35
52
37
46
46
31
48
26
28
28
12
23
6
5
-2
-22
-17
-28
-28
-26
-41
-46
-55
-57
-45
-38
-26
-14
-16
-7
-3
3
23
22
28
20
10
13
0
4
-2
-9
-10
-15
-11
-8
5
8
8
17
16
28
27
27
29
22
30
33
45
58
70
76
92
105
109
125
106
106
84
66
57
8
3
-42
-67
-70
-116
-99
-125
-126
-102
-120
-73
-79
-63
-40
-51
-9
-1
26
57
56
75
75
79
93
97
93
92
65
57
54
34
43
7
-6
-16
-50
-28
-54
-50
-52
-95
-83
-119
-117
-113
-142
-129
-159
-156
-158
-172
-151
-163
-159
-157
-168
-166
-182
-186
-192
-199
-179
-176
-169
-137
-125
-61
5
94
200
236
320
351
405
507
527
583
547
502
472
379
384
314
230
161
16
-40
-114
-156
-169
-245
-260
-302
-310
-255
-218
-155
-120
-87
-32
28
102
175
208
222
224
205
208
191
158
118
64
35
4
-1
-8
-21
-17
-8
28
72
128
162
190
213
224
256
246
243
209
151
117
40
-11
-81
-175
-240
-336
-378
-415
-476
-493
-549
-576
-573
-578
-529
-521
-502
-465
-471
-418
-403
-419
-416
-475
-463
-459
-453
-406
-436
-398
-354
-212
4
174
362
421
503
602
716
877
901
906
787
623
553
452
415
296
128
-26
-204
-228
-249
-274
-300
-390
-421
-394
-260
-101
-3
74
92
132
234
378
488
519
498
405
336
309
270
212
75
-66
-180
-253
-229
-219
-244
-277
-326
-308
-217
-85
48
111
131
166
203
285
401
433
454
420
369
384
324
322
240
85
26
-117
-141
-159
-232
-213
-321
-329
-299
-306
-168
-141
-81
-13
-33
60
67
85
131
66
84
61
20
33
-53
-101
-172
-265
-263
-316
-329
-338
-403
-401
-422
-416
-388
-386
-364
-351
-331
-272
-216
-187
-131
-119
-107
-52
-52
-9
3
-7
24
-19
10
19
-18
16
-17
9
62
102
182
199
237
270
284
351
388
407
405
373
336
293
256
205
142
64
8
-47
-99
-111
-168
-212
-248
-275
-244
-221
-148
-100
-90
-20
8
72
157
207
276
293
332
371
344
373
351
298
312
305
338
366
381
401
348
342
361
317
351
329
258
237
147
125
55
-18
-24
-149
-157
-209
-281
-285
-380
-379
-455
-482
-479
-558
-544
-606
-623
-627
-641
-595
-634
-609
-601
-625
-556
-524
-485
-438
-434
-408
-387
-330
-246
-228
-182
-139
-125
-3
184
327
472
588
660
761
872
1029
1085
1076
1090
963
876
848
731
588
417
265
122
5
3
-86
-222
-258
-323
-346
-246
-127
-71
-46
22
75
108
242
356
347
368
394
358
333
320
264
119
45
30
-38
-43
-8
-40
-133
-107
-67
-46
94
210
269
259
318
333
275
332
295
206
126
76
-32
-169
-214
-367
-499
-575
-618
-641
-685
-642
-712
-756
-718
-713
-661
-624
-549
-566
-556
-505
-529
-495
-514
-476
-529
-513
-425
-492
-423
-478
-506
-504
-515
-362
-395
-281
-213
-289
-215
-239
-173
-130
9
265
352
556
655
686
838
953
1088
1115
1123
1113
969
920
861
691
521
321
122
-19
-75
-137
-250
-366
-460
-528
-525
-398
-332
-310
-260
-267
-212
-98
15
105
115
142
130
109
193
181
124
90
-11
-51
-30
4
-7
-69
-49
-70
-14
157
226
311
381
453
533
601
713
652
576
561
475
431
378
288
131
-27
-107
-189
-248
-261
-330
-447
-474
-488
-516
-502
-499
-489
-531
-492
-462
-501
-471
-531
-562
-567
-535
-497
-527
-530
-617
-677
-673
-664
-594
-563
-562
-565
-581
-539
-479
-418
-346
-295
-192
136
454
780
1111
1101
1196
1307
1457
1722
1717
1730
1438
1065
1011
780
674
542
188
-73
-302
-302
-292
-374
-385
-552
-656
-490
-263
-71
99
151
103
141
304
491
579
614
539
318
244
228
152
79
-93
-274
-394
-389
-293
-266
-235
-238
-258
-134
79
323
514
601
603
595
656
702
742
699
570
427
256
158
-7
-184
-401
-674
-758
-835
-817
-765
-800
-801
-841
-772
-649
-527
-359
-320
-300
-271
-269
-249
-262
-293
-386
-486
-525
-586
-612
-649
-715
-768
-817
-763
-711
-628
-518
-522
-444
-402
-314
-177
-108
60
78
157
239
185
295
283
427
660
839
1148
1077
1113
1195
1137
1356
1356
1297
1110
790
709
490
414
355
-4
-272
-465
-592
-640
-631
-660
-846
-945
-859
-721
-550
-320
-277
-369
-288
-160
-20
181
330
283
140
114
103
64
96
74
-94
-174
-97
-48
67
168
124
109
158
383
585
736
913
800
768
784
782
899
810
726
525
319
280
134
76
-81
-302
-442
-545
-496
-459
-451
-490
-543
-555
-481
-364
-280
-225
-281
-281
-299
-317
-264
-363
-429
-541
-659
-662
-714
-663
-727
-798
-794
-903
-815
-734
-591
-478
-490
-418
-489
-372
-219
-189
-94
-95
-24
24
267
750
958
1044
1054
1008
1084
1275
1486
1401
1189
1019
713
494
542
513
175
-123
-282
-462
-500
-373
-407
-657
-728
-682
-655
-369
-36
-3
-85
-24
76
164
429
595
455
330
287
188
187
269
136
-99
-242
-239
-217
-74
119
-25
-51
7
73
329
526
679
585
566
666
630
785
795
611
451
302
224
104
47
-131
-449
-633
-721
-743
-713
-679
-782
-865
-821
-731
-571
-429
-327
-374
-388
-310
-263
-159
-172
-259
-392
-504
-520
-578
-581
-623
-740
-761
-743
-703
-631
-614
-595
-564
-522
-398
-316
-206
-140
-137
-71
-11
119
268
385
572
900
1129
1216
1307
1353
1412
1497
1618
1559
1313
1137
832
540
510
424
164
-110
-287
-441
-568
-475
-478
-668
-718
-686
-632
-401
-103
-39
-102
-93
-27
59
254
469
443
358
284
162
140
115
60
-35
-140
-122
-83
8
41
115
191
130
336
463
597
738
752
829
670
824
801
598
661
398
271
94
-34
-109
-350
-368
-556
-682
-628
-669
-667
-667
-671
-647
-590
-496
-387
-366
-371
-385
-442
-393
-405
-453
-522
-654
-678
-783
-785
-707
-748
-702
-701
-685
-611
-549
-464
-479
-405
-309
-283
-175
-138
-169
-205
-225
-163
-71
127
327
533
856
1001
1085
1144
1176
1290
1348
1464
1416
1235
1108
808
559
414
228
5
-237
-363
-476
-569
-583
-697
-872
-913
-850
-725
-482
-253
-132
-110
-64
64
146
306
463
445
456
433
363
293
172
117
-29
-123
-51
-51
19
68
28
34
61
174
324
472
653
735
694
695
617
571
586
510
512
382
247
92
-153
-266
-431
-518
-578
-642
-612
-652
-612
-589
-616
-581
-577
-542
-464
-391
-335
-313
-326
-384
-503
-577
-642
-712
-671
-681
-640
-632
-658
-636
-686
-574
-555
-469
-344
-375
-244
-274
-212
-124
-128
-8
-27
119
285
431
751
957
1102
1191
1240
1305
1386
1479
1433
1259
1050
860
660
545
478
249
10
-204
-385
-454
-481
-482
-581
-666
-642
-610
-441
-240
-132
-92
-87
22
165
323
504
555
520
482
480
442
387
338
178
18
-15
50
57
124
178
65
97
194
314
444
594
680
589
619
640
584
568
533
380
219
145
15
-98
-233
-355
-526
-677
-683
-758
-762
-776
-792
-757
-788
-710
-691
-743
-701
-718
-728
-682
-653
-650
-737
-761
-795
-858
-784
-765
-751
-702
-655
-639
-601
-546
-531
-492
-486
-383
-326
-233
-85
-67
33
71
212
458
663
1048
1302
1394
1482
1484
1516
1566
1593
1523
1291
1066
868
639
509
393
133
-133
-331
-469
-505
-503
-487
-530
-612
-561
-468
-343
-138
-6
22
92
177
237
298
311
314
223
183
205
107
129
77
-92
-137
-192
-141
-31
78
225
267
356
429
453
605
666
704
731
661
603
524
417
305
185
41
-94
-219
-298
-373
-467
-482
-570
-608
-568
-636
-579
-560
-569
-492
-519
-443
-469
-496
-461
-572
-528
-579
-611
-623
-714
-700
-787
-733
-734
-714
-605
-636
-487
-479
-414
-342
-376
-247
-282
-118
16
51
222
215
321
450
668
1029
1262
1482
1556
1528
1549
1578
1592
1538
1363
1083
806
541
386
264
53
-152
-414
-592
-656
-692
-636
-682
-728
-667
-617
-443
-231
-98
-24
20
105
169
275
371
327
233
168
121
70
103
85
-72
-136
-205
-219
-106
-31
81
114
164
288
348
517
630
653
697
612
574
549
405
351
192
-28
-121
-311
-386
-477
-570
-579
-736
-691
-709
-757
-633
-689
-642
-620
-608
-517
-535
-426
-473
-523
-513
-629
-580
-576
-542
-514
-539
-531
-626
-600
-607
-581
-480
-453
-380
-384
-336
-299
-261
-150
-84
57
143
218
329
383
531
672
864
1103
1287
1441
1444
1447
1412
1338
1300
1172
990
754
532
318
129
1
-206
-419
-588
-713
-741
-702
-640
-630
-630
-600
-534
-395
-198
-46
39
117
148
190
248
262
248
169
94
50
-6
9
-13
-103
-106
-152
-94
64
167
362
405
499
585
606
788
785
829
783
651
593
413
372
210
78
-18
-206
-239
-349
-363
-417
-489
-506
-576
-501
-486
-421
-406
-433
-446
-517
-464
-509
-472
-488
-596
-593
-702
-648
-665
-668
-609
-737
-670
-687
-662
-535
-541
-430
-437
-381
-277
-270
-109
-57
20
162
243
418
558
708
866
981
1154
1259
1326
1379
1338
1296
1230
1128
967
784
593
369
167
16
-134
-302
-441
-571
-682
-705
-670
-637
-610
-543
-488
-442
-301
-161
-63
20
92
115
145
259
292
263
248
162
106
63
84
105
50
101
57
85
242
285
403
405
411
473
452
578
547
486
417
200
131
29
-33
-95
-247
-361
-504
-559
-575
-575
-560
-580
-598
-582
-542
-513
-486
-532
-590
-631
-648
-605
-604
-591
-655
-752
-793
-857
-806
-795
-765
-723
-741
-643
-635
-539
-458
-408
-271
-243
-83
6
79
196
200
308
390
566
749
861
1051
1110
1203
1304
1362
1424
1387
1380
1249
1123
1050
863
709
514
302
97
-67
-135
-269
-323
-381
-510
-542
-551
-488
-400
-280
-171
-146
-58
-22
-2
86
127
153
164
161
123
73
62
7
-75
-69
-85
-89
40
136
245
348
430
462
452
546
550
553
609
560
501
401
305
163
-1
-85
-252
-350
-377
-456
-472
-531
-563
-594
-653
-573
-555
-496
-419
-467
-482
-564
-617
-649
-726
-724
-784
-855
-883
-950
-994
-1022
-1026
-1000
-950
-847
-737
-663
-580
-491
-435
-299
-107
78
284
456
639
776
950
1177
1316
1443
1523
1526
1494
1463
1435
1307
1130
953
720
512
397
293
166
48
-78
-232
-336
-342
-320
-322
-276
-245
-248
-199
-132
-99
-97
-85
-88
-97
-62
-17
-22
-64
-117
-197
-255
-259
-220
-158
-99
-26
29
88
176
265
338
402
476
542
595
630
634
568
497
424
324
266
199
113
-8
-150
-263
-398
-443
-469
-501
-488
-504
-496
-501
-490
-472
-496
-484
-485
-462
-412
-392
-392
-441
-534
-632
-705
-749
-740
-731
-740
-745
-783
-762
-760
-725
-643
-633
-525
-435
-315
-136
-39
122
174
269
433
538
772
924
1055
1142
1133
1178
1150
1186
1222
1185
1143
999
877
722
579
477
339
246
130
40
-41
-113
-129
-186
-198
-196
-173
-120
-83
-2
12
25
41
22
34
48
81
65
31
-22
-111
-172
-214
-227
-247
-227
-186
-157
-71
4
87
142
179
253
285
379
460
467
436
300
165
-4
-142
-218
-351
-457
-590
-742
-856
-943
-980
-1023
-1036
-1017
-990
-921
-823
-732
-679
-627
-617
-598
-553
-507
-435
-430
-413
-416
-430
-373
-352
-260
-178
-76
125
269
477
635
739
855
902
1025
1089
1109
1136
1029
933
831
753
696
589
513
372
229
166
99
60
37
2
-43
-64
-16
50
114
172
194
178
213
283
360
454
477
446
351
267
228
192
230
213
165
126
25
-16
-50
-75
-85
-132
-140
-175
-171
-136
-156
-155
-175
-204
-203
-182
-128
-88
-63
-56
-93
-122
-144
-183
-206
-245
-296
-341
-420
-484
-544
-616
-656
-704
-716
-703
-675
-596
-554
-501
-449
-431
-384
-343
-291
-239
-207
-166
-164
-160
-143
-145
-126
-116
-103
-103
-81
-46
-19
37
67
113
133
158
198
208
295
346
408
476
486
518
492
494
497
485
531
520
522
518
490
483
466
473
463
456
469
458
453
441
417
391
369
354
327
305
268
235
197
159
137
94
64
19
-32
-65
-95
-114
-137
-167
-203
-236
-256
-268
-279
-295
-332
-383
-436
-486
-537
-575
-611
-653
-672
-675
-670
-649
-614
-588
-550
-486
-418
-343
-270
-228
-209
-211
-209
-210
-214
-218
-246
-281
-318
-344
-359
-369
-364
-369
-362
-339
-288
-222
-161
-75
-11
61
154
250
366
468
575
649
699
757
770
788
783
756
719
650
587
507
436
374
310
265
216
182
153
137
136
153
195
233
292
348
399
452
486
511
510
508
491
464
454
418
372
303
211
116
19
-55
-111
-150
-173
-194
-219
-241
-254
-265
-258
-252
-236
-213
-202
-185
-200
-227
-264
-334
-382
-435
-474
-497
-528
-545
-584
-610
-619
-638
-620
-610
-590
-559
-525
-472
-429
-365
-309
-258
-200
-144
-72
-7
62
105
135
155
173
196
196
195
170
149
134
130
157
170
212
232
229
255
262
305
330
353
369
346
375
388
421
457
447
428
352
313
284
275
304
292
270
208
142
88
35
23
-5
-32
-64
-90
-86
-76
-49
-41
-57
-83
-97
-84
-59
-6
20
23
9
-18
-32
-47
-39
-50
-74
-90
-108
-103
-92
-81
-90
-123
-149
-183
-193
-185
-163
-139
-130
-108
-107
-94
-67
-44
-20
-14
10
30
45
67
40
1
-73
-156
-233
-308
-337
-374
-390
-389
-385
-350
-312
-252
-191
-135
-62
5
83
161
233
286
301
307
298
283
276
268
262
246
231
212
191
175
155
137
122
124
132
152
178
201
216
218
209
188
170
159
152
143
120
92
47
-10
-68
-125
-179
-229
-266
-301
-322
-325
-330
-324
-310
-295
-276
-258
-230
-201
-169
-130
-97
-61
-23
7
30
41
41
26
5
-11
-15
-7
9
12
1
-31
-76
-109
-129
-120
-90
-50
-10
19
43
57
65
71
70
69
63
73
84
83
76
44
-7
-74
-131
-170
-189
-177
-170
-165
-160
-163
-157
-139
-103
-61
-24
15
67
131
194
244
259
246
225
208
214
235
255
252
225
200
180
178
189
198
202
187
176
178
191
213
229
226
199
160
123
99
86
79
56
19
-12
-36
-43
-39
-51
-81
-131
-170
-189
-179
-143
-114
-97
-101
-121
-141
-154
-159
-160
-167
-168
-166
-154
-143
-148
-164
-201
-233
-243
-224
-177
-130
-93
-81
-89
-108
-114
-97
-76
-47
-23
-8
15
36
55
75
80
84
90
98
122
144
157
160
156
157
160
164
166
163
153
138
123
113
112
106
98
87
74
57
36
18
4
-7
-16
-25
-28
-31
-35
-34
-37
-46
-58
-51
-35
-17
9
37
70
94
106
109
115
128
146
165
178
177
145
104
54
22
1
-30
-53
-89
-109
-135
-148
-153
-183
-208
-238
-253
-245
-214
-177
-162
-157
-180
-206
-198
-169
-143
-148
-166
-186
-198
-205
-193
-182
-174
-184
-201
-192
-149
-96
-75
-47
-30
-2
20
56
129
176
197
183
187
212
237
267
291
317
324
300
280
280
285
281
273
262
255
246
237
222
191
165
120
82
69
69
74
55
17
-37
-80
-91
-98
-112
-115
-113
-112
-127
-141
-140
-135
-143
-159
-158
-154
-136
-133
-120
-100
-79
-79
-96
-80
-52
-10
15
30
48
47
33
15
28
48
38
0
-15
-6
12
5
-19
-25
-41
-50
-61
-33
3
1
-23
-53
-33
-18
2
-3
-5
-14
-51
-67
-76
-57
-61
-102
-146
-175
-170
-179
-188
-181
-169
-161
-158
-119
-72
-29
-29
-33
-16
19
55
75
90
111
127
110
118
132
136
123
96
101
133
158
153
131
125
119
119
124
140
149
153
133
108
115
100
97
53
18
-16
-42
-55
-79
-90
-118
-152
-175
-176
-156
-125
-118
-112
-112
-78
-39
-4
28
32
36
26
25
33
60
61
33
-1
-15
-9
-8
-11
-20
-39
-60
-82
-79
-37
-1
-7
-49
-67
-64
-50
-46
-35
-36
-42
-69
-70
-39
-21
-29
-73
-106
-109
-83
-78
-68
-75
-83
-111
-139
-129
-117
-91
-102
-95
-77
-32
3
-3
14
24
55
80
114
146
180
211
211
237
243
269
273
262
255
264
307
308
283
234
220
229
235
233
228
237
220
183
151
201
257
222
153
97
121
141
125
100
77
55
-11
-34
-20
11
-16
-106
-160
-175
-171
-158
-145
-129
-134
-165
-206
-215
-179
-151
-154
-209
-234
-223
-205
-212
-228
-238
-253
-294
-351
-310
-235
-174
-198
-230
-220
-193
-162
-135
-64
-42
-38
-61
-35
28
60
63
24
-12
-42
-44
-2
34
45
45
17
-16
-39
7
82
110
70
8
13
62
96
105
100
71
32
18
47
91
85
52
24
14
38
69
91
80
31
2
26
58
49
54
65
78
74
53
31
5
16
10
13
-6
-20
-32
-41
-22
-27
-36
-71
-71
-64
-26
-12
-56
-71
-74
-59
-72
-75
-74
-92
-117
-123
-86
-77
-91
-119
-137
-126
-113
-85
-88
-88
-93
-98
-71
-53
-44
-55
-59
-80
-118
-104
-51
-29
-77
-116
-104
-68
-42
-25
3
21
3
-14
28
126
193
166
116
114
155
179
206
210
181
133
124
177
204
212
172
137
123
131
148
176
201
156
114
117
164
184
172
131
99
100
140
157
131
106
61
42
26
26
21
-13
-53
-86
-80
-57
-59
-88
-112
-113
-104
-86
-49
-35
-40
-37
-13
11
11
10
10
6
11
-6
-14
11
7
-33
-75
-77
-57
-51
-41
-33
-62
-69
-69
-53
-22
-21
-64
-121
-118
-108
-80
-61
-76
-110
-138
-108
-103
-93
-102
-112
-126
-147
-107
-118
-126
-136
-108
-87
-121
-140
-152
-88
-39
-18
-37
-41
-29
-21
38
95
103
52
9
23
89
129
142
100
53
19
12
54
63
84
74
47
25
33
62
79
100
79
57
48
60
51
51
84
80
32
-23
-23
1
29
44
11
-17
-22
-16
-23
-14
20
9
6
-2
-20
-40
-8
30
20
9
-11
3
13
73
70
25
-22
-21
31
34
57
31
20
-1
-29
-28
34
69
1
-46
-40
21
48
39
3
-30
-40
-16
6
18
18
-11
-45
-68
-54
-44
-17
-22
-41
-31
-20
-24
-17
3
-2
-16
8
43
27
21
18
40
62
73
24
-16
40
69
83
68
72
61
55
67
52
64
97
88
44
44
84
101
65
46
33
35
44
7
-8
6
21
-10
-51
-33
-23
-44
-75
-43
-12
-26
-72
-126
-87
-40
-19
-76
-97
-76
-80
-33
-26
-12
-27
-21
-18
-11
38
21
2
-6
39
54
62
52
48
75
101
91
48
44
34
51
64
79
39
-11
-51
-65
-38
-25
-42
-92
-104
-95
-82
-59
-48
-74
-96
-95
-93
-86
-82
-54
-57
-66
-92
-137
-115
-75
-65
-113
-123
-145
-157
-138
-106
-66
-66
-62
-121
-101
-34
26
33
-4
5
12
83
74
97
120
138
135
78
133
160
195
149
118
121
148
151
102
112
101
116
92
105
120
112
33
-50
-8
57
69
14
-54
-58
-20
21
45
14
-23
-94
-109
-44
25
42
-9
-53
-88
-71
-25
25
10
-41
-55
-74
-52
-4
43
51
-3
-65
-57
27
75
39
-6
-6
16
8
9
48
60
20
-28
-6
53
69
38
12
69
58
26
26
48
91
40
12
16
57
52
-5
25
46
43
-7
-21
-3
-4
-5
-4
2
-6
-14
-75
-68
-26
-23
-36
-42
-21
-34
15
15
7
2
-7
1
-25
28
50
57
31
10
20
30
36
0
27
60
78
39
31
55
51
40
14
18
31
15
-28
-49
-17
32
10
-29
-69
-59
-29
-23
-36
-57
-27
-56
-89
-90
-38
-11
-48
-90
-127
-73
-68
-59
-54
-49
-53
-114
-93
-69
-49
-71
-95
-81
-83
-70
-70
-77
-48
-54
-86
-92
-62
-19
-13
2
-27
-48
-25
-12
-4
-15
10
-10
-1
13
48
67
50
64
39
54
43
26
48
65
49
8
33
55
37
32
25
54
38
25
26
51
79
21
29
54
85
51
42
86
73
53
8
39
53
52
16
-1
32
10
-19
-5
35
41
-21
-41
-29
-12
11
-38
-38
-40
-31
-32
-39
-9
-27
-43
-80
-84
-65
-37
-34
-84
-72
-67
-42
-56
-52
-37
-29
-22
-74
-51
-10
19
-29
-39
-15
-19
-37
-44
9
42
28
-34
-39
15
62
46
17
19
10
-12
17
59
83
64
28
13
30
86
99
89
71
44
28
25
57
72
77
41
-26
-30
23
89
83
48
11
-11
-1
21
56
60
30
-34
-37
-5
31
26
6
0
-28
-30
-10
22
27
7
-21
-22
-16
-25
-46
-36
-27
-36
-44
-45
-37
-48
-9
5
22
-17
-42
-41
-32
12
2
3
-18
-38
-51
-32
6
14
-8
-14
-40
-36
-47
-6
20
-7
-45
-109
-66
-25
29
3
-12
-12
-49
-41
-25
49
42
-12
-43
-47
25
32
27
-7
-6
5
-34
4
30
61
17
-2
15
47
57
17
10
20
51
40
18
10
30
55
68
57
42
28
24
20
26
53
32
-4
-36
-16
23
16
-16
-59
-59
-37
-21
-4
-13
-21
-35
-8
14
4
-12
-24
-21
-18
7
14
-24
-59
-61
-31
14
-19
-65
-73
-40
-15
-28
-1
1
-20
-51
-53
-1
26
27
-3
-10
-1
8
15
22
42
20
0
-18
2
18
37
27
3
-2
2
30
34
31
25
15
13
17
28
32
29
11
0
10
20
29
13
5
2
31
44
21
-5
-8
23
36
30
19
7
1
-10
6
39
50
13
-40
-28
14
49
23
-2
-23
-31
-17
-15
31
36
29
-27
-52
-19
1
23
-17
-22
-41
-44
-31
-31
10
-10
-22
-70
-56
-23
-8
10
-29
-6
-29
-35
-48
-19
20
-1
-23
-55
-22
-1
-2
-16
-13
-15
-36
-49
-35
-5
-11
-19
-28
-13
-4
3
12
16
17
3
6
16
29
21
14
10
2
8
5
15
13
16
22
20
19
12
22
13
20
21
10
-2
-16
0
17
43
31
10
-2
2
14
28
49
33
2
-14
-2
22
32
17
-8
-21
-14
-3
15
21
23
9
-15
-21
-3
20
20
14
-6
-15
-23
-13
8
16
17
-6
-21
-17
-7
10
14
21
-3
-8
5
13
22
7
25
15
5
-12
-16
-3
0
8
-8
-1
-20
-24
-17
2
20
5
3
-9
-5
-10
5
33
34
23
-12
-2
7
33
37
25
19
-8
-10
-8
27
39
22
-8
-25
-8
1
29
30
27
2
-27
-16
0
35
23
9
-1
-12
0
-6
16
12
18
12
-9
-19
-21
12
25
30
5
-11
-3
-8
10
16
26
8
-30
-36
-11
31
26
2
-24
-28
-29
-29
-7
16
18
-18
-37
-27
10
25
1
-6
-9
-10
-11
10
27
21
2
-10
-9
-14
-17
-13
7
6
-6
-15
-3
10
-9
-14
-18
-2
-17
-31
-18
-16
-11
-35
-32
-18
-5
-18
-36
-22
-10
6
-6
-2
10
4
-6
-31
-13
5
10
-12
-34
-18
-15
-3
-13
-7
0
-12
-24
-16
28
40
23
-12
-1
18
21
11
1
21
18
7
-8
9
27
18
0
-12
4
12
7
-10
-7
7
8
-4
-19
-3
4
3
-13
-7
9
4
-6
-17
5
13
-3
-30
-23
4
5
-11
-19
1
2
-4
-13
-4
12
-2
-12
-17
-3
-1
-8
-5
3
12
3
7
10
16
16
10
12
8
12
8
13
13
7
4
10
27
30
26
16
13
16
14
9
5
8
6
2
-5
-2
1
3
-3
-16
-16
-9
1
0
-2
-6
-8
-12
-19
-12
1
8
-2
-12
-5
7
11
0
-7
-2
-2
-7
-15
-7
-4
-11
-22
-28
-14
-3
-8
-22
-14
-4
1
-1
-9
-2
4
6
1
1
3
1
-1
-2
2
-1
-5
-5
-7
-8
2
6
4
-5
-3
14
20
11
-7
-8
0
-7
-16
-22
-11
-12
-18
-23
-13
-3
-10
-20
-24
-4
-1
-7
-14
-10
-4
-7
-8
-15
-2
1
2
-3
0
5
1
2
-2
6
2
-7
-16
-16
-12
-12
-11
-23
-22
-22
-19
-14
-10
-6
-5
2
-1
5
5
12
11
7
5
0
7
4
-2
-10
-3
1
-1
-2
0
9
8
4
3
7
12
6
0
3
11
8
4
3
11
13
3
2
6
13
4
-3
-3
6
14
14
12
7
3
-2
-1
8
15
14
5
2
7
11
16
18
14
11
7
10
14
20
15
13
14
10
9
13
16
12
8
8
13
16
14
8
11
17
12
5
5
16
15
6
-2
-5
-2
-4
-8
-8
3
1
-8
-9
-7
0
-2
-4
-4
-2
-5
-11
-13
-14
-11
-10
-9
-11
-11
-15
-19
-19
-17
-13
-13
-12
-14
-9
-3
-3
-9
-12
-8
0
-2
-5
-6
-2
-2
-2
-4
-3
-3
-4
-6
-5
-1
3
5
2
0
-6
-9
-6
-3
0
0
0
-4
-7
-11
-8
-10
-8
-3
-3
0
-3
-4
-4
-6
-7
-9
-4
-1
5
5
9
10
6
4
2
5
8
9
6
2
-1
0
-1
-4
-3
-1
-1
-3
-4
-2
0
0
-2
-6
-6
-3
2
8
11
10
6
6
3
3
5
6
6
2
0
-5
-7
-7
-5
-4
-3
-3
-5
-7
-8
-8
-11
-9
-8
-8
-5
-5
-5
-4
-4
-1
2
9
10
13
14
11
8
4
4
8
9
9
10
12
13
12
7
8
11
16
14
14
15
13
14
12
10
10
10
12
10
12
14
14
15
14
14
13
10
10
9
10
15
14
14
12
8
5
4
7
7
7
4
2
0
1
2
2
2
-1
-4
-3
-2
-1
-2
-4
-5
-4
-3
-1
-1
-3
-3
-5
-3
-2
-3
-3
-2
0
-2
-3
-6
-8
-9
-8
-8
-9
-7
-8
-7
-6
-8
-8
-9
-9
-9
-10
-9
-7
-8
-10
-8
-6
-8
-6
-7
-5
-5
-5
-8
-6
-4
0
3
2
0
-2
-6
-7
-4
-2
-2
-3
-1
0
0
2
2
2
2
1
0
0
2
2
4
3
4
2
1
1
3
6
6
6
6
6
4
4
5
7
5
2
2
1
3
4
3
2
-1
-4
-3
-3
-2
2
2
1
-1
-1
0
-2
-4
-3
-3
-2
-3
-2
-2
-3
-1
-2
-3
-3
-3
-3
-2
-1
-1
-1
-4
-7
-7
-6
-6
-5
-4
-2
-2
-1
3
4
5
4
3
2
3
3
3
3
4
4
3
5
4
3
4
3
3
4
5
5
6
6
6
7
7
7
8
9
9
9
8
6
6
3
3
3
4
3
5
3
-1
0
-1
0
-1
0
1
1
0
-1
0
2
0
-2
-3
-3
-5
-7
-7
-5
-4
-4
-4
-4
-5
-4
-4
-4
-4
-6
-6
-3
-2
-1
1
0
1
2
2
3
3
2
1
1
0
-1
-3
-5
-5
-4
-7
-7
-8
-7
-4
-4
-3
-3
-3
-5
-4
-4
-4
-2
-1
-4
-5
-6
-4
-3
-1
-3
-4
-5
-6
-6
-7
-6
-5
-5
-7
-6
-5
-5
-4
-3
-1
2
1
2
0
0
1
2
1
1
3
3
4
4
2
-1
-3
-1
1
1
0
0
1
1
3
4
6
7
7
3
2
2
1
4
4
5
2
-1
-2
-3
-3
-2
-1
-3
-4
-4
-4
-4
-1
0
-1
-1
-2
-4
-2
1
3
2
2
1
1
2
3
2
0
-1
0
-1
0
1
1
1
3
5
5
6
6
5
5
4
4
4
5
6
6
5
3
1
-1
-1
1
2
4
5
2
1
0
0
2
3
4
2
1
-1
-1
0
4
4
4
4
3
2
3
2
5
4
3
1
-2
-2
-3
-3
-3
-4
-3
-3
-2
-3
-3
-3
-3
-2
-1
2
2
3
2
3
2
0
-1
1
1
0
1
-1
-4
-5
-6
-6
-5
-4
-4
-5
-5
-6
-4
-4
-3
-4
-4
-4
-4
-3
-2
0
0
-2
-4
-7
-6
-6
-4
-3
-1
-2
-5
-6
-6
-4
-2
-3
-4
-5
-5
-7
-8
-9
-8
-6
-7
-9
-9
-9
-9
-8
-8
-5
-4
-3
-2
-2
-4
-3
-2
-1
1
4
4
5
3
2
2
4
3
4
4
1
0
-2
-3
-2
-2
-2
-2
-2
-3
-5
-5
-5
-2
0
-2
-3
-4
-4
-3
-2
0
0
-1
0
-2
-2
-2
-3
-2
-1
-3
-5
-3
-3
-1
-1
1
0
1
2
2
4
6
6
6
8
8
10
10
10
9
9
9
9
9
9
9
9
9
8
9
12
13
14
13
12
11
11
11
11
9
8
6
4
2
0
1
5
5
5
3
0
-1
-2
0
3
5
5
2
-1
-2
-3
-3
-2
-1
-1
-2
-5
-7
-6
-6
-4
-4
-5
-5
-6
-6
-5
-5
-5
-6
-4
-3
-2
-1
-1
0
-2
-1
0
1
2
1
0
-2
-2
-3
-1
1
2
1
1
0
-1
0
3
4
4
5
3
1
0
0
1
2
1
0
-1
-4
-7
-6
-4
-3
-3
-4
-5
-8
-8
-8
-6
-5
-7
-7
-9
-8
-9
-7
-7
-7
-7
-7
-6
-6
-5
-4
-4
-5
-5
-3
-3
1
3
2
1
3
2
1
2
2
2
3
4
4
4
5
4
4
3
4
3
4
3
4
5
3
-1
-2
-1
1
3
4
3
3
3
2
2
2
2
2
2
1
1
2
2
1
-1
1
1
1
-1
-1
-1
1
2
2
3
3
3
5
6
7
8
8
8
8
8
8
8
8
10
9
10
9
7
7
6
7
8
6
7
7
6
7
6
4
2
3
3
4
3
0
0
0
-1
1
0
1
1
0
0
-2
-3
-3
-3
-4
-4
-4
-5
-4
-3
-2
-2
-2
-4
-5
-5
-5
-4
-4
-3
-3
-3
-5
-4
-3
-1
-2
-1
-1
-1
-2
-3
-3
-1
-1
0
-1
1
0
-1
-2
-3
-4
-3
-3
-4
-4
-3
-5
-4
-2
-2
0
-1
-3
-4
-4
-4
-2
1
2
1
0
-1
-3
-5
-3
-3
-1
0
0
-1
-1
-1
-1
0
0
1
-1
-1
0
0
2
2
1
0
1
0
1
1
1
2
3
3
3
2
3
2
1
0
-2
-2
-1
2
3
3
2
2
0
1
2
0
0
1
1
1
2
2
4
3
1
1
1
1
3
3
4
4
3
1
0
-1
0
0
1
3
2
1
-1
0
-1
-2
-2
-3
-2
-3
-4
-3
-3
-3
-3
-2
-1
-2
-2
-2
0
2
3
4
3
3
4
3
2
3
4
5
7
6
6
7
7
8
7
8
7
7
7
5
3
3
3
2
3
4
3
4
4
5
6
6
5
6
6
4
3
1
0
0
0
-1
-4
-5
-7
-8
-9
-9
-10
-12
-12
-14
-16
-15
-15
-12
-12
-11
-12
-12
-11
-10
-7
-5
-2
2
2
3
3
3
1
3
3
3
3
3
4
2
3
2
4
4
5
5
5
6
5
5
5
6
7
7
7
6
4
4
5
6
7
7
7
7
7
6
5
4
3
2
-2
-4
-6
-8
-10
-12
-15
-16
-19
-21
-22
-23
-24
-25
-27
-29
-30
-30
-30
-28
-27
-26
-24
-20
-17
-13
-11
-9
-8
-6
-4
-1
2
6
7
9
8
9
11
11
12
12
13
14
15
17
17
19
22
24
25
27
29
32
36
40
41
41
40
41
43
42
42
42
39
37
32
30
25
21
14
8
0
-9
-19
-27
-34
-42
-49
-56
-65
-72
-78
-82
-83
-83
-84
-85
-82
-79
-73
-65
-58
-49
-39
-29
-19
-7
5
17
30
42
48
56
62
68
72
74
76
72
67
63
59
54
46
38
28
17
6
-5
-13
-21
-31
-38
-44
-49
-48
-47
-45
-39
-32
-26
-16
-5
9
23
36
50
63
75
89
100
111
119
123
126
127
123
118
110
99
86
67
47
25
2
-25
-49
-76
-100
-125
-147
-167
-186
-203
-218
-228
-235
-238
-237
-233
-224
-209
-192
-171
-146
-117
-84
-49
-14
22
59
95
129
160
190
213
234
250
263
271
274
273
265
252
233
210
184
158
126
93
61
24
-12
-47
-83
-116
-145
-171
-195
-214
-230
-240
-246
-247
-244
-237
-223
-208
-186
-162
-134
-104
-72
-41
-9
21
53
80
105
128
147
163
175
182
185
183
177
167
154
137
120
100
77
53
27
2
-20
-40
-60
-78
-95
-109
-118
-129
-133
-132
-128
-120
-111
-102
-89
-77
-60
-42
-23
-2
17
36
54
68
81
94
106
118
123
126
129
126
122
116
108
99
87
73
58
41
26
12
-2
-16
-31
-44
-54
-63
-72
-79
-84
-87
-85
-82
-79
-72
-66
-59
-51
-41
-31
-22
-14
-5
3
11
18
27
33
37
41
40
39
38
35
34
32
29
25
18
10
2
-5
-11
-16
-19
-23
-26
-29
-32
-32
-29
-29
-26
-22
-22
-19
-16
-12
-6
3
12
20
25
31
34
38
43
49
52
54
57
54
50
47
43
40
37
31
24
16
8
-1
-9
-18
-24
-31
-39
-45
-52
-59
-63
-67
-68
-67
-66
-66
-66
-64
-62
-58
-53
-47
-41
-36
-30
-25
-19
-12
-4
1
8
14
17
21
25
30
35
37
39
42
41
41
36
33
32
32
31
27
22
18
10
7
4
2
1
-1
-3
-7
-9
-11
-12
-11
-8
-7
-6
-5
-4
-3
1
5
8
13
16
18
16
16
18
21
22
24
23
21
19
16
13
11
8
6
3
1
-4
-8
-10
-12
-12
-13
-15
-16
-18
-21
-20
-20
-20
-16
-15
-12
-9
-8
-6
-3
1
4
7
10
10
13
16
18
20
23
25
26
26
26
26
25
25
23
21
18
14
11
7
4
2
0
-2
-2
-3
-5
-7
-9
-11
-12
-10
-8
-8
-8
-8
-9
-7
-6
-3
-1
1
1
1
-2
-4
-4
-2
-1
1
0
0
-2
-4
-5
-6
-6
-8
-11
-13
-14
-14
-12
-10
-8
-9
-8
-9
-9
-8
-7
-6
-3
-2
-2
-1
-1
0
2
4
5
6
7
7
8
7
9
8
7
5
2
0
-2
-4
-6
-7
-7
-8
-9
-11
-13
-17
-20
-21
-20
-18
-16
-17
-18
-19
-16
-14
-10
-7
-4
-1
0
2
4
9
12
15
18
18
18
20
21
21
21
21
22
21
20
17
12
7
6
3
-1
-4
-8
-11
-15
-19
-21
-23
-23
-23
-25
-25
-24
-24
-22
-18
-14
-10
-5
-2
1
4
8
13
17
22
27
31
34
36
36
37
35
32
31
27
25
23
20
19
15
12
9
3
-3
-7
-13
-18
-21
-24
-27
-29
-29
-30
-29
-28
-29
-28
-27
-27
-25
-21
-18
-13
-10
-5
-1
4
9
14
18
20
22
24
26
27
29
29
31
30
32
32
31
30
26
23
17
13
10
6
3
0
-5
-8
-10
-14
-16
-16
-19
-21
-21
-23
-25
-25
-26
-26
-23
-22
-20
-17
-16
-14
-12
-9
-10
-8
-6
-3
-2
-2
0
1
2
3
5
8
9
11
11
11
10
11
9
9
8
7
8
7
5
4
2
1
-1
-1
-2
-2
-3
-5
-7
-7
-6
-4
-2
-2
-3
-4
-4
-3
-2
-2
-1
-4
-5
-6
-5
-5
-4
-3
-2
-3
-5
-6
-8
-8
-7
-6
-7
-5
-3
-2
-2
-3
-5
-4
-3
-4
-3
-4
-5
-4
-2
0
2
2
3
3
3
1
1
2
4
7
9
8
9
7
7
8
7
6
4
4
3
3
3
1
0
0
-2
-1
-1
-3
-4
-3
-5
-6
-4
-5
-7
-7
-7
-7
-4
-4
-2
-3
-2
-2
-1
-1
-1
0
2
1
0
0
0
2
3
4
4
3
4
5
5
