45
43
35
21
5
-14
-32
-46
-51
-48
-40
-31
-20
-5
17
40
50
59
59
51
36
20
2
-10
-24
-35
-38
-34
-29
-18
-2
11
18
29
35
35
27
13
1
-10
-22
-35
-39
-39
-37
-25
-4
12
27
38
44
45
40
30
15
-3
-21
-40
-47
-50
-50
-45
-40
-25
-2
16
27
35
40
40
34
24
9
-2
-9
-18
-24
-28
-25
-15
-3
7
16
17
21
27
26
20
8
-4
-13
-14
-18
-19
-17
-11
-2
5
13
19
27
34
32
20
6
-3
-15
-23
-26
-31
-28
-17
-7
6
18
29
36
38
38
29
14
2
-8
-19
-26
-31
-39
-44
-44
-29
-9
12
25
32
35
33
32
28
21
10
-2
-16
-25
-29
-30
-25
-20
-11
-3
4
14
24
29
28
24
18
9
-3
-13
-17
-22
-22
-22
-20
-18
-17
-11
-3
8
12
13
15
14
12
10
4
0
1
0
-2
-2
-2
3
3
-2
-3
-3
-2
3
2
2
5
2
0
-2
1
4
10
13
11
7
5
2
-2
-4
-4
-9
-14
-12
-8
-6
-8
-5
-6
-1
3
10
17
19
22
19
11
3
2
2
-4
-6
-12
-19
-25
-25
-22
-17
-10
-2
5
9
13
17
18
17
15
14
8
4
-3
-11
-17
-21
-22
-19
-10
3
15
24
28
28
29
30
27
22
12
2
-5
-16
-32
-44
-50
-44
-35
-19
-2
6
17
23
28
32
28
27
22
14
7
-5
-21
-28
-35
-34
-29
-19
-5
5
12
19
23
24
24
20
14
1
-14
-20
-27
-33
-31
-26
-21
-12
-1
8
16
19
24
26
21
17
8
-1
-6
-12
-20
-23
-17
-13
-10
-4
5
11
13
14
13
14
12
7
1
-12
-23
-26
-23
-16
-7
0
7
11
15
20
21
16
16
15
8
2
-7
-17
-18
-20
-15
-9
-2
3
10
19
21
20
15
7
-4
-11
-16
-18
-23
-24
-24
-22
-12
1
15
22
20
25
31
28
21
13
6
0
-3
-7
-13
-18
-18
-14
-8
1
5
7
12
18
18
17
12
9
5
-7
-13
-12
-13
-12
-8
-6
-4
-2
2
5
4
5
5
1
-3
-6
-8
-10
-10
-14
-13
-8
-5
1
7
4
3
1
-6
-6
-5
-7
-8
-8
-7
-5
-4
-3
0
-1
0
2
3
4
1
-3
-6
-6
-5
-4
-6
-8
-3
1
8
15
13
6
0
0
3
2
-1
-7
-14
-16
-21
-18
-9
1
8
13
18
22
22
21
20
16
9
-1
-8
-16
-20
-23
-24
-23
-20
-13
-4
4
16
24
27
26
24
22
16
9
1
-8
-13
-20
-22
-23
-15
-5
3
10
16
16
16
17
17
14
5
-7
-18
-18
-17
-19
-19
-13
-7
0
8
11
18
18
16
15
11
7
2
-9
-18
-23
-24
-25
-25
-13
1
13
25
31
35
33
29
27
21
10
2
-8
-19
-26
-29
-29
-26
-22
-11
-1
10
22
26
24
25
22
16
8
-5
-12
-13
-21
-26
-26
-23
-17
-8
2
8
10
10
12
13
13
10
4
-9
-16
-21
-22
-17
-13
-7
0
3
5
11
19
20
18
15
9
2
-5
-13
-19
-22
-22
-17
-14
-7
0
8
16
21
21
16
13
14
12
3
-3
-9
-11
-11
-17
-21
-22
-16
-10
-3
0
-1
2
4
7
5
0
-5
-8
-9
-5
1
3
-2
-5
-2
7
10
10
11
9
3
-2
-4
-7
-9
-9
-9
-6
-3
-1
1
2
4
6
13
15
12
10
6
-1
-6
-9
-14
-15
-18
-17
-15
-11
-6
-1
2
3
8
9
11
14
9
6
6
3
0
-1
-7
-11
-13
-14
-9
-5
0
4
7
5
3
2
3
6
7
5
1
0
-1
-2
-2
-1
1
3
4
6
5
4
3
2
5
5
6
2
-3
-6
-6
-6
-1
1
4
8
9
6
2
1
2
3
3
1
0
-2
-8
-9
-6
-6
-4
2
2
2
8
7
5
8
12
13
9
1
-5
-4
-4
-9
-8
-7
-6
-1
3
1
2
7
8
7
7
6
-1
-2
-6
-11
-12
-17
-21
-15
-6
-2
2
6
3
3
3
2
2
1
-5
-10
-7
-5
-5
-3
-3
-1
2
3
6
7
11
10
9
6
0
-5
-8
-9
-8
-4
-5
0
1
-1
4
5
5
13
16
17
15
6
0
-3
-6
-11
-15
-15
-20
-19
-10
-7
-3
0
1
0
4
8
9
3
1
-2
-5
-3
-4
-6
-7
-9
-5
1
5
7
6
0
-2
3
-1
1
2
4
4
2
-2
-3
-1
-2
1
6
7
6
5
3
2
0
1
-1
-1
1
1
1
2
-1
-1
1
4
7
6
2
0
2
1
0
1
3
4
2
0
-2
-1
1
3
6
7
7
4
1
1
0
-3
-4
-1
3
2
-1
-2
-1
0
-1
-1
0
1
4
3
3
2
1
1
1
4
8
8
6
5
1
-5
-8
-8
-4
1
1
-1
-1
1
7
10
9
5
3
2
3
5
1
-1
-4
-8
-6
-5
-1
0
-2
-1
0
3
-1
-2
0
-3
-3
1
3
0
0
-1
-2
-4
-4
-1
-2
-2
-2
-6
-10
-11
-7
-3
-2
-4
-6
-5
-4
-3
-3
-1
-1
0
4
1
0
-1
-7
-5
-3
-2
-3
-4
-4
-3
-4
-5
-5
-6
-1
4
2
5
3
4
5
3
3
2
1
-3
-5
-7
-5
-1
0
1
1
1
0
1
6
6
3
-3
0
3
2
2
1
0
3
4
4
0
1
5
4
7
9
2
1
2
4
4
3
-1
-3
-2
-1
4
4
1
2
1
3
0
3
5
-1
-3
-6
-4
0
-1
-4
-8
-5
-2
5
8
1
-4
-10
-11
-8
-7
-5
-7
-7
-3
0
2
2
3
1
3
8
9
8
3
0
0
-3
-3
0
0
0
1
0
-1
-1
3
6
6
3
3
6
4
0
-3
-7
-5
2
3
0
-7
-8
-2
1
2
3
0
-5
-5
-1
3
2
-1
-4
1
6
8
9
6
3
0
-3
1
4
4
0
-3
-3
0
2
2
-1
-5
1
2
1
7
6
3
5
5
7
7
6
5
1
-2
-1
0
-1
-1
-1
-5
-2
2
5
5
1
1
3
2
2
0
0
4
6
6
7
7
6
4
1
-2
-1
-4
-4
-3
-4
-1
1
2
1
1
1
3
3
6
8
7
5
5
6
5
3
2
-2
-5
-5
-4
-3
-1
1
-1
-3
0
5
5
2
3
3
1
-2
-1
-2
-2
-2
0
1
3
3
3
0
-3
-3
-2
-2
0
3
1
-1
0
3
3
1
-3
-2
-3
0
1
-1
-3
-4
-2
-3
-4
0
-1
-2
-3
-3
-2
-3
-4
-1
-1
0
1
0
-3
-4
-5
-6
-6
-8
-4
-1
-2
-4
-4
-3
-4
-2
-1
-6
-8
-6
-4
-5
-8
-8
-5
0
3
1
1
4
2
1
2
2
5
6
2
2
2
0
-3
-5
-3
-1
-3
0
0
-1
1
4
5
4
4
2
1
-5
-6
-6
-3
-2
-4
-1
3
1
0
1
1
-2
-3
1
1
0
2
0
-2
-1
-1
-1
-1
0
0
-2
-1
1
1
0
-2
-1
3
2
1
3
-3
-7
-6
-3
3
8
8
5
4
5
8
7
3
2
0
1
4
5
4
-1
-4
-2
-2
0
1
1
-1
-1
-1
-1
1
1
3
1
-2
-1
1
2
4
2
3
7
6
3
0
-3
-5
-4
0
6
6
3
0
0
1
0
1
7
6
2
1
-2
-3
-3
-3
-5
-6
-6
-6
-4
-1
-2
-3
-2
-1
-1
3
2
-1
0
-2
-3
-5
-3
-3
-2
2
1
-2
-5
-4
0
-2
-3
-3
-2
-2
-5
-5
-3
-1
-2
-4
-4
-4
-6
-8
-4
-2
-4
-2
0
-3
-2
-2
-2
-1
1
5
2
-2
-3
-3
-2
3
6
7
3
-1
-3
-2
-1
-2
-4
-2
1
1
-2
-3
-4
-1
1
1
1
0
1
0
-2
-4
-4
0
0
-3
-3
1
3
3
4
1
-2
-1
1
1
2
-1
-4
-5
-2
-2
-1
-3
-5
-5
-3
-3
-2
-1
-1
0
1
0
2
4
3
2
1
-2
-4
-4
-2
0
-4
-3
-3
-2
0
0
0
-1
-2
-4
-2
0
0
2
5
3
1
3
2
2
2
0
3
6
6
5
1
-2
-3
0
4
10
9
4
1
0
3
7
6
4
3
1
2
2
-1
-4
-6
-4
-1
4
4
0
-1
-2
0
5
5
3
0
-2
-1
3
1
0
-3
-8
-8
-4
-2
-2
-3
-3
-3
-5
-4
-5
-7
-3
1
6
8
2
1
2
2
4
3
3
6
3
1
-1
-1
0
-1
-7
-6
-4
-2
1
-1
-2
0
1
4
4
1
-4
-4
1
3
3
4
0
-3
-4
-1
0
-1
-1
0
0
-3
-3
-2
-2
1
0
-2
-4
-2
-2
-3
-3
1
2
2
4
4
4
6
5
3
-1
-1
4
4
4
2
2
2
2
4
6
4
2
3
4
5
0
-1
-2
-3
1
4
4
3
2
2
2
3
4
2
1
0
0
2
1
2
0
-1
0
-1
-2
-2
-3
-2
-3
-3
-4
-4
-5
-3
0
-1
-3
-4
-3
-1
0
0
-3
1
3
1
1
1
2
1
-1
0
-1
-1
-2
0
1
3
4
4
0
-1
-1
-2
-2
-2
-1
2
1
0
2
3
4
4
3
-1
-2
-3
-3
-2
-1
0
2
0
-2
-1
-3
-4
-3
-2
-2
-5
-3
-4
-2
-2
-3
-2
2
5
2
0
-1
1
4
3
1
0
0
3
7
4
-1
-3
-4
-2
-2
0
-1
-1
-1
2
2
4
5
2
2
6
9
7
2
1
3
5
6
2
-1
-3
-6
-4
0
-1
0
-4
-8
-6
-2
-3
-7
-8
-9
-7
-3
-3
-3
-4
-7
-5
-3
-2
4
5
0
1
4
7
9
4
1
2
3
7
6
1
-1
-4
-5
-2
-2
-1
-3
-4
-4
-3
-3
-4
-6
-4
-4
-2
6
6
4
5
6
5
5
7
9
7
7
6
5
4
4
2
-2
-5
-6
-5
-5
-5
-4
-5
-5
-5
-4
-5
-2
0
0
2
4
5
3
3
5
7
6
8
8
4
0
-1
0
-1
-3
-4
-5
-4
-1
1
1
0
0
-1
1
4
3
0
-1
-1
-3
-1
4
4
4
2
2
1
2
2
1
-2
-1
2
-3
-5
-5
-8
-9
-8
-5
-5
-3
-4
-8
-8
-6
-3
-1
2
4
4
5
6
9
11
10
5
4
5
7
7
5
0
-3
-2
0
-1
-3
-3
-4
-5
-4
-1
-2
-3
-1
0
2
6
8
8
8
8
8
7
8
7
3
4
5
2
2
3
4
4
4
0
-3
-5
-4
-9
-12
-11
-3
1
0
0
0
6
7
9
9
6
2
0
1
3
5
6
3
0
0
1
-2
-3
-5
-6
-6
-5
-2
-1
-1
0
-3
-3
-4
0
3
6
7
6
7
9
8
4
1
-1
-2
-1
1
-1
-5
-3
-4
-6
-8
-12
-11
-6
-2
1
-1
-3
-3
-4
-2
-1
-1
4
6
7
8
7
3
0
3
4
3
2
1
-1
-7
-9
-8
-8
-4
-5
-8
-7
-4
0
-1
-5
-6
-6
-4
-2
3
5
4
2
2
2
4
3
1
1
1
2
3
1
-1
-3
-4
-7
-9
-11
-13
-13
-13
-11
-8
-5
-2
-1
-3
-4
-1
2
5
5
3
1
4
7
7
7
4
2
3
5
3
1
-3
-3
-5
-3
0
2
3
4
2
3
3
1
0
1
5
7
8
11
8
5
1
1
1
-3
-5
-7
-8
-6
-6
-5
-4
-4
-8
-8
-9
-10
-5
0
3
0
-7
-11
-6
-3
2
6
8
9
12
11
8
4
2
5
5
5
7
2
-2
-2
-2
-6
-8
-5
-3
-3
-5
-6
-4
-3
-1
3
1
1
6
8
9
11
8
4
5
5
9
8
4
4
5
-1
-3
-3
-4
-6
-4
-2
-1
-3
-6
-6
-3
-2
0
0
2
7
8
6
7
10
8
12
10
6
10
8
9
8
4
3
2
2
0
0
-2
-6
-6
-6
-4
-6
-7
-8
-11
-12
-10
-8
-5
-3
2
1
2
3
6
5
3
4
5
3
3
2
0
1
2
1
-1
-5
-8
-6
-5
-6
-8
-11
-10
-9
-8
-6
-2
1
2
0
1
3
7
9
12
10
5
5
5
2
4
3
2
3
2
1
-2
-8
-6
-4
-5
-6
-8
-4
-3
-4
-4
-1
-1
-2
1
3
5
8
4
-1
2
3
3
5
3
6
10
7
4
2
-4
-6
-5
-4
-2
1
2
1
0
-1
-1
-3
-4
-6
-5
-4
-2
2
2
1
-2
-3
-1
0
1
2
3
4
1
-6
-10
-9
-5
-3
-6
-5
-2
-5
-8
-8
-8
-9
-6
0
3
1
-1
-2
1
0
-3
-4
-6
-7
-4
0
2
-1
-3
-6
-10
-4
-3
-4
-1
-2
-5
-7
-6
-4
0
3
3
3
4
5
7
4
2
4
0
-1
0
-1
2
5
2
3
2
-1
-1
-1
2
2
0
0
0
2
1
-5
-6
-5
-5
-3
-6
-6
-2
3
5
3
3
3
5
5
7
7
5
1
-1
1
3
3
4
4
5
5
3
0
-1
0
-1
0
4
7
9
8
3
5
6
6
6
7
6
6
8
9
7
5
1
-4
-3
1
4
3
1
-2
-2
-3
-3
-5
-6
-5
-3
0
-1
-2
-1
-4
-4
-5
-7
-7
-3
0
1
0
-1
-1
-6
-8
-5
-3
-2
-4
-4
-2
-2
-2
-5
-5
-3
1
2
1
-2
-2
0
-1
-1
-2
0
1
4
6
8
6
5
4
4
7
6
4
1
0
-1
-4
-5
-5
-5
-7
-6
-6
-4
-3
-4
-3
-2
-3
-2
-2
-1
2
2
1
0
-1
-1
3
-2
-4
-4
-6
-2
0
1
-1
-1
-1
-1
2
0
-3
-4
-6
-7
-4
1
0
-1
-2
-1
1
0
0
-2
-2
0
1
3
0
-3
-3
-2
-2
-4
-4
-3
-2
-2
-2
1
-1
-2
0
0
0
-2
0
5
9
8
6
8
8
10
8
7
9
11
9
6
5
8
8
8
4
2
2
1
1
0
0
-2
-1
-1
-3
-1
1
2
2
6
5
4
7
6
2
1
3
1
0
0
-4
-8
-8
-6
-9
-11
-11
-9
-9
-9
-10
-9
-9
-12
-10
-9
-7
-3
0
2
-2
-1
1
4
8
6
8
6
6
5
4
1
-1
-1
0
1
2
-1
-1
-1
-1
-2
-4
-2
0
0
-2
-1
2
3
3
-1
-4
1
0
4
6
6
9
9
5
4
4
6
7
3
1
1
2
-1
-3
-6
-7
-6
-4
-3
-2
-4
-6
-2
4
7
9
8
8
5
5
6
4
4
4
2
2
-1
-3
1
3
-1
-1
-1
-2
-4
-7
-6
-5
-4
-2
-2
-3
-3
-2
2
6
6
5
4
3
5
6
5
3
3
9
5
2
-1
-4
-2
2
-1
-2
-1
-1
0
2
3
1
-1
-2
-3
1
5
2
2
2
2
7
6
8
9
11
12
12
10
7
3
0
-1
1
3
7
4
-2
-5
-5
-7
-8
-6
-2
0
-1
-1
-2
-5
-5
-6
-6
-4
-3
0
5
7
3
-2
-4
-4
-3
-4
-5
-4
-2
-1
-1
-3
-1
-1
1
4
5
3
-1
0
-1
-1
0
-2
-3
-1
1
1
4
5
6
6
5
5
4
6
6
1
-3
-4
-5
-5
-5
-6
-4
-4
-6
-5
-3
-1
-6
-7
-3
0
4
4
2
-1
-1
-1
-3
-1
1
2
1
0
0
-1
-1
-2
-2
0
0
-1
-3
-4
-3
2
4
6
7
6
4
3
1
1
1
0
-3
-7
-7
-5
-3
-2
-3
-4
-3
-2
-3
0
-3
-6
-8
-7
-6
-5
-6
-5
-2
-2
-5
-4
-4
-2
2
3
3
5
6
6
3
-1
-2
0
1
1
-5
-9
-8
-5
-2
-3
-6
-8
-5
1
2
1
-3
-3
0
3
5
6
5
9
14
16
13
12
9
10
13
11
10
8
6
7
7
3
2
4
7
8
7
5
3
4
5
5
4
0
-2
0
1
4
2
-3
-6
-6
-3
0
-1
-4
-4
-2
-4
-6
-8
-10
-12
-9
-7
-7
-10
-12
-13
-12
-9
-11
-13
-13
-11
-6
-4
-4
-5
-7
-5
-2
0
0
-3
0
0
4
7
3
1
-1
2
5
5
8
8
9
11
15
18
13
15
17
16
17
19
18
17
21
19
15
13
11
11
9
5
1
-2
-5
-3
-2
-5
-10
-9
-12
-12
-11
-15
-16
-18
-17
-18
-20
-20
-24
-24
-24
-25
-26
-25
-24
-21
-19
-19
-20
-21
-21
-23
-24
-19
-14
-12
-12
-10
-7
-4
3
5
9
15
15
18
19
21
25
28
34
39
37
33
34
34
36
36
34
37
37
37
37
35
34
32
33
31
31
31
30
28
25
24
21
16
18
16
15
14
10
1
-6
-13
-16
-19
-21
-25
-27
-32
-39
-44
-47
-47
-49
-52
-53
-53
-50
-48
-48
-48
-52
-51
-52
-48
-43
-45
-47
-48
-48
-44
-42
-45
-46
-44
-39
-30
-24
-22
-23
-23
-20
-11
0
7
15
21
27
32
36
40
42
48
57
64
71
77
82
83
82
81
80
80
78
80
80
78
75
67
65
67
69
68
64
63
59
57
57
55
51
46
45
43
37
31
19
8
2
-3
-8
-17
-26
-36
-43
-46
-53
-56
-61
-65
-70
-75
-83
-88
-90
-95
-97
-95
-98
-99
-105
-110
-115
-120
-124
-128
-131
-132
-137
-137
-134
-132
-129
-124
-113
-108
-100
-89
-84
-77
-68
-56
-47
-41
-30
-22
-10
1
11
25
36
52
69
83
99
112
127
140
149
157
162
172
176
179
186
185
182
180
174
170
166
164
161
154
155
151
149
146
144
146
148
148
143
137
129
120
106
94
83
69
56
40
19
3
-12
-25
-42
-55
-68
-83
-92
-100
-109
-120
-135
-151
-166
-179
-191
-207
-224
-239
-255
-270
-286
-302
-320
-330
-331
-330
-323
-315
-309
-302
-298
-289
-274
-257
-237
-219
-200
-182
-167
-149
-130
-109
-85
-60
-35
-10
23
66
106
148
188
228
271
314
357
389
416
433
446
457
462
466
455
433
411
384
358
329
299
278
258
248
236
227
226
223
227
227
226
232
240
242
233
219
203
184
159
125
93
59
25
-1
-32
-61
-85
-107
-126
-138
-148
-163
-176
-181
-181
-184
-195
-215
-233
-261
-294
-324
-362
-398
-428
-460
-492
-523
-546
-561
-571
-584
-580
-569
-551
-529
-510
-486
-457
-430
-391
-352
-320
-291
-269
-250
-226
-202
-180
-152
-113
-67
-9
47
104
169
229
289
353
417
487
551
600
634
663
676
679
672
642
602
553
496
452
405
352
306
264
230
208
195
185
184
193
206
229
251
268
277
274
274
266
255
230
197
156
107
64
22
-8
-29
-57
-75
-89
-104
-103
-102
-98
-96
-97
-96
-94
-97
-115
-148
-198
-257
-317
-389
-462
-525
-591
-652
-715
-776
-822
-858
-870
-865
-853
-835
-809
-770
-743
-697
-645
-601
-543
-490
-443
-410
-387
-346
-312
-282
-253
-218
-181
-146
-92
-24
58
152
241
331
411
500
608
714
812
896
959
990
997
994
970
936
887
814
727
629
536
436
343
273
217
165
123
96
81
88
116
152
205
262
304
338
359
373
398
420
430
432
408
364
315
278
263
260
258
249
243
231
223
220
203
193
190
184
154
97
20
-81
-173
-249
-311
-369
-439
-503
-588
-684
-766
-843
-903
-964
-1006
-1041
-1071
-1070
-1062
-1028
-971
-913
-842
-796
-752
-706
-686
-634
-567
-497
-423
-363
-322
-326
-312
-287
-290
-276
-278
-276
-277
-263
-191
-109
0
131
267
401
515
649
753
840
948
1020
1064
1084
1078
1061
1007
952
862
716
557
394
255
136
75
63
56
83
118
161
222
295
396
477
531
578
607
621
623
618
592
546
490
391
270
158
64
13
-12
-4
21
31
47
69
96
126
150
177
178
167
153
106
55
11
-42
-106
-206
-315
-442
-577
-671
-737
-758
-772
-776
-768
-777
-766
-764
-767
-774
-792
-801
-831
-863
-875
-867
-827
-782
-724
-680
-677
-686
-698
-706
-682
-619
-532
-439
-354
-294
-263
-246
-228
-194
-165
-108
-49
-5
40
80
157
246
362
501
618
725
792
848
906
938
989
1034
1066
1084
1051
991
901
808
732
659
616
559
509
469
419
409
414
426
458
485
510
521
527
532
529
516
479
424
360
278
189
100
1
-77
-111
-128
-133
-128
-118
-88
-45
8
66
105
145
177
195
210
199
156
86
5
-86
-208
-333
-462
-599
-715
-798
-851
-885
-894
-889
-883
-876
-877
-903
-940
-964
-961
-929
-898
-870
-858
-859
-845
-830
-811
-783
-776
-768
-746
-696
-636
-570
-486
-417
-346
-307
-296
-283
-296
-299
-282
-257
-190
-92
31
194
413
659
900
1130
1269
1339
1383
1405
1479
1574
1665
1722
1686
1557
1316
1028
716
434
252
102
4
-46
-86
-78
-64
-15
33
48
68
61
75
122
204
317
417
499
508
439
321
175
47
-43
-50
21
120
225
301
337
341
333
343
353
373
375
349
324
304
294
276
245
175
35
-143
-341
-504
-609
-679
-698
-716
-738
-774
-833
-893
-968
-1030
-1063
-1092
-1073
-1040
-1009
-955
-911
-859
-804
-779
-766
-758
-744
-696
-624
-549
-477
-397
-335
-307
-268
-252
-252
-234
-233
-219
-191
-191
-181
-184
-190
-167
-150
-144
-148
-105
-20
113
346
592
842
1071
1172
1231
1246
1234
1306
1388
1486
1572
1547
1438
1235
979
731
503
350
226
142
77
1
-30
-81
-111
-83
-91
-50
13
64
145
206
275
339
377
397
344
258
144
26
-36
-62
-17
68
149
213
226
187
120
69
58
103
192
282
354
346
270
168
13
-128
-258
-365
-424
-472
-498
-540
-585
-644
-739
-825
-934
-1014
-1060
-1083
-1044
-982
-883
-795
-761
-780
-855
-926
-991
-992
-906
-780
-622
-502
-429
-400
-429
-442
-452
-435
-380
-326
-265
-258
-250
-230
-229
-206
-189
-197
-234
-267
-270
-227
-92
112
417
767
1043
1266
1345
1288
1215
1194
1268
1419
1607
1719
1710
1559
1255
919
583
317
197
136
119
147
159
155
149
130
90
28
-30
-43
-18
52
164
251
281
233
118
-24
-168
-266
-319
-321
-267
-193
-65
52
168
279
286
272
226
177
197
270
423
555
634
630
499
319
99
-80
-191
-270
-287
-301
-327
-378
-462
-547
-647
-737
-801
-861
-901
-910
-886
-839
-778
-741
-757
-820
-941
-1047
-1105
-1094
-992
-865
-703
-583
-529
-485
-520
-531
-531
-531
-459
-394
-294
-192
-139
-89
-116
-155
-192
-253
-255
-267
-243
-150
-14
244
545
860
1127
1245
1271
1207
1153
1199
1329
1560
1739
1794
1679
1347
951
558
264
130
53
32
24
7
3
-17
-8
-19
-51
-71
-81
-54
25
154
273
347
354
273
122
-56
-195
-255
-251
-189
-98
0
64
107
151
183
241
287
296
314
320
375
491
601
694
704
585
372
107
-143
-297
-342
-310
-233
-194
-240
-330
-454
-595
-689
-752
-805
-796
-768
-739
-676
-647
-656
-691
-775
-893
-995
-1066
-1077
-996
-868
-730
-594
-515
-506
-519
-563
-592
-562
-504
-411
-296
-219
-200
-229
-288
-368
-427
-479
-540
-555
-552
-485
-281
26
392
741
989
1074
1029
916
869
991
1233
1558
1806
1856
1687
1340
927
530
276
152
114
166
207
230
242
211
189
134
49
-11
-40
2
114
291
477
573
558
423
181
-93
-314
-405
-358
-222
-32
126
186
187
166
154
186
281
411
523
633
722
771
834
871
846
739
501
217
-49
-273
-373
-352
-301
-271
-308
-440
-606
-763
-878
-890
-856
-816
-746
-691
-679
-677
-710
-793
-900
-1029
-1151
-1229
-1258
-1230
-1118
-982
-826
-687
-633
-628
-641
-676
-675
-616
-518
-363
-206
-91
-45
-87
-180
-281
-362
-415
-421
-364
-295
-183
35
302
584
842
1008
1045
995
970
1035
1220
1507
1771
1921
1872
1600
1227
820
470
313
276
312
401
450
456
415
353
277
180
89
40
65
134
280
464
557
571
471
231
-50
-313
-489
-525
-466
-303
-100
27
104
118
57
7
32
127
298
552
766
916
990
900
751
579
366
207
91
-21
-105
-159
-217
-269
-316
-406
-500
-602
-714
-758
-774
-775
-734
-735
-788
-835
-936
-1040
-1109
-1201
-1265
-1294
-1325
-1324
-1285
-1231
-1125
-938
-770
-635
-533
-518
-513
-466
-403
-292
-166
-89
-49
-81
-184
-271
-372
-468
-482
-462
-426
-326
-180
13
305
610
835
1022
1071
995
994
1040
1169
1460
1708
1820
1793
1529
1165
834
529
384
388
416
498
568
524
474
422
296
212
168
99
144
262
366
527
620
524
385
140
-184
-372
-501
-540
-433
-328
-216
-91
-45
7
56
32
62
156
237
399
633
762
863
894
709
558
407
172
101
69
-37
-44
-60
-164
-235
-329
-462
-540
-627
-713
-727
-759
-774
-708
-740
-847
-946
-1141
-1301
-1367
-1439
-1419
-1360
-1373
-1343
-1280
-1245
-1123
-934
-780
-625
-503
-502
-492
-442
-395
-250
-104
-4
72
24
-78
-173
-276
-306
-259
-181
-83
71
287
480
691
864
922
926
865
857
986
1165
1438
1687
1763
1673
1398
1043
700
451
391
441
558
683
707
664
532
364
230
102
49
75
131
244
347
418
418
314
152
-64
-259
-376
-443
-424
-342
-228
-104
-11
59
65
54
52
50
138
306
442
601
754
744
672
588
369
191
128
-4
-65
-36
-82
-84
-53
-120
-221
-342
-551
-755
-880
-941
-903
-824
-773
-788
-931
-1146
-1336
-1514
-1570
-1477
-1397
-1279
-1153
-1150
-1133
-1024
-912
-758
-568
-486
-468
-450
-470
-426
-279
-104
63
170
174
108
-21
-136
-150
-111
-11
143
259
382
526
629
765
891
899
866
822
754
811
1023
1220
1397
1485
1341
1104
816
512
395
405
508
738
892
909
854
678
453
303
200
171
255
333
391
444
382
257
131
-60
-248
-360
-469
-519
-471
-429
-369
-241
-148
-87
-1
4
-24
26
61
126
303
478
609
711
691
524
364
214
56
59
108
112
176
160
41
-80
-244
-407
-504
-589
-630
-627
-625
-612
-637
-720
-830
-978
-1146
-1261
-1323
-1346
-1288
-1200
-1154
-1077
-1026
-1017
-936
-868
-820
-707
-623
-577
-505
-434
-345
-221
-101
-23
31
43
7
-31
-68
-94
-59
11
112
234
338
481
600
697
795
792
761
745
727
793
942
1075
1200
1274
1188
1014
818
588
468
485
529
670
818
821
776
624
397
278
215
214
339
442
480
503
421
245
118
-8
-157
-185
-223
-281
-230
-240
-244
-139
-114
-97
5
13
-11
40
57
94
248
388
450
549
532
374
295
159
-15
6
21
-29
16
10
-81
-171
-281
-438
-545
-565
-587
-577
-569
-599
-641
-739
-852
-961
-1093
-1160
-1180
-1209
-1152
-1103
-1112
-1053
-990
-947
-841
-734
-694
-629
-547
-530
-469
-327
-244
-133
-9
12
29
8
-60
-95
-113
-103
-45
37
137
258
383
470
541
590
595
602
605
632
743
856
977
1089
1094
1025
921
754
606
545
532
569
664
729
747
730
618
480
380
268
236
292
342
380
368
275
149
28
-81
-178
-215
-228
-225
-191
-196
-201
-168
-151
-122
-76
-62
-55
-28
-15
18
113
203
266
335
335
260
225
148
57
57
19
-20
15
-2
-58
-83
-144
-230
-285
-356
-435
-467
-486
-531
-575
-644
-740
-822
-910
-988
-1027
-1040
-1012
-965
-931
-863
-794
-738
-647
-598
-585
-547
-520
-475
-372
-272
-188
-80
-37
-46
-44
-102
-157
-136
-120
-83
-23
-2
34
102
176
292
427
509
543
551
533
519
572
663
775
911
982
966
902
772
635
573
561
610
726
807
825
787
677
545
427
339
300
311
337
357
378
341
244
141
9
-86
-123
-155
-170
-154
-151
-127
-74
-62
-36
34
74
105
147
153
161
212
257
299
352
347
300
246
144
4
-97
-158
-191
-154
-98
-73
-72
-111
-187
-282
-366
-426
-461
-465
-461
-475
-519
-592
-682
-778
-863
-913
-944
-961
-964
-956
-919
-871
-831
-781
-750
-745
-727
-719
-699
-634
-545
-443
-341
-272
-239
-215
-198
-176
-130
-91
-66
-35
8
54
124
196
251
323
395
444
483
513
523
562
635
707
795
850
824
793
740
665
657
667
699
795
862
883
874
783
652
554
469
426
444
465
473
475
423
328
251
161
77
38
-5
-44
-37
-27
5
75
123
169
207
202
189
184
168
159
177
222
255
273
273
217
133
76
26
-30
-46
-60
-84
-68
-55
-74
-112
-186
-276
-342
-403
-454
-490
-520
-558
-607
-660
-733
-797
-848
-888
-909
-915
-915
-917
-912
-885
-853
-817
-764
-722
-698
-659
-618
-581
-518
-450
-384
-319
-285
-274
-260
-249
-227
-182
-135
-114
-92
-64
-32
58
162
251
335
386
411
434
438
445
503
587
690
788
821
791
741
667
626
652
683
749
824
846
846
815
730
645
573
517
514
540
544
537
507
439
365
268
164
81
22
-23
-39
-44
-54
-42
-33
-20
12
31
28
40
60
82
118
156
187
202
202
202
184
140
110
70
21
7
-10
-55
-104
-151
-203
-250
-293
-351
-403
-434
-469
-502
-533
-584
-650
-705
-776
-846
-870
-877
-894
-893
-897
-913
-911
-894
-856
-809
-765
-734
-700
-671
-642
-607
-571
-518
-449
-384
-336
-284
-244
-215
-171
-141
-124
-81
-39
5
104
226
329
445
518
511
513
530
532
595
706
784
868
927
902
859
799
714
695
713
720
762
784
758
732
670
571
512
464
420
442
467
461
456
403
310
239
157
66
36
19
10
46
54
36
29
-12
-56
-60
-58
-55
-31
-16
-2
46
79
93
104
96
99
121
113
104
83
38
20
-4
-47
-66
-104
-165
-198
-244
-315
-368
-429
-516
-579
-650
-744
-804
-855
-898
-897
-903
-931
-930
-937
-952
-932
-912
-878
-802
-744
-701
-643
-615
-585
-524
-482
-422
-352
-323
-293
-249
-238
-214
-173
-175
-166
-125
-100
-39
65
153
245
340
383
418
475
510
566
651
713
794
878
895
896
883
826
798
795
780
796
805
793
799
781
721
651
569
492
458
439
424
435
426
386
344
279
204
147
94
50
42
34
18
6
-19
-37
-45
-63
-64
-56
-57
-41
-15
5
36
59
64
76
94
104
109
105
89
86
77
51
30
8
-32
-79
-127
-191
-250
-306
-360
-411
-469
-537
-614
-688
-744
-785
-808
-827
-847
-858
-869
-882
-895
-891
-868
-835
-786
-749
-718
-686
-663
-634
-593
-544
-483
-423
-399
-367
-323
-301
-254
-203
-178
-138
-83
-34
51
153
234
319
376
385
416
446
450
506
590
654
743
811
812
822
816
771
771
760
731
748
752
750
786
786
732
684
613
531
493
466
441
441
431
395
357
288
199
144
90
35
23
7
-20
-19
-18
-19
-8
-20
-43
-56
-68
-66
-46
-11
34
71
94
90
69
44
27
21
33
39
22
5
-13
-27
-45
-79
-129
-194
-250
-299
-351
-408
-471
-525
-568
-613
-659
-700
-737
-773
-798
-821
-841
-853
-854
-850
-833
-801
-761
-730
-701
-661
-624
-583
-523
-454
-397
-341
-294
-253
-200
-156
-111
-64
-30
0
36
88
153
219
275
334
363
379
407
414
438
498
560
616
680
711
711
723
716
717
746
756
755
769
774
769
771
748
702
644
583
530
483
444
415
387
345
305
267
199
136
87
28
0
-12
-37
-34
-20
-23
-12
-4
-28
-44
-61
-78
-57
-18
13
40
44
24
5
-22
-46
-57
-76
-85
-89
-118
-129
-133
-161
-177
-190
-222
-259
-293
-339
-379
-406
-441
-478
-506
-553
-609
-655
-709
-755
-784
-828
-856
-858
-857
-837
-808
-804
-795
-787
-792
-759
-709
-654
-568
-477
-415
-339
-284
-263
-227
-201
-180
-125
-68
-17
75
155
212
282
323
321
337
354
370
440
538
636
750
835
863
881
867
828
827
838
839
869
893
899
917
897
834
767
681
594
540
498
458
440
414
370
329
266
193
128
70
37
31
31
25
23
4
-13
-20
-42
-67
-88
-106
-110
-91
-77
-70
-61
-65
-66
-70
-80
-78
-64
-49
-30
-23
-38
-47
-50
-71
-99
-129
-173
-216
-255
-304
-346
-391
-439
-482
-526
-585
-642
-687
-739
-776
-797
-822
-836
-845
-854
-843
-809
-774
-747
-727
-711
-691
-657
-603
-534
-463
-397
-329
-269
-230
-204
-183
-163
-125
-67
11
106
197
295
376
421
451
472
492
541
612
697
787
870
919
944
949
919
890
874
848
843
865
869
866
848
801
731
648
554
470
413
378
367
361
338
299
244
169
94
31
-21
-51
-64
-70
-67
-67
-89
-112
-139
-169
-188
-199
-198
-162
-111
-66
-25
-7
-15
-26
-44
-55
-48
-35
-14
11
19
2
-11
-39
-91
-136
-185
-241
-285
-326
-372
-401
-440
-496
-548
-605
-667
-717
-757
-793
-812
-825
-831
-830
-829
-821
-791
-761
-739
-707
-687
-671
-631
-584
-527
-462
-394
-332
-273
-222
-171
-117
-78
-39
10
56
120
203
279
360
445
497
524
553
570
599
668
732
803
868
892
905
910
879
852
836
797
774
763
740
723
710
675
626
571
488
409
342
282
252
237
213
181
135
70
0
-62
-110
-142
-160
-172
-173
-164
-152
-148
-151
-165
-171
-172
-165
-136
-94
-49
-3
34
50
49
33
25
23
24
35
49
55
49
30
-2
-45
-95
-146
-204
-260
-315
-357
-387
-418
-451
-494
-554
-621
-683
-736
-769
-797
-816
-822
-818
-811
-806
-801
-792
-774
-757
-742
-716
-674
-617
-541
-461
-392
-334
-289
-249
-202
-152
-92
-20
53
133
215
288
355
422
476
517
549
576
618
678
736
792
845
875
879
878
870
852
845
831
806
788
759
732
702
660
607
552
488
419
355
304
265
228
191
147
93
29
-32
-83
-119
-139
-150
-165
-180
-185
-190
-185
-172
-162
-147
-134
-115
-91
-56
-13
22
53
75
86
88
93
102
106
115
121
116
103
83
50
13
-23
-68
-116
-157
-200
-248
-292
-344
-401
-458
-522
-587
-641
-682
-714
-743
-765
-792
-821
-839
-853
-850
-837
-826
-806
-782
-754
-709
-655
-606
-553
-502
-449
-389
-327
-264
-190
-119
-59
9
76
135
206
276
341
409
468
515
565
612
669
725
768
801
813
818
822
821
820
821
815
793
753
715
678
637
597
548
501
453
395
339
286
234
192
154
108
60
10
-37
-80
-111
-127
-144
-163
-176
-185
-182
-169
-161
-151
-139
-132
-113
-88
-56
-16
21
47
63
83
100
113
129
137
145
151
145
136
117
93
70
45
10
-27
-70
-113
-152
-194
-235
-285
-340
-396
-449
-497
-541
-578
-616
-656
-689
-716
-737
-748
-757
-765
-773
-777
-771
-757
-727
-693
-654
-611
-572
-530
-489
-442
-380
-310
-241
-171
-110
-47
28
98
170
247
311
369
430
479
533
601
664
714
756
776
781
787
786
794
803
794
777
756
720
684
655
615
573
523
466
408
357
312
267
229
187
149
107
58
14
-18
-44
-63
-76
-92
-103
-114
-117
-110
-100
-95
-84
-75
-67
-41
-9
15
41
58
65
71
81
93
108
120
125
126
126
118
107
87
56
19
-17
-55
-104
-149
-195
-242
-286
-331
-390
-453
-511
-562
-604
-644
-682
-719
-758
-788
-811
-825
-832
-832
-830
-822
-808
-787
-761
-727
-682
-634
-584
-540
-497
-439
-369
-302
-232
-169
-111
-45
26
103
188
269
341
404
464
513
564
621
680
741
795
831
850
856
855
858
855
844
826
793
750
714
680
642
598
550
494
433
373
317
267
217
166
122
77
30
-13
-47
-75
-95
-107
-110
-115
-125
-125
-120
-114
-105
-94
-93
-85
-65
-43
-12
17
41
63
81
90
101
111
117
123
121
112
97
81
59
39
15
-15
-57
-103
-147
-194
-245
-296
-349
-407
-468
-524
-573
-618
-657
-691
-718
-750
-781
-805
-819
-830
-833
-822
-810
-795
-775
-745
-702
-655
-604
-549
-496
-437
-373
-309
-245
-181
-108
-33
42
118
197
274
347
415
482
544
595
649
698
747
793
832
858
871
883
894
900
894
880
854
819
784
748
711
666
612
556
494
435
378
326
275
226
177
129
79
33
-7
-45
-80
-108
-130
-144
-152
-154
-144
-134
-118
-102
-93
-84
-67
-41
-13
18
51
73
93
111
127
139
145
150
147
136
120
105
85
59
30
-11
-52
-90
-130
-173
-219
-267
-318
-369
-424
-482
-543
-600
-653
-700
-736
-767
-797
-821
-842
-848
-847
-847
-846
-841
-828
-812
-783
-750
-709
-660
-605
-540
-470
-398
-316
-240
-168
-96
-25
45
113
186
261
330
394
452
514
575
633
689
739
774
801
820
827
830
834
834
826
813
789
761
734
702
663
618
571
518
456
390
327
266
207
158
111
61
10
-33
-63
-95
-121
-148
-170
-189
-200
-198
-198
-198
-190
-166
-143
-117
-84
-50
-11
23
55
85
111
130
146
160
164
167
169
170
158
139
120
92
61
25
-13
-56
-105
-157
-213
-275
-331
-385
-441
-496
-549
-595
-640
-683
-719
-752
-782
-807
-823
-835
-839
-839
-824
-803
-777
-740
-697
-647
-592
-530
-464
-396
-326
-257
-186
-113
-36
41
119
197
276
349
415
482
544
600
652
699
740
774
798
821
834
838
842
838
824
808
790
767
739
707
670
630
587
539
488
435
381
326
274
223
179
134
88
48
1
-40
-70
-101
-134
-155
-175
-192
-201
-202
-197
-194
-194
-187
-174
-159
-137
-115
-98
-77
-55
-35
-16
5
21
39
45
46
50
47
36
26
11
-9
-29
-56
-89
-129
-171
-209
-243
-282
-323
-366
-413
-454
-486
-511
-538
-569
-594
-616
-638
-650
-650
-646
-637
-616
-589
-563
-534
-499
-464
-423
-383
-339
-293
-247
-194
-139
-88
-32
25
76
125
175
221
261
300
336
369
400
429
458
486
507
524
539
549
557
562
561
554
543
534
526
510
492
476
456
434
410
385
356
329
302
277
252
227
206
184
158
132
108
83
57
31
8
-8
-22
-37
-53
-67
-88
-106
-116
-130
-143
-149
-155
-162
-165
-167
-170
-169
-168
-170
-163
-161
-158
-147
-135
-127
-121
-119
-115
-112
-119
-128
-135
-145
-154
-163
-180
-200
-219
-240
-258
-271
-286
-303
-322
-345
-366
-384
-402
-419
-435
-453
-468
-470
-468
-458
-447
-436
-417
-393
-364
-331
-299
-270
-233
-192
-148
-99
-51
-7
39
82
125
172
221
266
307
342
378
414
439
464
488
513
531
552
570
573
567
560
549
527
502
477
457
435
413
391
356
322
291
264
238
208
178
142
102
67
43
16
-12
-43
-73
-96
-111
-118
-123
-125
-128
-134
-132
-128
-121
-113
-113
-111
-106
-94
-83
-72
-59
-49
-43
-35
-33
-35
-41
-48
-50
-52
-56
-58
-67
-86
-108
-126
-140
-151
-166
-186
-202
-223
-245
-277
-308
-332
-353
-371
-380
-393
-409
-423
-432
-437
-433
-431
-430
-425
-414
-398
-382
-364
-345
-319
-289
-254
-212
-166
-121
-77
-35
11
53
94
130
169
208
244
282
321
364
399
430
458
484
506
522
529
527
528
527
518
509
499
491
474
453
433
411
392
367
338
312
287
259
223
185
146
114
85
61
44
31
11
-13
-32
-45
-54
-57
-61
-59
-56
-58
-51
-45
-36
-23
-14
0
13
22
29
34
42
48
53
51
49
47
41
33
21
8
-10
-30
-53
-78
-105
-142
-183
-230
-282
-331
-375
-414
-453
-491
-534
-576
-613
-648
-676
-704
-723
-732
-738
-741
-739
-728
-711
-687
-652
-606
-548
-492
-427
-354
-281
-201
-114
-21
77
174
262
340
426
510
592
673
740
804
853
891
921
941
949
941
921
895
869
836
787
729
659
574
491
411
331
242
150
63
-22
-95
-157
-212
-269
-322
-362
-394
-412
-408
-391
-377
-359
-330
-283
-223
-148
-67
1
69
149
221
294
367
434
479
528
577
611
627
620
612
585
548
513
450
377
303
214
123
32
-62
-170
-294
-398
-501
-613
-726
-822
-919
-1030
-1123
-1195
-1266
-1333
-1377
-1414
-1456
-1467
-1459
-1451
-1421
-1375
-1315
-1246
-1145
-1017
-902
-781
-626
-473
-326
-148
33
205
378
571
774
940
1111
1261
1371
1470
1572
1668
1725
1754
1764
1730
1689
1644
1569
1435
1277
1114
926
758
611
433
233
37
-131
-284
-425
-536
-661
-792
-881
-920
-942
-955
-940
-918
-886
-820
-720
-621
-515
-381
-250
-115
44
212
356
483
615
729
822
911
985
1019
1026
1023
995
941
884
809
690
560
439
303
159
15
-130
-274
-406
-529
-647
-758
-855
-931
-998
-1048
-1075
-1099
-1113
-1105
-1093
-1085
-1055
-1015
-971
-919
-867
-814
-763
-703
-640
-588
-537
-479
-427
-386
-319
-240
-189
-132
-83
-39
15
72
150
209
256
339
412
480
567
644
695
741
792
856
912
946
961
962
952
959
953
909
861
801
731
665
597
536
461
369
300
234
164
97
21
-53
-110
-149
-177
-218
-247
-257
-261
-253
-227
-188
-157
-120
-62
-8
37
90
142
173
198
244
284
296
318
329
327
311
293
284
250
207
175
120
52
8
-49
-120
-187
-251
-317
-384
-431
-476
-545
-611
-668
-735
-791
-827
-868
-910
-951
-988
-1000
-993
-992
-983
-975
-958
-914
-867
-812
-753
-699
-630
-544
-435
-309
-197
-85
14
127
275
412
541
665
763
848
947
1041
1109
1166
1207
1214
1211
1200
1184
1125
1039
946
826
702
599
488
356
221
101
-10
-113
-185
-262
-353
-421
-468
-501
-502
-478
-456
-448
-410
-342
-273
-188
-81
7
85
188
296
381
464
557
605
617
651
682
678
664
661
617
544
491
435
342
246
149
27
-114
-218
-303
-422
-523
-598
-703
-809
-874
-933
-998
-1049
-1078
-1117
-1149
-1144
-1137
-1155
-1149
-1113
-1080
-1046
-971
-908
-865
-779
-677
-591
-498
-392
-291
-215
-116
18
125
219
330
446
542
642
754
829
892
966
1029
1063
1085
1121
1118
1088
1070
1032
969
902
822
717
608
505
389
265
156
46
-70
-171
-250
-335
-416
-468
-520
-568
-579
-560
-552
-535
-479
-418
-361
-270
-158
-56
46
166
277
370
488
597
677
744
813
863
887
910
921
888
848
809
747
649
557
454
312
169
34
-107
-254
-385
-501
-634
-751
-833
-925
-1026
-1098
-1163
-1233
-1271
-1283
-1308
-1325
-1312
-1292
-1258
-1185
-1101
-1036
-950
-829
-721
-614
-488
-371
-267
-144
-2
114
232
373
492
596
718
832
913
990
1065
1117
1152
1191
1209
1178
1149
1135
1080
1014
968
889
765
656
560
430
290
185
61
-91
-191
-265
-367
-451
-495
-552
-617
-626
-611
-631
-634
-581
-538
-504
-417
-304
-223
-122
19
137
229
355
488
560
622
718
764
766
806
833
798
765
756
702
607
543
473
346
222
126
-4
-163
-285
-397
-546
-669
-751
-840
-937
-994
-1040
-1109
-1158
-1178
-1211
-1244
-1249
-1246
-1254
-1233
-1175
-1124
-1060
-961
-867
-777
-660
-538
-430
-314
-180
-61
55
194
334
464
596
734
861
976
1081
1169
1242
1296
1317
1322
1310
1274
1224
1169
1097
1000
887
784
668
522
385
254
105
-42
-168
-288
-407
-498
-561
-634
-690
-698
-698
-697
-664
-602
-547
-497
-401
-297
-219
-106
26
137
256
402
533
614
706
816
863
885
927
917
868
835
804
726
625
563
473
338
227
124
-31
-193
-332
-483
-649
-776
-874
-1000
-1111
-1159
-1214
-1276
-1286
-1280
-1296
-1306
-1280
-1253
-1238
-1192
-1125
-1081
-1014
-907
-808
-699
-577
-443
-315
-188
-41
84
189
310
431
536
652
767
864
947
1043
1134
1193
1246
1281
1279
1269
1250
1203
1133
1049
952
843
741
641
519
401
297
167
47
-53
-148
-252
-341
-400
-456
-503
-505
-497
-504
-477
-418
-368
-320
-247
-161
-99
-36
44
115
181
263
335
394
451
506
537
538
540
534
499
443
393
324
236
156
64
-31
-128
-222
-320
-431
-534
-637
-749
-858
-958
-1050
-1130
-1187
-1218
-1235
-1239
-1221
-1191
-1155
-1103
-1031
-958
-884
-804
-710
-601
-500
-392
-260
-126
13
165
316
460
595
729
854
954
1049
1133
1189
1227
1266
1287
1281
1276
1255
1208
1137
1062
967
846
720
601
474
329
202
89
-34
-147
-239
-328
-408
-468
-513
-558
-590
-604
-611
-603
-571
-530
-479
-411
-330
-235
-142
-46
43
126
216
300
370
441
502
541
572
588
586
573
559
534
480
408
332
236
124
18
-91
-207
-329
-438
-539
-641
-726
-798
-864
-929
-981
-1020
-1059
-1080
-1078
-1067
-1052
-1013
-948
-868
-787
-696
-595
-503
-401
-294
-194
-103
-13
69
137
208
281
349
398
439
482
510
538
561
559
542
532
521
502
482
465
446
416
399
394
384
379
380
377
366
365
364
363
359
368
377
380
387
399
410
417
423
429
433
431
416
390
356
319
281
238
186
139
93
45
-3
-66
-127
-183
-245
-303
-354
-403
-466
-520
-564
-614
-659
-682
-707
-751
-777
-786
-798
-816
-825
-825
-829
-824
-801
-772
-759
-741
-707
-679
-646
-597
-552
-517
-473
-416
-363
-308
-237
-170
-100
-9
84
166
250
346
436
519
615
705
767
828
902
955
985
1025
1060
1060
1053
1049
1016
960
916
869
787
693
614
531
436
358
285
195
112
50
-5
-65
-114
-149
-179
-197
-197
-191
-185
-159
-112
-69
-21
40
97
147
202
254
296
327
358
379
391
402
409
394
362
328
286
224
160
105
17
-85
-178
-272
-375
-478
-572
-663
-760
-839
-910
-988
-1049
-1092
-1127
-1152
-1162
-1149
-1132
-1103
-1051
-997
-938
-860
-763
-667
-570
-460
-350
-250
-144
-33
65
160
261
354
424
489
560
615
655
688
712
717
715
707
671
624
581
538
482
429
379
321
268
226
182
141
114
95
79
68
72
85
93
108
132
155
187
240
300
343
377
416
451
488
530
555
559
556
550
534
505
476
429
358
289
227
152
68
-27
-130
-234
-336
-425
-513
-609
-690
-766
-834
-884
-922
-955
-985
-992
-984
-974
-947
-902
-861
-819
-757
-689
-627
-556
-472
-399
-344
-280
-205
-143
-84
-18
35
71
114
157
189
221
256
278
293
320
344
358
367
384
396
400
416
435
433
436
450
463
473
483
496
495
497
502
502
498
497
496
484
470
467
453
432
424
411
389
367
356
344
321
298
281
256
231
215
196
174
154
132
109
91
74
51
25
2
-21
-48
-82
-115
-147
-185
-222
-257
-295
-331
-364
-405
-452
-489
-516
-546
-575
-602
-619
-637
-651
-655
-656
-654
-644
-634
-615
-590
-565
-532
-498
-462
-419
-377
-337
-297
-252
-203
-155
-111
-71
-30
6
36
63
88
110
124
141
156
169
179
190
198
199
202
208
205
207
219
228
233
240
252
269
282
301
321
335
354
380
406
433
456
472
490
510
528
535
533
532
527
517
508
494
473
447
420
387
348
308
265
213
158
101
43
-14
-72
-134
-194
-259
-320
-374
-421
-465
-507
-546
-576
-603
-625
-642
-656
-660
-657
-645
-626
-604
-583
-551
-515
-475
-430
-385
-343
-305
-267
-226
-185
-143
-99
-71
-48
-21
1
19
38
50
52
45
39
37
27
13
-3
-20
-33
-46
-59
-67
-74
-80
-79
-76
-69
-55
-36
-14
9
37
69
105
148
197
246
300
356
412
469
516
553
595
632
662
685
702
711
713
711
700
680
659
632
596
553
507
452
395
334
269
203
132
68
5
-59
-118
-176
-230
-284
-332
-372
-412
-452
-486
-513
-532
-542
-549
-553
-552
-545
-529
-506
-480
-454
-429
-403
-375
-347
-320
-294
-268
-241
-216
-193
-171
-152
-136
-128
-123
-121
-118
-115
-112
-110
-115
-115
-119
-125
-129
-128
-121
-119
-123
-122
-124
-119
-112
-105
-94
-81
-67
-45
-19
0
26
54
83
115
149
182
212
241
267
293
324
350
374
403
425
440
454
472
487
495
498
499
491
479
467
451
431
405
370
335
301
260
220
177
125
76
28
-18
-63
-108
-153
-196
-236
-274
-304
-332
-355
-378
-395
-406
-406
-399
-392
-382
-365
-347
-322
-290
-256
-229
-204
-177
-147
-118
-90
-67
-54
-36
-22
-11
-1
1
-3
-7
-13
-23
-38
-57
-79
-100
-127
-155
-174
-193
-209
-228
-247
-262
-271
-275
-269
-263
-257
-243
-227
-202
-170
-135
-100
-63
-20
27
74
126
178
230
279
325
374
417
454
487
513
542
563
574
583
585
574
557
539
520
494
461
421
376
332
289
245
195
141
97
52
7
-30
-68
-104
-136
-163
-182
-198
-208
-213
-213
-210
-205
-196
-182
-165
-145
-119
-95
-73
-44
-18
6
23
38
54
66
76
82
82
75
62
54
45
28
7
-24
-57
-89
-118
-144
-177
-213
-244
-273
-297
-322
-343
-362
-377
-387
-387
-382
-374
-363
-349
-331
-304
-272
-235
-198
-162
-125
-79
-29
17
65
110
152
193
231
267
298
321
341
364
378
389
393
391
388
376
361
342
321
303
277
249
218
183
145
113
83
51
23
-4
-28
-52
-71
-89
-103
-112
-118
-124
-126
-125
-117
-109
-97
-90
-81
-65
-49
-34
-20
-8
3
12
24
36
45
49
48
47
56
60
53
46
32
19
13
-1
-19
-36
-56
-72
-92
-112
-129
-150
-165
-181
-194
-208
-222
-233
-240
-247
-250
-249
-246
-245
-241
-229
-214
-204
-193
-176
-159
-140
-123
-101
-76
-53
-30
-9
12
34
52
74
88
103
120
134
153
166
174
181
188
196
206
213
210
208
206
208
212
208
201
196
190
184
179
176
170
158
148
138
132
129
122
113
103
91
82
76
70
57
46
31
20
9
-5
-18
-32
-45
-61
-78
-95
-109
-125
-143
-156
-172
-186
-199
-212
-226
-240
-250
-260
-265
-265
-265
-271
-275
-270
-261
-255
-248
-239
-226
-209
-188
-169
-154
-131
-113
-90
-68
-47
-21
-2
21
45
63
81
98
116
127
139
150
158
162
164
168
167
166
165
161
157
153
150
140
131
125
119
112
106
100
91
83
74
70
69
65
61
54
55
57
58
62
62
66
72
78
84
89
93
98
106
110
110
107
103
99
93
94
88
77
64
50
40
29
16
-3
-25
-43
-64
-83
-102
-121
-140
-157
-174
-192
-207
-222
-237
-250
-262
-272
-281
-283
-287
-292
-292
-286
-280
-273
-259
-245
-228
-211
-193
-177
-160
-141
-122
-101
-79
-55
-33
-14
8
31
45
61
79
93
111
125
136
146
153
160
168
172
174
180
183
183
182
179
180
181
175
169
169
169
165
162
157
152
146
141
138
136
136
138
137
127
119
120
121
118
108
105
101
97
96
94
88
85
78
68
63
57
49
41
31
21
11
5
-5
-14
-20
-28
-38
-47
-62
-75
-85
-94
-102
-110
-117
-127
-140
-148
-150
-152
-153
-155
-156
-156
-156
-156
-157
-154
-150
-146
-144
-137
-126
-118
-116
-114
-108
-98
-87
-77
-73
-71
-61
-46
-35
-27
-20
-17
-10
1
13
24
32
38
44
51
59
67
71
74
78
81
86
91
97
102
103
106
107
110
109
107
103
102
101
96
96
96
92
90
87
85
83
77
70
65
59
57
52
43
36
29
20
15
12
7
3
-5
-11
-15
-21
-23
-26
-29
-36
-41
-46
-49
-48
-49
-50
-54
-59
-59
-61
-62
-65
-65
-69
-70
-68
-75
-82
-84
-81
-80
-80
-81
-82
-82
-81
-77
-73
-77
-81
-81
-83
-83
-82
-80
-81
-78
-71
-64
-58
-55
-50
-47
-39
-27
-21
-13
-6
3
14
24
34
42
52
64
73
82
91
102
113
120
124
128
132
137
141
144
145
145
142
141
141
134
130
127
122
115
104
91
82
76
68
55
40
27
16
8
-2
-14
-24
-34
-40
-48
-58
-68
-72
-75
-80
-85
-91
-95
-96
-96
-92
-95
-96
-96
-94
-90
-87
-84
-82
-80
-74
-69
-65
-63
-59
-56
-52
-44
-38
-33
-30
-31
-31
-27
-22
-20
-17
-17
-19
-20
-17
-16
-14
-11
-10
-9
-5
-2
-2
-3
-1
1
3
7
10
16
20
19
25
33
38
45
52
58
66
70
72
75
79
85
86
90
91
92
93
92
88
82
77
75
71
67
64
58
51
49
41
32
22
12
6
3
-3
-15
-23
-28
-32
-37
-43
-49
-55
-54
-53
-56
-60
-60
-62
-67
-63
-62
-61
-61
-61
-60
-59
-56
-54
-51
-48
-46
-40
-37
-31
-25
-24
-23
-18
-14
-7
-9
-6
-4
-3
-3
-3
-4
-3
-2
-4
-5
-5
-3
-1
-1
-2
-6
-4
-1
4
4
-1
-1
-5
-3
0
0
3
3
5
9
12
15
13
13
15
15
16
19
23
25
25
23
22
23
25
27
29
27
25
27
24
24
28
29
25
25
27
29
28
25
21
17
17
16
14
10
8
3
0
2
2
2
2
-3
-2
3
1
-3
-8
-11
-14
-17
-18
-24
-25
-25
-26
-26
-26
-25
-26
-28
-24
-21
-22
-23
-22
-17
-11
-15
-16
-16
-13
-9
-7
-7
-5
-2
-1
1
4
6
7
4
5
6
4
5
9
10
10
12
10
7
7
9
10
6
5
10
14
14
11
6
3
7
11
15
12
7
6
6
6
8
6
4
1
1
4
3
6
7
5
4
4
9
9
6
0
0
2
5
8
6
2
0
4
7
5
3
2
2
3
8
10
10
7
2
3
4
3
2
0
-2
-4
-8
-7
-6
-5
-5
-7
-5
-4
-8
-12
-16
-17
-18
-17
-17
-20
-20
-14
-12
-12
-11
-14
-15
-12
-11
-11
-10
-11
-15
-13
-8
-9
-8
-5
-6
-5
-5
-2
-3
-3
-2
-1
4
7
6
6
7
8
10
12
12
11
11
14
13
13
10
7
6
8
9
9
8
6
4
4
6
4
5
3
-2
-3
-2
0
2
0
-3
-5
-5
-1
-1
-3
0
2
2
3
1
-1
-5
-6
-3
1
3
-2
-4
-5
-3
-4
-3
-4
-7
-8
-10
-8
-5
-1
-2
-5
1
3
5
2
-1
-4
-3
0
0
3
3
0
-8
-13
-11
-7
-6
-6
-7
-6
-2
0
2
0
-1
-1
4
6
6
5
0
0
4
8
7
2
6
11
9
11
14
11
10
12
13
13
12
13
11
5
8
8
8
7
7
10
11
10
7
3
4
5
3
2
1
4
6
4
3
0
-4
-3
-2
0
1
-3
-7
-7
-6
-6
-10
-13
-13
-11
-6
-4
-4
-8
-8
-9
-10
-5
-2
-2
-3
-5
-3
-1
2
0
0
1
3
3
2
-1
0
3
-1
0
-1
-2
0
-1
-4
-4
-6
-8
-6
0
2
-1
-2
2
5
2
0
2
5
9
9
9
12
16
13
12
9
9
9
8
9
8
7
2
2
5
2
1
0
-2
-3
-1
-1
0
2
0
-8
-11
-9
-6
-3
-6
-7
-6
-7
-6
-7
-9
-10
-10
-12
-9
-8
-9
-8
-13
-12
-9
-6
-5
-4
-4
-7
-13
-13
-10
-4
-2
-5
-6
-7
-3
-2
-6
-10
-12
-10
-4
1
2
-1
-6
-7
-7
-4
-2
0
-2
-4
-5
1
6
8
8
7
6
6
7
6
5
6
8
9
12
13
8
8
6
8
11
15
15
11
14
15
16
20
19
10
5
2
4
5
5
5
0
-2
-1
-4
-4
-3
-2
-3
-4
-8
-8
-6
-5
-4
-5
-6
-7
-5
-3
-4
-4
-4
-4
-5
-5
-1
0
-1
-4
-8
-6
-5
-1
-2
-3
-4
-4
1
1
0
-1
-2
-4
-6
-7
-3
-6
-6
-6
-4
-2
-3
-3
-3
-6
-6
-5
-4
-3
-2
-2
-3
-3
-3
-2
1
4
7
5
2
4
6
6
8
10
11
12
12
8
10
14
16
16
15
12
11
13
14
13
12
8
6
3
0
0
1
-1
-3
-2
-2
-1
-1
-2
-4
-7
-6
-4
-6
-6
-6
-9
-11
-12
-13
-15
-15
-15
-13
-12
-10
-11
-12
-13
-11
-6
-2
3
3
-2
-4
0
5
8
9
4
1
-3
-5
-4
-4
-4
-4
-5
-10
-10
-8
-8
-10
-9
-10
-10
-7
-7
-4
-4
-4
-1
4
4
2
-1
1
4
8
11
5
4
4
3
9
10
6
5
8
8
11
11
7
7
10
10
14
15
14
13
13
11
11
10
9
9
4
3
4
2
0
-1
-5
-8
-5
-1
-3
-3
-6
-7
-5
-4
-3
-4
-3
-1
-2
-2
-1
1
-3
-7
-7
-4
0
-1
-1
-4
-8
-9
-6
-4
-3
-7
-9
-5
-4
-3
-4
-6
-7
-4
-1
1
-3
-8
-7
-6
-4
-2
-1
-3
-3
-1
2
4
4
3
4
2
-1
1
4
6
7
6
8
11
15
15
15
15
18
17
19
17
14
17
16
20
20
12
3
4
7
7
7
6
7
7
6
6
6
5
4
0
0
-1
-7
-3
-2
-3
-7
-11
-11
-13
-13
-10
-9
-13
-12
-9
-12
-15
-15
-14
-11
-9
-8
-10
-10
-9
-7
-4
-6
-7
-5
-4
0
-4
-6
-8
-9
-9
-9
-6
-5
-5
-5
-7
-8
-6
-4
-3
-9
-10
-10
-9
-7
-6
-6
-8
-8
-5
-3
-2
-2
-3
-3
4
6
3
0
-2
-2
1
3
7
8
10
14
14
15
13
11
11
13
13
18
18
15
11
9
10
12
13
12
8
6
6
7
5
4
3
2
-2
-2
2
-1
-2
-4
-3
-2
-4
-9
-11
-11
-7
-2
-6
-9
-9
-10
-7
-5
-2
-1
1
-3
-7
-4
-4
-3
-6
-4
-5
-6
-4
-3
-4
-6
-6
-6
-4
-2
-3
-9
-13
-11
-8
-4
-3
-5
-7
-9
-9
-6
-7
-5
0
-1
2
-1
-3
0
1
1
1
1
4
5
5
5
4
6
6
7
9
10
7
8
8
6
8
8
13
16
15
13
9
8
14
19
17
12
11
14
13
13
10
9
9
5
1
-2
-4
-3
-3
-5
-5
-2
-1
-5
-8
-5
-4
-3
-4
-1
-2
-6
-3
0
1
1
-2
-1
2
5
4
-1
-3
0
-2
-6
-9
-7
-4
-5
-6
-6
-3
-3
-7
-8
-6
-2
1
-1
-4
-2
-2
-3
-5
-2
1
1
-1
-3
-3
-2
-1
-2
-2
1
2
0
1
2
1
-4
-10
-5
2
6
5
1
3
3
0
-1
-1
1
5
4
4
5
5
3
3
7
6
1
-1
-1
2
4
3
-2
-6
-5
-2
-2
-1
2
2
3
4
3
5
4
2
-1
0
5
4
5
5
7
5
-1
-1
3
0
-4
-10
-12
-7
-6
-4
-6
-6
-5
-5
-8
-11
-10
-6
-4
-5
-2
2
-1
-3
-5
-6
-4
0
0
0
-1
-1
-3
-3
-2
-3
-1
-1
-4
-2
1
5
6
1
-1
0
1
4
4
1
4
8
12
13
9
4
0
4
12
15
10
5
4
12
10
5
3
1
4
5
1
-2
0
2
-2
-6
-5
-2
0
3
0
-2
0
2
0
-6
-5
-2
-2
-2
-4
-3
-4
-7
-9
-8
-8
-8
-8
-8
-6
-7
-6
-6
-3
-2
-7
-13
-9
0
3
-1
-12
-7
-4
-4
-1
-6
-8
-5
-5
-8
-7
-4
-5
-5
-5
-2
-1
0
2
1
2
2
3
4
3
4
0
-4
-2
1
5
0
-2
3
5
3
1
2
5
7
7
7
11
15
15
14
14
16
17
14
13
12
10
7
6
9
9
5
2
2
3
3
0
-1
2
2
-1
-1
0
0
1
-4
-5
3
4
1
-2
-4
-3
-1
-1
-3
-2
-8
-11
-10
-7
-3
-7
-13
-12
-14
-16
-14
-12
-9
-8
-10
-9
-6
-5
-5
-9
-13
-7
-2
1
-3
-9
-4
1
-1
-3
-5
-2
2
2
2
1
0
0
-4
-3
-1
4
4
1
5
6
2
4
4
4
2
-1
2
6
5
0
-1
1
4
6
3
3
5
3
1
0
-2
-2
4
4
4
4
-3
-2
2
2
0
-3
-2
6
10
7
6
3
0
1
4
3
1
-2
-7
-4
-2
-6
-8
-7
-4
-3
-1
-3
-2
-1
-2
1
2
1
1
0
3
6
2
-1
-1
-2
-6
-7
-10
-10
-6
-4
-6
-4
-4
-4
-4
0
3
4
4
3
-1
-3
-1
2
6
7
8
8
10
12
11
9
6
5
8
8
6
3
5
6
6
8
5
5
3
4
8
6
2
0
3
4
7
6
1
1
0
0
-2
-4
-7
-4
-1
-2
-2
-7
-7
-9
-6
-3
0
3
3
2
3
-1
-4
-4
-2
-1
-4
-3
-3
-2
0
-4
-6
-7
-10
-12
-13
-13
-10
-7
-6
-6
-4
-1
0
1
1
2
4
2
-3
-4
-3
-4
-7
-7
-7
-7
-7
-6
-6
-5
-3
-1
-2
-4
-2
1
2
3
8
7
6
7
7
11
15
14
13
12
6
7
7
5
6
4
3
5
5
4
-1
-1
-1
-2
0
1
5
10
11
13
13
10
8
10
11
8
2
-1
0
-1
-6
-11
-9
-7
-6
-2
-4
-8
-5
-6
-5
-5
-11
-13
-9
-4
-1
4
5
2
1
4
4
5
2
-1
1
1
0
-3
-6
-9
-7
-3
-1
3
4
3
-1
-4
-4
-2
-3
-9
-8
-4
-1
1
-1
-1
-2
-2
-1
0
-1
-4
-5
-6
-4
-2
-3
-6
-1
5
7
5
7
7
3
4
2
1
4
2
6
7
7
6
7
13
18
11
6
6
8
11
10
8
8
8
10
11
15
14
10
6
1
-1
0
-1
-4
-6
-2
1
0
1
2
0
-2
-3
-3
-5
-7
-7
-11
-11
-14
-16
-14
-13
-11
-8
-12
-13
-12
-13
-13
-14
-17
-18
-12
-8
-2
4
4
4
8
8
7
6
2
-2
-1
-3
-6
-7
-11
-8
0
6
9
8
9
9
6
6
7
8
11
9
6
5
8
12
13
13
10
6
4
4
5
1
-8
-9
-3
-4
-5
-5
-3
3
10
11
7
2
6
8
8
7
-1
-4
-2
0
3
1
3
6
5
4
2
1
-2
-1
-2
-3
-6
-6
-2
1
5
5
6
2
-2
-3
-6
-7
-5
-8
-14
-18
-16
-15
-19
-15
-7
-4
-3
-5
-11
-11
-9
-5
1
2
3
2
-2
-2
2
5
2
-4
-5
-4
-2
0
-4
-6
-8
-7
-5
-3
-2
-2
1
7
11
10
6
2
4
11
15
14
11
14
17
19
19
16
10
7
3
0
-8
-13
-11
-7
-3
2
6
9
10
12
12
10
3
2
3
3
3
8
12
10
4
-2
-3
-3
-4
-2
-5
-9
-11
-12
-13
-17
-21
-19
-12
-5
0
4
6
6
4
0
-2
2
1
-3
-4
1
-2
-7
-5
-3
-2
-1
-2
-5
-1
1
-2
-7
-10
-12
-9
-5
-4
1
9
10
12
9
6
1
-3
-5
-5
1
-1
-3
-5
-1
6
6
3
3
4
3
0
-2
-4
-4
-6
-8
-8
-4
3
8
12
13
15
20
20
16
14
8
2
6
7
6
1
0
1
5
12
13
14
12
9
7
4
-2
-5
-3
-3
-3
-3
-4
-2
-2
-4
-5
-7
-8
-4
-1
3
6
5
0
1
2
2
-1
-4
-7
-15
-23
-27
-29
-29
-22
-15
-7
-5
-3
4
13
18
14
8
1
-6
-12
-19
-25
-27
-29
-19
-5
7
15
18
21
26
27
18
1
-14
-25
-32
-33
-33
-30
-27
-18
-8
4
15
25
33
35
28
15
2
-9
-20
-25
-26
-25
-19
-13
-1
9
10
11
15
15
16
12
3
0
-5
-10
-12
-9
-7
-2
4
10
14
14
14
11
11
8
2
-2
-2
1
1
-1
-2
-1
-1
-4
-4
-5
-11
-18
-19
-17
-11
-2
3
5
9
12
16
16
15
9
0
-12
-20
-23
-23
-18
-13
-8
-3
8
17
23
22
20
12
0
-9
-19
-28
-35
-33
-25
-16
-3
8
17
31
39
45
40
30
20
7
-5
-14
-19
-20
-13
-6
2
10
19
29
33
30
21
13
1
-12
-18
-24
-23
-17
-7
3
13
22
29
37
38
35
21
5
-9
-18
-24
-29
-28
-25
-17
-5
8
17
18
20
18
14
0
-9
-18
-30
-30
-27
-19
-12
-1
10
19
23
26
27
16
8
0
-10
-18
-23
-22
-19
-10
-4
3
9
12
17
14
11
4
-5
-11
-19
-22
-18
-11
-1
6
10
14
19
22
20
12
5
-5
-12
-14
-14
-15
-15
-11
-6
4
12
10
11
10
3
-3
-9
-15
-17
-16
-9
-1
10
19
25
23
22
20
12
3
-8
-16
-22
-24
-19
-10
2
10
17
20
24
25
21
16
5
-10
-24
-29
-31
-27
-20
-14
-3
7
20
28
32
27
21
8
-7
-18
-24
-28
-36
-34
-26
-11
2
10
16
18
18
17
10
1
-7
-15
-17
-19
-18
-17
-16
-11
-1
6
12
15
16
14
9
3
-1
-7
-11
-9
-5
-1
4
5
3
1
1
4
3
1
0
-3
-2
-3
-3
2
5
11
13
13
13
7
1
-5
-9
-8
-7
-9
-7
-6
-6
-2
1
6
9
8
4
1
-3
-5
-12
-17
-14
-11
-6
-7
-2
3
10
15
17
13
8
6
4
2
0
-2
-5
-3
-2
-2
-2
2
9
15
17
12
8
4
0
0
1
-2
-5
-5
-2
0
1
3
6
8
6
3
1
-1
-3
-10
-14
-15
-17
-18
-16
-10
-4
5
9
9
8
9
6
5
0
-5
-7
-8
-9
-10
-6
-6
-1
0
-1
3
7
11
10
4
3
4
6
5
6
8
7
3
2
0
-1
-1
-1
1
3
1
-1
-3
-2
-3
-2
0
-1
0
-4
-5
-8
-11
-10
-11
-9
-7
-2
1
2
1
0
0
-1
0
-2
-4
-3
-5
-11
-12
-10
-8
-7
-6
-3
0
3
2
-3
-5
-4
0
2
3
5
4
5
5
3
1
3
7
9
9
4
-3
-5
-5
-2
2
3
4
8
7
3
1
-4
-5
-2
-1
-2
-6
-7
-8
-2
4
7
10
5
1
0
-3
-6
-10
-9
-7
-5
-3
-1
3
3
4
2
-1
-1
5
7
9
6
-3
-7
-10
-9
-6
-3
0
5
8
8
5
4
2
-1
-1
-4
-5
-3
-3
-4
-4
-3
-3
-1
3
8
10
10
9
2
0
-4
-6
-5
-4
-5
-6
-6
-7
-3
-4
-5
-4
-6
-4
-1
-6
-8
-13
-13
-12
-8
-1
3
3
2
5
4
3
1
-1
-2
-1
1
2
8
14
16
11
7
7
9
7
8
4
1
-5
-7
-8
-5
2
5
10
11
10
7
6
6
7
8
5
4
5
3
0
-8
-12
-6
0
5
0
-5
-7
-6
0
2
0
-1
-2
0
2
2
4
5
6
8
7
1
0
5
6
7
6
2
3
5
3
4
1
-4
-5
-7
-9
-8
-8
-7
-6
-4
0
3
0
3
6
5
-2
-5
-8
-9
-10
-9
-8
-8
-8
-9
-10
-12
-10
-7
-4
-2
-1
-6
-11
-8
-6
-1
6
10
12
12
11
9
8
7
6
5
2
1
1
-2
-6
-10
-8
-4
-1
3
3
1
-1
-2
2
4
5
3
-1
1
4
4
2
1
-2
0
1
3
4
1
-1
-5
-9
-10
-10
-9
-8
-8
-4
0
1
1
2
5
7
7
8
6
6
7
6
5
4
3
0
-1
2
8
12
9
3
-4
-5
-8
-15
-14
-9
-4
1
5
7
4
4
7
6
7
5
3
1
-1
-1
-5
-5
-2
1
4
3
4
7
8
5
5
1
-4
-3
-2
-2
-2
-5
-6
-4
1
6
11
13
11
11
11
7
7
4
0
1
5
5
4
3
-3
-5
-4
-5
-5
-4
-5
-7
-8
-8
-2
1
4
4
1
-1
-4
-4
-3
-2
-3
-5
-6
-5
-2
-2
-3
-1
5
8
7
7
4
2
0
-1
0
-2
-3
-7
-8
-3
-1
0
0
1
3
3
4
4
1
2
5
5
2
-1
-1
-3
-8
-9
-5
-3
-1
-1
-1
0
-1
1
1
