1.000000e-030   5.555556e-001   1.000000e-030   1.000000e-030   1.000000e-030   1.000000e-030   1.000000e-030   1.000000e-030   1.000000e-030   1.000000e-030   1.000000e-030   1.000000e-030   1.000000e-030   1.111111e-001   1.000000e-030   1.000000e-030   1.000000e-030   1.111111e-001   1.000000e-030   1.789267e-245   1.000000e-030   2.222222e-001   1.000000e-030   1.000000e-030   1.000000e-030   1.000000e-030   1.000000e-030   1.000000e-030   1.000000e-030   5.383184e-230   1.000000e-030   1.000000e-030   

1.000000e-030   1.590460e-245   1.000000e-030   1.000000e-030   1.000000e-030   1.000000e-030   1.000000e-030   3.333333e-001   1.000000e-030   1.000000e-030   1.000000e-030   1.000000e-030   1.000000e-030   3.334785e-262   1.000000e-030   1.000000e-030   1.000000e-030   1.000000e-030   1.000000e-030   3.333333e-001   1.000000e-030   2.299419e-228   1.000000e-030   1.000000e-030   1.000000e-030   1.000000e-030   1.000000e-030   1.000000e-030   1.000000e-030   3.333333e-001   1.000000e-030   2.084012e-242   

1.000000e-030   1.000000e-030   5.067954e-238   1.000000e-030   1.000000e-030   1.000000e-030   5.920226e-240   1.114893e-238   1.000000e-030   1.000000e-030   1.000000e-030   1.000000e-030   1.479045e-243   1.000000e-030   4.508382e-241   1.000000e-030   1.000000e-030   1.000000e-030   1.000000e-030   1.000000e-030   1.000000e-030   9.854651e-229   1.000000e-030   1.000000e-030   1.000000e-030   1.000000e-030   1.000000e-030   1.000000e-030   1.000000e-030   1.000000e-030   1.000000e-030   1.000000e+000   

1.000000e-030   8.277841e-234   1.111113e-001   1.000000e-030   1.000000e-030   1.000000e-030   2.222226e-001   1.111113e-001   1.000000e-030   1.000000e-030   1.000000e-030   1.000000e-030   1.111094e-001   8.277880e-232   4.444453e-001   1.000000e-030   1.000000e-030   1.000000e-030   1.000000e-030   3.202563e-008   1.000000e-030   7.920510e-229   1.000000e-030   1.000000e-030   1.000000e-030   1.000000e-030   1.000000e-030   1.000000e-030   1.000000e-030   9.964976e-231   1.000000e-030   2.570130e-242   

1.000000e-030   9.999983e-002   3.431163e-241   1.000000e-030   1.000000e-030   1.000000e-030   1.092490e-270   1.000000e-030   1.000000e-030   1.000000e-030   1.000000e-030   1.000000e-030   1.727065e-006   1.999997e-001   1.000000e-030   1.000000e-030   1.000000e-030   1.000000e-030   1.000000e-030   9.999980e-002   1.000000e-030   2.999995e-001   1.000000e-030   1.000000e-030   1.000000e-030   1.000000e-030   1.000000e-030   1.000000e-030   1.000000e-030   2.999995e-001   1.000000e-030   1.000000e-030   

