2.363283e+062 -3.962206e+058 -1.026889e+059 -1.796425e+059 -2.604042e+059 -3.333784e+059 -3.878369e+059 -4.134466e+059 -4.013413e+059 -3.458741e+059 -2.456944e+059 1.318414e+056 
2.363281e+062 -3.965661e+058 -1.025481e+059 -1.790967e+059 -2.593153e+059 -3.316152e+059 -3.859411e+059 -4.113924e+059 -3.994667e+059 -3.445092e+059 -2.448885e+059 1.308575e+056 
2.363285e+062 -3.929618e+058 -1.019462e+059 -1.789178e+059 -2.596680e+059 -3.329419e+059 -3.874623e+059 -4.126562e+059 -4.001305e+059 -3.442919e+059 -2.443973e+059 1.309057e+056 
2.363285e+062 -3.919255e+058 -1.017717e+059 -1.789090e+059 -2.600536e+059 -3.336421e+059 -3.882353e+059 -4.134827e+059 -4.006993e+059 -3.447484e+059 -2.447500e+059 1.311486e+056 
2.363284e+062 -3.904598e+058 -1.016887e+059 -1.801065e+059 -2.624594e+059 -3.359283e+059 -3.905779e+059 -4.157546e+059 -4.020682e+059 -3.447135e+059 -2.441860e+059 1.321610e+056 
2.363251e+062 -3.502924e+058 -9.877715e+058 -1.752659e+059 -2.500429e+059 -3.255242e+059 -3.788789e+059 -4.038605e+059 -3.972168e+059 -3.391936e+059 -2.398952e+059 1.237173e+056 
2.363137e+062 -2.719090e+058 -9.199382e+058 -1.786360e+059 -2.454739e+059 -2.853113e+059 -3.370214e+059 -3.780577e+059 -3.700253e+059 -3.051377e+059 -2.233775e+059 1.054323e+056 
2.363089e+062 -2.103439e+058 -8.527945e+058 -1.411565e+059 -2.288825e+059 -2.788976e+059 -3.521378e+059 -3.691129e+059 -3.567583e+059 -3.201727e+059 -2.203744e+059 9.431808e+055 
2.362625e+062 -3.325720e+057 -5.984477e+058 -7.717228e+058 -1.578598e+059 -1.624775e+059 -2.214072e+059 -2.444968e+059 -2.319625e+059 -1.987984e+059 -1.564900e+059 3.559745e+055 
2.361810e+062 3.959862e+058 6.751700e+058 9.221819e+058 1.071321e+058 7.826210e+058 -9.851900e+058 -1.194325e+059 -2.594329e+058 3.711129e+058 -4.493315e+058 -4.789051e+054 
2.362844e+062 -6.969622e+058 -1.705567e+059 -2.693817e+059 -3.634911e+059 -3.236733e+059 -3.299483e+059 -3.485128e+059 -3.377632e+059 -3.083929e+059 -2.210297e+059 1.610294e+056 
2.312384e+062 -1.250100e+061 -2.788233e+061 -4.163983e+061 -4.983352e+061 -4.912757e+061 -4.016879e+061 -2.743220e+061 -1.538644e+061 -6.245748e+060 -8.300533e+059 1.494964e+060 
2.260926e+062 -2.485720e+061 -5.224924e+061 -6.972071e+061 -7.070946e+061 -5.448720e+061 -2.904053e+061 -6.250786e+060 6.395634e+060 8.784513e+060 5.500950e+060 2.955272e+059 
2.255924e+062 -2.446188e+061 -4.881379e+061 -6.120373e+061 -5.754536e+061 -4.050918e+061 -2.072554e+061 -9.293849e+060 -8.100835e+060 -1.049104e+061 -9.688331e+060 1.760666e+060 
2.231951e+062 -2.714807e+061 -4.802943e+061 -4.844712e+061 -2.883940e+061 -8.964520e+059 1.705671e+061 1.408689e+061 -3.547308e+060 -1.953062e+061 -2.191183e+061 1.740728e+060 
2.294971e+062 -1.046734e+061 -1.642940e+061 -1.846470e+061 -2.054995e+061 -2.197633e+061 -2.356139e+061 -2.472547e+061 -2.300324e+061 -1.803950e+061 -1.145627e+061 9.239597e+059 
2.310706e+062 -7.351401e+060 -1.056912e+061 -1.191837e+061 -1.719403e+061 -2.573653e+061 -3.405766e+061 -3.650212e+061 -3.043401e+061 -1.943835e+061 -9.606081e+060 8.465031e+059 
2.322219e+062 -4.438103e+060 -3.442415e+060 2.270569e+059 -4.377418e+059 -6.700548e+060 -1.579882e+061 -2.224977e+061 -2.167914e+061 -1.489300e+061 -6.806224e+060 1.204692e+059 
2.342319e+062 -3.409416e+060 -5.389051e+060 -5.700361e+060 -6.983796e+060 -1.037930e+061 -1.571310e+061 -1.988745e+061 -1.967259e+061 -1.501955e+061 -8.376779e+060 2.347615e+059 
2.352256e+062 -2.270043e+060 -4.612297e+060 -6.309992e+060 -8.282889e+060 -1.041832e+061 -1.310354e+061 -1.490178e+061 -1.431675e+061 -1.142921e+061 -6.882447e+060 1.701760e+059 
2.358597e+062 -1.161140e+060 -2.611179e+060 -4.013451e+060 -5.323410e+060 -6.436587e+060 -7.374274e+060 -7.848221e+060 -7.442335e+060 -6.045244e+060 -3.881594e+060 5.437172e+058 
2.361308e+062 -6.012256e+059 -1.502772e+060 -2.544380e+060 -3.574337e+060 -4.415745e+060 -4.951469e+060 -5.063914e+060 -4.674863e+060 -3.792956e+060 -2.509670e+060 2.178656e+058 
2.362132e+062 -3.896549e+059 -9.955450e+059 -1.712221e+060 -2.423242e+060 -3.005637e+060 -3.361641e+060 -3.417234e+060 -3.137172e+060 -2.539000e+060 -1.683586e+060 9.831089e+057 
2.362809e+062 -1.835530e+059 -4.669506e+059 -7.966071e+059 -1.119878e+060 -1.385368e+060 -1.548384e+060 -1.577088e+060 -1.457457e+060 -1.191434e+060 -8.011518e+059 2.121665e+057 
2.363206e+062 -5.456044e+058 -1.396625e+059 -2.311887e+059 -3.167535e+059 -3.945559e+059 -4.453592e+059 -4.624309e+059 -4.475907e+059 -3.835561e+059 -2.690847e+059 1.876111e+056 
2.363265e+062 -4.575213e+058 -1.180645e+059 -2.051557e+059 -2.936034e+059 -3.694920e+059 -4.206288e+059 -4.375271e+059 -4.139362e+059 -3.483010e+059 -2.424817e+059 1.553637e+056 
2.363286e+062 -3.943870e+058 -1.031578e+059 -1.820529e+059 -2.652260e+059 -3.400362e+059 -3.945363e+059 -4.181792e+059 -4.029686e+059 -3.449667e+059 -2.438105e+059 1.342646e+056 
2.363284e+062 -3.918877e+058 -1.021669e+059 -1.798661e+059 -2.615325e+059 -3.353318e+059 -3.896124e+059 -4.140147e+059 -4.003361e+059 -3.436618e+059 -2.436322e+059 1.316921e+056 
2.363288e+062 -3.884110e+058 -1.015634e+059 -1.795540e+059 -2.619073e+059 -3.364460e+059 -3.913231e+059 -4.159892e+059 -4.018425e+059 -3.446972e+059 -2.440830e+059 1.319924e+056 
2.363271e+062 -4.443913e+058 -1.150562e+059 -2.006612e+059 -2.883237e+059 -3.641556e+059 -4.159602e+059 -4.338738e+059 -4.115180e+059 -3.467944e+059 -2.416927e+059 1.510640e+056 
2.363290e+062 -3.865596e+058 -1.012251e+059 -1.791367e+059 -2.617831e+059 -3.368092e+059 -3.921062e+059 -4.167437e+059 -4.025484e+059 -3.449836e+059 -2.441479e+059 1.319791e+056 
2.363288e+062 -3.870440e+058 -1.014550e+059 -1.795740e+059 -2.622060e+059 -3.373367e+059 -3.928192e+059 -4.175539e+059 -4.036106e+059 -3.460730e+059 -2.449741e+059 1.325490e+056 
2.363288e+062 -3.853116e+058 -1.008883e+059 -1.786352e+059 -2.610491e+059 -3.359546e+059 -3.912151e+059 -4.160884e+059 -4.021692e+059 -3.449740e+059 -2.441771e+059 1.314516e+056 
2.363289e+062 -3.844828e+058 -1.006075e+059 -1.781894e+059 -2.604735e+059 -3.352072e+059 -3.904614e+059 -4.154218e+059 -4.015431e+059 -3.443767e+059 -2.438582e+059 1.309233e+056 
