1.000000e-030   1.000000e-030   1.000000e-030   1.000000e-030   1.000000e-030   1.000000e-030   1.000000e-030   4.087708e-268   1.000000e-030   3.678937e-298   1.000000e-030   1.000000e-030   1.000000e-030   1.000000e-030   1.000000e-030   5.000000e-001   1.000000e-030   1.389444e-232   1.000000e-030   1.000000e-030   1.000000e-001   1.000000e-030   1.000000e-030   1.000000e-030   1.000000e-030   1.000000e-030   1.000000e-030   1.000000e-030   1.000000e-001   1.000000e-030   3.000000e-001   1.000000e-030   

1.000000e-030   1.000000e-030   1.000000e-030   1.000000e-030   1.000000e-030   1.000000e-030   1.000000e-030   1.000000e+000   1.000000e-030   4.087987e-298   1.000000e-030   1.000000e-030   1.000000e-030   1.000000e-030   1.000000e-030   6.154335e-263   1.000000e-030   1.389444e-231   1.000000e-030   1.000000e-030   1.000000e-030   1.000000e-030   1.000000e-030   1.000000e-030   1.000000e-030   1.000000e-030   1.000000e-030   1.000000e-030   1.000000e-030   1.000000e-030   1.000000e-030   1.000000e-030   

1.000000e-030   1.000000e-030   1.000000e-030   1.000000e-030   1.000000e-030   1.961090e-242   1.000000e-030   2.612310e-245   1.000000e-030   1.000000e+000   1.000000e-030   1.000000e-030   1.000000e-030   1.000000e-030   1.000000e-030   1.000000e-030   1.000000e-030   1.389444e-231   8.292203e-242   1.000000e-030   1.000000e-030   1.000000e-030   8.655240e-241   1.000000e-030   1.000000e-030   1.000000e-030   1.000000e-030   1.000000e-030   1.875749e-293   1.000000e-030   1.000000e-030   1.000000e-030   

1.000000e-030   1.000000e-030   2.618431e-236   1.000000e-030   1.000000e-030   7.039354e-001   1.000000e-030   2.362820e-246   1.000000e-030   9.494015e-002   1.000000e-030   1.000000e-030   1.000000e-030   1.000000e-030   1.000000e-030   1.000000e-030   1.000000e-030   1.397255e-232   1.005622e-001   1.000000e-030   1.000000e-030   1.000000e-030   1.005622e-001   1.000000e-030   1.365720e-235   1.615820e-234   1.000000e-030   1.000000e-030   6.890074e-237   1.000000e-030   1.000000e-030   1.000000e-030   

1.000000e-030   1.000000e-030   2.713482e-001   1.000000e-030   1.000000e-030   1.000000e-030   1.000000e-030   1.000000e-030   1.000000e-030   5.056688e-003   1.000000e-030   1.000000e-030   1.000000e-030   1.000000e-030   1.000000e-030   1.000000e-030   1.000000e-030   9.044939e-002   2.144877e-271   1.000000e-030   1.000000e-030   1.000000e-030   4.391890e-242   1.000000e-030   2.713482e-001   2.713482e-001   1.000000e-030   1.000000e-030   9.044939e-002   1.000000e-030   1.000000e-030   1.000000e-030   

