2.358806e+062 6.193435e+058 5.916793e+059 1.468781e+060 7.056806e+059 7.903123e+059 2.418331e+059 6.429623e+059 8.155564e+059 1.098906e+059 2.952242e+057 6.820939e+056 
2.362678e+062 -1.855456e+058 1.637350e+058 5.474482e+058 -1.367785e+059 -2.448413e+059 -3.269568e+059 -2.642814e+059 -1.998024e+059 -2.523583e+059 -2.062928e+059 2.991905e+055 
2.363262e+062 -3.740330e+058 -9.842126e+058 -1.727977e+059 -2.587032e+059 -3.307370e+059 -3.876411e+059 -4.109989e+059 -3.959889e+059 -3.422049e+059 -2.421823e+059 1.272921e+056 
2.363283e+062 -3.772361e+058 -9.932421e+058 -1.763817e+059 -2.577993e+059 -3.329481e+059 -3.884765e+059 -4.123448e+059 -3.988463e+059 -3.424862e+059 -2.424673e+059 1.286954e+056 
2.363284e+062 -3.813467e+058 -1.008342e+059 -1.786183e+059 -2.610850e+059 -3.362217e+059 -3.917540e+059 -4.163266e+059 -4.025336e+059 -3.452579e+059 -2.443687e+059 1.314071e+056 
2.363284e+062 -3.816440e+058 -1.005939e+059 -1.785579e+059 -2.615749e+059 -3.369360e+059 -3.926564e+059 -4.180242e+059 -4.039887e+059 -3.467401e+059 -2.453439e+059 1.319511e+056 
2.363286e+062 -3.780208e+058 -9.996118e+058 -1.775909e+059 -2.603522e+059 -3.352592e+059 -3.907269e+059 -4.156001e+059 -4.019415e+059 -3.447171e+059 -2.439907e+059 1.304743e+056 
2.363286e+062 -3.807804e+058 -1.005850e+059 -1.783681e+059 -2.609912e+059 -3.365541e+059 -3.921182e+059 -4.171341e+059 -4.032709e+059 -3.457924e+059 -2.449326e+059 1.315218e+056 
2.363282e+062 -3.755989e+058 -9.958084e+058 -1.759194e+059 -2.585267e+059 -3.331191e+059 -3.887455e+059 -4.133610e+059 -3.994672e+059 -3.430812e+059 -2.426723e+059 1.289033e+056 
2.360854e+062 1.405230e+059 5.938904e+058 6.599523e+059 -2.056168e+059 5.479851e+059 1.104261e+059 -1.110527e+059 3.480791e+059 -2.344168e+059 6.419933e+058 1.174664e+056 
2.352144e+062 5.015635e+059 1.101164e+060 3.543440e+060 8.798500e+059 3.076412e+060 4.046094e+059 1.114747e+060 1.994047e+060 1.113858e+060 1.116150e+060 5.174582e+057 
2.341649e+062 -2.689996e+060 -6.658016e+060 -9.240820e+060 -1.469500e+061 -1.770960e+061 -2.089242e+061 -1.926036e+061 -1.442311e+061 -1.045239e+061 -5.687653e+060 3.056060e+059 
2.334288e+062 -3.716408e+060 -7.878714e+060 -1.071769e+061 -1.622612e+061 -2.270368e+061 -2.798168e+061 -2.657040e+061 -2.044590e+061 -1.449984e+061 -8.329513e+060 5.133752e+059 
2.326403e+062 -4.071160e+060 -8.424929e+060 -1.043942e+061 -1.878526e+061 -2.288202e+061 -3.103836e+061 -2.977395e+061 -2.400296e+061 -1.800187e+061 -9.782563e+060 6.279335e+059 
2.325800e+062 -4.942451e+060 -8.819008e+060 -9.927037e+060 -1.607855e+061 -2.148603e+061 -3.001844e+061 -3.025181e+061 -2.511473e+061 -1.858318e+061 -1.021094e+061 6.192186e+059 
2.337695e+062 -4.695180e+060 -1.101710e+061 -1.650233e+061 -2.433464e+061 -2.971797e+061 -3.362664e+061 -3.176782e+061 -2.483021e+061 -1.752769e+061 -9.543506e+060 8.710636e+059 
2.349863e+062 -2.538408e+060 -6.283584e+060 -1.002751e+061 -1.488878e+061 -1.885101e+061 -2.126755e+061 -2.046112e+061 -1.713301e+061 -1.320241e+061 -8.208106e+060 3.528594e+059 
2.354541e+062 -1.280377e+059 -1.617170e+059 -2.040641e+060 -4.478366e+060 -4.265251e+060 -3.484552e+060 -4.471562e+060 -5.362749e+060 -4.197769e+060 -2.072527e+060 1.455410e+058 
2.362462e+062 -2.114270e+059 -4.978584e+059 -7.947206e+059 -1.087924e+060 -1.344014e+060 -1.518311e+060 -1.545560e+060 -1.412917e+060 -1.109469e+060 -6.953805e+059 2.055108e+057 
2.362951e+062 -1.416704e+059 -3.561496e+059 -6.011810e+059 -8.435408e+059 -1.046420e+060 -1.179939e+060 -1.207945e+060 -1.116119e+060 -9.072193e+059 -6.013679e+059 1.225479e+057 
2.363175e+062 -7.290903e+058 -1.899820e+059 -3.311400e+059 -4.767005e+059 -6.037671e+059 -6.874857e+059 -7.125149e+059 -6.696824e+059 -5.559341e+059 -3.805922e+059 4.057985e+056 
2.363261e+062 -4.188354e+058 -1.101269e+059 -1.947397e+059 -2.841599e+059 -3.646671e+059 -4.228636e+059 -4.473613e+059 -4.306942e+059 -3.669300e+059 -2.581220e+059 1.532763e+056 
2.363085e+062 -3.164149e+058 -8.825416e+058 -1.745260e+059 -2.854274e+059 -3.441397e+059 -4.142038e+059 -4.299342e+059 -4.206086e+059 -3.610730e+059 -2.533945e+059 1.342291e+056 
2.192232e+062 1.473058e+061 2.906830e+061 2.932132e+061 1.426152e+061 5.409771e+061 3.445782e+061 3.964149e+061 3.025639e+061 2.655175e+061 2.096215e+061 2.046424e+060 
1.719855e+062 4.759620e+061 1.054205e+062 1.372477e+062 9.778359e+061 1.908221e+062 2.344214e+062 2.233113e+062 2.280222e+062 2.176953e+062 1.722273e+062 6.145715e+061 
1.565829e+062 5.625556e+061 1.517391e+062 1.628898e+062 9.016340e+061 2.646709e+062 3.524967e+062 3.686139e+062 3.544128e+062 3.372338e+062 3.121831e+062 1.268839e+062 
1.602110e+062 2.852304e+061 1.459021e+062 1.702678e+062 1.047700e+062 1.856952e+062 2.377037e+062 2.410961e+062 2.155080e+062 2.388839e+062 2.112207e+062 7.102700e+061 
2.226023e+062 1.504519e+061 3.724950e+061 2.378345e+061 -1.176458e+060 3.129089e+061 6.030790e+061 3.783072e+061 9.975695e+060 1.483671e+061 2.347370e+061 1.552112e+060 
