-5
-6
-5
-4
-5
-4
-4
-2
-1
0
1
0
2
0
-1
-1
0
2
4
5
7
8
7
7
9
9
11
11
11
10
10
9
10
12
13
15
15
16
16
16
13
13
12
13
14
13
12
12
11
11
12
13
12
13
12
11
10
7
5
4
2
2
-1
-2
-1
1
0
0
0
-1
-1
0
0
1
0
-1
-3
-4
-4
-3
-2
-4
-6
-8
-9
-10
-11
-12
-13
-12
-10
-7
-4
-1
-2
-3
-3
-5
-4
-4
-4
-5
-4
-4
-4
-5
-7
-9
-11
-13
-13
-14
-15
-14
-14
-14
-12
-13
-14
-16
-16
-15
-15
-16
-17
-16
-15
-13
-11
-12
-11
-9
-9
-8
-10
-10
-9
-8
-6
-6
-5
-4
-3
-3
-2
0
2
1
1
2
2
1
1
2
3
3
4
3
3
2
1
2
4
5
7
7
5
7
8
9
9
7
6
5
3
1
1
1
2
4
4
5
6
7
7
6
8
6
4
2
-1
-3
-4
-5
-3
0
4
5
7
6
5
6
5
6
5
4
2
-1
-4
-5
-4
-3
-4
-2
-1
-1
-2
-3
-3
-3
-2
-3
-3
-3
-3
-2
-2
-3
-2
0
1
0
0
-1
-3
-2
-2
-1
-1
0
3
4
5
6
7
8
6
6
5
6
7
8
7
7
7
5
3
2
1
3
3
4
4
3
4
4
4
5
6
5
4
3
2
0
-4
-7
-11
-15
-16
-18
-17
-15
-13
-12
-11
-9
-7
-7
-7
-6
-6
-5
-3
-3
-1
-1
-1
1
0
0
-1
-3
-2
-3
-4
-3
-1
0
3
5
5
6
7
8
8
7
5
2
-1
-3
-6
-5
-4
-3
-3
-2
-2
0
1
-1
1
0
-1
-1
-3
-2
-2
-2
-2
-3
-6
-7
-7
-5
-2
-1
2
6
8
10
12
13
13
13
12
10
6
4
1
1
0
-1
0
0
1
2
3
5
6
7
8
7
7
7
7
6
6
5
5
4
2
-2
-4
-8
-11
-13
-14
-14
-12
-12
-13
-13
-13
-13
-12
-11
-11
-12
-13
-13
-14
-15
-11
-9
-9
-7
-6
-6
-6
-6
-5
-4
-2
1
3
2
1
4
4
4
5
7
8
8
6
3
3
2
4
5
4
5
6
6
7
7
9
10
8
8
6
6
5
6
7
7
8
7
4
2
-2
-4
-3
-2
-2
-3
-3
-3
-3
-3
-2
-1
1
1
3
4
5
6
7
7
7
9
11
13
12
14
15
17
18
18
18
18
15
15
15
15
15
16
16
16
15
12
10
8
6
6
7
7
7
6
2
0
-2
-1
-2
-1
-3
-5
-5
-7
-7
-7
-8
-7
-7
-7
-5
-2
1
3
5
4
1
1
-4
-6
-8
-7
-5
-3
1
3
3
3
2
1
-1
-2
-3
-3
-3
-3
-2
-2
-2
0
0
0
-1
-2
-5
-7
-6
-5
-4
-4
-5
-5
-6
-6
-9
-11
-12
-14
-15
-15
-18
-21
-21
-20
-19
-16
-15
-14
-13
-13
-12
-12
-11
-12
-10
-9
-9
-8
-6
-6
-4
-5
-4
-3
-5
-3
-2
-1
0
0
3
3
2
0
-4
-8
-8
-9
-11
-11
-11
-12
-12
-14
-15
-12
-12
-11
-12
-10
-10
-9
-10
-9
-8
-6
-6
-5
-3
0
1
1
2
2
1
3
4
7
6
7
7
8
9
7
6
7
9
10
12
13
16
18
21
24
25
24
23
23
20
18
17
15
14
14
15
16
16
16
16
18
16
15
14
13
11
9
7
8
8
9
10
11
12
13
12
12
9
8
7
7
7
7
7
9
9
11
11
10
11
8
8
6
6
6
7
9
9
9
8
6
5
4
3
2
-1
-5
-7
-9
-12
-13
-13
-12
-10
-10
-9
-11
-10
-10
-9
-8
-6
-4
-6
-7
-9
-10
-11
-12
-15
-15
-17
-17
-16
-15
-12
-11
-9
-8
-7
-7
-8
-6
-6
-6
-6
-7
-7
-8
-8
-8
-8
-8
-8
-9
-8
-9
-7
-5
-1
1
2
4
3
2
2
2
0
-1
-2
-3
-5
-5
-6
-5
-4
-3
-2
-3
-3
-3
-3
-4
-4
-6
-6
-7
-6
-6
-5
-3
-1
1
5
7
7
9
9
8
8
7
7
6
5
6
4
3
3
1
1
3
3
1
0
-1
-3
-5
-3
-3
-3
-3
-2
-2
-3
-3
-2
-3
-2
-4
-7
-9
-8
-8
-7
-7
-5
-4
-5
-4
-5
-3
-1
2
3
4
5
5
6
5
6
8
10
10
10
10
9
9
8
9
10
11
14
16
15
19
19
20
19
17
16
14
13
12
10
11
9
7
5
6
6
4
4
4
2
1
0
0
-1
0
1
1
3
5
4
2
-1
-4
-5
-6
-7
-7
-9
-9
-7
-6
-4
-1
1
1
1
2
2
0
-1
-1
-2
-4
-4
-5
-8
-9
-9
-8
-9
-11
-11
-11
-11
-12
-12
-12
-10
-10
-9
-8
-7
-8
-8
-10
-7
-8
-5
-4
-5
-3
-4
-5
-7
-7
-7
-6
-5
-5
-4
-4
-1
1
3
4
4
5
7
7
6
5
4
3
0
0
0
0
1
4
7
9
10
12
12
12
9
8
8
5
3
2
2
0
-1
-2
-3
-2
-3
-4
-5
-7
-8
-10
-10
-8
-6
-5
-5
-5
-3
-3
-4
-4
-5
-7
-8
-8
-7
-6
-5
-2
-2
0
0
-1
-1
-3
-1
-2
-1
1
1
2
2
3
2
1
1
0
-1
1
2
4
6
9
11
12
12
11
9
8
8
6
5
3
3
3
4
4
5
7
9
10
11
12
14
13
14
14
15
14
15
13
12
10
8
6
7
9
11
12
13
15
14
14
13
12
11
10
12
12
11
10
10
9
10
10
9
7
3
1
-3
-6
-10
-14
-18
-21
-21
-24
-23
-22
-20
-19
-19
-18
-18
-17
-15
-14
-13
-14
-14
-15
-14
-15
-14
-14
-13
-12
-11
-10
-9
-8
-7
-8
-8
-7
-5
-4
-2
-2
0
-2
-3
-4
-4
-5
-4
-5
-5
-3
-2
0
2
2
6
8
10
10
12
12
11
10
7
7
5
2
2
0
0
0
-2
-2
-2
-2
-1
2
2
4
5
4
4
3
2
1
3
2
3
1
2
1
-1
-1
-3
-1
-1
1
0
0
-3
-5
-5
-6
-7
-5
-3
-2
-1
-2
-2
-1
0
1
2
2
1
1
-1
-2
-4
-5
-6
-6
-8
-8
-8
-8
-7
-7
-7
-9
-9
-10
-9
-6
-2
-3
-3
0
0
1
2
1
2
2
1
1
0
-3
-3
-3
-4
-4
-5
-3
-2
-1
2
4
4
4
4
4
3
3
3
4
5
6
6
5
8
8
6
7
5
5
2
0
0
0
0
2
4
6
6
5
4
3
3
2
2
2
3
4
5
6
6
7
7
9
8
7
6
4
4
3
3
4
4
3
2
2
1
-1
0
1
0
1
-1
-1
-2
-2
-1
-1
0
1
1
0
0
0
-2
-2
-4
-2
-4
-5
-7
-5
-5
-5
-3
-2
-2
-1
-1
-2
-1
-3
-1
-2
-3
-4
-3
-3
-4
-4
-4
-4
-5
-6
-4
-4
-3
-1
-1
-1
-1
0
0
1
2
3
1
1
0
-2
-1
-2
-4
-4
-3
-1
0
0
-2
-1
-1
-1
-1
-1
-2
-4
-4
-4
-4
-2
0
0
0
-1
-1
-1
2
2
3
3
1
1
0
1
3
3
5
5
6
4
5
6
4
1
0
-1
-2
-2
-1
0
-1
-1
0
-1
-3
-3
-3
-3
-5
-3
1
3
5
4
6
7
7
8
9
9
8
7
6
5
4
3
5
6
6
9
8
6
5
4
5
5
5
5
5
5
5
3
2
1
0
1
-1
-1
0
-3
-3
-1
-2
-1
0
0
2
2
3
3
3
2
1
0
0
-2
-3
-4
-4
-5
-6
-6
-6
-7
-5
-4
-4
-3
-5
-5
-6
-7
-7
-8
-7
-5
-6
-6
-3
-6
-5
-5
-4
-3
-2
0
-2
-2
-3
-5
-6
-7
-6
-6
-4
-4
-3
-4
-4
-5
-7
-8
-10
-11
-14
-14
-14
-15
-13
-11
-9
-6
-4
-4
-5
-5
-5
-5
-5
-5
-8
-9
-9
-10
-11
-10
-9
-8
-8
-6
-5
-2
1
2
3
3
4
5
5
5
4
3
5
5
6
5
5
5
5
5
7
8
6
6
5
5
4
4
1
1
1
1
1
2
1
3
4
6
7
8
10
8
9
9
7
7
3
1
-2
-4
-6
-5
-5
-5
-3
-1
-1
0
0
1
2
3
6
7
8
9
10
10
10
7
6
4
2
1
-1
-2
-2
-2
-2
0
1
1
0
0
0
-3
-4
-2
-2
1
3
4
5
6
6
7
7
7
5
4
4
2
2
2
3
4
4
6
8
10
12
12
11
11
10
8
8
9
8
8
9
8
9
10
9
9
10
10
10
10
9
10
9
8
7
7
4
2
-2
-3
-4
-3
-3
0
1
1
-1
-1
-1
-1
0
-1
-2
-2
-3
-4
-3
-4
-6
-7
-7
-8
-7
-7
-6
-6
-5
-4
-3
-3
-3
-4
-7
-8
-8
-9
-8
-8
-9
-8
-6
-4
-3
-2
-1
0
1
1
0
-1
-2
-3
-5
-7
-7
-7
-8
-10
-9
-8
-7
-7
-9
-8
-6
-6
-5
-5
-4
-3
-1
-3
-3
-3
-3
-3
-3
-4
-4
-4
-4
-6
-5
-5
-4
-2
2
2
3
4
3
4
3
3
2
1
1
1
1
1
4
3
3
2
2
3
1
0
0
0
-1
-2
-1
-3
-3
-4
-5
-4
-4
-5
-5
-4
-4
-3
-2
-4
-3
-1
-2
0
0
2
2
1
1
-2
-2
-2
-1
0
0
1
1
1
1
0
0
0
0
0
1
2
4
7
7
9
10
9
10
10
9
10
11
10
12
11
11
12
12
11
11
11
10
10
8
7
6
5
4
3
2
3
3
3
3
2
4
4
6
6
5
4
4
3
4
4
4
3
1
-1
-2
-3
-5
-6
-6
-7
-7
-8
-10
-9
-9
-10
-10
-9
-9
-9
-9
-6
-7
-8
-7
-7
-8
-7
-4
-4
-4
-4
-6
-5
-5
-5
-3
-3
-1
0
1
0
0
-2
-3
-4
-5
-5
-4
-5
-6
-4
-5
-2
-3
-2
-2
-5
-6
-6
-6
-6
-5
-3
-5
-4
-2
-3
-3
-2
-1
-1
-1
-1
-1
-1
-1
-3
-3
-2
0
0
0
1
2
1
-1
-2
-4
-6
-7
-7
-6
-2
-2
-3
-1
0
0
1
3
5
8
8
9
8
7
6
5
7
7
8
8
10
10
11
12
13
15
16
18
19
19
18
17
13
11
8
6
4
4
3
3
3
3
3
4
3
3
2
2
1
2
1
1
1
0
0
-2
-2
-3
-3
-4
-6
-6
-5
-5
-6
-6
-4
-2
-2
-1
-1
-1
0
1
1
1
1
2
1
3
2
2
1
1
3
2
2
2
2
0
0
0
0
1
1
3
3
3
3
3
0
-3
-4
-6
-6
-6
-7
-6
-5
-4
-4
-5
-4
-4
-3
-5
-5
-5
-6
-6
-6
-6
-4
-5
-5
-1
1
0
2
2
2
1
2
2
2
1
-1
-2
-2
-4
-3
-5
-7
-7
-7
-7
-7
-8
-8
-9
-8
-8
-9
-9
-10
-10
-12
-12
-12
-12
-9
-8
-8
-7
-6
-6
-6
-5
-4
-4
-4
-3
-3
-2
-1
1
2
4
5
4
4
5
7
8
10
11
12
11
12
12
12
12
12
10
10
8
11
10
8
9
9
10
8
9
9
8
8
9
8
6
5
3
3
1
2
1
1
2
2
2
3
3
2
2
4
3
2
1
-1
-3
-4
-4
-4
-2
-1
-1
0
3
1
1
1
0
0
-2
-2
-2
-4
-3
-3
-5
-4
-6
-6
-6
-6
-5
-5
-5
-5
-5
-6
-4
-6
-7
-5
-6
-4
-2
0
0
1
3
4
5
5
5
5
4
3
2
-2
-2
-3
-3
-4
-4
-3
-1
1
1
1
-1
-1
-1
0
0
1
2
2
2
2
2
3
3
4
3
3
4
2
2
0
1
-1
-1
-1
-3
-3
-4
-3
-3
-1
-1
-3
-1
-1
-2
-4
-2
-3
-5
-6
-9
-12
-13
-13
-11
-11
-10
-10
-9
-8
-6
-5
-3
-4
-3
-3
-3
-5
-3
-3
-3
-2
-2
-2
-2
-3
-3
-2
-2
-1
-1
1
0
0
2
1
1
0
0
-2
-2
-2
-3
-5
-5
-5
-5
-5
-5
-4
-4
-4
-4
-3
-3
-3
-4
-3
-2
-3
-2
-1
-3
-2
1
1
2
1
0
0
-2
-2
-2
-2
-2
-2
-1
-1
0
0
1
2
3
3
4
3
3
3
3
3
3
3
1
1
0
-1
-2
-3
-3
-4
-2
-2
-2
-1
1
2
3
3
2
2
0
1
1
2
1
1
1
3
3
5
7
8
8
8
9
7
7
7
6
7
6
7
7
6
7
8
7
9
9
9
9
11
11
10
10
8
6
4
4
3
3
3
3
3
2
4
4
4
6
5
5
6
6
6
7
8
8
7
6
6
4
2
1
1
0
-1
-1
-2
-2
-3
-3
0
0
2
5
5
6
3
4
3
1
-1
-1
0
-2
-2
-1
-3
-5
-4
-5
-4
-3
-4
-4
-3
-3
-4
-3
-2
1
2
1
2
3
3
2
1
1
1
-1
-2
-2
-2
-2
-1
0
1
2
3
2
3
3
3
3
3
4
3
1
2
1
1
0
0
-1
-2
-3
-3
-4
-3
-4
-2
-3
-3
-3
-2
-1
-2
-2
-3
-3
-6
-6
-8
-8
-10
-11
-10
-10
-8
-6
-6
-5
-4
-4
-2
-2
-1
-2
-1
-1
-2
-2
-3
-5
-5
-5
-7
-6
-6
-5
-5
-5
-4
-4
-2
-1
-2
-2
0
0
0
-1
0
-1
0
-1
-1
0
1
1
2
2
3
4
3
1
1
-1
-2
-2
-1
-2
-2
-2
-3
-4
-2
-2
-2
0
1
2
1
3
2
2
3
1
0
-1
-3
-3
-3
0
0
-1
1
1
0
1
1
1
0
1
2
1
1
1
1
1
1
2
3
2
3
3
5
5
4
5
5
5
6
5
7
7
7
8
7
5
3
1
0
-2
-2
-2
0
0
1
2
2
2
4
5
5
5
6
6
6
5
4
3
4
2
1
0
1
1
1
1
3
2
2
2
1
0
-1
-3
-4
-4
-6
-6
-6
-6
-5
-6
-4
-4
-1
0
1
-1
-1
-1
-2
-1
-3
-3
-4
-5
-4
-4
-5
-4
-5
-4
-3
-3
-1
-1
0
0
2
3
3
3
4
1
2
2
2
1
1
0
0
-1
0
0
-1
-2
-1
-1
1
0
0
1
1
2
3
4
5
6
6
6
4
5
4
0
0
0
-1
1
1
3
4
6
6
7
7
7
5
6
7
8
8
8
8
6
6
6
6
7
6
7
9
8
9
8
9
8
7
6
5
5
5
4
3
2
0
-1
-2
0
0
0
2
2
4
3
2
1
0
-1
-2
-3
-3
-3
-1
-1
1
1
0
1
-1
0
0
0
-1
0
-1
0
-1
-3
-3
-4
-5
-3
-3
-2
-3
-3
-4
-5
-5
-5
-4
-5
-4
-5
-4
-5
-6
-6
-7
-6
-6
-8
-8
-8
-7
-7
-6
-6
-7
-7
-7
-8
-8
-8
-9
-11
-9
-9
-9
-8
-7
-6
-5
-3
-4
-4
-4
-4
-5
-7
-7
-7
-7
-6
-5
-4
-1
-1
0
2
1
1
0
0
1
1
0
0
0
0
-2
-2
-3
-4
-4
-3
-3
-2
0
0
1
1
2
4
5
4
3
4
4
5
5
4
4
4
5
6
4
5
4
4
2
0
0
-1
-2
0
2
2
3
5
7
6
6
6
5
5
4
2
1
1
0
-2
-3
-3
-1
1
2
2
1
1
-1
1
1
2
1
1
1
-1
1
-1
-2
-3
-2
-1
0
1
2
4
4
3
2
2
2
3
3
1
0
-3
-4
-4
-5
-5
-4
-3
-2
0
-2
-1
-2
-2
-1
-2
-2
-2
0
0
-1
-2
-3
-3
-4
-5
-3
-4
-3
-2
-1
-1
-1
-1
-2
-1
-1
-1
-3
-3
-3
-3
-3
-2
-1
-2
-2
-3
-3
-2
-3
-3
-3
-4
-3
-2
-1
-2
-1
-1
-1
-1
-2
-1
-1
-1
-2
-1
-1
-1
0
0
1
2
3
3
4
3
5
7
8
7
7
6
6
7
5
5
4
6
4
5
4
3
3
2
2
2
1
1
2
4
4
4
5
5
4
5
4
6
7
5
6
5
4
2
5
5
5
6
7
8
7
7
6
5
4
5
4
2
3
2
3
3
4
3
3
3
4
4
2
2
-1
-3
-4
-4
-4
-3
-3
-1
1
1
1
1
1
1
1
2
0
0
-3
-4
-4
-4
-5
-7
-7
-8
-9
-8
-7
-5
-5
-4
-5
-4
-3
-3
-3
-5
-5
-8
-9
-10
-11
-11
-10
-7
-8
-7
-8
-8
-6
-5
-4
-4
-5
-5
-6
-4
-3
-5
-5
-5
-5
-7
-4
-4
-3
-1
-3
0
-1
-1
-1
-2
-1
-2
-3
-3
-3
-5
-4
-3
-1
-2
-1
-1
-3
-2
-1
2
2
2
1
-1
-1
0
0
0
0
0
0
0
2
5
6
7
8
8
7
6
5
5
7
8
10
12
11
12
12
11
11
10
10
9
12
14
14
13
14
11
9
8
6
4
5
4
4
4
3
2
-2
-1
-4
-5
-5
-6
-6
-5
-3
-3
-1
-4
-4
-8
-9
-10
-12
-11
-12
-11
-11
-12
-14
-14
-15
-16
-14
-14
-15
-13
-13
-12
-13
-11
-10
-12
-12
-14
-14
-15
-15
-14
-13
-12
-11
-10
-11
-15
-16
-17
-18
-17
-14
-10
-4
-3
-2
-1
-1
-1
-1
3
7
13
18
24
26
28
27
27
27
27
32
37
43
49
53
54
52
49
44
40
38
37
38
41
43
48
47
42
38
34
29
27
26
25
25
28
31
30
24
19
13
6
3
4
8
16
22
27
27
24
16
7
1
-3
-4
-4
-1
-1
-3
-6
-15
-27
-39
-51
-61
-68
-69
-73
-77
-83
-98
-113
-133
-151
-165
-173
-178
-180
-180
-184
-192
-200
-207
-217
-225
-230
-232
-231
-223
-210
-195
-182
-171
-162
-157
-149
-139
-123
-102
-79
-52
-24
1
23
47
78
112
150
189
222
252
273
292
315
341
367
391
416
443
470
495
514
522
515
497
482
479
481
498
511
520
519
502
476
434
387
338
298
272
262
255
248
233
207
171
121
63
-2
-55
-96
-116
-120
-118
-121
-141
-173
-219
-269
-318
-359
-383
-393
-386
-370
-360
-358
-374
-408
-449
-490
-512
-521
-512
-496
-477
-458
-457
-470
-502
-540
-580
-603
-602
-574
-529
-488
-456
-449
-472
-512
-557
-591
-604
-582
-529
-457
-384
-325
-298
-302
-338
-388
-430
-445
-419
-346
-233
-95
49
164
213
189
111
30
-4
33
139
288
442
565
654
705
712
669
583
491
432
432
509
652
820
950
1001
964
847
685
516
390
352
398
495
609
692
720
676
576
441
295
149
29
-25
3
101
221
322
350
281
130
-54
-209
-310
-338
-298
-209
-100
-9
50
60
13
-83
-197
-291
-344
-340
-277
-169
-40
62
114
95
24
-69
-150
-188
-176
-123
-55
17
74
111
114
83
25
-41
-99
-147
-162
-145
-117
-101
-108
-137
-183
-242
-302
-345
-376
-410
-438
-464
-495
-532
-571
-598
-605
-600
-596
-594
-590
-591
-617
-650
-690
-714
-710
-663
-519
-281
-44
89
71
-47
-167
-213
-149
2
168
287
392
526
702
861
917
829
636
426
307
364
567
816
1030
1155
1160
1028
776
476
240
149
196
333
472
554
570
539
486
411
265
23
-245
-438
-471
-339
-115
87
160
72
-130
-344
-497
-576
-599
-599
-559
-481
-387
-294
-207
-149
-146
-209
-329
-454
-539
-535
-400
-184
15
129
142
102
73
86
135
176
185
145
110
146
262
430
594
679
653
541
404
309
285
319
386
432
433
402
341
279
221
159
81
-36
-188
-328
-417
-441
-429
-419
-446
-534
-645
-738
-787
-802
-819
-869
-963
-1076
-1167
-1217
-1196
-1043
-715
-311
-80
-158
-463
-779
-890
-753
-452
-147
6
41
118
344
654
862
820
519
117
-151
-110
249
742
1156
1387
1380
1156
808
423
114
10
144
422
699
840
839
771
710
658
554
347
61
-190
-280
-122
228
556
685
560
259
-45
-233
-306
-290
-221
-160
-122
-93
-66
-26
12
16
-5
-53
-132
-235
-307
-288
-161
0
101
94
10
-66
-71
26
164
241
208
97
-10
-36
34
162
288
338
298
209
120
58
23
22
55
94
118
86
8
-78
-159
-217
-277
-361
-459
-548
-599
-618
-633
-653
-700
-756
-802
-824
-829
-846
-872
-921
-995
-1076
-1193
-1345
-1422
-1187
-500
352
866
812
430
133
8
-122
-334
-543
-511
-192
267
801
1395
1763
1607
1057
541
206
-156
-513
-382
441
1402
1825
1692
1376
921
312
-126
-67
266
347
110
42
376
790
918
753
476
109
-345
-649
-532
-112
242
368
362
315
185
-109
-416
-488
-288
-28
97
86
6
-17
19
49
37
-94
-351
-575
-577
-304
50
249
189
-40
-252
-356
-338
-248
-124
11
116
157
145
110
94
136
238
330
347
260
70
-90
-129
-87
-15
-34
-215
-445
-608
-690
-710
-733
-819
-945
-1011
-970
-865
-793
-826
-931
-1019
-1005
-904
-873
-943
-1032
-1070
-1061
-1082
-1155
-1272
-1464
-1589
-960
816
2904
3892
3254
1976
1206
825
163
-793
-1314
-988
-150
903
2044
2825
2534
1171
-243
-775
-700
-788
-919
-297
1215
2626
2892
2060
886
-151
-885
-1013
-336
697
1318
1251
1001
1062
1164
785
-20
-680
-832
-683
-465
-139
296
539
285
-360
-974
-1292
-1410
-1415
-1163
-530
308
914
985
697
492
433
307
125
-11
-24
2
27
232
578
773
603
180
-79
-17
224
420
510
655
838
883
739
536
441
464
485
496
484
390
193
-113
-431
-593
-611
-598
-636
-644
-533
-425
-467
-730
-1046
-1217
-1237
-1143
-986
-792
-632
-588
-661
-812
-956
-1093
-1180
-1100
-941
-830
-914
-1124
-1283
-1439
-1682
-1995
-2269
-2215
-1147
1009
3161
3934
2952
1456
606
165
-578
-1541
-1894
-1284
-126
1153
2255
2750
2135
626
-640
-903
-622
-598
-681
-23
1430
2567
2444
1376
257
-515
-922
-821
-67
869
1175
699
193
219
420
203
-397
-794
-672
-363
-210
-142
-20
-38
-487
-1094
-1319
-1076
-775
-637
-400
149
735
878
505
86
65
343
577
646
602
458
156
-172
-246
-26
179
114
-33
80
462
753
706
467
338
392
513
625
794
1060
1257
1225
965
614
261
-54
-270
-248
49
453
660
474
72
-300
-531
-712
-885
-936
-771
-501
-372
-404
-430
-516
-755
-1084
-1309
-1212
-975
-821
-826
-854
-910
-1169
-1564
-1935
-2110
-2147
-2192
-1776
-134
2259
3899
3657
2037
701
263
-132
-1108
-2055
-2059
-1145
150
1382
2326
2517
1459
-190
-1143
-984
-577
-631
-612
298
1772
2493
1874
730
-49
-384
-505
-269
486
1211
1163
491
130
461
845
656
74
-196
-22
76
-124
-249
-126
-116
-484
-959
-963
-555
-279
-302
-272
137
621
781
613
542
759
944
852
547
211
-166
-609
-934
-810
-293
123
154
-68
-148
37
208
168
72
189
481
747
879
960
1062
998
639
147
-186
-278
-317
-402
-424
-187
181
333
70
-395
-676
-720
-720
-795
-823
-714
-572
-584
-689
-679
-554
-579
-891
-1180
-1116
-858
-729
-821
-934
-918
-962
-1173
-1372
-1431
-1535
-1837
-2053
-1190
1044
3376
4246
3253
1738
951
601
-195
-1477
-2235
-1865
-632
914
2276
2968
2470
959
-491
-927
-654
-576
-740
-363
847
2051
2208
1357
383
-260
-628
-651
-145
688
1054
614
9
-46
393
599
215
-332
-544
-524
-599
-650
-498
-295
-421
-872
-1097
-821
-449
-407
-515
-336
174
634
705
605
677
886
991
828
455
-26
-513
-903
-941
-485
106
377
264
49
81
262
324
260
281
540
910
1194
1272
1226
1106
838
430
35
-178
-196
-165
-152
29
387
614
453
-76
-584
-721
-618
-565
-626
-673
-553
-416
-454
-551
-596
-641
-817
-1011
-1066
-927
-738
-759
-861
-845
-806
-914
-1210
-1536
-1745
-1860
-2025
-1682
16
2521
4254
4089
2510
1163
633
106
-995
-2037
-2083
-1073
492
1968
2919
2946
1775
95
-978
-1090
-835
-802
-666
147
1370
1996
1561
614
-198
-644
-735
-424
253
806
685
97
-251
-59
274
229
-235
-678
-897
-1050
-1137
-988
-651
-483
-723
-1083
-1114
-825
-602
-515
-349
34
565
909
973
947
900
796
570
242
-152
-555
-825
-851
-472
125
511
502
174
-94
-52
234
531
710
874
1054
1211
1280
1227
1117
920
599
266
46
0
50
35
-12
97
326
373
43
-461
-756
-698
-511
-468
-523
-546
-569
-639
-725
-741
-698
-729
-936
-1098
-1019
-813
-668
-708
-794
-825
-895
-1122
-1410
-1612
-1760
-1964
-2231
-2358
-1687
226
2640
4221
4083
2651
1221
413
-261
-1186
-1945
-1903
-828
912
2479
3271
2958
1612
7
-990
-1164
-972
-728
-287
615
1746
2364
2044
1104
101
-500
-514
-47
622
1057
977
534
225
259
470
530
238
-189
-537
-708
-608
-268
43
-19
-457
-855
-864
-499
-169
-67
7
194
512
765
835
786
654
477
281
94
-149
-537
-909
-1021
-730
-183
227
325
192
46
73
218
364
448
510
618
752
883
932
862
663
323
-66
-339
-366
-187
37
205
291
277
81
-296
-638
-765
-672
-520
-445
-407
-382
-457
-647
-853
-963
-971
-961
-1008
-1078
-993
-794
-580
-424
-471
-668
-988
-1308
-1531
-1720
-1917
-2176
-2395
-2305
-1336
854
3368
4749
4113
2182
545
-238
-725
-1502
-2111
-1781
-387
1499
2887
3181
2305
626
-953
-1678
-1498
-918
-343
359
1284
2164
2440
1864
821
-209
-808
-740
-67
831
1298
1032
394
-13
60
310
340
62
-296
-548
-670
-533
-163
82
-104
-645
-1063
-973
-567
-278
-148
100
518
958
1220
1143
833
403
-47
-339
-444
-490
-584
-618
-490
-163
232
370
212
-29
-154
-10
362
770
1029
1097
1052
891
712
570
461
388
227
15
-61
107
390
521
377
87
-122
-234
-368
-481
-489
-382
-275
-296
-400
-502
-609
-775
-972
-1039
-986
-869
-786
-819
-820
-745
-641
-630
-755
-987
-1261
-1441
-1544
-1609
-1706
-1955
-2240
-2332
-1678
192
2659
4327
4103
2400
697
-159
-543
-1133
-1761
-1743
-747
914
2362
2863
2227
734
-845
-1774
-1785
-1177
-353
536
1370
2004
2173
1723
858
-144
-902
-1009
-442
429
990
908
458
118
56
151
261
262
71
-285
-679
-760
-369
92
117
-317
-717
-725
-389
-24
134
202
341
574
797
893
835
670
445
198
14
-85
-205
-374
-504
-412
-62
319
500
426
283
314
552
829
969
983
937
816
634
478
435
459
357
122
-1
145
432
560
423
175
0
-131
-292
-440
-488
-441
-452
-581
-673
-649
-608
-646
-808
-1008
-1114
-1087
-1015
-930
-858
-843
-767
-615
-518
-608
-906
-1272
-1521
-1632
-1723
-1845
-1884
-1852
-1451
-51
2200
4174
4472
2826
682
-499
-708
-838
-1217
-1302
-575
836
2093
2540
2077
803
-738
-1795
-1864
-1036
104
1038
1588
1816
1732
1260
512
-316
-946
-1059
-568
296
1042
1222
789
149
-251
-283
-72
158
150
-159
-627
-903
-672
-143
144
-118
-667
-963
-796
-379
-38
105
167
241
399
684
949
1018
787
306
-142
-357
-398
-459
-580
-594
-326
209
667
767
588
371
348
514
696
849
933
874
629
348
266
388
486
330
49
25
330
669
708
434
119
-112
-284
-423
-488
-459
-471
-596
-740
-737
-568
-490
-672
-1024
-1332
-1350
-1180
-1035
-937
-883
-772
-656
-645
-729
-924
-1149
-1392
-1597
-1692
-1764
-1834
-1945
-1537
181
2709
4574
4403
2451
470
-467
-640
-859
-1159
-901
79
1473
2516
2681
1962
483
-1090
-1941
-1650
-501
757
1675
2061
1991
1556
811
40
-574
-860
-604
107
967
1473
1291
607
-127
-547
-556
-277
40
100
-207
-710
-975
-652
3
309
-76
-777
-1137
-894
-359
27
132
87
46
84
229
443
585
481
138
-200
-307
-265
-312
-534
-685
-460
39
475
608
530
483
547
634
667
698
745
649
418
311
512
832
884
502
-23
-188
56
352
471
431
356
203
-115
-481
-726
-783
-814
-931
-949
-774
-568
-538
-724
-991
-1195
-1274
-1264
-1235
-1093
-891
-751
-680
-793
-1028
-1261
-1529
-1783
-2032
-2182
-2134
-1551
172
2470
4097
3926
2112
337
-408
-393
-469
-831
-741
122
1464
2476
2553
1726
202
-1240
-1854
-1388
-130
1051
1631
1602
1299
1029
763
504
178
-57
76
489
982
1218
967
401
-148
-356
-166
209
436
229
-332
-896
-1081
-749
-212
50
-211
-768
-1102
-962
-500
-75
68
5
59
339
681
908
833
476
49
-246
-342
-295
-253
-399
-563
-465
-138
196
304
203
114
201
443
712
928
1012
878
662
558
687
913
901
605
193
-60
-15
135
253
317
343
275
89
-113
-298
-441
-609
-842
-946
-841
-608
-512
-665
-879
-1014
-956
-882
-892
-934
-917
-757
-615
-557
-735
-1095
-1428
-1650
-1685
-1707
-1758
-1856
-1525
-47
2064
3545
3217
1406
-120
-438
-17
78
-250
-252
352
1305
1900
1831
1154
-11
-1086
-1519
-1013
71
953
1246
965
576
398
428
606
613
482
454
563
809
867
592
175
-148
-146
54
334
455
178
-342
-900
-1025
-563
42
288
-87
-720
-1096
-958
-515
-178
-19
25
179
514
777
875
695
315
-70
-341
-351
-284
-297
-425
-519
-300
-26
78
-35
-228
-216
-47
247
573
865
1037
909
675
550
605
733
628
346
83
25
170
229
208
194
177
74
-171
-374
-422
-409
-485
-672
-807
-724
-578
-558
-666
-855
-838
-765
-799
-873
-966
-836
-672
-562
-556
-691
-754
-979
-1198
-1342
-1493
-1541
-1687
-1766
-1180
459
2458
3424
2677
984
-113
-62
357
386
187
269
830
1553
1909
1665
786
-393
-1224
-1172
-320
633
1136
1092
735
491
495
643
774
698
543
470
561
675
590
318
23
-87
62
305
398
176
-338
-872
-1120
-909
-231
340
332
-263
-1004
-1190
-826
-260
33
-41
-131
-172
-108
14
128
236
155
-31
-153
-151
-95
-280
-571
-644
-394
-39
63
18
10
124
318
416
538
708
825
844
764
786
868
848
664
335
150
221
420
587
547
379
139
-127
-305
-316
-182
-82
-163
-414
-597
-602
-499
-490
-604
-724
-795
-808
-837
-885
-806
-663
-576
-598
-765
-911
-1135
-1348
-1459
-1603
-1553
-1570
-1212
189
1839
2856
2174
534
-337
-92
731
758
244
90
320
992
1330
1252
788
-178
-934
-1133
-417
504
722
443
-61
-56
382
659
771
566
451
471
434
487
356
198
59
-43
217
463
507
154
-615
-1120
-1198
-816
-278
-17
-28
-422
-881
-1047
-850
-434
-221
-248
-286
-155
109
350
490
534
456
204
-25
-139
-213
-359
-551
-465
-80
326
384
42
-207
-141
160
459
629
801
890
882
784
764
909
977
851
587
423
448
454
386
284
261
356
315
66
-207
-362
-357
-318
-324
-356
-451
-576
-734
-837
-704
-595
-719
-800
-897
-873
-664
-691
-707
-842
-1028
-1073
-1171
-1023
-1183
-1479
-1651
-1593
-246
1389
2206
1616
-3
-592
-46
908
1106
347
28
125
666
1159
1139
965
237
-456
-572
-53
734
677
146
-312
-234
489
883
994
834
502
410
300
403
450
243
79
-41
285
634
557
147
-533
-884
-810
-458
46
248
23
-584
-1030
-897
-509
-191
-256
-444
-440
-262
8
179
389
529
454
289
58
-50
-155
-354
-458
-334
107
372
161
-246
-512
-342
33
357
558
643
705
627
534
574
680
815
800
673
543
436
359
181
34
58
213
288
87
-201
-390
-338
-188
-220
-264
-412
-603
-746
-868
-766
-743
-710
-708
-805
-689
-775
-918
-1019
-1080
-904
-906
-908
-1034
-1127
-1036
-1039
-152
1224
2081
1751
153
-688
-128
1105
1648
884
303
144
560
1258
1403
1333
653
-165
-253
279
1079
1027
283
-238
-268
327
752
775
723
569
508
492
549
543
202
-240
-364
59
561
540
-12
-620
-809
-718
-542
-359
-276
-377
-704
-938
-832
-515
-320
-492
-715
-637
-416
-256
-219
-162
128
344
258
-7
-254
-332
-402
-399
-153
212
398
106
-377
-556
-390
-91
72
153
351
551
591
517
535
747
932
864
638
488
466
379
150
10
156
355
338
46
-340
-502
-536
-404
-183
-76
-43
-305
-628
-741
-807
-639
-571
-610
-605
-760
-805
-937
-1080
-1053
-1188
-1173
-1133
-1147
-1025
-975
-52
1382
2087
1661
44
-721
-41
867
1287
616
143
139
303
930
1220
1277
689
-303
-367
231
1048
1114
504
218
189
493
617
489
447
240
207
374
656
775
434
183
214
543
656
258
-150
-448
-452
-413
-307
70
196
-50
-794
-1344
-1063
-566
-256
-439
-751
-667
-534
-320
-14
405
702
416
-89
-341
-200
3
-149
-319
-187
127
299
68
-169
-224
-222
-227
-280
-145
91
189
224
347
613
816
720
416
164
85
75
57
96
181
236
159
18
-82
-128
-285
-601
-855
-881
-714
-499
-389
-395
-472
-623
-845
-1022
-965
-971
-930
-880
-782
-540
-560
-829
-1276
-1470
-1324
-1278
-711
430
1473
1721
653
-360
-151
864
1484
891
157
-76
24
614
1087
1444
1273
325
-289
-100
739
1105
674
331
314
638
898
902
895
670
248
-75
42
400
476
292
176
470
783
654
219
-258
-380
-393
-364
-165
106
228
-265
-790
-838
-498
-144
-284
-599
-807
-793
-647
-396
188
564
509
165
-164
-51
53
44
-17
-57
112
54
-111
-130
-35
162
153
62
-3
-102
-97
-51
228
638
843
840
699
579
446
327
299
317
336
264
100
51
76
82
15
-98
-117
-265
-449
-624
-702
-550
-474
-325
-355
-428
-453
-712
-746
-825
-823
-761
-795
-769
-887
-869
-857
-984
-526
380
1107
1084
186
-393
24
866
1224
746
245
50
91
624
1178
1375
840
-208
-594
-82
675
897
503
262
191
210
397
673
959
789
316
72
192
365
169
-27
145
507
602
257
-84
-178
-142
-150
-197
-62
-49
-318
-559
-634
-310
-119
-290
-456
-655
-659
-618
-558
-203
76
314
260
56
-70
-248
-207
-54
118
245
129
-36
-186
-188
-57
-21
-40
-196
-338
-329
-175
46
160
190
145
132
162
130
136
150
253
277
189
49
-128
-234
-342
-369
-332
-277
-299
-533
-651
-613
-545
-518
-715
-863
-1016
-963
-821
-711
-513
-576
-728
-791
-931
-938
-1073
-1114
-976
-530
631
1225
1078
259
-462
170
992
1339
884
65
-47
80
864
1677
1790
1214
-10
-364
232
926
1101
485
203
202
384
832
1123
1291
884
205
-4
245
611
528
344
511
752
751
315
-114
-253
-286
-261
-199
109
318
-61
-511
-680
-376
-32
-208
-543
-904
-1013
-881
-645
-96
137
-15
-352
-554
-221
45
131
14
-242
-276
-313
-210
-11
83
122
-8
-152
-270
-384
-396
-310
-87
89
145
148
113
162
203
217
219
191
140
41
73
161
243
224
-12
-176
-313
-379
-399
-429
-318
-285
-343
-416
-587
-613
-570
-552
-530
-565
-680
-735
-675
-594
-419
-470
-712
-736
-54
767
991
450
-144
153
925
1182
819
174
-51
49
543
1337
1643
1044
-141
-632
23
928
1130
541
46
-80
14
437
943
1245
846
100
-181
181
648
631
430
459
595
567
334
196
209
150
-54
-186
-140
-115
-173
-341
-396
-234
-170
-232
-458
-686
-798
-812
-567
-175
163
189
-169
-479
-474
-169
155
136
-71
-317
-384
-164
93
297
243
-27
-287
-476
-416
-250
-78
40
-12
-99
-212
-268
-253
-226
-102
22
88
9
-161
-235
-172
-53
-26
-123
-334
-535
-631
-647
-527
-405
-365
-437
-662
-910
-1020
-962
-782
-562
-463
-418
-512
-657
-677
-619
-538
-233
443
961
878
314
-113
417
1128
1279
842
232
155
364
873
1522
1616
973
-74
-375
312
1018
1057
398
-48
-104
44
493
968
1194
778
68
-163
96
434
475
487
686
736
497
163
83
214
215
93
69
53
-106
-365
-422
-182
28
13
-293
-573
-639
-640
-446
-236
-144
-166
-276
-265
-216
-138
-42
-6
59
-6
-90
-15
91
184
110
-32
-84
-153
-159
-69
76
218
159
-56
-224
-234
-139
-85
-93
-127
-209
-310
-335
-289
-199
-176
-325
-504
-591
-608
-613
-625
-599
-632
-708
-855
-999
-937
-877
-827
-863
-895
-769
-728
-672
-718
-797
-821
-834
-353
492
970
773
52
-97
572
1215
1315
802
272
105
289
975
1621
1551
673
-147
75
868
1255
830
117
-95
21
364
893
1141
932
249
-189
78
519
641
424
384
561
536
343
231
335
485
371
170
150
13
-208
-325
-187
196
178
-139
-439
-642
-523
-394
-159
33
-65
-166
-283
-142
-14
-107
-68
-78
-32
-47
-139
24
105
127
102
30
83
-34
-150
-80
60
144
-44
-246
-268
-179
-1
73
50
-96
-341
-449
-408
-258
-246
-372
-417
-541
-688
-826
-846
-668
-571
-566
-694
-888
-940
-943
-812
-595
-556
-659
-823
-833
-700
-453
-264
-316
-164
265
545
548
169
120
676
1149
1224
796
398
445
680
1181
1599
1438
717
41
192
860
1262
978
360
75
67
282
701
988
848
246
-244
-166
181
348
291
321
389
259
12
-87
33
150
111
30
96
-2
-329
-425
-258
36
80
-233
-529
-742
-729
-504
-210
17
-115
-363
-403
-246
-40
19
44
22
-85
-104
-13
221
356
228
73
26
52
49
88
246
363
305
97
-34
49
200
297
238
91
-120
-339
-348
-250
-187
-227
-376
-513
-644
-736
-824
-814
-750
-803
-816
-921
-993
-975
-1030
-907
-826
-873
-907
-1013
-921
-714
-612
-431
7
435
428
59
-163
265
983
1153
776
325
180
478
1000
1570
1685
1005
140
-52
592
1254
1211
709
349
323
430
611
892
973
685
256
115
237
268
226
347
600
595
222
-129
-184
-11
176
236
208
-1
-316
-394
-170
56
8
-236
-439
-537
-555
-496
-311
-183
-222
-330
-368
-309
-312
-325
-186
9
38
-118
-252
-159
84
285
323
249
50
-171
-180
55
386
526
395
159
7
27
141
256
333
290
138
20
-46
-67
-62
-70
-103
-250
-500
-703
-783
-733
-660
-658
-793
-948
-1023
-1018
-944
-936
-910
-928
-889
-890
-905
-807
-760
-432
115
350
152
-411
-452
277
868
934
454
52
143
470
969
1317
1168
514
-26
237
891
1188
863
396
397
565
671
809
867
816
560
368
470
540
482
445
627
832
667
293
54
95
286
365
345
184
-124
-326
-275
-20
56
-116
-308
-452
-421
-351
-320
-254
-280
-274
-229
-182
-222
-393
-389
-180
-18
-13
-149
-393
-436
-215
43
185
49
-184
-335
-288
-49
196
294
143
-48
-156
-131
35
156
180
84
12
11
12
-55
-122
-116
-175
-270
-366
-428
-484
-590
-583
-513
-500
-540
-737
-863
-901
-790
-607
-572
-669
-816
-905
-730
-219
283
435
18
-372
-232
297
668
629
390
225
211
403
689
894
754
378
250
448
688
633
383
303
448
540
525
468
435
343
261
316
451
463
314
193
294
452
466
366
233
124
60
66
147
178
102
-34
-168
-258
-302
-265
-220
-219
-315
-403
-422
-385
-312
-245
-179
-155
-162
-152
-125
-66
2
31
37
64
109
144
157
131
107
93
79
83
101
120
120
101
63
42
21
-1
-13
-21
-1
11
-29
-82
-108
-107
-134
-192
-257
-306
-337
-347
-341
-331
-317
-343
-416
-473
-494
-495
-508
-518
-492
-466
-473
-515
-512
-412
-286
-185
-139
-148
-186
-220
-194
-90
56
176
220
223
242
270
330
404
453
439
372
318
317
368
458
575
656
599
438
297
276
366
456
520
507
425
334
310
389
451
408
312
237
209
194
195
229
247
239
156
53
-33
-91
-75
6
94
64
-84
-222
-241
-163
-90
-79
-100
-167
-248
-261
-197
-127
-146
-225
-266
-250
-223
-214
-221
-191
-188
-229
-271
-319
-340
-341
-307
-246
-206
-242
-321
-370
-345
-295
-270
-277
-324
-357
-374
-341
-274
-236
-277
-358
-387
-342
-284
-270
-277
-259
-220
-211
-218
-210
-133
7
137
236
247
164
100
136
304
474
507
460
418
456
556
649
727
717
597
463
436
559
684
701
646
593
543
462
392
377
401
389
325
290
276
221
140
106
121
103
5
-84
-104
-77
-63
-86
-101
-130
-206
-285
-314
-270
-240
-245
-244
-228
-226
-258
-282
-262
-220
-208
-199
-172
-157
-165
-150
-95
-48
-47
-105
-156
-154
-113
-53
-9
-16
-56
-98
-116
-109
-113
-138
-165
-189
-189
-166
-164
-203
-274
-340
-365
-357
-368
-393
-423
-433
-428
-426
-420
-425
-461
-532
-565
-523
-449
-408
-396
-400
-387
-377
-370
-301
-177
-54
29
83
123
129
125
181
319
458
498
471
474
550
658
764
838
824
718
615
632
750
845
848
804
765
709
641
608
607
588
518
465
457
436
352
250
211
206
174
107
39
-5
-56
-97
-113
-141
-212
-307
-368
-377
-367
-367
-374
-391
-421
-455
-472
-464
-443
-418
-400
-374
-348
-328
-321
-318
-307
-287
-258
-247
-240
-215
-176
-130
-117
-115
-120
-134
-151
-160
-122
-68
-51
-65
-98
-112
-118
-126
-123
-123
-139
-170
-181
-154
-128
-143
-179
-207
-212
-211
-210
-198
-185
-192
-207
-202
-164
-134
-141
-143
-103
-18
55
103
122
129
133
158
228
302
339
337
345
403
479
533
559
559
543
519
530
586
645
662
639
605
583
560
529
505
480
446
414
399
378
333
270
220
199
182
142
80
31
-11
-52
-78
-97
-121
-178
-250
-298
-327
-335
-341
-346
-366
-401
-430
-443
-442
-428
-407
-379
-368
-387
-398
-381
-349
-322
-304
-283
-265
-267
-260
-230
-185
-164
-168
-177
-182
-163
-152
-141
-119
-108
-113
-135
-159
-176
-185
-177
-158
-144
-162
-204
-230
-227
-211
-194
-201
-230
-255
-266
-232
-177
-143
-146
-177
-199
-192
-159
-98
-21
43
65
65
75
101
139
185
238
301
341
359
381
422
468
500
524
531
524
513
532
578
616
621
615
602
584
551
513
497
501
506
494
473
432
363
297
268
261
252
210
147
78
31
11
-4
-27
-86
-167
-231
-261
-266
-266
-291
-329
-381
-421
-437
-447
-452
-456
-460
-452
-463
-477
-484
-487
-477
-456
-429
-402
-399
-416
-419
-394
-346
-318
-315
-317
-312
-287
-253
-217
-185
-181
-193
-203
-192
-158
-128
-107
-97
-93
-89
-78
-67
-53
-48
-45
-37
-22
-3
13
29
39
52
69
90
102
106
105
132
185
242
273
273
257
242
247
286
336
364
350
324
326
364
400
410
402
377
346
327
345
385
402
385
358
343
330
308
289
279
274
265
256
243
220
187
167
168
165
147
118
100
90
84
65
44
18
-11
-36
-57
-71
-86
-108
-124
-125
-131
-149
-180
-198
-202
-197
-196
-207
-230
-262
-276
-269
-253
-253
-279
-316
-334
-327
-316
-316
-329
-345
-361
-359
-348
-338
-345
-365
-374
-362
-347
-344
-359
-368
-364
-351
-331
-314
-307
-322
-328
-310
-277
-242
-232
-228
-214
-188
-156
-123
-95
-73
-64
-45
-11
40
81
108
132
171
217
253
288
317
333
344
361
400
437
451
449
452
473
485
491
490
484
471
455
456
471
471
454
428
413
400
378
354
331
306
276
255
245
225
191
156
130
110
87
60
32
13
-7
-25
-40
-60
-82
-109
-129
-133
-136
-143
-159
-175
-183
-184
-187
-190
-192
-193
-198
-204
-203
-200
-197
-201
-206
-203
-201
-202
-211
-215
-204
-195
-191
-193
-199
-203
-208
-212
-208
-205
-212
-219
-222
-217
-211
-210
-217
-220
-218
-217
-215
-210
-199
-192
-186
-179
-172
-163
-158
-145
-124
-103
-88
-82
-71
-56
-34
-6
18
35
43
57
80
110
142
163
175
181
186
205
231
253
262
267
279
292
301
306
307
303
302
308
309
302
294
288
284
278
268
254
232
208
194
187
185
171
150
129
118
102
75
50
34
21
1
-16
-27
-34
-51
-72
-82
-86
-95
-115
-130
-131
-123
-122
-130
-140
-147
-153
-158
-158
-152
-154
-159
-165
-166
-165
-164
-159
-153
-152
-155
-155
-151
-145
-140
-138
-136
-135
-138
-137
-129
-116
-111
-114
-115
-111
-102
-95
-92
-87
-80
-73
-66
-60
-54
-46
-42
-38
-29
-17
-6
1
10
25
40
50
56
63
77
89
102
114
125
135
136
141
152
160
165
168
175
186
193
197
198
199
198
194
194
196
193
189
183
178
172
164
151
139
129
117
107
91
75
66
53
39
25
11
-1
-17
-35
-51
-59
-67
-80
-96
-108
-118
-127
-139
-146
-151
-158
-169
-175
-172
-170
-172
-176
-174
-176
-175
-174
-169
-159
-155
-150
-147
-139
-133
-130
-121
-106
-97
-96
-93
-87
-78
-68
-56
-44
-37
-38
-37
-28
-15
-5
-1
3
8
14
17
25
35
38
35
34
39
49
55
54
54
54
54
56
61
64
65
64
64
66
67
72
73
75
73
73
72
71
71
75
81
82
81
77
74
72
74
76
78
76
73
72
71
70
70
67
63
59
54
50
46
44
37
33
27
22
19
12
7
4
0
-2
-6
-11
-19
-27
-33
-35
-37
-42
-44
-44
-43
-44
-46
-49
-52
-54
-52
-49
-46
-47
-48
-47
-47
-44
-42
-40
-40
-41
-39
-37
-33
-30
-26
-24
-26
-25
-26
-23
-22
-23
-22
-18
-16
-18
-20
-20
-18
-15
-11
-9
-13
-16
-20
-15
-11
-12
-17
-21
-22
-21
-19
-20
-21
-27
-30
-31
-29
-25
-26
-25
-23
-24
-25
-25
-25
-23
-25
-24
-22
-18
-18
-17
-14
-10
-3
-6
-7
-8
-5
1
8
12
12
8
7
9
15
21
25
22
20
22
26
30
30
28
28
29
34
36
38
42
41
38
37
41
42
40
37
38
38
38
38
37
38
35
33
32
33
32
31
30
30
28
24
20
16
16
14
13
13
12
11
8
6
6
5
3
1
0
-4
-5
-5
-6
-7
-8
-11
-10
-9
-9
-9
-11
-10
-10
-12
-12
-13
-13
-14
-15
-15
-15
-16
-15
-16
-16
-18
-20
-19
-18
-16
-15
-13
-13
-14
-15
-15
-15
-14
-15
-12
-13
-15
-15
-12
-10
-9
-8
-7
-7
-6
-8
-8
-7
-6
-6
-4
-4
-5
-6
-6
-7
-6
-7
-9
-8
-8
-7
-6
-6
-5
-6
-6
-7
-7
-5
-5
-3
-3
-4
-1
0
3
4
4
3
3
6
7
9
12
13
10
9
8
8
8
8
9
8
9
8
8
9
10
8
9
9
8
6
6
5
5
5
4
5
1
0
-2
-1
-1
-1
-4
-6
-7
-7
-6
-7
-9
-12
-12
-13
-11
-10
-9
-14
-16
-16
-16
-15
-17
-16
-15
-14
-13
-12
-10
-11
-11
-10
-10
-9
-8
-7
-6
-3
0
1
2
-2
-4
-2
0
2
4
7
9
9
9
10
10
12
11
11
12
13
13
12
13
12
11
9
10
11
9
9
10
9
9
7
5
6
7
6
7
7
7
6
6
7
6
6
3
4
4
4
3
3
3
2
1
1
3
3
4
6
4
3
1
1
0
2
2
3
1
0
0
-3
-3
0
0
0
-2
-2
-1
-1
-1
0
0
-2
-3
-4
-4
-4
-5
-7
-9
-11
-9
-10
-10
-10
-11
-10
-8
-8
-8
-9
-8
-8
-9
-7
-8
-9
-9
-9
-8
-5
-6
-5
-6
-4
-1
-1
0
1
3
4
5
7
5
4
4
5
7
7
5
3
3
2
3
6
5
4
3
2
5
4
4
2
0
0
1
1
2
0
1
-1
-1
0
0
0
-1
-2
0
2
1
2
0
0
1
1
1
2
2
1
2
4
4
4
4
4
5
5
6
7
8
7
6
6
7
8
7
7
8
8
8
9
8
7
6
4
4
4
5
4
2
2
2
0
0
-1
-1
-2
-3
-4
-4
-3
-4
-5
-4
-6
-6
-6
-7
-6
-6
-5
-5
-7
-6
-6
-8
-7
-7
-6
-7
-6
-5
-5
-5
-3
-3
-2
1
0
1
2
3
5
4
5
4
3
3
3
4
3
2
3
2
3
2
2
2
2
3
2
3
4
3
3
2
2
1
0
2
0
0
0
-1
-2
-1
-2
-3
-4
-3
-4
-3
-3
-5
-5
-6
-6
-6
-5
-5
-5
-4
-3
-2
-1
-3
-3
-4
-1
-1
0
-1
-1
0
0
0
1
2
0
2
1
2
1
2
0
-1
1
0
0
-1
-1
-1
-2
0
-1
-2
-2
-2
-1
-1
0
0
0
1
-1
0
0
0
-1
-1
-1
0
0
0
-1
0
0
-1
0
1
3
3
4
4
4
4
4
4
3
3
3
4
6
5
4
4
3
4
4
5
5
6
5
5
5
5
6
6
8
7
8
7
7
6
5
5
6
4
4
3
3
3
2
1
0
-2
-3
-2
-1
-2
-2
-3
-2
-3
-2
-2
-1
-1
-2
-2
-1
-2
-1
-2
-2
-1
-2
-1
-2
-2
-3
-1
-1
-3
-2
-2
-2
-2
-2
-2
-2
0
0
-1
-1
-2
-3
-1
-1
-1
-1
-1
-2
-1
-2
-1
-1
0
0
0
0
1
0
0
-1
0
0
-1
-1
-2
-1
-2
-1
0
0
0
0
0
-1
-1
-1
0
-1
0
1
3
3
4
3
2
1
0
1
1
1
0
1
0
1
0
2
2
2
1
0
0
-1
0
0
1
1
0
0
-1
0
0
-1
-1
-1
-1
-2
-2
-2
-2
-2
-2
-3
-4
-3
-3
-2
-2
-2
-4
-3
-2
-1
-1
0
-1
-2
-3
-2
-1
-1
-2
-2
-4
-4
-4
-4
-5
-4
-3
-1
-1
-2
-1
-1
0
0
2
1
0
0
1
1
2
3
2
2
2
2
3
4
4
3
5
5
4
4
3
4
2
3
3
2
1
2
3
2
2
2
4
3
3
4
4
4
2
4
4
5
4
3
3
2
1
1
2
2
3
3
2
1
-1
0
0
0
-1
0
-2
-3
-3
-3
-3
-3
-3
-2
-3
-3
-3
-4
-4
-3
-4
-5
-5
-5
-6
-5
-6
-6
-7
-5
-4
-5
-4
-4
-3
-3
-2
-2
-1
-1
0
-2
-1
-3
-2
-1
-2
-3
-4
-5
-4
-4
-4
-4
-4
-4
-3
-3
-4
-4
-4
-3
-3
-4
-3
-3
-3
-2
-2
-2
0
-1
-1
0
1
1
2
2
2
2
1
2
2
1
1
1
2
3
3
4
5
5
4
4
5
6
5
5
5
5
5
5
3
3
3
3
2
2
1
2
2
3
5
4
6
6
6
5
5
5
6
6
6
7
7
5
6
7
8
7
6
6
6
4
6
4
5
5
5
5
6
5
5
6
7
7
6
6
4
5
4
3
4
3
3
3
4
3
4
3
3
2
3
3
2
3
1
-1
-3
-2
-2
-3
-3
-3
-4
-4
-3
-5
-3
-5
-4
-5
-6
-6
-7
-6
-5
-7
-7
-5
-6
-7
-7
-8
-6
-7
-8
-8
-7
-6
-6
-5
-5
-5
-4
-3
-5
-4
-4
-4
-5
-4
-3
-3
-3
-3
-3
-2
-2
-2
-3
-2
-2
-2
-2
-3
-3
-4
-5
-5
-5
-4
-5
-6
-6
-5
-5
-5
-5
-6
-6
-6
-5
-6
-6
-8
-6
-7
-7
-7
-7
-7
-8
-8
-9
-8
-8
-6
-5
-5
-3
-2
-1
1
1
1
2
2
3
4
3
4
4
4
3
3
3
3
3
2
2
3
2
2
1
2
3
2
1
0
1
1
2
1
1
0
0
0
1
2
1
1
1
2
1
1
1
1
1
-1
0
0
1
0
0
1
1
3
3
2
3
3
2
2
3
2
2
3
3
4
4
5
6
5
5
5
5
4
5
5
4
4
3
3
4
6
4
4
3
5
3
3
3
4
3
3
3
3
4
3
3
3
2
2
2
0
0
-1
-1
-1
-2
0
1
1
0
2
0
1
0
0
1
2
2
2
1
1
1
0
0
0
0
0
-1
-1
-3
-5
-4
-5
-3
-3
-3
-3
-3
-2
-3
-3
-3
-4
-4
-3
-2
-3
-3
-4
-4
-5
-5
-5
-5
-3
-2
-2
-2
-2
-1
-1
-1
-1
-1
1
-1
-1
-2
-2
-2
-2
-1
0
-1
1
2
2
3
4
3
2
1
2
3
3
1
0
1
1
3
1
2
3
2
3
3
2
3
3
3
2
2
2
2
3
2
0
-1
-1
1
0
-1
-1
-1
-1
-1
-1
0
-1
-2
-2
-2
-2
-1
-1
-2
-2
0
0
-1
0
0
1
0
0
1
1
1
1
0
0
0
-1
1
-1
-1
-1
-2
-3
-3
-3
-4
-3
-4
-4
-3
-4
-5
-4
-2
-3
-2
-1
-1
-1
0
0
0
-1
-2
-1
-1
0
0
0
0
1
1
0
2
2
2
2
2
2
2
1
2
2
2
3
3
2
4
2
1
2
1
1
2
2
1
0
0
-1
0
-1
-1
0
0
0
-1
-2
-2
-3
-3
-3
-3
-3
-4
-4
-5
-4
-7
-7
-8
-8
-9
-9
-9
-8
-7
-7
-7
-9
-8
-7
-8
-8
-7
-8
-8
-7
-7
-6
-5
-5
-3
-3
-3
-1
-3
-3
-1
-2
0
0
1
1
1
2
2
3
2
1
2
3
2
3
3
2
3
3
2
3
2
2
2
1
1
1
2
2
3
4
4
4
5
6
7
7
6
6
6
7
7
8
7
8
8
7
8
10
9
8
7
8
8
7
7
7
7
7
6
6
5
5
5
4
4
4
2
3
2
3
3
2
2
1
0
-1
-3
-3
-1
-1
-1
0
1
2
1
2
1
0
0
-1
-2
-1
-2
-1
-1
-1
-2
-1
-2
-1
-1
-1
0
-1
-1
-1
-1
-3
-1
-1
-3
-3
-2
-3
-2
-2
-2
-2
-3
-2
-2
-2
-3
-3
-3
-4
-3
-4
-4
-5
-5
-4
-5
-5
-4
-2
-4
-5
-5
-5
-6
-5
-5
-6
-6
-6
-7
-6
-6
-5
-6
-6
-5
-5
-3
-5
-4
-3
-4
-3
-3
-2
-1
-2
-1
1
2
2
3
2
3
5
4
5
4
4
5
4
4
4
4
5
6
6
5
5
4
5
5
6
5
5
5
4
4
2
3
2
3
3
3
2
1
0
0
0
1
0
0
2
2
2
1
2
2
1
1
1
2
1
0
0
0
1
0
-1
-1
0
-1
-1
0
0
0
0
0
-2
-1
-2
-1
-1
-1
-1
-1
-1
-1
-2
-2
-3
-3
-3
-3
-2
-1
-2
-1
-2
-2
-2
-1
-1
0
1
0
2
1
3
4
4
4
5
5
5
4
6
4
4
3
4
3
3
4
3
2
3
2
2
2
2
2
2
1
0
0
0
2
1
1
1
1
1
1
0
1
1
0
1
2
0
0
0
0
-1
-2
0
-2
-3
-3
-3
-4
-3
-2
-3
-3
-4
-3
-4
-4
-5
-6
-5
-6
-6
-7
-7
-7
-6
-6
-6
-5
-5
-4
-3
-3
-4
-4
-3
-3
-2
-2
-1
0
0
0
-1
-1
-2
-1
-1
-1
-1
-2
-1
-1
-2
-1
-1
-2
-2
-2
-2
-1
-2
-1
-1
0
-1
0
1
1
2
2
3
5
4
4
4
4
4
5
4
5
5
6
6
6
6
6
6
5
6
7
7
7
7
7
7
6
5
6
4
3
3
4
4
3
3
2
2
1
1
1
2
2
2
3
2
3
4
3
2
3
2
3
3
4
4
4
4
2
3
3
2
3
2
2
2
3
2
0
-1
-1
-2
-2
-1
-1
-2
-1
-2
-2
-3
-2
-3
-3
-2
-1
0
0
0
-1
-2
-1
-2
-3
-2
-2
-2
-2
-3
-1
-1
-1
-1
-2
-3
-2
-2
-2
-3
-3
-3
-3
-2
-2
-2
-3
-2
-3
-2
-3
-2
-3
-3
-3
-2
-1
-2
-2
-3
-1
-2
-2
-2
-1
0
-1
0
0
1
2
2
1
1
0
-1
-1
0
0
-1
-2
-2
-3
-3
-2
-1
0
0
1
1
2
2
0
0
0
1
0
1
0
0
0
-1
-1
-1
-1
-1
1
1
2
3
2
2
2
3
2
4
4
3
5
5
4
4
5
4
3
4
2
4
3
2
1
1
-1
-1
-2
-3
-4
-3
-3
-3
-4
-5
-6
-6
-6
-7
-6
-6
-5
-5
-5
-4
-4
-5
-4
-5
-6
-4
-4
-2
-2
-1
-1
-1
-2
-2
-1
-1
0
1
1
2
3
2
3
1
2
2
2
3
4
3
3
3
3
2
2
4
5
4
4
3
4
4
2
3
4
4
3
4
4
4
4
6
5
7
6
5
4
4
5
4
4
4
6
4
4
4
3
3
3
3
3
4
2
2
2
1
1
1
1
2
1
1
1
0
1
0
2
1
1
1
1
1
1
0
0
-1
0
-1
0
-1
-2
-1
-1
-4
-4
-3
-4
-4
-5
-5
-7
-6
-7
-7
-7
-6
-7
-6
-7
-7
-7
-7
-5
-5
-5
-5
-4
-4
-3
-3
-3
-2
-3
-3
-1
-2
-1
-1
-1
-2
-2
-2
-1
-1
-1
0
-1
2
2
2
1
2
1
1
0
1
1
1
1
0
0
1
0
0
0
0
1
0
0
1
-1
0
1
0
0
0
0
1
2
1
2
2
1
2
0
1
2
2
2
2
2
3
3
2
2
2
3
2
1
2
1
0
1
2
2
1
2
1
0
1
0
1
0
-1
0
-1
0
-1
0
-1
-1
-1
-1
-2
-2
-1
-3
-2
-2
-3
-3
-3
-3
-3
-3
-3
-2
-2
-4
-3
-3
-2
-1
-1
0
-1
0
-1
-1
-1
-2
-2
-1
-1
-1
-1
-1
-1
-1
-1
0
0
1
2
1
1
1
1
0
0
0
-1
0
-1
0
-1
0
0
0
-1
-1
0
-1
-1
-1
-1
-2
-3
-2
-2
-1
0
0
-1
0
-1
-2
-1
-1
0
0
1
1
2
2
2
1
1
1
2
2
3
3
3
3
3
3
4
4
4
4
3
3
2
3
3
2
1
2
2
2
1
1
0
1
1
0
0
0
-1
0
-1
0
-1
-1
0
0
-1
-1
1
1
0
0
0
-1
-3
-3
-2
-2
-3
-1
0
0
-1
0
0
-1
-1
-1
-1
-1
-1
-2
-3
-1
-1
0
-1
0
-1
-1
-1
-2
-2
-2
-3
-2
0
-1
-1
-1
-2
-1
-3
-1
-2
-2
-1
1
0
0
0
1
1
0
0
-1
0
0
1
2
1
1
1
1
1
1
1
1
0
1
2
2
2
3
1
2
2
3
1
2
2
2
2
3
2
2
1
0
0
1
-1
-2
-2
-2
-1
-1
-1
-1
-1
-2
-2
-3
-3
-3
-3
-3
-1
-2
-2
-2
-3
-3
-3
-3
-2
-3
-2
-3
-2
-2
-1
-1
0
0
-2
-2
-1
0
1
1
0
1
0
1
0
1
1
3
4
3
4
4
4
4
4
4
3
3
2
3
3
3
2
2
2
2
2
3
2
3
2
3
3
2
2
2
3
3
4
4
4
3
1
1
2
1
2
3
3
2
4
3
3
3
4
3
3
3
2
2
0
2
-1
0
0
1
0
0
-1
0
-1
-1
-2
-1
-2
-2
-2
-2
-3
-3
-3
-4
-3
-3
-3
-4
-5
-3
-3
-3
-2
-2
-2
-2
-1
-1
-1
-1
-3
-2
-3
-2
-3
-3
-3
-3
-2
-1
-1
0
0
1
1
1
-1
0
-1
0
0
1
2
2
1
1
1
1
2
-1
1
1
0
1
0
-1
-1
-1
-1
-3
-3
-2
-1
-1
-2
-2
-3
0
-1
-2
-2
-2
-2
-3
-2
-2
-2
-4
-5
-5
-5
-5
-5
-4
-4
-3
-3
-3
-3
-4
-3
-2
-2
0
1
0
1
0
0
0
2
2
3
4
4
5
4
3
4
2
2
4
5
5
6
6
5
4
4
3
2
4
4
3
3
4
4
2
1
2
2
1
1
1
0
1
1
1
1
-2
-1
0
1
1
0
0
2
2
1
1
1
1
1
2
2
2
1
0
0
1
0
0
-2
-3
-2
-4
-2
-2
-2
-2
-3
-4
-3
-3
-2
0
-1
-2
-5
-4
-4
-3
-3
-2
-2
-1
-1
0
0
-2
-3
-2
0
0
1
1
1
1
1
2
1
1
1
1
1
1
0
1
2
3
2
1
1
1
1
0
-1
-2
-1
-3
-1
2
0
1
-1
0
0
0
1
3
3
2
1
2
2
0
-1
0
2
0
-1
0
-1
-1
-2
-2
-1
0
2
1
-2
-1
-1
0
-1
0
-1
-1
-1
0
1
1
1
-1
-1
1
2
2
3
4
4
3
2
4
4
3
3
2
0
1
2
3
5
5
4
2
3
1
2
1
2
2
3
3
1
0
0
-2
-1
-1
-1
-1
-1
0
-1
0
0
0
-1
-1
-1
-2
-1
-2
-2
-1
0
-1
-1
0
0
-1
0
-1
-3
-3
-3
-5
-2
-1
-1
-2
-3
-3
-4
-3
-2
-2
-1
-1
-2
-1
0
1
1
0
1
0
0
1
0
0
-1
0
-1
-1
-1
-1
1
3
3
2
2
1
1
1
2
2
4
3
3
2
0
1
1
2
1
0
0
-1
0
0
1
2
0
1
0
-2
-4
-2
-2
-2
-2
-3
-4
-2
0
-1
-1
0
-1
-4
-3
-3
-3
-2
-3
-2
-2
-3
-4
-6
-7
-6
-5
-4
-4
-5
-5
-4
-6
-5
-5
-5
-6
-5
-4
-4
-2
1
1
0
-2
-4
-3
-3
-3
-2
-1
-2
-3
-4
-4
-4
-2
-1
-1
0
0
0
1
0
1
0
1
1
1
2
2
1
1
1
1
1
-2
-1
0
0
3
4
5
3
1
-1
1
2
2
3
4
3
2
2
2
2
2
1
1
4
5
5
6
4
3
3
3
2
3
2
2
3
4
4
3
2
4
2
-1
0
2
3
2
0
1
1
1
3
4
1
2
1
0
-1
-1
0
0
2
2
3
2
1
1
3
5
4
3
2
2
0
1
1
0
0
0
1
2
2
1
2
2
0
0
2
2
0
0
-1
1
2
3
2
1
1
1
2
0
-1
-1
-4
-5
-5
-4
-2
-3
-1
