2.363282e+062 -3.758436e+058 -9.925563e+058 -1.765169e+059 -2.592742e+059 -3.332510e+059 -3.897727e+059 -4.137212e+059 -4.002812e+059 -3.433535e+059 -2.431671e+059 1.292500e+056 
2.363284e+062 -3.792219e+058 -9.993339e+058 -1.775149e+059 -2.593035e+059 -3.345751e+059 -3.896403e+059 -4.144568e+059 -4.008909e+059 -3.437689e+059 -2.434938e+059 1.299782e+056 
2.363284e+062 -3.798365e+058 -9.995394e+058 -1.774739e+059 -2.600585e+059 -3.353875e+059 -3.906643e+059 -4.157799e+059 -4.018535e+059 -3.445453e+059 -2.442870e+059 1.305257e+056 
2.363285e+062 -3.777890e+058 -9.967675e+058 -1.770422e+059 -2.589220e+059 -3.338885e+059 -3.892822e+059 -4.136411e+059 -3.997308e+059 -3.429026e+059 -2.427759e+059 1.293943e+056 
2.363284e+062 -3.793329e+058 -1.000664e+059 -1.773979e+059 -2.599948e+059 -3.349275e+059 -3.907687e+059 -4.155489e+059 -4.021126e+059 -3.449389e+059 -2.440507e+059 1.304848e+056 
2.363283e+062 -3.777137e+058 -9.980433e+058 -1.771944e+059 -2.596243e+059 -3.345933e+059 -3.900156e+059 -4.150213e+059 -4.010644e+059 -3.442907e+059 -2.437789e+059 1.300092e+056 
2.363282e+062 -3.770679e+058 -9.958476e+058 -1.767104e+059 -2.586195e+059 -3.329605e+059 -3.881272e+059 -4.131231e+059 -3.991478e+059 -3.427063e+059 -2.427072e+059 1.289759e+056 
2.363280e+062 -3.778162e+058 -9.970988e+058 -1.766431e+059 -2.600970e+059 -3.341026e+059 -3.900613e+059 -4.149926e+059 -4.005789e+059 -3.442071e+059 -2.434456e+059 1.298548e+056 
2.363218e+062 -2.729289e+058 -9.490076e+058 -1.742721e+059 -2.336750e+059 -3.184113e+059 -3.901773e+059 -3.940401e+059 -3.829922e+059 -3.429933e+059 -2.376627e+059 1.161191e+056 
2.290058e+062 1.237754e+061 5.023502e+060 2.022934e+060 3.173130e+061 1.928252e+061 -1.307240e+060 2.538758e+061 2.307072e+061 2.984624e+059 7.241335e+060 4.116990e+059 
2.253284e+062 1.706127e+061 9.491582e+060 6.518016e+060 3.911356e+061 3.275957e+061 7.798012e+060 3.000795e+061 3.197608e+061 1.094725e+061 9.896823e+060 8.518842e+059 
2.140999e+062 3.341722e+061 1.845134e+061 1.527936e+061 8.316815e+061 6.762953e+061 1.691849e+061 7.001828e+061 7.622982e+061 2.292205e+061 2.471860e+061 4.171299e+060 
2.210421e+062 2.036910e+061 1.438722e+061 2.023887e+061 4.174487e+061 4.122426e+061 2.814737e+061 3.889170e+061 3.702330e+061 2.004431e+061 1.851926e+061 1.912683e+060 
2.142095e+062 2.850009e+061 1.636535e+061 3.043992e+061 6.864663e+061 6.000748e+061 3.105742e+061 7.220295e+061 6.169597e+061 2.203324e+061 3.316616e+061 4.608609e+060 
2.123347e+062 3.445322e+061 2.521692e+061 1.482949e+061 8.281033e+061 7.860788e+061 2.441039e+061 7.369915e+061 7.682046e+061 2.945555e+061 3.038124e+061 5.004193e+060 
2.236453e+062 1.680496e+061 1.594334e+061 1.231841e+061 4.139194e+061 3.727601e+061 1.073641e+061 3.220311e+061 3.164810e+061 1.653043e+061 1.643412e+061 1.305601e+060 
2.333555e+062 3.185835e+060 4.448182e+060 4.816959e+060 8.526747e+060 7.543696e+060 2.764662e+060 5.089715e+060 5.667567e+060 4.413687e+060 3.467258e+060 6.144906e+058 
2.353036e+062 -1.121473e+060 -3.451103e+060 -6.140332e+060 -8.718468e+060 -1.231431e+061 -1.465975e+061 -1.391080e+061 -1.276454e+061 -1.083871e+061 -7.125268e+060 1.505257e+059 
2.344868e+062 -3.633718e+060 -1.051820e+061 -1.804957e+061 -2.503350e+061 -3.226880e+061 -3.667571e+061 -3.568444e+061 -3.254405e+061 -2.646746e+061 -1.682707e+061 1.106263e+060 
2.338693e+062 -3.259977e+060 -1.005471e+061 -1.751468e+061 -2.424339e+061 -3.315771e+061 -3.878392e+061 -3.630918e+061 -3.287212e+061 -2.698783e+061 -1.734633e+061 1.111005e+060 
2.336574e+062 -3.043534e+060 -1.005470e+061 -1.789464e+061 -2.424877e+061 -3.294357e+061 -3.957169e+061 -3.676284e+061 -3.316819e+061 -2.768818e+061 -1.775833e+061 1.126450e+060 
2.341361e+062 -3.499812e+060 -1.048722e+061 -1.875379e+061 -2.528569e+061 -3.329376e+061 -3.907274e+061 -3.742728e+061 -3.352214e+061 -2.773339e+061 -1.792546e+061 1.181169e+060 
2.343721e+062 -3.856902e+060 -1.064957e+061 -1.869930e+061 -2.579913e+061 -3.354521e+061 -3.884696e+061 -3.775407e+061 -3.368194e+061 -2.735826e+061 -1.768223e+061 1.201249e+060 
2.347981e+062 -3.800462e+060 -1.036775e+061 -1.801036e+061 -2.500595e+061 -3.164658e+061 -3.557227e+061 -3.502777e+061 -3.188436e+061 -2.568979e+061 -1.655637e+061 1.075271e+060 
2.352088e+062 -3.152228e+060 -8.181929e+060 -1.413608e+061 -1.996964e+061 -2.502278e+061 -2.800469e+061 -2.802387e+061 -2.549548e+061 -2.039202e+061 -1.328747e+061 6.758351e+059 
2.359287e+062 -1.178772e+060 -3.071890e+060 -5.405872e+060 -7.821133e+060 -9.943502e+060 -1.144240e+061 -1.190911e+061 -1.129681e+061 -9.458750e+060 -6.529683e+060 1.125574e+059 
2.359359e+062 -1.203056e+060 -3.125782e+060 -5.491330e+060 -7.932188e+060 -1.004345e+061 -1.150510e+061 -1.194870e+061 -1.129206e+061 -9.412049e+060 -6.472974e+060 1.142621e+059 
2.361715e+062 -5.492721e+059 -1.430454e+060 -2.511714e+060 -3.630006e+060 -4.607693e+060 -5.277895e+060 -5.501301e+060 -5.202532e+060 -4.354353e+060 -3.001981e+060 2.398062e+058 
2.362763e+062 -2.122115e+059 -5.537674e+059 -9.759409e+059 -1.416726e+060 -1.807165e+060 -2.081143e+060 -2.184379e+060 -2.080738e+060 -1.756228e+060 -1.221774e+060 3.718787e+057 
2.363154e+062 -6.807379e+058 -1.782671e+059 -3.142102e+059 -4.553987e+059 -5.803633e+059 -6.673843e+059 -6.989628e+059 -6.650121e+059 -5.605844e+059 -3.895829e+059 3.819074e+056 
2.363186e+062 -6.475152e+058 -1.697023e+059 -2.997694e+059 -4.368940e+059 -5.590428e+059 -6.474361e+059 -6.832469e+059 -6.543723e+059 -5.564825e+059 -3.896987e+059 3.590551e+056 
2.363173e+062 -8.300449e+058 -2.171836e+059 -3.837718e+059 -5.579877e+059 -7.125653e+059 -8.233074e+059 -8.669670e+059 -8.290266e+059 -7.023908e+059 -4.906550e+059 5.814349e+056 
2.363209e+062 -6.707493e+058 -1.762898e+059 -3.116839e+059 -4.549082e+059 -5.831346e+059 -6.759162e+059 -7.148225e+059 -6.866328e+059 -5.846923e+059 -4.106913e+059 3.914750e+056 
2.363228e+062 -5.201709e+058 -1.371444e+059 -2.424678e+059 -3.542295e+059 -4.547064e+059 -5.283568e+059 -5.602100e+059 -5.392248e+059 -4.609914e+059 -3.247570e+059 2.392277e+056 
2.363259e+062 -4.748232e+058 -1.249554e+059 -2.214153e+059 -3.237511e+059 -4.158968e+059 -4.831265e+059 -5.120230e+059 -4.928803e+059 -4.208270e+059 -2.965957e+059 1.996500e+056 
2.363253e+062 -4.797853e+058 -1.272976e+059 -2.257614e+059 -3.289267e+059 -4.229559e+059 -4.923993e+059 -5.216639e+059 -5.022401e+059 -4.290780e+059 -3.025406e+059 2.069057e+056 
2.363262e+062 -4.154695e+058 -1.101783e+059 -1.950106e+059 -2.858682e+059 -3.685085e+059 -4.293774e+059 -4.562685e+059 -4.402152e+059 -3.773620e+059 -2.669050e+059 1.572594e+056 
2.363282e+062 -3.780818e+058 -1.000941e+059 -1.776442e+059 -2.604766e+059 -3.356763e+059 -3.916889e+059 -4.165491e+059 -4.024699e+059 -3.452554e+059 -2.442301e+059 1.308091e+056 
