1.000000e-030   1.000000e-030   1.000000e-030   1.428571e-001   1.000000e-030   1.000000e-030   1.000000e-030   1.000000e-030   1.000000e-030   1.000000e-030   1.000000e-030   2.857143e-001   1.000000e-030   1.000000e-030   1.000000e-030   1.000000e-030   8.802861e-248   1.000000e-030   5.714286e-001   2.195483e-247   1.000000e-030   1.000000e-030   1.000000e-030   1.000000e-030   1.000000e-030   1.000000e-030   1.000000e-030   1.000000e-030   1.624949e-225   1.000000e-030   1.000000e-030   1.258132e-234   

2.997523e-229   1.000000e-030   1.000000e-030   2.754490e-252   1.000000e-030   1.000000e-030   1.000000e-030   1.000000e-030   2.009217e-243   1.000000e-030   4.006502e-002   6.889093e-221   1.000000e-030   1.000000e-030   1.000000e-030   1.000000e-030   3.199783e-001   1.000000e-030   3.088933e-247   6.399567e-001   1.000000e-030   1.000000e-030   1.000000e-030   1.000000e-030   1.000000e-030   2.806096e-233   1.371961e-241   1.000000e-030   1.000000e-030   1.000000e-030   1.000000e-030   1.769393e-232   

1.549501e-001   1.000000e-030   1.000000e-030   1.000000e-030   1.000000e-030   1.000000e-030   1.000000e-030   1.000000e-030   1.549501e-001   2.326343e-237   2.252496e-001   3.336056e-221   1.000000e-030   1.000000e-030   1.000000e-030   1.000000e-030   1.770773e-245   1.000000e-030   1.000000e-030   1.000000e-030   1.330408e-238   1.000000e-030   1.000000e-030   1.000000e-030   1.098517e-234   1.381246e-181   3.099002e-001   1.000000e-030   1.000000e-030   1.000000e-030   1.000000e-030   1.549501e-001   

2.435891e-001   1.000000e-030   1.000000e-030   1.369051e-223   1.000000e-030   1.000000e-030   1.000000e-030   1.000000e-030   1.000000e-030   6.089727e-002   1.474382e-001   1.381726e-221   1.000000e-030   1.000000e-030   1.000000e-030   1.000000e-030   1.000000e-030   1.000000e-030   8.450932e-225   1.000000e-030   6.089727e-002   1.000000e-030   1.000000e-030   1.000000e-030   2.435891e-001   1.217945e-001   3.467413e-241   1.000000e-030   8.585297e-226   1.000000e-030   1.000000e-030   1.217945e-001   

1.026831e-272   1.000000e-030   1.000000e-030   1.111111e-001   1.000000e-030   1.000000e-030   1.000000e-030   1.000000e-030   1.000000e-030   1.000000e-030   8.675162e-241   5.555556e-001   1.000000e-030   1.000000e-030   1.000000e-030   1.000000e-030   1.000000e-030   1.000000e-030   1.111111e-001   1.000000e-030   1.000000e-030   1.000000e-030   1.000000e-030   1.000000e-030   1.000000e-030   1.802247e-264   1.000000e-030   1.000000e-030   2.222222e-001   1.000000e-030   1.000000e-030   1.091862e-015   

