-3
-3
-2
0
1
0
0
0
-1
-1
-2
-2
-3
-2
-3
-4
-4
-4
-4
-4
-5
-5
-4
-3
-3
-3
-2
-1
-1
-2
-1
-1
0
0
0
0
0
-1
0
0
0
-1
0
1
1
2
2
2
2
2
3
3
3
3
4
4
3
2
3
2
2
1
0
1
0
-1
0
0
1
0
0
-1
0
1
1
0
1
0
0
0
-2
-3
-4
-3
-3
-3
-2
-1
0
1
1
3
3
2
3
2
2
0
-1
-2
-2
-2
-1
-2
-2
-2
-1
-2
-2
-1
0
1
2
3
4
2
2
1
0
-1
-2
-1
-1
-1
-1
-1
0
-1
-1
-1
-1
0
0
0
1
0
1
1
1
1
1
2
3
4
3
4
3
1
2
1
1
0
1
1
-1
-2
-2
-3
-2
-1
0
1
2
2
2
1
-1
-1
0
0
0
0
0
0
-1
0
-1
-1
-1
-1
-2
-2
-3
-3
-1
-2
-1
0
-1
0
-1
-2
-3
-3
-2
-4
-3
-3
-3
-1
-1
-2
-3
-4
-3
-4
-4
-2
-1
0
1
1
3
1
1
1
-1
-1
-1
1
0
0
0
0
-1
0
0
0
1
2
3
4
4
4
4
2
0
-1
-1
-1
-3
-3
-1
1
1
2
4
4
6
4
3
3
2
1
1
0
-2
-1
-1
-2
-1
0
2
3
4
4
4
3
3
2
2
-1
0
-1
-1
0
-1
-2
-3
-4
-3
-2
-1
0
1
1
2
3
4
3
2
2
0
1
0
-1
-1
-1
-1
-1
-2
-2
-2
-3
-2
-3
-3
-2
-4
-2
-3
-3
-2
-2
0
0
2
3
3
2
2
0
-2
-2
-3
-1
-1
-1
0
-3
-3
-2
-3
-2
-4
-1
1
1
2
1
0
0
-1
-2
-3
-2
-1
-1
-1
-1
-2
-3
-4
-6
-5
-5
-4
-2
-1
0
0
0
-1
-2
-3
-1
0
1
2
4
5
5
4
3
1
-2
-2
-4
-4
-3
-2
-1
0
1
1
1
1
0
1
3
5
3
3
3
3
2
-1
-3
-2
-2
-1
1
3
5
4
5
5
5
5
8
8
10
9
8
6
3
-1
-3
-5
-5
-4
-1
1
4
6
6
5
4
4
2
2
3
4
6
5
3
1
-1
-2
-3
-3
-3
-1
-1
0
1
-1
-1
-2
-2
-1
-2
-1
-2
-2
-2
-3
-2
-3
-2
-2
-1
-1
-3
-4
-3
-6
-7
-8
-8
-9
-9
-7
-7
-6
-4
-3
-1
0
2
1
-1
-2
-2
-4
-1
0
0
1
0
-1
-2
-4
-6
-7
-5
-4
-2
-1
1
-1
-2
-4
-4
-3
-2
1
4
6
9
8
6
6
1
-3
-5
-3
-2
0
2
3
3
1
-1
-3
-4
-3
0
3
7
9
9
9
7
5
3
4
5
6
9
11
12
9
7
4
1
0
-3
-5
-3
-2
-3
-2
-2
-2
-3
-2
-2
-2
0
2
5
7
9
11
11
10
6
6
1
-2
-3
-6
-6
-7
-7
-7
-6
-4
-3
0
5
7
10
11
13
11
10
7
4
0
-3
-4
-4
-5
-4
-4
-5
-5
-6
-9
-10
-9
-10
-9
-7
-5
-2
-1
1
2
2
3
4
5
4
3
3
2
2
0
-2
-4
-6
-9
-12
-11
-11
-10
-6
-2
2
4
4
4
2
1
-2
-2
-2
-3
-3
-4
-5
-6
-8
-10
-8
-7
-4
-1
3
5
6
6
4
5
5
5
4
2
2
1
0
-2
-3
-4
-5
-2
-2
0
0
-2
-1
-3
-4
-1
2
5
8
10
13
12
10
8
6
3
2
2
2
1
0
-3
-6
-8
-10
-9
-5
-1
4
10
15
19
19
20
16
14
13
9
5
2
-4
-9
-13
-16
-16
-16
-16
-14
-10
-8
-4
1
8
13
20
25
24
22
16
8
-1
-8
-11
-14
-12
-11
-8
-7
-9
-10
-12
-15
-13
-12
-7
-1
6
11
14
16
15
13
10
7
3
0
-1
-2
-6
-6
-7
-9
-10
-10
-8
-7
-5
-2
2
5
7
9
11
12
11
7
-2
-8
-17
-24
-27
-27
-21
-15
-5
1
6
11
13
16
18
20
20
20
18
15
10
3
-6
-13
-21
-29
-35
-36
-36
-33
-28
-22
-12
-2
11
19
27
35
38
37
35
30
27
20
13
4
-4
-13
-23
-29
-31
-33
-30
-26
-20
-14
-9
-5
-1
2
7
10
14
21
25
28
29
27
21
16
10
5
1
0
0
-1
-2
-6
-12
-18
-25
-29
-33
-33
-28
-23
-16
-7
-1
9
16
20
24
25
23
24
21
20
17
12
6
-5
-14
-24
-35
-41
-40
-35
-27
-16
-6
4
9
13
12
15
17
20
23
24
22
16
8
-1
-10
-18
-21
-20
-18
-12
-4
1
6
8
7
7
5
4
-2
-6
-12
-17
-20
-24
-24
-21
-17
-11
-4
4
10
15
20
24
26
30
32
31
30
24
15
4
-10
-24
-35
-44
-46
-41
-34
-22
-14
-6
3
7
11
15
18
23
29
32
36
39
39
35
32
26
14
2
-12
-25
-35
-40
-43
-40
-36
-27
-20
-12
-8
-4
2
6
11
18
25
29
34
35
35
33
29
25
16
6
-5
-18
-27
-32
-36
-33
-29
-23
-16
-12
-10
-8
-5
3
12
26
39
48
56
58
55
49
38
27
14
3
-7
-19
-30
-42
-49
-54
-53
-48
-40
-29
-15
-3
8
19
27
36
45
51
57
57
52
43
25
4
-16
-34
-42
-46
-44
-40
-34
-28
-25
-19
-14
-5
7
20
35
48
53
49
41
27
13
3
-3
-9
-11
-12
-16
-18
-23
-24
-22
-14
-4
3
10
10
7
-1
-10
-15
-18
-16
-10
-1
2
2
0
-2
-1
4
10
19
28
31
31
21
11
-5
-14
-22
-24
-21
-16
-10
-7
-4
-6
-6
-6
-3
3
13
20
25
26
21
13
3
-8
-14
-17
-16
-15
-16
-20
-27
-31
-34
-30
-21
-9
6
18
26
33
30
26
21
18
17
17
17
13
6
-4
-19
-35
-51
-57
-56
-48
-36
-24
-12
-3
3
9
15
22
32
41
48
50
46
39
29
17
7
-4
-14
-24
-34
-45
-54
-60
-61
-56
-45
-32
-20
-6
6
15
20
24
27
31
38
45
47
43
36
27
13
-2
-14
-21
-24
-25
-24
-26
-29
-30
-29
-25
-19
-9
2
15
24
29
29
27
23
19
18
17
16
15
12
4
-6
-17
-29
-35
-35
-29
-18
-7
3
10
13
13
10
7
3
2
3
6
9
10
10
6
-3
-12
-20
-28
-31
-30
-27
-20
-14
-6
0
4
10
15
17
21
21
24
24
22
17
11
5
-5
-11
-18
-23
-25
-24
-20
-16
-12
-8
-7
-4
0
0
5
8
12
17
18
17
16
13
10
8
7
10
12
15
16
15
10
4
1
-4
-5
-5
-4
-6
-10
-16
-25
-32
-34
-32
-26
-19
-8
3
12
17
21
22
24
28
33
36
37
39
34
29
20
9
-2
-14
-26
-34
-43
-48
-49
-46
-38
-28
-15
-3
10
18
21
22
20
18
20
24
32
37
39
37
25
11
-9
-25
-37
-45
-45
-39
-28
-16
-7
0
7
9
14
19
21
21
19
16
8
2
-5
-5
-3
1
5
3
-1
-10
-20
-27
-31
-24
-10
7
23
35
38
30
17
-1
-19
-31
-36
-35
-27
-19
-9
-4
-1
-1
-6
-9
-12
-12
-7
-1
7
14
20
23
18
10
-1
-15
-26
-34
-39
-36
-30
-20
-9
0
6
12
15
16
16
16
16
14
15
15
15
15
14
14
9
0
-11
-22
-33
-36
-35
-30
-19
-7
3
8
12
11
11
11
16
20
28
35
40
40
36
30
22
13
7
1
-6
-11
-20
-27
-32
-36
-39
-39
-34
-29
-23
-15
-10
-4
3
12
22
30
37
42
45
43
38
31
23
18
12
9
7
4
0
-5
-12
-22
-32
-41
-43
-41
-35
-26
-20
-13
-9
-7
-7
-6
-3
3
11
20
30
35
38
35
33
25
18
13
6
1
-6
-12
-18
-25
-30
-32
-32
-26
-20
-11
-2
5
13
16
17
19
18
21
22
19
15
9
0
-8
-13
-17
-19
-17
-13
-8
-4
-2
-2
-4
-9
-13
-16
-15
-12
-9
-4
-2
0
2
4
6
10
13
16
18
16
14
11
7
4
1
-2
-6
-12
-18
-23
-29
-32
-33
-31
-25
-15
-3
10
22
32
38
40
38
33
24
13
2
-9
-15
-22
-24
-26
-25
-23
-19
-14
-7
-2
3
9
9
11
11
12
14
16
18
18
16
11
2
-7
-15
-20
-24
-22
-15
-7
1
5
6
4
0
-6
-10
-9
-6
1
7
12
16
17
14
7
0
-4
-9
-9
-7
-2
3
6
6
2
-1
-7
-14
-18
-19
-15
-7
4
18
29
38
45
45
40
34
23
12
3
-8
-15
-19
-21
-22
-23
-23
-25
-28
-30
-29
-27
-19
-9
2
15
24
30
31
30
26
22
16
10
4
-2
-9
-17
-24
-32
-35
-38
-37
-35
-31
-25
-16
-5
8
18
29
39
47
53
55
56
51
47
39
28
18
5
-7
-19
-29
-39
-47
-52
-55
-53
-48
-39
-26
-11
6
20
31
41
47
52
54
54
52
45
34
20
1
-17
-33
-45
-54
-54
-53
-45
-33
-24
-11
-3
5
10
16
20
23
26
28
30
30
26
20
10
0
-9
-17
-23
-27
-24
-20
-12
-4
2
8
7
5
-1
-8
-13
-14
-15
-12
-11
-8
-9
-8
-7
-9
-10
-10
-6
-1
5
14
22
29
35
35
32
24
15
8
3
1
0
1
0
-5
-12
-20
-29
-35
-37
-35
-31
-26
-19
-13
-10
-6
-3
2
11
20
28
34
38
42
38
36
33
31
28
25
22
14
4
-7
-19
-31
-41
-48
-50
-51
-49
-43
-36
-27
-17
-7
2
11
22
29
35
38
38
38
36
32
27
21
14
6
-2
-10
-19
-29
-35
-37
-36
-31
-23
-10
3
14
22
29
31
32
31
34
33
34
34
32
27
18
9
-2
-10
-21
-26
-30
-34
-36
-38
-34
-32
-27
-19
-8
1
9
14
18
21
23
24
24
24
25
21
18
13
8
2
-6
-12
-18
-22
-24
-24
-23
-24
-25
-26
-30
-32
-28
-23
-13
3
16
27
32
33
29
26
19
14
12
9
6
-2
-12
-26
-42
-54
-61
-60
-51
-39
-25
-10
0
9
16
21
26
33
38
41
40
33
23
10
-6
-21
-31
-36
-40
-37
-30
-22
-12
-3
3
7
6
3
1
-2
-1
0
4
9
12
16
14
9
2
-8
-15
-17
-13
-8
0
7
14
17
16
9
0
-8
-13
-10
-3
6
19
30
32
30
20
10
-2
-7
-8
-8
-1
-1
-3
-13
-26
-37
-47
-49
-43
-32
-19
-4
9
18
23
27
30
34
38
41
43
40
33
23
13
0
-11
-17
-18
-16
-12
-9
-5
-4
-4
-4
-7
-5
-5
0
7
14
26
35
38
40
34
22
9
-5
-15
-20
-19
-14
-10
-7
-12
-19
-31
-43
-48
-46
-33
-13
10
32
48
57
58
54
49
46
40
32
23
13
-2
-17
-30
-39
-47
-48
-45
-42
-35
-31
-27
-23
-18
-9
3
15
27
36
39
34
25
14
7
3
1
4
8
8
6
1
-1
-3
-1
0
-1
-4
-8
-15
-25
-31
-35
-36
-31
-24
-15
-8
-1
9
17
29
37
50
55
50
41
23
1
-21
-38
-47
-50
-48
-40
-36
-30
-29
-28
-22
-14
4
22
40
56
61
60
51
36
17
-2
-19
-34
-43
-47
-48
-46
-40
-34
-26
-22
-18
-12
-4
5
18
28
37
38
31
20
4
-11
-24
-31
-31
-28
-24
-18
-13
-12
-12
-13
-10
-5
0
10
21
35
50
56
58
52
40
27
17
12
10
13
18
20
15
7
-10
-29
-46
-59
-63
-55
-43
-29
-13
-2
5
15
21
28
36
42
49
57
57
53
40
22
1
-21
-39
-55
-70
-74
-75
-68
-54
-40
-26
-12
3
17
32
43
55
63
69
77
77
73
62
43
18
-4
-28
-48
-59
-65
-61
-54
-43
-31
-23
-18
-14
-11
-9
5
14
28
44
56
63
63
54
38
21
4
-8
-20
-31
-39
-49
-55
-60
-58
-51
-45
-31
-18
-8
-6
-4
-6
2
19
37
56
65
64
48
25
-1
-27
-45
-59
-62
-61
-52
-41
-34
-25
-16
-4
7
26
37
48
61
63
64
61
50
43
28
14
2
-14
-25
-40
-50
-58
-64
-63
-60
-53
-42
-28
-13
0
15
26
39
54
63
65
63
53
41
30
21
11
5
-2
-9
-8
-9
-7
-13
-21
-29
-36
-37
-39
-33
-24
-17
-9
3
7
7
8
11
25
40
58
68
68
67
53
36
17
-1
-19
-31
-40
-46
-50
-54
-59
-62
-60
-54
-38
-15
0
22
39
44
55
53
40
36
28
25
23
15
12
-3
-21
-33
-46
-51
-52
-50
-38
-29
-20
-13
-7
11
25
36
48
51
45
41
23
14
10
4
10
4
-1
-10
-38
-63
-84
-84
-71
-52
-22
-5
8
26
22
19
14
3
1
1
19
33
39
46
28
2
-10
-35
-54
-63
-82
-86
-85
-86
-68
-53
-29
0
23
51
67
85
95
88
97
90
76
66
43
11
-6
-18
-24
-21
-23
-25
-41
-38
-32
-32
-16
-14
3
28
51
82
85
82
79
51
35
25
1
-17
-35
-52
-60
-51
-39
-44
-41
-29
-31
-26
-5
-5
11
35
44
55
73
80
59
47
41
27
27
36
21
0
-12
-33
-42
-40
-32
-31
-34
-31
-31
-35
-21
-20
-17
10
28
54
82
100
104
87
70
47
16
-10
-41
-76
-82
-85
-88
-80
-72
-66
-46
-21
-10
-5
3
6
9
21
36
43
46
41
37
23
25
13
-17
-13
-22
-22
-19
-32
-41
-62
-79
-76
-74
-55
-46
-48
-21
9
37
57
44
30
17
11
28
33
33
38
8
-10
-5
-22
-19
-15
-25
-35
-43
-43
-61
-57
-40
-35
-12
15
16
12
16
9
7
11
0
-6
-2
-2
-2
-8
-17
-37
-41
-33
-21
9
28
37
33
41
47
18
41
57
44
63
69
41
23
17
-15
-25
9
24
10
17
22
5
11
26
4
1
-3
-11
0
0
-3
-38
-51
-49
-50
-28
-15
-2
4
12
30
27
20
18
-13
-17
11
10
7
9
-12
-25
-27
-21
-7
-18
-32
-51
-49
-33
-22
-11
-13
-2
12
17
38
41
23
35
13
13
43
27
6
13
1
-26
-5
-9
-32
-14
20
-2
18
62
16
8
32
14
22
63
51
19
41
36
11
31
13
-11
-38
-35
-44
-31
12
-19
-41
-63
-65
-83
-81
-31
-16
-10
-5
34
39
79
141
104
99
117
95
61
74
73
-6
-39
-49
-89
-105
-79
-83
-98
-43
-36
-38
-29
-21
-22
-31
8
19
30
24
10
10
-12
-15
-19
-35
-56
-42
-39
-79
-70
-71
-116
-127
-61
-21
-2
76
72
41
77
83
78
120
142
124
122
129
110
85
53
2
-16
-10
-37
-17
13
-29
-20
-7
-19
-4
16
10
-3
20
12
-21
-28
-35
-52
-45
-28
-20
-21
-19
-18
-6
11
13
16
13
-3
3
34
21
7
17
-9
-28
0
-7
-23
-15
0
-17
-15
18
-26
-42
-10
-30
-61
-19
-11
-42
2
3
-7
8
31
26
34
69
36
5
10
-13
-13
13
-7
-8
23
26
29
52
17
-23
-26
-10
-5
27
48
4
11
10
-1
1
8
-1
-20
20
34
14
11
-6
-62
-54
-24
-39
-33
-21
-63
-82
-72
-102
-97
-83
-82
-58
1
35
46
65
58
51
63
50
41
22
0
-5
-9
-17
-7
-24
-83
-82
-76
-81
-73
-82
-91
-92
-75
-54
-32
-5
4
-4
17
22
19
25
9
19
28
22
37
20
-1
3
0
-1
9
-2
-22
-36
-40
-11
-9
-5
4
-26
-11
30
52
59
62
42
35
77
77
56
48
36
19
40
86
25
4
11
-24
25
67
62
-4
-23
-12
0
65
69
51
36
29
52
83
81
35
1
-8
23
61
50
-18
-106
-127
-118
-93
-31
-56
-103
-99
-61
12
42
44
10
-20
20
69
89
73
16
-9
-7
19
50
6
-57
-93
-100
-79
-22
-8
-28
-59
-20
63
96
141
119
26
24
74
83
75
70
-41
-141
-105
-90
-96
-87
-130
-203
-167
-74
-34
9
15
-14
-16
84
160
182
173
91
51
71
88
63
12
-100
-153
-136
-124
-65
-77
-147
-154
-130
-57
9
-13
-43
-77
-32
43
77
129
78
19
38
41
73
86
9
-41
-42
-66
-41
-47
-80
-101
-117
-85
-64
-39
-42
-72
-17
21
19
62
28
19
59
99
144
125
120
81
30
56
88
34
16
9
-39
-39
-31
-45
-85
-68
-38
-42
17
40
2
0
27
65
99
135
112
47
32
35
55
54
35
6
-5
-20
4
46
0
3
-14
-21
14
47
53
14
20
33
4
13
30
3
-13
31
58
38
52
74
8
8
59
35
59
119
121
119
128
128
73
85
129
73
62
63
29
29
14
3
12
-39
-49
-74
-111
-79
-109
-148
-161
-141
-127
-125
-99
-119
-160
-196
-207
-193
-180
-194
-219
-204
-172
-156
-158
-165
-171
-174
-138
-88
-20
16
-17
-4
3
9
40
38
46
37
59
101
131
152
124
56
34
57
51
61
62
43
26
44
44
11
-6
-39
-52
-18
3
-9
-27
-37
5
30
82
108
50
59
94
106
137
141
90
62
45
66
94
104
100
45
51
77
46
40
44
19
53
76
87
93
52
16
-14
0
16
9
-34
-69
-87
-90
-80
-86
-85
-151
-190
-196
-204
-181
-146
-153
-169
-148
-165
-156
-100
-65
-62
-50
-35
-53
-41
-22
-28
-27
-6
-14
-5
25
37
38
54
100
131
140
138
113
81
86
104
107
72
36
1
-20
13
75
108
71
40
4
0
51
93
117
76
51
48
52
87
106
77
52
67
74
93
102
99
77
36
65
61
48
42
1
15
49
57
58
45
14
-17
-32
16
29
5
-5
-37
-12
-1
-11
4
-18
-37
-71
-84
-52
-85
-131
-153
-179
-171
-185
-200
-172
-174
-160
-146
-166
-122
-127
-144
-86
-101
-97
-76
-98
-87
-62
-57
-81
-96
-80
-68
-18
57
80
86
116
99
75
105
123
90
94
112
85
92
99
88
85
81
96
74
72
106
102
129
194
215
211
175
131
113
74
78
92
68
49
27
30
56
64
77
32
-26
-43
-48
-31
9
46
50
40
59
95
94
93
64
34
3
-6
12
-6
-12
-52
-88
-81
-65
-65
-78
-88
-107
-132
-142
-133
-160
-190
-198
-177
-148
-139
-119
-128
-147
-99
-75
-60
-41
-98
-117
-101
-80
-64
-66
-67
-128
-155
-107
-72
-47
-31
-77
-44
32
59
92
128
98
41
61
108
112
132
131
68
91
130
107
107
109
76
65
112
156
143
135
129
102
106
128
121
94
50
38
72
96
102
101
69
30
39
62
86
123
144
105
122
168
159
135
120
88
34
15
7
-40
-82
-111
-153
-157
-137
-170
-201
-196
-204
-195
-191
-182
-197
-255
-263
-264
-258
-241
-244
-256
-256
-254
-230
-218
-214
-221
-244
-203
-188
-161
-110
-119
-109
-60
-72
-52
7
6
10
44
80
77
108
155
94
125
188
161
187
217
217
214
235
244
232
238
222
171
172
193
169
188
201
188
220
201
199
218
211
197
179
207
185
183
199
166
161
155
139
136
171
162
154
167
152
144
128
109
59
36
4
-55
-54
-63
-94
-90
-78
-89
-85
-67
-82
-82
-51
-73
-102
-105
-143
-210
-255
-303
-374
-422
-485
-534
-567
-583
-583
-599
-544
-521
-503
-474
-458
-400
-377
-346
-303
-283
-269
-240
-202
-179
-172
-167
-175
-172
-103
-55
-20
34
44
66
113
180
272
330
385
449
460
476
519
527
517
542
537
521
537
537
533
524
511
493
461
450
439
422
421
409
376
352
299
277
276
246
253
253
224
202
173
137
112
73
52
5
-31
-46
-102
-107
-116
-140
-160
-191
-223
-253
-258
-242
-231
-236
-240
-282
-300
-304
-332
-335
-379
-441
-480
-530
-562
-586
-618
-622
-650
-667
-668
-671
-641
-615
-617
-613
-600
-629
-618
-600
-556
-521
-538
-522
-497
-454
-397
-358
-291
-208
-147
-44
62
170
310
380
442
576
656
703
783
840
886
922
972
978
971
1036
1052
1034
1097
1129
1041
998
980
902
833
774
670
526
410
319
212
126
75
-64
-184
-229
-270
-251
-285
-362
-362
-394
-393
-277
-202
-195
-200
-193
-160
-83
51
82
-3
7
-22
-61
10
10
-50
-129
-197
-228
-254
-271
-324
-406
-474
-537
-597
-644
-702
-745
-806
-857
-871
-900
-917
-942
-943
-930
-955
-949
-933
-967
-971
-940
-908
-837
-769
-732
-662
-575
-493
-298
-76
114
298
342
432
652
859
1063
1218
1239
1236
1247
1388
1550
1632
1660
1510
1330
1308
1299
1267
1242
1137
983
824
722
648
513
372
243
84
-35
-94
-197
-341
-439
-501
-569
-504
-490
-577
-532
-579
-519
-325
-218
-116
-65
-82
-38
95
301
427
436
471
387
370
517
549
559
532
379
293
248
245
226
121
-1
-168
-299
-404
-525
-645
-799
-927
-1027
-1112
-1200
-1276
-1342
-1405
-1406
-1342
-1307
-1291
-1252
-1252
-1204
-1100
-1009
-936
-839
-776
-698
-599
-483
-361
-301
-228
-145
-53
198
449
463
511
650
777
990
1199
1316
1278
1230
1271
1306
1433
1591
1512
1276
1214
1230
1167
1132
1116
934
681
567
467
333
253
182
-8
-151
-131
-232
-379
-452
-516
-591
-599
-556
-548
-522
-593
-506
-457
-415
-97
-32
-79
9
36
126
321
513
558
451
430
413
375
550
576
421
360
214
139
133
87
25
-151
-303
-392
-461
-503
-570
-655
-776
-880
-917
-954
-1042
-1089
-1108
-1141
-1089
-1051
-1088
-1114
-1120
-1080
-1021
-897
-818
-806
-771
-725
-607
-491
-377
-339
-343
-276
-154
105
368
466
440
506
664
848
1095
1236
1211
1146
1176
1275
1393
1576
1559
1351
1239
1244
1241
1208
1216
1107
893
770
714
634
537
443
271
103
31
-62
-218
-373
-431
-495
-557
-532
-584
-726
-775
-762
-528
-493
-512
-181
-282
-242
77
54
166
407
455
427
485
644
590
497
712
587
428
490
267
183
168
50
-6
-176
-311
-415
-564
-651
-717
-780
-929
-1050
-1074
-1158
-1205
-1170
-1231
-1293
-1218
-1224
-1276
-1235
-1176
-1150
-1101
-941
-870
-920
-846
-816
-770
-616
-509
-481
-416
-360
-243
-4
284
478
411
476
681
862
1174
1382
1396
1355
1341
1438
1620
1840
1905
1691
1530
1548
1570
1547
1531
1430
1167
955
850
746
630
511
304
54
-70
-134
-272
-434
-489
-584
-662
-658
-690
-798
-876
-838
-794
-589
-481
-545
-470
-434
-334
-55
101
136
234
244
225
351
573
610
519
543
471
430
525
469
356
286
114
-30
-81
-178
-336
-471
-625
-717
-743
-821
-972
-1112
-1217
-1282
-1238
-1219
-1265
-1319
-1366
-1376
-1266
-1126
-1059
-1040
-982
-938
-902
-753
-671
-670
-612
-605
-609
-555
-478
-397
-311
9
365
377
374
564
725
958
1308
1510
1458
1418
1514
1611
1816
2092
2071
1755
1617
1660
1589
1556
1641
1504
1181
1009
917
727
535
437
192
-142
-182
-236
-498
-664
-752
-932
-995
-935
-972
-1111
-1186
-1073
-991
-846
-648
-571
-514
-389
-190
7
129
324
504
504
591
727
731
737
789
805
756
731
670
496
406
385
260
123
-8
-159
-354
-489
-513
-592
-706
-849
-1017
-1121
-1205
-1260
-1289
-1378
-1415
-1455
-1537
-1516
-1465
-1434
-1375
-1338
-1281
-1213
-1179
-1060
-963
-889
-734
-662
-612
-542
-519
-460
-332
-75
328
520
419
517
739
999
1370
1681
1718
1623
1617
1714
1902
2209
2410
2177
1849
1819
1797
1689
1727
1668
1350
1034
889
771
549
397
269
-62
-259
-294
-522
-780
-911
-995
-1055
-1068
-1045
-1152
-1321
-1304
-1202
-959
-770
-584
-377
-486
-343
-37
125
362
617
620
522
670
863
915
986
1059
823
659
683
569
551
550
373
171
-22
-147
-229
-357
-478
-612
-785
-965
-1064
-1149
-1312
-1445
-1513
-1545
-1555
-1483
-1465
-1566
-1534
-1434
-1347
-1223
-1066
-1015
-1047
-933
-799
-708
-551
-408
-401
-410
-320
-190
-94
42
310
702
804
714
906
1074
1315
1718
1921
1912
1787
1749
1793
1873
2218
2377
2011
1729
1680
1552
1460
1542
1527
1223
900
732
460
229
198
59
-236
-435
-562
-864
-1133
-1189
-1222
-1261
-1254
-1215
-1355
-1547
-1376
-1327
-1113
-621
-667
-619
-516
-452
-106
202
359
483
518
530
565
759
1014
899
929
969
776
874
809
593
582
439
237
57
-75
-249
-504
-621
-737
-889
-952
-1090
-1265
-1328
-1417
-1499
-1438
-1420
-1431
-1383
-1416
-1421
-1321
-1191
-1094
-999
-889
-899
-861
-714
-654
-563
-384
-346
-381
-325
-255
-184
-60
113
441
778
720
606
820
1004
1334
1701
1763
1713
1523
1505
1623
1842
2197
2069
1597
1423
1394
1333
1396
1469
1325
903
581
454
246
168
161
-101
-415
-533
-700
-939
-1067
-1101
-1173
-1241
-1220
-1202
-1356
-1394
-1229
-1173
-805
-641
-694
-552
-559
-222
146
306
550
619
593
679
821
1087
1143
1081
1105
915
922
946
754
712
606
410
218
40
-64
-294
-458
-532
-678
-796
-964
-1127
-1245
-1283
-1264
-1317
-1302
-1301
-1364
-1386
-1351
-1257
-1163
-1087
-1012
-960
-928
-823
-700
-577
-460
-429
-394
-413
-339
-228
-179
-122
-107
13
215
597
715
540
712
901
1089
1428
1584
1547
1394
1373
1513
1681
1989
2008
1617
1379
1361
1345
1355
1409
1308
940
594
503
402
249
141
-105
-455
-637
-655
-792
-936
-976
-1107
-1198
-1233
-1209
-1276
-1335
-1212
-1148
-964
-642
-530
-560
-364
-153
164
480
613
663
729
825
932
1138
1299
1221
1042
991
952
959
942
769
593
389
177
97
45
-76
-244
-457
-637
-792
-864
-948
-1114
-1172
-1293
-1420
-1379
-1317
-1337
-1343
-1312
-1325
-1303
-1209
-1145
-1080
-993
-907
-845
-746
-695
-654
-602
-527
-410
-372
-296
-234
-246
21
478
686
533
578
754
924
1261
1570
1596
1426
1344
1381
1505
1917
2202
1889
1546
1504
1486
1427
1525
1561
1243
834
665
538
368
350
179
-200
-462
-567
-719
-949
-983
-1025
-1205
-1230
-1156
-1259
-1365
-1336
-1316
-1179
-1012
-637
-560
-748
-368
-120
117
601
782
671
672
828
988
1158
1440
1361
900
905
930
832
958
851
526
242
48
1
-75
-155
-346
-643
-823
-898
-932
-1019
-1115
-1212
-1347
-1386
-1330
-1258
-1354
-1402
-1304
-1329
-1256
-1099
-1028
-1077
-1058
-947
-875
-713
-602
-607
-671
-585
-496
-512
-376
-325
-285
-16
450
614
434
610
820
970
1389
1666
1644
1480
1446
1561
1712
2109
2279
1878
1591
1586
1508
1433
1570
1557
1197
807
663
528
340
323
144
-228
-452
-588
-824
-1039
-1047
-1121
-1253
-1299
-1241
-1357
-1552
-1450
-1319
-1184
-968
-767
-736
-642
-389
-145
125
520
748
726
733
871
995
1153
1361
1344
1236
1151
1034
953
924
874
702
463
309
205
50
-114
-296
-508
-686
-861
-967
-1077
-1202
-1276
-1414
-1479
-1368
-1313
-1332
-1325
-1312
-1264
-1200
-1120
-1014
-1016
-995
-969
-961
-852
-748
-729
-697
-664
-641
-575
-486
-379
-231
-10
395
663
495
607
847
1042
1415
1666
1683
1525
1396
1496
1631
1945
2262
1989
1591
1513
1465
1366
1433
1463
1142
655
419
288
75
5
-99
-441
-712
-763
-924
-1150
-1176
-1220
-1311
-1347
-1292
-1290
-1459
-1385
-1214
-1148
-1000
-802
-790
-696
-215
-65
98
460
609
784
1063
1215
1258
1360
1424
1341
1385
1533
1315
1046
1010
810
712
674
411
208
32
-114
-220
-311
-384
-593
-801
-968
-1057
-1050
-1154
-1268
-1332
-1344
-1346
-1256
-1170
-1191
-1211
-1180
-1105
-1033
-880
-834
-886
-886
-863
-803
-670
-543
-506
-549
-527
-514
-463
-180
215
551
458
420
646
884
1241
1598
1691
1573
1388
1365
1509
1786
2123
1990
1562
1410
1397
1285
1305
1345
1117
695
422
298
91
-54
-171
-436
-723
-778
-843
-1111
-1251
-1324
-1447
-1471
-1356
-1299
-1432
-1431
-1286
-1238
-1066
-719
-633
-565
-257
-104
93
415
736
961
1111
1229
1247
1315
1493
1525
1519
1529
1320
1088
947
903
880
720
464
227
41
-81
-171
-266
-408
-597
-761
-936
-989
-994
-1099
-1252
-1353
-1367
-1427
-1391
-1321
-1359
-1402
-1367
-1297
-1232
-1098
-1013
-1022
-1003
-910
-832
-752
-627
-539
-562
-543
-401
-371
-235
92
402
535
384
516
768
989
1387
1598
1541
1415
1328
1438
1695
2005
2092
1703
1379
1335
1325
1335
1379
1236
863
470
307
217
53
-83
-304
-626
-824
-853
-966
-1163
-1251
-1356
-1435
-1411
-1320
-1317
-1338
-1221
-1093
-926
-694
-439
-360
-195
139
312
658
877
979
1263
1354
1412
1598
1663
1649
1656
1595
1488
1322
1219
1074
911
910
666
341
198
-22
-177
-256
-372
-533
-776
-955
-1111
-1172
-1154
-1267
-1358
-1445
-1573
-1554
-1485
-1414
-1338
-1348
-1331
-1332
-1232
-1071
-1034
-935
-916
-952
-837
-704
-633
-521
-503
-450
-390
-333
-82
173
491
426
310
606
875
1156
1510
1570
1425
1272
1347
1545
1783
2037
1826
1392
1251
1342
1345
1337
1302
996
545
289
249
108
-72
-261
-556
-826
-900
-862
-973
-1099
-1111
-1220
-1273
-1183
-1085
-1076
-1028
-843
-718
-577
-324
-162
-77
147
323
562
790
993
1256
1369
1353
1455
1529
1559
1631
1600
1426
1215
1113
946
817
805
573
186
-33
-171
-315
-361
-412
-625
-873
-1024
-1143
-1214
-1190
-1274
-1466
-1580
-1564
-1541
-1495
-1405
-1384
-1401
-1369
-1309
-1216
-1104
-1062
-976
-959
-922
-797
-715
-633
-568
-514
-479
-436
-382
-242
-55
229
456
313
461
739
899
1212
1403
1406
1302
1280
1478
1631
1798
1872
1531
1239
1257
1320
1293
1295
1133
729
380
273
261
143
4
-210
-524
-759
-757
-783
-932
-949
-1033
-1153
-1135
-1048
-966
-942
-838
-677
-594
-387
-153
-9
132
273
496
726
988
1215
1282
1275
1295
1398
1519
1557
1523
1365
1121
964
880
814
707
482
161
-123
-283
-345
-453
-592
-739
-957
-1105
-1153
-1197
-1246
-1305
-1434
-1536
-1504
-1493
-1479
-1444
-1434
-1444
-1432
-1323
-1264
-1188
-1095
-1071
-1029
-956
-857
-759
-683
-589
-527
-528
-456
-382
-270
-37
261
476
370
459
730
922
1245
1459
1436
1311
1259
1415
1602
1828
1952
1653
1295
1241
1296
1293
1284
1172
836
433
304
267
145
64
-90
-383
-622
-660
-695
-849
-924
-971
-1097
-1105
-1003
-926
-891
-788
-647
-569
-415
-197
-120
-59
352
555
676
971
1022
1127
1312
1385
1392
1434
1482
1367
1276
1320
1163
920
823
632
514
387
98
-129
-330
-482
-604
-710
-817
-997
-1126
-1233
-1263
-1177
-1236
-1348
-1392
-1452
-1436
-1316
-1208
-1226
-1258
-1216
-1196
-1120
-968
-925
-970
-938
-883
-789
-619
-510
-504
-541
-456
-415
-301
-31
216
481
387
435
715
901
1207
1399
1367
1302
1230
1356
1539
1720
1831
1590
1258
1189
1254
1231
1230
1108
778
406
214
202
125
29
-124
-408
-674
-735
-726
-817
-826
-875
-982
-991
-932
-829
-800
-743
-523
-405
-263
-23
114
188
377
531
701
908
1061
1235
1249
1239
1285
1283
1313
1302
1186
1023
809
684
573
462
411
195
-117
-277
-381
-502
-557
-682
-880
-1092
-1215
-1277
-1312
-1238
-1314
-1458
-1488
-1508
-1462
-1380
-1322
-1340
-1331
-1279
-1233
-1067
-930
-877
-855
-820
-789
-705
-576
-539
-484
-471
-423
-337
-119
136
333
536
476
593
867
1047
1321
1476
1466
1416
1366
1518
1678
1798
1842
1581
1314
1228
1204
1107
1034
881
597
297
140
108
2
-88
-239
-470
-633
-693
-729
-820
-824
-838
-861
-838
-779
-673
-658
-552
-362
-259
-115
11
54
140
299
549
762
825
927
976
921
1007
1097
1055
1036
967
842
702
607
526
315
166
80
-111
-266
-371
-543
-684
-775
-855
-967
-1090
-1206
-1305
-1335
-1283
-1261
-1302
-1333
-1380
-1354
-1234
-1140
-1044
-1050
-1118
-1056
-966
-865
-772
-718
-737
-733
-624
-519
-415
-266
-215
-207
-125
119
316
591
790
742
855
1034
1204
1366
1435
1447
1357
1307
1416
1497
1558
1536
1314
1079
1020
969
868
795
631
390
135
-21
-82
-156
-220
-340
-487
-608
-648
-672
-712
-653
-602
-564
-525
-443
-378
-365
-226
-66
29
155
291
302
352
572
714
856
1011
954
871
849
876
919
940
909
745
556
451
377
331
302
149
-52
-214
-377
-444
-502
-587
-676
-823
-940
-1042
-1084
-1108
-1127
-1135
-1169
-1208
-1209
-1202
-1223
-1153
-1068
-1021
-926
-837
-855
-823
-774
-740
-599
-501
-453
-418
-416
-337
-239
-135
-14
83
246
403
621
733
807
956
1043
1162
1265
1306
1312
1227
1211
1215
1209
1245
1138
933
758
617
509
437
393
314
121
-58
-146
-223
-230
-254
-353
-456
-541
-571
-563
-525
-447
-419
-449
-419
-364
-305
-152
-70
39
199
203
304
382
466
631
664
732
733
693
719
636
595
607
483
408
365
289
262
138
8
-96
-217
-258
-377
-490
-576
-742
-821
-892
-902
-911
-1004
-1118
-1219
-1204
-1147
-1073
-1026
-1034
-1092
-1106
-1037
-884
-779
-753
-734
-782
-738
-580
-500
-379
-309
-323
-264
-199
-25
123
231
417
522
669
885
941
1021
1149
1209
1287
1355
1362
1296
1215
1167
1124
1043
1016
918
737
634
540
421
321
252
129
2
-120
-205
-264
-320
-317
-355
-424
-425
-452
-500
-466
-440
-380
-307
-243
-123
-62
-6
95
184
295
409
421
477
508
538
635
625
619
577
455
390
354
348
321
247
200
95
4
-38
-135
-223
-301
-402
-522
-631
-728
-834
-911
-957
-996
-1031
-1029
-1058
-1067
-1051
-998
-920
-909
-854
-818
-792
-699
-642
-546
-469
-481
-439
-399
-342
-263
-190
-124
-65
23
98
207
325
453
546
648
850
920
968
1066
1117
1178
1220
1222
1162
1073
1032
978
872
810
718
517
373
308
188
72
-12
-99
-207
-245
-226
-268
-298
-300
-298
-309
-271
-209
-242
-228
-144
-95
6
60
51
73
94
156
223
282
346
374
360
360
384
433
436
403
413
385
357
342
283
204
146
93
37
8
-40
-162
-305
-432
-543
-625
-669
-725
-843
-930
-1015
-1075
-1013
-955
-924
-903
-908
-890
-848
-755
-651
-597
-569
-528
-537
-509
-416
-374
-330
-295
-263
-232
-203
-101
-37
45
141
195
288
423
562
680
825
920
987
1060
1089
1119
1105
1079
1017
936
915
841
760
684
577
464
349
289
185
98
40
-64
-122
-155
-156
-157
-146
-132
-157
-162
-152
-125
-86
-63
-26
18
67
87
112
103
59
51
62
65
93
140
116
105
125
131
159
180
173
140
104
87
40
-9
-65
-148
-231
-302
-364
-436
-519
-614
-705
-783
-856
-894
-922
-931
-954
-970
-967
-947
-904
-868
-779
-733
-696
-636
-614
-545
-455
-362
-317
-269
-204
-199
-147
-76
-35
5
57
96
146
253
354
437
539
656
749
829
930
981
1026
1089
1095
1110
1097
1066
1000
929
882
796
728
656
554
440
359
307
255
249
224
169
119
66
45
24
13
4
-34
-68
-93
-114
-150
-173
-186
-212
-211
-206
-213
-208
-193
-167
-131
-117
-91
-87
-90
-60
-59
-26
3
-14
-26
-71
-135
-189
-250
-289
-313
-364
-421
-507
-586
-621
-638
-606
-594
-646
-686
-737
-748
-705
-655
-609
-615
-631
-649
-640
-578
-489
-447
-436
-401
-379
-328
-226
-140
-48
23
60
115
170
278
378
439
520
583
606
680
743
799
893
934
963
977
994
1000
980
998
975
932
897
841
786
733
693
629
546
483
384
300
257
195
144
107
56
-3
-44
-70
-93
-123
-137
-163
-193
-185
-192
-206
-216
-240
-258
-257
-255
-247
-235
-247
-247
-223
-199
-187
-174
-184
-221
-231
-236
-254
-286
-322
-357
-421
-435
-450
-484
-503
-544
-546
-557
-554
-535
-568
-573
-546
-534
-527
-520
-552
-585
-566
-528
-495
-448
-415
-421
-408
-344
-274
-218
-136
-104
-81
-13
49
107
226
315
380
451
494
545
574
639
693
721
765
766
753
770
788
793
790
788
747
717
712
698
687
663
627
567
508
472
427
389
356
304
239
171
96
23
-26
-75
-115
-157
-219
-274
-323
-354
-382
-402
-425
-437
-440
-441
-431
-428
-411
-401
-405
-384
-365
-352
-344
-354
-361
-376
-402
-414
-439
-453
-447
-464
-466
-477
-486
-496
-504
-485
-467
-469
-463
-453
-459
-428
-399
-399
-397
-411
-411
-382
-338
-297
-283
-282
-241
-202
-127
-40
18
54
81
126
183
265
320
368
382
403
450
505
561
595
622
633
646
691
730
749
759
778
780
792
817
808
786
769
740
714
687
646
589
519
477
428
379
337
269
205
154
103
68
18
-31
-81
-136
-157
-168
-188
-213
-256
-292
-314
-329
-331
-361
-391
-420
-451
-455
-446
-439
-441
-452
-452
-444
-443
-437
-455
-474
-480
-474
-463
-463
-464
-480
-496
-492
-483
-468
-457
-461
-462
-445
-421
-381
-352
-344
-317
-291
-275
-235
-196
-166
-125
-88
-54
-22
18
53
82
135
178
205
246
295
325
361
388
396
430
474
519
543
569
572
564
598
627
652
668
662
633
609
604
583
563
552
520
486
459
433
408
376
344
312
290
265
237
203
167
134
110
84
46
14
-24
-63
-87
-109
-143
-189
-227
-275
-308
-322
-351
-377
-411
-427
-428
-431
-412
-399
-394
-377
-368
-351
-342
-344
-343
-350
-349
-336
-335
-343
-348
-363
-365
-360
-353
-344
-343
-335
-320
-298
-260
-238
-226
-220
-211
-179
-147
-117
-95
-75
-59
-33
21
76
116
147
164
176
214
267
297
312
322
325
338
368
392
386
385
380
384
407
430
438
430
429
433
455
464
460
435
407
386
365
350
328
293
265
235
211
187
152
108
78
79
79
80
63
27
-8
-25
-25
-32
-57
-109
-164
-203
-218
-241
-274
-324
-379
-411
-419
-418
-422
-455
-480
-484
-471
-444
-437
-438
-445
-441
-421
-404
-397
-397
-405
-398
-371
-351
-346
-349
-357
-337
-301
-264
-247
-249
-239
-217
-174
-127
-107
-108
-100
-83
-46
0
31
46
55
88
139
187
209
200
201
220
259
291
293
272
242
243
271
294
302
277
246
253
288
328
344
333
313
311
344
371
364
325
286
269
284
307
300
259
208
178
185
200
198
162
114
88
88
101
100
72
36
12
1
-7
-25
-61
-112
-145
-158
-174
-204
-264
-317
-352
-360
-361
-389
-424
-461
-477
-459
-432
-418
-421
-427
-413
-373
-322
-292
-283
-282
-262
-224
-183
-156
-154
-152
-135
-98
-58
-33
-21
-19
-1
44
91
121
135
137
161
200
233
256
260
255
260
282
307
317
308
301
309
337
361
361
352
339
351
376
401
404
375
339
319
324
325
310
270
223
200
198
202
198
174
139
125
137
150
143
122
104
94
105
116
102
81
51
33
42
49
35
-8
-52
-72
-85
-81
-93
-141
-197
-242
-261
-263
-279
-316
-366
-400
-413
-410
-408
-425
-450
-466
-459
-440
-416
-407
-411
-399
-379
-352
-329
-310
-302
-290
-261
-226
-191
-164
-148
-127
-88
-52
-18
18
39
67
106
149
177
193
206
212
228
254
272
276
274
261
251
257
265
255
245
241
240
245
248
242
229
218
214
214
212
200
182
166
152
143
135
118
96
76
66
53
41
30
11
-4
-15
-24
-34
-37
-50
-64
-74
-84
-91
-102
-109
-113
-119
-125
-130
-134
-130
-128
-123
-122
-124
-126
-133
-137
-140
-149
-166
-187
-205
-225
-238
-250
-262
-277
-290
-297
-300
-291
-286
-285
-279
-276
-270
-252
-235
-217
-205
-194
-182
-162
-131
-106
-82
-56
-31
-6
31
70
104
133
151
164
173
188
208
218
224
228
226
228
232
239
244
251
262
267
276
287
295
305
314
324
331
330
314
299
281
265
249
229
208
182
157
129
107
92
71
49
26
4
-13
-34
-46
-53
-63
-72
-80
-88
-89
-85
-83
-77
-72
-72
-68
-64
-59
-60
-65
-71
-83
-91
-105
-117
-129
-150
-159
-165
-168
-175
-182
-185
-192
-192
-193
-192
-191
-198
-204
-205
-198
-196
-201
-207
-215
-219
-218
-215
-206
-201
-188
-176
-158
-132
-110
-88
-64
-34
-7
24
55
80
105
133
161
182
198
210
224
239
253
266
277
281
284
289
297
305
306
301
294
288
284
277
270
258
244
228
213
197
179
164
148
130
117
99
82
63
43
27
5
-12
-34
-49
-58
-68
-71
-81
-88
-96
-107
-114
-117
-125
-134
-142
-144
-141
-143
-144
-144
-147
-146
-142
-137
-129
-119
-110
-101
-87
-74
-70
-68
-72
-78
-81
-87
-95
-109
-126
-145
-157
-167
-171
-175
-177
-172
-169
-156
-148
-132
-111
-90
-61
-37
-20
0
19
39
58
71
81
85
96
113
124
143
151
157
165
177
188
196
199
200
197
202
209
207
203
195
193
194
196
193
186
176
165
163
161
157
134
109
82
63
48
29
3
-34
-64
-85
-96
-105
-121
-140
-153
-157
-154
-149
-152
-157
-160
-154
-147
-140
-142
-154
-160
-157
-146
-136
-131
-131
-131
-126
-118
-109
-104
-102
-102
-95
-90
-87
-86
-92
-96
-97
-95
-98
-107
-116
-123
-120
-116
-107
-103
-102
-93
-85
-71
-58
-52
-51
-47
-36
-25
-15
-11
-11
-6
8
23
39
52
61
70
90
115
138
153
158
165
173
183
189
190
185
175
173
171
168
165
156
148
143
144
145
143
140
136
131
124
118
105
90
77
66
60
51
43
31
23
21
19
18
19
15
12
10
7
3
-6
-16
-30
-39
-54
-67
-85
-101
-112
-121
-126
-132
-136
-137
-133
-126
-118
-111
-105
-103
-96
-88
-83
-80
-83
-90
-95
-97
-101
-105
-111
-115
-123
-127
-127
-128
-129
-127
-123
-117
-113
-110
-103
-100
-92
-83
-71
-61
-52
-45
-36
-23
-8
2
9
12
17
24
31
39
44
48
55
66
75
90
101
115
128
141
159
174
188
202
210
219
225
228
228
224
217
210
199
189
178
166
155
142
131
123
112
103
96
91
89
86
84
79
72
65
57
50
41
36
28
18
6
-4
-17
-26
-35
-44
-49
-55
-56
-59
-60
-62
-64
-68
-68
-65
-63
-64
-66
-68
-69
-71
-73
-76
-83
-88
-97
-104
-113
-123
-133
-141
-148
-154
-153
-150
-144
-138
-126
-110
-93
-74
-58
-46
-34
-23
-14
-6
-1
-4
-7
-12
-14
-15
-18
-20
-20
-14
-3
15
32
51
74
96
122
148
171
189
197
201
198
194
187
174
159
142
126
109
95
84
74
67
64
68
73
81
84
83
83
84
84
81
70
55
39
23
7
-10
-31
-53
-72
-91
-105
-119
-131
-144
-154
-158
-158
-159
-159
-159
-160
-158
-153
-146
-137
-131
-125
-118
-113
-109
-108
-109
-111
-115
-118
-125
-132
-140
-150
-158
-162
-162
-161
-157
-151
-142
-128
-112
-94
-78
-63
-48
-35
-24
-16
-11
-9
-6
-7
-9
-12
-16
-21
-24
-21
-17
-10
1
10
22
38
57
76
94
110
124
137
148
156
161
164
167
167
166
168
167
166
165
163
164
164
162
159
158
158
158
154
146
135
125
117
104
94
80
66
53
40
28
14
0
-14
-28
-38
-50
-63
-74
-88
-98
-105
-111
-118
-125
-129
-132
-133
-130
-130
-127
-128
-128
-126
-125
-126
-126
-125
-127
-127
-125
-125
-125
-125
-118
-109
-99
-86
-74
-60
-48
-33
-18
-5
5
13
19
25
31
32
32
30
27
24
23
23
24
25
30
38
44
54
63
71
81
93
104
114
119
121
122
124
127
129
126
124
119
112
108
103
98
94
90
90
93
96
99
101
104
106
108
111
113
113
111
106
101
93
82
70
53
37
22
8
-8
-23
-39
-53
-66
-76
-83
-89
-94
-97
-99
-99
-97
-97
-96
-95
-93
-93
-94
-94
-95
-97
-98
-99
-100
-103
-105
-107
-109
-109
-104
-101
-96
-88
-79
-70
-61
-50
-42
-29
-18
-8
1
11
19
25
32
34
34
35
33
31
30
28
26
22
20
19
17
17
16
19
21
23
29
32
38
45
46
49
53
54
52
51
49
46
43
40
35
30
29
27
27
28
29
30
33
37
41
45
49
50
54
55
56
55
50
44
37
30
24
16
8
-2
-11
-20
-28
-37
-46
-52
-59
-61
-63
-65
-67
-68
-69
-72
-73
-73
-77
-78
-82
-84
-88
-90
-92
-95
-95
-95
-96
-94
-93
-90
-87
-83
-75
-68
-59
-50
-40
-30
-24
-15
-8
-2
4
10
12
15
16
16
15
12
10
7
7
7
7
9
10
11
11
12
16
18
19
22
21
21
22
20
18
17
15
12
7
5
4
3
4
3
2
4
7
9
13
17
19
24
30
34
38
44
48
50
54
55
57
56
54
52
51
48
43
38
33
28
22
19
15
11
9
8
6
5
5
1
0
-1
-3
-4
-4
-7
-11
-12
-17
-21
-25
-28
-29
-32
-33
-34
-36
-36
-35
-33
-32
-27
-22
-17
-11
-6
-1
4
7
12
15
19
24
27
29
30
28
23
21
19
17
15
15
12
10
8
7
6
7
8
8
10
13
13
16
16
12
11
9
9
5
2
0
-6
-11
-15
-17
-17
-18
-18
-16
-14
-10
-8
-3
-1
3
6
9
13
16
19
22
22
21
20
19
17
15
12
10
9
9
9
9
8
8
8
8
8
8
10
10
11
10
10
8
8
7
5
4
-1
-2
-3
-6
-7
-7
-7
-8
-8
-7
-7
-10
-9
-10
-11
-12
-13
-14
-13
-15
-15
-17
-17
-17
-17
-17
-17
-18
-17
-17
-19
-19
-21
-21
-21
-22
-22
-22
-24
-25
-24
-22
-22
-20
-19
-19
-18
-17
-16
-14
-13
-14
-13
-11
-10
-9
-8
-7
-4
-1
2
3
6
6
9
11
14
18
19
23
24
26
28
29
31
33
34
35
35
38
37
40
43
43
43
44
43
42
41
39
35
31
28
23
20
18
15
12
10
6
2
0
-3
-5
-7
-8
-12
-16
-20
-24
-25
-27
-29
-30
-32
-34
-36
-35
-35
-35
-32
-32
-31
-31
-30
-28
-27
-25
-25
-25
-24
-24
-22
-22
-20
-20
-19
-19
-17
-17
-19
-18
-18
-18
-18
-18
-18
-19
-20
-21
-19
-19
-20
-18
-20
-19
-20
-18
-18
-16
-14
-13
-11
-9
-6
-4
-1
5
9
13
21
25
31
34
39
43
48
52
55
59
62
66
68
70
70
69
68
67
68
66
63
61
56
52
49
44
38
32
25
20
15
9
4
-1
-6
-11
-17
-23
-28
-30
-35
-38
-41
-42
-43
-43
-43
-43
-43
-42
-40
-39
-36
-32
-28
-24
-20
-16
-13
-8
-3
0
3
8
12
14
15
16
17
17
16
15
12
10
6
4
0
-4
-8
-14
-18
-23
-29
-34
-41
-47
-49
-55
-59
-63
-65
-67
-70
-71
-71
-72
-72
-71
-69
-65
-61
-55
-49
-42
-35
-28
-19
-10
-2
7
16
24
32
40
48
56
63
71
78
85
90
94
97
99
101
101
104
102
102
101
98
93
87
80
72
66
59
50
43
36
28
19
14
6
0
-5
-10
-14
-18
-20
-22
-23
-24
-26
-27
-27
-29
-30
-31
-31
-33
-33
-33
-34
-35
-33
-30
-29
-26
-25
-23
-21
-20
-18
-19
-18
-16
-17
-17
-18
-22
-25
-28
-31
-36
-40
-45
-49
-54
-57
-62
-65
-68
-70
-71
-70
-70
-68
-67
-65
-61
-57
-52
-48
-42
-36
-31
-26
-20
-14
-7
-1
6
14
19
27
35
43
50
55
62
68
74
78
81
87
89
92
93
94
94
93
91
87
81
79
75
71
66
61
55
48
43
34
28
20
13
8
1
-4
-8
-12
-16
-19
-24
-26
-29
-33
-35
-37
-40
-42
-43
-44
-45
-47
-48
-47
-47
-46
-44
-42
-42
-42
-38
-37
-36
-36
-33
-33
-31
-29
-28
-30
-29
-31
-33
-33
-34
-34
-34
-34
-35
-34
-34
-33
-31
-27
-27
-25
-23
-21
-17
-15
-12
-9
-5
-1
1
6
9
14
18
22
26
31
34
39
44
46
50
53
55
57
58
61
62
63
66
66
67
69
67
65
63
62
60
57
54
52
47
43
40
35
31
26
23
18
14
13
8
4
0
-3
-7
-10
-13
-17
-19
-22
-25
-28
-31
-34
-36
-37
-38
-39
-40
-42
-43
-43
-45
-45
-45
-44
-45
-46
-44
-45
-44
-43
-44
-42
-42
-42
-40
-39
-36
-35
-33
-31
-31
-27
-26
-23
-20
-17
-14
-11
-9
-4
-3
-1
2
4
7
9
14
18
21
26
29
31
34
36
39
41
43
44
45
46
46
46
46
46
45
46
47
47
48
48
48
48
47
47
46
44
43
39
37
34
28
25
21
17
15
10
7
4
1
-3
-6
-7
-10
-12
-16
-18
-21
-25
-27
-30
-34
-36
-39
-42
-43
-45
-47
-49
-51
-54
-54
-56
-55
-55
-56
-55
-54
-53
-55
-54
-54
-52
-50
-48
-45
-42
-38
-37
-34
-30
-28
-26
-23
-21
-18
-18
-15
-12
-11
-7
-6
-1
3
6
12
15
20
24
27
30
33
36
39
41
41
43
44
45
46
46
50
51
51
52
52
52
51
53
52
52
53
53
53
51
51
49
46
45
41
36
34
30
27
24
20
17
13
10
5
2
-1
-5
-8
-12
-14
-16
-20
-21
-24
-26
-27
-31
-34
-36
-38
-40
-42
-42
-43
-45
-46
-48
-47
-48
-48
-48
-48
-47
-46
-46
-45
-43
-42
-38
-36
-31
-30
-29
-26
-25
-22
-20
-17
-14
-12
-8
-6
-5
-3
-2
0
3
7
9
12
15
17
20
23
25
28
28
30
32
32
33
33
33
34
33
34
34
33
33
34
32
32
30
29
28
27
26
25
24
24
24
22
21
19
17
16
14
13
11
10
7
5
3
0
-2
-5
-8
-11
-13
-15
-17
-17
-19
-21
-23
-26
-27
-27
-28
-29
-28
-30
-30
-31
-32
-33
-34
-35
-35
-35
-34
-34
-34
-32
-30
-27
-23
-20
-18
-16
-13
-12
-10
-8
-6
-4
-3
-1
0
3
3
6
8
10
12
14
18
21
23
25
27
28
31
32
33
34
34
36
36
37
37
36
35
36
34
31
31
30
29
28
27
26
25
24
21
19
18
16
14
12
11
8
5
4
0
0
-2
-4
-5
-7
-9
-12
-15
-17
-20
-23
-24
-27
-29
-30
-31
-33
-34
-34
-35
-35
-34
-33
-34
-35
-33
-34
-35
-36
-34
-34
-34
-33
-33
-33
-32
-31
-29
-29
-27
-25
-22
-19
-16
-13
-9
-6
-3
0
3
8
9
12
13
16
18
19
21
21
23
25
26
28
29
30
33
34
35
34
35
36
35
36
36
36
36
36
34
34
32
30
30
26
26
24
20
20
17
15
13
10
9
6
4
1
-1
-3
-6
-6
-9
-10
-11
-13
-15
-16
-19
-21
-23
-24
-27
-28
-28
-29
-29
-30
-31
-31
-31
-31
-31
-31
-31
-29
-28
-27
-27
-26
-26
-25
-25
-25
-23
-23
-22
-20
-17
-17
-15
-13
-12
-9
-6
-4
0
0
4
5
8
8
9
11
13
15
18
19
22
23
25
27
27
30
30
32
33
34
35
35
36
36
37
36
36
35
35
35
34
32
30
28
27
25
22
20
18
16
12
10
7
5
2
-2
-5
-7
-9
-10
-14
-15
-16
-19
-21
-22
-24
-25
-28
-29
-30
-32
-33
-35
-37
-36
-35
-38
-37
-37
-38
-37
-36
-35
-32
-30
-29
-27
-26
-25
-24
-24
-23
-22
-19
-18
-16
-14
-11
-10
-7
-4
-3
-1
1
4
6
7
10
10
12
15
16
18
20
22
25
29
31
33
32
35
36
36
37
36
37
36
36
36
34
34
33
33
32
30
30
29
29
28
27
27
26
24
21
18
16
13
11
7
4
2
-1
-4
-7
-10
-14
-16
-18
-20
-21
-23
-24
-26
-27
-27
-29
-30
-32
-34
-36
-36
-38
-38
-38
-39
-37
-37
-37
-37
-36
-33
-33
-31
-31
-29
-25
-24
-21
-17
-16
-11
-9
-6
-3
-1
0
3
4
6
8
9
13
16
19
21
22
24
25
26
28
30
32
35
37
38
39
40
39
37
38
36
36
36
36
36
35
33
32
30
27
26
23
22
21
19
18
17
15
12
10
6
1
-1
-4
-7
-10
-10
-13
-16
-19
-22
-25
-28
-30
-31
-34
-34
-36
-37
-39
-40
-41
-42
-42
-42
-43
-43
-43
-43
-42
-43
-43
-43
-39
-38
-37
-35
-33
-31
-30
-28
-26
-23
-21
-18
-16
-13
-10
-7
-4
0
2
3
6
9
10
12
13
16
20
23
24
27
28
32
32
35
36
37
38
39
39
40
41
41
41
41
41
40
41
38
36
35
33
33
32
30
28
28
26
24
24
22
20
19
17
16
14
12
11
8
6
3
1
-3
-7
-8
-10
-12
-14
-17
-18
-19
-21
-22
-22
-24
-25
-26
-27
-27
-29
-30
-30
-31
-30
-31
-32
-32
-31
-33
-32
-32
-32
-31
-29
-29
-28
-28
-27
-24
-24
-20
-19
-16
-13
-11
-9
-7
-4
-3
0
2
3
4
6
7
9
10
11
13
12
14
15
17
17
19
19
21
22
24
24
26
26
27
28
29
28
28
28
26
27
26
25
24
22
20
20
18
16
15
14
14
13
14
14
12
13
13
12
12
10
10
9
5
4
1
0
-2
-3
-4
-5
-8
-8
-10
-11
-13
-13
-14
-14
-16
-16
-16
-17
-17
-16
-15
-15
-15
-15
-16
-17
-19
-19
-19
-18
-17
-16
-17
-17
-16
-15
-15
-15
-14
-12
-12
-10
-8
-6
-3
-2
1
3
4
4
6
6
7
6
6
8
7
8
8
8
8
7
7
6
7
7
7
8
7
8
9
8
9
8
7
7
6
5
5
4
5
4
4
3
2
2
0
-1
-1
-3
-3
-4
-2
-3
-4
-4
-3
-4
-4
-4
-4
-5
-4
-4
-5
-4
-3
-2
-3
-4
-5
-5
-7
-6
-6
-5
-5
-4
-5
-6
-6
-6
-5
-6
-5
-6
-6
-6
-7
-7
-8
-8
-7
-8
-7
-7
-7
-7
-5
-4
-4
-2
-1
0
0
-1
-1
-2
-3
-3
-2
-2
-2
-1
0
0
1
3
5
5
6
7
9
10
11
10
11
9
9
9
9
8
6
6
4
3
2
2
3
1
2
2
2
1
1
0
0
-1
-2
-2
-2
-3
-2
-3
-3
-3
-4
-4
-5
-4
-5
-3
-4
-4
-3
-1
-3
-1
-2
-2
-1
-2
-2
-2
-2
-2
-2
-2
-1
-1
-2
-1
-2
-1
-2
-1
0
-1
-3
-4
-3
-5
-4
-5
-6
-4
-4
-3
-2
-1
-1
0
0
2
1
1
1
1
0
-1
1
2
3
4
4
5
5
5
5
6
8
7
7
7
8
9
8
7
8
9
8
8
7
4
4
4
3
3
3
3
4
4
4
4
4
6
4
3
2
0
-1
-2
-2
-2
-2
-3
-3
-2
-4
-4
-5
-4
-4
-4
-3
-2
-3
-3
-2
-2
-1
-1
0
0
-1
-2
-1
-1
-1
-1
-1
0
-1
0
-2
-2
-3
-2
-3
-4
-2
-2
-2
-1
-1
-2
-2
-2
-2
-2
-1
-2
-2
0
-2
-1
-1
-1
-1
-2
-1
-1
-2
-1
0
1
1
2
1
3
4
3
4
5
5
4
4
5
4
5
4
3
3
2
3
3
4
3
6
5
4
5
5
5
3
2
3
1
1
0
0
0
0
0
1
1
1
1
-1
-2
-2
-3
-4
-4
-6
-5
-5
-4
-4
-4
-6
-5
-4
-4
-4
-2
-3
-3
-3
-3
-4
-5
-4
-6
-7
-8
-7
-8
-7
-7
-7
-5
-5
-4
-3
-3
-2
-2
-2
-2
-3
-3
-2
-3
-3
-4
-3
-3
-2
-4
-4
-1
-2
-2
-2
-3
-3
-1
-2
-2
-2
-3
-2
-2
-2
-2
-1
-1
-1
0
1
2
1
2
1
2
3
3
3
3
3
4
4
3
3
3
4
3
3
3
2
2
2
0
1
1
0
0
-1
-1
-1
-1
-2
-2
-1
-2
-1
-3
-3
-1
0
-1
0
-1
1
-1
-1
-1
0
-1
0
-1
-1
-1
-2
-2
-1
1
0
1
2
3
3
4
5
4
4
3
4
3
4
2
3
1
1
2
1
2
3
3
4
5
4
4
4
4
6
5
7
7
6
5
5
5
4
4
3
3
3
2
3
3
3
3
4
3
2
4
3
3
2
2
2
0
2
1
0
1
1
2
2
1
2
2
3
2
0
-1
-3
-2
-3
-4
-3
-5
-4
-5
-4
-4
-3
-2
-2
-1
1
0
-1
-2
-4
-2
-4
-3
-7
-6
-7
-7
-6
-5
-6
-5
-5
-3
-3
-2
0
0
1
1
0
1
0
0
-2
-1
-1
0
1
1
2
4
3
3
3
3
2
2
3
0
0
0
0
0
0
1
1
1
1
2
2
3
4
3
3
2
1
2
-1
-1
-1
-2
-1
-1
0
1
2
3
4
5
4
3
3
4
2
2
1
0
-2
-3
-3
-4
-5
-5
-4
-3
-3
-2
-1
-1
-1
-2
-2
-2
-3
-3
-3
-4
-4
-4
-5
-4
-4
-4
-4
-3
-4
-2
-4
-4
-4
-4
-5
-5
-5
-4
-4
-4
-4
-4
-4
-3
-4
-3
-2
-1
0
-1
0
0
1
1
1
0
-1
-2
-1
-3
-4
-4
-3
-3
-2
0
1
2
2
2
1
2
4
3
4
3
1
1
0
-1
-1
-2
-2
-2
-2
-2
-1
-1
-1
1
1
1
1
2
3
2
2
3
2
2
1
1
2
2
1
2
1
2
2
1
3
2
3
2
2
2
3
3
4
3
3
4
3
3
3
3
3
1
-1
1
1
1
2
2
3
2
1
1
3
2
2
2
3
4
2
2
3
2
3
3
4
4
4
4
3
3
4
3
3
2
2
3
4
2
3
3
2
4
3
4
4
4
4
3
3
2
3
3
1
2
2
2
2
1
1
1
1
0
2
3
3
4
2
2
2
1
0
0
-2
-2
-2
-3
-2
-2
-2
-2
-2
-3
-1
-1
-2
-2
-1
-2
-1
0
0
0
-1
-1
-2
-2
-2
-2
-2
-3
-2
-3
-4
-5
-4
-6
-5
-4
-4
-5
-5
-4
-4
-5
-4
-4
-3
-2
-2
-2
-3
-2
-3
-2
-2
-2
-3
-2
-3
-3
-4
-4
-4
-4
-3
-2
-2
-2
-2
-2
-1
-1
0
1
1
2
2
1
2
1
1
0
1
1
0
0
1
-1
-1
0
-1
2
2
2
2
2
0
1
1
0
1
1
0
0
1
0
-1
0
0
0
0
-1
-1
0
-1
-1
-1
0
1
1
1
0
1
1
1
0
1
1
0
1
1
2
1
0
1
0
1
1
1
2
3
2
0
0
-1
-1
0
0
1
1
0
1
1
1
0
0
0
0
0
-1
1
1
2
0
1
2
2
1
3
2
2
0
2
2
1
1
0
-1
0
-1
-2
-2
-2
-2
0
-1
-1
-1
-1
0
-1
0
-1
-1
-1
-1
-2
-3
-3
-3
-3
-2
-3
-3
-3
-3
-4
-4
-3
-5
-3
-3
-3
-3
-3
-1
-1
0
0
0
0
2
1
-1
0
-2
-1
-2
-2
-2
-3
-3
-4
-4
-4
-3
-2
-2
-1
0
2
1
1
3
2
1
3
1
0
0
0
1
-1
0
-2
-2
0
0
0
0
0
1
1
2
2
3
2
2
2
2
1
2
1
1
2
3
2
3
2
1
0
0
1
0
0
0
-1
0
0
0
0
1
1
1
1
2
2
2
2
1
2
0
0
0
-1
-2
-1
-2
0
-1
-1
-2
0
0
0
1
1
1
1
1
0
2
2
2
2
2
1
2
1
-1
-1
-1
-1
-2
-1
-2
-2
-1
-1
-2
-2
-1
-1
0
0
-1
0
0
0
0
0
0
-1
-2
-3
-2
-4
-5
-5
-4
-4
-4
-3
-4
-4
-2
-2
-1
0
1
0
0
-1
-1
-1
-2
-1
-2
-3
-2
-1
0
-1
0
1
1
2
2
1
1
-1
-1
-1
-2
-1
0
0
-1
0
0
-2
-1
0
0
1
1
2
2
2
1
1
1
0
0
1
0
0
0
0
0
2
3
4
3
5
4
3
5
4
4
3
2
2
2
2
0
0
0
0
-2
0
-1
0
2
1
1
0
0
-1
0
-1
0
1
0
0
0
-1
-1
0
-1
-1
0
0
-2
-1
1
2
2
1
1
3
2
3
3
4
3
4
4
4
2
3
4
3
1
-1
0
1
2
1
0
-1
0
1
3
3
1
0
0
0
0
0
-1
0
-1
-1
-1
-2
-3
-3
-4
-5
-5
-4
-3
-3
-3
-4
-3
-3
-1
0
-1
0
2
1
1
1
1
-1
-1
1
1
0
0
-1
0
0
0
0
-1
0
0
0
0
0
0
1
1
3
3
2
2
2
2
