1
1
2
2
2
1
1
0
0
0
1
1
2
2
2
2
3
3
3
3
4
2
4
4
3
4
2
4
3
3
3
3
2
3
3
3
4
4
3
3
4
3
2
1
3
2
1
2
3
2
1
1
1
1
1
2
0
-1
1
0
0
0
1
0
0
0
-2
-1
-1
-2
0
0
0
1
1
2
2
1
0
0
0
0
1
2
1
2
1
0
0
1
0
1
2
1
2
1
2
2
2
1
1
2
1
1
2
1
1
0
1
1
1
1
0
0
1
1
2
0
1
0
0
1
-1
0
0
0
-1
-1
-1
-1
0
-1
0
0
0
0
0
1
0
0
0
0
-1
-1
0
-2
-1
-2
-1
-2
-2
-1
-2
-2
-3
-1
-1
-1
-1
-2
-2
-2
-2
-4
-4
-4
-3
-3
-4
-4
-4
-4
-3
-4
-4
-4
-3
-4
-4
-3
-4
-2
-3
-4
-3
-4
-4
-4
-4
-4
-5
-5
-4
-4
-6
-4
-4
-4
-4
-3
-4
-3
-4
-4
-4
-3
-4
-3
-3
-4
-4
-3
-3
-3
-4
-3
-4
-3
-3
-3
-4
-3
-3
-3
-3
-4
-4
-2
-3
-3
-3
-2
-1
-2
-2
-2
-2
-3
-1
-1
-2
-2
-1
0
1
1
0
0
1
1
0
1
1
2
1
2
1
2
2
2
1
1
2
3
3
3
2
3
3
2
2
2
1
3
2
2
3
3
3
3
2
4
4
4
4
4
4
4
4
3
3
4
3
3
3
4
4
4
3
2
3
3
3
3
4
4
4
4
4
5
4
5
5
4
4
4
4
4
4
4
3
4
4
5
5
4
5
4
5
3
3
3
3
3
3
3
3
2
3
3
3
3
3
3
3
2
2
1
1
1
1
0
0
-1
0
0
0
0
0
-1
1
0
0
0
0
1
0
0
-1
0
0
0
0
0
0
-2
0
-1
0
0
-1
0
0
-1
-2
-1
-2
0
0
-1
0
-1
-1
-2
-1
-1
-2
-1
-1
-2
-2
0
-1
-1
0
-1
0
0
1
0
1
0
0
1
0
-1
0
1
1
1
1
0
0
-1
-1
0
-1
0
-1
-1
-2
-2
-1
-2
-2
-3
-2
-4
-3
-3
-3
-3
-4
-3
-3
-2
-2
-3
-2
-4
-3
-3
-3
-2
-2
-2
-2
-2
-3
-2
-3
-3
-2
-2
-2
-1
0
1
-1
-1
0
0
0
-1
0
-1
0
-1
-1
-1
-2
-2
-1
-1
-1
-1
-1
-2
-2
0
0
-1
-2
0
-1
0
0
0
1
0
1
0
0
0
0
0
0
1
0
0
0
0
-1
0
-1
0
-1
0
1
1
1
2
1
1
1
0
0
2
1
1
0
0
0
0
-1
-1
0
0
0
-1
-1
-1
0
1
0
0
0
-1
0
0
0
0
0
1
1
0
1
1
0
0
0
0
0
0
0
1
0
1
0
0
1
0
0
0
0
1
2
1
1
0
1
1
1
1
1
1
1
1
2
1
0
0
0
-1
-1
-1
-1
0
0
0
1
0
1
2
1
1
2
1
2
2
1
1
1
0
0
-1
-1
0
-1
0
0
-1
0
0
0
1
1
2
2
2
3
3
1
1
2
1
0
1
0
1
1
2
1
1
1
1
0
1
0
1
0
0
1
0
-1
-2
0
-2
-1
0
0
-1
0
0
-1
0
0
1
1
0
0
0
0
0
1
0
0
-1
-1
0
-1
0
-1
0
0
0
0
0
0
1
0
1
0
0
1
-1
-1
0
1
0
1
0
0
1
0
1
0
1
1
0
1
1
1
1
0
3
2
1
2
2
2
3
2
2
2
2
1
0
1
1
0
0
0
0
1
1
1
0
0
1
1
0
1
1
0
1
1
1
0
-1
-1
-2
-1
-2
-2
-2
-1
-1
-1
-1
-2
-2
-3
-2
-2
-2
-4
-4
-4
-3
-4
-2
-4
-3
-3
-4
-3
-4
-3
-4
-3
-2
-3
-3
-3
-3
-4
-4
-4
-4
-4
-2
-2
-2
-3
-1
-1
-2
-1
-2
-2
-2
-2
-2
-3
-2
-3
-4
-4
-3
-3
-3
-3
-3
-2
-1
-2
-2
0
0
0
-1
-1
0
-1
0
-2
0
0
0
0
0
0
1
2
1
1
1
1
0
0
1
1
1
0
0
0
0
-1
-1
-2
-1
0
1
0
1
0
1
1
1
1
1
1
1
1
2
2
2
2
2
2
2
2
2
3
3
3
3
4
4
4
4
4
4
5
4
4
5
4
4
3
3
4
4
5
4
4
4
4
3
3
3
3
3
4
4
3
3
2
2
2
3
2
3
1
2
1
2
3
2
3
2
2
4
3
2
2
1
1
1
1
1
1
1
1
1
1
2
1
1
1
1
2
2
1
1
0
0
0
-1
0
0
1
1
0
-1
0
0
0
1
0
0
0
0
-1
-1
1
0
0
0
0
0
-1
-1
-1
0
-2
-1
-1
-2
-1
0
-1
-1
-3
-2
-2
-2
-2
-1
-1
-2
-2
-2
-2
-3
-3
-3
-4
-2
-3
-3
-4
-4
-4
-5
-4
-4
-4
-4
-5
-4
-4
-3
-4
-4
-3
-3
-2
0
-1
-1
-1
-1
-2
-2
-2
-1
-1
-1
-1
0
0
-1
-1
0
0
0
0
0
0
0
-1
0
0
0
0
1
1
-1
0
0
0
1
2
1
0
1
-1
-1
0
0
1
0
1
1
2
0
1
0
0
-1
0
1
-1
-1
-1
-1
0
-1
-2
-1
-1
-1
-1
-2
-2
-2
-2
-3
-3
-3
-3
-4
-4
-3
-3
-2
-2
-2
-3
-1
-1
-2
-3
-2
-1
-2
-2
-2
-1
-1
-2
-1
-1
-1
-1
-1
-1
-1
-1
-1
-1
-2
-2
0
1
1
1
0
2
1
1
2
0
1
1
1
2
2
1
1
1
1
1
2
2
3
2
1
1
2
2
1
2
2
3
3
3
3
3
4
4
4
4
5
4
5
5
4
5
4
4
5
4
5
4
5
5
5
5
4
5
4
4
4
4
4
3
3
2
2
2
1
1
2
1
2
1
2
1
1
1
1
-1
0
0
-1
1
-1
0
0
-1
-1
-2
-1
0
-1
-1
0
0
0
-1
-1
0
-1
0
-1
-1
0
-2
-2
-1
-1
-1
0
0
-1
-1
0
-1
-1
0
1
-1
-1
0
0
-1
-1
-1
-1
0
0
0
0
1
0
0
-1
0
-1
-2
-1
-1
-2
-1
-2
-2
-2
-1
0
-1
-1
-1
-1
-1
-2
-2
-3
-2
-3
-2
-1
-2
-2
-2
-2
-1
-3
-1
-1
-2
-2
-3
-2
-3
-3
-3
-3
-4
-4
-4
-3
-4
-3
-3
-3
-2
-2
-3
-3
-3
-3
-3
-4
-3
-3
-1
-1
-1
0
0
0
0
-1
0
-1
-1
-1
-1
0
-1
-1
-2
-1
0
-1
0
0
0
0
0
2
1
1
1
0
1
1
2
1
1
1
1
0
2
2
2
2
2
2
1
0
1
1
0
0
-1
-1
-1
-1
-1
0
-2
0
0
0
-1
0
0
0
0
1
-1
0
1
-1
-1
0
-1
0
1
0
0
2
1
2
1
2
1
1
1
2
1
2
1
1
1
0
0
1
-1
-1
0
0
0
-1
0
0
1
0
0
-1
0
0
0
0
1
1
1
1
1
0
-1
1
-1
-1
-1
-1
0
-1
0
0
0
0
-1
-1
-1
-1
-1
-1
0
0
-2
-1
-1
-2
-2
-2
0
-1
-1
-1
0
0
0
-1
0
0
0
0
-1
-1
0
-1
-2
-1
-1
-1
0
-1
-1
0
1
0
1
0
1
1
2
1
1
1
2
2
1
3
2
1
1
2
3
2
3
3
3
3
4
4
4
4
2
2
2
3
2
3
3
3
3
2
3
3
2
3
4
3
4
4
3
3
3
2
4
5
4
4
3
2
1
2
2
0
1
1
2
1
1
0
0
0
0
1
1
1
1
0
1
0
1
0
-1
1
2
2
1
2
2
1
1
2
2
1
0
-1
1
0
0
0
-1
0
0
0
0
1
0
0
-1
0
-1
0
1
-1
1
0
1
-1
-3
-3
-2
-4
-4
-4
-3
-2
-2
-2
-3
-4
-6
-4
-6
-5
-6
-4
-4
-3
-3
-3
-4
-5
-5
-4
-4
-4
-4
-3
-3
-3
-3
-3
-4
-3
-3
-3
-2
-2
-2
-3
-3
-4
-3
-3
-3
-3
-4
-3
-4
-4
-2
-3
-3
-4
-4
-5
-4
-2
-3
-3
-2
-2
-3
-3
-4
-4
-3
-3
-3
-3
-2
-2
-1
-1
-1
-2
-3
-3
-2
0
-1
0
0
0
-1
-1
0
-1
-1
0
-1
-1
1
1
2
1
2
2
1
2
1
3
3
2
3
2
3
3
4
3
3
3
4
3
3
4
3
4
4
4
4
3
3
5
6
4
3
4
3
3
3
3
3
3
3
2
1
2
2
1
1
2
4
4
5
5
4
1
0
0
1
0
1
3
3
4
4
5
4
4
3
3
2
3
4
4
5
4
4
2
1
2
1
2
3
2
3
3
3
4
2
2
1
1
1
1
3
2
2
2
2
1
1
0
1
1
0
0
3
2
1
3
1
2
0
-1
-1
0
-2
0
-1
-2
-2
-1
-2
-1
-2
-3
-2
-4
-2
-3
0
1
0
-3
-3
-4
-3
-2
-3
-1
0
1
1
0
-2
-2
-2
-2
-1
0
0
2
1
0
1
0
-1
-1
-3
-2
-1
1
1
2
0
0
-1
-3
-2
-1
0
-1
-1
-2
-4
-2
-3
-2
-5
-2
-3
-2
-1
-1
-2
-2
-2
-3
-2
0
-3
-4
-4
-6
-5
-6
-6
-4
-3
-1
0
-1
0
0
0
-4
-3
-1
-3
-2
0
-2
1
-1
0
1
0
2
-1
0
2
1
0
0
1
1
-1
-2
-1
-2
-1
-1
-3
-3
-2
-2
-1
-1
0
-4
-4
-4
-6
-4
-6
-2
-2
-3
-2
-3
-5
-5
-4
-3
-3
-2
-3
-4
0
0
0
-1
1
-2
2
0
2
-4
1
0
1
5
3
3
2
4
1
2
1
1
1
4
2
2
0
2
0
1
2
1
-1
0
2
2
2
2
-1
-1
1
1
3
1
5
2
4
4
2
-2
-1
-1
-3
0
-3
1
0
3
3
4
5
3
-1
2
0
-3
-4
-2
1
3
4
3
2
2
-2
-5
-2
-4
0
4
12
15
5
4
-4
-2
-3
-7
-5
0
2
10
4
5
-1
-5
-4
3
8
9
1
-3
1
5
6
3
3
2
5
11
12
11
9
-1
-2
3
7
8
4
9
9
8
5
-3
-2
-3
3
2
1
4
4
0
6
2
-1
-9
-6
-1
-1
2
-4
-7
-3
-1
1
0
4
-2
-4
-5
-4
-9
-10
-12
-3
4
11
8
9
5
-5
-2
-3
-5
-7
-2
5
10
15
13
1
3
-6
-5
-3
4
1
-7
-2
7
5
5
0
-13
-11
-11
-15
-10
8
8
-5
2
7
-2
-13
-12
-18
-20
-6
4
0
8
3
-9
-16
-2
-2
-8
3
15
19
14
6
-20
-23
-19
-10
-7
9
18
13
11
14
-4
-28
-30
-25
-10
15
22
24
18
9
-8
-26
-27
-20
-19
3
27
31
21
5
-8
-16
-25
-16
-9
8
15
10
13
12
1
-24
-20
-11
2
7
10
6
3
-7
-17
-18
-1
1
-4
8
9
10
-8
-16
-20
-6
-2
-4
5
7
7
-1
-6
-10
-11
-3
-5
8
10
-5
-7
-6
-1
-10
-5
4
9
12
6
-14
-17
-17
-8
1
13
29
8
-4
-7
-9
-4
-15
-19
-4
9
29
12
9
0
-24
-22
-9
12
13
12
9
4
-20
-32
-54
-40
-6
21
33
20
10
-3
-6
0
-23
-34
-28
4
16
47
35
11
-14
-16
-13
-28
1
-9
-4
19
33
-2
-11
-19
-13
-17
8
1
-23
-17
-8
-3
6
11
-14
-18
10
58
24
12
-12
-43
-22
10
28
5
11
12
4
26
36
-7
-21
-7
12
7
-1
-4
0
0
-4
-10
7
23
-10
-2
13
19
1
-29
-13
12
41
32
4
15
14
-1
6
10
-8
-19
10
-1
12
32
13
-4
-5
-11
-25
-26
-24
-19
-7
23
16
4
5
-12
5
7
11
-4
-31
-16
1
26
39
15
1
-12
-6
23
13
-9
5
-1
-6
8
7
1
22
31
9
18
13
7
7
15
15
13
12
10
43
53
36
21
-10
-20
-14
3
29
30
29
39
44
32
1
-9
-21
-21
-17
24
56
13
-12
-2
-10
4
-5
19
-9
1
17
37
20
-50
-73
-61
-20
-11
17
5
-4
6
-1
-12
-17
-30
-47
-36
-15
-16
22
41
14
12
7
-47
-51
-22
-8
-11
-13
17
13
17
27
8
11
8
-36
-40
-19
8
-12
9
32
1
23
29
29
17
5
-29
-10
-10
-27
-15
-27
2
26
34
40
50
45
2
-12
-36
-42
-18
-25
-21
42
54
-9
11
14
25
-12
-66
-43
-17
-4
29
-9
-22
0
4
-5
-13
13
2
-32
-23
-3
-10
-13
-39
2
-9
8
25
-44
-26
-41
-59
-34
5
-19
-31
-8
17
18
54
17
-51
-58
-55
-43
-22
-8
-12
-5
5
-4
-15
-4
-6
-5
-5
3
-19
-62
-43
-22
-3
17
-36
-19
30
46
46
77
60
1
-70
-80
-41
17
71
29
59
51
50
83
24
21
26
-57
-42
-18
17
21
6
58
39
69
38
-10
37
-18
-33
-20
-17
24
13
5
-4
16
5
11
-53
-7
-2
-22
4
6
69
41
28
-11
-45
-39
-67
-51
41
-2
-12
-28
-21
49
59
44
-20
-40
-46
-67
-22
-20
-37
-18
-27
67
82
13
0
-11
14
-12
8
-3
15
28
2
6
28
-44
-7
20
36
56
-15
-11
11
28
14
11
-26
-2
19
21
70
63
26
11
16
12
37
59
-6
15
52
73
91
26
-22
-21
-13
16
3
-21
18
-13
-26
52
111
23
-26
3
-29
-12
7
-3
-39
-31
-21
-34
56
90
12
-24
12
59
-54
-38
-5
-74
-54
-32
3
-40
-26
-17
-85
-52
-5
-53
-26
-6
-25
-71
-28
25
-46
27
5
-34
-37
-64
-46
-108
-30
44
54
79
-12
-30
-41
41
-17
-76
-16
-29
-37
-66
14
52
-1
-78
-38
-15
26
2
15
12
-24
-29
-64
17
65
65
64
35
10
-5
-82
-109
-80
3
-14
41
64
21
7
-39
-20
-37
53
44
15
79
66
-23
-50
-65
-56
-60
-28
-7
-50
75
48
30
56
34
-37
-64
-27
-13
-30
0
-45
-80
-19
12
4
24
68
48
16
-26
34
19
64
37
25
43
-28
-86
-130
-61
11
5
38
24
57
-2
-51
-5
7
58
31
-20
-15
53
48
60
25
23
-48
-35
43
35
109
70
30
50
2
19
20
25
50
-26
-3
9
8
-26
-13
66
68
43
-16
15
-18
61
-37
-81
-45
-17
67
80
99
19
-53
-17
1
-35
50
-34
-43
14
62
32
26
59
-6
7
-9
-20
-37
-23
-4
3
44
4
7
-21
-6
38
54
93
-35
-159
-68
-52
-102
19
8
47
68
76
42
-63
-64
-97
-36
47
31
-60
-72
-5
47
31
30
-22
-96
-32
-8
-25
35
5
-26
1
25
-32
-82
-47
27
128
91
106
-9
-60
-10
-22
8
-60
-65
-77
-10
81
178
137
-7
-60
-127
-113
-74
39
57
66
101
14
4
-40
-158
-105
-37
-4
-19
-59
33
65
68
56
-46
-65
-84
-32
-2
70
91
7
-8
-22
-86
-39
-18
-45
44
3
99
-25
-72
-48
-45
29
34
34
-2
50
97
51
-13
-25
-124
-95
-80
-2
132
38
80
97
58
62
-26
-17
-22
-25
19
17
65
3
-42
-40
-29
-15
103
72
65
39
26
41
-49
90
29
-17
-7
-65
21
-22
39
27
-40
25
-13
82
121
-38
-75
-1
-36
-76
-114
-70
-5
76
69
63
36
-31
-136
-82
-41
3
55
-53
-17
-88
-31
51
0
51
-18
-108
-12
-133
-57
-4
-15
-48
-25
52
-42
-26
16
25
74
35
-51
-52
-112
22
-54
53
82
13
-3
-46
-6
-49
-21
-3
63
103
66
-38
-77
-6
-39
-40
-91
-18
10
45
111
46
25
-55
-36
-57
-20
-5
-54
-35
-20
-10
16
-5
-9
35
70
-3
21
29
-81
-93
-48
-33
-27
-41
-34
34
170
156
38
-79
-71
-80
-109
-9
48
85
115
2
-5
75
-40
-125
-94
10
6
4
100
146
64
92
-30
-46
-33
-47
52
24
82
-8
-49
-18
0
-6
44
105
38
52
73
61
-68
6
3
43
43
-19
36
44
156
109
0
20
-3
-4
-44
44
28
6
-13
-67
-13
99
177
21
49
-26
-39
19
9
56
11
-5
-12
-51
-49
-34
13
39
20
-4
30
68
9
10
-16
27
-135
-123
-66
0
24
4
43
-36
-10
-22
117
58
-8
-126
-165
-87
29
104
36
98
-12
-97
-31
10
-22
-47
-47
-91
-19
-28
-3
-18
-11
52
4
47
-42
-68
-26
38
-3
-110
-145
-181
-82
57
112
135
64
-26
19
-34
-23
-49
-68
-124
-54
183
25
60
-113
-198
-30
40
16
-31
-7
-4
-41
-65
79
53
138
3
-119
-45
-88
-31
28
87
54
-35
-25
-16
30
5
3
-30
-30
-69
-52
96
28
80
60
-125
-83
-188
-39
-29
77
164
28
88
-14
-77
-96
-83
-50
43
2
87
57
40
35
-115
-44
23
-7
7
-14
117
77
29
-39
-130
-105
-73
118
21
50
118
50
84
45
-50
41
-72
-9
-39
-19
137
-8
24
-23
-17
111
-52
16
20
17
42
-8
-43
33
73
10
-27
59
148
-98
-35
-100
-56
23
14
81
45
64
-21
-22
-5
29
-80
-64
49
177
83
-43
-91
-124
18
-85
-29
60
-44
96
14
33
94
-91
-81
-176
54
105
32
19
-127
-43
79
-112
-15
92
-25
27
-23
32
-43
-44
-21
-52
-58
11
-16
-73
104
77
-7
-90
-64
-53
8
21
-1
35
-105
-163
-132
49
146
107
95
-103
-11
-49
10
126
-22
-97
-39
-40
-81
97
215
-10
-24
-38
-37
18
3
70
-29
20
63
-27
-17
40
-79
31
9
40
-11
2
151
84
19
-26
32
120
2
-28
-104
-29
80
108
195
146
38
-121
-78
37
-2
12
39
27
18
32
135
-21
-6
-59
-81
95
35
5
23
-19
15
32
9
19
60
109
-78
-9
5
32
-57
-9
-26
-100
-110
-67
51
131
-5
-68
-24
213
22
-93
91
-70
-79
-156
-40
-37
46
20
-14
67
106
-17
-75
-10
-9
40
-100
33
43
-9
8
-98
-121
-41
29
-27
66
87
24
-102
30
42
-85
-184
-29
-19
18
117
91
67
111
-12
-120
-16
34
-23
26
95
-25
13
-3
-10
-70
-120
-10
-20
134
121
-78
-42
-5
-77
-176
45
69
79
-66
-72
-85
72
62
79
125
69
71
-177
-94
-181
-167
-179
8
20
-30
171
200
68
-103
-115
-167
-180
-133
-89
-13
131
128
86
13
-47
-34
-89
32
-29
-116
167
201
16
-3
-158
-86
23
67
92
11
-36
24
-90
-7
88
76
14
-105
-9
-228
-28
-28
43
287
228
162
-42
-127
-45
9
-38
-18
-6
61
62
0
25
38
-15
79
3
-31
-3
-141
-27
116
262
63
-109
-104
-264
41
201
159
124
-125
-38
7
69
55
-1
-121
-105
-35
69
192
116
23
-117
14
-68
-24
-71
-102
-6
18
-39
-14
61
148
213
34
38
13
-157
-98
-73
-37
91
-92
-48
6
28
138
76
-26
-91
-167
-110
-76
201
86
-53
-35
-58
1
25
63
-60
-114
-56
67
191
135
-25
-169
-105
147
36
112
87
-56
-214
-103
96
-80
-91
-42
-23
38
91
8
-64
-122
-61
-116
-26
88
49
-2
176
196
-52
44
9
-83
-18
-23
-99
17
151
135
47
18
32
-232
-106
-86
28
11
28
107
20
192
140
-37
-157
-153
-202
-28
1
79
33
-10
-145
-107
69
118
163
-103
70
45
37
36
-62
-89
-83
-51
-65
-56
-2
102
-72
-66
-7
16
-21
51
91
143
70
-52
-166
-171
243
104
31
174
33
-60
32
70
-20
-14
65
20
18
251
-12
-114
-75
31
62
102
123
1
32
109
34
-96
-48
-166
-26
17
61
82
2
34
57
24
178
120
-45
-116
-19
58
-183
-56
43
95
47
14
-94
-41
52
93
-97
2
133
-140
-2
-50
-54
-32
-58
24
-77
104
235
-25
-75
14
-155
-22
-46
-26
41
12
8
-106
-60
-5
-6
-9
-17
-40
-56
-47
119
147
14
42
-91
-99
-79
-58
-25
-18
0
-153
-74
9
172
110
124
-23
-166
-182
-102
-51
-125
167
0
-34
88
-99
-48
66
-171
-3
-26
95
157
46
93
-21
-33
-32
-47
2
-14
-93
-198
-176
179
24
62
126
20
172
34
-136
-92
8
-88
-243
-93
62
13
64
54
96
184
62
-102
-87
-46
-94
-76
-21
10
59
22
83
-11
65
55
-77
74
32
-10
-121
-235
-25
-15
96
305
38
7
-87
-118
-46
-8
-186
-31
54
88
61
102
247
-105
-62
-83
-22
-51
-140
-17
96
-108
238
36
11
136
-144
-65
3
130
73
-34
-31
-63
-37
136
-102
99
84
-36
-4
-74
197
55
-68
72
-71
-51
39
13
44
91
60
-39
-16
-10
-212
-49
91
9
185
93
98
5
53
1
-160
-88
-128
-186
-56
166
193
171
92
127
-77
-186
-98
-322
-46
242
71
82
106
-35
-82
-20
48
34
64
90
-120
58
117
22
-18
-12
9
-141
-180
-52
-79
-45
265
95
-22
3
-127
-71
-84
-35
31
100
73
-160
-8
159
-102
-37
-111
-110
68
-49
81
166
173
116
-62
-75
-49
-182
-169
-172
-59
178
153
107
-108
16
10
-146
45
42
28
146
-58
-9
-49
-179
-42
-99
-20
26
137
116
-2
179
125
18
-34
-137
-82
0
79
112
-44
-15
-43
-112
26
-30
-56
-51
95
-25
36
113
-67
-30
-3
-18
-33
-148
-9
-42
-31
-16
-108
13
-134
40
9
33
128
73
101
158
32
66
6
-46
-34
-132
-71
-113
28
-47
-24
37
132
58
182
15
64
34
-195
-157
-100
82
29
138
171
61
-5
4
-181
-112
-5
-62
84
260
220
121
48
-10
-12
-62
3
-117
-120
20
-72
102
179
25
35
-62
-51
-67
-59
13
57
100
119
73
7
4
-40
-48
-114
-122
29
98
141
20
-51
48
-155
-99
-168
-64
-2
84
260
122
237
27
-263
-254
-256
-74
28
29
243
139
85
-46
-243
-97
-129
-132
-47
-2
153
112
143
17
-81
-46
-169
-154
120
128
-30
10
-18
147
109
10
-51
-15
-23
-45
-100
-54
32
-36
-6
-94
46
-52
12
12
-68
-43
-138
-141
0
197
132
178
26
-52
-111
-181
-31
-46
25
7
-20
154
90
2
-93
-88
50
-55
-85
-18
-113
62
15
-8
85
-41
-100
-67
19
-21
45
32
-105
35
157
27
-20
-58
-60
97
84
140
11
-79
-3
-48
-5
-33
-4
-19
-62
108
33
27
-11
1
102
-9
-40
-28
2
131
79
120
-13
-75
-103
-152
58
26
80
23
34
48
82
-54
17
-33
-25
19
24
84
-70
10
-49
-38
71
30
0
62
15
-55
5
-89
-53
-56
20
-5
-5
87
71
-15
-18
-70
-91
-78
-33
29
14
51
76
-66
-25
20
-117
46
-24
102
96
-2
1
-169
-67
-84
21
26
-31
93
-12
146
113
40
-49
-86
-56
-5
-12
-77
20
-4
56
-44
44
7
-86
-89
21
93
70
79
96
6
-10
27
-95
-72
-86
-92
-3
78
151
124
73
88
24
10
-22
-140
-168
-134
5
10
179
153
107
49
-73
-73
-132
-93
-46
-20
74
32
-43
125
26
62
-66
55
-9
-150
-11
-26
85
57
21
-103
73
111
-11
-34
-20
-31
-102
14
-30
-119
-46
-81
-51
111
212
103
-3
56
-76
55
57
50
34
-37
-48
-46
-4
28
67
-83
-9
14
63
97
150
185
11
-141
-55
-70
-9
106
48
54
24
63
27
3
78
-17
-10
27
20
118
127
54
-28
-185
-169
-140
-42
192
117
62
3
-75
-18
-8
-3
1
-20
61
3
67
3
-10
-44
-61
-70
-47
-6
-50
6
3
54
-13
-98
-44
-128
-53
-67
-214
-75
-122
-53
-66
-96
-41
-63
-6
30
-32
-50
-140
-172
-30
-65
-13
-81
-79
-27
-42
55
-55
-111
-121
-206
-69
-13
-21
-20
-61
-71
-59
-92
-83
-77
-105
-71
-8
85
29
32
9
31
19
2
58
24
87
158
54
38
103
4
-74
10
43
39
34
65
63
21
49
-58
-35
-43
-73
-50
-45
13
-23
-30
9
30
0
-6
-45
24
32
49
19
-48
4
-47
-48
-60
-15
-17
-43
29
13
-73
-81
-11
2
-79
-137
-213
-201
-102
4
7
-17
-27
-26
-38
17
25
-1
-24
-50
-1
5
-1
29
48
44
77
86
94
81
91
86
50
93
111
108
176
176
167
156
122
155
145
214
207
125
182
172
194
244
182
123
65
87
192
212
232
201
133
136
119
111
114
137
144
141
173
159
134
117
63
54
47
51
126
160
222
260
239
221
186
133
128
98
67
75
84
81
86
123
74
18
31
1
-34
6
43
-4
-109
-175
-247
-303
-327
-335
-416
-436
-416
-428
-358
-372
-385
-458
-541
-531
-605
-558
-494
-498
-466
-456
-480
-493
-504
-500
-513
-507
-493
-500
-427
-395
-390
-372
-355
-360
-373
-320
-247
-202
-132
-58
-19
82
103
161
239
301
404
473
561
617
691
753
789
851
874
885
874
843
814
769
720
696
652
625
582
547
534
502
496
441
417
389
383
360
332
340
317
292
237
201
191
165
135
75
32
-3
-43
-92
-120
-157
-204
-207
-304
-356
-433
-486
-526
-577
-586
-654
-649
-687
-686
-635
-638
-651
-727
-755
-751
-813
-793
-776
-733
-680
-687
-658
-666
-699
-740
-833
-854
-854
-821
-759
-743
-631
-558
-459
-382
-258
-49
106
291
435
639
860
991
1148
1241
1295
1333
1272
1271
1234
1144
1029
855
760
655
594
540
480
468
383
305
291
246
198
134
73
38
-14
-32
-85
-96
-108
-143
-115
-103
-50
-26
-10
48
35
78
106
110
168
136
111
97
67
94
93
90
68
46
72
71
86
91
94
112
67
70
96
58
47
-38
-90
-136
-232
-251
-299
-286
-302
-398
-410
-421
-441
-503
-559
-594
-647
-679
-735
-784
-820
-890
-920
-944
-993
-1046
-1121
-1165
-1253
-1344
-1353
-1355
-1333
-1338
-1270
-1168
-1026
-720
-502
-205
11
215
600
871
1223
1474
1629
1854
1837
1903
1934
1879
1843
1613
1473
1274
1062
979
801
773
673
520
489
353
367
326
241
235
116
118
74
9
43
-77
-121
-141
-140
-73
-89
-21
4
8
73
73
166
203
204
234
188
208
237
237
211
144
87
28
-22
-50
-66
-83
-125
-180
-220
-198
-176
-194
-205
-225
-259
-293
-368
-390
-429
-475
-538
-585
-545
-543
-529
-523
-490
-451
-465
-495
-547
-588
-676
-781
-852
-929
-989
-1078
-1152
-1201
-1290
-1341
-1412
-1419
-1389
-1385
-1290
-1181
-970
-637
-357
-26
234
512
937
1243
1579
1815
1990
2170
2189
2293
2324
2254
2178
1919
1759
1523
1235
1076
829
711
540
348
292
160
142
63
-65
-94
-240
-283
-341
-376
-340
-434
-437
-433
-446
-387
-408
-349
-312
-277
-168
-85
73
152
177
220
210
284
315
292
268
173
110
17
-47
-84
-162
-238
-344
-395
-394
-395
-373
-378
-352
-343
-347
-334
-328
-320
-377
-440
-475
-518
-499
-502
-490
-466
-459
-415
-430
-414
-403
-458
-489
-592
-663
-710
-807
-907
-1058
-1175
-1271
-1385
-1418
-1394
-1381
-1316
-1252
-1075
-706
-397
-65
199
486
912
1200
1526
1787
1963
2140
2133
2219
2275
2199
2143
1911
1762
1556
1257
1121
886
740
568
336
275
115
45
-39
-181
-239
-414
-481
-521
-597
-573
-651
-644
-615
-614
-506
-479
-403
-337
-325
-193
-78
67
212
300
408
436
491
599
648
621
535
438
372
239
140
95
-11
-128
-263
-317
-286
-302
-334
-359
-372
-362
-402
-395
-359
-386
-448
-528
-544
-540
-566
-595
-636
-644
-646
-657
-587
-540
-526
-532
-599
-629
-718
-813
-850
-1018
-1151
-1285
-1418
-1401
-1467
-1458
-1382
-1350
-1146
-895
-537
-155
112
470
840
1223
1599
1823
2094
2268
2325
2424
2425
2449
2352
2113
1961
1713
1505
1298
1061
933
706
501
331
181
119
-20
-134
-233
-391
-475
-567
-590
-616
-717
-746
-765
-730
-664
-627
-522
-455
-382
-270
-143
62
232
342
448
515
627
706
729
732
622
512
372
226
140
21
-94
-220
-337
-386
-422
-399
-392
-415
-418
-456
-466
-475
-494
-505
-568
-617
-641
-660
-662
-673
-669
-644
-626
-593
-556
-501
-456
-432
-447
-488
-518
-589
-699
-851
-971
-1093
-1196
-1255
-1300
-1285
-1257
-1161
-916
-613
-309
-22
262
627
992
1301
1571
1811
2007
2077
2105
2155
2151
2078
1892
1695
1518
1291
1083
894
737
593
399
241
132
27
-52
-154
-245
-361
-484
-551
-603
-638
-685
-740
-735
-703
-646
-594
-507
-415
-361
-255
-130
27
180
308
486
592
678
783
845
910
830
725
644
491
372
196
96
29
-133
-227
-310
-308
-323
-423
-436
-467
-483
-534
-602
-588
-647
-712
-776
-805
-773
-809
-801
-780
-741
-684
-663
-574
-539
-520
-510
-532
-534
-607
-676
-765
-875
-988
-1134
-1177
-1221
-1264
-1216
-1180
-993
-729
-445
-95
165
505
887
1213
1548
1759
1964
2111
2144
2202
2184
2162
2054
1820
1643
1412
1214
1023
794
665
503
333
213
78
31
-71
-171
-278
-422
-504
-612
-656
-704
-779
-818
-849
-822
-760
-707
-605
-517
-403
-283
-125
66
239
397
498
599
713
827
873
832
784
705
600
446
313
240
119
-6
-91
-124
-122
-157
-195
-201
-221
-250
-311
-355
-383
-439
-515
-597
-652
-687
-731
-749
-731
-704
-666
-624
-585
-536
-507
-503
-514
-567
-622
-687
-807
-937
-1091
-1193
-1265
-1374
-1366
-1373
-1293
-1165
-955
-554
-277
60
339
677
1147
1362
1665
1862
1992
2128
2007
2077
2035
1901
1759
1437
1343
1119
886
768
534
491
306
142
114
-24
-20
-129
-231
-285
-463
-491
-553
-593
-620
-742
-687
-678
-647
-560
-513
-370
-307
-210
-20
138
330
431
545
714
767
864
903
918
904
739
667
578
441
309
126
74
-8
-124
-168
-192
-174
-238
-316
-325
-368
-412
-512
-582
-618
-719
-801
-862
-876
-907
-945
-925
-886
-833
-812
-768
-715
-702
-698
-727
-720
-763
-861
-944
-1082
-1167
-1280
-1358
-1347
-1384
-1328
-1255
-1098
-766
-441
-84
221
513
927
1281
1606
1872
2032
2188
2207
2190
2218
2148
2064
1831
1609
1446
1221
1067
874
725
606
423
328
222
156
104
-9
-88
-238
-364
-442
-506
-539
-634
-710
-709
-691
-629
-564
-480
-391
-305
-201
-36
145
296
441
521
614
693
771
841
780
713
610
509
395
226
160
59
-59
-154
-249
-226
-248
-301
-328
-371
-382
-476
-551
-597
-662
-727
-828
-869
-881
-910
-930
-938
-908
-874
-830
-794
-747
-704
-705
-695
-733
-769
-799
-908
-1031
-1184
-1293
-1335
-1404
-1422
-1394
-1331
-1192
-1003
-638
-256
77
393
695
1147
1495
1736
1986
2122
2256
2214
2166
2184
2076
1927
1654
1449
1301
1057
912
728
628
525
324
265
173
112
53
-75
-162
-327
-443
-505
-571
-609
-716
-727
-684
-644
-533
-436
-299
-192
-136
23
193
345
444
491
580
618
657
713
699
699
576
486
457
352
295
184
120
73
-38
-61
-101
-117
-189
-307
-335
-428
-496
-594
-679
-707
-811
-863
-894
-896
-873
-895
-854
-823
-781
-735
-715
-642
-652
-671
-680
-735
-734
-823
-917
-1027
-1182
-1233
-1325
-1321
-1284
-1279
-1124
-1043
-768
-363
-57
368
602
951
1386
1624
1970
2091
2232
2313
2162
2197
2091
2026
1890
1578
1479
1250
1110
1016
830
818
646
519
430
287
241
85
-40
-205
-426
-537
-672
-699
-761
-842
-813
-798
-691
-575
-442
-262
-157
-36
86
228
383
464
530
511
489
493
470
433
321
187
96
-22
-113
-170
-181
-188
-260
-315
-320
-298
-323
-411
-473
-536
-618
-721
-808
-836
-882
-940
-972
-954
-913
-877
-815
-752
-687
-632
-583
-514
-509
-516
-533
-568
-625
-731
-808
-900
-996
-1115
-1185
-1171
-1143
-1072
-983
-790
-544
-228
146
467
809
1066
1373
1667
1821
1975
2003
2031
1960
1782
1714
1598
1501
1297
1079
1006
899
837
743
674
665
538
425
290
184
78
-120
-299
-513
-677
-785
-865
-868
-896
-852
-731
-598
-407
-250
-37
150
242
343
409
493
526
456
451
400
347
305
245
288
233
186
191
180
222
150
147
186
115
33
-125
-153
-225
-390
-514
-637
-656
-746
-828
-798
-768
-712
-723
-679
-590
-549
-507
-496
-449
-475
-536
-603
-655
-694
-810
-848
-924
-1022
-1097
-1193
-1124
-1121
-1110
-1004
-935
-714
-587
-327
103
378
712
883
1150
1526
1629
1823
1859
1900
1926
1700
1686
1593
1519
1424
1170
1124
986
914
889
756
747
582
468
378
187
77
-127
-258
-434
-658
-745
-805
-743
-743
-734
-600
-455
-245
-100
44
232
307
355
343
350
362
282
191
66
16
-19
-52
-44
-51
-1
5
18
64
79
88
7
-59
-141
-249
-363
-512
-598
-688
-783
-832
-859
-812
-772
-749
-680
-620
-545
-489
-454
-436
-443
-455
-485
-528
-610
-703
-779
-868
-960
-1032
-1091
-1120
-1174
-1228
-1188
-1113
-1002
-880
-757
-560
-356
-100
276
601
915
1118
1312
1612
1754
1897
1929
1921
1919
1709
1613
1529
1461
1396
1150
1057
966
890
858
715
672
520
347
212
12
-87
-265
-406
-515
-682
-708
-713
-600
-490
-436
-281
-124
83
241
333
461
492
487
428
372
364
269
180
65
-10
-11
-36
-5
12
6
40
15
48
35
-21
-61
-189
-274
-392
-489
-543
-644
-668
-720
-728
-690
-673
-584
-559
-524
-488
-467
-412
-438
-468
-495
-527
-556
-636
-700
-763
-830
-905
-997
-1064
-1093
-1175
-1248
-1296
-1300
-1222
-1156
-1008
-842
-647
-405
-134
288
634
944
1184
1382
1683
1791
1893
1928
1882
1860
1626
1516
1427
1348
1296
1066
990
880
825
801
637
590
387
191
26
-220
-328
-535
-681
-784
-905
-860
-805
-631
-453
-324
-120
63
299
470
534
610
578
517
423
292
257
182
57
-34
-88
12
89
130
198
221
291
233
182
175
79
-37
-282
-418
-473
-577
-605
-666
-597
-535
-539
-434
-330
-185
-160
-208
-194
-204
-236
-348
-445
-505
-594
-668
-734
-746
-746
-788
-827
-832
-824
-849
-891
-961
-1030
-1064
-1110
-1057
-959
-862
-692
-546
-273
129
514
908
1182
1404
1670
1838
1955
1971
1927
1859
1628
1438
1261
1186
1146
968
875
762
704
711
595
560
419
180
-36
-309
-458
-630
-798
-921
-1037
-1018
-943
-731
-468
-279
-51
120
336
527
602
652
603
496
336
176
98
24
-28
-123
-134
-60
0
142
218
307
320
199
139
31
-64
-230
-458
-587
-720
-780
-800
-752
-608
-546
-460
-373
-248
-119
-127
-147
-210
-288
-366
-486
-556
-615
-680
-716
-730
-701
-683
-703
-712
-759
-792
-851
-940
-981
-1114
-1158
-1208
-1185
-1039
-947
-711
-523
-277
94
443
876
1143
1340
1526
1637
1745
1697
1662
1605
1465
1327
1157
1137
1158
1106
1062
976
926
846
699
570
408
176
-114
-414
-625
-759
-843
-876
-866
-792
-669
-452
-170
76
275
389
488
568
573
547
473
384
236
104
50
82
189
208
282
339
422
530
492
516
409
245
55
-208
-308
-460
-565
-650
-707
-613
-562
-428
-292
-165
-48
-75
-72
-117
-186
-275
-430
-525
-606
-680
-698
-675
-600
-532
-490
-458
-451
-481
-586
-698
-848
-1010
-1174
-1319
-1396
-1419
-1373
-1259
-1053
-812
-550
-258
36
378
723
979
1181
1276
1344
1435
1450
1453
1392
1339
1318
1264
1281
1300
1344
1329
1201
1109
958
824
602
295
47
-240
-477
-673
-807
-807
-770
-699
-568
-409
-198
-4
155
275
318
341
331
303
267
196
148
95
81
111
162
248
296
325
329
339
333
276
199
57
-90
-244
-370
-436
-516
-566
-597
-587
-524
-455
-357
-272
-215
-205
-217
-222
-245
-301
-384
-468
-532
-572
-578
-545
-512
-479
-462
-440
-408
-433
-492
-601
-738
-894
-1052
-1134
-1199
-1222
-1274
-1243
-1121
-941
-694
-517
-258
-93
74
280
494
826
971
1082
1130
1223
1433
1500
1618
1613
1592
1537
1417
1433
1403
1355
1171
917
724
547
422
268
113
-58
-244
-388
-433
-395
-316
-261
-258
-203
-147
-19
122
212
278
236
237
250
293
364
376
394
353
331
331
365
406
356
276
171
126
73
-3
-89
-182
-238
-332
-390
-411
-420
-427
-478
-482
-424
-371
-345
-355
-352
-333
-349
-365
-382
-401
-462
-564
-617
-610
-571
-569
-600
-612
-627
-635
-661
-668
-714
-821
-963
-1115
-1144
-1190
-1168
-1187
-1206
-1113
-1046
-786
-594
-377
-169
-69
187
355
661
934
1077
1225
1212
1370
1512
1616
1691
1594
1547
1409
1307
1286
1240
1184
973
718
525
396
319
207
63
-83
-272
-408
-447
-397
-291
-281
-284
-270
-214
-74
24
140
185
158
158
146
230
275
289
278
213
199
176
202
206
136
47
-64
-105
-137
-183
-240
-319
-378
-458
-471
-434
-398
-380
-431
-421
-373
-301
-239
-228
-218
-258
-314
-340
-346
-339
-379
-449
-494
-499
-482
-440
-428
-425
-464
-532
-543
-624
-672
-781
-907
-958
-1072
-1029
-1016
-965
-868
-837
-601
-422
-198
-6
111
346
475
687
903
1082
1253
1255
1323
1426
1527
1625
1577
1537
1470
1343
1266
1192
1156
1061
811
612
410
300
208
59
-15
-194
-306
-402
-436
-289
-235
-211
-207
-185
-80
-17
88
155
191
190
132
142
217
287
290
216
194
174
171
167
133
116
32
-91
-195
-265
-241
-300
-391
-458
-528
-501
-523
-486
-411
-389
-365
-421
-395
-334
-331
-349
-438
-465
-503
-563
-577
-568
-540
-541
-558
-532
-462
-455
-467
-518
-583
-634
-782
-858
-922
-985
-1009
-1084
-1025
-933
-831
-646
-481
-256
-85
37
222
413
609
787
893
1015
1125
1187
1309
1404
1514
1558
1483
1470
1401
1377
1325
1189
1097
901
721
540
356
275
120
-12
-137
-258
-277
-316
-300
-260
-242
-193
-167
-120
-42
-1
42
58
69
111
127
163
193
202
217
193
197
188
153
100
5
-70
-147
-210
-248
-293
-330
-368
-369
-342
-300
-271
-258
-250
-259
-260
-264
-258
-282
-331
-380
-413
-408
-412
-401
-399
-402
-389
-391
-365
-350
-354
-399
-475
-541
-613
-677
-760
-824
-893
-934
-941
-916
-832
-775
-671
-590
-460
-290
-174
6
114
253
402
509
715
836
970
1076
1125
1241
1276
1328
1349
1301
1262
1164
1088
1036
935
847
710
563
451
311
224
131
16
-62
-182
-230
-250
-265
-219
-228
-185
-153
-124
-43
-9
45
57
48
82
78
94
94
72
60
22
-12
-30
-71
-119
-189
-273
-319
-375
-396
-419
-438
-425
-438
-401
-358
-318
-276
-294
-295
-312
-325
-331
-362
-384
-416
-439
-452
-436
-404
-369
-361
-339
-322
-315
-298
-333
-369
-432
-518
-572
-656
-676
-718
-740
-714
-711
-615
-544
-450
-332
-265
-122
-29
76
204
281
419
512
611
752
848
986
1069
1111
1191
1194
1217
1197
1125
1105
1005
942
879
780
759
662
593
533
439
403
299
221
152
44
-5
-81
-116
-109
-132
-86
-60
-19
49
64
110
123
119
133
97
89
56
3
-23
-85
-107
-135
-172
-173
-209
-224
-235
-264
-258
-275
-288
-291
-311
-304
-301
-311
-292
-300
-303
-306
-343
-345
-364
-391
-412
-462
-446
-463
-474
-448
-458
-422
-422
-438
-440
-478
-492
-541
-586
-596
-642
-646
-647
-632
-580
-533
-450
-372
-293
-189
-123
-34
45
107
176
221
293
362
437
540
627
735
830
892
943
953
936
892
818
741
662
603
571
550
549
544
542
526
492
448
374
293
209
125
59
-3
-49
-86
-117
-132
-142
-136
-119
-100
-75
-59
-45
-54
-88
-145
-219
-297
-374
-433
-470
-469
-438
-391
-327
-272
-221
-188
-177
-172
-176
-173
-161
-143
-102
-52
1
49
76
88
78
56
33
2
-21
-38
-50
-49
-55
-66
-82
-104
-120
-145
-163
-179
-185
-183
-191
-192
-197
-205
-219
-234
-220
-201
-155
-92
-20
61
130
194
238
266
275
257
242
220
202
203
207
225
243
257
268
275
274
269
257
252
255
258
278
294
321
346
353
365
359
346
321
291
267
232
207
184
159
139
107
75
49
16
-16
-60
-100
-142
-193
-232
-273
-306
-334
-363
-384
-394
-391
-379
-363
-345
-328
-310
-288
-265
-242
-220
-210
-201
-193
-183
-166
-159
-146
-142
-147
-147
-151
-147
-148
-156
-168
-183
-195
-199
-201
-199
-199
-199
-200
-193
-183
-171
-156
-142
-132
-115
-92
-66
-29
2
37
73
111
151
183
215
239
257
274
290
305
320
330
339
343
344
344
337
326
306
281
256
242
229
219
216
219
226
235
250
263
272
276
270
258
242
226
207
186
162
135
115
97
83
66
49
27
-5
-35
-72
-109
-150
-197
-243
-288
-317
-345
-360
-369
-368
-363
-350
-327
-304
-278
-259
-241
-222
-200
-179
-163
-150
-140
-130
-123
-110
-98
-87
-79
-71
-60
-44
-30
-21
-24
-27
-40
-54
-64
-78
-86
-97
-105
-110
-109
-103
-95
-87
-78
-66
-49
-25
5
40
73
103
136
156
181
196
205
212
209
221
226
243
251
259
262
255
248
233
223
202
175
146
125
106
99
89
88
85
79
86
87
95
95
94
84
77
72
69
63
51
44
27
19
5
-3
-12
-32
-48
-83
-99
-128
-155
-184
-221
-252
-288
-297
-306
-302
-294
-291
-287
-273
-255
-230
-215
-205
-193
-186
-164
-142
-117
-92
-73
-54
-38
-16
5
18
28
25
19
11
1
-4
-7
-12
-22
-30
-37
-37
-38
-45
-54
-65
-75
-81
-75
-64
-56
-46
-32
-12
9
33
63
78
84
92
90
104
114
125
136
144
162
177
194
208
211
209
196
180
165
157
147
137
122
114
114
118
127
132
143
145
148
150
145
138
131
121
115
114
109
110
110
113
108
102
90
62
36
1
-37
-74
-107
-132
-161
-184
-209
-226
-239
-250
-258
-266
-266
-268
-262
-246
-224
-199
-177
-152
-131
-108
-89
-73
-58
-47
-37
-33
-18
2
23
39
51
65
71
77
76
63
43
11
-28
-55
-74
-81
-77
-65
-40
-6
41
99
151
183
189
166
126
73
19
-31
-74
-94
-88
-52
9
76
147
201
236
245
231
200
150
92
31
-26
-62
-83
-77
-47
-6
43
95
142
172
186
174
139
91
34
-19
-56
-76
-82
-73
-55
-26
5
33
54
58
44
12
-32
-79
-127
-168
-202
-221
-224
-215
-195
-172
-156
-147
-146
-155
-165
-175
-187
-194
-194
-186
-166
-141
-109
-71
-37
-6
16
31
42
47
49
48
51
56
63
73
86
100
110
115
109
100
82
61
39
14
-5
-20
-33
-41
-48
-51
-55
-59
-65
-74
-81
-87
-88
-87
-79
-66
-49
-27
-5
21
42
62
79
88
97
103
105
114
121
129
141
158
172
188
202
212
216
213
207
195
186
172
161
156
150
152
157
166
178
180
177
165
144
116
84
51
23
-2
-21
-33
-37
-39
-45
-51
-69
-92
-122
-156
-189
-217
-240
-252
-256
-249
-232
-216
-191
-172
-153
-137
-131
-123
-116
-110
-107
-104
-96
-88
-77
-60
-40
-12
15
41
64
79
83
75
55
30
0
-28
-46
-59
-56
-45
-34
-19
-15
-16
-27
-50
-81
-115
-147
-170
-181
-176
-158
-133
-101
-68
-36
-11
12
29
34
32
30
25
28
33
45
60
78
102
124
147
165
172
165
145
118
88
62
48
45
47
64
89
117
147
166
171
160
129
86
36
-2
-27
-37
-26
-4
21
54
66
51
11
-51
-113
-178
-227
-261
-269
-246
-214
-173
-137
-114
-106
-113
-129
-144
-147
-136
-114
-85
-42
-8
18
34
38
44
40
35
32
36
58
71
92
106
110
112
97
84
70
65
68
70
80
85
84
70
49
23
-9
-34
-50
-48
-28
6
44
82
115
128
120
96
65
41
30
37
69
119
180
239
287
313
315
293
254
208
169
145
140
154
184
225
264
296
310
303
285
251
211
171
136
111
97
93
94
98
103
102
92
72
44
9
-30
-71
-111
-146
-181
-209
-236
-256
-274
-286
-294
-297
-300
-300
-299
-298
-295
-294
-298
-299
-299
-299
-294
-285
-271
-257
-244
-229
-217
-207
-197
-189
-182
-177
-167
-157
-146
-132
-121
-105
-92
-80
-70
-62
-54
-51
-50
-51
-51
-53
-55
-59
-64
-68
-70
-69
-71
-72
-71
-67
-58
-44
-27
-5
16
39
61
80
99
110
118
126
130
134
141
150
162
175
187
201
211
220
227
229
227
228
225
222
216
206
201
192
180
164
148
137
124
116
107
100
93
83
70
53
32
8
-16
-40
-60
-74
-83
-87
-91
-92
-94
-97
-105
-111
-120
-128
-131
-130
-117
-103
-83
-63
-49
-36
-28
-28
-31
-34
-41
-38
-30
-17
1
18
36
51
56
52
46
39
38
38
50
55
59
60
63
67
58
34
3
-22
-43
-59
-71
-69
-53
-29
-9
6
24
32
30
14
-2
-14
-27
-38
-39
-24
-1
15
33
51
68
93
97
93
88
80
78
71
64
62
63
73
90
104
106
96
78
61
41
17
-8
-15
-11
-6
-6
-17
-30
-45
-67
-100
-137
-165
-190
-206
-194
-174
-157
-153
-160
-165
-163
-177
-213
-245
-263
-267
-252
-232
-207
-170
-118
-73
-36
-24
-25
-40
-59
-83
-109
-126
-128
-110
-72
-20
40
81
113
130
135
131
112
75
38
20
13
23
39
68
103
138
166
175
169
151
123
81
48
27
18
25
44
72
95
116
127
135
138
132
116
100
84
71
67
72
92
115
138
158
172
181
177
160
139
120
99
84
80
85
95
106
113
109
104
90
68
41
12
-12
-37
-58
-78
-96
-108
-117
-124
-130
-137
-144
-149
-154
-160
-174
-191
-211
-229
-243
-255
-258
-252
-240
-220
-192
-165
-138
-118
-108
-104
-102
-105
-108
-109
-105
-97
-83
-66
-42
-14
13
38
55
70
80
83
81
76
65
55
47
38
36
37
40
44
48
52
55
55
52
46
37
26
15
9
-1
-4
-6
-7
-5
-3
0
7
13
22
34
45
58
70
80
86
92
92
92
89
85
85
88
95
100
108
116
122
126
128
125
119
109
97
82
65
48
32
15
0
-14
-27
-36
-45
-58
-70
-79
-88
-102
-114
-124
-136
-143
-150
-156
-160
-160
-161
-158
-150
-144
-130
-118
-108
-97
-86
-75
-66
-59
-48
-34
-23
-10
4
15
31
44
54
65
75
83
88
95
99
100
100
102
104
105
104
105
101
99
94
87
81
74
66
60
56
55
55
56
56
56
59
58
56
54
52
48
44
40
40
43
49
56
63
74
83
89
95
95
95
92
88
80
75
73
73
75
74
78
77
75
71
63
50
37
24
10
-3
-15
-26
-37
-50
-62
-75
-88
-104
-120
-136
-152
-163
-173
-177
-180
-182
-181
-179
-178
-178
-179
-179
-179
-177
-173
-167
-155
-142
-125
-108
-90
-74
-58
-45
-35
-26
-18
-10
-2
7
21
38
54
70
81
92
100
101
97
89
79
72
65
62
60
63
69
75
78
75
69
56
39
18
-2
-19
-30
-35
-31
-24
-13
-2
3
6
2
-3
-11
-21
-28
-32
-28
-21
-7
6
23
36
46
51
50
44
35
26
19
18
21
30
43
57
71
80
80
69
52
25
-5
-35
-58
-73
-79
-71
-58
-39
-23
-15
-15
-30
-54
-86
-120
-151
-172
-181
-178
-160
-134
-101
-69
-42
-23
-14
-17
-30
-48
-65
-75
-74
-62
-43
-9
28
65
95
116
128
127
120
103
85
70
62
66
78
96
116
136
151
156
152
136
112
85
57
35
22
17
23
38
51
65
72
72
64
47
23
-2
-24
-37
-42
-38
-26
-10
13
34
48
56
56
49
35
20
5
-8
-13
-13
-3
11
29
45
55
61
61
52
37
15
-4
-19
-27
-28
-25
-18
-8
-4
-5
-15
-31
-48
-69
-90
-110
-122
-126
-124
-117
-108
-99
-89
-87
-85
-90
-100
-110
-121
-128
-133
-130
-122
-106
-84
-59
-37
-19
-3
8
15
15
11
8
4
6
12
21
33
45
59
74
87
95
97
96
94
88
79
65
50
40
33
31
30
33
36
40
41
37
26
17
5
-7
-15
-21
-25
-26
-24
-20
-18
-18
-19
-22
-18
-17
-14
-15
-15
-13
-8
-6
-4
-2
3
10
15
19
22
20
19
16
11
5
0
-3
0
3
10
11
12
12
7
-2
-20
-36
-51
-62
-69
-72
-67
-64
-55
-51
-48
-49
-55
-61
-66
-73
-77
-80
-83
-81
-75
-65
-52
-37
-22
-7
5
14
17
17
17
17
16
18
22
30
44
60
76
89
99
104
103
98
88
76
66
57
51
47
49
53
61
68
71
73
69
60
47
33
18
7
-4
-8
-6
-2
5
15
21
26
28
26
22
17
10
4
1
1
4
11
20
31
42
50
55
55
49
42
29
20
13
8
5
7
12
16
21
21
16
6
-6
-20
-37
-56
-71
-82
-89
-90
-89
-84
-80
-77
-78
-83
-91
-105
-117
-129
-138
-141
-137
-128
-114
-99
-84
-69
-58
-50
-46
-48
-51
-52
-52
-48
-38
-26
-8
12
31
50
65
73
76
72
67
60
54
48
47
51
59
68
77
84
91
93
89
83
73
59
47
35
29
25
24
27
31
38
43
46
47
44
40
33
25
16
10
9
10
14
20
29
37
43
49
50
49
46
40
33
28
24
22
23
25
28
32
35
34
31
24
14
3
-8
-22
-31
-38
-42
-44
-47
-46
-49
-54
-60
-68
-79
-90
-101
-110
-115
-118
-116
-112
-105
-97
-91
-84
-82
-81
-82
-83
-84
-82
-79
-73
-62
-50
-33
-17
-6
7
17
22
26
28
29
29
31
34
39
46
56
65
75
82
87
89
86
82
75
66
58
50
46
46
47
50
54
56
58
57
53
45
37
28
21
13
9
7
6
8
10
14
17
18
20
18
13
9
4
2
-1
-2
-1
1
3
5
7
7
6
4
-1
-5
-9
-13
-18
-20
-22
-24
-23
-25
-27
-28
-30
-34
-37
-42
-45
-48
-52
-52
-52
-52
-51
-50
-49
-47
-46
-46
-46
-45
-42
-41
-37
-32
-28
-22
-14
-8
-3
1
4
6
8
11
13
15
19
23
28
31
36
40
44
45
46
45
43
43
42
41
39
38
39
39
40
41
40
39
34
33
31
27
25
23
20
18
17
16
14
15
15
11
9
7
4
2
2
0
-3
-4
-7
-10
-11
-10
-12
-15
-16
-17
-21
-23
-24
-26
-27
-27
-29
-29
-32
-32
-33
-35
-34
-35
-36
-38
-39
-40
-41
-41
-41
-41
-40
-39
-38
-37
-37
-35
-34
-34
-33
-32
-30
-27
-24
-22
-19
-18
-13
-12
-8
-5
-2
3
5
8
11
14
17
21
23
27
30
32
35
38
40
41
43
44
46
48
49
49
50
50
50
49
48
47
48
47
45
45
44
44
42
39
38
37
34
33
31
26
25
21
18
15
13
12
11
8
5
2
1
-3
-6
-9
-11
-14
-15
-19
-22
-25
-26
-28
-30
-31
-33
-34
-36
-36
-38
-39
-41
-42
-43
-43
-43
-44
-46
-46
-46
-46
-45
-46
-46
-44
-43
-40
-38
-36
-34
-33
-31
-31
-28
-25
-23
-21
-19
-16
-14
-10
-5
-1
3
7
12
16
20
22
25
25
27
29
31
35
37
39
43
45
48
50
51
53
53
53
53
52
50
49
48
48
48
47
46
45
42
40
37
35
31
27
24
21
17
17
15
13
10
7
4
0
-4
-8
-12
-16
-21
-24
-26
-29
-30
-31
-32
-35
-39
-41
-45
-48
-50
-50
-51
-52
-52
-51
-50
-48
-49
-50
-50
-51
-52
-53
-52
-51
-49
-47
-46
-42
-39
-34
-31
-27
-24
-23
-22
-22
-20
-18
-15
-12
-8
-4
-2
3
8
10
17
20
23
24
26
28
30
31
34
37
40
42
47
49
53
53
52
51
50
49
49
49
49
48
48
47
46
46
45
43
41
38
35
31
28
23
21
20
17
15
13
12
11
9
7
5
2
-2
-6
-9
-11
-14
-14
-16
-16
-18
-20
-21
-23
-26
-26
-29
-32
-32
-35
-35
-37
-37
-36
-36
-36
-35
-34
-34
-36
-36
-37
-37
-37
-37
-36
-34
-31
-29
-27
-23
-22
-21
-21
-20
-19
-18
-15
-15
-11
-10
-8
-5
-1
3
6
9
11
13
14
16
18
18
20
22
25
28
31
34
36
36
38
38
37
37
36
36
36
35
35
33
33
33
32
31
30
27
27
24
23
21
16
14
11
9
7
5
3
2
-1
-2
-3
-6
-10
-10
-13
-16
-18
-19
-21
-21
-22
-23
-23
-26
-26
-27
-28
-28
-28
-29
-30
-31
-30
-31
-30
-28
-27
-25
-25
-23
-22
-22
-21
-20
-20
-22
-22
-21
-19
-17
-15
-12
-9
-8
-7
-6
-5
-3
-2
0
1
3
4
5
7
8
9
10
9
13
14
15
17
19
22
22
23
24
22
25
26
27
27
30
29
28
28
27
25
24
23
22
21
20
21
20
20
19
17
16
13
13
11
12
11
10
9
8
7
4
3
2
-2
-2
-4
-6
-4
-6
-7
-8
-7
-8
-10
-11
-12
-13
-13
-14
-14
-15
-15
-16
-16
-15
-15
-14
-14
-14
-14
-14
-13
-13
-13
-15
-14
-13
-14
-13
-12
-11
-9
-9
-9
-9
-8
-9
-7
-8
-7
-6
-4
-3
-3
-4
-4
-3
-3
-4
-4
-4
-3
-3
-1
0
1
3
2
3
2
4
4
6
6
6
5
6
6
5
5
7
7
9
10
9
9
10
9
6
4
3
1
2
2
3
4
4
6
6
6
6
5
3
3
2
1
1
0
1
0
0
-1
0
0
1
2
1
2
2
0
-2
-2
-3
-4
-4
-5
-4
-4
-3
-2
-1
0
0
-1
0
-1
0
-1
-1
0
-1
0
1
2
3
2
3
3
3
2
4
5
6
7
6
5
7
6
7
7
7
7
6
6
6
8
8
9
10
10
9
9
9
9
10
8
9
8
7
8
8
8
9
10
9
8
6
6
5
4
3
3
4
2
2
3
3
2
0
0
-2
-1
-1
-1
-1
-1
-2
-4
-6
-7
-8
-8
-9
-9
-7
-8
-8
-8
-8
-9
-10
-10
-12
-13
-12
-13
-13
-13
-11
-12
-11
-13
-12
-12
-12
-13
-12
-12
-11
-10
-10
-8
-9
-9
-10
-10
-9
-8
-7
-6
-5
-6
-4
-5
-6
-5
-5
-5
-5
-4
-3
-3
-2
-1
-1
0
-1
0
-1
0
0
1
0
1
2
1
1
1
3
3
4
4
5
5
3
3
2
3
4
3
3
4
5
5
4
6
6
5
5
6
6
6
6
5
6
5
4
3
3
4
4
4
4
3
5
5
4
3
3
1
2
1
2
2
2
1
1
0
-1
-1
0
-1
-1
-1
0
0
1
1
1
1
0
0
-1
-1
-1
0
0
0
2
3
3
3
3
2
2
2
2
2
2
3
2
3
5
4
4
5
4
6
4
3
4
4
5
4
2
3
2
1
3
2
3
4
3
5
4
4
4
4
3
3
3
4
3
3
3
2
3
1
2
2
2
0
1
1
2
0
0
1
2
2
2
2
1
0
-1
-1
-2
-2
-3
-3
-1
0
-1
-2
-1
-2
-3
-4
-5
-5
-5
-6
-5
-5
-6
-5
-6
-6
-5
-5
-4
-4
-6
-4
-3
-4
-4
-6
-5
-6
-3
-4
-2
-2
0
0
-1
1
-1
-1
0
0
-1
0
-1
0
1
2
0
0
2
-3
0
0
0
1
0
1
1
0
-1
0
-1
2
1
1
1
0
1
1
2
2
2
1
1
2
1
2
1
3
1
0
-1
-2
-1
-2
-1
-1
1
-1
0
-1
-1
-1
0
1
1
1
2
2
1
1
0
-1
-1
-1
-1
0
-1
-3
-2
-4
-3
-4
-6
-5
-3
-4
-2
-2
-2
-1
-2
0
-2
-2
-1
-1
-1
-2
-3
-3
-2
-2
-2
-3
-1
-2
-2
-2
-1
-1
-4
-2
-4
-3
-3
-3
-3
-3
-2
-2
-1
-2
-1
-3
-3
-3
-4
-2
-3
-4
-3
-2
-2
0
0
-1
0
-1
0
-1
-1
0
1
2
2
2
2
3
2
2
3
3
3
4
4
4
3
2
1
1
1
2
2
3
3
5
4
4
3
3
3
2
2
3
2
2
3
1
2
2
1
0
1
1
1
2
1
1
-1
-1
-2
-3
-2
-2
-1
-1
0
0
0
0
-1
-1
-2
-1
-2
-1
-2
-2
-2
0
0
0
0
1
2
2
2
2
2
2
1
1
2
1
1
2
2
3
3
3
3
3
4
3
3
2
3
3
2
2
4
3
3
3
3
4
3
3
4
3
3
3
4
4
4
4
5
4
4
2
3
4
3
4
3
4
4
2
2
0
-1
-1
0
1
1
0
1
0
0
0
-1
-1
-1
-1
-1
-2
-2
-3
-3
-4
-6
-6
-5
-7
-6
-6
-6
-6
-6
-6
-6
-7
-7
-6
-6
-7
-7
-7
-7
-6
-7
-5
-5
-4
-4
-4
-3
-3
-2
-2
-2
-3
-2
-2
-1
-1
-1
0
0
1
2
0
2
1
2
1
1
2
1
2
2
1
4
2
3
4
3
3
4
3
3
3
4
3
3
2
3
2
2
1
2
2
3
2
2
1
0
1
1
1
0
3
3
2
2
2
2
1
1
1
0
0
0
-1
-1
-1
-1
-2
-2
-2
-2
-2
-2
-1
-1
-1
-1
-1
-2
-1
-1
-1
-1
-2
-3
-1
-2
-2
-1
-1
-1
-1
-1
-1
-1
0
-1
0
1
1
0
2
2
1
2
3
3
4
4
3
5
4
3
4
5
4
4
3
3
3
3
3
3
3
4
3
3
3
4
3
3
2
3
2
2
1
2
3
1
1
1
-1
1
1
0
0
-2
-1
-1
-1
-3
-3
-2
-4
-4
-3
-4
-5
-5
-5
-4
-5
-6
-6
-7
-7
-6
-6
-7
-6
-7
-7
-7
-7
-6
-7
-6
-6
-7
-7
-6
-5
-4
-5
-4
-3
-4
-3
-3
-3
-3
-3
-3
-2
-3
-3
-3
-2
-2
-2
0
0
1
2
1
1
1
3
3
2
2
3
4
3
3
4
4
4
4
5
5
5
5
5
4
4
4
4
4
5
5
5
5
5
6
5
6
5
4
5
4
4
3
4
4
3
4
3
4
4
3
4
3
2
2
1
1
1
0
1
-1
0
0
2
1
0
1
0
0
0
-1
-1
0
0
0
0
-1
-1
-1
-2
-2
-1
-2
-1
-2
-1
-2
-2
-2
-2
-1
-1
-1
0
-2
-1
-1
0
-1
-1
0
0
-1
0
0
-1
-1
-1
1
0
0
0
1
1
1
1
0
2
1
0
0
0
0
-1
0
0
1
1
0
0
-1
1
-1
-1
-1
0
-1
0
-1
-1
-1
-2
-1
-2
0
-1
0
-1
-1
-1
-1
-2
-2
-2
-2
-2
-2
-3
-3
-2
-2
-2
-2
-2
-3
-2
-2
-3
-2
-3
-2
-2
-2
-3
-2
-2
-2
-2
-1
-2
-2
-2
-2
-2
-2
-2
-2
-2
-1
-1
-1
-2
-1
-1
-1
0
0
0
0
0
0
0
1
1
1
0
0
1
1
1
1
2
2
2
2
2
1
0
0
2
1
1
2
2
2
2
2
2
1
1
1
1
1
1
0
0
1
2
2
1
1
1
0
2
1
3
2
1
1
2
2
1
1
0
1
1
0
0
-1
0
-1
-1
0
-1
-1
-1
-1
-1
-1
-1
-1
-1
0
-1
-1
-1
-1
-1
-1
-1
0
-1
0
0
1
0
1
0
0
0
-1
0
1
2
1
1
1
1
1
1
1
1
1
2
2
1
1
2
2
1
2
1
0
0
0
1
1
2
2
1
1
1
0
1
3
3
2
4
4
3
4
3
4
3
2
2
2
2
3
2
3
2
2
2
1
2
1
1
0
1
1
1
1
0
1
0
0
0
0
0
-1
-1
-1
-2
-2
-1
-2
-2
-4
-2
-3
-3
-4
-3
-3
-3
-2
-2
-3
-3
-2
-3
-3
-2
-1
-2
-2
-2
-2
-2
-2
-1
-2
-2
-1
-2
-2
-1
-2
-3
-2
-1
-1
-1
-1
-1
-1
0
0
0
-1
1
0
0
0
-1
0
0
-1
-1
-1
-1
-2
-1
-1
-1
-2
-3
-3
-3
-2
-2
-1
-2
-2
-1
-1
0
-1
0
0
-1
-1
0
0
1
0
0
-1
-1
0
1
0
0
0
0
0
0
1
0
0
0
0
-1
-1
-1
-2
-1
-1
-1
0
0
0
0
0
-1
-2
-1
-1
-2
-1
-2
-1
-1
0
0
-1
-1
-1
-1
-1
-1
0
-1
0
-1
0
0
0
1
1
0
1
1
0
3
1
1
2
1
2
2
2
2
3
2
2
2
1
1
1
1
1
2
2
2
2
2
2
2
0
0
1
1
1
-1
0
1
0
1
-1
1
1
2
1
2
1
0
1
2
2
3
4
4
4
4
4
3
4
5
4
5
4
4
4
4
5
4
3
4
3
1
3
2
2
2
2
2
2
1
2
2
2
1
1
2
0
0
0
0
1
0
0
0
0
-1
0
-1
-1
-1
0
0
-1
-1
-1
-1
-2
-1
-1
-2
-1
0
-1
-1
-1
-1
1
-1
-1
0
0
-1
0
-1
0
-1
1
1
1
0
0
-1
0
1
-1
-1
0
-1
0
0
1
0
0
1
-1
-1
-1
-1
-2
-1
-2
-1
-2
-3
-2
-2
-1
-2
-1
-1
-2
-1
-1
0
-1
0
-1
-2
-2
-2
-1
-3
-3
-2
-2
-2
-2
-3
-3
-3
-2
-2
-2
-3
-1
-1
-1
-1
-1
-1
-2
-2
-2
-2
-3
-1
-2
-2
-2
-1
-1
-1
-1
-1
0
-1
-1
0
0
0
-1
0
-1
-1
-2
-1
0
-1
-1
0
0
0
0
0
1
1
1
1
1
0
2
2
2
2
1
2
2
2
2
2
3
3
2
1
1
1
1
0
1
1
0
0
1
1
2
2
2
0
0
1
-1
0
1
1
0
0
0
0
1
1
1
1
1
1
2
1
2
2
1
1
0
0
0
1
0
1
0
3
1
1
1
2
1
2
1
1
0
0
0
-1
0
-1
-1
0
0
0
-1
0
-1
0
0
0
-1
0
-1
-1
-1
-2
-1
-2
-1
-2
-2
-1
-2
-2
-2
-2
-2
-1
-2
-2
-1
-1
-2
-2
-1
-2
-1
-2
-2
-1
-2
-1
-1
-1
-1
0
-1
-2
-1
-1
-1
-1
-1
-2
-2
-1
0
-1
-1
-1
-2
-2
-1
0
-1
0
0
1
0
0
0
0
1
1
0
1
1
1
1
1
0
0
-1
1
0
0
0
-1
-1
-1
1
-1
0
0
1
2
