2.363289e+062 -3.830785e+058 -1.007004e+059 -1.788077e+059 -2.619218e+059 -3.372633e+059 -3.931601e+059 -4.178848e+059 -4.041344e+059 -3.465320e+059 -2.453402e+059 1.321793e+056 
2.363289e+062 -3.821039e+058 -1.003784e+059 -1.781614e+059 -2.608658e+059 -3.358861e+059 -3.916768e+059 -4.162821e+059 -4.026354e+059 -3.452581e+059 -2.444814e+059 1.312116e+056 
2.363289e+062 -3.840190e+058 -1.007858e+059 -1.790378e+059 -2.620586e+059 -3.373575e+059 -3.931369e+059 -4.180711e+059 -4.040377e+059 -3.467045e+059 -2.453998e+059 1.323243e+056 
2.363288e+062 -3.806348e+058 -1.000419e+059 -1.776242e+059 -2.602191e+059 -3.349015e+059 -3.902858e+059 -4.150986e+059 -4.013943e+059 -3.442652e+059 -2.437552e+059 1.304088e+056 
2.363287e+062 -3.807294e+058 -1.000882e+059 -1.779894e+059 -2.603392e+059 -3.356380e+059 -3.908514e+059 -4.158362e+059 -4.021225e+059 -3.448258e+059 -2.441695e+059 1.307827e+056 
2.363285e+062 -3.789567e+058 -9.951870e+058 -1.763633e+059 -2.578222e+059 -3.318187e+059 -3.865335e+059 -4.116054e+059 -3.982606e+059 -3.415299e+059 -2.420755e+059 1.283666e+056 
2.363141e+062 -3.955719e+058 -9.560596e+058 -1.598981e+059 -2.164278e+059 -2.766486e+059 -3.338875e+059 -3.589784e+059 -3.550121e+059 -3.254689e+059 -2.371066e+059 1.047856e+056 
2.361647e+062 4.157794e+057 5.755063e+058 1.556711e+059 1.959834e+059 1.065694e+059 -1.693516e+058 5.195529e+058 3.826596e+058 -4.318297e+058 -8.896325e+058 2.387187e+054 
2.354887e+062 5.518510e+059 8.668250e+059 1.267416e+060 1.662839e+060 2.091461e+060 1.059438e+060 1.480800e+060 1.496341e+060 7.495232e+059 7.053377e+059 3.129222e+057 
2.346041e+062 3.537393e+059 1.072178e+060 3.813344e+060 3.622798e+060 5.419950e+060 4.332054e+060 3.641066e+060 3.579725e+060 1.795435e+060 1.336368e+060 1.696659e+058 
2.331937e+062 1.163019e+060 2.794638e+060 7.710491e+060 6.134440e+060 9.772610e+060 7.769207e+060 6.536869e+060 5.968686e+060 3.110091e+060 2.751120e+060 5.957331e+058 
2.313846e+062 1.522549e+060 4.345924e+060 9.991401e+060 1.238970e+061 1.443661e+061 1.168437e+061 1.150876e+061 9.583946e+060 6.778006e+060 4.292255e+060 1.512374e+059 
2.303904e+062 4.037010e+060 4.575992e+060 1.177614e+061 1.119316e+061 1.457674e+061 1.526086e+061 1.266821e+061 1.290848e+061 6.979176e+060 6.521086e+060 2.245483e+059 
2.315272e+062 6.055312e+059 9.712723e+059 7.639457e+060 9.089373e+060 1.648181e+061 1.779700e+061 1.559840e+061 1.199980e+061 4.700248e+060 3.156706e+060 1.562409e+059 
2.337907e+062 7.182729e+059 1.765236e+060 5.624420e+060 6.239625e+060 7.525650e+060 4.897695e+060 4.701980e+060 5.008976e+060 3.045122e+060 2.460116e+060 3.517943e+058 
2.355019e+062 -2.081487e+060 -5.244091e+060 -8.704614e+060 -1.220424e+061 -1.449264e+061 -1.585606e+061 -1.564321e+061 -1.391843e+061 -1.103657e+061 -7.044036e+060 2.270067e+059 
2.344161e+062 -5.206978e+060 -1.315576e+061 -2.176298e+061 -3.026689e+061 -3.551230e+061 -3.760123e+061 -3.574720e+061 -2.980244e+061 -2.201361e+061 -1.286867e+061 1.259428e+060 
2.343136e+062 -5.773992e+060 -1.448416e+061 -2.410481e+061 -3.284776e+061 -3.825600e+061 -3.983821e+061 -3.721838e+061 -3.076489e+061 -2.214695e+061 -1.273946e+061 1.430028e+060 
2.343718e+062 -5.460754e+060 -1.366727e+061 -2.272658e+061 -3.106181e+061 -3.613805e+061 -3.768118e+061 -3.525151e+061 -2.913270e+061 -2.099247e+061 -1.208506e+061 1.275522e+060 
2.342228e+062 -5.247786e+060 -1.319043e+061 -2.162941e+061 -2.987556e+061 -3.366551e+061 -3.473652e+061 -3.217658e+061 -2.602401e+061 -1.868999e+061 -1.038326e+061 1.095420e+060 
2.337113e+062 -6.867487e+060 -1.656771e+061 -2.627712e+061 -3.429157e+061 -3.734389e+061 -3.617346e+061 -3.105519e+061 -2.317421e+061 -1.501239e+061 -7.600311e+060 1.213340e+060 
2.343758e+062 -5.119026e+060 -1.224904e+061 -1.975484e+061 -2.662114e+061 -3.077008e+061 -3.200440e+061 -2.932752e+061 -2.369861e+061 -1.655216e+061 -9.361942e+060 9.091911e+059 
2.349450e+062 -3.624916e+060 -9.001053e+060 -1.489009e+061 -2.076402e+061 -2.462156e+061 -2.640320e+061 -2.551220e+061 -2.170179e+061 -1.619945e+061 -9.702139e+060 6.159992e+059 
2.356749e+062 -1.800320e+060 -4.412961e+060 -7.042115e+060 -9.329093e+060 -1.058188e+061 -1.092599e+061 -1.039740e+061 -8.992375e+060 -7.134077e+060 -4.689514e+060 1.187697e+059 
2.362074e+062 -3.602398e+059 -8.955267e+059 -1.499705e+060 -2.077545e+060 -2.510072e+060 -2.746247e+060 -2.708281e+060 -2.420052e+060 -1.910622e+060 -1.249673e+060 6.682036e+057 
2.361770e+062 -4.382997e+059 -1.017601e+060 -1.539475e+060 -1.864918e+060 -1.940048e+060 -1.811505e+060 -1.570752e+060 -1.298336e+060 -1.026161e+060 -7.218888e+059 3.762096e+057 
2.362494e+062 -2.474967e+059 -5.822388e+059 -9.104729e+059 -1.162084e+060 -1.294892e+060 -1.316395e+060 -1.259144e+060 -1.143111e+060 -9.599860e+059 -6.856468e+059 1.926104e+057 
2.362905e+062 -1.542386e+059 -3.908346e+059 -6.633558e+059 -9.230599e+059 -1.127250e+060 -1.243790e+060 -1.255442e+060 -1.156768e+060 -9.496501e+059 -6.469382e+059 1.402839e+057 
2.362697e+062 -1.891503e+059 -4.270942e+059 -6.225079e+059 -7.142497e+059 -6.894489e+059 -5.846282e+059 -4.589400e+059 -3.600185e+059 -2.972898e+059 -2.359491e+059 4.465561e+056 
2.363111e+062 -8.790330e+058 -2.166072e+059 -3.548256e+059 -4.761386e+059 -5.612094e+059 -6.024744e+059 -6.001481e+059 -5.557268e+059 -4.677920e+059 -3.322706e+059 3.620568e+056 
2.363246e+062 -4.669003e+058 -1.220595e+059 -2.157343e+059 -3.143706e+059 -4.031969e+059 -4.680508e+059 -4.962223e+059 -4.780303e+059 -4.088171e+059 -2.887655e+059 1.886602e+056 
2.363273e+062 -3.953797e+058 -1.038449e+059 -1.838620e+059 -2.686957e+059 -3.452053e+059 -4.020516e+059 -4.272169e+059 -4.126029e+059 -3.540862e+059 -2.504656e+059 1.387904e+056 
2.363290e+062 -3.801078e+058 -9.978358e+058 -1.771561e+059 -2.591328e+059 -3.336943e+059 -3.883499e+059 -4.132823e+059 -3.994674e+059 -3.426271e+059 -2.426954e+059 1.294020e+056 
2.363287e+062 -3.805796e+058 -9.998576e+058 -1.772711e+059 -2.595209e+059 -3.339853e+059 -3.892143e+059 -4.138130e+059 -4.003308e+059 -3.432478e+059 -2.432208e+059 1.298081e+056 
2.363288e+062 -3.829585e+058 -1.006789e+059 -1.788159e+059 -2.618362e+059 -3.371073e+059 -3.927281e+059 -4.179892e+059 -4.038191e+059 -3.463753e+059 -2.451817e+059 1.320735e+056 
2.363289e+062 -3.810465e+058 -1.000173e+059 -1.775716e+059 -2.597048e+059 -3.344530e+059 -3.897960e+059 -4.147011e+059 -4.008425e+059 -3.438077e+059 -2.433952e+059 1.301469e+056 
2.363288e+062 -3.807976e+058 -1.002560e+059 -1.780564e+059 -2.606093e+059 -3.357174e+059 -3.912876e+059 -4.161976e+059 -4.022655e+059 -3.449157e+059 -2.443111e+059 1.309628e+056 
