2.362987e+062 -1.023578e+059 -2.750158e+059 -4.791000e+059 -7.071516e+059 -9.049513e+059 -1.046842e+060 -1.103191e+060 -1.062264e+060 -8.997690e+059 -6.302158e+059 9.353492e+056 
2.363144e+062 -6.408889e+058 -1.709965e+059 -3.028505e+059 -4.438930e+059 -5.698138e+059 -6.595159e+059 -7.002352e+059 -6.724410e+059 -5.724827e+059 -4.017838e+059 3.721126e+056 
2.363225e+062 -5.227528e+058 -1.369541e+059 -2.437663e+059 -3.549403e+059 -4.562972e+059 -5.307576e+059 -5.621373e+059 -5.412165e+059 -4.636821e+059 -3.265870e+059 2.409877e+056 
2.363248e+062 -3.788505e+058 -1.022520e+059 -1.814420e+059 -2.691430e+059 -3.467069e+059 -4.033335e+059 -4.306966e+059 -4.170927e+059 -3.571724e+059 -2.537224e+059 1.385910e+056 
2.363247e+062 -3.819852e+058 -9.988908e+058 -1.799977e+059 -2.650069e+059 -3.409786e+059 -4.011226e+059 -4.240643e+059 -4.135909e+059 -3.546214e+059 -2.520923e+059 1.356574e+056 
2.363260e+062 -3.714860e+058 -9.904928e+058 -1.765939e+059 -2.618654e+059 -3.363966e+059 -3.943116e+059 -4.166855e+059 -4.055166e+059 -3.480410e+059 -2.465016e+059 1.311145e+056 
2.363260e+062 -3.565728e+058 -9.758537e+058 -1.725781e+059 -2.539740e+059 -3.277362e+059 -3.817576e+059 -4.081326e+059 -3.950323e+059 -3.393541e+059 -2.399361e+059 1.243717e+056 
2.363258e+062 -3.600854e+058 -9.538713e+058 -1.700220e+059 -2.512903e+059 -3.247776e+059 -3.786778e+059 -4.047361e+059 -3.907902e+059 -3.349636e+059 -2.380368e+059 1.218775e+056 
2.363259e+062 -3.675307e+058 -9.925920e+058 -1.748908e+059 -2.589940e+059 -3.338172e+059 -3.889126e+059 -4.161046e+059 -4.010464e+059 -3.450770e+059 -2.442504e+059 1.289916e+056 
2.363132e+062 -2.075182e+058 -7.456030e+058 -1.689488e+059 -2.375365e+059 -2.750011e+059 -3.575487e+059 -4.002384e+059 -3.793181e+059 -3.135442e+059 -2.322431e+059 1.003527e+056 
2.274852e+062 1.199482e+061 7.178578e+060 1.168330e+061 2.378576e+061 2.408817e+061 1.461998e+061 2.132034e+061 1.795849e+061 1.264201e+061 1.027619e+061 5.983280e+059 
1.095959e+062 1.166645e+062 9.390819e+061 2.590126e+062 5.133736e+062 6.952649e+062 1.038378e+063 1.618310e+063 2.135968e+063 2.626403e+063 2.842740e+063 1.831106e+063 
7.625181e+061 1.332553e+062 1.585861e+062 3.949530e+062 9.377303e+062 1.759571e+063 3.410194e+063 6.615968e+063 1.186044e+064 1.969492e+064 2.796821e+064 2.456385e+064 
-4.471234e+060 1.300206e+062 -2.072243e+063 4.533549e+064 -1.101623e+066 2.794493e+067 -7.158688e+068 1.808579e+070 -4.396909e+071 9.912735e+072 -1.910722e+074 2.293824e+075 
-4.899794e+061 1.095885e+062 -1.256192e+062 4.082661e+062 -7.056518e+062 1.639311e+063 -3.486909e+063 7.439718e+063 -1.497735e+064 2.800950e+064 -4.469548e+064 4.439976e+064 
-1.546357e+061 1.226962e+062 -5.082852e+062 3.066536e+063 -1.989106e+064 1.361765e+065 -9.413957e+065 6.419856e+066 -4.213620e+067 2.564964e+068 -1.335093e+069 4.328502e+069 
3.508589e+061 1.001734e+062 1.725095e+062 5.158163e+062 1.589911e+063 4.433373e+063 1.232392e+064 3.387193e+064 8.901107e+064 2.163210e+065 4.485970e+065 5.782994e+065 
2.292600e+062 -2.391225e+060 2.596411e+060 1.015671e+061 3.897316e+059 -1.609073e+061 -2.744479e+061 -2.625599e+061 -1.554358e+061 -1.018789e+061 -8.050120e+060 6.447250e+058 
2.249805e+062 -5.054676e+060 7.869626e+060 2.439460e+061 9.124604e+060 -2.283737e+061 -4.410818e+061 -3.872096e+061 -1.942985e+061 -1.133111e+061 -1.012650e+061 1.902268e+057 
2.246645e+062 -4.969352e+060 1.020190e+061 3.148162e+061 2.078201e+061 -7.524731e+060 -3.500248e+061 -3.811813e+061 -1.941297e+061 -7.394823e+060 -2.466286e+060 -4.494555e+059 
2.307253e+062 -6.596141e+060 -5.021462e+060 3.503521e+060 7.003677e+060 2.547214e+059 -1.036927e+061 -1.454715e+061 -1.047458e+061 -4.861566e+060 -3.352749e+060 1.405696e+058 
2.349865e+062 -3.471178e+060 -8.225252e+060 -1.364050e+061 -1.951881e+061 -2.506141e+061 -2.891035e+061 -2.972861e+061 -2.701533e+061 -2.133485e+061 -1.380526e+061 7.090611e+059 
2.352462e+062 -3.131334e+060 -7.838460e+060 -1.336068e+061 -1.899288e+061 -2.378674e+061 -2.674965e+061 -2.717349e+061 -2.481981e+061 -1.995827e+061 -1.317451e+061 6.264962e+059 
2.356018e+062 -2.110316e+060 -5.236953e+060 -8.869146e+060 -1.259300e+061 -1.587741e+061 -1.812913e+061 -1.876539e+061 -1.748187e+061 -1.434760e+061 -9.674506e+060 2.900504e+059 
2.147759e+062 -4.825140e+061 -8.246617e+061 -6.859749e+061 -5.146767e+060 6.838305e+061 1.121658e+062 1.066813e+062 6.326090e+061 1.557689e+061 -1.148323e+061 -2.082946e+060 
1.877699e+062 2.770715e+061 1.539815e+060 7.791990e+061 7.502783e+061 7.788755e+061 9.878252e+061 1.084554e+062 9.550988e+061 5.628347e+061 4.866094e+061 1.073010e+061 
1.669285e+062 4.953786e+061 3.508415e+061 1.288878e+062 1.283716e+062 1.685350e+062 1.729681e+062 2.122588e+062 1.792787e+062 1.514080e+062 1.342558e+062 4.343287e+061 
8.730219e+061 8.828638e+061 8.693031e+061 3.610880e+062 4.554796e+062 7.832397e+062 1.342326e+063 1.904891e+063 2.848993e+063 3.735238e+063 4.170400e+063 2.887919e+063 
1.724589e+061 1.489384e+062 7.255725e+062 4.890614e+063 3.617062e+064 2.766956e+065 2.135121e+066 1.623819e+067 1.187844e+068 8.055219e+068 4.669251e+069 1.685361e+070 
1.597901e+062 6.776457e+061 3.623354e+061 1.482007e+062 1.864689e+062 1.825816e+062 2.433018e+062 3.055334e+062 2.524535e+062 2.571193e+062 2.225020e+062 8.244777e+061 
2.323127e+062 4.065747e+060 3.849119e+059 7.734718e+060 8.052207e+060 1.865263e+060 8.373761e+060 7.407780e+060 6.756619e+059 5.529673e+060 2.347768e+060 4.159970e+058 
2.355074e+062 5.728256e+059 -2.590787e+059 8.967973e+059 5.157718e+059 -3.859079e+059 1.523399e+059 5.200127e+059 -7.676910e+059 2.021673e+058 1.011410e+059 -1.019005e+056 
2.362006e+062 -6.098732e+058 -2.623777e+059 -2.873749e+059 -5.691188e+059 -5.762227e+059 -6.220915e+059 -6.078884e+059 -5.206605e+059 -3.947039e+059 -2.856406e+059 3.455234e+056 
2.361287e+062 -5.191221e+059 -1.301404e+060 -2.060384e+060 -2.724402e+060 -3.000088e+060 -2.919390e+060 -2.485630e+060 -1.812100e+060 -1.088249e+060 -4.759691e+059 6.948679e+057 
2.362926e+062 -1.063238e+059 -2.652818e+059 -4.306364e+059 -5.806552e+059 -6.574253e+059 -6.781625e+059 -6.143537e+059 -5.105078e+059 -3.723288e+059 -2.245458e+059 4.058423e+056 
2.363186e+062 -5.039285e+058 -1.287615e+059 -2.192877e+059 -3.104864e+059 -3.846008e+059 -4.381274e+059 -4.500818e+059 -4.243040e+059 -3.565517e+059 -2.512755e+059 1.710280e+056 
2.363235e+062 -4.261231e+058 -1.090065e+059 -1.900041e+059 -2.752052e+059 -3.503106e+059 -4.031523e+059 -4.242168e+059 -4.087254e+059 -3.487977e+059 -2.462460e+059 1.425722e+056 
2.363242e+062 -3.984779e+058 -1.029359e+059 -1.848003e+059 -2.685413e+059 -3.413001e+059 -3.962016e+059 -4.217711e+059 -4.086503e+059 -3.468321e+059 -2.448817e+059 1.363687e+056 
2.363215e+062 -4.302933e+058 -1.124656e+059 -1.910930e+059 -2.741366e+059 -3.431089e+059 -3.948445e+059 -4.148366e+059 -3.961561e+059 -3.351470e+059 -2.345340e+059 1.385896e+056 
2.363239e+062 -3.711157e+058 -9.843198e+058 -1.721678e+059 -2.514628e+059 -3.205370e+059 -3.710132e+059 -3.983484e+059 -3.843714e+059 -3.306228e+059 -2.356018e+059 1.210629e+056 
