-48
-48
-46
-46
-44
-43
-41
-41
-38
-37
-35
-33
-31
-28
-25
-23
-20
-18
-15
-13
-9
-8
-3
1
3
6
10
11
15
18
21
25
27
30
31
34
36
39
41
44
45
47
48
47
48
47
47
47
45
43
42
41
39
36
33
32
29
27
25
23
22
21
19
17
14
11
10
8
6
3
1
0
-3
-5
-7
-8
-10
-10
-12
-14
-14
-17
-18
-19
-20
-21
-22
-23
-24
-25
-25
-27
-27
-29
-28
-29
-29
-29
-28
-29
-27
-27
-26
-26
-25
-25
-24
-24
-24
-23
-22
-20
-20
-18
-16
-16
-13
-12
-9
-8
-6
-6
-4
-4
-2
1
1
3
3
4
8
9
11
12
14
15
17
18
21
22
22
24
24
24
24
24
23
23
24
22
22
22
21
20
19
17
15
15
13
12
10
9
8
7
7
7
6
6
5
6
5
4
3
3
2
1
1
0
0
-1
-1
-2
-2
-3
-2
-2
-1
-1
0
-1
-1
-1
-1
-2
-2
-4
-5
-3
-6
-4
-6
-6
-6
-7
-8
-7
-7
-5
-6
-7
-6
-6
-6
-6
-7
-7
-8
-8
-8
-8
-9
-8
-9
-9
-9
-10
-10
-9
-10
-10
-9
-9
-9
-8
-7
-9
-8
-6
-5
-5
-3
-3
-2
-2
-2
-1
-1
-1
-1
-1
0
0
0
2
0
0
0
0
-1
0
0
0
0
-1
-2
-1
-2
-2
-2
-1
-2
-3
0
-1
-1
-1
-1
-1
-2
-1
0
1
1
2
2
2
3
3
4
5
5
6
7
6
6
6
5
5
6
6
6
5
3
4
3
2
3
4
3
3
3
4
4
3
2
4
3
2
2
3
3
2
3
2
1
1
1
1
2
2
1
2
2
0
1
1
1
0
1
2
1
1
2
2
2
2
2
2
2
2
0
0
1
0
1
0
0
1
1
0
1
-1
-1
0
-1
-1
-2
-2
-1
-3
-3
-3
-3
-3
-3
-3
-2
-2
-1
-1
-1
-1
0
0
1
0
1
1
1
2
2
2
4
1
2
3
3
3
3
4
4
3
3
3
4
4
4
4
4
4
3
3
4
4
3
2
2
3
1
2
1
0
0
-1
-1
-3
-3
-3
-4
-5
-3
-4
-5
-6
-7
-7
-7
-8
-8
-8
-9
-9
-10
-8
-9
-9
-8
-8
-8
-8
-7
-8
-9
-7
-7
-7
-6
-7
-6
-5
-6
-6
-5
-5
-5
-4
-5
-3
-3
-4
-3
-2
-3
-2
-1
-1
0
0
-1
0
0
1
2
3
2
3
4
4
4
6
6
6
6
7
7
7
8
7
8
7
8
7
7
7
7
7
7
7
6
7
7
8
8
7
7
6
6
6
6
6
5
6
7
5
4
3
3
3
2
2
1
-1
-2
-2
-4
-5
-4
-5
-5
-5
-5
-5
-5
-5
-5
-5
-6
-6
-4
-5
-4
-4
-4
-3
-3
-3
-3
-3
-4
-3
-4
-2
-2
-2
-2
-2
-3
-2
-3
-2
-2
-2
-3
-3
-2
-3
-3
-2
-1
-2
-1
-1
1
1
1
1
2
3
3
3
3
3
4
4
4
5
6
5
5
6
5
6
5
4
5
4
3
3
4
4
4
4
2
2
2
2
3
4
3
4
3
2
2
2
1
1
1
0
0
-2
-2
-2
-3
-3
-4
-5
-5
-6
-6
-7
-8
-9
-8
-8
-8
-7
-8
-9
-8
-8
-7
-7
-8
-8
-7
-7
-7
-6
-5
-4
-4
-4
-3
-3
-2
-2
-2
-1
-1
0
1
2
1
1
2
0
0
-1
0
-1
0
0
1
1
2
4
4
3
2
4
4
4
5
3
4
5
4
3
3
3
4
3
2
3
2
2
3
2
2
3
3
3
2
2
1
2
1
1
1
1
1
2
1
2
1
0
2
1
0
0
1
1
0
0
-1
-1
-2
-2
-2
-1
-3
-1
-2
-3
-3
-3
-3
-2
-3
-3
-4
-3
-3
-4
-4
-4
-3
-3
-2
-1
-1
1
0
0
0
2
2
2
2
3
2
1
2
2
2
2
2
3
3
3
3
2
4
4
3
3
3
4
4
5
4
6
5
5
4
4
4
4
4
4
4
4
4
3
3
3
2
3
2
1
2
2
2
2
0
0
1
0
1
0
0
1
-1
-2
-2
-1
-2
-2
-3
-3
-3
-3
-4
-5
-5
-5
-5
-5
-4
-4
-5
-5
-6
-6
-6
-7
-6
-7
-7
-8
-8
-7
-9
-8
-9
-8
-8
-7
-7
-6
-6
-6
-4
-5
-5
-4
-3
-2
-2
-1
-1
0
1
2
2
3
3
3
4
5
5
4
5
6
6
6
7
6
7
7
7
9
8
7
8
7
7
7
7
9
8
9
7
8
8
7
7
7
7
5
5
3
3
3
2
2
1
-1
-1
-1
-1
-1
-1
-1
0
-1
-2
-2
-1
-1
-1
-1
-1
-2
-1
-1
-1
0
-2
-3
-1
-2
-2
-2
-2
-3
-2
-3
-4
-6
-5
-5
-4
-4
-5
-5
-4
-5
-4
-3
-3
-3
-4
-3
-4
-4
-3
-2
-1
-1
-1
-1
1
0
1
1
1
1
2
2
2
2
3
3
3
3
3
4
4
4
4
4
5
6
5
5
7
6
4
6
7
8
6
6
5
5
5
4
4
4
4
3
3
4
1
1
2
0
1
1
0
-1
0
0
0
-1
-2
-1
-2
-2
-2
-4
-3
-3
-3
-3
-3
-3
-3
-4
-4
-4
-5
-5
-5
-6
-7
-6
-7
-6
-8
-6
-6
-6
-6
-5
-5
-5
-6
-5
-6
-4
-5
-4
-5
-4
-4
-4
-4
-3
-3
-3
-2
-1
0
-1
1
2
1
1
2
1
3
3
4
3
4
5
5
4
4
5
5
5
4
4
4
5
4
4
5
5
5
3
3
2
2
2
3
3
4
3
3
3
2
1
1
0
0
-2
-1
0
-1
-2
-3
-3
-2
-2
-3
-3
-2
-1
-2
-2
-2
-3
-3
-2
-3
-3
-3
-4
-2
-2
-3
-4
-4
-4
-4
-5
-4
-3
-4
-3
-3
-3
-2
-3
-3
-3
-2
-1
-1
0
0
0
-1
0
1
1
0
2
1
2
2
3
4
4
4
4
3
3
4
4
3
4
4
4
3
4
4
3
4
3
4
4
4
4
3
3
2
3
4
2
2
1
1
1
1
2
0
0
-1
-2
-2
-2
-3
-3
-4
-3
-4
-4
-4
-4
-5
-4
-5
-3
-3
-5
-5
-4
-4
-5
-4
-4
-5
-4
-4
-3
-3
-2
-4
-3
-2
-2
-2
-1
-2
-1
-1
-2
-3
-2
-2
-1
0
0
0
1
0
0
1
1
2
2
2
2
2
2
2
2
2
2
3
2
3
3
2
4
4
4
5
5
5
4
3
3
3
3
4
4
3
4
3
1
1
2
1
3
3
2
1
1
0
2
0
1
1
0
0
-1
-2
-3
-1
-1
-2
-1
-1
0
-1
-1
-1
-2
-2
-2
-2
-1
-3
-2
-1
-2
-2
-1
-2
-1
-3
-2
-2
-1
-2
-2
-2
-1
-2
-1
0
-1
0
1
0
0
1
0
1
1
0
0
0
2
-1
1
1
1
0
0
0
0
1
0
1
1
1
2
1
1
1
1
1
1
1
0
1
0
0
0
0
1
0
2
1
1
0
1
0
0
0
1
0
0
1
0
-1
-1
-1
0
-1
-1
0
0
1
0
0
0
0
-2
-1
-3
-2
-2
-3
-2
-2
-2
-2
-3
-3
-3
-2
-3
-3
-3
-3
-3
-3
-3
-2
-2
-1
-1
-2
-1
-1
-1
0
0
-1
0
-2
0
-1
1
1
1
1
0
0
1
1
1
1
1
1
0
1
1
-1
-1
-2
-1
-2
-1
-1
-1
-1
0
0
0
0
0
-1
0
-1
-1
-1
-1
-2
-2
-1
-2
0
-2
-1
0
-1
-1
0
-1
-1
-2
-1
-1
-1
0
-1
0
-1
-1
-3
-1
-2
-1
-1
-1
0
0
-1
0
-2
-1
-1
-1
-1
-1
-2
-2
-2
-2
-2
-2
-2
-2
-3
-1
-1
-1
-2
-1
-1
-2
-1
0
1
1
1
2
2
3
3
3
3
4
4
5
5
5
6
6
5
6
6
7
6
5
6
7
7
6
6
7
6
6
6
5
7
7
6
6
5
5
4
4
4
4
4
4
4
3
3
2
1
2
2
1
1
0
0
-1
-1
0
0
-1
-2
-2
-3
-3
-3
-2
-4
-3
-3
-3
-3
-3
-2
-2
-1
-1
-2
-2
-3
-3
-2
-3
-2
-2
-1
-3
-3
-2
-1
0
-1
-1
-2
0
0
-1
-1
-1
-1
-1
-1
-2
-2
0
0
1
1
1
2
1
2
2
2
2
3
3
3
3
3
3
3
1
1
1
1
1
0
0
1
1
0
1
-1
-2
-2
-1
-2
-1
-1
-1
-1
0
-1
0
-1
-2
-2
-3
-2
-3
-3
-2
-3
-3
-3
-3
-3
-3
-3
-2
-3
-3
-3
-2
-3
-3
-3
-3
-4
-4
-3
-2
-4
-4
-2
-2
-2
-2
-2
-1
0
0
-1
1
2
1
2
3
2
3
2
3
2
3
3
4
5
4
3
4
5
4
5
4
3
4
3
3
4
4
4
5
5
5
4
4
4
2
2
3
3
4
3
4
5
4
3
4
4
2
1
2
1
1
2
2
0
1
0
0
0
-1
0
-1
-1
-2
-1
-2
-2
-2
-3
-2
-3
-4
-3
-2
-3
-3
-3
-4
-4
-4
-4
-2
-3
-4
-3
-3
-2
-4
-4
-4
-3
-3
-3
-2
-3
-3
-3
-3
-3
-4
-3
-3
-3
-1
-2
-1
-1
-1
-2
-1
-2
-2
-2
-1
-1
-1
0
1
1
1
1
1
1
1
2
2
1
2
2
3
3
3
3
3
2
3
4
2
4
3
3
3
2
3
2
3
4
2
3
4
3
2
3
3
1
2
1
0
0
1
1
1
0
1
1
1
1
0
0
0
0
-1
-2
-3
-3
-2
-3
-3
-3
-3
-3
-2
-2
-3
-4
-3
-2
-4
-4
-2
-3
-2
-3
-2
-4
-3
-1
-2
-2
-1
-1
-1
0
-1
-1
1
0
0
1
0
0
0
-1
0
0
1
1
1
1
2
1
2
1
1
2
2
3
2
2
2
2
3
3
4
4
3
3
3
3
4
4
4
5
4
4
4
3
3
2
3
3
2
3
2
2
2
0
1
1
1
1
1
0
1
0
1
-1
-1
0
-1
0
-2
-2
-2
-3
-3
-4
-4
-2
-3
-3
-1
-4
-4
-3
-4
-4
-4
-4
-4
-4
-5
-6
-4
-4
-6
-5
-5
-5
-4
-4
-3
-3
-2
-1
-2
-2
-2
-1
-2
-2
-2
-2
-2
-2
-1
-1
-1
-1
-1
0
1
0
1
0
1
2
2
2
2
2
2
2
1
1
0
0
0
1
2
2
1
1
1
1
1
2
2
2
2
2
2
3
2
2
2
2
1
2
0
0
0
0
0
0
-1
-1
-2
-2
0
0
-1
-2
-2
-2
-3
-3
-3
-2
-2
-2
-2
-2
-1
-1
-2
-2
-3
-3
-1
-2
-1
-3
-3
-2
-2
-3
-4
-5
-4
-5
-3
-3
-4
-3
-3
-2
-2
-1
-2
0
0
0
0
1
0
0
0
0
0
-1
1
1
2
1
2
2
2
1
2
1
0
1
1
1
2
2
2
2
3
2
3
3
3
3
2
2
2
3
3
3
2
3
2
2
1
1
2
0
2
3
0
1
1
2
1
1
1
2
1
0
1
1
0
1
1
2
1
1
0
0
0
1
0
1
0
0
0
-2
-1
-1
-1
-1
-1
-2
-1
-1
-3
-2
-3
-2
-2
-2
-1
-1
-2
-2
-1
-1
-1
0
1
1
0
1
1
1
1
1
0
1
1
1
1
0
2
2
3
2
2
3
2
2
1
2
2
1
2
1
1
1
1
1
2
2
2
2
4
3
2
2
1
1
2
2
2
2
0
0
0
0
1
1
1
1
0
-1
1
1
0
0
0
-1
0
-2
-2
-1
-2
-2
-2
-3
-3
-4
-3
-3
-4
-3
-4
-3
-4
-3
-3
-3
-4
-4
-4
-2
-3
-3
-4
-3
-4
-4
-4
-4
-3
-4
-4
-3
-3
-3
-1
-1
-1
-1
-1
-1
-1
-1
0
0
0
0
2
1
2
3
2
3
2
3
2
3
3
4
3
3
2
3
4
3
4
4
4
3
3
3
4
4
4
3
4
3
4
3
4
3
2
3
3
1
0
0
2
1
0
0
1
0
-1
-1
-2
0
-1
-1
0
-2
0
0
0
-2
-1
-2
-1
-2
-2
-3
-2
-1
-3
-3
-2
-1
0
-1
-2
-2
-2
-3
-1
-1
-1
-1
-2
-3
-3
-3
-3
-3
-1
-3
-2
-4
-5
-1
-3
-2
-2
-3
-3
-3
-3
-3
-2
-3
-2
-1
-2
-2
-2
-1
-1
0
0
0
0
0
0
1
1
1
0
1
3
1
2
2
2
2
1
1
3
3
1
2
0
1
-1
0
1
1
1
1
1
1
0
1
1
1
0
1
0
-1
1
0
0
-1
0
-1
-1
-1
-1
-1
1
1
0
1
1
0
0
1
1
-1
1
2
1
1
1
1
1
2
2
0
1
2
1
1
2
1
1
1
2
1
0
0
1
1
2
0
3
2
1
0
0
1
2
1
1
1
2
1
2
1
1
1
1
2
0
1
1
0
1
0
1
1
2
3
2
2
1
2
2
2
3
2
2
1
0
1
0
-1
0
-1
-1
-1
0
0
0
0
-1
0
-1
0
0
-2
0
-1
-2
0
0
-1
0
-1
-1
-2
-3
-3
-3
-3
-2
-2
-2
-1
-2
-1
-1
-1
-1
-1
-1
-2
-3
-2
-1
0
-1
-1
-3
-3
-2
-2
-2
0
-1
-1
0
0
1
0
0
0
1
0
0
-1
2
1
1
1
1
2
2
2
2
2
2
1
2
1
2
2
1
2
2
2
3
2
1
2
2
2
2
2
2
1
1
1
1
1
3
3
1
1
2
2
2
2
3
1
1
1
1
1
1
2
1
0
0
1
0
1
1
0
1
1
1
1
0
1
0
1
0
1
1
1
1
0
-1
-1
-1
-2
-2
0
-1
0
-1
-1
-1
-1
-1
-1
0
-1
-1
-2
-1
-1
-1
-2
-2
-3
-1
-1
-1
0
0
-1
-1
-1
-1
-2
-1
-1
-1
-1
-2
-3
-2
-3
-2
-2
-2
-1
-1
-1
-1
-1
-2
-1
-2
-1
-1
-1
-2
-2
-1
-2
-1
-1
0
0
0
-1
-1
-1
0
0
-2
-2
-1
-1
-1
-1
-1
0
-2
-2
-1
-2
-2
-1
-1
-1
-1
-2
-1
-1
-2
-2
-2
-1
-2
-1
-1
-1
-2
-1
-1
-1
-1
-1
-1
-1
0
0
1
0
0
0
0
2
3
1
2
1
1
2
1
1
1
2
2
2
2
2
1
1
3
3
3
3
4
3
2
3
3
3
3
3
3
2
2
3
3
3
3
3
2
3
2
2
3
3
2
0
1
0
1
1
1
1
1
2
1
2
1
1
1
1
0
0
-1
-1
0
-1
-1
0
-2
-1
-1
-2
0
-1
0
0
0
0
0
0
1
1
-1
0
1
0
0
1
0
0
0
0
0
1
0
-1
-1
-1
-1
0
-1
-2
-1
-1
-2
-1
0
-1
-1
-1
-1
-2
0
0
1
0
0
0
0
0
0
-1
-1
1
0
0
1
-1
-1
0
0
-1
-2
-2
-1
-1
-2
0
0
-1
-1
-1
-1
-2
-1
0
-1
-3
-4
-3
-2
-1
-1
-1
-1
-1
-1
-1
0
-2
-2
-1
-2
-1
-3
-3
-3
-4
-2
-3
-2
-1
-2
-1
-2
-1
-2
0
0
-1
0
-1
1
1
0
-1
2
1
2
0
1
2
0
1
1
1
1
1
2
1
1
1
1
3
2
3
3
2
2
1
1
1
0
2
1
1
2
2
1
0
0
0
1
2
2
1
0
0
-1
0
0
0
-1
-1
-2
-2
-1
-2
-1
-1
-2
-2
-3
-2
-3
-2
-3
-3
-3
-3
-3
-3
-4
-3
-4
-3
-3
-4
-3
-3
-4
-2
-1
-6
-5
1
-3
-5
-3
-4
-5
-2
-3
-5
-4
-3
-3
-5
-3
-1
-6
-2
-1
-1
0
0
4
2
4
3
3
5
6
6
6
7
8
8
8
9
10
9
12
10
9
11
12
9
9
10
9
8
11
9
8
10
9
7
6
6
6
5
6
7
6
7
7
7
8
8
8
9
7
7
6
6
6
5
3
2
2
2
2
0
3
1
1
2
-1
-1
1
-1
-1
-1
-2
-2
-3
-5
-5
-7
-6
-6
-9
-9
-12
-10
-12
-12
-13
-16
-14
-16
-17
-19
-17
-19
-17
-16
-20
-15
-14
-17
-14
-14
-11
-12
-11
-9
-9
-7
-7
-7
-6
-4
-3
-1
0
0
4
3
5
6
6
9
10
11
9
9
12
9
12
13
11
10
13
14
12
14
12
11
10
10
9
10
10
10
11
4
7
6
3
7
3
3
4
3
3
2
1
0
3
2
1
2
-1
4
3
2
2
4
3
2
5
0
2
3
0
3
1
0
1
3
0
4
2
-1
8
2
-1
5
3
-1
-1
-1
-7
-1
4
-12
-11
-4
-17
-11
-7
-26
-13
-12
-34
-25
-19
-39
-28
-18
-49
-34
-22
-52
-24
-27
-47
-25
-29
-39
-27
-18
-34
-27
-9
-24
-24
-4
-9
-22
2
2
-16
10
13
-3
10
20
15
16
20
22
21
28
34
25
28
37
30
32
40
29
31
38
32
32
33
33
33
32
30
32
29
25
29
32
23
26
38
18
31
33
17
31
39
25
26
37
37
33
36
39
35
33
46
45
23
49
60
28
32
66
32
21
79
42
2
79
43
-14
83
14
2
65
-20
27
3
-42
51
-75
-23
6
-100
-23
-86
-44
-114
-79
-65
-154
-79
-135
-124
-162
-96
-156
-193
-105
-172
-147
-173
-117
-156
-165
-98
-169
-145
-103
-132
-115
-119
-115
-81
-109
-80
-68
-103
-50
-63
-80
-44
-57
-54
-44
-51
-55
-57
-28
-56
-56
-19
-68
-52
-13
-53
-48
-13
-45
-31
-13
-25
1
-9
21
32
20
64
74
83
113
131
139
165
195
192
216
241
242
266
273
278
296
293
308
315
290
314
313
282
290
280
259
251
253
225
201
206
171
160
152
115
107
77
89
53
29
46
-2
16
-6
-41
-34
-40
-46
-66
-72
-91
-94
-78
-95
-131
-146
-97
-136
-161
-140
-147
-188
-143
-159
-213
-160
-182
-193
-187
-182
-218
-189
-166
-221
-201
-167
-216
-173
-160
-215
-189
-167
-179
-182
-165
-205
-191
-149
-182
-199
-188
-198
-180
-199
-220
-203
-204
-220
-201
-238
-249
-177
-230
-224
-188
-229
-189
-164
-168
-136
-103
-94
-40
-8
8
66
105
139
178
222
260
300
329
372
400
415
453
473
472
481
489
481
473
462
439
414
402
362
330
306
252
234
184
152
119
70
76
35
-17
-20
-37
-63
-49
-61
-73
-64
-73
-44
-70
-39
-18
-34
16
-19
16
41
13
66
7
26
84
77
-18
51
46
13
45
-3
1
-108
48
4
-139
-80
-86
-91
-133
-141
-132
-224
-146
-59
-237
-238
-114
-194
-175
-163
-203
-132
-165
-167
-119
-163
-165
-121
-112
-142
-168
-114
-108
-168
-160
-109
-195
-234
-121
-228
-257
-147
-257
-299
-197
-227
-281
-237
-270
-235
-204
-197
-162
-188
-118
-43
-78
-13
80
62
123
207
211
235
317
360
356
407
437
429
466
489
464
482
452
436
440
388
367
340
293
257
217
178
142
91
50
30
-16
-49
-56
-95
-103
-114
-110
-126
-132
-103
-134
-92
-54
-104
-26
3
-41
37
9
22
95
36
94
95
60
135
112
48
102
98
63
55
22
97
-18
-40
70
-92
-112
21
-118
-176
-92
-100
-226
-184
-66
-285
-207
-91
-292
-258
-89
-187
-315
-133
-110
-273
-170
-53
-245
-182
8
-189
-185
-41
-143
-127
-82
-157
-128
-95
-165
-142
-128
-204
-172
-138
-225
-183
-209
-224
-157
-243
-190
-174
-210
-117
-100
-125
-71
-16
4
57
68
126
207
188
246
313
312
368
400
432
439
450
485
489
472
469
471
440
428
420
374
336
347
281
234
244
170
124
131
74
40
16
25
-18
-66
14
-46
-86
-26
-36
-55
-5
-36
-16
19
-9
-1
41
47
-33
113
96
-50
83
109
22
0
112
-2
3
127
-135
36
-12
-22
-98
-139
31
-184
-169
-34
-211
-312
-23
-252
-317
-107
-285
-333
-93
-320
-351
-127
-247
-301
-213
-148
-367
-162
-90
-349
-153
-89
-310
-136
-82
-257
-162
-168
-134
-212
-242
-112
-232
-247
-209
-261
-248
-205
-353
-301
-186
-320
-329
-235
-259
-273
-188
-183
-238
-100
-42
-101
27
58
66
174
211
236
314
337
374
438
455
497
495
535
565
514
562
560
500
509
499
455
382
395
384
291
256
247
197
150
141
96
48
54
34
25
11
9
-39
25
49
-15
0
54
55
55
137
-5
105
227
22
135
166
106
164
126
153
102
170
136
3
164
74
32
6
13
35
-118
-34
-76
-124
-108
-186
-164
-149
-173
-309
-163
-191
-303
-173
-276
-218
-168
-281
-236
-119
-182
-243
-131
-160
-154
-222
-64
-214
-136
-4
-344
-89
-33
-245
-139
-174
-207
-165
-192
-255
-254
-236
-297
-223
-370
-281
-297
-429
-288
-308
-389
-315
-244
-332
-211
-153
-228
-143
-32
-21
-5
104
96
151
261
249
289
354
388
441
431
441
474
489
471
468
448
466
445
390
394
340
307
289
288
209
187
141
115
115
67
68
-10
29
8
15
17
-99
81
23
-39
76
-33
55
115
-15
63
118
31
125
66
69
122
7
183
9
-14
201
-59
-49
95
-52
-78
-55
-51
-127
-125
-102
-166
-237
-56
-235
-372
39
-338
-225
-165
-324
-126
-155
-338
-100
-169
-327
4
-300
-140
-105
-211
-56
-192
-193
-90
-97
-219
-95
-152
-208
-57
-198
-265
-125
-153
-266
-229
-198
-263
-225
-204
-305
-245
-198
-285
-244
-201
-240
-199
-157
-131
-102
-131
-24
46
-20
111
164
77
239
288
262
320
378
396
420
457
465
453
523
512
481
518
426
513
476
371
444
375
303
375
248
214
263
135
158
136
54
29
125
-14
-74
66
7
-106
13
33
-121
41
35
-87
-15
105
-58
52
73
-72
103
54
51
34
51
45
-19
155
5
-79
39
8
-8
-38
-38
-121
-70
-36
-158
-118
-180
-122
-138
-262
-108
-220
-276
-116
-250
-207
-241
-286
-213
-176
-190
-369
-158
-194
-225
-254
-242
-196
-276
-160
-228
-274
-208
-177
-274
-281
-158
-288
-280
-178
-322
-222
-286
-289
-233
-311
-268
-323
-301
-240
-254
-315
-268
-212
-226
-153
-173
-150
-99
8
-24
-17
140
68
196
238
207
353
337
350
448
437
476
526
498
510
588
524
492
588
491
498
501
434
412
421
381
326
276
253
280
159
171
194
106
73
158
57
-12
132
60
37
-11
139
71
-31
214
7
41
243
20
76
183
105
150
93
155
78
112
116
1
126
58
-53
6
12
-87
-101
-73
-155
-161
-167
-229
-241
-255
-214
-308
-283
-341
-299
-318
-340
-350
-335
-280
-396
-311
-356
-283
-295
-339
-280
-266
-274
-332
-149
-320
-274
-119
-333
-271
-159
-182
-399
-204
-93
-376
-251
-159
-331
-338
-133
-352
-346
-148
-359
-318
-197
-274
-302
-156
-179
-191
-100
-53
-50
-6
99
109
123
226
293
297
331
379
497
438
457
645
527
548
646
572
573
622
626
552
548
546
512
457
393
458
341
300
351
201
213
251
103
104
155
39
51
91
-15
44
39
60
-60
-39
209
-98
-37
195
-85
-83
272
-32
-163
251
-74
-39
169
-113
22
71
-121
-3
22
-139
-92
-131
-112
30
-358
-168
-88
-300
-198
-189
-378
-253
-158
-340
-313
-328
-152
-544
-117
-268
-517
-35
-418
-307
-192
-279
-286
-263
-241
-266
-183
-233
-243
-310
-168
-113
-392
-190
-144
-330
-144
-321
-239
-216
-328
-204
-336
-264
-267
-314
-320
-235
-266
-292
-276
-215
-143
-198
-130
-104
-40
89
7
103
204
202
308
324
372
452
481
514
631
546
563
707
641
654
697
644
617
624
671
559
475
610
528
317
436
444
167
314
373
92
87
274
30
-84
254
-74
-30
115
-144
126
-87
-114
129
-107
-20
77
-55
9
100
-25
-13
35
57
51
-112
195
26
-139
37
-5
-90
-61
30
-249
-139
-69
-120
-324
-269
-134
-285
-353
-264
-321
-300
-331
-437
-327
-421
-369
-285
-404
-317
-425
-343
-271
-469
-176
-352
-410
-81
-372
-248
-279
-421
-107
-205
-263
-163
-321
-349
-29
-286
-386
-121
-214
-347
-197
-280
-286
-236
-339
-311
-236
-270
-244
-113
-142
-240
-173
-45
47
115
75
127
204
290
367
387
353
557
595
579
681
611
708
695
729
808
713
724
760
690
602
607
593
585
592
427
345
344
240
260
226
60
120
168
-68
-6
59
-132
-52
-45
-142
-96
75
-139
-30
110
-344
-14
133
-88
-1
97
7
-72
133
-27
22
46
-107
185
-93
-55
-10
-136
21
-164
-132
-122
-140
-326
-218
-69
-492
-362
-30
-556
-463
15
-637
-464
-272
-585
-224
-368
-418
-328
-508
-308
-317
-497
-341
-193
-300
-427
-177
-313
-403
-174
-304
-336
-209
-141
-409
-222
-116
-473
-340
-164
-382
-261
-139
-349
-342
-395
-263
-164
-383
-120
15
-268
-34
63
-138
154
296
120
326
464
421
484
556
630
646
661
836
823
825
910
800
771
870
843
784
778
785
700
623
633
485
404
372
422
320
186
209
87
11
29
38
-61
-57
-14
-126
-62
-42
-93
-104
-94
-82
30
61
-72
-1
-14
-43
100
20
10
201
-2
-76
73
-67
128
39
-152
184
-175
-144
24
-325
-94
1
-356
-237
-118
-522
-267
-336
-461
-501
-416
-331
-641
-352
-496
-549
-540
-605
-528
-491
-383
-395
-364
-633
-505
-465
-565
-189
-372
-375
-308
-515
-453
-358
-361
-385
-430
-412
-189
-380
-558
-428
-454
-524
-239
-78
-383
-359
-215
-411
-261
73
46
38
163
193
154
206
444
571
465
708
791
624
890
913
809
916
973
1015
1010
1057
1041
902
845
931
817
730
786
691
558
525
473
267
294
276
44
86
150
-38
-104
-112
-133
-160
-187
-12
-96
-262
-22
-14
-133
38
26
-40
93
164
85
185
160
-9
133
240
188
81
145
69
-25
94
-68
-140
96
-210
-294
-48
-328
-289
-230
-402
-556
-436
-464
-491
-370
-504
-644
-794
-663
-525
-650
-629
-641
-571
-532
-858
-861
-654
-421
-465
-378
-632
-757
-470
-525
-683
-237
-128
-646
-377
-473
-520
-430
-479
-354
-356
-314
-252
-439
-448
-294
-296
-197
-22
67
111
149
194
118
268
493
556
664
740
838
725
805
880
909
1041
1067
1075
996
1040
1006
915
941
880
904
863
750
733
666
513
426
417
361
258
213
209
44
-37
-117
-120
-124
-202
-69
-164
-187
-170
-320
-259
-204
-31
-4
25
-7
-72
21
52
111
127
229
218
227
338
125
19
154
131
207
159
191
79
-165
-66
-234
-279
-169
-113
-218
-501
-394
-557
-740
-555
-608
-679
-457
-503
-787
-879
-797
-835
-650
-425
-680
-583
-643
-817
-702
-658
-549
-489
-459
-520
-475
-635
-748
-460
-537
-423
-361
-540
-497
-480
-526
-387
-330
-330
-163
-192
-107
24
68
100
202
339
400
589
712
681
792
818
890
1104
1125
1112
1110
1134
1178
1144
1172
1130
1034
1037
1075
966
822
824
637
558
599
453
419
306
152
94
-8
-20
-102
-138
-216
-249
-220
-273
-293
-341
-269
-237
-216
-63
-62
-77
-26
-24
31
201
326
312
247
158
153
220
340
549
451
191
228
135
62
240
241
129
61
-57
-252
-431
-314
-219
-333
-363
-405
-740
-911
-701
-675
-759
-615
-870
-1027
-979
-930
-812
-871
-775
-876
-935
-869
-765
-684
-808
-729
-673
-813
-734
-620
-633
-752
-770
-740
-718
-558
-461
-498
-551
-492
-386
-273
-62
111
95
138
288
397
520
666
838
811
922
1088
1055
1188
1237
1252
1254
1289
1337
1261
1183
1186
1141
1087
1073
1070
797
660
665
551
472
426
372
168
-36
-44
-115
-236
-209
-303
-394
-442
-413
-463
-480
-408
-415
-315
-258
-204
-177
-190
-48
-2
92
262
302
305
246
339
439
488
609
537
457
406
398
417
444
413
300
221
149
23
-58
-70
-173
-186
-260
-409
-561
-598
-698
-680
-649
-709
-751
-1067
-1017
-852
-893
-856
-824
-984
-1040
-994
-896
-688
-743
-775
-855
-910
-873
-745
-610
-659
-724
-698
-629
-661
-619
-513
-514
-397
-178
-88
-38
13
50
148
281
599
833
835
815
899
938
1037
1286
1360
1350
1299
1280
1336
1297
1293
1274
1197
1150
1113
1021
871
762
638
539
486
420
298
155
-28
-171
-218
-285
-311
-339
-475
-551
-570
-591
-590
-598
-584
-524
-418
-333
-309
-291
-252
-155
0
163
274
254
273
301
396
503
626
658
543
551
539
556
563
554
466
389
332
275
178
40
0
-137
-238
-257
-411
-569
-571
-678
-822
-844
-891
-966
-1015
-1054
-1074
-1133
-1115
-1108
-1167
-1185
-1071
-1066
-1088
-998
-1008
-981
-968
-936
-817
-795
-861
-715
-560
-597
-465
-519
-482
-295
-106
201
167
169
202
274
544
816
1013
940
915
935
1024
1268
1369
1456
1348
1172
1302
1248
1280
1336
1199
1066
969
899
822
767
637
486
466
309
203
88
-102
-116
-233
-275
-299
-464
-527
-546
-607
-604
-478
-494
-641
-587
-517
-428
-323
-260
-186
-225
-130
71
136
238
344
314
353
497
613
654
601
582
623
618
590
625
558
441
367
299
258
188
68
-25
-169
-249
-268
-439
-536
-606
-620
-718
-863
-840
-913
-993
-976
-987
-925
-967
-1081
-1068
-1047
-985
-876
-824
-982
-988
-976
-941
-783
-745
-624
-599
-688
-559
-444
-467
-156
139
223
280
239
273
481
736
1023
1179
1066
987
1114
1166
1331
1548
1495
1428
1292
1182
1293
1254
1233
1208
1016
828
734
673
557
466
327
206
75
-94
-123
-265
-458
-470
-526
-606
-735
-734
-783
-888
-808
-751
-753
-770
-718
-609
-562
-494
-367
-294
-250
-79
57
86
162
263
343
401
462
591
615
564
592
585
597
627
573
461
394
409
383
279
121
3
-55
-104
-117
-237
-390
-492
-607
-642
-617
-654
-754
-893
-910
-923
-940
-903
-854
-835
-947
-925
-968
-975
-789
-701
-746
-818
-835
-830
-769
-580
-477
-454
-432
-413
-356
-205
136
288
420
439
439
615
780
1065
1264
1266
1242
1271
1352
1471
1673
1617
1522
1489
1325
1351
1393
1324
1202
983
842
670
593
543
401
258
40
-69
-248
-389
-404
-585
-717
-786
-836
-899
-1003
-1003
-1064
-999
-953
-926
-847
-891
-731
-597
-571
-433
-294
-199
-144
26
165
248
337
386
496
543
633
720
662
666
655
648
638
622
571
455
388
286
176
150
39
-90
-185
-300
-374
-471
-543
-650
-775
-868
-829
-852
-910
-892
-1025
-1118
-1029
-908
-902
-857
-787
-885
-922
-807
-700
-614
-621
-592
-569
-580
-570
-431
-264
-191
-109
-154
-94
200
351
488
675
606
692
935
1071
1228
1363
1402
1370
1384
1483
1631
1659
1607
1600
1385
1269
1363
1269
1151
1039
848
641
545
488
299
99
-77
-195
-270
-432
-532
-717
-886
-934
-1014
-1008
-1026
-1125
-1211
-1201
-1165
-1074
-929
-907
-904
-820
-670
-518
-383
-155
-151
-99
123
229
401
512
596
594
609
726
774
799
785
766
645
596
629
512
449
319
179
77
-17
-72
-265
-405
-476
-591
-648
-713
-824
-1011
-1016
-968
-1026
-1057
-1052
-1065
-1151
-1110
-1008
-960
-877
-825
-826
-859
-784
-633
-600
-490
-508
-494
-512
-379
-119
-129
-31
12
30
178
471
765
826
879
857
969
1179
1386
1668
1618
1617
1540
1513
1680
1789
1829
1652
1541
1412
1333
1349
1263
1145
875
719
602
404
309
94
-112
-266
-363
-462
-642
-763
-976
-1093
-1048
-1037
-1040
-1159
-1149
-1203
-1202
-981
-881
-823
-773
-665
-588
-459
-239
-104
-17
58
227
325
369
546
601
620
675
701
719
680
664
600
545
527
481
360
177
55
-35
-148
-214
-344
-474
-618
-782
-816
-914
-992
-1056
-1131
-1185
-1163
-1191
-1268
-1261
-1239
-1188
-1146
-971
-888
-996
-998
-832
-757
-675
-442
-446
-503
-496
-399
-353
-264
31
145
139
137
141
128
495
990
1091
1122
1018
958
1083
1378
1764
1829
1792
1713
1604
1525
1681
1834
1730
1710
1566
1297
1195
1107
1027
857
730
591
365
173
-35
-200
-407
-448
-486
-664
-779
-974
-1154
-1111
-1087
-999
-1012
-1056
-1127
-1085
-867
-877
-702
-586
-499
-429
-382
-211
-113
63
228
321
318
364
490
490
558
688
694
631
573
555
458
400
437
383
230
146
69
-124
-216
-239
-335
-429
-516
-618
-725
-801
-844
-893
-931
-943
-929
-969
-983
-966
-975
-914
-836
-801
-701
-609
-614
-577
-477
-383
-367
-317
-214
-153
-132
-92
-129
-94
95
227
271
282
306
302
476
724
828
892
880
890
902
1033
1269
1310
1292
1243
1194
1153
1229
1299
1178
1091
1023
916
819
761
656
488
354
386
180
21
-81
-253
-490
-405
-163
-472
-669
-821
-814
-948
-831
-651
-589
-619
-807
-914
-853
-541
-356
-226
-147
-100
-193
-81
31
171
282
485
580
494
491
400
430
501
625
639
561
476
260
156
143
173
131
17
-76
-286
-458
-538
-554
-604
-685
-739
-845
-924
-997
-1067
-1095
-1085
-1012
-989
-999
-978
-976
-985
-898
-764
-700
-590
-527
-510
-433
-352
-309
-270
-145
-71
-41
-45
-20
55
114
249
314
322
354
421
555
668
850
887
853
897
972
1079
1194
1264
1255
1179
1179
1166
1186
1195
1163
1069
906
855
779
685
596
473
303
197
127
12
-92
-256
-403
-489
-520
-528
-585
-710
-812
-843
-854
-784
-694
-678
-668
-676
-666
-510
-339
-246
-183
-111
-14
98
193
284
386
466
519
575
627
639
611
565
562
583
532
456
344
177
108
41
-41
-186
-310
-374
-522
-694
-791
-798
-866
-984
-1128
-1121
-1032
-1059
-1220
-1271
-1129
-947
-911
-995
-861
-688
-687
-659
-539
-241
-38
-82
-41
-162
156
442
520
511
343
471
543
681
667
634
663
719
709
644
622
614
656
699
700
635
584
530
562
590
527
456
450
454
403
319
271
224
206
189
132
51
-29
-88
-89
-123
-130
-167
-194
-203
-246
-254
-249
-215
-188
-144
-122
-148
-143
-96
-3
29
45
89
104
148
190
218
250
276
322
340
366
390
376
350
332
368
352
335
306
223
152
71
43
-7
-46
-111
-202
-277
-341
-395
-421
-454
-501
-528
-546
-541
-572
-576
-574
-591
-575
-542
-494
-458
-421
-395
-377
-344
-300
-227
-166
-101
-38
-12
29
82
121
163
240
311
346
340
353
377
414
428
430
426
422
416
392
380
343
322
278
253
218
159
120
80
12
-21
-52
-123
-173
-211
-264
-318
-360
-385
-426
-463
-472
-492
-509
-558
-584
-575
-513
-438
-438
-431
-401
-379
-316
-229
-116
-52
17
81
127
207
294
373
411
444
496
547
610
649
615
578
558
565
569
558
540
450
371
324
287
223
160
109
50
-13
-67
-146
-206
-230
-273
-310
-340
-359
-401
-442
-446
-445
-403
-356
-347
-366
-356
-334
-302
-253
-191
-131
-108
-80
-64
-45
-11
48
109
142
195
192
181
175
210
267
293
330
327
286
246
226
259
299
301
275
220
190
181
172
131
115
106
66
23
-15
-28
-70
-100
-127
-172
-219
-237
-236
-250
-293
-320
-342
-350
-349
-362
-377
-393
-373
-358
-341
-313
-292
-273
-260
-224
-185
-146
-84
-18
29
54
87
124
178
243
314
339
328
355
366
386
408
416
380
353
344
310
292
278
253
194
142
97
55
8
-22
-75
-117
-154
-200
-236
-265
-253
-263
-281
-304
-302
-299
-295
-281
-254
-212
-191
-178
-174
-161
-116
-74
-25
16
67
83
72
79
83
127
162
196
202
184
161
132
143
172
205
200
207
188
110
75
187
413
453
170
-196
-299
2
362
416
135
-229
-394
-297
-36
182
211
58
-155
-279
-255
-95
74
91
-16
-182
-264
-224
-105
-17
-36
-121
-197
-196
-140
-74
-52
-81
-108
-89
-35
11
14
12
7
40
70
119
311
582
677
421
8
-191
53
495
742
546
70
-338
-409
-217
45
198
109
-35
-275
-394
-360
-181
-18
-41
-161
-288
-291
-239
-228
-258
-288
-307
-230
-184
-177
-212
-265
-226
-177
-121
-99
-81
-109
-129
-114
-63
141
136
150
195
239
203
65
12
108
343
420
329
157
103
283
490
427
219
46
184
587
777
554
204
65
256
446
305
4
-77
93
178
101
-150
-333
-413
-291
-76
-56
-202
-410
-406
-322
-302
-393
-419
-348
-305
-348
-404
-204
4
3
-263
-454
-371
-119
99
94
44
-25
-18
33
86
117
132
130
92
80
117
310
372
212
-63
-172
-5
133
160
58
-20
-61
-154
-217
-158
-26
-88
-306
-387
-317
-143
-98
-134
-240
-381
-407
-385
-253
-177
-174
-150
-95
-88
-176
-246
-165
-31
-17
-73
-68
53
188
207
118
41
80
211
330
342
282
260
330
436
423
361
348
352
373
323
317
407
499
547
382
209
167
260
373
364
285
178
162
205
189
61
-96
-124
-36
72
121
35
-80
-94
-101
-211
-390
-416
-236
-40
-56
-243
-381
-320
-221
-228
-372
-459
-382
-263
-151
-182
-255
-269
-220
-232
-358
-429
-324
-23
135
39
-148
-206
-72
1
-87
-183
-127
4
79
5
-131
-168
-85
-47
-94
-185
-192
-144
-132
-189
-321
-378
-377
-269
-235
-243
-198
-143
-32
14
15
47
162
291
324
288
322
467
632
681
635
583
588
626
616
605
618
663
703
690
596
479
399
401
407
402
368
359
339
280
216
178
202
204
197
160
130
102
86
122
165
174
139
86
-17
-117
-111
-18
182
280
194
54
-65
-90
-153
-205
-264
-301
-335
-393
-463
-600
-669
-730
-781
-794
-864
-889
-887
-898
-941
-1021
-1009
-941
-849
-816
-796
-760
-679
-625
-557
-525
-466
-404
-391
-360
-371
-342
-285
-201
-155
-162
-218
-269
-320
-382
-340
-177
53
223
253
221
258
431
666
883
1025
1076
1072
1060
1084
1114
1153
1168
1118
1025
928
890
884
848
738
565
398
295
215
118
10
-88
-193
-274
-320
-361
-400
-444
-504
-589
-606
-536
-392
-246
-150
-84
-42
40
151
317
518
729
884
957
1023
1097
1168
1214
1202
1159
1118
1101
1092
1042
897
661
416
245
121
-38
-230
-417
-596
-763
-916
-1071
-1219
-1315
-1336
-1325
-1350
-1391
-1447
-1461
-1403
-1310
-1218
-1169
-1076
-949
-807
-671
-572
-521
-484
-437
-394
-347
-311
-268
-266
-271
-284
-296
-332
-404
-471
-536
-597
-623
-608
-530
-420
-339
-239
-124
47
226
439
642
870
1061
1201
1242
1259
1332
1436
1543
1561
1542
1491
1437
1364
1266
1100
926
739
556
373
200
22
-153
-303
-452
-604
-778
-940
-1054
-1101
-1112
-1099
-1085
-1073
-1040
-970
-840
-678
-504
-315
-117
86
303
515
728
932
1120
1265
1368
1478
1581
1663
1691
1684
1607
1461
1244
1016
803
616
445
220
-14
-208
-371
-581
-810
-1027
-1204
-1306
-1367
-1391
-1398
-1405
-1426
-1453
-1471
-1460
-1407
-1302
-1148
-994
-884
-789
-671
-542
-427
-354
-321
-274
-207
-130
-43
6
-5
-108
-233
-298
-314
-302
-342
-415
-498
-489
-372
-164
47
215
376
519
702
898
1124
1338
1480
1519
1504
1521
1616
1693
1722
1681
1606
1508
1396
1278
1125
910
624
348
137
-4
-141
-311
-507
-707
-923
-1125
-1269
-1342
-1360
-1381
-1394
-1397
-1335
-1211
-1061
-874
-704
-535
-379
-154
130
420
699
947
1169
1335
1455
1545
1627
1717
1766
1746
1666
1526
1356
1136
883
620
364
133
-88
-303
-524
-750
-968
-1158
-1324
-1452
-1535
-1575
-1589
-1597
-1613
-1617
-1604
-1549
-1453
-1331
-1181
-1033
-881
-756
-628
-483
-341
-217
-146
-101
-92
-67
-23
-21
-30
-83
-147
-212
-319
-421
-513
-537
-482
-371
-207
-36
149
321
506
718
953
1194
1393
1536
1616
1656
1691
1696
1697
1660
1615
1567
1465
1349
1190
1004
783
529
253
-30
-299
-525
-725
-895
-1044
-1190
-1317
-1441
-1541
-1629
-1688
-1692
-1642
-1520
-1340
-1146
-934
-736
-530
-295
-21
295
596
888
1146
1371
1581
1742
1885
2004
2085
2144
2122
2048
1922
1720
1483
1205
927
648
351
55
-259
-549
-807
-1019
-1183
-1333
-1451
-1565
-1655
-1696
-1704
-1675
-1640
-1593
-1525
-1458
-1369
-1248
-1109
-949
-782
-619
-484
-373
-290
-227
-166
-131
-101
-98
-107
-138
-218
-312
-420
-510
-585
-664
-700
-672
-556
-390
-196
17
257
543
827
1142
1418
1635
1804
1886
1941
1972
1976
1991
1992
1985
1920
1776
1609
1421
1221
969
688
388
89
-186
-457
-709
-926
-1134
-1326
-1496
-1629
-1708
-1764
-1796
-1778
-1740
-1660
-1557
-1416
-1211
-955
-662
-353
-24
312
649
933
1178
1400
1591
1761
1913
2056
2162
2212
2166
2037
1838
1586
1325
1046
770
496
189
-128
-424
-698
-938
-1157
-1348
-1498
-1604
-1672
-1710
-1729
-1730
-1721
-1714
-1697
-1660
-1583
-1452
-1290
-1127
-978
-855
-750
-637
-538
-441
-353
-282
-218
-181
-168
-182
-232
-304
-398
-498
-584
-632
-613
-528
-381
-214
-18
211
452
760
1066
1385
1693
1944
2121
2209
2224
2214
2182
2142
2100
2029
1948
1832
1695
1515
1288
1013
696
370
34
-289
-567
-803
-992
-1180
-1379
-1564
-1710
-1788
-1828
-1830
-1797
-1737
-1641
-1529
-1390
-1199
-973
-689
-376
-53
294
631
955
1261
1500
1727
1906
2047
2164
2217
2226
2176
2079
1929
1720
1466
1184
880
570
257
-46
-329
-573
-803
-1015
-1201
-1356
-1459
-1533
-1577
-1599
-1616
-1625
-1628
-1630
-1611
-1576
-1506
-1406
-1291
-1167
-1040
-917
-798
-688
-590
-515
-461
-438
-450
-466
-506
-543
-597
-651
-700
-743
-737
-668
-545
-359
-130
118
397
686
988
1281
1576
1803
1994
2088
2127
2131
2103
2072
2017
1947
1832
1699
1507
1322
1105
888
649
377
83
-230
-520
-781
-986
-1156
-1313
-1458
-1568
-1647
-1674
-1677
-1630
-1564
-1480
-1378
-1248
-1067
-845
-587
-320
-29
254
546
827
1099
1344
1542
1697
1806
1880
1913
1913
1866
1781
1659
1490
1290
1065
838
604
363
118
-137
-373
-584
-755
-889
-1010
-1101
-1153
-1191
-1200
-1206
-1211
-1219
-1225
-1231
-1235
-1224
-1194
-1153
-1118
-1071
-1016
-949
-869
-792
-726
-691
-673
-673
-699
-737
-784
-857
-934
-1002
-1043
-1016
-914
-731
-508
-241
55
369
701
1029
1345
1644
1891
2067
2179
2216
2234
2210
2165
2108
2011
1876
1713
1522
1322
1122
904
669
404
119
-191
-477
-734
-938
-1112
-1262
-1382
-1477
-1541
-1552
-1524
-1463
-1367
-1277
-1158
-1027
-864
-667
-437
-189
79
333
595
859
1103
1319
1489
1621
1688
1721
1689
1638
1564
1459
1312
1117
907
681
459
253
57
-144
-331
-501
-631
-721
-784
-837
-877
-894
-897
-895
-891
-882
-879
-899
-932
-955
-960
-942
-904
-871
-845
-821
-795
-749
-707
-683
-677
-701
-736
-774
-830
-888
-949
-1017
-1071
-1078
-1009
-866
-644
-378
-68
257
589
935
1248
1529
1754
1904
1997
2040
2042
2012
1950
1875
1779
1659
1520
1371
1199
1003
795
567
328
85
-162
-400
-619
-816
-984
-1112
-1211
-1270
-1305
-1315
-1287
-1227
-1138
-1027
-894
-752
-597
-435
-253
-48
172
398
617
824
1023
1205
1367
1485
1546
1547
1499
1412
1273
1109
909
696
464
234
12
-184
-348
-486
-605
-699
-761
-792
-794
-782
-759
-748
-736
-733
-732
-738
-744
-751
-756
-768
-788
-798
-797
-768
-732
-697
-669
-652
-651
-664
-691
-732
-786
-854
-916
-974
-1005
-1003
-944
-819
-648
-413
-154
152
467
788
1112
1394
1621
1770
1833
1833
1769
1659
1537
1395
1250
1094
932
780
637
499
373
245
113
-34
-187
-326
-442
-528
-596
-636
-664
-662
-631
-573
-481
-382
-287
-208
-141
-85
-25
34
120
213
302
386
459
526
605
700
781
850
875
865
814
738
643
533
405
261
101
-75
-234
-363
-443
-482
-494
-495
-492
-495
-495
-485
-469
-443
-432
-453
-519
-611
-702
-768
-804
-826
-842
-863
-880
-887
-878
-841
-805
-781
-787
-835
-895
-946
-980
-976
-960
-917
-845
-723
-521
-262
58
397
728
1023
1266
1467
1622
1716
1736
1667
1527
1345
1154
983
837
697
559
419
285
183
108
68
56
37
-4
-75
-139
-169
-147
-91
-26
31
66
99
145
205
266
303
296
250
184
125
99
105
124
129
114
104
132
207
324
457
563
618
621
577
524
463
399
317
195
48
-107
-231
-305
-340
-358
-391
-441
-495
-539
-560
-556
-550
-576
-642
-748
-855
-926
-947
-928
-893
-873
-877
-898
-906
-883
-839
-792
-781
-813
-881
-956
-1011
-1024
-1004
-957
-867
-724
-513
-227
122
500
866
1178
1426
1619
1739
1792
1765
1659
1484
1258
1021
811
642
503
386
284
213
174
165
176
186
159
89
-9
-96
-140
-136
-104
-67
-42
-34
-20
22
89
163
222
243
229
190
143
114
106
113
109
101
107
151
233
354
484
585
636
635
592
524
440
342
231
91
-72
-250
-410
-532
-600
-622
-613
-588
-561
-535
-511
-485
-468
-486
-537
-611
-691
-755
-794
-811
-819
-820
-826
-822
-801
-763
-715
-689
-690
-727
-793
-853
-897
-911
-894
-833
-711
-523
-261
52
383
703
993
1256
1490
1687
1816
1850
1778
1612
1391
1163
964
796
641
485
345
251
222
258
317
361
347
264
148
40
-41
-97
-148
-212
-300
-395
-461
-473
-424
-333
-239
-163
-109
-74
-41
1
60
119
167
193
209
230
278
362
471
575
643
659
619
543
452
353
246
116
-43
-225
-404
-543
-626
-654
-647
-626
-601
-579
-559
-534
-518
-523
-561
-628
-710
-789
-852
-905
-950
-986
-998
-976
-922
-852
-791
-755
-740
-739
-737
-729
-718
-703
-679
-618
-508
-338
-101
161
423
671
905
1140
1361
1541
1643
1653
1586
1460
1324
1195
1075
964
848
747
682
663
692
747
790
802
767
696
611
514
404
279
141
-3
-142
-267
-360
-420
-443
-436
-406
-363
-323
-284
-242
-197
-138
-74
-26
3
13
13
28
69
119
165
184
165
126
77
40
9
-24
-72
-142
-221
-299
-357
-397
-416
-421
-425
-425
-427
-436
-449
-471
-496
-522
-548
-580
-627
-691
-758
-802
-805
-773
-730
-700
-708
-740
-768
-776
-751
-714
-696
-703
-712
-674
-561
-373
-147
67
243
381
521
692
895
1080
1197
1215
1153
1049
960
905
876
843
785
720
675
690
759
854
942
989
976
928
875
829
788
726
627
486
320
157
17
-82
-145
-179
-202
-222
-234
-233
-214
-164
-108
-68
-54
-78
-118
-157
-185
-195
-207
-236
-288
-358
-425
-470
-488
-489
-486
-498
-519
-539
-548
-540
-520
-493
-474
-458
-445
-429
-412
-397
-386
-385
-392
-402
-409
-417
-424
-438
-460
-477
-480
-472
-453
-438
-431
-432
-438
-437
-434
-425
-423
-427
-425
-395
-315
-194
-38
123
262
384
493
603
723
836
913
935
904
836
756
691
650
619
586
545
512
503
536
606
690
762
808
819
804
790
781
772
745
682
582
463
347
261
212
186
173
153
123
101
96
111
139
154
136
86
15
-57
-119
-170
-228
-303
-390
-487
-573
-640
-681
-697
-700
-694
-693
-690
-687
-678
-664
-649
-640
-640
-657
-683
-713
-741
-756
-758
-746
-727
-705
-680
-647
-605
-553
-488
-418
-351
-295
-262
-241
-235
-226
-214
-192
-165
-142
-118
-93
-48
33
152
295
448
578
673
749
815
887
958
1009
1013
962
863
741
635
554
507
462
407
344
290
261
272
325
393
449
473
467
445
428
424
419
399
354
282
203
142
115
122
150
179
197
201
206
222
249
282
291
263
207
128
44
-28
-88
-139
-191
-255
-324
-386
-433
-457
-462
-464
-473
-494
-521
-549
-566
-573
-578
-596
-634
-689
-748
-806
-846
-871
-887
-896
-907
-914
-914
-894
-850
-780
-690
-598
-512
-437
-378
-327
-276
-225
-170
-121
-84
-57
-37
-11
37
120
231
365
505
632
747
853
959
1070
1171
1238
1252
1206
1113
1003
908
832
769
701
617
526
445
388
369
384
407
416
401
360
305
253
214
182
150
99
36
-34
-86
-103
-82
-33
21
67
98
121
147
177
208
224
213
166
94
14
-59
-114
-151
-183
-218
-261
-307
-347
-375
-394
-407
-431
-470
-518
-575
-624
-664
-697
-721
-743
-764
-782
-793
-801
-800
-796
-790
-782
-771
-759
-742
-707
-660
-601
-534
-470
-410
-360
-316
-274
-240
-207
-178
-157
-136
-120
-99
-67
-19
55
150
266
396
531
665
794
912
1013
1100
1159
1185
1179
1138
1077
1004
928
856
781
711
649
598
559
537
524
510
491
461
421
366
303
237
172
113
61
19
-12
-29
-32
-19
7
38
75
111
138
151
147
123
82
32
-24
-89
-153
-218
-282
-337
-379
-410
-430
-445
-458
-473
-486
-505
-523
-546
-575
-612
-654
-704
-757
-805
-843
-862
-859
-847
-829
-804
-776
-738
-686
-622
-551
-476
-408
-351
-303
-262
-225
-189
-154
-127
-106
-96
-87
-78
-62
-33
4
48
99
156
223
304
399
503
609
713
803
876
933
974
998
1011
1008
988
948
896
835
776
722
683
654
627
598
565
531
500
471
441
410
367
316
257
203
160
130
112
102
87
69
52
32
16
0
-20
-53
-97
-152
-214
-273
-323
-360
-386
-400
-412
-423
-429
-432
-431
-432
-440
-462
-501
-555
-614
-679
-740
-797
-849
-894
-931
-949
-946
-920
-876
-819
-756
-692
-624
-555
-485
-414
-347
-290
-242
-201
-172
-149
-129
-112
-94
-77
-60
-41
-18
7
40
80
121
171
223
276
331
387
447
509
569
628
685
735
775
806
828
844
854
850
839
816
783
744
705
670
636
604
575
546
517
488
460
434
409
385
356
324
293
260
229
203
180
160
137
117
94
73
52
34
13
-14
-42
-75
-110
-143
-175
-203
-228
-257
-287
-318
-352
-381
-412
-448
-488
-532
-580
-632
-684
-732
-777
-816
-849
-873
-884
-882
-868
-844
-810
-771
-729
-680
-623
-565
-506
-447
-394
-343
-299
-263
-226
-194
-160
-129
-100
-71
-44
-17
15
50
91
134
177
218
263
310
357
402
445
486
522
553
579
602
618
634
647
653
656
652
646
636
620
602
581
557
529
499
465
424
385
348
308
272
241
210
189
171
154
140
128
119
107
96
81
66
50
32
16
-2
-17
-32
-49
-66
-85
-106
-123
-142
-160
-182
-205
-236
-269
-304
-343
-381
-417
-454
-491
-528
-561
-591
-618
-644
-663
-679
-694
-704
-706
-702
-690
-667
-637
-598
-552
-497
-437
-370
-301
-235
-172
-117
-66
-19
21
58
88
112
134
157
184
215
250
291
334
376
418
457
494
529
557
578
591
596
597
594
591
587
584
579
570
559
545
528
511
484
453
413
368
323
276
233
195
164
140
122
113
106
108
112
117
117
111
100
84
62
33
0
-36
-74
-112
-142
-170
-192
-205
-216
-222
-224
-225
-226
-226
-229
-230
-237
-246
-259
-276
-292
-310
-330
-353
-376
-402
-428
-453
-482
-510
-541
-565
-585
-598
-602
-596
-579
-549
-508
-459
-400
-336
-267
-200
-137
-81
-29
16
51
79
98
115
131
145
165
188
216
248
280
312
340
370
394
413
425
428
422
412
397
384
371
361
353
345
341
338
337
338
335
326
314
294
267
234
198
160
125
90
59
33
16
4
-2
-4
-3
1
3
3
-1
-11
-27
-47
-68
-94
-116
-139
-157
-171
-179
-183
-181
-176
-172
-163
-157
-151
-145
-143
-145
-147
-155
-162
-172
-181
-189
-196
-204
-212
-223
-234
-246
-262
-278
-294
-310
-325
-337
-346
-346
-339
-323
-296
-264
-227
-186
-144
-101
-58
-16
25
61
93
120
142
162
182
200
216
234
252
272
292
311
326
339
348
353
355
356
352
347
341
330
318
308
299
289
279
270
261
248
234
217
201
182
163
143
123
105
88
73
62
50
42
32
24
14
2
-14
-30
-48
-70
-93
-118
-143
-166
-190
-212
-231
-244
-255
-263
-268
-271
-271
-271
-267
-259
-254
-247
-241
-234
-228
-219
-210
-201
-194
-188
-181
-175
-171
-167
-164
-162
-163
-164
-166
-165
-162
-158
-150
-142
-132
-121
-108
-94
-74
-54
-33
-9
11
31
52
72
93
115
136
158
175
191
206
218
230
241
250
256
262
263
265
268
272
274
278
280
283
284
286
287
287
285
279
271
261
249
235
220
204
188
174
159
143
129
114
100
89
75
64
52
37
21
3
-14
-32
-54
-76
-99
-124
-146
-168
-192
-215
-235
-254
-272
-289
-303
-315
-322
-326
-329
-329
-328
-324
-317
-308
-298
-287
-275
-264
-254
-245
-235
-223
-213
-202
-193
-181
-169
-156
-139
-122
-102
-81
-59
-37
-15
7
29
50
69
86
102
115
127
139
150
161
172
181
191
201
210
221
232
242
248
253
256
258
257
256
256
251
247
243
238
232
228
222
216
209
202
192
182
172
159
144
128
111
93
73
54
36
18
0
-14
-28
-40
-50
-60
-69
-77
-86
-95
-106
-118
-134
-150
-166
-182
-201
-220
-240
-259
-274
-290
-301
-311
-320
-324
-329
-329
-326
-322
-314
-305
-296
-286
-275
-262
-250
-237
-223
-207
-191
-173
-154
-132
-110
-86
-61
-36
-9
15
41
66
88
112
135
155
173
192
206
219
230
239
247
253
257
260
261
261
261
258
255
251
246
239
233
229
222
214
206
197
187
177
168
158
148
138
128
117
107
94
84
72
64
54
43
33
22
13
3
-5
-11
-20
-27
-34
-43
-49
-56
-60
-64
-70
-75
-81
-89
-95
-101
-109
-118
-126
-136
-148
-160
-172
-184
-195
-203
-213
-222
-231
-240
-246
-251
-254
-254
-254
-252
-250
-246
-240
-232
-220
-206
-192
-174
-154
-132
-109
-83
-57
-33
-8
17
41
65
86
107
126
143
158
170
182
195
207
218
229
241
250
260
270
278
285
292
295
296
295
292
289
285
279
269
259
246
233
219
202
187
170
150
134
116
98
81
65
49
34
19
7
-5
-14
-23
-34
-44
-52
-62
-72
-79
-87
-95
-104
-111
-119
-127
-134
-140
-147
-150
-151
-153
-153
-153
-151
-151
-151
-152
-152
-153
-155
-158
-162
-168
-174
-181
-190
-199
-206
-214
-219
-222
-227
-229
-229
-225
-220
-211
-200
-183
-165
-147
-126
-105
-82
-60
-37
-16
4
26
44
63
79
94
109
123
136
149
160
173
185
195
205
213
221
227
231
235
235
235
233
230
227
221
215
210
202
193
184
175
165
154
141
127
113
100
87
73
60
48
38
26
16
8
-2
-8
-17
-25
-34
-43
-54
-65
-77
-90
-101
-113
-126
-136
-145
-151
-156
-159
-161
-161
-162
-157
-154
-149
-145
-142
-137
-136
-136
-136
-135
-137
-138
-139
-139
-139
-139
-138
-136
-134
-130
-125
-120
-113
-107
-98
-89
-77
-65
-53
-39
-25
-11
3
19
33
45
61
74
88
101
114
128
140
153
166
177
189
199
211
219
225
230
235
236
234
231
225
218
209
198
184
170
156
142
127
112
96
80
65
50
36
22
8
-2
-14
-24
-31
-37
-44
-50
-54
-59
-62
-63
-65
-68
-71
-75
-78
-84
-90
-96
-102
-109
-115
-121
-126
-130
-135
-137
-139
-141
-143
-143
-144
-144
-144
-143
-143
-143
-145
-144
-144
-143
-142
-139
-136
-132
-127
-123
-117
-111
-105
-97
-90
-83
-77
-69
-60
-52
-41
-32
-22
-13
-3
9
20
31
44
56
67
80
93
104
117
130
142
153
165
176
186
192
201
208
213
215
218
217
218
215
210
202
194
186
176
164
152
139
127
113
100
87
73
59
46
34
22
11
0
-10
-19
-27
-36
-44
-50
-54
-59
-64
-68
-73
-77
-80
-82
-81
-83
-83
-83
-85
-85
-86
-85
-85
-85
-87
-87
-89
-92
-95
-99
-102
-106
-109
-112
-116
-120
-121
-123
-124
-125
-124
-124
-121
-118
-116
-113
-107
-102
-97
-90
-83
-76
-69
-62
-54
-46
-37
-28
-20
-11
-3
4
13
22
32
40
50
60
70
80
89
98
107
114
121
127
133
138
144
149
150
154
153
153
152
150
146
142
137
130
121
114
104
95
85
73
61
49
38
28
18
7
-4
-11
-20
-29
-36
-43
-49
-56
-61
-66
-70
-74
-75
-78
-78
-78
-77
-76
-74
-71
-69
-64
-61
-57
-52
-51
-48
-47
-45
-43
-41
-38
-39
-38
-36
-35
-35
-34
-34
-33
-31
-31
-30
-30
-29
-28
-26
-25
-24
-22
-19
-16
-13
-9
-4
-1
3
6
10
14
16
18
21
25
28
31
33
36
41
43
46
47
50
53
54
55
57
55
57
57
56
54
55
54
53
53
52
49
47
45
41
39
37
34
31
26
21
16
11
7
3
-1
-3
-8
-12
-16
-19
-23
-26
-28
-30
-34
-36
-38
-42
-40
-44
-45
-45
-44
-44
-45
-44
-42
-42
-41
-39
-38
-38
-38
-36
-34
-32
-31
-30
-28
-26
-25
-24
-21
-19
-17
-17
-15
-13
-13
-13
-11
-9
-7
-5
-3
0
3
4
7
8
10
12
14
16
17
19
20
22
24
24
26
26
26
26
29
30
30
31
31
32
33
35
34
35
35
33
32
32
31
31
29
28
26
25
24
22
19
18
17
15
14
12
8
6
4
2
-2
-6
-5
-10
-13
-15
-19
-20
-21
-23
-25
-26
-27
-27
-27
-28
-28
-27
-28
-27
-29
-27
-26
-25
-24
-25
-23
-22
-22
-20
-20
-18
-17
-17
-16
-16
-14
-13
-13
-10
-10
-8
-7
-5
-4
-4
-1
0
1
3
3
6
7
9
9
9
11
12
13
13
14
15
15
17
16
16
17
17
19
18
19
19
18
18
17
16
17
18
17
18
18
18
16
15
14
14
12
11
10
8
6
5
5
4
3
1
1
-1
-3
-5
-6
-7
-8
-11
-11
-14
-15
-15
-16
-18
-18
-20
-21
-21
-21
-20
-19
-18
-17
-17
-17
-17
-18
-17
-17
-18
-16
-16
-15
-14
-13
-11
-10
-7
-8
-5
-4
-3
-1
-1
0
0
-1
0
0
0
2
2
2
3
3
4
5
6
6
7
6
9
9
6
7
7
7
6
6
6
6
5
4
5
6
6
7
6
5
5
5
5
6
6
5
6
5
6
5
5
4
4
4
2
2
2
3
3
2
2
1
1
0
0
0
0
1
-1
-1
-2
-2
-2
-3
-2
-3
-4
-5
-5
-4
-3
-2
-2
-3
0
0
0
1
2
2
3
3
4
5
5
5
5
5
6
6
8
8
7
7
7
7
7
7
7
7
6
5
5
4
4
6
6
4
4
4
2
2
1
0
-1
-2
-2
-2
-2
-4
-6
-6
-7
-8
-9
-9
-9
-9
-11
-12
-12
-12
-12
-12
-12
-10
-11
-12
-11
-11
-11
-10
-10
-9
-8
-8
-7
-6
-6
-6
-6
-5
-5
-4
-5
-4
-3
-4
-3
-3
-2
-4
-4
-5
-4
-4
-4
-3
-2
-1
-1
0
0
0
1
3
4
4
3
4
5
6
6
5
7
7
8
9
9
9
9
9
10
11
10
11
11
9
10
10
9
10
9
10
10
9
10
9
9
8
9
8
7
6
6
6
5
6
4
3
3
3
2
2
1
0
-1
-2
-5
-4
-5
-6
-6
-7
-7
-8
-7
-6
-6
-6
-7
-7
-7
-6
-8
-7
-8
-7
-7
-7
-6
-5
-4
-5
-5
-3
-4
-4
-5
-4
-4
-3
-3
-4
-2
-3
-2
-1
1
0
1
1
1
1
2
3
4
4
5
5
4
6
5
4
5
6
7
7
7
7
7
6
7
7
5
5
6
5
5
5
5
5
4
6
5
3
4
4
3
2
1
1
0
0
-1
-2
-2
-2
-1
-2
-2
-3
-3
-3
-3
-4
-5
-4
-4
-5
-5
-6
-6
-6
-6
-7
-7
-6
-7
-6
-7
-8
-7
-6
-5
-5
-6
-7
-6
-7
-6
-6
-5
-5
-4
-4
-4
-4
-3
-3
-3
-2
-2
-1
-1
0
0
0
1
0
1
1
2
2
2
3
4
5
4
4
5
5
5
6
7
7
8
8
8
7
9
8
8
7
7
8
7
6
6
5
5
6
5
4
4
4
3
4
2
2
2
2
1
0
0
0
-1
-1
-2
-3
-2
-1
0
1
0
0
0
-1
-2
-2
-2
-2
-4
-4
-4
-4
-4
-4
-3
-5
-4
-5
-6
-6
-6
-5
-5
-6
-5
-5
-6
-6
-5
-5
-4
-4
-3
-3
-3
-3
-2
-2
-2
-2
-2
-3
-3
-2
-2
-1
1
-1
1
2
2
2
2
4
4
4
4
3
3
4
4
5
6
4
4
4
4
4
4
5
3
4
4
2
2
1
2
1
1
0
0
-1
-1
-1
0
2
1
1
1
-1
-1
0
0
-1
0
-1
-1
-1
-2
-2
-2
-1
-2
-2
-2
-3
-2
-3
-4
-4
-2
-3
-3
-3
-3
-3
-3
-3
-1
-2
-2
-2
-2
-2
-1
-1
-2
-2
-2
-2
0
-2
-2
-1
0
1
2
2
1
1
3
2
3
3
3
4
4
2
3
3
5
5
6
5
5
6
6
6
5
6
6
6
6
5
5
4
5
5
5
6
5
4
4
3
3
2
1
1
1
0
0
0
0
-1
-2
-3
-5
-4
-3
-4
-5
-5
-5
-5
-6
-5
-5
-6
-4
-3
-4
-3
-4
-3
-4
-4
-3
-3
-4
-3
-2
-4
-4
-3
-4
-3
-4
-4
-1
-2
-3
-1
-2
-2
-2
-3
-2
-1
-1
-1
-2
-2
-1
-2
-2
-1
-1
-1
0
-1
0
0
0
0
0
1
0
0
1
0
1
3
3
3
3
3
4
5
5
4
4
2
2
3
2
3
4
4
3
3
3
2
2
1
2
2
1
1
0
-2
-1
-1
-1
-1
-2
-2
-3
-3
-3
-4
-3
-4
-3
-3
-3
-4
-3
-4
-4
-4
-6
-3
-4
-4
-4
-3
-3
-4
-4
-4
-3
-4
-4
-3
-2
-1
-1
-3
-2
-1
1
0
-1
0
0
-1
0
1
0
1
1
2
2
2
3
3
5
5
5
4
4
5
5
5
5
6
5
4
4
4
5
6
6
6
7
6
6
6
5
6
6
6
6
5
4
4
3
4
3
3
2
4
4
3
4
3
1
1
1
-2
-2
-1
-1
-1
-1
-1
-2
-2
-3
-4
-4
-3
-4
-3
-5
-5
-6
-6
-5
-6
-5
-5
-5
-4
-5
-5
-5
-5
-5
-5
-5
-5
-4
-5
-6
-5
-4
-4
-3
-3
-3
-3
-2
-1
-3
-2
-2
-2
-3
-2
-2
-2
0
0
0
0
-1
0
0
1
0
0
0
1
1
1
2
2
2
2
3
2
2
2
3
2
2
3
2
1
1
1
2
2
2
1
2
2
1
1
2
4
3
3
4
1
2
1
1
1
0
1
0
0
0
-2
-1
-1
-1
-1
-1
-1
-2
-3
-3
-2
-2
-4
-4
-3
-2
-3
-3
-2
-1
-1
-1
-3
-3
-2
-2
-1
-1
-2
-1
1
0
1
1
3
2
2
2
2
2
1
1
2
2
3
3
4
4
4
4
4
4
4
5
4
3
3
3
4
4
4
3
3
3
4
4
6
5
6
6
6
6
6
7
7
6
5
6
6
4
5
4
3
3
4
4
3
2
2
2
1
0
0
0
0
0
-1
-2
-3
-3
-2
-4
-5
-4
-5
-4
-4
-5
-6
-5
-6
-6
-6
-7
-7
-7
-6
-6
-5
-6
-7
-7
-6
-6
-6
-6
-7
-5
-6
-5
-5
-4
-4
-2
-3
-4
-4
-4
-1
-1
-1
0
-1
-1
1
-1
0
1
2
1
1
2
3
3
3
4
3
3
4
3
4
5
5
6
5
5
4
4
4
3
4
3
4
4
4
3
3
3
4
3
3
3
3
3
3
1
1
2
2
1
1
0
1
-1
-1
-2
-2
-2
-2
-2
-2
-2
-3
-3
-4
-3
-4
-4
-5
-6
-6
-5
-6
-6
-5
-6
-5
-5
-5
-6
-5
-5
-5
-4
-3
-3
-2
-3
-2
-4
-3
-2
-2
-2
-1
0
-1
-1
0
0
0
1
1
2
2
1
3
3
3
4
4
3
3
3
3
3
3
3
4
4
4
4
4
3
3
4
5
3
4
4
3
3
3
3
4
2
2
1
0
2
2
2
2
2
1
2
1
-1
0
-2
-2
-1
-2
-1
-1
-2
-2
-2
-2
-2
-1
-2
-3
-1
-3
-2
-1
-2
-1
-1
-1
-2
-3
-3
-4
-3
-3
-2
-3
-2
-2
-3
-2
-2
-3
-2
-3
-3
-1
0
0
1
0
0
1
1
-1
1
2
1
1
1
2
2
2
1
2
2
3
3
3
3
4
3
3
3
4
4
2
3
3
3
3
2
3
3
3
3
3
2
1
2
1
1
0
2
2
2
2
1
0
1
0
0
2
0
-1
-1
-1
-1
-1
-3
-1
-2
-3
-1
-3
-1
-1
-2
-1
-1
-2
-2
-2
-2
-2
-2
-2
-2
-2
-3
-2
-2
-4
-4
-3
-2
-3
-1
-2
-2
-2
-2
-2
-3
-1
-1
-1
-1
0
-1
-1
-1
-1
-1
0
0
0
1
0
1
1
2
2
2
2
3
3
3
3
4
3
3
1
3
3
2
2
3
3
2
2
2
1
1
2
1
1
1
0
0
1
0
0
-1
-2
-1
-1
-1
-1
-2
0
-1
-1
-1
0
0
1
0
-1
-1
-2
-2
-3
-4
-3
-3
-2
-3
-3
-2
-4
-3
-3
-3
-4
-3
-2
-2
-2
-1
-1
-1
0
0
0
0
0
-2
-1
-1
0
0
1
2
1
1
1
2
2
2
2
2
3
2
2
3
3
3
2
0
1
0
2
2
2
3
3
2
2
3
2
4
3
4
3
3
3
1
1
0
1
2
2
2
2
1
0
0
-2
-1
-1
-1
-1
-1
-2
-1
-2
-3
-3
-3
-3
-2
-2
-2
-3
-2
-3
-4
-5
-4
-4
-4
-4
-5
-4
-5
-6
-4
-4
-4
-4
-6
-6
-5
-4
-5
-4
-6
-5
-5
-5
-5
-4
-4
-3
-3
-2
-2
-2
-2
-3
-3
-3
-2
-1
0
0
0
0
1
2
2
2
2
3
1
2
2
3
4
4
4
3
2
4
4
3
3
4
3
5
4
4
4
4
3
4
4
3
4
2
3
4
3
4
4
3
3
3
2
1
2
1
1
0
0
0
-1
0
0
-2
-1
-1
0
0
-1
-1
-1
0
0
1
0
0
1
1
1
-1
-1
0
-1
-1
-2
0
-2
0
-2
0
0
0
1
-1
0
0
2
-1
0
0
0
1
1
1
3
3
3
3
2
3
3
3
4
4
5
3
3
2
2
1
3
3
2
2
3
1
1
2
1
2
2
2
1
-1
0
1
0
1
2
2
2
1
1
0
1
0
-1
-1
-1
-1
0
-1
-1
0
-2
-3
-4
-5
-5
-3
-4
-5
-4
-4
-4
-4
-3
-4
-5
-3
-3
-3
-4
-3
-3
-4
-4
-4
-4
-3
-3
-4
-4
-3
-4
-3
-3
-4
-3
-3
-2
-2
-1
-1
0
0
0
0
0
0
3
1
1
1
1
0
1
1
0
1
0
-1
1
1
1
0
1
2
1
2
2
0
1
1
2
3
3
2
1
3
1
1
1
1
1
2
2
2
3
3
3
1
1
2
1
2
2
0
0
0
0
0
0
0
0
-1
-2
0
-2
-2
-1
-2
-1
-1
-1
-1
-2
-2
-2
-2
-3
-3
-3
-2
-3
-4
-4
-4
-4
-3
-4
-3
-3
-2
-2
-2
-2
-2
-2
-1
-2
-1
0
-1
0
0
1
2
1
-1
1
3
3
4
4
5
4
3
3
5
5
6
5
5
6
5
5
6
6
6
6
7
5
5
5
4
4
5
4
4
3
3
3
3
3
3
3
2
2
1
2
2
2
2
1
2
1
2
3
2
3
2
1
1
-1
-1
0
-1
-2
-2
-2
-2
-2
-3
-2
-2
-3
-3
-3
-4
-3
-2
-4
-3
-2
-3
-3
-3
-4
-4
-3
-3
-3
-4
-3
-2
-1
-3
-3
-3
-3
-4
-4
-4
-5
-3
-3
-1
-1
-1
-1
-1
-3
-1
-1
-1
0
0
0
1
0
0
-1
-1
0
1
1
0
2
2
1
2
2
2
2
2
3
3
3
3
4
3
3
4
3
4
4
4
4
3
3
4
3
2
2
3
2
2
1
2
1
1
-1
-1
-1
-2
-1
-4
-2
-3
-3
-2
-2
-3
-3
-3
-3
-4
-3
-4
-3
-3
-4
-4
-3
-3
-3
-3
-3
-2
-2
-2
-2
-1
-1
0
0
-2
-2
-1
-1
-1
0
1
1
1
1
-1
0
-1
-2
-1
0
0
-1
-1
0
0
-1
-1
-1
-1
-1
1
2
2
4
3
3
3
3
2
2
3
2
3
3
4
4
4
3
2
2
2
1
3
3
3
2
3
3
3
3
2
2
3
3
3
2
2
2
2
1
0
1
0
1
-1
-1
-2
-2
-2
-3
-4
-4
-4
-4
-3
-2
-3
-3
-3
-4
-4
-4
-3
-4
-4
-4
-3
-5
-5
-4
-4
-3
-3
-2
-3
-3
-3
-4
-3
-3
-1
-3
-3
-3
-2
-1
-2
-2
-1
-1
0
-1
0
0
2
1
0
1
0
1
1
1
2
2
0
2
2
2
3
2
3
4
2
2
2
2
2
3
2
3
3
3
4
6
4
5
6
4
4
4
4
5
3
4
3
3
2
2
2
1
1
1
0
0
1
1
0
-1
-2
-2
-2
-1
-2
-2
-2
-3
-3
-3
-4
-4
-3
-3
-2
-2
-2
-4
-3
-3
-4
-3
-4
-3
-3
-2
-3
-2
-2
-3
-3
-3
-3
-2
-2
-2
0
1
2
0
1
3
1
2
1
0
0
1
2
2
3
4
3
3
3
3
4
5
4
4
3
5
3
3
4
4
5
4
5
4
3
4
3
3
4
4
4
4
3
3
2
2
3
2
2
0
1
1
0
0
0
1
0
0
-1
-2
-1
-3
-3
-3
-3
-3
-3
-2
-2
-2
-2
-2
-3
-3
-3
-2
-3
-3
-2
-2
-2
-2
-2
-2
-2
-2
-2
-2
-3
-4
-3
-3
-2
-4
-4
-3
-3
-3
-2
-1
-2
-1
-1
0
0
-1
0
-1
0
-1
-1
-1
0
-1
-1
0
0
0
0
2
1
1
2
0
2
2
2
1
2
3
2
2
2
1
3
4
5
3
3
2
2
1
2
2
2
0
1
1
1
1
1
1
1
1
0
-1
0
0
-1
0
1
0
0
0
-1
-2
-2
-3
-3
-4
-3
-2
-1
-2
-1
-2
-2
-2
-3
-2
-2
-2
0
0
0
0
-1
0
1
1
2
1
1
2
1
1
2
2
2
2
2
4
2
2
2
2
2
2
2
2
2
1
3
3
2
2
2
0
0
0
0
1
1
2
2
1
1
2
1
2
2
1
2
2
1
0
1
1
1
0
0
0
-1
0
0
-1
-1
-1
-1
-1
-2
-1
-1
-1
0
0
-2
-2
-3
-3
-3
-2
-4
-4
-4
-5
-4
-3
-4
-5
-5
-5
-6
-5
-5
-6
-4
-3
-4
-4
-2
-4
-3
-2
-3
-3
-3
-3
-2
-2
-2
-1
1
1
0
0
-1
-1
0
1
1
2
1
2
2
0
0
1
1
2
3
1
2
2
2
2
3
4
4
4
4
3
4
3
3
3
3
3
3
4
4
6
4
5
6
3
3
4
3
3
4
2
3
3
2
2
3
3
4
2
3
3
2
2
1
0
2
1
1
1
0
0
0
0
-1
-1
-2
-2
-1
-1
-2
0
-1
-2
-3
-3
-4
-4
-4
-4
-5
-4
-4
-3
-5
-4
-4
-4
-4
-4
-3
-4
-3
-3
-2
-2
-1
-1
-2
0
-1
1
2
1
1
1
2
2
2
4
5
5
4
5
5
5
4
5
6
5
6
4
4
5
5
7
5
5
4
2
3
2
2
3
3
3
2
3
2
3
2
3
3
2
2
1
0
1
-1
-1
-2
-2
-3
-4
-7
-7
-8
-11
-13
-14
-16
-17
-17
-19
-19
-21
-21
-22
-23
-24
-24
-24
-24
-23
-21
-20
-17
-18
-17
-14
-11
-9
-7
-3
-1
1
4
8
10
13
17
20
20
21
24
25
26
29
30
33
34
34
33
35
34
35
33
33
32
32
31
30
30
29
29
30
28
28
28
28
27
27
25
25
24
25
24
24
22
23
21
19
18
16
14
13
10
7
5
2
-2
-4
-7
-10
-14
-18
-22
-26
-30
-35
-40
-45
-47
-51
-56
-59
-64
-67
-71
-72
-77
-79
-82
-85
-87
-89
-89
-89
-87
-89
-89
-88
-87
-84
-82
-80
-76
-73
-70
-66
-62
-58
-50
-43
-37
-30
-23
-16
-8
2
9
19
28
37
46
54
63
74
81
89
97
103
110
116
121
127
130
133
137
138
140
142
142
141
138
134
131
126
122
116
110
105
100
94
87
81
77
70
63
57
52
47
44
39
35
31
28
24
20
16
13
11
9
6
5
3
-1
-3
-9
-12
-17
-21
-26
-32
-39
-45
-54
-62
-71
-82
-92
-101
-113
-125
-136
-148
-162
-173
-187
-197
-207
-216
-225
-232
-238
-243
-248
-248
-249
-248
-245
-239
-233
-226
-215
-206
-192
-180
-167
-152
-135
-118
-100
-83
-65
-47
-30
-13
5
21
38
56
72
87
103
118
131
145
157
169
179
191
201
209
218
228
235
241
247
254
258
262
266
268
270
271
270
269
267
264
261
256
249
244
238
230
222
213
202
193
184
174
164
152
141
131
117
106
93
82
69
55
41
28
13
-2
-16
-33
-50
-67
-86
-104
-123
-143
-161
-180
-200
-220
-238
-258
-275
-293
-312
-329
-342
-357
-370
-380
-390
-396
-402
-405
-406
-407
-403
-398
-392
-384
-378
-369
-360
-350
-339
-329
-316
-306
-295
-282
-269
-256
-242
-229
-214
-197
-178
-158
-135
-109
