1.000000e-030   3.118779e-001   1.000000e-030   1.039593e-001   1.000000e-030   1.000000e-030   1.000000e-030   1.000000e-030   1.000000e-030   1.000000e-030   1.000000e-030   1.000000e-030   4.249482e-244   4.859349e-232   1.000000e-030   1.000000e-030   1.000000e-030   2.079186e-001   1.000000e-030   1.000000e-030   1.000000e-030   2.079186e-001   1.000000e-030   1.000000e-030   1.000000e-030   1.000000e-030   1.000000e-030   1.000000e-030   1.000000e-030   1.683257e-001   1.000000e-030   1.000000e-030   

1.000000e-030   1.000000e-030   1.000000e-030   1.000000e-030   1.000000e-030   1.000000e-030   1.000000e-030   1.000000e-030   1.000000e-030   1.000000e-030   1.000000e-030   1.000000e-030   4.200180e-001   1.963282e-231   1.000000e-030   1.000000e-030   4.200180e-001   2.164766e-244   1.000000e-030   1.000000e-030   1.000000e-030   1.813202e-264   1.000000e-030   1.000000e-030   1.000000e-030   1.000000e-030   1.000000e-030   1.000000e-030   1.000000e-030   1.599640e-001   1.000000e-030   6.741470e-241   

1.000000e-030   1.000000e-030   5.362282e-240   1.000000e-030   1.000000e-030   1.000000e-030   1.000000e-030   1.887732e-240   1.000000e-030   1.000000e-030   1.000000e-030   1.000000e-030   1.000000e-030   5.842851e-232   1.000000e-030   1.000000e-030   4.424165e-242   1.000000e-030   1.000000e-030   1.000000e-030   1.000000e-030   1.000000e-030   1.000000e-030   1.000000e-030   1.000000e-030   1.000000e-030   1.000000e-030   1.000000e-030   1.000000e-030   2.071305e-295   1.000000e-030   1.000000e+000   

1.000000e-030   3.205954e-234   1.666667e-001   7.036387e-236   1.000000e-030   1.000000e-030   1.000000e-030   6.666667e-001   1.000000e-030   1.000000e-030   1.000000e-030   1.000000e-030   1.666667e-001   7.790468e-232   1.000000e-030   1.000000e-030   1.000000e-030   1.443027e-233   1.000000e-030   1.000000e-030   1.000000e-030   1.000000e-030   1.000000e-030   1.000000e-030   1.000000e-030   1.000000e-030   1.000000e-030   1.000000e-030   1.000000e-030   7.609108e-235   1.000000e-030   7.496168e-241   

1.000000e-030   1.111111e-001   5.570800e-130   1.111111e-001   1.000000e-030   1.000000e-030   1.000000e-030   1.002744e-159   1.000000e-030   1.000000e-030   1.000000e-030   1.000000e-030   7.737222e-101   1.111111e-001   1.000000e-030   1.000000e-030   1.000000e-030   2.222222e-001   1.000000e-030   1.000000e-030   1.000000e-030   1.000000e-030   1.000000e-030   1.000000e-030   1.000000e-030   1.000000e-030   1.000000e-030   1.000000e-030   1.000000e-030   4.444444e-001   1.000000e-030   1.000000e-030   

