-28
493
13
-366
-301
193
601
-15
-450
-229
252
416
-206
-296
33
180
2
-363
39
217
0
-335
-81
246
185
-59
-385
-185
349
467
-249
-530
-82
636
191
-357
-254
24
375
-40
-140
-57
166
49
-334
80
219
89
-203
-446
205
587
-27
-433
-332
108
844
101
-598
-429
293
563
-207
-144
-110
74
44
51
0
-98
103
-191
86
416
-95
-360
-71
496
30
-243
94
106
145
-265
-123
424
265
-351
-403
141
732
60
-664
-299
322
644
-172
-485
41
145
155
-73
-157
115
73
129
-131
-186
172
270
65
-316
-119
91
258
118
-159
-186
-117
228
412
-133
-354
-75
242
370
-68
-137
-281
202
465
-161
-167
-1
254
-114
-293
251
191
-44
-222
-159
149
235
138
-378
-341
315
496
-264
-357
101
124
74
-32
161
-160
-207
89
246
221
-292
-152
103
173
88
-182
58
89
-1
-175
-142
341
110
-237
-400
98
336
-6
-227
-419
261
341
-52
-431
-101
261
154
-104
-267
1
206
16
-296
145
211
9
-352
-181
350
224
-77
-381
-201
415
353
-252
-444
-182
505
251
-298
-410
-77
518
-46
-201
-139
-11
275
-216
-181
-3
128
-19
-281
-50
130
152
-168
-284
-73
338
146
-226
-314
90
354
-33
-78
-75
0
14
158
42
-57
55
-92
90
138
30
-84
-150
283
122
-178
-130
-67
324
-34
-269
-83
39
231
-108
-68
-14
-35
78
-78
154
89
-193
-40
72
232
-39
-147
-97
76
201
3
-20
-128
-38
1
217
111
-168
-134
53
109
66
-21
-84
21
15
-28
58
245
-143
-187
-62
305
308
-182
-204
-49
369
63
-87
-168
118
289
18
-115
-222
324
208
-73
-173
118
234
-138
-91
-6
74
45
-85
-82
-27
43
120
-61
-226
-54
68
239
-44
-304
-19
221
55
-142
-130
110
140
-12
-42
-108
122
74
1
22
-60
69
159
-11
-52
-25
74
78
-117
52
46
-127
-36
-41
51
-12
-102
-108
-120
78
-6
-53
-79
-106
51
43
-37
-129
-28
7
47
114
16
-152
-171
177
200
48
-204
-98
115
113
65
-44
-60
-75
109
117
95
-9
-42
-30
-13
191
52
-11
-75
-76
164
100
-39
-139
-55
129
73
71
-76
-143
35
169
88
-118
-103
15
121
38
-83
-59
-47
38
28
56
-25
-122
-79
-4
110
19
-47
-144
-28
75
27
-39
-43
-56
-36
115
21
-97
-96
45
112
25
-30
-54
4
117
56
-18
-73
-33
48
61
86
-20
-87
-59
54
99
33
-77
-73
-8
64
90
-5
-76
-30
60
86
-4
-91
7
32
41
31
-33
-2
10
42
48
8
16
-39
-3
76
78
25
-80
2
69
74
11
-83
-14
29
66
29
-68
-26
16
-5
11
15
10
5
-29
-27
16
33
-10
-61
-68
7
49
-36
-131
-103
54
63
-67
-105
-65
71
31
-76
-75
20
79
-43
-81
1
74
43
-90
-69
68
75
-20
-70
-32
47
33
-22
-44
-9
-11
-44
-7
-34
-29
-34
-60
-32
-31
-6
-22
-74
-51
-7
-5
-12
7
-27
-69
-14
29
18
5
-36
7
32
30
32
35
40
2
54
93
60
-5
-15
55
40
23
-4
-10
27
16
-23
-41
-32
-11
-22
-44
-41
-35
-69
-99
-65
-53
-24
-96
-136
-97
-31
12
-83
-99
-44
9
26
-8
-15
12
24
13
42
69
58
70
43
82
118
63
15
61
113
68
11
-21
24
30
-17
-38
-33
-32
-45
-74
-65
-71
-76
-78
-61
-39
-45
-46
-78
-45
9
57
30
-16
20
76
116
112
80
55
108
160
133
88
66
71
116
62
0
9
10
-34
-93
-86
-79
-112
-148
-141
-133
-139
-140
-162
-119
-58
-55
-83
-57
19
55
59
61
105
113
135
158
158
163
150
135
126
157
133
59
37
24
26
5
-74
-123
-116
-122
-135
-185
-232
-205
-192
-174
-185
-215
-171
-147
-132
-95
-78
-50
-30
16
39
47
112
126
113
134
151
178
168
141
150
147
150
134
108
98
72
65
38
-3
-7
-24
-31
-81
-105
-101
-110
-114
-154
-149
-136
-128
-122
-113
-98
-90
-42
-14
-12
-5
19
87
76
84
127
140
153
149
146
162
184
157
135
126
143
128
73
42
43
39
12
-43
-66
-51
-61
-97
-128
-131
-115
-116
-154
-139
-120
-111
-107
-115
-96
-61
-41
-60
-35
6
4
30
19
27
67
69
77
70
72
87
74
64
46
29
52
55
16
-11
-2
-5
-16
-29
-32
-19
-11
-43
-53
-32
-11
-16
-43
-26
-19
-13
7
12
3
14
28
31
50
48
54
49
42
43
49
47
31
29
20
25
7
8
1
-15
1
-5
1
-14
-39
-30
-7
3
-13
-34
-15
2
4
-7
-25
9
28
-1
-15
0
20
21
-8
-6
13
3
1
-3
-8
8
-7
-12
3
3
4
4
-1
-2
1
13
14
4
-11
-1
27
24
5
-7
15
36
29
5
11
28
26
12
-10
-1
16
-6
-33
-7
-3
-26
-37
-39
-13
-11
-27
-35
-30
-13
-4
-18
-16
5
5
8
8
8
22
33
27
37
43
35
43
35
39
36
35
34
18
21
17
-1
1
-12
-29
-23
-24
-21
-37
-57
-42
-26
-27
-38
-34
-17
-14
-14
-17
-10
-3
3
6
9
19
24
29
29
29
38
47
36
35
39
49
43
19
17
21
21
14
12
-3
-11
-4
-7
-5
-21
-28
-29
-17
-12
-20
-19
-20
-8
7
-7
-12
10
4
9
16
17
23
18
29
22
18
35
20
18
26
17
12
13
3
-1
15
0
-13
-10
-13
0
-10
-19
-20
-18
-12
-14
-17
-17
-17
-20
-2
3
-3
-5
-1
17
27
17
8
7
24
35
24
4
9
30
23
0
0
0
-2
-5
-12
-14
-9
-20
-30
-29
-19
-26
-50
-42
-28
-21
-31
-51
-46
-32
-34
-33
-24
-25
-25
-20
-25
-8
-4
-10
-6
-5
11
-1
-12
-5
9
4
-9
-6
-10
-3
-1
-9
-25
-14
-3
-11
-12
-14
-6
-11
-12
-1
-6
-4
6
7
16
21
22
25
30
31
34
45
46
39
33
40
56
52
28
28
42
46
35
17
25
33
25
10
10
9
12
8
-1
-8
-5
-2
-19
-10
3
3
-19
-28
-12
2
4
-11
-13
-8
-4
3
-2
-7
-15
-11
4
-6
-10
-15
-17
-11
-14
-14
-19
-19
-18
-21
-24
-31
-36
-32
-32
-36
-29
-33
-37
-36
-31
-21
-15
-13
-8
-2
-2
2
-5
-5
3
7
6
7
-1
-1
0
3
15
5
9
6
0
8
-5
-10
-5
2
11
-1
0
13
9
5
3
8
13
5
5
9
12
16
4
0
-2
-5
3
7
6
4
3
-3
-3
-1
2
-10
-22
-26
-22
-8
-10
-5
-10
-25
-36
-20
-14
-48
-37
5
41
29
-17
-69
-101
-58
21
65
54
10
-31
-49
-19
15
23
23
4
5
19
25
22
20
46
74
64
33
18
22
31
32
14
0
-10
-21
-16
-18
-21
-21
-27
-37
-34
-16
-19
-26
-21
-17
-23
-32
-28
-14
-7
-4
-10
-17
-23
-8
-3
2
13
1
-9
-6
10
21
19
5
16
32
23
3
8
26
23
13
0
0
6
5
-13
-12
3
3
-7
-16
-6
-8
-12
-19
-25
-11
-7
-21
-27
-26
-18
-9
-14
-17
-15
-8
-4
-11
-6
2
1
6
11
12
8
14
23
25
24
19
23
26
25
28
26
27
25
25
28
27
27
20
11
13
26
23
12
18
22
17
18
18
11
8
2
-2
2
9
-1
-8
-5
0
3
-12
-12
-1
8
7
-4
-2
2
6
-7
-7
3
7
8
0
0
6
11
-4
4
12
14
11
-4
-2
3
0
-3
-3
-2
-6
-4
-11
-10
-2
-5
-7
-11
-5
-3
-14
-19
-15
-11
-7
-4
-11
-8
1
1
1
0
-3
0
2
5
3
2
2
6
3
1
9
6
1
-7
-5
1
2
1
-9
-1
6
5
-10
-14
-4
-3
-6
-11
-14
-9
-8
-11
-12
-10
-4
-7
-11
-9
-3
-1
-4
-6
-6
2
3
1
-4
-3
1
1
2
0
-2
0
-2
-5
-6
-6
-1
-8
-5
-2
-1
0
-10
-4
-1
1
0
-7
-5
-2
-1
4
5
8
3
1
8
7
8
8
10
14
9
8
5
5
3
1
3
6
3
1
0
0
4
-1
-4
-5
4
5
-2
-3
-4
0
1
-1
-3
-2
2
0
-2
1
2
0
-2
2
1
8
6
2
6
8
14
8
5
6
9
11
11
6
4
8
10
7
6
7
4
9
6
2
3
6
7
2
3
6
10
6
-1
1
6
11
4
-4
1
5
5
4
-1
-2
4
2
0
4
2
2
-3
0
0
-3
-5
-6
-5
-3
-4
-3
-5
-8
-5
-3
-5
-6
-6
-6
-2
0
-2
-6
-4
1
3
2
0
-1
0
1
1
2
4
5
0
-1
-2
-3
-2
-3
-3
-2
-4
-5
-8
-9
-9
-7
-7
-12
-10
-10
-11
-8
-12
-7
-5
-7
-8
-8
-4
-3
-3
0
-2
-2
-2
-1
-1
-1
2
1
-1
0
2
0
1
1
2
0
0
1
-1
3
0
0
-2
-1
2
-1
1
0
3
4
1
1
0
2
1
0
-1
-2
-1
-3
-2
0
-2
-3
-3
-3
-1
-2
-2
-2
-2
-2
-3
-2
1
1
0
-2
1
2
1
1
0
1
2
1
0
3
4
4
2
1
4
4
4
5
5
4
7
5
3
4
5
7
1
0
1
4
5
2
4
5
9
5
1
3
4
5
5
3
5
6
5
2
2
4
5
5
2
3
3
1
3
0
4
3
-1
0
-1
0
-2
1
-1
-2
0
-1
0
-1
0
1
2
2
3
2
4
5
2
5
4
4
4
2
4
5
6
3
3
5
6
5
3
3
4
2
-2
-3
2
1
-1
-1
-3
-1
-4
-4
-3
-4
-2
-6
-5
-1
1
0
-1
2
3
1
0
2
3
1
1
1
3
2
1
1
-1
3
1
0
0
1
1
-3
-2
-2
-1
-2
-3
-5
-4
-6
-7
-5
-5
-3
-4
-4
-3
-2
-3
-3
-1
-2
0
0
-3
-1
-2
0
1
1
3
1
3
1
2
1
1
0
0
2
0
-2
-5
-4
-1
-4
-5
-7
-6
-6
-7
-9
-9
-7
-5
-5
-5
-4
-3
-5
-3
-3
-2
0
-1
-1
0
-1
1
-2
-2
-1
0
1
-1
-1
-2
0
-2
-3
-2
-3
-3
-4
-5
-5
-4
-4
-5
-4
-4
-5
-4
-4
-4
-5
-5
-3
-3
-2
-3
-3
-2
0
-1
2
1
1
1
2
1
1
0
1
2
0
3
1
2
4
3
3
3
1
1
1
2
1
0
2
3
5
3
4
3
3
5
1
1
1
5
4
3
3
3
2
2
2
4
2
2
0
1
3
1
-1
-3
0
-2
-3
-2
-3
-2
-2
-1
-3
-4
-2
-1
-2
-1
-1
-2
0
1
-1
1
2
0
-1
2
0
0
0
-1
0
1
0
-1
-1
1
0
-2
-3
-2
-3
-5
-4
-4
-4
-4
-4
-4
-4
-3
-3
-3
-4
-2
-1
-4
-4
-3
-1
-2
-1
0
-2
0
-1
1
2
0
1
-1
1
1
1
2
2
1
-1
0
1
0
0
0
-1
1
2
2
3
3
2
2
1
-1
0
2
1
0
1
0
0
0
0
1
1
0
-1
-2
0
1
0
2
1
2
2
1
0
1
-1
0
-1
0
2
3
3
2
3
3
1
3
2
2
2
2
4
2
2
5
3
4
4
4
4
5
4
2
1
2
2
1
0
-1
-1
-2
-1
-1
-1
-2
-2
0
1
0
2
0
1
2
3
2
1
1
3
3
1
0
2
3
2
4
2
2
3
1
0
0
2
2
4
3
3
3
2
1
0
-1
-2
-2
-2
-2
-1
-1
-1
0
-3
-3
-2
-2
-4
-5
-2
-1
-2
-1
-1
-1
1
-1
-2
-2
-3
-3
-4
-3
-3
-3
-1
-1
-1
-2
-1
-1
-1
-1
-1
-1
-2
-2
-2
-2
-2
-2
-3
-2
-2
-4
-3
-3
-3
-2
-2
-2
-1
-2
-1
1
0
-1
0
1
0
0
-1
0
2
1
0
-1
0
0
2
1
0
0
2
1
-2
-1
-1
-1
-1
-2
-2
0
-1
-1
-1
-1
1
0
2
0
-1
0
-2
-2
-2
-1
-1
-2
-1
-2
0
0
0
-2
1
0
-1
0
0
-1
0
0
1
0
1
3
0
1
0
0
0
-1
-2
-1
-1
-1
-1
0
2
2
1
2
1
1
1
1
0
0
1
0
0
0
2
0
0
1
2
3
2
0
2
2
2
2
1
-1
0
-1
-2
-2
-1
0
-1
-1
-1
-1
-1
0
-1
-1
-1
-1
-2
-1
-2
-2
-2
-2
-1
-1
-2
-1
-2
-2
-1
0
-1
-1
0
-1
-1
0
-2
-2
-1
-1
0
0
0
0
0
0
1
0
1
1
0
2
1
2
1
1
2
3
3
2
2
2
3
1
1
0
1
1
1
0
1
2
2
1
0
2
2
3
2
1
1
0
0
1
1
1
1
1
0
0
1
0
2
1
1
1
0
2
2
3
2
1
0
2
2
2
1
1
1
2
1
1
1
1
1
2
3
2
2
1
3
2
1
0
-1
2
3
3
2
3
2
3
3
1
1
2
3
2
2
4
3
3
2
2
1
2
1
2
2
2
1
2
2
2
3
1
2
1
0
1
0
-1
0
1
-1
-2
2
1
2
1
2
2
0
1
0
-1
0
0
-1
-2
-1
-1
-2
0
-1
-1
-1
-2
-2
-2
-2
-2
-3
-2
-3
-4
-4
-3
-4
-4
-4
-3
-2
-1
-3
-3
-1
-1
-1
-4
-3
-3
-3
-4
-3
-3
-1
-2
-3
-3
-3
-3
-4
-3
-3
-2
-3
-4
-4
-5
-3
-5
-4
-5
-4
-3
-4
-4
-5
-4
-4
-6
-6
-4
-5
-5
-5
-3
-4
-5
-3
-4
-4
-4
-3
-2
-3
-1
-1
-2
0
-2
1
-3
-3
-2
-3
-2
-3
-2
-2
-2
0
-3
-1
-2
-2
-1
-2
-2
-2
-2
-2
-4
-3
-2
-3
-2
-3
0
-1
0
1
-1
4
1
2
1
0
2
-1
0
1
1
2
0
3
2
2
4
1
3
4
1
4
2
4
3
2
4
1
2
2
0
3
1
2
2
0
4
0
3
2
-1
4
0
4
3
3
5
3
6
3
4
4
2
2
3
1
5
3
5
4
3
5
1
6
2
3
2
0
5
0
5
3
2
5
2
3
2
1
4
0
2
1
-1
3
-2
5
2
1
6
-1
6
0
4
5
-1
7
0
4
3
-1
5
0
3
0
0
-1
0
-1
-1
0
-3
2
-2
-1
0
-3
1
-4
-1
-6
-2
-4
-5
-1
-8
-1
-8
-1
-3
-5
1
-10
2
-5
0
-1
-3
2
-5
2
-3
-2
-3
-3
-2
-5
1
-3
1
-3
1
-2
-1
1
-3
3
-4
0
-2
-2
3
-2
3
1
0
1
-3
2
-2
-3
-1
-5
1
-2
-1
1
-2
2
0
2
-1
0
0
-2
2
-3
0
-1
-3
-1
-1
1
-1
1
-1
3
0
2
2
2
6
-1
6
-2
2
2
-2
5
-4
4
0
2
3
1
6
0
7
-1
3
2
-2
5
-4
0
1
-8
2
-7
-1
0
-13
6
-14
1
1
-12
10
-15
5
-3
-8
8
-11
8
-9
4
5
-2
8
2
4
0
14
-7
13
0
5
10
-8
24
-15
21
-5
1
12
-17
22
-17
14
-1
9
-1
3
14
-11
20
-10
13
-7
10
-4
3
7
-4
12
-11
20
-18
28
-16
7
16
-28
46
-38
24
-1
-24
41
-42
28
-1
-26
49
-47
31
-3
-30
46
-52
32
-14
-29
36
-50
26
0
-22
33
-35
24
2
-17
46
-34
29
2
-17
33
-23
33
-10
5
14
-7
22
2
15
0
3
10
4
2
7
-8
-1
13
-8
16
-17
19
-18
15
5
-11
30
-48
54
-61
47
-30
-11
44
-89
102
-111
72
-26
-33
71
-104
94
-75
38
-1
-25
36
-30
27
-22
22
-22
22
-21
17
-9
-5
27
-38
38
-31
22
-10
1
3
-20
24
-36
26
-27
-1
5
-27
15
-20
-1
3
-17
8
-7
-14
20
-28
19
-5
-16
30
-32
27
-3
-2
22
-15
18
3
0
22
-6
13
8
-4
16
-4
14
-3
10
-6
11
5
-7
25
-27
29
-5
1
26
-30
40
-18
0
24
-33
34
-13
-8
26
-38
30
-9
-10
35
-37
24
0
-16
38
-31
19
-2
-21
30
-29
10
0
-23
19
-5
-1
25
-19
21
14
-7
45
-26
33
14
-12
54
-29
30
5
-17
53
-25
29
6
-28
38
-29
22
2
-29
33
-35
15
-3
-34
17
-41
-1
-6
-44
11
-45
-14
-1
-41
11
-42
-21
-5
-45
11
-34
-24
-3
-40
6
-16
-23
15
-43
23
-1
-5
43
-25
40
-4
34
24
26
26
18
33
9
50
2
44
-22
51
0
26
4
-12
13
-21
22
-52
36
-60
0
-29
-25
28
-57
5
-38
-6
15
-20
19
-34
9
5
-5
13
11
4
15
4
19
19
9
22
-4
21
-5
13
-21
-4
-6
-13
-10
-23
-6
-37
1
-17
-15
-1
-26
6
-23
12
-8
-11
20
-20
39
-8
9
30
-16
46
-8
12
18
-18
21
-25
-4
-2
-35
-10
-21
-55
2
-62
-27
-23
-74
3
-93
-17
-49
-64
-1
-86
-7
-42
-43
7
-44
2
-5
-20
21
-19
13
4
-12
26
-15
19
3
-12
18
-29
15
-27
-8
-20
-33
-20
-56
-13
-59
-29
-50
-67
-42
-69
-48
-54
-64
-60
-61
-66
-46
-69
-34
-56
-41
-31
-48
-14
-37
-12
-20
-7
-6
-1
-3
11
13
9
21
8
34
23
37
30
24
43
26
38
30
25
26
7
27
7
16
9
-8
19
-7
14
0
-13
15
-8
23
9
10
17
12
31
39
38
66
89
52
128
61
118
118
107
151
72
119
69
56
84
14
41
-5
-44
-19
-90
-76
-96
-145
-123
-168
-170
-183
-222
-200
-233
-227
-209
-244
-206
-222
-214
-174
-201
-145
-154
-135
-101
-114
-70
-73
-44
-11
-9
34
41
61
98
104
152
154
176
191
190
216
213
226
218
228
229
220
231
208
228
212
219
222
197
223
191
205
195
188
197
170
184
174
169
180
168
179
183
183
191
183
196
190
190
192
175
190
160
170
142
133
125
90
90
56
42
22
-13
-36
-67
-107
-131
-187
-223
-271
-326
-354
-416
-441
-485
-520
-538
-569
-569
-587
-593
-597
-598
-585
-589
-581
-577
-563
-550
-537
-518
-512
-483
-458
-433
-399
-384
-354
-332
-321
-276
-280
-234
-220
-200
-140
-138
-56
-17
36
127
171
289
343
426
523
554
672
714
761
823
811
867
857
865
878
815
833
778
743
735
646
645
567
531
501
428
407
360
305
311
240
256
219
186
229
105
226
120
169
139
82
137
17
82
-18
-5
-39
-96
-96
-158
-157
-196
-227
-241
-266
-289
-322
-359
-399
-431
-470
-506
-554
-597
-635
-691
-718
-757
-777
-793
-807
-808
-817
-814
-810
-788
-779
-740
-739
-704
-688
-669
-618
-617
-552
-542
-494
-442
-421
-366
-324
-285
-205
-139
-74
38
74
198
267
370
539
571
741
785
872
1017
1027
1152
1149
1178
1231
1180
1200
1139
1068
1055
953
904
817
685
662
520
469
393
278
256
144
121
49
14
-17
-59
-68
-78
-77
-75
-73
-80
-53
-49
-5
-18
16
-3
27
38
22
49
-1
26
-6
-20
-29
-83
-94
-128
-180
-196
-272
-300
-349
-420
-438
-527
-560
-614
-669
-692
-743
-766
-790
-809
-807
-810
-804
-779
-760
-725
-690
-660
-613
-581
-528
-470
-435
-384
-346
-315
-247
-216
-172
-165
-110
-54
-13
-20
29
61
70
163
105
257
151
298
281
244
407
266
478
370
448
505
451
583
529
590
670
654
740
792
743
854
761
829
853
779
857
674
700
628
541
545
403
366
306
214
181
102
19
43
-46
-25
-76
-111
-95
-158
-131
-145
-158
-141
-167
-185
-169
-215
-188
-214
-218
-205
-226
-218
-231
-237
-215
-218
-218
-200
-224
-216
-235
-241
-249
-285
-305
-283
-354
-354
-388
-431
-418
-449
-401
-480
-499
-413
-452
-421
-444
-393
-379
-395
-284
-290
-296
-303
-198
-176
-167
-153
-108
-89
-72
-4
-2
36
82
93
136
172
246
226
242
308
351
369
363
396
408
437
437
440
426
454
440
450
417
432
424
376
393
355
367
313
283
299
235
246
202
174
173
128
144
107
74
85
42
53
45
-4
3
-35
-24
-36
-86
-73
-108
-108
-116
-143
-136
-153
-170
-157
-165
-162
-157
-194
-148
-168
-166
-160
-170
-142
-180
-161
-170
-175
-181
-199
-199
-189
-200
-214
-231
-206
-196
-207
-200
-175
-168
-173
-138
-114
-95
-108
-53
-44
-30
-27
-5
38
31
52
55
73
108
78
107
115
136
146
130
182
162
184
169
193
199
201
209
198
215
187
194
179
189
191
169
173
142
153
139
114
125
108
110
98
69
75
44
67
44
29
37
15
21
-14
-18
-34
-35
-40
-61
-80
-99
-96
-123
-131
-137
-141
-144
-164
-149
-172
-165
-173
-168
-150
-161
-147
-163
-155
-154
-138
-131
-122
-118
-108
-103
-107
-80
-101
-70
-70
-58
-47
-59
-44
-44
-31
-34
-24
-12
-6
-7
-16
-3
3
14
6
14
33
21
36
25
37
47
48
61
48
62
66
80
77
72
88
92
102
86
98
100
106
105
104
107
101
100
93
89
81
70
71
59
42
33
16
5
-9
-12
-16
-26
-35
-41
-47
-43
-41
-39
-45
-45
-35
-40
-46
-40
-41
-39
-37
-36
-37
-38
-43
-43
-46
-44
-47
-54
-54
-58
-53
-60
-60
-64
-55
-66
-63
-62
-63
-55
-66
-58
-61
-60
-56
-58
-54
-60
-51
-56
-50
-52
-52
-42
-46
-38
-42
-28
-27
-21
-14
-5
6
10
15
17
27
38
45
47
61
60
73
75
83
92
92
98
98
112
99
103
105
104
102
96
99
92
90
85
87
88
85
87
79
79
85
70
77
75
63
64
55
53
40
42
36
33
23
20
11
7
5
-5
-3
-10
-2
-17
-27
-21
-20
-24
-23
-35
-28
-35
-46
-45
-53
-52
-67
-65
-77
-86
-90
-100
-99
-102
-107
-115
-120
-132
-136
-138
-136
-135
-144
-134
-138
-139
-144
-138
-125
-129
-115
-115
-102
-99
-89
-77
-52
-46
-30
-13
-2
23
31
52
63
82
92
108
111
119
126
130
136
141
144
135
139
129
133
124
110
111
100
99
83
76
61
51
42
38
33
19
13
3
1
-12
-11
-18
-19
-27
-34
-41
-46
-59
-65
-71
-74
-85
-97
-97
-112
-109
-119
-118
-123
-129
-124
-122
-120
-124
-116
-112
-105
-103
-98
-90
-90
-81
-78
-66
-68
-63
-58
-55
-45
-51
-39
-32
-19
-19
-14
-2
5
22
30
49
54
65
79
93
107
116
129
133
143
149
155
163
163
174
176
180
176
175
178
173
177
173
170
156
153
147
137
132
122
120
102
96
84
79
73
66
58
47
39
25
14
4
-7
-19
-25
-40
-52
-64
-74
-89
-98
-114
-121
-133
-146
-154
-172
-174
-188
-196
-203
-212
-221
-223
-229
-229
-229
-233
-233
-227
-226
-224
-215
-212
-201
-195
-182
-172
-159
-145
-131
-113
-103
-85
-72
-57
-42
-26
-11
9
23
37
57
68
79
95
108
123
131
144
156
161
169
173
186
190
195
196
196
201
201
205
204
206
202
204
202
197
200
199
204
198
194
197
186
184
178
172
163
151
139
129
118
106
95
83
69
54
43
26
16
7
-1
-11
-30
-40
-45
-57
-67
-75
-84
-87
-98
-110
-112
-119
-128
-136
-142
-149
-151
-159
-159
-160
-163
-161
-162
-162
-161
-157
-155
-150
-148
-144
-138
-131
-127
-114
-108
-98
-87
-78
-67
-53
-41
-35
-19
-13
5
14
26
35
46
56
60
70
77
86
93
99
107
111
116
122
129
133
138
142
146
153
155
159
157
158
156
156
156
152
150
145
138
131
126
117
108
94
85
71
56
43
27
15
-2
-16
-33
-42
-56
-68
-78
-85
-93
-103
-104
-110
-114
-118
-120
-123
-127
-127
-125
-122
-124
-121
-119
-116
-116
-117
-115
-110
-107
-107
-103
-101
-98
-98
-98
-96
-94
-92
-91
-85
-83
-78
-75
-66
-65
-60
-58
-55
-47
-47
-42
-38
-34
-30
-25
-23
-17
-13
-11
-2
2
7
12
21
30
36
41
50
57
61
71
75
83
85
88
93
96
100
100
100
103
104
104
103
104
104
102
101
99
97
95
92
91
87
84
80
74
70
66
62
56
51
45
39
32
26
16
9
-1
-10
-18
-32
-39
-49
-56
-60
-67
-73
-78
-80
-83
-84
-85
-82
-83
-81
-79
-76
-76
-76
-72
-68
-66
-62
-57
-51
-46
-43
-37
-31
-25
-20
-16
-12
-10
-6
-4
-1
-1
-1
-1
-3
-5
-7
-9
-13
-15
-21
-25
-27
-31
-36
-36
-37
-41
-40
-40
-39
-39
-37
-34
-33
-28
-25
-22
-17
-13
-11
-6
-3
3
6
14
20
23
31
35
40
45
50
55
58
64
66
67
69
74
71
71
69
67
69
63
58
55
51
47
42
39
35
32
30
27
23
25
21
20
17
17
17
16
16
14
11
13
12
10
12
13
14
15
16
14
15
18
15
17
17
16
16
14
15
14
12
10
8
9
6
5
2
-2
-1
-5
-9
-13
-17
-20
-25
-31
-32
-36
-39
-42
-43
-46
-49
-50
-50
-50
-52
-54
-54
-56
-56
-57
-57
-56
-56
-58
-55
-53
-55
-54
-52
-50
-47
-48
-48
-45
-43
-42
-38
-37
-33
-30
-27
-21
-17
-15
-12
-7
-4
-2
2
7
10
9
17
17
20
24
25
30
31
34
36
37
39
38
37
37
37
37
33
32
30
31
28
28
25
22
21
17
16
15
11
10
8
7
4
2
2
-1
-1
0
-2
-2
-1
1
0
0
0
0
0
-1
-4
-3
-5
-6
-8
-8
-11
-14
-18
-21
-22
-26
-29
-31
-35
-37
-41
-42
-45
-47
-46
-45
-47
-48
-46
-47
-47
-44
-41
-39
-35
-32
-29
-24
-21
-16
-11
-4
0
6
13
19
24
28
33
37
39
43
45
48
52
53
56
57
60
60
61
63
61
62
61
60
60
59
57
54
52
50
46
44
42
40
39
37
35
33
30
29
25
23
22
16
15
11
9
6
3
-1
-4
-7
-11
-13
-18
-21
-23
-28
-31
-34
-37
-40
-43
-44
-46
-47
-49
-50
-52
-51
-53
-55
-54
-55
-56
-56
-56
-56
-54
-51
-50
-46
-43
-38
-35
-29
-26
-21
-16
-12
-8
-5
1
5
8
13
17
22
25
30
32
37
41
45
50
50
53
56
58
59
60
63
64
65
65
66
68
69
70
69
68
68
68
65
64
63
61
58
54
52
49
47
44
40
37
33
29
24
20
15
9
2
-4
-9
-16
-23
-27
-34
-40
-46
-52
-58
-62
-67
-71
-73
-77
-80
-84
-87
-88
-91
-93
-92
-93
-92
-91
-91
-89
-88
-86
-81
-80
-76
-71
-67
-64
-58
-54
-50
-45
-39
-35
-30
-23
-19
-12
-5
1
7
13
19
24
30
34
39
45
49
53
56
59
62
66
67
70
72
72
76
79
81
81
83
85
85
85
85
84
82
84
80
79
78
75
73
71
69
67
63
59
57
53
49
45
39
33
28
23
17
11
5
0
-7
-10
-16
-24
-30
-35
-40
-46
-51
-57
-62
-66
-71
-75
-78
-84
-86
-90
-92
-94
-97
-98
-98
-100
-101
-100
-102
-100
-99
-98
-95
-92
-89
-85
-80
-78
-73
-68
-64
-59
-56
-51
-46
-41
-36
-28
-23
-19
-12
-6
1
6
11
17
24
29
35
40
45
50
54
58
62
66
68
72
74
79
79
80
81
82
82
82
80
79
77
78
75
73
70
67
65
61
58
54
51
46
41
37
31
27
22
18
13
9
4
0
-4
-8
-14
-19
-22
-26
-31
-35
-40
-41
-45
-47
-50
-52
-53
-56
-55
-57
-59
-61
-61
-63
-63
-63
-65
-64
-62
-60
-59
-58
-56
-54
-51
-48
-46
-43
-40
-36
-33
-30
-27
-25
-19
-15
-11
-7
-6
-1
4
8
12
17
21
25
28
32
36
38
42
44
46
47
48
51
54
56
56
58
59
60
61
61
61
60
60
59
57
56
53
50
48
45
44
40
37
34
31
27
23
20
17
13
8
4
1
-4
-7
-9
-14
-18
-20
-24
-27
-31
-33
-36
-38
-39
-42
-45
-46
-47
-50
-50
-49
-51
-51
-51
-50
-49
-47
-47
-45
-44
-42
-40
-37
-34
-32
-29
-25
-23
-20
-17
-13
-10
-7
-3
0
3
8
9
12
15
18
21
23
26
27
29
32
33
33
37
39
39
40
42
43
44
46
46
46
47
47
46
44
44
42
40
38
37
36
34
32
31
28
26
23
21
17
15
12
10
6
3
-1
-4
-7
-9
-11
-15
-17
-18
-21
-22
-23
-25
-26
-29
-28
-30
-33
-35
-35
-36
-37
-37
-37
-37
-37
-37
-35
-35
-36
-35
-33
-34
-33
-32
-30
-30
-28
-28
-27
-25
-24
-23
-21
-18
-17
-16
-15
-12
-10
-9
-6
-4
-2
-2
2
3
5
7
9
11
12
14
16
18
20
21
22
22
22
23
22
22
24
23
23
24
22
23
22
22
22
21
22
19
19
17
16
16
14
14
11
11
9
8
7
6
5
4
3
1
1
-1
-1
-1
-3
-4
-6
-8
-8
-9
-11
-12
-13
-14
-15
-15
-16
-15
-16
-17
-15
-16
-17
-16
-17
-18
-18
-18
-18
-19
-17
-18
-17
-18
-17
-17
-16
-15
-16
-16
-14
-14
-12
-12
-13
-11
-10
-9
-8
-6
-4
-3
-1
0
3
3
6
8
7
9
11
10
10
12
14
13
14
15
16
18
19
20
22
24
24
25
24
25
26
25
24
24
24
25
24
24
24
23
23
23
21
20
18
18
16
15
15
13
11
10
9
7
7
5
4
3
0
-1
-2
-3
-6
-5
-6
-8
-9
-12
-12
-13
-13
-14
-15
-17
-15
-17
-18
-18
-19
-20
-20
-21
-21
-22
-21
-21
-21
-20
-20
-19
-19
-19
-17
-16
-16
-16
-16
-16
-14
-12
-12
-12
-10
-10
-9
-7
-6
-5
-3
-1
0
0
1
2
3
2
4
6
5
6
7
7
9
10
11
12
13
14
15
14
15
14
14
14
13
13
13
12
12
12
12
12
11
12
10
9
8
7
5
6
4
4
5
3
3
2
2
1
0
-1
-2
-4
-4
-6
-8
-8
-9
-10
-12
-11
-13
-13
-13
-14
-13
-13
-13
-12
-12
-11
-10
-12
-11
-10
-10
-12
-10
-9
-10
-9
-8
-7
-6
-6
-4
-4
-2
-1
0
1
3
4
4
5
7
7
7
8
9
9
10
11
11
15
15
14
15
15
15
15
16
15
15
15
15
14
13
14
14
14
14
14
13
14
13
12
11
11
9
8
7
6
6
4
3
3
1
-1
-2
-3
-4
-5
-7
-8
-8
-9
-9
-10
-9
-11
-12
-12
-12
-13
-12
-13
-13
-13
-14
-15
-15
-15
-17
-16
-15
-15
-14
-14
-14
-14
-13
-10
-11
-8
-7
-6
-4
-4
-4
-2
-1
0
1
1
3
4
7
7
8
10
11
13
13
13
15
15
15
15
15
14
17
17
17
17
17
17
18
16
17
15
15
14
12
12
12
11
10
9
9
8
7
6
4
4
2
0
-1
-2
-3
-6
-7
-8
-10
-11
-12
-13
-13
-14
-14
-17
-18
-19
-20
-20
-19
-21
-21
-20
-22
-21
-19
-19
-21
-19
-20
-19
-20
-20
-18
-17
-16
-15
-14
-13
-11
-11
-9
-7
-7
-5
-3
-2
-1
0
3
5
7
10
11
13
13
14
15
18
18
19
20
21
22
23
24
24
25
24
26
26
25
25
25
25
24
25
24
22
22
21
20
19
18
17
15
12
12
9
6
5
3
1
-2
-4
-5
-7
-9
-11
-12
-14
-16
-19
-19
-21
-24
-23
-24
-25
-27
-28
-28
-29
-31
-30
-31
-33
-33
-33
-33
-33
-33
-32
-30
-30
-29
-30
-30
-29
-27
-25
-24
-21
-19
-19
-16
-14
-13
-10
-8
-4
-5
-3
0
1
3
5
8
10
13
17
17
21
23
24
27
27
28
29
29
30
31
32
33
33
32
33
33
33
34
34
33
33
32
32
31
29
27
26
24
23
21
20
17
16
13
10
9
7
4
4
1
-2
-4
-8
-9
-12
-14
-16
-18
-21
-23
-24
-24
-25
-27
-27
-29
-30
-30
-32
-32
-33
-34
-35
-35
-34
-34
-34
-32
-30
-30
-27
-25
-25
-24
-21
-19
-18
-17
-16
-14
-12
-12
-9
-6
-3
-1
3
5
8
9
11
13
15
18
20
23
24
24
26
28
29
29
33
34
34
35
37
35
36
36
36
35
34
34
34
34
33
32
31
30
29
26
25
24
21
19
18
13
12
9
8
6
3
2
0
-2
-4
-7
-9
-11
-13
-15
-18
-19
-22
-24
-24
-27
-28
-29
-30
-32
-33
-33
-34
-34
-34
-33
-34
-33
-33
-32
-31
-30
-30
-29
-27
-28
-24
-24
-22
-20
-19
-16
-14
-12
-12
-8
-7
-4
-2
-1
2
4
5
6
9
11
13
14
16
17
18
19
21
23
25
26
27
28
29
29
30
29
30
29
29
29
28
25
25
25
24
23
21
21
19
17
15
13
11
10
8
6
5
3
1
-1
-3
-5
-8
-12
-14
-15
-18
-19
-20
-20
-22
-23
-25
-25
-26
-27
-29
-30
-30
-32
-33
-33
-32
-34
-34
-32
-33
-32
-31
-30
-28
-26
-24
-22
-20
-17
-16
-15
-13
-12
-11
-9
-8
-6
-4
-1
2
2
5
7
9
12
12
13
16
17
19
21
22
24
25
26
28
29
28
30
31
33
34
34
34
35
34
34
34
33
32
31
30
28
28
26
27
26
26
25
23
21
19
19
17
15
13
10
9
6
5
4
3
-1
-1
-4
-7
-7
-9
-9
-12
-13
-14
-15
-17
-18
-19
-20
-21
-21
-23
-23
-24
-24
-24
-24
-25
-24
-25
-25
-24
-25
-24
-24
-23
-24
-24
-23
-22
-22
-21
-19
-18
-17
-16
-14
-13
-12
-8
-7
-6
-4
-4
-3
-2
0
1
2
4
5
8
8
9
12
13
14
15
16
16
17
17
18
19
19
20
19
20
19
18
19
19
18
17
17
17
16
15
15
13
11
10
10
9
8
7
6
5
3
3
1
1
0
-1
-2
-2
-3
-4
-4
-5
-6
-6
-7
-7
-8
-9
-9
-10
-11
-11
-13
-12
-11
-11
-12
-12
-13
-13
-14
-13
-13
-11
-13
-12
-12
-12
-12
-12
-12
-11
-10
-10
-9
-8
-8
-8
-6
-6
-5
-3
-3
-1
-1
1
0
1
0
1
3
3
5
4
6
8
8
7
8
9
7
9
9
10
11
10
10
9
10
9
9
8
7
8
6
6
7
6
6
7
5
4
5
4
4
3
3
2
2
1
1
-1
-1
-2
-2
-3
-3
-4
-4
-3
-5
-6
-5
-6
-5
-5
-6
-6
-7
-7
-7
-6
-8
-8
-8
-8
-8
-6
-5
-4
-4
-5
-3
-4
-3
-5
-4
-4
-3
-3
-3
-3
-3
-3
-3
-2
-2
-2
-1
0
1
0
1
1
2
1
1
1
1
1
1
2
3
3
3
3
4
3
4
5
3
2
3
4
3
4
4
5
4
4
4
3
3
3
3
2
2
1
2
1
1
2
2
2
3
2
2
3
2
2
2
1
1
0
0
-1
-2
-2
-1
-2
-2
-1
-1
-3
-2
-2
-2
-2
-1
-1
-1
0
-2
-1
0
-1
-2
-1
0
-1
-2
-1
-2
-3
-2
-2
-2
-3
-2
-3
-2
-3
-2
-2
-2
-2
-1
-1
0
-2
1
1
1
0
1
1
2
3
2
2
4
3
3
3
3
3
2
4
2
3
3
4
3
3
4
3
3
3
2
1
2
2
2
3
3
2
1
2
2
3
2
2
2
2
0
0
-1
-1
0
-1
-2
-1
-1
0
-1
-2
-1
0
-1
-2
-2
-1
-1
-2
-2
-2
-2
-1
-2
-1
-1
0
0
0
0
0
0
1
-1
0
2
0
1
2
2
3
4
4
4
5
4
5
4
4
3
1
2
3
1
1
1
1
2
2
3
3
3
4
2
3
2
1
1
0
0
1
1
2
1
1
2
3
3
4
2
2
2
0
1
1
0
0
-1
0
-1
0
0
-2
-1
-2
-4
-2
-4
-4
-4
-5
-5
-4
-4
-4
-3
-5
-4
-4
-5
-4
-4
-5
-4
-3
-4
-2
-3
-3
-3
-3
-2
-3
-2
-2
-2
-1
-1
-1
1
-1
-1
-1
0
0
-1
0
-1
0
0
1
1
2
2
3
2
3
3
2
2
4
4
3
2
3
2
2
2
2
3
2
4
4
3
3
3
2
2
2
2
2
2
2
2
2
2
3
2
2
1
1
0
-1
-1
-1
0
0
0
-1
-2
-1
-2
-2
-2
-1
-2
-1
-3
-3
-1
-3
-1
-1
0
0
0
-1
0
-1
0
-1
-2
-2
-3
-2
-2
-2
-2
-1
-1
-1
0
0
0
-1
-2
-2
-1
-1
-2
-2
-2
-1
-2
-1
-1
0
0
-1
-1
-2
-1
-1
-2
-1
0
0
0
0
0
0
0
-1
-1
-2
-2
-1
0
0
-1
-2
-2
-2
-2
-2
-1
1
0
0
-1
1
1
0
0
-2
-2
-1
-1
1
-1
-1
-1
1
0
-2
-1
-2
-3
-2
-3
-1
-1
-1
-1
0
1
0
1
1
1
0
-1
-1
-1
-1
-1
-2
-2
-1
-1
0
0
0
2
2
1
1
1
1
0
0
-1
-1
-1
-2
1
0
1
2
2
4
4
4
3
3
3
3
1
1
1
2
1
1
1
1
3
4
4
4
5
6
5
5
5
4
2
2
2
4
3
0
2
2
8
8
-1
-7
-1
10
8
-5
-9
-2
6
3
-5
-7
-1
6
4
-3
-5
-3
2
4
-1
-6
-3
3
5
-2
-5
-2
2
1
-4
-2
0
1
-3
-5
0
0
-3
-6
-4
-3
-4
-4
-3
-2
-2
-4
-4
-2
-1
-3
-5
-3
-2
-2
-3
-2
-2
0
1
0
0
1
1
0
1
2
2
0
0
0
1
0
0
0
1
2
1
1
0
1
2
1
1
1
1
2
3
2
2
3
3
3
4
2
1
0
0
0
0
-1
-1
0
0
0
1
0
-1
-1
0
-1
-2
-3
-4
-3
-3
-4
-4
-4
-4
-3
-3
-3
-4
-2
-1
-3
-3
-2
-1
-2
-3
-2
-3
-3
-4
-3
-4
-4
-2
-3
-1
0
0
-1
0
0
0
-1
-1
-1
-1
-1
-2
-1
-1
1
1
1
1
2
0
-1
-1
-1
1
-1
-3
-1
-1
-1
-1
2
3
2
2
1
3
2
0
0
0
1
-1
-1
-1
0
1
1
3
1
3
3
3
1
0
1
1
0
-2
-2
-1
1
2
1
1
2
2
1
0
-2
-1
0
-1
0
-1
0
1
2
-1
0
1
1
-2
-3
-2
-1
-1
-2
-1
-1
-1
-1
1
1
1
2
2
0
-1
0
2
1
-1
-1
0
1
0
0
1
1
-1
0
-1
-3
-2
-3
-1
0
0
-1
-1
0
0
0
0
0
1
0
1
2
0
-1
2
4
3
-3
-2
2
2
-1
-3
0
2
1
-1
1
5
5
0
-1
4
6
1
-3
-1
4
4
0
1
4
8
3
1
4
7
5
-1
-2
3
4
-5
-6
1
5
1
-4
0
7
9
1
-1
3
8
1
-4
-4
3
4
-3
-5
0
5
2
-3
0
5
4
-2
-5
0
2
-3
-7
-2
2
0
-3
-2
3
4
1
-1
2
3
0
0
1
4
0
-2
2
3
-1
-5
-2
5
4
-3
-4
0
6
3
-4
-4
4
7
-2
-9
-2
6
5
-6
-7
4
6
0
-8
-4
4
2
-7
-9
0
6
-1
-6
-2
7
5
-5
-5
4
7
0
-8
-7
4
6
-2
-4
2
6
6
3
-2
0
0
0
-2
-5
-8
-5
-2
-2
-6
-8
1
6
4
-6
-5
4
5
-4
-10
-3
5
-2
-10
-6
7
7
-3
-8
3
7
-2
-10
-5
5
1
-11
-9
0
5
-7
-15
-6
9
7
-14
-15
3
11
-8
-18
-10
11
4
-18
-24
1
20
-2
-29
-17
17
20
-16
-33
-3
21
4
-30
-20
10
15
-13
-25
-3
20
3
-15
-10
10
11
-8
-10
8
11
-1
-13
2
14
2
-5
-3
13
7
1
0
4
11
1
-3
7
9
-3
-8
11
18
8
-10
-7
13
21
9
-20
0
29
20
-4
-13
15
21
7
-1
-2
18
9
0
-4
5
11
-2
-9
0
-2
-1
4
3
-12
-16
1
22
6
-19
-27
-2
32
10
-18
-36
12
40
-6
-36
-26
29
28
-33
-40
-2
39
-1
-51
-13
34
17
-54
-53
34
48
-25
-82
-16
75
29
-65
-66
36
102
-11
-104
-36
92
74
-76
-69
34
86
-17
-86
-7
89
53
-86
-85
55
114
13
-94
-58
76
97
-3
-94
-19
90
64
-31
-53
35
64
9
-6
31
35
23
-6
0
48
41
-14
-34
18
39
-22
-32
35
37
-12
-31
-7
17
29
21
-27
-43
-3
65
24
-50
-54
9
107
9
-84
-74
76
104
-64
-43
9
36
-26
-3
77
9
-62
-36
60
64
-17
-32
16
29
14
10
-15
22
29
42
-54
-24
103
43
-25
-93
49
141
10
-87
-85
134
181
-62
-162
29
227
51
-145
-60
134
100
-65
-82
71
143
-39
-131
72
168
16
-167
-20
158
101
-36
-154
5
101
103
-30
-107
-7
41
33
-36
-8
70
-32
-78
-15
93
83
-60
-107
-66
63
92
-28
-133
-109
42
110
39
-151
-150
81
222
-92
-219
