1.570359e+062 1.294161e+061 6.310748e+060 6.658907e+061 9.053015e+061 3.989054e+061 1.069857e+061 4.169131e+061 7.546547e+061 3.876001e+061 4.749892e+061 6.033408e+060 
1.412739e+062 -1.582272e+061 6.567906e+061 1.794420e+062 1.166095e+062 2.715207e+061 9.162026e+060 3.626486e+061 1.062793e+062 9.077892e+061 5.189496e+061 1.675456e+061 
1.407301e+062 -2.033550e+061 3.071811e+061 1.561511e+062 1.123734e+062 -9.232622e+060 -5.654053e+060 1.159970e+061 4.046392e+061 5.994211e+061 3.636121e+061 3.431240e+060 
1.577101e+062 -1.473970e+060 6.283391e+061 1.612903e+062 1.071005e+062 6.276911e+061 5.656398e+061 1.018637e+062 1.259986e+062 1.007686e+062 8.267594e+061 2.042746e+061 
1.650056e+062 -8.615959e+060 7.262876e+061 1.656910e+062 1.141861e+062 1.686160e+061 2.132123e+060 8.637363e+061 1.404366e+062 9.594884e+061 4.331446e+061 2.158685e+061 
1.862218e+062 1.065146e+060 6.651698e+061 1.198924e+062 8.677233e+061 3.366598e+061 2.776866e+061 5.730758e+061 8.853992e+061 8.137829e+061 4.528548e+061 1.093214e+061 
2.010285e+062 -4.294223e+060 3.618241e+061 8.872750e+061 7.621076e+061 2.548444e+061 5.230450e+060 3.747421e+061 6.617605e+061 5.808699e+061 2.658900e+061 4.783453e+060 
2.050800e+062 -6.020213e+060 2.520334e+061 6.887359e+061 7.127189e+061 4.865278e+061 2.711850e+061 3.142555e+061 5.693275e+061 5.555331e+061 2.774340e+061 3.325499e+060 
2.061758e+062 -5.684657e+060 2.458186e+061 5.929490e+061 5.193011e+061 2.134532e+061 1.428762e+061 5.037364e+061 6.545669e+061 5.702685e+061 2.547003e+061 3.343609e+060 
2.005993e+062 6.565032e+060 3.506575e+061 7.289461e+061 7.278620e+061 5.636696e+061 3.798426e+061 4.725331e+061 6.603753e+061 5.922813e+061 3.657982e+061 5.542061e+060 
2.328358e+062 -7.101774e+060 -1.691475e+061 -2.836475e+061 -4.042099e+061 -4.986610e+061 -5.362713e+061 -5.002899e+061 -4.111231e+061 -2.981339e+061 -1.759525e+061 2.399392e+060 
2.340648e+062 -6.622352e+060 -1.654352e+061 -2.753146e+061 -3.722045e+061 -4.346715e+061 -4.496544e+061 -4.154334e+061 -3.405586e+061 -2.413565e+061 -1.373866e+061 1.821726e+060 
2.343140e+062 -5.818258e+060 -1.429883e+061 -2.335719e+061 -3.101580e+061 -3.573687e+061 -3.664493e+061 -3.363612e+061 -2.744608e+061 -1.938874e+061 -1.101774e+061 1.232064e+060 
2.312133e+062 -1.065244e+061 -1.866236e+061 -1.809467e+061 -1.080569e+061 -3.539452e+060 -1.944490e+060 -6.275691e+060 -1.205009e+061 -1.422405e+061 -1.089825e+061 5.211219e+059 
2.316213e+062 -1.027704e+061 -1.941105e+061 -2.117655e+061 -1.584772e+061 -8.788529e+060 -5.734962e+060 -9.084946e+060 -1.577538e+061 -1.970953e+061 -1.678775e+061 7.945848e+059 
2.351617e+062 -2.732812e+060 -6.129763e+060 -8.906344e+060 -1.098797e+061 -1.278426e+061 -1.409571e+061 -1.509715e+061 -1.525586e+061 -1.350683e+061 -9.691053e+060 2.529109e+059 
2.352283e+062 -2.847140e+060 -6.857781e+060 -1.098642e+061 -1.480968e+061 -1.810148e+061 -2.016067e+061 -2.077406e+061 -1.959772e+061 -1.620423e+061 -1.095640e+061 4.004994e+059 
2.353510e+062 -2.591194e+060 -6.366676e+060 -1.030900e+061 -1.390683e+061 -1.696319e+061 -1.889006e+061 -1.951670e+061 -1.858288e+061 -1.554857e+061 -1.063989e+061 3.536401e+059 
2.355008e+062 -2.362748e+060 -6.083618e+060 -1.044673e+061 -1.485348e+061 -1.867670e+061 -2.101784e+061 -2.145751e+061 -1.984413e+061 -1.612139e+061 -1.078415e+061 3.865182e+059 
2.345626e+062 -1.716913e+060 -5.256968e+060 -8.978159e+060 -1.417827e+061 -1.782803e+061 -2.124191e+061 -2.199248e+061 -2.012678e+061 -1.675697e+061 -1.084053e+061 3.511082e+059 
2.332133e+062 -1.186875e+060 -1.668305e+060 -5.658954e+060 -8.741973e+060 -1.422370e+061 -1.596243e+061 -1.646524e+061 -1.664997e+061 -1.276432e+061 -9.871107e+060 1.719418e+059 
2.345798e+062 -6.378801e+059 -1.707288e+060 -2.987096e+060 -5.975722e+060 -9.736660e+060 -1.210144e+061 -1.232519e+061 -1.086155e+061 -9.188508e+060 -6.571131e+060 8.140163e+058 
2.348777e+062 -4.328265e+060 -1.113058e+061 -1.909464e+061 -2.699341e+061 -3.323883e+061 -3.675465e+061 -3.679249e+061 -3.308680e+061 -2.619315e+061 -1.691151e+061 1.196897e+060 
2.346416e+062 -5.147432e+060 -1.319831e+061 -2.263941e+061 -3.182000e+061 -3.896133e+061 -4.270582e+061 -4.231112e+061 -3.769649e+061 -2.949811e+061 -1.884583e+061 1.626467e+060 
2.348041e+062 -4.641282e+060 -1.194830e+061 -2.054912e+061 -2.891950e+061 -3.551413e+061 -3.906166e+061 -3.888270e+061 -3.483679e+061 -2.739411e+061 -1.761413e+061 1.356066e+060 
2.354411e+062 -2.624252e+060 -6.736417e+060 -1.158079e+061 -1.633805e+061 -2.009706e+061 -2.219846e+061 -2.222985e+061 -2.016061e+061 -1.611718e+061 -1.057384e+061 4.355780e+059 
2.346970e+062 -4.686202e+060 -1.197918e+061 -2.065171e+061 -2.920566e+061 -3.596517e+061 -3.967431e+061 -3.943133e+061 -3.533420e+061 -2.779112e+061 -1.784169e+061 1.388002e+060 
2.351404e+062 -2.811664e+060 -7.201325e+060 -1.250713e+061 -1.821336e+061 -2.276839e+061 -2.558181e+061 -2.596455e+061 -2.380759e+061 -1.925911e+061 -1.277899e+061 5.640368e+059 
2.351941e+062 -2.317837e+060 -5.833070e+060 -1.028653e+061 -1.513609e+061 -1.935010e+061 -2.205038e+061 -2.250829e+061 -2.077039e+061 -1.696247e+061 -1.145086e+061 4.067602e+059 
2.341615e+062 -1.673852e+060 -3.775562e+060 -6.369552e+060 -1.054145e+061 -1.487460e+061 -1.799462e+061 -1.769808e+061 -1.631528e+061 -1.358804e+061 -9.596502e+060 2.267745e+059 
2.308020e+062 -6.757952e+059 5.430029e+060 1.017691e+061 1.521833e+060 -1.272048e+061 -1.990503e+061 -1.354619e+061 -4.967714e+060 -3.997766e+060 -6.572444e+060 3.228865e+058 
2.111463e+062 1.619105e+061 1.686220e+061 4.906751e+061 6.021407e+061 1.463663e+061 2.359787e+061 4.398362e+061 3.019199e+061 3.051411e+061 1.797718e+061 2.351449e+060 
2.231559e+062 4.850820e+060 8.803490e+060 1.921398e+061 2.007772e+061 1.453552e+061 2.297462e+061 2.030601e+061 1.287644e+061 9.118786e+060 2.025727e+060 3.700945e+059 
2.123570e+062 7.445960e+060 2.869535e+061 4.866071e+061 3.670351e+061 1.484151e+061 3.030298e+061 4.574957e+061 4.058711e+061 3.945644e+061 2.343306e+061 2.550906e+060 
2.144155e+062 6.497575e+060 3.244258e+061 5.114302e+061 4.437520e+061 1.898839e+061 3.355424e+060 2.717327e+061 4.645450e+061 3.415598e+061 1.065256e+061 2.246817e+060 
1.993472e+062 6.885744e+059 4.382259e+061 9.339696e+061 8.203709e+061 3.400476e+061 1.511021e+061 5.441003e+061 8.390431e+061 6.471749e+061 3.198631e+061 7.013064e+060 
2.036712e+062 1.726127e+060 2.349825e+061 5.251220e+061 3.747155e+061 1.495762e+061 1.773913e+061 2.416188e+061 2.194220e+061 2.686242e+061 1.831326e+061 1.366951e+060 
2.003477e+062 -1.473119e+061 5.520043e+060 3.649449e+061 3.061244e+061 1.749441e+061 2.752389e+061 4.584159e+061 5.404643e+061 3.323898e+061 1.165627e+061 1.305841e+060 
