2.362907e+062 -3.188220e+058 -5.406038e+058 -7.591116e+058 -1.673448e+059 -2.872177e+059 -3.469061e+059 -3.647887e+059 -3.312033e+059 -2.698825e+059 -2.044047e+059 7.324634e+055 
2.362898e+062 -3.500652e+058 -6.170281e+058 -9.352832e+058 -1.738628e+059 -2.768460e+059 -3.924540e+059 -4.245802e+059 -3.767349e+059 -2.960225e+059 -2.064199e+059 8.674939e+055 
2.362888e+062 -2.649375e+058 -5.091676e+058 -9.349070e+058 -1.700417e+059 -2.845193e+059 -3.785428e+059 -3.825844e+059 -3.416206e+059 -2.995100e+059 -2.215782e+059 7.822952e+055 
2.362987e+062 -3.631138e+058 -7.645646e+058 -1.124172e+059 -1.720610e+059 -2.757870e+059 -3.547083e+059 -3.773690e+059 -3.713056e+059 -3.179355e+059 -2.165404e+059 8.933000e+055 
2.362968e+062 -3.166689e+058 -7.003677e+058 -1.199525e+059 -2.052048e+059 -3.006009e+059 -3.601952e+059 -3.834386e+059 -3.613972e+059 -3.085048e+059 -2.232745e+059 9.312341e+055 
2.362990e+062 -3.059684e+058 -8.147530e+058 -1.450915e+059 -2.281230e+059 -3.031393e+059 -3.804442e+059 -4.052442e+059 -3.647507e+059 -3.165267e+059 -2.351988e+059 1.054845e+056 
2.362930e+062 -2.735845e+058 -6.653726e+058 -1.239298e+059 -2.128336e+059 -2.986051e+059 -3.588491e+059 -3.814275e+059 -3.549615e+059 -3.014871e+059 -2.184861e+059 9.074238e+055 
2.362814e+062 -2.655398e+058 -3.649956e+058 -6.516791e+058 -1.352665e+059 -2.549647e+059 -3.602804e+059 -3.774623e+059 -3.406985e+059 -2.905345e+059 -2.096580e+059 6.294772e+055 
2.362564e+062 -3.599319e+058 -3.256732e+058 -3.199717e+057 -6.406682e+058 -1.857572e+059 -2.962491e+059 -3.201735e+059 -2.710055e+059 -2.140026e+059 -1.690046e+059 3.555746e+055 
2.360000e+062 -5.160937e+059 -7.413151e+059 -3.786040e+059 3.877010e+059 1.227510e+060 1.735340e+060 1.749097e+060 1.271289e+060 5.456600e+059 -5.116534e+058 3.039879e+056 
2.345321e+062 -3.062548e+060 -6.047927e+060 -7.194003e+060 -6.305558e+060 -3.734066e+060 -6.907722e+059 1.777774e+060 2.894377e+060 2.624145e+060 1.674564e+060 -3.090717e+058 
2.342803e+062 -5.288867e+060 -1.334061e+061 -2.259333e+061 -3.077465e+061 -3.564479e+061 -3.761026e+061 -3.641551e+061 -3.174112e+061 -2.424824e+061 -1.533512e+061 1.351242e+060 
2.339003e+062 -6.696831e+060 -1.721980e+061 -2.972997e+061 -4.116229e+061 -4.895940e+061 -5.257561e+061 -5.142260e+061 -4.474390e+061 -3.379545e+061 -2.089128e+061 2.537103e+060 
2.339204e+062 -6.332379e+060 -1.627415e+061 -2.831492e+061 -3.917340e+061 -4.612945e+061 -4.906706e+061 -4.794571e+061 -4.166469e+061 -3.115520e+061 -1.908638e+061 2.227909e+060 
2.340700e+062 -6.087373e+060 -1.571603e+061 -2.735445e+061 -3.785592e+061 -4.488613e+061 -4.822965e+061 -4.732731e+061 -4.107838e+061 -3.081141e+061 -1.900927e+061 2.121456e+060 
2.341128e+062 -6.070016e+060 -1.571783e+061 -2.745458e+061 -3.831249e+061 -4.584353e+061 -4.965421e+061 -4.916711e+061 -4.312246e+061 -3.271923e+061 -2.039102e+061 2.237103e+060 
2.341371e+062 -6.229089e+060 -1.609994e+061 -2.796384e+061 -3.904765e+061 -4.707302e+061 -5.125630e+061 -5.070831e+061 -4.454465e+061 -3.404377e+061 -2.131555e+061 2.369081e+060 
2.341171e+062 -6.578415e+060 -1.687228e+061 -2.894565e+061 -4.029868e+061 -4.873365e+061 -5.286996e+061 -5.178204e+061 -4.527057e+061 -3.455546e+061 -2.150154e+061 2.517590e+060 
2.339478e+062 -6.893393e+060 -1.759078e+061 -3.007278e+061 -4.160168e+061 -4.981534e+061 -5.346993e+061 -5.168541e+061 -4.441216e+061 -3.331689e+061 -2.040345e+061 2.580460e+060 
2.337093e+062 -7.326596e+060 -1.847486e+061 -3.122920e+061 -4.231769e+061 -4.946292e+061 -5.191278e+061 -4.888890e+061 -4.051464e+061 -2.909944e+061 -1.707591e+061 2.453620e+060 
2.338630e+062 -7.083489e+060 -1.805358e+061 -3.089030e+061 -4.249256e+061 -5.050246e+061 -5.394207e+061 -5.195883e+061 -4.443287e+061 -3.308780e+061 -2.009905e+061 2.646113e+060 
2.341050e+062 -6.191237e+060 -1.584948e+061 -2.724140e+061 -3.726252e+061 -4.393235e+061 -4.690228e+061 -4.526342e+061 -3.852146e+061 -2.848702e+061 -1.734551e+061 1.996001e+060 
2.345576e+062 -5.238492e+060 -1.329358e+061 -2.258702e+061 -3.107147e+061 -3.712908e+061 -3.982193e+061 -3.852833e+061 -3.328268e+061 -2.514299e+061 -1.552499e+061 1.428914e+060 
2.343040e+062 -5.754379e+060 -1.423803e+061 -2.343075e+061 -3.087937e+061 -3.500605e+061 -3.531897e+061 -3.181631e+061 -2.524534e+061 -1.735149e+061 -9.724785e+060 1.139435e+060 
2.350569e+062 -3.516043e+060 -8.872397e+060 -1.513088e+061 -2.083171e+061 -2.506895e+061 -2.730486e+061 -2.686143e+061 -2.366469e+061 -1.841685e+061 -1.183858e+061 6.704951e+059 
2.354432e+062 -2.088651e+060 -5.037518e+060 -8.762235e+060 -1.282012e+061 -1.629130e+061 -1.834487e+061 -1.852510e+061 -1.685507e+061 -1.373049e+061 -9.333075e+060 2.846423e+059 
2.351989e+062 -2.757531e+060 -6.433664e+060 -1.058909e+061 -1.483850e+061 -1.839714e+061 -2.039749e+061 -2.041535e+061 -1.866512e+061 -1.535237e+061 -1.044396e+061 3.816578e+059 
2.356151e+062 -1.490910e+060 -3.324274e+060 -5.492659e+060 -7.929736e+060 -1.003247e+061 -1.120484e+061 -1.125130e+061 -1.033724e+061 -8.571180e+060 -5.907293e+060 1.114102e+059 
2.358665e+062 -7.629605e+059 -1.480098e+060 -2.246881e+060 -3.308412e+060 -4.512498e+060 -5.365392e+060 -5.483334e+060 -4.972702e+060 -4.125924e+060 -2.910640e+060 2.371875e+058 
2.349087e+062 -2.319251e+060 -3.606863e+060 -3.592428e+060 -3.176090e+060 -2.620275e+060 -1.884517e+060 -1.638590e+060 -2.818445e+060 -4.747058e+060 -5.097013e+060 4.038402e+058 
2.353085e+062 -2.047814e+060 -3.775311e+060 -4.335233e+060 -3.917548e+060 -3.237066e+060 -3.043189e+060 -3.778773e+060 -5.191824e+060 -6.167787e+060 -5.418042e+060 5.198414e+058 
2.353356e+062 -1.163276e+060 -1.022279e+060 1.654511e+058 4.960629e+059 2.745547e+059 1.469131e+059 2.889582e+059 -1.537213e+059 -1.318987e+060 -2.014897e+060 5.317400e+057 
2.358705e+062 -2.896007e+059 1.031270e+059 7.568601e+059 8.600944e+059 5.230675e+059 3.913195e+059 5.596749e+059 6.231909e+059 2.853463e+059 -1.265080e+059 4.569918e+056 
2.346030e+062 -1.989679e+060 -1.376365e+060 1.777589e+060 5.190415e+060 7.647995e+060 9.039132e+060 8.857314e+060 6.390145e+060 2.436480e+060 -4.826477e+059 3.426691e+058 
2.340832e+062 -3.450046e+060 -3.881443e+060 5.556500e+059 7.674810e+060 1.356076e+061 1.541774e+061 1.290784e+061 7.727837e+060 2.500222e+060 -6.067047e+059 7.969695e+058 
2.355903e+062 -5.970149e+059 -5.404964e+057 1.383262e+060 2.343706e+060 2.415789e+060 2.077203e+060 1.754485e+060 1.366893e+060 9.513662e+059 5.346561e+059 2.539089e+057 
2.352977e+062 -9.697881e+059 -3.350779e+059 1.533149e+060 3.329630e+060 4.389846e+060 4.687209e+060 4.153896e+060 2.724896e+060 1.017865e+060 -4.079610e+058 1.048168e+058 
