2.363291e+062 -3.802957e+058 -9.990264e+058 -1.771206e+059 -2.592013e+059 -3.337471e+059 -3.887464e+059 -4.135306e+059 -3.997138e+059 -3.427966e+059 -2.426741e+059 1.295227e+056 
2.363292e+062 -3.811414e+058 -1.000771e+059 -1.775373e+059 -2.597087e+059 -3.344146e+059 -3.896011e+059 -4.143910e+059 -4.004482e+059 -3.434209e+059 -2.431034e+059 1.300439e+056 
2.363291e+062 -3.826098e+058 -1.004267e+059 -1.781381e+059 -2.606237e+059 -3.356309e+059 -3.909313e+059 -4.157743e+059 -4.018432e+059 -3.445935e+059 -2.439569e+059 1.309538e+056 
2.363290e+062 -3.830542e+058 -1.005330e+059 -1.783374e+059 -2.608811e+059 -3.359577e+059 -3.913864e+059 -4.162022e+059 -4.022474e+059 -3.449538e+059 -2.441981e+059 1.312294e+056 
2.363291e+062 -3.846073e+058 -1.009088e+059 -1.789876e+059 -2.618532e+059 -3.372310e+059 -3.929010e+059 -4.178496e+059 -4.038338e+059 -3.462994e+059 -2.451460e+059 1.322397e+056 
2.363291e+062 -3.834208e+058 -1.006687e+059 -1.785311e+059 -2.611523e+059 -3.362302e+059 -3.917271e+059 -4.165825e+059 -4.026102e+059 -3.453299e+059 -2.444221e+059 1.314880e+056 
2.363291e+062 -3.828415e+058 -1.004644e+059 -1.781687e+059 -2.606928e+059 -3.356501e+059 -3.909644e+059 -4.158840e+059 -4.019214e+059 -3.446563e+059 -2.440156e+059 1.310124e+056 
2.363291e+062 -3.848406e+058 -1.010508e+059 -1.792213e+059 -2.621770e+059 -3.375998e+059 -3.932778e+059 -4.183226e+059 -4.042548e+059 -3.467026e+059 -2.454602e+059 1.325387e+056 
2.363291e+062 -3.841229e+058 -1.007987e+059 -1.787345e+059 -2.614862e+059 -3.366474e+059 -3.921534e+059 -4.170413e+059 -4.030827e+059 -3.457327e+059 -2.447567e+059 1.318137e+056 
2.363286e+062 -3.823490e+058 -1.006350e+059 -1.785477e+059 -2.614476e+059 -3.361112e+059 -3.924548e+059 -4.167298e+059 -4.030974e+059 -3.456384e+059 -2.445635e+059 1.315932e+056 
2.355534e+062 1.109777e+060 1.144141e+059 1.145990e+060 2.571773e+060 4.109309e+059 1.185018e+060 2.299527e+060 2.088375e+059 7.026011e+059 8.850828e+059 3.757376e+057 
2.341848e+062 2.311905e+060 8.549474e+059 5.416743e+060 4.137693e+060 3.719478e+060 4.971628e+060 4.918385e+060 2.556083e+060 2.800946e+060 2.378013e+060 2.741226e+058 
2.340283e+062 2.197382e+060 1.345947e+060 6.386357e+060 2.398167e+060 6.029623e+060 5.320883e+060 3.519938e+060 4.847712e+060 1.976203e+060 2.503047e+060 3.421537e+058 
2.335001e+062 2.782167e+060 2.126650e+060 6.159558e+060 5.399470e+060 6.184891e+060 6.109063e+060 5.942978e+060 4.746206e+060 3.066183e+060 3.358869e+060 5.133048e+058 
2.290701e+062 5.843978e+060 6.133466e+060 1.811532e+061 1.073774e+061 2.037051e+061 1.346787e+061 1.848781e+061 1.227565e+061 1.025433e+061 8.169044e+060 3.398468e+059 
2.279962e+062 7.104988e+060 5.669319e+060 2.327886e+061 1.051667e+061 2.288468e+061 1.937344e+061 1.581943e+061 1.900811e+061 1.009099e+061 9.495879e+060 4.915093e+059 
2.220447e+062 1.156905e+061 1.125612e+061 3.627953e+061 2.070588e+061 4.279779e+061 3.075028e+061 3.305707e+061 3.326972e+061 1.768724e+061 1.869937e+061 1.523706e+060 
2.021197e+062 3.191281e+061 2.225603e+061 7.685362e+061 8.024892e+061 8.409982e+061 8.500229e+061 1.179674e+062 7.421524e+061 6.764538e+061 6.302145e+061 1.152749e+061 
2.341946e+062 -1.716978e+058 3.616276e+058 2.089729e+060 1.170293e+060 -6.668952e+058 -3.331397e+060 -3.717532e+060 -4.319670e+060 -3.209254e+060 -1.685466e+060 -4.732320e+057 
2.265449e+062 -4.367498e+060 9.753254e+060 2.470195e+061 1.180366e+061 -1.844045e+061 -3.824570e+061 -3.222827e+061 -1.340576e+061 -5.335300e+060 -6.243370e+060 -4.443815e+058 
2.143453e+062 -4.008959e+060 4.009159e+061 7.536785e+061 3.773522e+061 -3.133295e+061 -5.509821e+061 -1.869898e+061 2.072992e+061 1.554900e+061 -7.473896e+060 1.644213e+060 
2.257323e+062 -2.027903e+060 1.535003e+061 2.435693e+061 -1.170714e+060 -3.460736e+061 -4.100597e+061 -2.210895e+061 -6.240210e+060 -1.017526e+061 -1.554055e+061 2.804257e+059 
2.325830e+062 -2.270488e+060 1.618216e+060 4.792688e+060 -1.202263e+060 -1.271031e+061 -1.991890e+061 -1.846103e+061 -1.282300e+061 -8.604636e+060 -6.012947e+060 6.158944e+058 
2.359820e+062 -6.066791e+058 2.837323e+059 1.315454e+059 -1.044510e+060 -1.899521e+060 -1.688879e+060 -1.127589e+060 -9.556805e+059 -1.228939e+060 -1.079420e+060 9.586988e+056 
2.361559e+062 -2.580257e+059 -5.105937e+059 -9.705623e+059 -1.795798e+060 -2.499610e+060 -2.709866e+060 -2.560231e+060 -2.324983e+060 -2.071643e+060 -1.495908e+060 5.266164e+057 
2.362714e+062 -1.656719e+059 -4.000479e+059 -7.009573e+059 -1.059550e+060 -1.375648e+060 -1.557079e+060 -1.572731e+060 -1.438506e+060 -1.185396e+060 -8.113314e+059 1.954746e+057 
2.362878e+062 -1.459427e+059 -3.714249e+059 -6.501652e+059 -9.513373e+059 -1.219698e+060 -1.398312e+060 -1.448689e+060 -1.359218e+060 -1.134720e+060 -7.835014e+059 1.644988e+057 
2.362743e+062 -1.817058e+059 -4.695141e+059 -8.183905e+059 -1.185636e+060 -1.497184e+060 -1.710524e+060 -1.773894e+060 -1.677864e+060 -1.409361e+060 -9.759496e+059 2.528042e+057 
2.319834e+062 3.701975e+060 1.736487e+060 1.153382e+061 5.132958e+060 1.026924e+061 8.989013e+060 8.174067e+060 8.288411e+060 3.903081e+060 4.505205e+060 1.071842e+059 
2.306345e+062 5.803648e+060 3.252995e+060 1.355285e+061 1.123566e+061 1.253405e+061 1.112249e+061 1.506995e+061 8.961343e+060 6.249762e+060 7.552873e+060 2.240530e+059 
2.218224e+062 1.543598e+061 7.203298e+060 3.382420e+061 3.532597e+061 2.860584e+061 3.077012e+061 4.818699e+061 1.958652e+061 2.256942e+061 2.209632e+061 1.696956e+060 
2.312494e+062 6.459229e+060 1.854592e+060 1.020788e+061 1.525578e+061 6.181185e+060 1.135991e+061 1.561941e+061 5.209849e+060 6.496420e+060 7.278552e+060 2.003514e+059 
2.304112e+062 8.005933e+060 1.061008e+060 1.228327e+061 1.992671e+061 4.405231e+060 1.437227e+061 2.003758e+061 4.320386e+060 8.680454e+060 8.599845e+060 2.820519e+059 
2.346869e+062 2.122214e+060 2.482769e+059 3.358532e+060 4.855797e+060 1.155432e+060 3.912962e+060 4.717610e+060 8.389758e+059 2.378215e+060 1.942309e+060 1.668544e+058 
2.361168e+062 2.267858e+059 -4.615532e+058 2.147075e+059 4.242629e+059 -1.436648e+059 4.877914e+057 3.406992e+059 -3.155758e+059 -7.781982e+058 5.026307e+058 3.802561e+055 
2.363211e+062 -3.598527e+058 -1.054087e+059 -1.814321e+059 -2.694599e+059 -3.538584e+059 -4.145746e+059 -4.324285e+059 -4.316915e+059 -3.648527e+059 -2.577254e+059 1.421404e+056 
2.363285e+062 -3.902990e+058 -1.029022e+059 -1.818907e+059 -2.671958e+059 -3.435624e+059 -4.005520e+059 -4.257657e+059 -4.116786e+059 -3.528670e+059 -2.498331e+059 1.372417e+056 
2.363287e+062 -3.807745e+058 -1.003016e+059 -1.777900e+059 -2.603460e+059 -3.353116e+059 -3.908568e+059 -4.154337e+059 -4.018320e+059 -3.445644e+059 -2.439142e+059 1.306879e+056 
2.363290e+062 -3.814876e+058 -1.002527e+059 -1.777719e+059 -2.601768e+059 -3.350156e+059 -3.903530e+059 -4.150796e+059 -4.012666e+059 -3.441235e+059 -2.435948e+059 1.304992e+056 
2.363290e+062 -3.841813e+058 -1.007597e+059 -1.787244e+059 -2.614582e+059 -3.367190e+059 -3.922201e+059 -4.170409e+059 -4.030466e+059 -3.456139e+059 -2.446594e+059 1.317974e+056 
2.363289e+062 -3.836658e+058 -1.006631e+059 -1.785423e+059 -2.611958e+059 -3.362727e+059 -3.917341e+059 -4.166801e+059 -4.027450e+059 -3.453102e+059 -2.444918e+059 1.315295e+056 
2.363290e+062 -3.848532e+058 -1.009287e+059 -1.790691e+059 -2.618267e+059 -3.370682e+059 -3.926690e+059 -4.176214e+059 -4.035710e+059 -3.460608e+059 -2.449931e+059 1.321682e+056 
2.363291e+062 -3.843729e+058 -1.007673e+059 -1.786707e+059 -2.613499e+059 -3.364287e+059 -3.919731e+059 -4.169588e+059 -4.029714e+059 -3.455762e+059 -2.446396e+059 1.317232e+056 
2.363292e+062 -3.841933e+058 -1.008214e+059 -1.788366e+059 -2.616234e+059 -3.369199e+059 -3.924100e+059 -4.172927e+059 -4.033044e+059 -3.459019e+059 -2.448563e+059 1.319540e+056 
