2.363286e+062 -3.822871e+058 -1.004535e+059 -1.785124e+059 -2.611010e+059 -3.364978e+059 -3.923138e+059 -4.175368e+059 -4.037049e+059 -3.460232e+059 -2.450798e+059 1.316914e+056 
2.363284e+062 -3.809344e+058 -1.003825e+059 -1.782412e+059 -2.609031e+059 -3.360483e+059 -3.918054e+059 -4.161993e+059 -4.025263e+059 -3.451857e+059 -2.444179e+059 1.311799e+056 
2.363286e+062 -3.819196e+058 -1.005507e+059 -1.784094e+059 -2.611247e+059 -3.366304e+059 -3.920892e+059 -4.170601e+059 -4.032477e+059 -3.459115e+059 -2.448881e+059 1.315904e+056 
2.363284e+062 -3.776031e+058 -1.000290e+059 -1.769012e+059 -2.593786e+059 -3.343832e+059 -3.894244e+059 -4.144463e+059 -4.006356e+059 -3.437078e+059 -2.435170e+059 1.297843e+056 
2.363279e+062 -3.746436e+058 -9.916089e+058 -1.759090e+059 -2.585029e+059 -3.321442e+059 -3.883886e+059 -4.115850e+059 -3.994256e+059 -3.419296e+059 -2.420793e+059 1.283871e+056 
2.363181e+062 -3.339752e+058 -8.571511e+058 -1.508075e+059 -2.538731e+059 -2.890405e+059 -3.875318e+059 -3.777421e+059 -3.886909e+059 -3.304051e+059 -2.302701e+059 1.104569e+056 
2.362995e+062 -3.020945e+058 -6.665353e+058 -1.103612e+059 -2.207020e+059 -2.076766e+059 -3.537143e+059 -3.193206e+059 -3.674343e+059 -3.065718e+059 -2.164772e+059 7.941970e+055 
2.362163e+062 3.086548e+057 -7.115441e+058 -1.951412e+059 -3.365838e+058 1.887338e+059 3.241813e+058 -7.154852e+058 -6.262046e+058 -1.019289e+059 -1.785504e+059 1.074911e+055 
2.359362e+062 -9.208315e+058 -3.043946e+059 -1.569772e+059 4.446590e+059 1.039458e+060 1.204841e+060 1.304467e+060 1.035945e+060 5.848289e+059 6.409654e+058 2.780047e+056 
2.352265e+062 -2.631327e+059 -3.677695e+058 1.538201e+060 2.605609e+060 3.413037e+060 3.840001e+060 3.070584e+060 2.094958e+060 1.708154e+060 4.104173e+059 6.506927e+057 
2.318339e+062 7.786554e+059 3.959178e+060 6.429106e+060 6.874689e+060 1.304045e+061 1.075171e+061 1.730673e+061 7.422554e+060 9.264880e+060 2.036211e+060 1.151198e+059 
2.283773e+062 2.310970e+060 6.057696e+060 1.321508e+061 1.169510e+061 1.336060e+061 1.840766e+061 2.498312e+061 1.605793e+061 1.913681e+061 4.811423e+060 3.288724e+059 
2.275801e+062 1.523198e+060 9.098458e+060 1.300687e+061 1.556215e+061 1.797972e+061 1.931042e+061 2.587840e+061 1.781245e+061 1.805800e+061 4.346463e+060 4.187459e+059 
2.294984e+062 7.050775e+059 4.604128e+060 7.600087e+060 1.438785e+061 2.093964e+061 1.877925e+061 2.236260e+061 2.056590e+061 1.334140e+061 2.528407e+060 2.979294e+059 
2.347002e+062 -1.259617e+060 -1.304109e+060 7.466871e+058 2.120539e+060 4.764931e+060 6.755417e+060 7.064514e+060 4.876471e+060 2.725814e+060 6.736269e+059 8.377591e+057 
2.360502e+062 -4.087838e+059 -7.536709e+059 -9.109769e+059 -8.298329e+059 -5.140287e+059 -2.492589e+059 -1.588050e+059 -1.382028e+059 -1.422214e+059 -1.818741e+059 3.281088e+056 
2.338535e+062 -7.147338e+060 -1.763137e+061 -2.901821e+061 -3.861188e+061 -4.407245e+061 -4.438307e+061 -3.982526e+061 -3.171773e+061 -2.187306e+061 -1.210437e+061 1.807052e+060 
2.336093e+062 -7.466409e+060 -1.838181e+061 -3.050157e+061 -4.118326e+061 -4.731659e+061 -4.775106e+061 -4.316457e+061 -3.482933e+061 -2.446571e+061 -1.379017e+061 2.102041e+060 
2.328384e+062 -9.354047e+060 -2.266453e+061 -3.676031e+061 -4.849527e+061 -5.394588e+061 -5.205505e+061 -4.468841e+061 -3.416643e+061 -2.264698e+061 -1.194260e+061 2.568927e+060 
2.319254e+062 -1.182899e+061 -2.791613e+061 -4.313090e+061 -5.332338e+061 -5.474199e+061 -4.764562e+061 -3.553963e+061 -2.230885e+061 -1.122923e+061 -3.959688e+060 2.137367e+060 
2.324888e+062 -9.393494e+060 -2.234806e+061 -3.699888e+061 -4.996453e+061 -5.557532e+061 -5.266364e+061 -4.484933e+061 -3.515357e+061 -2.420058e+061 -1.282845e+061 2.683526e+060 
2.319365e+062 -9.382053e+060 -2.177005e+061 -3.640318e+061 -5.015244e+061 -5.516389e+061 -5.026754e+061 -4.210225e+061 -3.364252e+061 -2.393634e+061 -1.296943e+061 2.563564e+060 
2.337769e+062 -5.427148e+060 -1.193602e+061 -1.868895e+061 -2.464908e+061 -2.666822e+061 -2.369801e+061 -1.896592e+061 -1.530032e+061 -1.228562e+061 -8.343756e+060 6.112468e+059 
2.233459e+062 -2.355312e+061 -4.145339e+061 -3.090970e+061 -1.644455e+060 3.255711e+061 5.978763e+061 5.416529e+061 2.983418e+061 5.907877e+060 -8.994071e+060 1.061521e+059 
2.332110e+062 -6.082165e+060 -1.142582e+061 -1.270438e+061 -8.378621e+060 1.040644e+060 1.160365e+061 1.821841e+061 1.798421e+061 1.236917e+061 5.195078e+060 -2.931761e+059 
2.271614e+062 -1.842050e+061 -3.172902e+061 -2.879664e+061 -8.754940e+060 2.201041e+061 5.044664e+061 6.117883e+061 4.973844e+061 2.630915e+061 6.272144e+060 -1.452080e+060 
2.354987e+062 -1.809309e+060 -3.635258e+060 -4.719185e+060 -4.701840e+060 -3.474820e+060 -1.617947e+060 -3.282090e+059 -2.339373e+059 -8.569341e+059 -1.238522e+060 8.644494e+057 
2.360352e+062 -7.062514e+059 -1.414671e+060 -1.722959e+060 -1.459053e+060 -7.203279e+059 1.430487e+059 6.995183e+059 7.276046e+059 3.598895e+059 -4.852741e+058 -1.078901e+057 
2.362545e+062 -2.385995e+059 -5.616409e+059 -8.743476e+059 -1.112533e+060 -1.255320e+060 -1.316227e+060 -1.313110e+060 -1.246743e+060 -1.086566e+060 -7.958383e+059 2.003251e+057 
2.363147e+062 -6.876922e+058 -1.742344e+059 -2.925422e+059 -4.070977e+059 -4.996451e+059 -5.564856e+059 -5.750763e+059 -5.475700e+059 -4.672700e+059 -3.339060e+059 2.934431e+056 
2.363276e+062 -3.891453e+058 -1.024005e+059 -1.808564e+059 -2.639957e+059 -3.389152e+059 -3.944640e+059 -4.191928e+059 -4.045889e+059 -3.470821e+059 -2.460752e+059 1.339041e+056 
2.363286e+062 -3.853697e+058 -1.010215e+059 -1.794281e+059 -2.623539e+059 -3.375813e+059 -3.931446e+059 -4.180540e+059 -4.041514e+059 -3.464939e+059 -2.454285e+059 1.325531e+056 
2.363288e+062 -3.849988e+058 -1.010532e+059 -1.791954e+059 -2.623587e+059 -3.378757e+059 -3.936278e+059 -4.185932e+059 -4.047179e+059 -3.468487e+059 -2.458017e+059 1.327060e+056 
2.363286e+062 -3.814015e+058 -1.004480e+059 -1.781270e+059 -2.608903e+059 -3.363383e+059 -3.916847e+059 -4.168146e+059 -4.029083e+059 -3.455970e+059 -2.446711e+059 1.313320e+056 
2.363286e+062 -3.831851e+058 -1.008855e+059 -1.789313e+059 -2.619510e+059 -3.374908e+059 -3.932987e+059 -4.180433e+059 -4.042664e+059 -3.466596e+059 -2.454976e+059 1.323242e+056 
2.363284e+062 -3.817259e+058 -1.008151e+059 -1.789912e+059 -2.618356e+059 -3.373889e+059 -3.933116e+059 -4.179509e+059 -4.042860e+059 -3.467530e+059 -2.454637e+059 1.322270e+056 
2.363284e+062 -3.780177e+058 -9.935304e+058 -1.766769e+059 -2.584904e+059 -3.333198e+059 -3.885973e+059 -4.134608e+059 -3.994723e+059 -3.425689e+059 -2.426596e+059 1.290518e+056 
2.363284e+062 -3.822558e+058 -1.009389e+059 -1.789465e+059 -2.618690e+059 -3.372391e+059 -3.930098e+059 -4.181448e+059 -4.039710e+059 -3.464319e+059 -2.451837e+059 1.321885e+056 
