2.363286e+062 -3.862349e+058 -1.015657e+059 -1.801049e+059 -2.635646e+059 -3.394768e+059 -3.955467e+059 -4.206067e+059 -4.064102e+059 -3.485451e+059 -2.467846e+059 1.339345e+056 
2.363289e+062 -3.832609e+058 -1.009382e+059 -1.793198e+059 -2.621620e+059 -3.374712e+059 -3.938357e+059 -4.183619e+059 -4.045299e+059 -3.468361e+059 -2.455352e+059 1.325244e+056 
2.363289e+062 -3.802791e+058 -1.001346e+059 -1.776445e+059 -2.597704e+059 -3.347322e+059 -3.900261e+059 -4.149591e+059 -4.011066e+059 -3.441864e+059 -2.436014e+059 1.302809e+056 
2.363290e+062 -3.834279e+058 -1.008279e+059 -1.789242e+059 -2.619765e+059 -3.372717e+059 -3.930408e+059 -4.178831e+059 -4.040324e+059 -3.464589e+059 -2.451437e+059 1.322144e+056 
2.363289e+062 -3.811032e+058 -1.002236e+059 -1.779782e+059 -2.609026e+059 -3.357378e+059 -3.912507e+059 -4.162533e+059 -4.023179e+059 -3.450414e+059 -2.441615e+059 1.309959e+056 
2.363288e+062 -3.778166e+058 -9.970692e+058 -1.771332e+059 -2.592911e+059 -3.341350e+059 -3.892291e+059 -4.140487e+059 -4.000366e+059 -3.433424e+059 -2.429199e+059 1.295690e+056 
2.363288e+062 -3.794832e+058 -9.967067e+058 -1.770572e+059 -2.593752e+059 -3.340468e+059 -3.892960e+059 -4.142199e+059 -4.006289e+059 -3.434529e+059 -2.432342e+059 1.297134e+056 
2.363286e+062 -3.811556e+058 -1.003471e+059 -1.779485e+059 -2.604319e+059 -3.352272e+059 -3.907999e+059 -4.161305e+059 -4.019843e+059 -3.447407e+059 -2.440242e+059 1.308191e+056 
2.362961e+062 8.669727e+057 -1.021258e+058 -1.692663e+059 -2.698364e+059 -2.111470e+059 -2.374951e+059 -3.915650e+059 -4.148320e+059 -2.787240e+059 -1.844704e+059 6.825834e+055 
2.329330e+062 4.792046e+060 9.122584e+060 1.473160e+060 -4.533699e+059 1.253495e+061 1.578067e+061 3.642875e+060 -6.404732e+059 6.139584e+060 6.217356e+060 1.415429e+059 
2.293925e+062 1.014378e+061 1.150596e+061 4.004088e+060 1.268632e+061 2.483483e+061 1.658415e+061 9.976441e+060 1.216141e+061 1.264529e+061 7.861706e+060 3.981960e+059 
2.156731e+062 2.912708e+061 4.027490e+061 1.188264e+061 3.128561e+061 7.957825e+061 6.663033e+061 3.106001e+061 3.766497e+061 5.101421e+061 3.099677e+061 4.766953e+060 
2.162239e+062 2.781010e+061 3.575059e+061 1.371409e+061 3.514146e+061 7.626068e+061 5.651380e+061 3.323420e+061 4.024629e+061 4.728362e+061 2.834409e+061 4.140613e+060 
2.004604e+062 4.909584e+061 5.469235e+061 2.562474e+061 8.340388e+061 1.384244e+062 9.799364e+061 8.592550e+061 1.048995e+062 9.528087e+061 6.012238e+061 1.482861e+061 
2.092944e+062 3.683677e+061 3.927473e+061 2.452904e+061 6.591930e+061 8.440564e+061 6.657799e+061 7.483972e+061 6.914804e+061 4.812351e+061 3.865183e+061 7.165244e+060 
2.118310e+062 3.113753e+061 3.338763e+061 2.730497e+061 5.386351e+061 8.310311e+061 5.705736e+061 5.641437e+061 6.414877e+061 4.451331e+061 3.300163e+061 5.487875e+060 
2.282834e+062 1.114163e+061 1.086113e+061 6.866468e+060 2.046308e+061 2.565478e+061 1.324506e+061 1.456547e+061 1.896645e+061 1.208102e+061 7.202377e+060 4.488773e+059 
2.356580e+062 6.197195e+059 3.963448e+059 -3.659660e+058 5.087215e+059 8.813565e+059 -3.150946e+059 -3.054533e+059 1.896294e+059 -4.232271e+059 -1.900950e+059 -4.464666e+056 
2.234366e+062 -1.727861e+061 -1.760438e+061 -3.000406e+060 7.482172e+060 2.078500e+060 -1.522709e+061 -2.961945e+061 -3.102107e+061 -2.415996e+061 -1.686005e+061 8.734958e+059 
2.167805e+062 -3.119963e+061 -3.604950e+061 -5.337903e+060 3.407721e+061 5.170037e+061 3.705984e+061 3.940637e+060 -2.411518e+061 -3.387349e+061 -2.709024e+061 3.459728e+060 
2.189008e+062 -3.036422e+061 -4.070599e+061 -1.779770e+061 2.104800e+061 4.825883e+061 4.598786e+061 1.811392e+061 -1.373917e+061 -2.975362e+061 -2.613194e+061 3.390667e+060 
2.258628e+062 -1.997884e+061 -3.131511e+061 -2.374405e+061 -3.356477e+060 1.488230e+061 1.822929e+061 5.439587e+060 -1.262560e+061 -2.290328e+061 -2.035837e+061 1.487973e+060 
2.271664e+062 -1.623089e+061 -2.530221e+061 -2.195211e+061 -1.095482e+061 -3.731975e+059 1.719920e+060 -6.635318e+060 -1.743704e+061 -2.090139e+061 -1.566338e+061 1.062557e+060 
2.244653e+062 -2.208019e+061 -3.334198e+061 -2.301155e+061 7.696768e+059 2.143431e+061 2.609935e+061 1.416429e+061 -3.557742e+060 -1.499469e+061 -1.541816e+061 1.182641e+060 
2.284471e+062 -1.478301e+061 -2.342328e+061 -2.022172e+061 -1.124318e+061 -5.049684e+060 -4.648354e+060 -7.223313e+060 -9.076891e+060 -9.021630e+060 -7.232756e+060 4.739212e+059 
2.322460e+062 -8.982891e+060 -1.695002e+061 -1.930902e+061 -1.630515e+061 -1.139081e+061 -8.030910e+060 -7.377644e+060 -8.220980e+060 -8.487707e+060 -6.698500e+060 3.458350e+059 
2.343661e+062 -4.209201e+060 -7.657012e+060 -8.067678e+060 -5.734938e+060 -2.780207e+060 -1.320704e+060 -2.079768e+060 -4.211886e+060 -6.017865e+060 -5.884862e+060 9.580809e+058 
2.353009e+062 -2.500492e+060 -5.207854e+060 -6.814298e+060 -6.915343e+060 -6.077161e+060 -5.295612e+060 -5.240908e+060 -5.790678e+060 -6.104081e+060 -5.174836e+060 7.992285e+058 
2.359579e+062 -1.085713e+060 -2.693387e+060 -4.510981e+060 -6.277327e+060 -7.791904e+060 -8.872626e+060 -9.324022e+060 -8.952409e+060 -7.624600e+060 -5.336528e+060 7.417982e+058 
2.361410e+062 -5.814098e+059 -1.496060e+060 -2.598342e+060 -3.723713e+060 -4.707432e+060 -5.399002e+060 -5.666742e+060 -5.414149e+060 -4.589684e+060 -3.207170e+060 2.579671e+058 
2.362669e+062 -2.370543e+059 -6.177114e+059 -1.087274e+060 -1.577796e+060 -2.013843e+060 -2.323875e+060 -2.445713e+060 -2.336410e+060 -1.977911e+060 -1.380293e+060 4.652064e+057 
2.362932e+062 -1.668578e+059 -4.357452e+059 -7.674775e+059 -1.115027e+060 -1.424193e+060 -1.644852e+060 -1.732724e+060 -1.656953e+060 -1.404642e+060 -9.815262e+059 2.327843e+057 
2.362918e+062 -1.790059e+059 -4.678584e+059 -8.248664e+059 -1.198424e+060 -1.530981e+060 -1.767080e+060 -1.859697e+060 -1.776602e+060 -1.504247e+060 -1.050005e+060 2.682373e+057 
2.363088e+062 -1.153172e+059 -3.017126e+059 -5.327780e+059 -7.747835e+059 -9.912391e+059 -1.146153e+060 -1.208459e+060 -1.156979e+060 -9.821206e+059 -6.874271e+059 1.127560e+057 
2.363219e+062 -6.116038e+058 -1.600375e+059 -2.829311e+059 -4.123683e+059 -5.291252e+059 -6.142285e+059 -6.506880e+059 -6.258713e+059 -5.340796e+059 -3.758106e+059 3.238967e+056 
2.363275e+062 -3.957178e+058 -1.040404e+059 -1.845723e+059 -2.701376e+059 -3.479102e+059 -4.050725e+059 -4.306384e+059 -4.161883e+059 -3.567944e+059 -2.524787e+059 1.405176e+056 
2.363281e+062 -3.859228e+058 -1.014331e+059 -1.797215e+059 -2.630669e+059 -3.387053e+059 -3.944895e+059 -4.195767e+059 -4.055773e+059 -3.477635e+059 -2.462121e+059 1.333790e+056 
2.363286e+062 -3.790879e+058 -1.000072e+059 -1.774661e+059 -2.597623e+059 -3.347320e+059 -3.900293e+059 -4.148088e+059 -4.010618e+059 -3.438504e+059 -2.436031e+059 1.301330e+056 
2.363287e+062 -3.782323e+058 -9.942444e+058 -1.762099e+059 -2.582883e+059 -3.322977e+059 -3.873399e+059 -4.120893e+059 -3.983141e+059 -3.418787e+059 -2.419851e+059 1.285100e+056 
2.363285e+062 -3.791286e+058 -9.987078e+058 -1.774669e+059 -2.596517e+059 -3.346009e+059 -3.896567e+059 -4.147836e+059 -4.009945e+059 -3.437386e+059 -2.435493e+059 1.300297e+056 
2.363285e+062 -3.805104e+058 -1.001339e+059 -1.779711e+059 -2.600006e+059 -3.353972e+059 -3.908118e+059 -4.155296e+059 -4.022536e+059 -3.450773e+059 -2.442945e+059 1.307267e+056 
2.363287e+062 -3.804931e+058 -9.985746e+058 -1.770382e+059 -2.593172e+059 -3.338741e+059 -3.891013e+059 -4.141316e+059 -4.003744e+059 -3.432722e+059 -2.431701e+059 1.297194e+056 
2.363285e+062 -3.796557e+058 -9.982094e+058 -1.777230e+059 -2.602273e+059 -3.345865e+059 -3.906020e+059 -4.151961e+059 -4.017189e+059 -3.442551e+059 -2.439616e+059 1.303690e+056 
