2.363255e+062 -3.696208e+058 -9.826524e+058 -1.740276e+059 -2.566393e+059 -3.278562e+059 -3.839291e+059 -4.092539e+059 -3.966259e+059 -3.413467e+059 -2.416055e+059 1.262556e+056 
2.363255e+062 -3.593710e+058 -9.756886e+058 -1.746423e+059 -2.572706e+059 -3.302015e+059 -3.863271e+059 -4.118270e+059 -3.988856e+059 -3.427116e+059 -2.423753e+059 1.266996e+056 
2.363256e+062 -3.632078e+058 -9.637534e+058 -1.722339e+059 -2.528622e+059 -3.261403e+059 -3.816496e+059 -4.081957e+059 -3.959163e+059 -3.389686e+059 -2.401493e+059 1.241051e+056 
2.363261e+062 -3.791597e+058 -1.003620e+059 -1.762288e+059 -2.581655e+059 -3.324909e+059 -3.884187e+059 -4.149434e+059 -4.015124e+059 -3.453726e+059 -2.449930e+059 1.297354e+056 
2.363258e+062 -3.771242e+058 -9.934561e+058 -1.778853e+059 -2.620780e+059 -3.365424e+059 -3.938677e+059 -4.201708e+059 -4.063079e+059 -3.498028e+059 -2.470759e+059 1.321166e+056 
2.363267e+062 -3.757183e+058 -1.000690e+059 -1.781192e+059 -2.614187e+059 -3.378015e+059 -3.936057e+059 -4.177333e+059 -4.034316e+059 -3.464174e+059 -2.460396e+059 1.316022e+056 
2.363264e+062 -3.589068e+058 -9.623960e+058 -1.722251e+059 -2.519634e+059 -3.255842e+059 -3.800466e+059 -4.055959e+059 -3.914987e+059 -3.359298e+059 -2.378156e+059 1.227670e+056 
2.363260e+062 -3.618419e+058 -9.846351e+058 -1.760836e+059 -2.564998e+059 -3.318900e+059 -3.890000e+059 -4.123872e+059 -3.997271e+059 -3.434823e+059 -2.428892e+059 1.277088e+056 
2.363267e+062 -3.615286e+058 -9.693574e+058 -1.729785e+059 -2.539230e+059 -3.275580e+059 -3.819022e+059 -4.063707e+059 -3.943946e+059 -3.379651e+059 -2.390720e+059 1.241765e+056 
2.356401e+062 3.379749e+059 8.211569e+059 1.363296e+060 5.753917e+059 2.131376e+060 1.330074e+059 1.989685e+060 1.783533e+059 8.519741e+059 4.447426e+059 1.233532e+057 
1.871101e+062 4.641336e+061 3.677555e+061 9.921094e+061 1.193118e+062 1.429954e+062 1.311161e+062 1.838695e+062 1.466402e+062 1.195290e+062 1.125807e+062 2.987275e+061 
1.105852e+062 9.417594e+061 9.721364e+061 2.533418e+062 4.167425e+062 5.971694e+062 8.459387e+062 1.245835e+063 1.581273e+063 1.851384e+063 1.926734e+063 1.166299e+063 
7.527259e+061 1.055098e+062 1.487352e+062 3.403548e+062 7.350069e+062 1.331691e+063 2.378068e+063 4.300169e+063 7.141319e+063 1.099056e+064 1.442072e+064 1.168099e+064 
-3.787398e+061 1.278654e+062 -2.276431e+062 6.804601e+062 -1.742511e+063 5.255256e+063 -1.570313e+064 4.643791e+064 -1.317131e+065 3.464273e+065 -7.788832e+065 1.090635e+066 
-4.266854e+061 9.592542e+061 -1.156660e+062 2.449157e+062 -2.697653e+062 5.856668e+062 -1.134490e+063 2.256556e+063 -4.236300e+063 7.345142e+063 -1.075265e+064 9.875933e+063 
1.360245e+062 5.665882e+061 6.379603e+061 1.743268e+062 2.419204e+062 2.751646e+062 2.916612e+062 3.704089e+062 3.852166e+062 4.128002e+062 3.789172e+062 1.567412e+062 
2.289859e+062 -5.157861e+060 1.085034e+060 1.053749e+061 2.199928e+060 -2.047527e+061 -3.848881e+061 -3.841457e+061 -2.431472e+061 -1.317082e+061 -9.158947e+060 1.518465e+059 
2.294547e+062 -5.724806e+060 9.391325e+058 9.135376e+060 3.720862e+060 -1.754552e+061 -3.864771e+061 -4.312092e+061 -3.075313e+061 -1.578821e+061 -8.000865e+060 9.702841e+058 
2.310042e+062 -4.740866e+060 1.160685e+060 1.290313e+061 1.439553e+061 -1.014247e+060 -2.195513e+061 -3.099347e+061 -2.324122e+061 -9.377228e+060 -1.708341e+060 -2.385490e+059 
2.351590e+062 -2.532644e+060 -5.314918e+060 -8.136076e+060 -1.184238e+061 -1.653896e+061 -2.074990e+061 -2.239377e+061 -2.051660e+061 -1.595541e+061 -1.021435e+061 3.342618e+059 
2.353994e+062 -2.721634e+060 -6.854191e+060 -1.173372e+061 -1.677040e+061 -2.113134e+061 -2.391765e+061 -2.444519e+061 -2.239309e+061 -1.801625e+061 -1.188880e+061 4.944084e+059 
2.356171e+062 -2.211688e+060 -5.672362e+060 -9.828249e+060 -1.406178e+061 -1.766836e+061 -1.999766e+061 -2.051733e+061 -1.898989e+061 -1.550308e+061 -1.039747e+061 3.477274e+059 
2.337447e+062 -5.101502e+060 -8.472545e+060 -6.994017e+060 -1.508318e+060 4.178643e+060 5.476069e+060 1.792301e+060 -4.812179e+060 -9.454939e+060 -9.273348e+060 1.612199e+059 
2.214438e+062 -7.830535e+060 -1.855912e+061 5.299512e+060 3.003098e+061 5.423827e+061 6.147768e+061 5.303964e+061 1.982355e+061 -2.560117e+060 -5.855696e+060 1.561174e+060 
2.137687e+062 1.078658e+061 1.775240e+059 2.542649e+061 4.877336e+061 5.251998e+061 5.368959e+061 5.074410e+061 1.677971e+061 1.292504e+061 8.364925e+060 1.800444e+060 
1.985775e+062 1.383109e+061 -7.568381e+060 4.473401e+061 8.095075e+061 8.867923e+061 9.849052e+061 1.041202e+062 4.844619e+061 2.761639e+061 2.095367e+061 6.415481e+060 
2.084058e+062 2.690500e+061 8.964317e+060 5.089361e+061 7.177048e+061 5.078304e+061 6.247716e+061 8.587197e+061 3.875406e+061 3.569189e+061 3.643839e+061 5.402105e+060 
2.316841e+062 4.575204e+060 3.278390e+058 9.406428e+060 1.154601e+061 5.157592e+060 1.100801e+061 1.208420e+061 1.393947e+060 4.916903e+060 4.024825e+060 9.250568e+058 
2.361845e+062 -1.526548e+059 -4.736872e+059 -6.913611e+059 -1.040590e+060 -1.292313e+060 -1.527219e+060 -1.677270e+060 -1.659866e+060 -1.471557e+060 -1.057525e+060 2.190081e+057 
2.362497e+062 -1.534993e+059 -4.383511e+059 -7.289366e+059 -1.121327e+060 -1.404282e+060 -1.645725e+060 -1.740532e+060 -1.660055e+060 -1.426838e+060 -9.846596e+059 2.287752e+057 
2.363075e+062 -7.072135e+058 -1.850903e+059 -3.278966e+059 -4.931029e+059 -6.162702e+059 -7.389689e+059 -7.657236e+059 -7.518201e+059 -6.370154e+059 -4.471689e+059 4.514100e+056 
2.363225e+062 -3.927570e+058 -1.042323e+059 -1.847294e+059 -2.714638e+059 -3.459961e+059 -4.084278e+059 -4.360801e+059 -4.229269e+059 -3.634224e+059 -2.571675e+059 1.424126e+056 
2.363251e+062 -3.844728e+058 -1.026756e+059 -1.817483e+059 -2.689223e+059 -3.437164e+059 -4.036141e+059 -4.303989e+059 -4.153684e+059 -3.584288e+059 -2.531501e+059 1.386092e+056 
2.363254e+062 -3.759094e+058 -1.004690e+059 -1.786032e+059 -2.642118e+059 -3.377784e+059 -3.931857e+059 -4.216437e+059 -4.083821e+059 -3.503474e+059 -2.478937e+059 1.331011e+056 
2.363263e+062 -3.828115e+058 -1.011664e+059 -1.797747e+059 -2.626587e+059 -3.399319e+059 -3.966673e+059 -4.210356e+059 -4.074337e+059 -3.495904e+059 -2.485228e+059 1.339607e+056 
2.363258e+062 -3.788244e+058 -1.012651e+059 -1.792525e+059 -2.612149e+059 -3.338579e+059 -3.926663e+059 -4.219294e+059 -4.082277e+059 -3.510948e+059 -2.496683e+059 1.329325e+056 
2.363246e+062 -3.696453e+058 -9.926218e+058 -1.745095e+059 -2.559363e+059 -3.263468e+059 -3.848065e+059 -4.143416e+059 -4.000875e+059 -3.455451e+059 -2.447388e+059 1.275019e+056 
2.363242e+062 -3.902727e+058 -1.041684e+059 -1.850341e+059 -2.694701e+059 -3.461203e+059 -4.052960e+059 -4.308815e+059 -4.144322e+059 -3.529322e+059 -2.491337e+059 1.395113e+056 
