623
603
582
555
521
485
441
394
340
285
219
148
78
0
-79
-164
-250
-340
-428
-516
-607
-689
-772
-852
-926
-994
-1049
-1101
-1142
-1175
-1202
-1210
-1215
-1210
-1196
-1168
-1131
-1087
-1037
-982
-920
-845
-765
-687
-601
-516
-430
-339
-247
-152
-70
18
98
175
250
317
377
429
480
519
548
571
588
599
610
614
612
604
594
585
575
566
559
547
536
527
523
525
524
529
531
534
540
548
560
567
575
581
583
585
584
579
567
555
538
513
487
455
416
369
320
264
201
139
69
-8
-83
-166
-250
-334
-421
-507
-591
-670
-745
-820
-888
-943
-996
-1038
-1068
-1096
-1109
-1113
-1109
-1092
-1066
-1032
-987
-936
-875
-811
-739
-660
-578
-490
-403
-314
-226
-135
-46
38
123
198
270
331
390
448
494
534
565
584
603
613
621
621
613
606
593
579
562
544
521
503
486
465
449
433
420
412
408
407
400
398
401
400
407
413
416
416
416
415
411
407
395
383
362
337
308
271
231
186
138
82
23
-40
-105
-169
-238
-307
-378
-450
-520
-588
-649
-708
-765
-817
-863
-902
-931
-954
-968
-974
-970
-962
-941
-913
-875
-827
-774
-714
-647
-580
-502
-421
-339
-251
-168
-86
-3
76
157
231
299
364
419
468
513
552
581
605
620
632
636
635
631
620
605
584
562
538
513
488
461
432
406
382
356
337
316
299
283
270
262
256
255
251
248
247
243
246
243
239
237
227
218
205
189
172
151
126
93
60
22
-18
-63
-108
-155
-208
-258
-312
-364
-416
-464
-510
-554
-594
-630
-662
-685
-703
-718
-725
-725
-721
-705
-681
-651
-613
-572
-526
-473
-416
-351
-288
-220
-148
-77
-7
66
136
204
270
332
387
436
483
520
554
582
605
618
625
625
619
608
593
571
546
516
482
446
409
374
334
296
262
225
189
156
124
98
75
51
31
18
7
-4
-14
-21
-25
-32
-35
-38
-40
-45
-52
-58
-66
-78
-92
-108
-126
-147
-167
-191
-214
-242
-273
-304
-335
-361
-394
-424
-449
-476
-500
-518
-532
-540
-545
-546
-542
-533
-516
-496
-471
-441
-403
-366
-321
-271
-217
-166
-112
-53
6
64
119
174
226
276
324
369
407
438
465
488
505
516
521
519
513
504
490
470
449
422
392
360
326
292
256
221
184
151
119
85
54
28
4
-21
-38
-55
-71
-84
-90
-98
-100
-105
-110
-109
-108
-108
-109
-109
-107
-106
-111
-112
-115
-120
-126
-135
-143
-154
-170
-183
-193
-208
-221
-237
-252
-262
-274
-286
-293
-299
-299
-298
-293
-286
-276
-263
-245
-226
-202
-174
-147
-113
-79
-41
-2
39
78
120
159
197
237
273
309
339
364
393
412
429
444
452
460
461
458
451
441
429
413
394
370
346
318
290
259
227
198
165
135
105
73
43
17
-11
-37
-61
-83
-105
-123
-139
-152
-167
-180
-191
-204
-212
-221
-229
-237
-246
-250
-258
-265
-272
-283
-290
-296
-305
-310
-314
-320
-325
-327
-330
-331
-330
-330
-326
-318
-310
-300
-287
-269
-252
-229
-205
-179
-149
-121
-87
-58
-23
13
49
88
125
162
198
234
268
299
329
356
381
403
423
439
451
462
466
464
464
459
450
439
423
407
388
368
346
322
297
271
243
214
187
159
132
104
79
53
27
2
-24
-46
-67
-88
-106
-128
-148
-167
-184
-199
-217
-232
-250
-266
-282
-293
-303
-316
-327
-337
-347
-353
-359
-364
-368
-370
-370
-367
-362
-355
-347
-334
-321
-303
-284
-262
-237
-209
-180
-149
-115
-83
-46
-6
33
70
106
144
180
214
247
278
306
332
358
380
397
409
422
430
434
434
432
426
417
406
395
379
361
340
317
294
272
248
221
195
171
143
118
94
69
43
19
-2
-21
-40
-62
-83
-102
-117
-134
-151
-166
-183
-198
-214
-230
-245
-261
-276
-295
-311
-326
-343
-357
-371
-386
-401
-414
-424
-430
-440
-446
-448
-449
-448
-443
-434
-423
-408
-391
-371
-347
-321
-291
-260
-225
-186
-147
-105
-61
-17
29
74
119
164
208
250
290
329
365
395
426
453
474
493
507
519
528
532
532
528
520
510
495
479
458
436
412
386
361
332
303
273
244
214
186
157
128
104
78
53
30
4
-17
-37
-58
-78
-96
-115
-130
-146
-160
-174
-191
-203
-217
-231
-246
-261
-274
-288
-303
-316
-330
-344
-355
-369
-380
-387
-395
-403
-408
-410
-409
-407
-402
-394
-384
-368
-350
-330
-305
-280
-253
-219
-185
-149
-109
-69
-28
16
58
102
144
187
230
269
307
344
377
407
435
461
479
497
509
519
524
525
523
515
504
491
473
452
428
403
377
348
318
288
256
223
192
159
129
99
68
38
11
-17
-42
-66
-88
-109
-129
-147
-164
-181
-195
-212
-225
-238
-251
-264
-276
-287
-298
-309
-319
-328
-339
-347
-356
-363
-369
-374
-378
-382
-382
-383
-382
-377
-372
-366
-356
-342
-328
-310
-291
-269
-244
-218
-189
-158
-126
-92
-57
-23
15
53
92
128
165
202
235
267
298
326
354
377
397
415
429
439
447
452
455
453
446
438
426
412
395
378
358
335
312
286
260
233
205
177
151
126
98
70
45
21
-1
-24
-45
-66
-84
-102
-119
-133
-147
-159
-172
-183
-194
-204
-215
-224
-231
-239
-249
-258
-266
-273
-280
-290
-295
-300
-306
-311
-316
-318
-320
-320
-319
-318
-314
-310
-303
-293
-282
-269
-256
-239
-219
-198
-178
-153
-129
-101
-72
-42
-12
19
50
80
113
142
171
200
229
256
280
302
322
339
353
365
374
380
383
385
384
380
372
363
350
337
318
302
284
263
243
220
196
174
149
123
100
76
54
33
11
-9
-27
-47
-64
-80
-96
-111
-124
-136
-147
-159
-169
-177
-186
-194
-203
-213
-221
-226
-236
-243
-250
-258
-262
-268
-274
-277
-280
-281
-284
-286
-283
-280
-277
-270
-263
-254
-243
-231
-217
-201
-182
-163
-142
-120
-96
-69
-42
-13
17
45
73
103
132
159
187
215
240
263
286
305
323
338
351
360
370
375
378
378
376
373
366
358
346
333
320
303
286
269
250
230
209
189
168
147
125
105
83
62
43
22
3
-15
-32
-50
-64
-82
-99
-114
-127
-141
-155
-167
-179
-190
-204
-214
-224
-231
-242
-252
-260
-267
-273
-282
-288
-291
-294
-298
-299
-297
-295
-291
-286
-278
-269
-259
-248
-234
-219
-204
-186
-164
-143
-119
-96
-71
-46
-21
4
31
55
82
106
129
153
175
197
217
235
250
265
277
285
293
301
306
309
311
310
305
301
295
286
275
264
251
239
224
209
193
175
159
140
122
103
83
65
46
28
11
-6
-24
-39
-56
-71
-87
-102
-117
-131
-143
-156
-167
-177
-188
-199
-208
-217
-227
-235
-242
-247
-253
-258
-261
-260
-260
-260
-259
-256
-252
-246
-237
-228
-217
-208
-196
-182
-167
-151
-133
-114
-94
-76
-55
-32
-10
13
34
56
78
100
121
143
163
183
200
215
230
244
255
265
274
279
283
287
290
289
286
280
275
268
260
251
238
226
213
198
184
167
148
132
115
96
79
61
46
30
11
-3
-19
-36
-49
-65
-78
-91
-103
-113
-126
-136
-147
-157
-166
-175
-183
-189
-197
-205
-210
-215
-219
-223
-226
-229
-230
-230
-232
-229
-227
-224
-221
-218
-211
-207
-199
-189
-179
-167
-153
-141
-127
-113
-96
-80
-64
-47
-29
-11
9
27
47
66
82
100
116
132
147
163
177
189
200
209
219
225
230
235
239
242
242
242
241
236
234
228
221
213
204
195
187
176
166
152
139
127
115
101
87
73
57
46
33
18
4
-10
-23
-36
-50
-62
-74
-85
-98
-108
-120
-131
-140
-151
-160
-167
-175
-182
-185
-191
-194
-198
-201
-203
-205
-203
-202
-199
-194
-188
-182
-174
-166
-157
-146
-135
-124
-110
-96
-83
-65
-50
-34
-18
-2
15
30
44
58
72
85
98
110
122
133
144
153
160
168
174
179
184
184
186
187
185
184
182
179
176
169
165
159
152
143
135
129
120
112
102
91
80
69
60
51
40
30
20
10
0
-11
-22
-34
-45
-58
-68
-77
-88
-97
-108
-117
-127
-138
-147
-155
-161
-168
-172
-178
-183
-187
-190
-189
-189
-189
-186
-183
-179
-173
-166
-159
-151
-141
-132
-119
-105
-92
-79
-65
-50
-36
-20
-5
9
23
38
53
64
76
87
99
110
120
129
136
144
150
155
158
162
163
164
164
165
164
162
159
155
152
147
142
138
133
128
121
115
106
102
95
86
78
72
64
56
49
40
31
23
14
5
-4
-14
-23
-33
-42
-52
-60
-71
-81
-89
-97
-106
-115
-123
-130
-139
-145
-151
-155
-160
-164
-168
-169
-168
-168
-165
-163
-159
-151
-146
-139
-131
-123
-111
-101
-88
-77
-66
-52
-38
-27
-14
-2
12
23
35
48
58
69
77
86
94
100
106
111
113
119
121
121
122
121
120
118
114
111
107
102
98
93
86
81
76
70
64
58
51
46
41
35
30
25
18
14
11
7
6
1
-2
-5
-8
-11
-15
-19
-23
-27
-29
-32
-35
-38
-41
-43
-47
-51
-54
-56
-60
-62
-63
-65
-66
-68
-69
-70
-70
-68
-68
-65
-63
-62
-59
-56
-53
-50
-45
-40
-33
-27
-23
-15
-9
-3
4
11
16
21
25
29
35
40
44
48
51
55
56
58
60
61
60
60
59
58
56
53
49
45
42
39
37
32
30
26
23
21
17
14
10
8
4
3
0
-2
-5
-7
-8
-9
-7
-9
-11
-12
-12
-14
-14
-14
-15
-14
-15
-15
-15
-15
-16
-16
-15
-17
-16
-16
-17
-16
-17
-18
-17
-18
-18
-17
-18
-17
-14
-15
-11
-12
-9
-6
-7
-4
-3
-2
1
3
4
5
6
6
8
9
9
10
10
11
13
13
14
14
12
12
11
11
10
8
7
6
4
5
2
1
0
-1
1
0
0
-4
-3
-5
-6
-5
-7
-8
-6
-8
-8
-7
-9
-8
-8
-9
-8
-9
-7
-8
-8
-9
-10
-10
-10
-11
-12
-12
-12
-13
-13
-14
-13
-14
-14
-14
-16
-15
-14
-13
-14
-13
-13
-10
-9
-9
-8
-9
-8
-7
-6
-5
-3
0
1
0
2
4
4
6
8
10
13
14
14
15
16
16
15
15
17
17
17
17
17
17
16
15
15
13
11
10
10
8
7
8
7
5
4
2
2
0
-1
0
-1
0
0
0
-1
-2
-3
-4
-2
-3
-3
-5
-6
-6
-6
-5
-4
-5
-5
-9
-9
-10
-9
-9
-9
-10
-9
-8
-9
-9
-9
-10
-10
-10
-10
-8
-8
-7
-5
-4
-5
-4
-5
-4
-3
-2
-1
1
1
3
6
6
7
7
8
9
9
9
10
11
11
12
13
13
13
11
10
11
10
10
10
9
9
8
6
6
3
3
4
4
4
3
0
0
-1
-2
-2
-4
-1
-2
-4
-3
-5
-4
-5
-7
-7
-7
-7
-7
-8
-6
-6
-6
-6
-6
-6
-6
-6
-7
-7
-6
-7
-7
-8
-8
-8
-10
-8
-6
-6
-6
-6
-5
-4
-5
-5
-3
-3
-2
-2
-1
0
0
1
2
3
5
4
5
6
7
7
9
8
10
10
10
11
9
10
9
10
10
9
9
8
8
8
6
5
5
4
3
3
2
1
-2
-3
-1
-2
-2
-2
-5
-4
-4
-5
-5
-5
-7
-7
-5
-6
-7
-7
-8
-9
-6
-7
-6
-5
-6
-7
-6
-6
-6
-5
-6
-5
-6
-4
-5
-5
-4
-6
-5
-4
-4
-3
-3
-2
0
0
0
0
1
1
2
4
3
0
2
3
5
7
8
8
8
9
10
10
9
10
11
12
11
11
10
11
10
12
11
9
11
10
11
10
8
8
6
7
7
6
6
6
6
3
3
1
0
0
0
-1
1
0
-3
-3
-5
-2
-2
-3
-5
-5
-7
-6
-7
-9
-8
-9
-10
-9
-7
-8
-10
-11
-12
-12
-13
-12
-10
-10
-10
-12
-11
-11
-10
-11
-11
-10
-9
-8
-8
-6
-4
-4
-4
-3
-3
-2
-1
0
1
2
2
3
5
6
8
8
8
8
7
8
8
8
8
8
7
7
8
7
7
8
7
6
5
2
4
4
3
2
1
0
-2
-3
-2
-3
-3
-5
-5
-6
-6
-5
-5
-7
-6
-6
-5
-5
-5
-5
-5
-4
-6
-6
-6
-4
-2
-3
-4
-4
-6
-5
-5
-6
-7
-7
-6
-6
-6
-5
-3
-4
-4
-5
-4
-5
-4
-2
-1
0
0
0
0
1
1
4
3
4
6
4
7
7
9
10
11
10
10
13
14
16
16
16
16
16
18
18
18
17
17
17
14
15
15
14
14
14
10
10
8
8
6
4
5
4
2
1
1
-1
-2
-2
-4
-4
-5
-5
-5
-5
-7
-7
-7
-7
-8
-8
-8
-8
-8
-7
-7
-8
-7
-8
-9
-10
-9
-11
-10
-10
-11
-9
-9
-11
-12
-11
-10
-10
-8
-7
-7
-6
-7
-6
-6
-6
-5
-3
-1
-2
-1
0
3
4
3
4
4
6
8
9
10
11
11
12
11
12
11
11
10
10
10
9
8
8
7
7
6
7
6
4
1
2
1
0
-2
-3
-3
-4
-3
-4
-5
-6
-7
-7
-7
-7
-8
-8
-9
-6
-6
-8
-6
-7
-8
-6
-8
-9
-9
-8
-8
-5
-8
-7
-8
-8
-5
-7
-7
-8
-9
-8
-9
-9
-10
-8
-9
-8
-7
-9
-8
-7
-5
-4
-3
-2
-1
0
0
1
1
1
4
4
5
7
9
10
11
11
11
11
14
15
15
15
16
14
15
15
16
16
15
12
11
11
9
9
11
9
6
6
5
6
5
3
3
1
2
0
1
0
0
0
-1
-1
-3
-2
-2
-3
-4
-4
-5
-6
-6
-7
-6
-7
-6
-7
-7
-6
-4
-5
-5
-4
-5
-6
-6
-8
-7
-7
-6
-6
-7
-7
-6
-5
-3
-4
-4
-3
-2
-1
-2
-2
0
-1
0
0
1
1
6
3
4
7
6
9
8
11
7
10
10
8
8
8
9
8
8
9
10
7
9
8
8
9
7
8
5
6
5
3
2
2
0
-1
-1
-1
-3
-1
-1
-2
-3
-3
-4
-3
-4
-4
-5
-6
-5
-6
-4
-6
-6
-6
-4
-5
-5
-5
-6
-6
-6
-6
-6
-6
-6
-6
-7
-6
-6
-7
-6
-6
-5
-5
-5
-7
-6
-5
-5
-4
-4
-2
-1
0
-1
0
1
2
2
3
3
4
5
5
5
5
6
7
7
8
9
9
8
7
9
9
9
9
8
9
9
11
9
9
8
7
6
5
5
3
3
2
3
2
2
3
4
1
0
-1
-3
-2
-3
-3
-4
-3
-3
-3
-3
-2
-3
-5
-3
-5
-5
-4
-4
-3
-3
-5
-7
-7
-6
-7
-6
-5
-6
-6
-7
-6
-5
-6
-5
-7
-6
-5
-4
-4
-4
-4
-5
-4
-3
-5
-4
-1
-3
-2
-2
-4
0
0
0
1
2
2
3
2
3
5
4
4
3
3
4
4
4
5
3
4
4
4
5
5
5
5
5
4
3
5
1
3
1
0
2
1
0
0
0
1
-1
1
-1
-1
-2
-2
-3
-3
-2
-5
-4
-6
-6
-6
-6
-8
-9
-8
-8
-7
-5
-6
-7
-5
-5
-5
-5
-4
-5
-6
-5
-4
-4
-2
-2
-2
-1
-1
-1
0
0
1
1
3
3
3
3
3
3
4
5
6
7
7
7
6
8
8
7
8
6
6
6
7
6
6
4
5
3
3
4
5
4
5
3
2
2
2
2
-1
0
-1
0
-1
0
-2
-2
0
-1
-1
-2
-1
-1
-2
-2
-2
-3
-4
-3
-5
-4
-3
-4
-3
-2
-3
-4
-4
-1
-1
-1
0
-1
-2
-4
-2
-3
-1
-2
-3
-1
0
-1
1
1
0
1
2
1
3
1
0
2
4
3
2
3
4
3
3
5
4
4
5
5
7
6
8
7
6
6
4
5
5
5
4
4
3
3
5
3
5
5
3
5
5
4
5
1
1
3
2
1
1
1
0
0
1
-1
0
-1
-1
-1
-1
-2
-4
-2
-4
-6
-5
-5
-5
-4
-4
-3
-2
-1
-2
-3
-2
-1
-2
-3
-1
-3
-2
-2
-1
-2
-1
-1
-2
-1
0
0
1
0
1
0
0
-1
-1
0
2
0
-1
0
0
2
2
3
2
0
-2
-2
-1
1
1
-2
0
-1
-1
0
-3
-2
-1
-2
-2
-1
0
1
0
0
0
-1
1
-1
-2
-2
-2
-2
-1
-1
-2
-3
-2
-4
-2
-2
-2
-1
0
-1
-2
-2
-3
-3
-3
-1
-2
-2
-2
-2
-2
-2
-1
0
-1
-4
-3
-2
-1
-3
-3
-3
-2
-2
-2
-3
-1
-1
-1
0
-1
0
-1
0
1
2
2
2
3
4
3
3
2
3
3
4
3
4
5
5
4
3
6
4
4
3
3
2
1
2
2
1
2
0
0
1
1
-1
-1
-1
-3
-3
-2
-3
-1
-1
-3
-4
-4
-3
-4
-3
-3
-3
-4
-3
-2
-3
-3
-5
-4
-5
-3
-2
-1
-2
-3
-5
-3
-4
-4
-1
-3
-3
-2
-2
-1
0
-1
-2
-1
-2
-2
-1
1
0
1
1
0
2
2
3
4
3
3
5
5
5
4
4
6
5
6
6
6
5
5
5
7
7
5
5
4
4
5
6
6
5
4
2
2
2
1
-1
0
2
3
2
0
0
1
0
0
-2
-3
-5
-4
-5
-6
-4
-7
-8
-9
-7
-8
-7
-7
-10
-10
-9
-8
-9
-9
-10
-11
-10
-11
-12
-11
-11
-13
-13
-11
-11
-11
-9
-9
-9
-7
-8
-7
-7
-8
-7
-6
-3
-2
-1
-2
2
3
4
8
7
9
11
11
13
13
14
14
14
14
13
15
16
17
16
15
16
18
16
17
18
17
17
16
16
16
14
11
11
10
9
9
7
6
4
3
3
2
1
-1
-4
-5
-9
-9
-11
-13
-14
-15
-16
-16
-17
-20
-20
-22
-22
-22
-26
-27
-28
-29
-29
-30
-31
-32
-32
-30
-31
-30
-30
-28
-28
-27
-24
-21
-17
-17
-13
-11
-8
-3
2
8
12
17
21
30
36
41
48
53
57
63
68
71
76
78
78
82
85
87
87
87
88
87
87
87
84
83
80
75
71
67
64
60
57
52
48
45
42
39
35
30
26
21
15
9
4
-2
-7
-12
-18
-23
-28
-34
-43
-52
-63
-73
-84
-95
-106
-120
-132
-147
-162
-179
-191
-206
-218
-229
-244
-255
-265
-272
-279
-284
-287
-290
-289
-287
-283
-277
-267
-257
-244
-228
-212
-192
-170
-147
-124
-98
-70
-37
-6
24
55
86
118
150
182
213
244
271
300
326
350
375
393
409
425
440
452
458
466
468
472
472
467
462
456
448
437
423
407
394
373
356
338
319
299
276
251
227
203
176
151
122
96
67
40
11
-19
-48
-78
-108
-141
-167
-199
-230
-256
-288
-316
-345
-372
-399
-420
-446
-470
-491
-513
-530
-549
-564
-580
-595
-609
-620
-631
-638
-647
-652
-655
-659
-659
-655
-651
-641
-629
-616
-593
-564
-531
-494
-451
-400
-338
-270
-195
-118
-36
58
153
253
353
455
554
650
741
832
915
988
1053
1108
1155
1188
1211
1219
1215
1198
1170
1134
1086
1027
954
872
785
695
601
504
406
308
210
120
35
-47
-120
-186
-238
-285
-317
-340
-355
-360
-359
-352
-333
-313
-287
-259
-235
-204
-176
-144
-120
-102
-89
-83
-79
-81
-86
-98
-122
-150
-182
-218
-256
-304
-348
-395
-443
-493
-536
-578
-615
-658
-686
-714
-736
-751
-770
-770
-776
-770
-761
-745
-727
-704
-679
-650
-610
-577
-531
-492
-445
-398
-349
-295
-239
-180
-113
-46
15
82
153
233
311
385
459
531
598
667
735
801
854
903
943
980
1015
1034
1048
1042
1035
1014
989
960
913
860
793
722
644
564
478
389
297
197
107
16
-66
-146
-226
-283
-346
-386
-430
-454
-475
-487
-485
-480
-443
-439
-396
-369
-331
-287
-249
-195
-162
-121
-91
-55
-24
6
25
44
51
61
54
51
44
23
7
-27
-46
-83
-120
-157
-195
-243
-279
-324
-355
-396
-433
-464
-505
-522
-556
-567
-582
-582
-595
-595
-586
-583
-556
-547
-512
-491
-449
-408
-360
-297
-239
-176
-123
-45
33
112
192
277
350
424
497
583
663
725
782
831
882
931
974
1000
1014
1008
999
982
960
932
877
822
738
671
586
506
412
308
206
94
17
-87
-161
-257
-322
-387
-437
-473
-505
-521
-547
-538
-549
-511
-514
-473
-452
-409
-373
-349
-277
-271
-204
-199
-132
-103
-60
-37
-24
7
9
37
31
53
30
33
0
-1
-33
-59
-97
-133
-143
-209
-229
-293
-311
-372
-403
-443
-458
-483
-521
-540
-562
-552
-575
-575
-578
-550
-547
-537
-512
-479
-448
-435
-383
-314
-246
-196
-148
-87
-3
75
165
251
342
402
471
556
647
726
777
839
887
936
976
1009
1030
1031
1015
1002
992
970
923
851
778
708
641
569
488
400
287
196
114
36
-34
-117
-185
-247
-296
-329
-359
-377
-415
-425
-429
-403
-392
-393
-374
-365
-329
-298
-250
-216
-189
-175
-145
-103
-59
-27
-23
5
1
38
41
64
57
27
41
8
15
-24
-50
-105
-153
-179
-201
-227
-279
-338
-376
-402
-424
-435
-491
-491
-556
-551
-563
-539
-536
-593
-555
-594
-523
-539
-481
-473
-473
-417
-375
-268
-224
-170
-141
-48
41
140
237
322
391
419
519
619
716
774
794
847
879
920
952
965
967
912
897
872
858
826
728
648
578
535
463
388
300
213
91
25
-17
-56
-131
-211
-268
-315
-315
-347
-359
-397
-381
-382
-380
-355
-282
-303
-300
-270
-195
-100
-137
-79
-110
-34
-38
31
73
82
90
29
83
80
141
73
38
14
-12
-26
-70
-51
-162
-186
-254
-254
-249
-336
-368
-464
-448
-464
-504
-512
-554
-585
-627
-657
-569
-609
-623
-646
-679
-570
-626
-535
-564
-511
-472
-464
-324
-264
-155
-184
-103
7
135
248
327
417
462
533
625
754
826
881
874
908
970
1006
1043
1003
998
944
906
903
870
821
672
599
537
479
416
323
228
104
41
-30
-64
-122
-201
-258
-364
-310
-310
-351
-381
-426
-354
-443
-334
-307
-302
-326
-330
-215
-224
-104
-172
-116
-153
-91
-15
-67
42
-40
-68
-85
-26
11
-56
-81
-138
-181
-149
-223
-141
-316
-292
-335
-454
-303
-458
-380
-557
-544
-480
-540
-472
-550
-519
-650
-582
-488
-535
-446
-586
-466
-508
-445
-332
-377
-280
-325
-226
-226
-71
80
63
37
123
272
413
462
540
619
578
705
778
916
965
924
916
937
1020
1005
997
967
905
825
765
792
730
593
473
370
346
283
185
82
-26
-128
-207
-210
-239
-320
-404
-504
-480
-454
-451
-515
-530
-484
-517
-430
-420
-313
-356
-347
-299
-247
-74
-127
-73
-130
3
45
57
87
122
140
46
58
106
277
96
24
14
47
68
-121
13
-115
-67
-202
-291
-67
-257
-200
-439
-214
-323
-286
-389
-396
-274
-516
-248
-453
-263
-381
-420
-303
-358
-278
-387
-241
-242
-246
-267
-233
11
10
-8
-21
161
247
334
368
491
594
455
611
687
854
854
780
836
833
866
884
925
846
768
695
659
660
606
489
339
255
204
130
47
-56
-135
-248
-287
-341
-325
-383
-511
-554
-600
-488
-469
-491
-620
-539
-431
-429
-328
-317
-172
-224
-189
-1
109
157
-21
98
255
372
255
255
348
251
224
256
416
288
189
-19
132
160
171
-210
-89
-46
-154
-328
-315
-23
-531
-399
-615
-249
-408
-500
-525
-599
-539
-571
-471
-537
-556
-659
-602
-492
-397
-538
-482
-483
-365
-431
-334
-149
-43
-169
-174
12
149
391
326
430
439
533
601
739
881
835
830
801
887
907
917
942
803
784
734
690
670
566
504
340
270
217
180
68
-81
-152
-209
-261
-338
-373
-404
-458
-507
-511
-469
-523
-447
-436
-411
-333
-310
-173
-293
-204
70
149
19
21
172
204
313
249
430
223
177
383
288
380
165
198
104
232
67
-98
-97
-142
-198
-487
-286
-401
-294
-905
-744
-448
-715
-570
-1101
-768
-618
-1069
-783
-930
-756
-789
-1089
-673
-756
-666
-861
-691
-582
-563
-492
-625
-429
-306
-109
-239
-122
-98
158
208
279
595
415
537
527
714
947
972
910
877
874
962
1058
1058
1030
853
822
784
854
751
641
507
375
387
305
210
98
-49
-182
-228
-233
-218
-391
-484
-542
-498
-560
-540
-359
-454
-472
-521
-297
-99
-215
-194
-114
155
126
90
186
307
466
227
249
451
483
485
218
191
492
328
222
37
321
197
-339
-300
39
125
-537
-629
-413
-332
-750
-634
-547
-641
-896
-898
-581
-632
-612
-1052
-744
-643
-608
-816
-792
-526
-651
-754
-601
-332
-557
-553
-406
-18
42
-111
-84
33
472
572
683
814
724
795
843
1172
1364
1254
1214
1177
1258
1329
1416
1347
1149
1152
1099
1109
1052
922
740
554
558
516
424
280
90
-98
-131
-149
-182
-385
-514
-586
-638
-556
-620
-593
-688
-652
-613
-496
-338
-418
-261
-317
-145
31
107
41
-25
125
350
306
169
323
228
229
287
321
269
100
138
-48
47
115
-249
-257
-562
-140
-286
-619
-582
-808
-566
-676
-859
-654
-667
-1039
-986
-783
-507
-823
-934
-899
-801
-581
-603
-643
-734
-576
-483
-504
-271
90
-159
-182
-5
211
530
574
657
774
721
939
1116
1203
1378
1277
1328
1281
1411
1476
1449
1469
1268
1293
1167
1149
1182
971
862
673
570
553
332
231
111
-23
-195
-303
-328
-475
-647
-701
-710
-732
-917
-862
-794
-906
-802
-790
-561
-566
-636
-487
-315
-162
-158
-105
40
31
87
156
222
315
103
342
206
221
270
52
265
-54
-126
52
-185
-218
-489
-281
-331
-791
-510
-721
-628
-656
-1039
-819
-827
-892
-813
-981
-681
-858
-1178
-830
-633
-578
-980
-735
-517
-582
-629
-534
18
60
-302
-113
185
486
647
483
1047
964
743
968
1316
1677
1421
1336
1461
1507
1558
1469
1636
1577
1369
1267
1152
1355
1134
854
824
755
677
413
265
165
-5
-118
-221
-271
-437
-677
-801
-831
-789
-869
-923
-949
-985
-943
-925
-767
-748
-669
-535
-456
-349
-277
-241
-231
89
140
181
47
222
253
169
197
348
311
33
196
-65
157
-147
-42
-216
-271
-268
-623
-463
-740
-568
-615
-811
-966
-891
-717
-936
-1093
-742
-703
-894
-1173
-710
-614
-928
-757
-801
-424
-592
-610
-603
-217
163
-217
-6
136
448
524
582
1086
1003
884
1024
1252
1460
1476
1443
1437
1411
1478
1469
1525
1536
1304
1208
1079
1227
1153
870
824
602
519
401
274
187
-25
-145
-295
-393
-383
-545
-710
-786
-798
-817
-846
-863
-899
-832
-880
-714
-598
-474
-455
-459
-191
-179
42
162
110
122
238
381
371
348
372
280
253
366
347
376
84
-30
-17
-100
67
-272
-235
-557
-742
-640
-468
-509
-1074
-866
-943
-696
-876
-794
-806
-1042
-793
-815
-549
-683
-859
-879
-683
-545
-451
-494
-499
-266
-207
-86
112
133
290
475
677
898
793
785
949
1094
1257
1411
1386
1181
1199
1257
1383
1472
1285
1256
1044
955
1043
931
832
655
523
434
337
170
16
-105
-191
-295
-366
-420
-608
-762
-776
-791
-813
-843
-820
-838
-891
-785
-682
-588
-533
-481
-398
-350
-249
-76
-60
-9
46
122
282
144
192
169
219
183
121
123
36
-113
-349
-41
-202
-345
-619
-609
-511
-803
-715
-805
-823
-993
-1026
-913
-849
-890
-1033
-1108
-869
-866
-897
-877
-849
-608
-871
-745
-437
-512
-452
-286
24
-75
-73
142
228
669
633
857
824
784
1131
1046
1408
1394
1364
1322
1323
1409
1277
1464
1312
1181
1185
1103
1090
902
810
748
605
560
456
290
76
-45
-132
-170
-241
-396
-586
-677
-727
-715
-742
-709
-713
-860
-754
-723
-580
-482
-555
-413
-343
-295
-182
-177
-30
-41
20
159
179
201
105
143
229
227
177
80
53
-72
-269
-250
-206
-261
-532
-632
-692
-710
-836
-852
-638
-971
-939
-936
-1021
-894
-949
-774
-902
-951
-934
-824
-740
-712
-524
-691
-601
-492
-374
-60
29
36
27
150
395
697
828
840
901
889
1070
1318
1368
1526
1437
1379
1427
1512
1583
1527
1492
1366
1372
1275
1259
1146
1009
923
767
757
678
552
342
144
59
-33
-59
-141
-334
-465
-605
-623
-605
-541
-539
-686
-698
-681
-500
-405
-465
-414
-359
-239
-204
-275
-57
8
-64
-8
119
224
70
130
119
292
116
83
66
-166
2
-347
-215
-413
-556
-638
-743
-682
-917
-904
-963
-934
-1069
-1050
-956
-978
-999
-1150
-978
-769
-833
-974
-982
-688
-701
-665
-592
-493
-504
-459
-180
65
194
80
110
292
715
883
895
977
983
1072
1220
1433
1566
1433
1363
1411
1449
1553
1448
1365
1306
1245
1251
1097
1012
897
752
672
556
512
268
147
32
-93
-94
-255
-334
-486
-539
-514
-573
-541
-598
-618
-565
-566
-457
-472
-511
-437
-372
-219
-240
-272
-291
-198
-110
-21
53
40
-14
-142
19
62
78
-41
-225
-220
-323
-338
-387
-554
-626
-671
-825
-863
-869
-873
-955
-1082
-974
-1048
-964
-948
-1010
-938
-893
-847
-841
-655
-639
-624
-575
-513
-445
-318
-157
-188
-97
15
242
198
380
641
682
869
958
1088
1218
1291
1333
1430
1495
1541
1531
1454
1460
1425
1407
1416
1314
1192
1170
1065
944
899
770
687
529
414
330
189
49
-77
-147
-220
-242
-378
-410
-481
-518
-498
-531
-423
-507
-498
-470
-446
-331
-368
-321
-259
-155
-176
-136
-92
-113
-24
-19
141
-45
-94
-104
-146
-122
-194
-280
-414
-416
-546
-563
-676
-819
-891
-821
-896
-1000
-991
-1134
-1061
-1137
-1000
-851
-1075
-1038
-860
-844
-812
-852
-649
-427
-560
-599
-517
-229
-135
-237
-155
150
213
188
409
604
760
672
860
1227
1449
1527
1315
1405
1566
1678
1801
1855
1810
1487
1317
1495
1560
1564
1332
1135
989
890
962
831
734
541
408
251
131
122
-52
-161
-272
-294
-361
-427
-548
-561
-470
-520
-417
-438
-435
-452
-471
-252
-201
-120
-119
-140
-93
-34
103
135
134
68
176
202
69
92
22
-57
-137
-152
-172
-405
-494
-606
-735
-705
-789
-1005
-1039
-956
-1102
-1202
-1119
-1099
-1165
-1167
-1058
-998
-1024
-957
-876
-932
-566
-508
-672
-486
-392
-259
-366
-89
22
80
147
272
418
359
730
642
802
1028
1030
997
1109
1301
1250
1270
1244
1374
1287
1334
1260
1129
1140
1169
1141
1014
1053
803
720
697
650
602
439
332
133
5
46
-31
-196
-271
-376
-383
-508
-519
-607
-515
-573
-731
-518
-658
-573
-548
-547
-376
-473
-400
-354
-378
-183
-159
-144
-196
-106
-143
-144
-46
-179
-145
-289
-269
-331
-439
-397
-417
-571
-698
-734
-878
-787
-857
-864
-890
-1125
-1133
-1116
-810
-826
-1045
-1110
-946
-852
-878
-619
-756
-756
-864
-606
-301
-436
-406
-449
-143
-20
204
334
301
372
378
863
1070
1052
1071
874
1108
1331
1427
1517
1302
1282
1308
1404
1525
1378
1297
1160
1120
1194
1154
1102
781
618
634
578
577
312
156
-34
-134
-111
-231
-219
-355
-615
-590
-566
-556
-485
-623
-628
-576
-569
-490
-516
-495
-373
-403
-342
-141
-211
-240
-201
-201
17
-15
-123
-77
-150
-110
-175
-233
-249
-375
-485
-543
-546
-740
-896
-871
-804
-920
-1101
-1097
-1080
-1200
-1143
-1052
-1067
-1191
-1222
-1110
-1010
-885
-1076
-921
-782
-652
-633
-684
-371
-393
-170
7
321
181
61
455
682
1013
898
1011
1075
1033
1391
1517
1616
1549
1339
1423
1614
1727
1575
1361
1397
1324
1291
1289
1259
1085
829
820
836
798
555
292
250
172
115
-17
-142
-240
-402
-465
-407
-251
-438
-544
-451
-457
-331
-376
-312
-352
-391
-258
-280
-184
-155
-190
-198
-88
-75
-110
-13
-19
-12
-139
-172
-117
-244
-333
-310
-442
-538
-700
-900
-737
-844
-875
-1031
-1233
-1092
-1124
-997
-1101
-1144
-1123
-1163
-988
-1041
-857
-1004
-999
-832
-762
-510
-631
-660
-411
-172
-68
68
61
125
292
547
919
881
867
942
940
1327
1558
1534
1455
1382
1503
1593
1770
1643
1543
1507
1411
1490
1363
1395
1169
991
1111
977
881
668
464
437
365
362
145
-41
-153
-288
-275
-325
-205
-409
-623
-504
-578
-428
-419
-461
-390
-485
-404
-427
-366
-256
-332
-279
-237
-215
-313
-272
-225
-337
-234
-303
-397
-514
-607
-562
-598
-589
-752
-983
-1016
-990
-1082
-1022
-1169
-1265
-1408
-1458
-1235
-1255
-1226
-1416
-1436
-1315
-1100
-1082
-1106
-1041
-1072
-894
-794
-458
-381
-393
-228
-145
121
465
589
727
743
977
1185
1206
1496
1524
1634
1603
1612
1780
1738
1769
1717
1708
1772
1638
1566
1482
1459
1377
1173
1187
1102
972
779
654
609
443
419
291
146
67
-102
-110
-165
-134
-123
-330
-331
-313
-328
-308
-257
-188
-257
-260
-246
-250
-133
-80
-87
-183
-85
-80
-192
-111
-88
-202
-349
-384
-425
-431
-517
-712
-749
-794
-945
-1007
-1033
-1002
-1168
-1376
-1296
-1294
-1300
-1301
-1318
-1311
-1386
-1457
-1327
-1174
-1049
-1178
-1213
-1001
-958
-648
-530
-339
-327
-410
-15
284
608
784
741
898
1050
1260
1406
1508
1673
1625
1686
1759
1843
1865
1686
1658
1674
1683
1670
1526
1460
1352
1249
1175
1052
983
853
671
533
504
396
216
129
53
38
-27
-81
-136
-214
-180
-211
-204
-147
-214
-251
-238
-158
-100
-174
-160
-190
-216
-165
-209
-182
-226
-257
-262
-339
-376
-531
-605
-745
-765
-783
-887
-922
-1201
-1140
-1181
-1189
-1121
-1314
-1317
-1428
-1338
-1217
-1205
-1268
-1397
-1426
-1332
-1159
-1048
-1082
-1144
-1109
-946
-533
-434
-307
-340
-289
140
317
742
766
712
863
889
1358
1498
1529
1503
1359
1571
1660
1769
1792
1625
1568
1469
1563
1622
1471
1373
1159
1122
1061
1013
991
767
645
558
527
501
382
316
219
185
224
137
166
65
-24
30
57
126
72
19
-13
-3
56
57
6
-34
-112
-189
-150
-121
-192
-303
-424
-528
-607
-664
-783
-880
-918
-1086
-1227
-1282
-1281
-1310
-1444
-1471
-1491
-1540
-1543
-1593
-1460
-1454
-1538
-1512
-1457
-1294
-1328
-1305
-1140
-1060
-1024
-948
-664
-450
-339
-332
-197
155
280
505
661
701
886
839
1105
1344
1381
1429
1278
1382
1480
1545
1546
1433
1411
1291
1247
1251
1196
1104
921
851
829
759
709
547
474
468
422
392
298
233
135
111
153
188
170
144
107
88
209
232
257
279
292
320
266
295
306
277
237
182
113
44
1
-132
-209
-264
-431
-585
-680
-761
-872
-1101
-1251
-1356
-1486
-1446
-1551
-1643
-1742
-1856
-1850
-1787
-1630
-1728
-1816
-1816
-1703
-1500
-1471
-1375
-1343
-1366
-1200
-945
-612
-447
-499
-409
-104
244
500
720
711
760
909
1071
1439
1527
1443
1352
1274
1518
1593
1562
1518
1324
1233
1181
1232
1202
1028
828
692
690
646
569
393
218
193
144
181
191
88
-14
-83
24
146
154
175
213
136
264
400
426
543
510
542
569
563
660
571
555
595
478
434
348
202
66
-11
-80
-266
-443
-608
-822
-912
-1046
-1171
-1280
-1480
-1550
-1699
-1737
-1750
-1867
-1838
-1868
-1889
-1869
-1905
-1741
-1725
-1685
-1538
-1524
-1273
-1236
-939
-575
-563
-382
-270
50
447
660
856
834
909
1074
1266
1534
1629
1588
1364
1371
1575
1567
1583
1465
1290
1165
1048
1092
995
837
688
488
461
386
259
95
6
26
-68
-87
-113
-216
-231
-218
-122
-74
-54
-1
25
229
258
382
496
533
828
805
916
957
871
1054
999
1057
1045
796
757
618
566
493
290
89
-199
-306
-452
-575
-830
-1077
-1193
-1438
-1405
-1522
-1727
-1816
-2029
-1932
-1930
-1930
-1902
-2100
-1989
-1844
-1777
-1640
-1582
-1512
-1413
-1184
-773
-594
-543
-404
-179
244
611
844
921
908
1107
1308
1596
1809
1709
1601
1462
1595
1719
1631
1566
1325
1195
1084
1014
986
746
571
402
328
276
127
-11
-202
-235
-265
-300
-309
-389
-445
-489
-395
-261
-223
-152
-56
27
114
206
403
539
692
830
825
884
915
990
1084
1111
1124
941
799
773
712
646
495
305
61
-150
-249
-431
-623
-859
-1088
-1224
-1363
-1419
-1678
-1848
-1855
-1958
-1813
-1847
-1935
-1977
-2090
-1819
-1691
-1602
-1524
-1613
-1470
-1222
-869
-568
-510
-445
-218
131
579
887
943
961
1058
1317
1595
1751
1788
1575
1443
1533
1640
1686
1519
1332
1126
1010
1002
865
729
491
287
171
72
16
-213
-389
-429
-482
-476
-514
-545
-564
-564
-489
-386
-302
-215
-118
-24
71
196
333
459
676
789
833
853
920
1005
1074
1160
1133
1009
863
807
737
611
488
249
30
-44
-248
-422
-655
-876
-977
-1142
-1173
-1333
-1605
-1703
-1807
-1779
-1714
-1787
-1834
-1954
-1867
-1718
-1630
-1452
-1446
-1338
-1124
-786
-553
-519
-304
-106
265
638
846
984
933
1128
1388
1594
1864
1737
1586
1514
1581
1737
1627
1572
1314
1070
995
914
863
593
396
218
58
36
-154
-328
-461
-545
-533
-588
-588
-665
-773
-695
-583
-503
-434
-416
-329
-202
-51
176
310
432
510
653
840
976
1090
1086
1110
1135
1170
1157
1068
1016
893
732
596
445
260
75
-50
-244
-493
-695
-917
-1043
-1142
-1217
-1401
-1636
-1726
-1793
-1782
-1754
-1752
-1857
-1910
-1824
-1698
-1558
-1478
-1401
-1346
-1152
-759
-525
-434
-311
-118
240
604
914
1043
1004
1126
1355
1620
1860
1874
1709
1549
1570
1704
1703
1604
1382
1101
936
887
859
669
431
205
26
-33
-110
-229
-410
-556
-609
-657
-662
-677
-758
-806
-756
-657
-564
-441
-363
-287
-163
18
229
359
484
614
723
885
994
1043
1089
1070
1084
1082
1052
999
829
678
524
386
270
97
-95
-346
-589
-785
-896
-1019
-1160
-1342
-1558
-1642
-1740
-1747
-1758
-1828
-1831
-1904
-1807
-1710
-1644
-1542
-1534
-1333
-1184
-876
-567
-557
-368
-226
127
547
779
1016
962
1040
1268
1511
1802
1865
1797
1572
1544
1644
1664
1681
1476
1255
985
837
820
661
499
279
39
-105
-215
-329
-486
-604
-661
-739
-764
-769
-821
-847
-825
-718
-604
-510
-375
-346
-243
-62
95
297
402
557
650
720
878
922
998
1027
1034
1016
943
906
772
632
508
345
201
14
-154
-378
-613
-764
-946
-1047
-1201
-1360
-1519
-1677
-1678
-1772
-1803
-1812
-1881
-1838
-1817
-1725
-1632
-1594
-1427
-1291
-1055
-713
-609
-473
-310
-38
354
653
949
1019
1040
1213
1437
1725
1891
1893
1757
1626
1689
1729
1732
1646
1421
1191
979
898
794
616
429
208
25
-125
-254
-404
-529
-610
-687
-740
-804
-839
-872
-821
-708
-668
-571
-511
-413
-241
-90
119
227
340
489
624
805
930
983
1011
1050
1079
1082
1062
979
877
748
629
501
296
103
-85
-248
-426
-643
-856
-1070
-1215
-1347
-1472
-1574
-1727
-1851
-1907
-1949
-1895
-1892
-1891
-1822
-1782
-1635
-1541
-1390
-1177
-984
-697
-496
-291
-117
113
455
718
994
1144
1234
1387
1551
1768
1881
1907
1878
1790
1778
1775
1720
1599
1429
1250
1074
926
773
585
390
216
67
-98
-250
-386
-505
-571
-626
-685
-759
-795
-765
-721
-621
-548
-508
-432
-326
-131
27
173
297
359
500
640
783
897
920
958
945
961
972
925
875
746
631
476
320
188
22
-130
-323
-512
-710
-875
-1011
-1135
-1260
-1417
-1510
-1615
-1663
-1694
-1751
-1758
-1774
-1688
-1619
-1540
-1445
-1386
-1220
-1017
-719
-480
-337
-186
-17
297
638
910
1081
1136
1226
1376
1600
1788
1835
1781
1669
1642
1665
1659
1571
1412
1217
1041
920
788
647
433
250
98
-36
-128
-301
-423
-519
-568
-562
-615
-644
-705
-701
-611
-509
-393
-367
-329
-265
-141
58
193
322
380
422
506
604
744
792
802
769
710
692
640
598
500
366
228
49
-80
-233
-417
-567
-732
-865
-1005
-1158
-1270
-1415
-1486
-1520
-1586
-1594
-1662
-1719
-1695
-1652
-1524
-1453
-1402
-1308
-1232
-1013
-763
-536
-345
-239
-24
231
518
812
938
1040
1129
1268
1490
1603
1685
1617
1510
1525
1511
1542
1444
1265
1097
891
831
730
579
422
184
66
-39
-134
-210
-376
-443
-487
-504
-459
-522
-545
-565
-512
-345
-265
-171
-157
-166
-33
94
299
441
464
494
482
596
715
783
820
733
676
618
572
537
418
292
125
4
-102
-282
-452
-667
-808
-872
-956
-1054
-1252
-1413
-1509
-1519
-1430
-1435
-1512
-1620
-1674
-1575
-1423
-1257
-1193
-1216
-1156
-1021
-722
-437
-237
-114
-50
211
486
787
1015
1049
1134
1207
1385
1572
1602
1592
1464
1411
1436
1431
1404
1232
1069
908
808
767
635
493
288
147
65
-14
-84
-230
-316
-372
-375
-347
-386
-400
-432
-357
-238
-165
-62
-79
-28
71
166
339
373
440
471
484
617
634
682
670
617
638
577
562
447
298
217
83
33
-92
-270
-469
-669
-741
-806
-857
-977
-1161
-1311
-1385
-1363
-1321
-1316
-1393
-1489
-1521
-1464
-1321
-1214
-1151
-1129
-1134
-990
-839
-597
-374
-285
-108
-50
178
444
638
882
906
1009
1086
1170
1350
1356
1407
1343
1263
1283
1198
1204
1084
963
895
746
719
579
452
349
200
178
90
30
-56
-170
-186
-211
-160
-146
-159
-135
-129
-51
27
111
178
220
285
332
397
445
492
544
577
615
608
580
554
532
534
512
431
309
153
29
-37
-110
-198
-365
-575
-728
-841
-859
-899
-1014
-1147
-1320
-1361
-1358
-1325
-1304
-1410
-1450
-1493
-1441
-1305
-1246
-1172
-1165
-1115
-976
-859
-633
-474
-380
-191
-104
90
299
458
667
725
841
932
963
1109
1147
1190
1181
1102
1081
995
996
950
846
787
624
546
464
393
364
231
174
93
27
32
-17
-23
-53
-72
-53
-50
-2
32
44
85
134
191
263
312
347
379
405
456
502
531
543
498
458
447
422
413
355
245
124
-10
-83
-145
-215
-324
-513
-667
-771
-830
-856
-929
-1027
-1172
-1270
-1279
-1294
-1238
-1267
-1333
-1346
-1364
-1279
-1231
-1150
-1079
-1064
-980
-925
-815
-698
-540
-385
-288
-118
-49
78
273
438
642
701
770
808
843
997
1061
1111
1068
988
939
899
968
924
854
758
622
594
526
530
470
366
336
242
253
226
200
209
153
207
195
203
235
205
277
287
343
380
341
393
378
425
465
458
485
427
419
397
360
373
316
267
173
65
-20
-121
-163
-239
-358
-492
-637
-726
-784
-808
-870
-980
-1079
-1166
-1174
-1160
-1148
-1166
-1239
-1237
-1226
-1171
-1099
-1075
-1023
-1000
-917
-832
-762
-656
-583
-425
-308
-165
-28
11
190
327
501
665
688
762
760
847
985
999
1026
936
858
841
844
897
817
740
633
540
566
548
550
473
390
369
320
371
383
364
358
345
388
387
443
467
445
498
497
519
516
511
522
489
529
520
471
450
399
368
338
316
247
136
57
-54
-134
-202
-277
-394
-549
-640
-757
-811
-834
-918
-985
-1088
-1132
-1165
-1179
-1131
-1177
-1200
-1205
-1210
-1156
-1117
-1047
-1031
-989
-904
-870
-777
-712
-621
-517
-411
-265
-217
-105
6
102
291
404
512
546
567
671
711
818
851
789
750
679
694
691
685
659
534
492
449
454
474
440
443
375
377
418
412
463
453
479
504
495
554
527
547
585
591
618
581
578
537
516
573
552
524
464
390
346
321
350
279
168
60
-83
-150
-187
-227
-362
-540
-655
-786
-816
-803
-880
-982
-1103
-1153
-1161
-1132
-1058
-1112
-1168
-1172
-1167
-1094
-1023
-957
-973
-966
-884
-840
-732
-637
-572
-497
-421
-285
-208
-104
41
107
237
351
420
494
540
633
675
714
759
701
677
670
652
645
602
562
474
424
439
407
405
390
359
353
365
422
424
433
477
473
516
558
578
578
558
597
603
625
649
584
550
554
580
601
579
534
435
370
384
377
339
240
86
-46
-108
-115
-167
-288
-450
-619
-704
-705
-715
-789
-924
-1054
-1118
-1099
-1051
-1051
-1118
-1194
-1215
-1170
-1075
-1021
-1029
-1048
-1043
-963
-863
-772
-726
-711
-645
-543
-402
-278
-202
-119
-35
107
236
332
408
423
493
573
637
674
633
608
586
604
647
607
565
487
436
467
490
513
475
417
406
420
493
533
536
527
502
533
577
628
635
596
587
576
600
622
599
579
548
545
547
534
518
456
417
402
377
333
254
156
60
18
-13
-89
-200
-331
-428
-484
-499
-539
-657
-760
-847
-883
-855
-855
-902
-990
-1041
-1030
-989
-927
-921
-966
-979
-945
-860
-777
-715
-706
-698
-608
-504
-381
-281
-228
-167
-83
65
187
270
334
348
412
503
567
600
578
557
541
564
596
566
530
481
450
470
495
495
470
456
460
483
541
556
539
545
569
602
614
626
590
567
601
608
603
582
538
494
493
524
502
445
403
338
308
327
298
216
121
47
-18
-35
-47
-148
-272
-357
-415
-455
-476
-538
-665
-755
-786
-810
-811
-823
-894
-967
-967
-931
-910
-885
-887
-921
-913
-844
-792
-764
-724
-714
-689
-609
-526
-473
-418
-347
-285
-200
-93
-27
14
80
150
215
281
325
323
334
378
401
424
433
403
384
393
418
423
422
414
386
394
426
439
448
453
451
455
489
515
505
502
499
489
500
508
481
444
428
408
387
377
345
281
238
220
184
148
111
41
-22
-48
-71
-119
-171
-224
-294
-329
-348
-394
-454
-508
-558
-599
-603
-619
-667
-705
-731
-741
-727
-705
-707
-723
-714
-689
-658
-609
-580
-573
-541
-497
-437
-381
-331
-288
-251
-181
-113
-54
6
40
72
123
178
223
248
268
279
300
337
355
361
360
356
358
376
393
388
383
387
388
405
431
445
451
459
473
484
505
523
521
519
523
523
515
513
502
474
455
433
399
373
346
310
272
237
190
133
94
59
15
-22
-71
-122
-158
-193
-228
-265
-311
-358
-396
-423
-449
-478
-508
-531
-554
-564
-565
-571
-567
-560
-556
-536
-515
-490
-468
-448
-416
-391
-361
-326
-299
-260
-226
-192
-156
-117
-76
-42
-7
30
61
93
133
168
186
206
224
239
259
271
274
268
261
259
256
257
256
242
228
228
236
248
261
270
273
283
303
328
349
365
373
377
388
401
405
403
399
382
366
353
336
312
283
252
215
180
141
100
63
34
-4
-47
-85
-123
-163
-198
-234
-277
-317
-358
-391
-418
-445
-472
-510
-529
-544
-552
-553
-553
-547
-537
-517
-497
-471
-439
-411
-378
-336
-299
-263
-223
-185
-144
-101
-55
-22
5
38
73
106
143
170
182
198
213
225
241
250
248
238
228
219
205
195
184
166
149
141
132
128
126
124
130
143
159
169
184
206
225
248
273
293
306
318
324
332
342
347
340
325
312
291
267
249
222
183
143
101
58
20
-13
-56
-100
-131
-173
-213
-244
-276
-313
-345
-370
-400
-425
-444
-465
-480
-478
-477
-484
-480
-472
-460
-433
-401
-376
-356
-331
-304
-268
-225
-188
-162
-132
-97
-63
-24
8
31
50
71
91
115
126
132
132
136
148
146
145
133
119
113
111
107
98
87
69
63
63
67
67
64
67
74
92
115
136
155
174
195
221
249
273
293
304
318
329
335
336
329
320
310
301
290
272
250
221
195
169
143
111
71
30
-6
-38
-65
-99
-136
-174
-206
-234
-257
-286
-317
-340
-361
-366
-371
-376
-385
-391
-384
-370
-350
-327
-306
-284
-253
-216
-177
-140
-112
-85
-59
-29
-2
20
36
47
61
71
79
78
74
67
63
61
57
53
43
30
21
16
11
5
-6
-21
-28
-32
-28
-27
-21
-19
-19
-12
-1
15
32
52
70
93
118
141
167
195
220
241
261
280
297
307
318
325
331
330
324
313
299
285
264
246
220
190
150
113
77
36
-1
-45
-83
-123
-156
-180
-204
-224
-244
-258
-268
-276
-282
-284
-278
-271
-262
-253
-236
-222
-205
-181
-159
-134
-116
-98
-79
-57
-38
-22
-9
1
10
9
14
18
18
13
10
6
-1
-7
-17
-27
-43
-54
-68
-82
-94
-110
-125
-132
-137
-138
-140
-141
-136
-125
-112
-95
-74
-52
-29
-6
21
53
85
115
142
170
197
222
247
267
286
300
310
319
326
327
326
319
310
301
288
271
252
232
212
188
163
138
109
76
48
20
-8
-35
-61
-84
-107
-126
-142
-154
-162
-170
-175
-175
-170
-167
-162
-150
-140
-128
-118
-107
-96
-85
-71
-59
-47
-37
-34
-29
-24
-19
-17
-17
-20
-25
-32
-36
-46
-56
-66
-83
-98
-114
-130
-145
-162
-178
-193
-205
-215
-224
-228
-226
-224
-218
-207
-193
-181
-161
-136
-110
-80
-52
-24
6
40
72
103
134
161
182
203
226
245
262
270
276
280
281
283
280
278
269
257
245
233
218
201
180
157
138
115
92
68
48
28
7
-7
-23
-41
-51
-59
-63
-64
-64
-65
-61
-53
-42
-34
-21
-12
-8
2
11
16
20
22
20
16
12
4
-3
-15
-26
-41
-55
-70
-84
-100
-118
-136
-157
-176
-196
-217
-234
-251
-268
-282
-293
-301
-307
-308
-306
-300
-292
-278
-263
-242
-217
-192
-161
-130
-99
-71
-36
-1
34
66
97
126
151
175
198
219
231
243
252
258
264
267
265
265
260
254
248
239
228
219
209
196
183
173
158
146
137
127
116
106
100
91
86
85
84
84
85
84
82
83
84
84
84
82
80
75
70
63
55
44
30
14
-1
-18
-38
-57
-79
-100
-119
-141
-163
-187
-207
-227
-244
-259
-276
-292
-305
-314
-321
-325
-329
-330
-330
-324
-316
-307
-295
-279
-261
-243
-221
-196
-172
-146
-119
-90
-61
-32
-6
20
47
70
94
115
134
151
165
177
192
204
211
219
224
231
235
237
241
239
240
240
240
238
237
234
229
227
224
223
217
214
208
202
198
193
186
180
177
171
166
158
150
141
131
123
110
96
80
64
48
30
15
-2
-21
-41
-65
-87
-106
-127
-147
-167
-188
-206
-224
-240
-253
-268
-282
-297
-308
-316
-323
-330
-334
-336
-336
-336
-334
-328
-322
-313
-300
-287
-268
-252
-234
-212
-190
-169
-147
-123
-98
-73
-50
-25
-2
23
45
68
90
110
130
149
171
189
206
221
234
247
258
268
277
285
290
295
299
302
301
302
302
299
295
291
285
278
271
263
254
244
232
219
204
190
174
158
143
125
107
88
68
48
27
5
-17
-39
-58
-81
-103
-125
-144
-165
-186
-207
-226
-243
-261
-276
-291
-304
-316
-329
-337
-343
-348
-354
-355
-354
-353
-345
-338
-328
-318
-304
-291
-276
-258
-239
-219
-198
-175
-154
-128
-106
-82
-60
-36
-12
11
36
58
80
102
123
142
157
173
188
203
215
227
239
246
255
262
267
274
275
276
274
271
270
268
265
259
252
244
234
225
215
204
193
180
167
155
142
130
115
101
85
69
55
40
25
9
-7
-20
-34
-50
-65
-80
-96
-111
-124
-136
-147
-159
-169
-179
-186
-195
-202
-207
-211
-216
-218
-219
-218
-217
-216
-211
-204
-196
-186
-178
-167
-155
-143
-131
-117
-105
-94
-78
-63
-49
-33
-19
-5
7
20
31
45
56
68
78
87
97
102
109
114
116
120
125
125
125
126
126
126
124
123
120
115
114
109
103
99
92
87
84
79
76
72
67
61
57
54
49
42
38
32
29
25
22
18
12
8
4
0
-6
-10
-15
-20
-26
-30
-33
-38
-42
-47
-50
-53
-56
-59
-62
-66
-68
-69
-69
-70
-70
-71
-72
-71
-70
-68
-66
-63
-62
-59
-55
-50
-47
-42
-38
-32
-28
-23
-17
-14
-9
-5
-1
4
8
13
17
20
26
29
32
34
38
40
42
46
46
47
48
48
50
49
49
49
49
51
49
49
47
46
43
42
41
39
36
34
30
29
27
25
22
19
17
15
13
13
11
8
4
2
0
-3
-6
-9
-11
-15
-17
-20
-21
-25
-28
-28
-31
-31
-32
-34
-34
-34
-38
-37
-37
-41
-43
-45
-43
-45
-46
-44
-45
-41
-41
-38
-37
-34
-33
-30
-27
-25
-23
-22
-19
-16
-13
-10
-8
-6
-3
-2
1
5
8
12
13
17
20
23
25
27
29
30
31
33
34
35
35
34
36
38
37
37
35
34
33
32
30
28
25
25
23
24
22
18
18
15
11
10
7
5
3
0
-1
-2
-4
-8
-12
-15
-17
-19
-20
-23
-24
-25
-27
-26
-27
-29
-29
-30
-29
-31
-31
-34
-34
-34
-33
-34
-34
-33
-33
-30
-29
-28
-27
-26
-25
-23
-21
-20
-17
-16
-14
-11
-7
-6
-3
0
1
2
5
7
9
12
14
16
19
22
23
24
25
27
26
28
29
30
30
30
32
33
34
34
32
32
32
31
30
29
27
24
24
22
21
20
20
18
15
13
11
10
7
7
3
1
-1
-3
-4
-6
-7
-9
-12
-14
-14
-17
-17
-18
-18
-20
-22
-24
-25
-25
-27
-28
-26
-27
-27
-27
-27
-25
-26
-25
-24
-25
-24
-23
-20
-20
-19
-19
-18
-16
-13
-11
-10
-7
-6
-4
-2
1
4
4
7
9
11
13
14
16
19
19
22
22
25
26
26
28
27
27
27
27
27
26
25
23
25
25
24
24
26
23
21
19
19
17
15
15
12
11
9
9
7
6
5
5
3
2
1
0
-2
-3
-5
-6
-7
-8
-11
-11
-11
-12
-15
-16
-18
-20
-19
-23
-23
-24
-24
-25
-27
-26
-27
-28
-28
-28
-25
-26
-25
-24
-24
-22
-19
-17
-16
-13
-12
-11
-9
-6
-4
-3
-2
-2
0
4
5
7
9
8
10
11
12
13
12
13
12
13
12
14
15
15
14
15
15
15
14
13
13
12
12
12
12
12
13
11
12
9
9
7
6
6
5
5
4
5
4
4
3
2
1
-1
-1
-1
-3
-4
-4
-5
-6
-7
-7
-9
-9
-8
-10
-9
-11
-13
-13
-13
-14
-15
-15
-15
-15
-15
-14
-13
-12
-12
-10
-9
-10
-9
-9
-8
-6
-5
-5
-2
-3
0
0
1
2
4
3
3
4
5
7
8
8
10
10
12
12
12
14
14
14
14
14
16
14
14
13
15
12
12
12
9
11
10
10
11
9
9
7
5
4
4
3
3
1
1
-1
-3
-3
-3
-4
-6
-7
-9
-9
-8
-11
-11
-11
-12
-13
-13
-14
-15
-14
-12
-12
-12
-12
-12
-12
-11
-11
-12
-11
-12
-11
-10
-10
-9
-9
-9
-9
-10
-10
-8
-7
-5
-4
-3
-3
-2
-2
-1
-1
2
2
4
4
7
9
9
8
9
9
9
12
9
11
12
12
14
15
16
16
15
16
16
16
17
17
15
15
15
16
14
13
12
10
9
9
8
7
6
5
6
4
4
2
0
0
-1
-3
-4
-3
-3
-4
-4
-4
-5
-6
-7
-8
-8
-8
-8
-9
-9
-8
-9
-8
-10
-10
-8
-9
-8
-8
-8
-8
-7
-7
-7
-6
-6
-7
-7
-6
-7
-5
-6
-7
-5
-5
-3
-1
0
0
1
2
2
3
2
4
5
3
3
4
4
5
6
6
7
7
7
8
8
9
7
6
5
7
5
5
4
4
5
4
2
3
2
1
0
2
1
-1
-2
-3
-2
-3
-3
-3
-5
-6
-6
-6
-4
-5
-6
-6
-4
-6
-4
-5
-5
-5
-6
-5
-3
-3
-2
-4
-4
-4
-4
-4
-5
-4
-5
-5
-5
-5
-4
-5
-5
-6
-5
-5
-4
-5
-5
-3
-5
-3
-2
-2
-1
-2
-3
-4
-2
-2
-2
-2
0
0
0
2
1
5
5
4
5
3
6
7
6
4
5
5
5
4
5
3
3
4
4
4
5
4
1
2
2
2
2
1
0
-1
-2
-2
1
-1
-2
-4
-4
-3
-3
-1
-3
-4
-4
-5
-4
-6
-5
-4
-4
-3
-2
-3
-3
-1
-2
-1
-1
-1
-1
-1
-1
-1
-1
-1
0
0
0
0
-1
0
1
1
0
-1
0
0
0
1
2
3
3
1
3
4
4
5
3
2
3
2
3
5
5
6
6
5
5
5
5
4
4
4
1
3
3
2
4
2
3
2
1
2
1
2
1
0
0
1
0
0
1
0
0
0
2
0
1
2
2
2
3
3
4
2
2
3
3
3
3
2
2
2
1
1
1
1
1
1
-1
0
0
0
-1
-1
-1
-1
0
-1
0
-1
1
0
1
1
-1
0
-1
0
2
2
1
1
2
0
1
1
1
2
1
1
-1
1
0
0
-2
-2
-3
-2
0
-2
-1
-1
-1
-1
0
0
-1
-2
-4
-5
-6
-6
-6
-7
-6
-7
-6
-4
-3
-4
-5
-5
-4
-4
-3
-2
-3
-3
-2
-3
-3
0
-2
-2
1
0
1
1
1
3
3
2
1
0
0
0
0
0
-1
0
-1
0
1
1
0
1
3
1
3
2
2
2
1
1
0
1
1
0
2
1
1
1
3
1
1
4
2
2
3
1
1
1
1
0
1
2
1
0
0
1
0
1
-1
0
-2
-3
-1
-2
-2
-2
-2
-1
-1
-1
0
0
-2
-1
0
0
-1
-2
-2
-4
-3
-3
-2
-2
-2
-1
-2
0
0
-1
2
2
3
3
3
2
3
2
2
4
2
2
3
2
3
4
5
5
3
3
3
3
4
3
4
5
4
7
6
6
7
6
7
7
7
8
7
7
6
5
4
4
2
2
1
1
-1
-1
-3
-5
-4
-4
-5
-4
-6
-6
-6
-7
-5
-5
-7
-7
-8
-9
-7
-8
-7
-6
-6
-6
-6
-5
-6
-5
-6
-4
-4
-5
-4
-5
-3
-3
-3
-4
-4
-5
-4
-4
-3
-4
-4
-4
-2
-1
-1
-2
-3
-2
-1
0
1
2
1
2
3
4
4
3
4
4
4
5
4
5
5
6
6
7
7
7
5
4
4
5
4
4
2
2
1
-2
-1
0
-2
-2
-2
-3
-4
-3
-4
-5
-4
-4
-5
-5
-6
-7
-7
-7
-6
-6
-7
-5
-4
-4
-4
-3
-3
-2
-3
-2
0
-1
1
0
0
1
0
0
1
-1
0
1
1
1
2
2
0
0
1
2
2
2
3
3
3
3
4
4
5
6
6
6
7
5
6
5
6
8
8
7
7
6
6
7
8
8
6
5
6
7
7
4
5
5
4
3
3
1
3
2
0
1
-1
0
-2
-2
-3
-2
-2
-3
-1
-2
-4
-6
-4
-4
-5
-4
-4
-4
-3
-3
-2
-2
-1
-1
0
-1
-1
-2
-1
-1
-2
-1
-2
-3
-2
-2
-2
-4
-5
-5
-2
-2
-2
-2
-3
-3
-3
-3
-3
-1
-2
-2
-2
-2
1
2
3
2
1
4
6
5
6
5
7
7
8
8
7
6
7
7
8
7
6
5
3
6
4
4
3
2
3
3
3
3
2
2
1
2
0
-2
-1
-3
-1
-1
-2
-1
-2
-2
-1
0
2
1
1
0
1
1
1
-1
-2
0
-2
-4
-3
-5
-5
-6
-7
-6
-6
-6
-7
-7
-8
-7
-8
-9
-8
-7
-8
-6
-7
-7
-7
-3
-4
-3
-2
-3
-2
-1
-1
-2
-2
0
2
3
3
5
7
7
6
5
5
6
6
8
8
6
6
7
5
5
4
1
1
1
1
-1
0
0
-1
-3
-1
-1
-3
-2
-3
-4
-4
-3
-2
-2
-3
-1
-3
-3
-3
-5
-4
-4
-3
-2
-1
-3
-2
-1
-2
-2
-3
-4
-4
-5
-3
-4
-2
-3
-4
-4
-3
-5
-5
-5
-7
-4
-4
-5
-3
-3
-3
-2
-2
-4
-3
-4
-3
-2
-2
-2
-1
-1
0
2
2
4
2
3
3
2
3
4
2
3
4
2
4
4
4
3
3
4
2
2
2
3
2
3
1
3
4
2
2
1
0
1
0
3
4
4
7
8
6
5
6
6
8
8
6
6
7
6
6
6
5
4
5
4
3
4
3
2
1
1
1
-1
-2
-2
-2
-1
-3
-4
-5
-6
-6
-6
-6
-6
-8
-9
-10
-9
-10
-11
-13
-12
-12
-12
-10
-12
-14
-15
-17
-17
-18
-20
-23
-25
-27
-28
-29
-31
-35
-37
-39
-42
-43
-44
-48
-47
-47
-46
-44
-40
-39
-38
-32
-30
-24
-21
-15
-10
-4
4
9
15
20
24
31
36
42
48
52
60
66
71
75
79
85
87
91
96
97
101
101
101
100
101
101
98
95
93
91
88
85
81
78
76
72
71
66
63
60
58
56
54
50
48
47
45
42
39
34
29
23
17
11
3
-7
-16
-27
-39
-54
-65
-77
-93
-109
-125
-141
-159
-178
-195
-213
-228
-243
-259
-273
-286
-301
-314
-322
-330
-335
-341
-344
-344
-340
-333
-327
-318
-308
-292
-276
-256
-234
-210
-186
-159
-129
-99
-67
-32
3
36
72
109
147
185
220
258
293
330
366
399
433
465
496
524
549
572
591
609
624
635
641
641
639
633
624
610
591
571
546
518
488
454
419
382
340
299
257
213
172
129
85
40
-3
-46
-87
-129
-170
-211
-248
-286
-325
-358
-390
-420
-451
-478
-502
-527
-547
-567
-581
-594
-607
-618
-628
-635
-644
-652
-657
-666
-674
-682
-688
-695
-703
-710
-718
-720
-726
-721
-716
-704
-686
-665
-634
-598
-550
-492
-430
-358
-278
-191
-98
2
105
210
316
423
528
632
732
823
909
985
1051
1108
1151
1186
1207
1217
1216
1205
1183
1149
1110
1057
998
931
857
780
700
614
524
434
344
253
167
80
-2
-80
-151
-217
-275
-322
-364
-399
-423
-437
-443
-437
-427
-408
-385
-355
-317
-281
-243
-208
-175
-140
-113
-91
-75
-67
-67
-76
-91
-114
-145
-182
-224
-271
-320
-370
-424
-479
-530
-580
-629
-670
-706
-738
-764
-784
-796
-804
-805
-799
-790
-773
-752
-722
-689
-651
-610
-563
-511
-453
-394
-330
-258
-181
-103
-19
64
149
238
322
413
499
582
661
732
805
869
927
977
1020
1055
1079
1097
1105
1106
1096
1078
1056
1025
988
943
894
835
775
713
645
578
502
425
350
275
201
124
47
-23
-91
-156
-217
-269
-318
-360
-392
-417
-436
-445
-450
-446
-436
-420
-397
-371
-343
-313
-284
-254
-220
-192
-165
-145
-127
-112
-105
-101
-107
-113
-127
-147
-168
-194
-224
-259
-291
-326
-362
-402
-440
-474
-509
-541
-573
-601
-625
-649
-666
-678
-684
-688
-690
-683
-672
-654
-630
-596
-559
-510
-455
-394
-323
-250
-168
-82
8
106
201
294
387
482
577
666
748
822
890
951
1004
1049
1085
1106
1118
1123
1124
1112
1090
1059
1021
974
923
865
801
732
654
575
500
420
338
251
167
81
0
-77
-153
-224
-293
-360
-418
-465
-510
-550
-582
-602
-615
-618
-615
-608
-596
-580
-552
-522
-486
-454
-423
-387
-352
-315
-284
-253
-231
-209
-193
-179
-161
-162
-164
-174
-178
-180
-198
-215
-244
-265
-292
-321
-339
-366
-395
-433
-456
-477
-498
-520
-545
-554
-565
-566
-565
-557
-545
-529
-501
-457
-401
-355
-304
-243
-162
-72
18
110
203
293
389
491
602
694
773
847
922
996
1052
1098
1130
1145
1155
1155
1151
1134
1095
1040
986
930
865
790
702
619
525
434
345
257
168
79
-1
-77
-143
-211
-274
-326
-377
-419
-449
-477
-507
-521
-534
-530
-537
-527
-515
-498
-478
-460
-422
-407
-369
-350
-306
-275
-251
-217
-198
-156
-147
-121
-100
-88
-78
-76
-62
-59
-74
-79
-92
-96
-121
-135
-145
-183
-192
-235
-226
-255
-291
-313
-350
-349
-383
-390
-413
-435
-453
-462
-454
-465
-462
-464
-446
-415
-382
-342
-318
-267
-208
-123
-37
35
115
183
272
369
464
570
647
706
787
857
938
983
1010
1039
1047
1068
1060
1057
1013
943
891
820
773
675
576
480
372
281
181
94
1
-99
-187
-243
-293
-350
-407
-441
-454
-474
-493
-467
-464
-482
-457
-426
-365
-359
-333
-286
-250
-191
-178
-96
-77
-39
-10
18
90
70
115
96
139
134
147
130
114
111
71
87
4
20
-56
-61
-147
-160
-193
-260
-294
-384
-331
-455
-438
-552
-518
-584
-608
-626
-667
-641
-744
-682
-740
-659
-713
-691
-654
-644
-562
-523
-436
-429
-346
-259
-114
-21
56
162
246
366
473
596
694
749
805
884
979
1039
1066
1071
1060
1068
1066
1054
1023
940
863
808
741
680
577
467
368
273
196
115
49
-52
-133
-196
-232
-258
-322
-351
-381
-404
-393
-379
-376
-370
-384
-339
-293
-268
-232
-218
-195
-138
-101
-60
-28
-36
-10
22
48
47
63
42
26
8
4
56
-49
-72
-97
-67
-163
-189
-193
-243
-307
-378
-307
-342
-398
-472
-484
-440
-449
-509
-498
-487
-510
-538
-478
-469
-471
-530
-510
-429
-489
-357
-430
-403
-391
-356
-193
-160
-114
-154
-32
67
234
305
340
491
462
626
728
863
932
877
985
1034
1139
1121
1134
1126
1054
1087
1040
1021
942
806
711
655
587
473
335
187
109
25
-87
-167
-289
-361
-447
-486
-480
-572
-623
-710
-603
-607
-567
-648
-603
-552
-545
-401
-469
-346
-317
-325
-282
-124
-71
-96
-156
-39
74
49
64
110
112
43
120
108
173
138
60
-21
16
133
-46
-68
-196
-101
-98
-292
-231
-251
-366
-393
-338
-408
-361
-571
-367
-423
-541
-393
-457
-402
-574
-398
-399
-291
-444
-393
-321
-327
-174
-185
26
-175
-27
36
218
368
186
443
409
534
584
654
808
750
732
768
909
908
839
801
810
825
756
698
700
633
484
432
409
362
194
73
87
-12
-71
-200
-250
-270
-351
-380
-422
-479
-465
-463
-468
-434
-476
-386
-425
-364
-313
-165
-170
-299
-98
-31
123
39
-12
149
224
273
161
197
298
343
184
222
324
233
243
69
207
149
30
129
-38
-198
33
-111
-300
-210
-312
-116
-487
-591
-286
-416
-424
-602
-631
-500
-573
-668
-607
-637
-524
-862
-667
-597
-605
-524
-828
-426
-717
-378
-169
-373
-291
-425
44
116
168
179
315
311
423
609
704
803
629
750
840
1003
940
861
910
846
880
820
841
744
585
545
507
485
384
196
67
74
27
-81
-200
-267
-272
-386
-471
-436
-332
-569
-661
-405
-412
-493
-494
-419
-260
-226
-220
-110
-148
84
166
133
241
322
423
337
410
564
593
394
356
507
619
466
76
425
420
261
-92
-28
415
-107
-439
-295
-34
-207
-635
-728
-278
-419
-820
-924
-640
-453
-782
-1123
-811
-580
-844
-932
-887
-561
-963
-759
-760
-534
-555
-878
-456
-381
-17
-323
-326
-13
169
400
303
506
594
501
751
877
1077
1093
896
1031
1125
1267
1213
1139
1065
1087
1109
1008
994
878
711
628
608
608
429
187
70
68
29
-59
-223
-339
-413
-481
-455
-545
-585
-583
-709
-638
-516
-552
-630
-645
-300
-263
-295
-235
-71
-98
15
259
148
384
269
329
361
475
601
310
361
379
506
352
202
353
51
64
-96
192
-117
-362
-373
-480
-201
-627
-743
-782
-633
-757
-803
-1297
-704
-989
-1049
-908
-1391
-693
-1183
-1000
-1074
-958
-804
-1060
-900
-811
-517
-484
-425
-454
-279
-102
147
337
391
612
573
721
993
1063
1274
1194
1290
1483
1437
1416
1339
1571
1465
1417
1373
1216
1232
1031
998
973
788
619
483
314
265
100
-107
-212
-339
-364
-511
-707
-741
-773
-832
-824
-826
-807
-883
-856
-858
-611
-532
-606
-462
-375
-61
-113
4
75
209
424
375
583
585
601
530
528
707
717
457
400
478
399
265
39
208
37
-104
-421
-194
-202
-569
-674
-931
-437
-837
-1151
-1132
-943
-764
-1326
-1366
-1120
-895
-1230
-1348
-897
-883
-996
-1273
-819
-571
-801
-543
-534
-94
-364
-317
317
446
603
513
593
1080
1136
1199
1426
1479
1618
1440
1596
1724
1678
1660
1452
1594
1468
1315
1338
1047
1014
872
700
704
379
228
118
-68
-145
-379
-417
-548
-793
-789
-868
-907
-1065
-1110
-970
-1049
-1073
-1083
-1010
-849
-777
-720
-516
-502
-410
-234
-87
291
173
248
351
428
584
551
736
588
576
390
565
575
369
437
90
206
110
-119
-172
-119
-411
-555
-677
-564
-459
-1049
-1154
-1022
-837
-1146
-1005
-1305
-987
-1288
-1539
-928
-1157
-778
-1505
-1195
-932
-907
-865
-799
-135
-511
-468
-404
237
702
390
585
761
992
1219
1239
1538
1652
1564
1620
1730
2006
1885
1807
1706
1745
1894
1588
1530
1458
1250
1176
960
910
716
394
321
197
58
-208
-413
-488
-640
-770
-877
-1031
-1119
-1260
-1213
-1196
-1277
-1268
-1230
-1111
-1020
-908
-706
-743
-496
-449
-172
164
71
284
121
453
638
716
748
675
674
559
820
686
671
400
347
273
195
115
-79
-235
-490
-333
-563
-707
-816
-1016
-967
-1081
-1037
-1160
-1570
-1259
-1352
-1151
-1315
-1540
-1405
-1472
-1119
-1203
-1220
-1145
-607
-651
-673
-438
-316
285
269
563
851
659
972
1174
1457
1817
1754
1703
1719
1917
2009
2016
2039
1943
1970
1761
1636
1684
1449
1259
1098
1050
1075
617
214
180
163
67
-257
-410
-545
-811
-945
-1017
-948
-1120
-1319
-1316
-1306
-1298
-1230
-1171
-1052
-917
-812
-716
-552
-332
-259
-90
156
365
384
271
495
681
708
745
738
834
596
562
668
631
429
148
312
132
-6
-262
-379
-382
-646
-740
-820
-576
-1167
-1313
-1197
-1203
-909
-1535
-1425
-1425
-1546
-1317
-1442
-1266
-1419
-1537
-1560
-1030
-408
-792
-1097
-802
-390
305
276
292
689
398
898
1334
1517
1706
1374
1590
1951
2131
2102
1817
1946
1941
2060
2028
1735
1721
1362
1362
1426
1228
1022
627
378
454
394
145
-135
-374
-485
-618
-664
-791
-987
-1165
-1275
-1111
-1182
-1267
-1198
-1266
-1067
-974
-887
-693
-723
-502
-371
-207
8
41
166
191
394
480
567
566
504
696
596
492
498
461
345
188
