2
12
20
27
31
32
32
33
32
33
34
32
34
35
35
35
35
34
34
34
35
36
38
41
43
47
51
52
51
49
46
42
37
32
26
20
15
13
12
11
8
6
3
1
1
-1
-2
-5
-6
-9
-12
-14
-21
-29
-39
-49
-57
-64
-69
-73
-78
-80
-83
-84
-83
-83
-82
-80
-74
-67
-59
-51
-42
-35
-27
-21
-15
-9
-6
-3
-1
0
-2
2
3
5
6
6
9
11
15
16
18
22
25
27
30
35
37
38
38
38
39
40
41
43
43
43
42
41
40
40
39
37
36
36
37
40
38
36
32
28
26
25
21
18
15
10
6
4
1
-3
-9
-16
-21
-24
-24
-26
-30
-35
-38
-43
-45
-48
-50
-54
-55
-57
-56
-51
-48
-45
-44
-44
-43
-43
-41
-39
-39
-36
-31
-25
-19
-12
-10
-8
-8
-10
-7
-7
-2
1
4
9
14
17
19
23
22
22
24
25
31
37
44
47
52
56
58
57
53
54
52
52
52
54
60
63
65
63
62
56
50
47
42
40
39
37
34
31
29
25
19
13
9
4
-1
-3
-9
-14
-17
-22
-25
-31
-35
-36
-39
-42
-42
-42
-42
-43
-44
-44
-44
-44
-45
-46
-46
-45
-45
-45
-44
-43
-44
-44
-46
-42
-39
-34
-28
-25
-21
-14
-10
-7
-6
-6
-5
-1
3
10
13
19
23
24
24
25
25
24
23
23
28
35
39
41
45
45
45
44
42
39
35
35
34
34
38
38
38
34
30
26
22
19
15
14
13
11
8
7
4
0
-4
-10
-13
-14
-16
-18
-22
-25
-28
-29
-34
-37
-41
-43
-48
-50
-52
-51
-52
-54
-56
-59
-59
-61
-63
-64
-65
-64
-62
-59
-56
-53
-51
-49
-47
-46
-44
-41
-38
-35
-34
-28
-20
-13
-5
1
9
20
25
32
38
46
51
55
60
64
71
75
78
82
84
87
86
88
88
86
85
80
74
71
69
65
61
58
53
48
44
37
32
25
18
10
6
1
-5
-8
-11
-15
-19
-23
-25
-30
-32
-36
-40
-41
-42
-44
-44
-44
-45
-45
-45
-47
-47
-48
-47
-43
-41
-38
-36
-35
-34
-35
-34
-33
-31
-30
-27
-24
-19
-14
-13
-13
-16
-16
-14
-14
-13
-13
-11
-9
-9
-8
-5
-5
-5
-7
-6
-2
-1
0
0
-1
0
1
1
3
5
5
8
13
17
23
25
29
32
32
34
34
37
37
37
39
42
45
48
51
51
49
49
47
45
44
42
38
34
33
30
28
27
20
15
9
6
1
-4
-7
-14
-19
-26
-34
-39
-45
-48
-53
-59
-61
-62
-62
-62
-65
-66
-65
-62
-60
-55
-53
-50
-46
-46
-42
-40
-36
-32
-28
-25
-19
-8
-2
4
9
11
15
19
22
24
26
26
27
29
31
38
40
40
42
40
40
40
38
36
33
32
29
30
30
30
31
28
26
23
23
22
21
20
18
18
17
17
16
15
15
12
12
10
10
9
6
4
1
1
0
-4
-4
-7
-6
-7
-8
-7
-7
-6
-8
-7
-6
-6
-4
-5
-3
-1
0
1
2
5
5
6
8
8
8
8
5
3
0
-4
-6
-12
-14
-18
-22
-25
-28
-32
-34
-35
-37
-37
-36
-36
-34
-31
-28
-25
-20
-14
-10
-6
0
5
10
13
17
20
22
24
24
26
28
30
28
28
28
27
25
23
19
15
13
7
1
-2
-6
-10
-13
-17
-19
-23
-27
-30
-33
-32
-32
-29
-26
-24
-21
-19
-15
-11
-8
-6
-3
2
6
10
12
15
16
14
14
13
13
14
11
10
7
5
3
1
-2
-5
-7
-9
-11
-10
-11
-11
-13
-14
-13
-11
-8
-7
-4
-3
1
2
5
8
10
11
12
13
16
19
21
21
20
18
18
17
14
10
6
3
-4
-8
-14
-17
-22
-29
-33
-38
-39
-41
-43
-44
-43
-40
-38
-33
-27
-22
-16
-11
-4
4
12
17
20
26
31
38
41
45
49
51
52
51
52
49
46
44
39
34
29
22
18
12
5
-3
-11
-16
-22
-30
-37
-43
-47
-51
-52
-52
-50
-49
-49
-48
-44
-39
-31
-25
-19
-13
-4
2
10
16
22
24
27
30
33
37
41
41
38
35
32
29
27
23
17
11
6
0
-5
-10
-18
-27
-33
-40
-43
-44
-45
-45
-42
-39
-37
-32
-28
-22
-19
-14
-8
-2
7
15
21
25
30
33
35
38
40
40
40
35
31
28
25
23
15
8
4
1
-1
-4
-8
-14
-17
-22
-27
-26
-27
-27
-26
-22
-16
-9
-1
4
11
14
18
21
26
34
40
43
46
49
53
55
56
53
47
41
32
26
22
14
7
-4
-14
-22
-33
-42
-49
-58
-66
-72
-74
-74
-73
-72
-73
-73
-71
-65
-59
-49
-40
-32
-21
-8
5
17
25
33
42
52
62
68
75
78
77
76
73
72
66
60
51
42
33
25
17
7
-3
-12
-24
-35
-45
-51
-57
-62
-64
-66
-63
-62
-58
-53
-50
-47
-42
-35
-28
-21
-13
-5
1
9
15
22
26
29
27
27
29
28
29
29
27
23
16
9
2
-1
-7
-14
-20
-24
-29
-31
-32
-35
-38
-42
-43
-41
-39
-32
-28
-23
-20
-14
-8
-2
5
12
17
22
26
29
32
35
36
36
37
38
36
34
33
30
25
23
19
13
9
2
-3
-7
-11
-14
-18
-19
-19
-19
-20
-19
-18
-15
-11
-8
-3
2
7
12
17
23
26
31
36
38
42
45
47
45
45
41
40
36
31
27
21
15
9
3
-2
-7
-14
-19
-26
-32
-35
-39
-43
-42
-43
-41
-40
-36
-32
-27
-23
-21
-13
-9
-2
5
8
15
21
25
26
28
29
27
26
25
23
20
20
17
13
11
8
3
-1
-9
-13
-16
-15
-14
-14
-14
-15
-15
-12
-12
-10
-8
-4
-3
1
5
7
9
11
13
14
17
19
19
18
19
17
15
13
9
5
4
2
1
-3
-6
-8
-9
-12
-12
-14
-14
-14
-15
-16
-16
-13
-14
-14
-13
-10
-8
-6
0
3
6
10
12
13
13
13
11
10
9
9
11
12
11
9
7
5
4
-1
-5
-10
-14
-19
-20
-21
-21
-20
-22
-20
-18
-17
-15
-12
-11
-8
-4
-2
6
12
14
18
21
22
25
27
27
28
28
27
28
26
24
21
17
14
11
7
2
-1
-5
-8
-12
-12
-11
-14
-16
-14
-17
-15
-13
-13
-14
-14
-14
-13
-11
-8
-6
-2
-1
1
1
1
1
2
3
4
4
3
5
4
5
0
-5
-5
-7
-7
-6
-8
-9
-11
-10
-11
-11
-13
-15
-17
-19
-20
-17
-17
-15
-10
-13
-11
-13
-8
-10
-8
-7
-7
-4
0
5
6
9
10
9
11
14
16
17
18
19
19
20
21
19
16
13
10
8
7
6
3
-2
-6
-8
-9
-10
-10
-10
-13
-14
-13
-13
-12
-11
-10
-8
-5
-2
1
5
7
8
7
8
9
9
10
11
12
12
11
10
8
4
1
-1
-4
-7
-9
-12
-11
-11
-12
-14
-14
-14
-15
-14
-13
-10
-7
-7
-5
-4
-2
-1
2
2
6
8
8
9
10
11
10
11
12
10
12
11
11
9
7
5
3
3
3
4
2
-1
2
3
2
2
-1
-3
-4
-6
-6
-5
-5
-4
-3
-2
3
6
6
9
9
10
11
8
9
10
8
7
8
6
8
7
4
0
1
-2
-3
-6
-7
-9
-14
-13
-16
-15
-16
-17
-18
-19
-16
-16
-13
-12
-10
-9
-7
-3
0
1
4
2
4
6
12
12
13
15
14
12
11
12
11
8
3
2
0
-2
-1
0
-3
-7
-9
-8
-9
-9
-10
-11
-10
-8
-7
-4
-2
0
-1
0
2
3
6
8
8
10
13
13
12
13
12
12
9
10
12
12
14
14
12
10
9
8
6
6
4
1
1
-4
-3
-5
-6
-10
-14
-14
-15
-14
-12
-10
-10
-7
-5
-5
-3
0
2
3
6
8
11
12
12
12
13
12
11
9
7
6
4
2
1
-2
-4
-6
-9
-10
-12
-12
-14
-14
-17
-15
-13
-12
-9
-6
-4
-2
1
4
7
9
10
13
16
17
20
18
18
15
15
14
14
16
16
15
13
8
4
0
-2
-6
-10
-12
-14
-15
-15
-15
-17
-18
-19
-19
-17
-14
-11
-9
-8
-9
-7
-3
-3
-3
-4
-3
-1
-1
0
1
1
1
1
2
5
6
4
4
1
2
3
1
0
-2
-4
-4
-4
-6
-7
-6
-6
-7
-6
-6
-6
-3
-3
-1
1
2
4
4
6
6
6
7
8
8
11
13
12
11
10
8
8
8
6
6
5
4
0
-1
-4
-5
-7
-9
-9
-6
-4
-6
-7
-7
-9
-9
-9
-9
-7
-4
-2
-2
0
1
2
1
1
3
5
7
6
6
6
8
6
4
2
0
-1
-1
-4
-4
-2
-2
-4
-5
-5
-5
-5
-7
-7
-6
-6
-5
-5
-2
1
1
1
2
2
4
7
7
6
7
6
8
9
10
9
8
8
9
11
13
13
12
10
10
10
11
11
9
10
9
9
9
10
8
6
5
4
5
7
7
7
8
7
8
7
6
5
4
4
2
2
1
1
-1
-3
-5
-5
-7
-7
-8
-10
-10
-10
-10
-11
-12
-13
-14
-13
-12
-11
-11
-11
-11
-11
-9
-7
-7
-6
-6
-5
-5
-4
-2
0
0
0
1
3
7
5
4
2
-1
-1
-2
-2
-3
-4
-5
-6
-6
-6
-5
-6
-6
-6
-5
-4
-1
0
-2
-1
1
1
2
4
3
1
-1
-3
-4
-4
-3
-4
-7
-8
-8
-10
-11
-12
-12
-12
-12
-13
-12
-11
-9
-8
-9
-6
-4
-4
-3
-2
-3
-3
-2
-1
-1
2
3
2
2
1
2
2
0
-2
-1
1
3
2
3
3
2
2
1
0
0
-2
-1
-1
1
3
5
7
6
6
7
9
9
9
9
9
11
11
10
10
9
7
5
5
6
5
6
4
2
3
4
3
3
4
6
5
4
7
7
7
6
5
5
6
6
5
5
5
4
3
1
0
-2
-4
-5
-5
-5
-4
-6
-8
-7
-6
-4
-2
-1
0
-1
-2
-2
-4
-1
-3
-2
-3
-3
-3
0
0
-2
-1
-2
-4
-3
-4
-6
-6
-7
-6
-5
-4
-1
0
-1
-2
-3
-1
-2
-1
0
2
4
7
7
8
11
8
7
7
6
7
7
7
7
6
7
7
6
5
5
2
-1
-4
-6
-6
-7
-7
-7
-8
-7
-8
-8
-8
-6
-6
-7
-5
-3
-2
-2
-2
-3
-4
-4
-3
-1
1
2
2
3
3
2
1
1
-3
-1
0
2
3
2
0
-2
-3
-2
-4
-6
-5
-5
-4
-4
-4
-3
-1
-1
-3
-2
-1
-1
0
1
2
4
5
7
9
8
7
7
4
2
2
3
3
3
3
3
4
3
1
1
0
1
1
2
4
5
5
4
1
-1
-1
1
1
1
2
2
1
1
0
0
-1
0
0
2
3
3
2
1
2
1
1
1
0
0
1
0
-1
-1
-2
-3
-3
-3
-2
-2
-2
-3
-6
-4
-6
-7
-5
-4
-3
-3
-3
-3
-1
0
-2
-2
-2
-1
-2
0
1
1
1
1
1
1
2
0
0
2
2
2
0
-1
-1
-2
-3
-2
-3
-3
-1
-1
0
-1
-3
-3
-3
-1
-2
-3
-2
-2
-3
-1
1
1
1
2
2
1
5
4
1
0
-1
1
1
1
1
0
-2
-4
-6
-7
-7
-7
-7
-7
-6
-7
-5
-5
-5
-4
-4
-3
-2
-1
0
-2
-3
-5
-7
-7
-5
-3
-3
-2
-2
-3
-2
-4
-6
-6
-5
-4
-2
2
3
6
5
6
7
6
5
5
7
7
10
12
11
12
11
9
8
8
8
6
4
3
3
2
0
-1
-3
-3
-4
-4
-4
-3
-2
-2
-2
-1
-2
-2
-1
0
2
3
2
3
5
3
5
4
2
1
1
1
1
2
2
2
2
2
3
2
0
-1
-1
-2
-3
-2
1
1
1
3
4
6
4
3
3
1
1
0
1
2
4
6
5
6
5
5
4
0
0
-1
1
0
1
1
1
1
-1
-1
2
3
4
3
3
1
1
1
-1
-2
-2
-1
0
1
2
1
1
-1
-3
-4
-5
-4
-2
1
4
5
6
6
6
5
4
6
7
7
8
9
9
11
11
9
6
3
0
-3
-5
-8
-11
-14
-16
-17
-17
-17
-16
-15
-14
-14
-14
-11
-10
-6
-1
4
7
10
14
14
15
15
14
12
10
8
6
6
3
-2
-5
-10
-14
-15
-17
-17
-14
-11
-11
-9
-6
-5
-4
-4
-2
1
4
6
8
11
13
10
10
10
9
7
8
7
5
3
-2
-7
-12
-14
-17
-19
-19
-18
-17
-16
-13
-12
-12
-11
-7
-5
0
3
10
13
13
15
16
14
14
16
14
13
13
10
6
5
4
-1
-3
-5
-8
-10
-10
-12
-12
-11
-11
-10
-6
-4
-2
1
2
4
4
7
9
11
11
10
9
6
5
3
-1
-1
-6
-9
-10
-11
-10
-9
-9
-8
-6
-3
-1
3
5
8
10
10
12
14
15
17
16
15
13
13
11
7
2
0
-2
-6
-7
-7
-8
-8
-10
-12
-11
-10
-10
-6
-3
2
6
11
15
17
20
20
19
17
15
13
10
9
5
1
-1
-7
-10
-15
-18
-22
-25
-27
-26
-24
-23
-21
-19
-16
-13
-10
-5
0
7
11
17
20
24
28
29
31
29
26
24
19
17
13
8
2
-4
-7
-12
-18
-20
-24
-25
-27
-28
-27
-24
-18
-16
-15
-10
-7
-3
2
7
11
16
18
19
21
23
23
23
20
18
16
13
10
5
3
-2
-7
-9
-14
-16
-17
-17
-18
-19
-18
-17
-15
-12
-10
-5
-1
2
6
11
14
16
16
13
10
9
7
7
4
2
2
-1
-2
-6
-10
-11
-15
-16
-15
-14
-10
-7
-6
-2
0
3
3
5
9
11
13
14
16
14
12
9
5
3
-1
-5
-9
-12
-15
-17
-16
-17
-15
-13
-10
-7
-2
5
8
11
16
15
17
19
19
19
17
16
13
11
7
1
-5
-10
-16
-18
-20
-21
-21
-20
-20
-19
-17
-13
-11
-8
-6
-4
-1
4
8
9
10
8
5
3
0
-2
-5
-5
-7
-7
-8
-7
-7
-6
-6
-3
-2
-1
1
4
7
8
12
14
14
14
14
12
9
6
3
-3
-6
-7
-11
-14
-15
-16
-17
-17
-15
-13
-9
-5
-2
1
7
11
14
15
16
16
16
15
13
10
6
1
-3
-8
-11
-15
-18
-22
-23
-24
-24
-22
-21
-17
-12
-6
-1
9
14
19
23
26
27
28
26
26
20
16
14
10
7
0
-5
-12
-15
-20
-23
-23
-25
-24
-24
-23
-19
-15
-10
-5
-1
3
7
10
13
17
19
20
21
21
20
17
14
10
4
0
-6
-8
-7
-10
-12
-16
-19
-18
-17
-15
-11
-9
-5
-4
0
5
6
8
9
12
14
15
15
13
13
8
6
6
7
8
8
8
7
6
6
5
4
0
-4
-6
-6
-3
-5
-4
-5
-7
-9
-9
-7
-5
-5
-5
-5
-1
-1
1
0
1
1
-1
2
1
1
-2
-5
-6
-6
-5
-5
-2
0
1
2
2
2
2
1
1
3
2
5
4
1
1
-2
-4
-4
-3
-1
-2
-4
-4
-4
-5
-6
-6
-10
-10
-10
-9
-5
-3
0
-3
-4
-3
-1
2
5
6
9
13
15
15
16
12
9
7
5
4
4
3
-3
-9
-15
-21
-24
-26
-26
-25
-22
-18
-14
-9
-7
-5
-3
0
7
15
26
32
35
35
32
28
24
21
16
11
8
3
-1
-4
-10
-15
-21
-24
-27
-25
-22
-16
-12
-9
-4
-1
5
11
13
17
20
23
25
26
27
26
24
21
18
11
5
-1
-10
-15
-21
-23
-25
-24
-18
-17
-13
-9
-4
-1
2
4
10
17
22
26
29
28
26
22
16
11
2
-3
-8
-11
-14
-17
-20
-23
-25
-28
-29
-27
-27
-25
-21
-19
-15
-13
-9
-6
-3
1
5
9
12
15
17
19
18
17
13
10
4
1
-3
-7
-12
-15
-20
-22
-22
-23
-18
-16
-13
-11
-11
-6
-9
-7
-2
-2
3
8
14
15
16
19
11
9
7
0
1
2
5
2
0
2
-7
-5
-5
-11
-9
-8
-5
-8
-3
-1
-5
4
4
10
15
22
22
20
26
16
14
11
6
2
-2
0
-9
-4
-2
-9
-7
-7
-6
-11
-4
-4
-8
3
5
6
12
19
15
14
22
19
13
18
18
4
6
3
-4
-10
-8
-12
-25
-21
-27
-27
-30
-27
-24
-27
-15
-13
-8
-5
6
10
8
22
22
24
26
30
29
22
29
25
18
15
16
6
3
5
-6
-4
-4
-4
-17
-14
-9
-20
-3
-1
-4
-5
3
5
-11
1
-2
-11
-6
2
-5
-8
9
3
-9
0
1
-13
-7
12
-1
6
24
20
15
28
36
22
33
46
30
31
49
24
22
33
17
1
0
8
-30
-20
-1
-43
-29
-22
-25
-43
-27
-14
-59
-23
-18
-34
-23
1
4
-14
26
24
9
33
41
29
20
46
32
24
37
32
16
12
25
0
-3
-6
-16
-33
-41
-31
-52
-44
-41
-45
-43
-41
-16
-24
-17
4
-1
8
18
25
13
21
31
15
10
24
6
-12
4
-8
-24
-23
-11
-28
-38
-9
-30
-38
-16
-21
-31
-23
2
-10
-17
22
7
-7
25
17
4
-10
9
-8
-31
7
-14
-33
-27
-17
-30
-43
-17
-31
-48
-39
-17
-38
-35
-7
-22
-24
-10
22
-3
8
41
13
16
51
37
15
48
44
9
9
43
-15
-25
43
-56
-35
1
-25
-57
-44
40
-123
-39
43
-85
-21
11
29
-70
52
122
-69
71
110
26
26
121
110
-20
116
111
-5
56
97
14
-19
57
15
-33
27
26
-38
-15
39
16
20
46
51
52
79
114
98
91
110
123
121
108
123
103
70
92
83
51
48
62
35
13
63
37
5
32
23
0
13
42
18
-7
26
0
-17
5
-25
-55
-87
-78
-103
-136
-116
-164
-187
-188
-193
-201
-211
-190
-208
-210
-181
-165
-167
-143
-135
-139
-121
-112
-78
-101
-77
-75
-80
-37
-58
-36
-48
-37
-16
-35
-12
-24
3
13
9
33
32
51
68
85
79
98
118
126
127
142
161
159
191
189
185
211
223
232
230
258
239
248
282
262
256
251
257
232
225
241
192
179
182
151
124
106
93
49
21
8
-23
-53
-75
-108
-157
-179
-198
-229
-264
-287
-313
-337
-336
-349
-374
-392
-394
-386
-403
-404
-413
-424
-414
-424
-411
-437
-445
-423
-429
-433
-444
-414
-407
-418
-384
-373
-346
-298
-237
-239
-197
-93
-37
7
72
146
169
273
384
399
443
518
586
592
661
721
698
717
764
776
748
773
775
718
675
666
643
580
560
499
421
377
376
324
208
191
135
69
33
36
-28
-125
-90
-135
-182
-163
-143
-214
-249
-178
-210
-226
-166
-166
-241
-214
-155
-195
-192
-158
-202
-250
-183
-192
-256
-251
-272
-339
-356
-356
-433
-494
-520
-565
-635
-666
-731
-786
-775
-845
-881
-912
-878
-918
-788
-701
-925
-765
-504
-368
-475
-307
-100
-205
143
428
352
271
624
889
663
917
1138
1019
954
1212
1294
1054
1229
1360
1119
974
1174
1183
940
949
904
707
613
743
631
330
292
301
180
28
57
-64
-282
-265
-260
-374
-516
-428
-460
-613
-532
-473
-487
-541
-390
-383
-463
-281
-194
-225
-207
-64
-32
-32
112
127
51
91
173
117
88
116
62
-21
-1
-2
-104
-121
-184
-282
-320
-345
-397
-505
-518
-596
-679
-662
-722
-785
-853
-871
-921
-937
-940
-976
-939
-921
-994
-842
-726
-815
-739
-495
-384
-491
-249
-15
-102
133
440
421
334
721
964
767
929
1171
1112
1037
1292
1367
1130
1237
1390
1221
1102
1229
1179
974
957
941
781
657
681
553
344
261
251
110
-49
-89
-192
-310
-350
-363
-507
-574
-502
-498
-594
-612
-531
-554
-486
-423
-481
-476
-387
-272
-301
-273
-225
-191
-128
-91
-70
-87
-40
-7
-17
-28
-51
-31
-34
-73
-123
-139
-193
-228
-271
-327
-418
-471
-489
-572
-662
-772
-769
-792
-874
-954
-1017
-1017
-1009
-807
-938
-1131
-904
-596
-513
-709
-429
-345
-318
38
209
86
69
592
649
495
797
985
946
884
1204
1200
1106
1347
1396
1233
1185
1399
1387
1259
1208
1163
1091
1024
1074
944
734
639
670
578
395
315
207
123
11
23
-147
-328
-189
-229
-377
-477
-378
-399
-460
-331
-452
-521
-405
-266
-376
-426
-272
-306
-345
-237
-218
-322
-249
-173
-245
-262
-186
-189
-279
-244
-270
-341
-316
-312
-378
-497
-476
-527
-596
-600
-714
-768
-881
-857
-895
-963
-920
-1065
-998
-1039
-795
-787
-1075
-827
-625
-398
-596
-422
-203
-282
101
258
293
141
541
807
572
817
991
1082
944
1151
1296
1178
1334
1372
1337
1205
1345
1426
1325
1255
1135
1162
1123
1098
996
875
714
657
677
504
354
257
210
58
-17
-6
-173
-186
-191
-379
-481
-290
-171
-452
-469
-446
-483
-348
-227
-396
-639
-361
-284
-415
-358
-369
-468
-475
-270
-415
-479
-365
-435
-521
-493
-434
-549
-490
-522
-678
-635
-528
-584
-750
-716
-810
-813
-738
-826
-950
-989
-876
-973
-902
-904
-900
-710
-912
-885
-657
-261
-397
-559
-173
-165
24
322
494
228
315
886
818
849
1054
1221
1068
1105
1461
1365
1365
1413
1415
1280
1319
1471
1369
1267
1132
1135
1150
1144
1021
832
738
673
679
603
445
232
170
130
40
-7
-121
-240
-338
-323
-374
-436
-405
-463
-557
-559
-480
-498
-513
-492
-522
-577
-493
-381
-464
-501
-439
-396
-416
-345
-307
-412
-397
-291
-309
-417
-381
-361
-467
-472
-430
-492
-560
-548
-572
-663
-663
-650
-709
-769
-764
-807
-817
-809
-784
-561
-782
-902
-617
-267
-305
-592
-273
-199
-112
153
328
109
81
659
610
534
726
916
831
728
1088
1050
1075
1138
1138
1044
1039
1236
1168
1112
937
862
973
966
845
669
621
499
502
518
355
122
115
151
-41
-100
-32
-76
-349
-329
-238
-316
-323
-305
-389
-602
-373
-150
-383
-524
-372
-286
-409
-245
-174
-390
-426
-181
-164
-341
-170
-136
-354
-325
-138
-190
-316
-258
-365
-452
-394
-306
-464
-603
-561
-675
-661
-658
-768
-927
-881
-860
-908
-921
-944
-1016
-858
-616
-1020
-1009
-582
-333
-670
-694
-273
-374
-162
100
114
-177
171
714
433
504
701
905
801
949
1199
1086
1265
1294
1324
1287
1371
1466
1398
1401
1162
1219
1380
1302
1039
944
982
831
863
802
578
361
469
439
236
204
151
0
19
85
-241
-222
-9
-125
-382
-341
-268
-447
-253
-232
-567
-595
-227
-291
-576
-369
-414
-539
-413
-276
-485
-530
-263
-421
-543
-400
-377
-561
-546
-515
-741
-693
-578
-750
-939
-891
-902
-959
-984
-1024
-1194
-1134
-1062
-1105
-1141
-1102
-817
-1124
-1054
-748
-494
-615
-769
-365
-409
-188
57
152
-36
29
605
511
596
680
877
849
851
1214
1184
1323
1292
1376
1397
1469
1589
1549
1601
1362
1361
1493
1500
1290
1084
1172
1003
930
923
802
479
455
514
320
180
153
238
-258
-195
100
-90
-248
-273
-220
-549
-180
25
-486
-685
-272
-186
-639
-218
-257
-733
-571
-198
-422
-761
-326
-458
-828
-549
-299
-641
-764
-446
-694
-857
-548
-539
-899
-916
-747
-928
-936
-875
-966
-1221
-1094
-976
-1118
-1131
-1056
-833
-1230
-1155
-714
-511
-650
-842
-410
-396
-165
114
128
-33
84
670
564
654
763
912
978
940
1227
1234
1374
1237
1271
1415
1435
1458
1444
1518
1250
1272
1502
1434
1187
1050
1134
981
960
946
740
468
493
546
336
205
150
131
-161
-145
-39
-164
-231
-286
-307
-518
-320
-140
-354
-612
-475
-295
-547
-396
-376
-608
-656
-405
-374
-713
-534
-474
-707
-701
-519
-642
-829
-662
-739
-879
-801
-731
-930
-1052
-924
-992
-1062
-1046
-1105
-1233
-1171
-1111
-1201
-1196
-1068
-937
-1283
-1168
-697
-489
-705
-798
-367
-287
-67
196
212
25
302
803
697
729
913
1079
1037
1097
1367
1337
1437
1404
1414
1455
1580
1570
1529
1577
1379
1371
1541
1572
1325
1201
1312
1202
1109
1057
914
641
652
721
503
337
248
286
122
-96
-41
-53
-217
-310
-269
-406
-498
-249
-296
-689
-624
-282
-505
-644
-382
-530
-793
-508
-348
-762
-759
-458
-653
-814
-510
-548
-877
-688
-583
-870
-868
-649
-831
-990
-797
-866
-1005
-965
-926
-1159
-1064
-941
-1138
-1140
-953
-768
-1224
-1061
-618
-540
-690
-748
-395
-427
-124
112
38
-107
160
643
537
611
682
910
941
930
1165
1233
1355
1212
1314
1414
1441
1459
1537
1542
1254
1345
1551
1479
1226
1169
1249
1084
1041
1042
910
619
645
683
534
424
287
237
89
118
84
-103
-181
-191
-191
-303
-256
-309
-410
-439
-429
-435
-541
-448
-493
-625
-624
-495
-504
-618
-598
-638
-694
-673
-563
-666
-810
-774
-756
-813
-876
-892
-980
-1020
-1012
-1016
-1104
-1183
-1159
-1171
-1155
-1217
-1233
-1179
-897
-1115
-1279
-865
-475
-514
-871
-465
-278
-214
89
236
5
12
667
726
583
712
967
962
875
1202
1204
1255
1270
1278
1286
1399
1451
1372
1459
1262
1160
1353
1436
1165
948
1059
992
912
897
826
550
494
615
499
365
187
188
107
71
67
35
-66
-126
4
-105
-232
-163
-105
-298
-329
-151
-293
-409
-296
-282
-565
-459
-280
-551
-684
-524
-585
-832
-702
-642
-902
-962
-781
-889
-1075
-1016
-1041
-1221
-1157
-1062
-1249
-1313
-1161
-1142
-1197
-1149
-1136
-1166
-819
-956
-1205
-788
-331
-466
-790
-328
-172
-184
163
368
61
77
724
773
586
732
971
965
926
1168
1181
1245
1249
1243
1226
1286
1341
1317
1389
1190
1092
1279
1359
1103
952
1028
977
898
878
807
582
535
611
487
385
291
189
138
159
115
9
-52
-106
-108
-89
-140
-222
-240
-268
-293
-293
-294
-358
-416
-392
-448
-486
-454
-514
-608
-600
-599
-656
-665
-744
-796
-842
-825
-854
-931
-946
-1016
-1032
-980
-992
-1126
-1121
-1102
-1166
-1080
-1048
-1114
-1146
-817
-984
-1189
-758
-440
-614
-871
-416
-331
-311
25
146
-69
11
601
648
566
688
895
929
936
1161
1178
1288
1227
1277
1344
1352
1328
1317
1393
1155
1081
1227
1263
969
833
965
853
784
734
661
445
443
542
420
315
207
157
94
179
128
-9
-59
-127
-97
-33
-52
-215
-228
-211
-221
-191
-165
-250
-359
-241
-280
-330
-265
-278
-385
-433
-360
-395
-401
-501
-602
-627
-623
-632
-746
-825
-912
-927
-927
-989
-1058
-1110
-1173
-1227
-1155
-1069
-1195
-1009
-982
-1247
-964
-542
-478
-809
-637
-318
-333
-117
145
26
-127
344
597
517
580
782
865
786
996
1089
1135
1150
1090
1130
1240
1297
1184
1251
1160
997
1064
1209
1032
720
802
796
671
673
646
419
268
389
350
251
189
128
7
35
144
83
-11
-58
-64
-69
22
0
-139
-189
-165
-108
-113
-113
-219
-288
-246
-221
-239
-257
-306
-411
-416
-397
-407
-454
-536
-621
-680
-624
-658
-791
-867
-891
-956
-990
-945
-1032
-1196
-1186
-1099
-1104
-1150
-999
-945
-1308
-1071
-625
-519
-804
-743
-358
-329
-126
144
98
-66
286
619
529
562
670
838
778
858
1030
1077
1094
1039
1059
1128
1250
1148
1167
1105
950
1005
1168
1095
792
738
826
738
633
638
498
266
319
373
253
145
153
56
0
61
83
-14
-72
-31
-45
0
36
-2
-65
-59
3
-13
-20
-42
-126
-164
-128
-94
-166
-228
-247
-301
-374
-336
-345
-477
-604
-587
-606
-662
-692
-820
-909
-954
-890
-1018
-1056
-1191
-1250
-1174
-1129
-1188
-1215
-1017
-1274
-1210
-805
-585
-827
-906
-461
-451
-260
62
63
-136
159
562
510
588
678
789
744
890
1010
1034
1143
1024
969
1080
1224
1095
1095
1115
934
967
1094
1054
773
713
782
715
625
567
463
296
311
306
236
128
62
18
-24
5
16
-3
-53
-81
-73
8
65
26
-6
-29
41
90
98
100
6
-90
-26
50
-37
-108
-154
-224
-279
-238
-240
-410
-498
-538
-579
-635
-652
-763
-882
-929
-965
-1010
-1034
-1085
-1200
-1203
-1115
-1189
-1115
-975
-1238
-1128
-799
-648
-792
-721
-391
-372
-238
103
129
-45
256
562
519
591
715
787
785
893
967
996
1050
989
931
970
1081
962
982
978
811
803
917
871
631
601
637
568
510
467
359
217
234
214
159
107
-10
-54
-27
-30
-58
-61
-61
-103
-76
12
52
12
5
31
26
61
96
92
31
-12
12
47
-26
-126
-113
-188
-257
-270
-285
-411
-525
-548
-590
-663
-742
-752
-910
-950
-934
-994
-1051
-1204
-1176
-1138
-1084
-1171
-1084
-1190
-1131
-828
-730
-739
-848
-495
-351
-309
-78
69
5
101
484
527
574
697
843
824
827
1030
1055
1066
996
1015
1002
1099
1058
959
915
809
813
834
795
624
533
565
510
476
392
310
170
200
202
114
65
-11
-27
-17
50
-27
-76
-9
3
12
48
50
34
101
107
94
138
173
133
107
146
72
84
153
24
-137
-86
-98
-209
-262
-312
-447
-563
-561
-616
-776
-831
-837
-982
-995
-994
-1100
-1150
-1207
-1129
-1082
-1130
-1141
-1233
-995
-732
-681
-815
-751
-452
-300
-115
-11
33
49
314
573
598
676
785
864
869
969
1080
1125
1108
1018
1016
1038
1118
1041
949
819
719
744
773
643
471
406
352
335
293
207
119
50
45
20
4
-10
-112
-139
-60
-62
-71
-41
-65
-98
-15
63
33
7
77
80
77
172
162
93
109
136
81
59
107
64
-57
-84
-100
-199
-223
-269
-400
-519
-578
-605
-680
-776
-877
-983
-1002
-1013
-1091
-1182
-1204
-1140
-1110
-1133
-1180
-1202
-923
-726
-749
-824
-684
-441
-314
-111
-32
-58
32
372
520
467
610
773
812
789
949
1078
1025
1034
1062
1049
1043
1118
1069
954
847
831
882
827
692
538
501
512
455
379
283
173
117
149
76
6
20
-32
-96
-35
36
-24
-38
27
10
12
159
186
28
73
227
160
113
198
136
18
59
108
3
-75
-50
-154
-264
-210
-250
-392
-467
-526
-591
-636
-670
-751
-876
-854
-892
-1003
-1049
-1014
-1042
-1126
-1043
-913
-1088
-1217
-889
-586
-675
-795
-630
-476
-293
9
63
-106
14
417
539
502
639
802
805
807
963
1063
1116
1075
1012
986
1054
1083
1057
971
790
708
786
802
600
443
405
350
308
277
191
17
-5
11
-55
-84
-62
-179
-257
-118
-48
-132
-174
-75
-111
-104
62
74
-44
30
158
76
102
209
192
51
122
209
91
99
113
-39
-156
-53
-114
-313
-378
-397
-533
-676
-634
-734
-876
-932
-982
-1094
-1095
-1055
-1131
-1203
-1057
-924
-1222
-1191
-802
-602
-774
-806
-559
-477
-279
16
21
-147
111
483
472
488
650
818
784
826
956
1054
1128
1104
1064
1088
1130
1122
1176
1094
866
838
945
896
674
543
494
416
371
340
150
-14
13
17
-148
-227
-156
-195
-287
-290
-269
-321
-215
-113
-277
-356
-114
-6
-162
-110
-4
-78
-84
87
41
-138
0
81
-121
-180
-35
-133
-284
-232
-275
-439
-498
-459
-615
-735
-729
-811
-896
-928
-991
-1092
-1081
-1039
-910
-1064
-1288
-1084
-720
-643
-898
-774
-569
-466
-227
-10
-112
-178
245
434
405
499
710
745
712
897
988
1049
1074
1038
1010
1070
1132
1126
1100
963
817
862
989
858
635
563
538
491
484
417
212
121
154
109
-21
1
-5
-128
-156
-130
-178
-189
-56
-109
-258
-176
-1
-33
-84
7
-19
-51
91
197
52
14
129
125
51
81
57
-124
-130
-63
-141
-318
-361
-414
-568
-595
-665
-767
-893
-908
-977
-1071
-1061
-945
-908
-1189
-1188
-875
-630
-772
-893
-685
-551
-366
-149
-72
-219
-68
291
375
403
506
661
625
711
893
944
974
979
991
978
1024
1060
1096
1018
878
856
900
894
764
666
581
513
481
424
287
178
204
59
-16
-15
-66
-163
-186
-148
-281
-254
-154
-192
-327
-244
-120
-181
-156
-126
-142
-170
-70
-41
-124
-104
-111
-116
-131
-138
-198
-223
-232
-327
-375
-377
-429
-548
-607
-607
-669
-754
-826
-874
-915
-957
-1004
-923
-881
-1057
-1074
-858
-666
-715
-752
-647
-559
-368
-118
-97
-189
2
275
342
371
519
648
648
710
840
911
940
947
940
946
946
965
1008
942
798
743
829
823
675
587
515
462
459
449
319
243
230
149
148
158
123
0
-16
3
-33
-7
30
-54
-92
0
-7
-7
39
52
-8
10
85
64
42
47
37
-25
-5
-14
-85
-144
-195
-236
-307
-348
-410
-498
-604
-620
-630
-743
-828
-830
-844
-976
-947
-756
-829
-1045
-911
-615
-599
-679
-599
-489
-416
-195
-13
-88
-90
149
326
350
429
536
587
587
670
775
822
822
808
796
769
800
852
856
723
605
629
647
616
504
380
299
297
338
282
149
62
90
114
63
9
-29
-74
-71
32
26
-103
-92
-42
-101
-98
45
38
-98
-59
50
2
16
109
-25
-157
-41
43
-98
-145
-174
-328
-372
-280
-384
-625
-581
-586
-768
-803
-750
-859
-988
-928
-941
-904
-792
-883
-1024
-799
-485
-563
-634
-477
-355
-242
-1
98
8
131
380
456
498
635
686
664
757
838
863
894
912
855
822
837
832
833
782
649
534
583
573
429
327
243
166
186
213
45
-121
-64
20
-57
-109
-103
-167
-158
-25
-5
-98
-58
10
-31
-17
92
105
21
49
85
34
90
157
56
-32
12
15
-86
-84
-86
-262
-391
-341
-345
-479
-558
-680
-772
-741
-773
-868
-956
-947
-985
-966
-827
-874
-961
-837
-620
-587
-534
-406
-388
-265
-23
126
97
165
385
463
536
676
731
718
763
829
864
895
885
841
775
762
732
703
652
550
433
385
346
245
177
68
4
-22
-95
-160
-180
-147
-201
-246
-262
-250
-206
-128
-111
-170
-97
-6
18
42
102
83
74
165
180
149
147
177
101
84
110
54
0
-5
-77
-240
-230
-209
-330
-482
-505
-547
-633
-640
-716
-816
-847
-814
-852
-826
-743
-798
-821
-671
-463
-446
-389
-272
-191
-27
194
317
292
404
582
682
760
854
917
903
946
988
1020
1022
960
896
853
829
750
698
623
477
355
328
275
137
60
-61
-176
-200
-186
-293
-421
-403
-406
-413
-396
-389
-420
-345
-249
-273
-238
-129
-89
-69
20
51
71
158
190
123
145
222
135
76
102
41
-80
-72
-102
-257
-308
-348
-448
-522
-512
-640
-787
-776
-753
-827
-895
-883
-921
-896
-786
-738
-768
-705
-540
-408
-306
-212
-108
2
190
365
436
510
643
789
884
951
1003
1060
1090
1099
1087
1089
1090
1025
939
872
801
722
672
546
391
297
244
142
9
-50
-119
-250
-357
-314
-315
-390
-421
-446
-463
-421
-269
-287
-381
-303
-184
-146
-98
2
-51
-43
78
111
48
65
100
-13
-36
-22
-108
-219
-210
-279
-435
-479
-523
-625
-706
-726
-822
-888
-889
-928
-957
-981
-957
-947
-877
-780
-753
-703
-596
-426
-262
-141
-60
52
268
478
640
712
801
962
1106
1207
1263
1314
1344
1368
1357
1334
1306
1243
1156
1039
934
831
733
615
465
296
199
126
28
-86
-202
-275
-328
-349
-385
-399
-440
-445
-374
-359
-363
-340
-243
-223
-195
-114
-91
-67
-14
67
25
25
77
53
-5
-1
6
-107
-159
-211
-313
-412
-452
-548
-697
-761
-866
-942
-1026
-1049
-1139
-1220
-1189
-1222
-1191
-1183
-1126
-1069
-931
-806
-795
-613
-391
-155
-47
114
278
438
706
907
1003
1040
1216
1357
1447
1508
1536
1541
1486
1515
1477
1421
1310
1233
1131
1003
918
785
703
544
434
325
253
198
90
23
-96
-119
-99
-104
-171
-259
-205
-176
-118
-109
-152
-172
-116
-11
-7
-19
-46
-54
-18
12
-2
-87
-151
-202
-247
-301
-374
-496
-625
-711
-788
-883
-988
-1088
-1206
-1317
-1379
-1412
-1442
-1499
-1535
-1540
-1500
-1406
-1286
-1205
-1179
-1052
-812
-578
-446
-297
-127
29
283
533
683
739
883
1067
1178
1279
1350
1363
1346
1398
1442
1407
1344
1281
1203
1122
1061
988
882
750
672
586
503
421
351
272
168
161
137
127
95
88
71
53
115
141
169
150
181
211
235
265
270
278
216
212
205
183
96
26
-14
-132
-209
-291
-407
-576
-657
-741
-882
-995
-1104
-1215
-1324
-1352
-1436
-1517
-1559
-1552
-1568
-1564
-1514
-1487
-1406
-1273
-1134
-1083
-921
-681
-490
-346
-174
20
158
401
622
733
792
943
1115
1171
1232
1259
1260
1236
1282
1269
1185
1124
1087
1042
935
884
819
762
695
638
577
506
505
488
452
398
394
396
387
394
376
360
358
388
380
362
369
345
326
309
299
223
181
166
94
10
-76
-152
-258
-324
-419
-574
-708
-842
-921
-1045
-1179
-1337
-1450
-1506
-1623
-1619
-1655
-1678
-1683
-1524
-1428
-1462
-1274
-1018
-875
-851
-603
-421
-318
-37
163
188
190
465
624
625
673
715
694
678
786
737
645
578
572
533
458
420
342
310
220
202
200
166
120
96
120
77
136
189
183
176
255
362
393
473
550
601
660
810
901
876
925
1000
1030
1014
1063
1038
936
909
899
809
653
612
482
285
195
126
-55
-257
-319
-471
-622
-679
-750
-923
-1034
-993
-1094
-1160
-1160
-1193
-1267
-1216
-1124
-1175
-1140
-1062
-1014
-985
-839
-752
-734
-601
-499
-411
-330
-174
-128
-72
59
112
152
202
288
273
315
361
368
360
385
409
371
403
405
403
395
400
394
384
411
395
415
391
385
391
407
420
399
417
388
387
391
403
376
379
391
320
299
297
247
176
179
124
29
-11
-37
-134
-235
-228
-308
-398
-469
-490
-578
-657
-646
-674
-707
-743
-708
-681
-631
-538
-404
-394
-384
-153
69
124
76
196
264
383
609
630
474
374
552
631
591
523
380
222
214
316
207
25
-119
-175
-237
-290
-349
-491
-595
-645
-621
-659
-705
-721
-721
-694
-623
-519
-503
-435
-322
-208
-159
-7
147
211
388
508
571
631
798
905
932
1034
1089
1040
1037
1124
1044
971
963
849
697
613
560
371
251
141
-29
-172
-219
-304
-507
-554
-627
-720
-775
-785
-860
-938
-835
-827
-807
-755
-693
-639
-558
-402
-341
-242
-124
5
97
215
322
360
461
526
578
593
616
613
594
606
543
485
425
373
306
240
167
76
15
-59
-126
-196
-252
-309
-361
-392
-435
-471
-497
-508
-521
-530
-509
-505
-500
-482
-457
-424
-384
-347
-315
-288
-263
-220
-185
-165
-136
-118
-112
-102
-72
-85
-113
-89
-102
-127
-148
-164
-222
-253
-192
-202
-240
-251
-208
-185
-117
57
70
61
185
405
530
569
632
638
729
933
1078
1011
899
906
949
1018
1050
967
744
624
642
638
574
416
248
94
42
27
-68
-207
-360
-435
-484
-509
-558
-604
-639
-688
-671
-649
-606
-605
-578
-552
-538
-424
-282
-196
-177
-125
-76
3
145
278
295
252
285
313
346
394
412
297
192
196
171
126
86
20
-152
-234
-219
-234
-324
-397
-420
-520
-503
-443
-484
-563
-561
-510
-515
-454
-390
-389
-394
-286
-177
-139
-39
39
107
179
307
398
457
550
627
688
733
800
807
808
834
828
812
788
759
702
658
598
542
492
427
362
267
191
118
63
13
-57
-148
-226
-274
-329
-357
-403
-473
-536
-574
-592
-626
-650
-681
-713
-726
-717
-708
-718
-715
-704
-685
-656
-610
-569
-548
-512
-462
-421
-387
-340
-306
-282
-253
-222
-202
-181
-140
-104
-63
-47
-7
37
99
174
240
319
375
446
545
653
699
754
813
822
873
916
926
885
859
840
775
731
685
612
511
453
383
283
231
174
114
52
32
-21
-90
-92
-97
-121
-133
-134
-192
-203
-167
-191
-205
-209
-229
-242
-222
-184
-182
-200
-170
-152
-140
-82
-53
-66
-59
-45
-48
-46
-54
-87
-139
-188
-223
-265
-321
-379
-431
-494
-542
-571
-608
-640
-657
-650
-653
-655
-632
-608
-579
-510
-439
-403
-349
-266
-194
-114
-14
56
98
190
292
353
415
478
506
544
617
660
655
657
670
668
666
675
643
586
568
542
503
467
431
374
318
275
219
169
126
85
37
-16
-60
-97
-127
-154
-188
-228
-258
-285
-298
-307
-328
-352
-367
-367
-371
-364
-376
-396
-417
-423
-409
-419
-423
-436
-449
-450
-435
-420
-430
-430
-434
-424
-399
-380
-366
-364
-345
-317
-283
-252
-218
-186
-147
-94
-47
8
65
127
189
256
331
400
469
530
583
621
657
691
719
729
726
710
682
662
633
595
539
488
427
377
334
275
221
167
121
77
39
3
-40
-80
-106
-125
-156
-181
-202
-229
-238
-233
-234
-236
-227
-217
-202
-175
-149
-124
-100
-71
-49
-28
-10
3
8
7
2
-11
-35
-63
-94
-130
-166
-205
-241
-268
-293
-315
-330
-344
-353
-347
-339
-336
-314
-292
-265
-226
-188
-151
-115
-70
-17
35
82
137
183
226
280
330
366
409
450
474
498
520
534
529
524
515
501
489
468
440
403
367
339
304
261
221
179
137
102
70
32
-9
-44
-73
-103
-137
-159
-181
-211
-226
-238
-254
-267
-270
-272
-277
-275
-268
-263
-261
-250
-244
-245
-235
-227
-228
-231
-231
-235
-245
-247
-252
-258
-269
-280
-287
-285
-278
-273
-263
-256
-244
-223
-201
-180
-154
-124
-93
-62
-24
15
45
80
122
151
176
206
229
247
274
300
315
319
329
333
328
328
320
304
282
267
246
221
200
171
139
108
79
48
14
-12
-44
-61
-78
-98
-117
-133
-137
-140
-139
-142
-151
-150
-144
-133
-121
-105
-92
-85
-61
-38
-15
6
21
32
41
60
75
79
79
70
51
35
24
-1
-31
-55
-82
-107
-127
-146
-161
-180
-188
-190
-190
-182
-173
-166
-155
-140
-127
-108
-86
-68
-52
-33
-11
14
36
59
78
92
113
137
159
176
195
209
222
239
253
256
259
262
255
248
241
227
205
184
163
139
114
96
72
44
31
14
-4
-18
-29
-43
-51
-50
-55
-58
-57
-53
-50
-45
-38
-36
-30
-19
-11
-2
5
15
21
32
41
48
54
62
68
69
72
68
65
61
56
47
35
20
9
2
-11
-23
-36
-48
-57
-61
-62
-65
-73
-72
-71
-71
-64
-60
-62
-63
-60
-58
-58
-57
-59
-62
-66
-69
-70
-81
-87
-93
-101
-108
-111
-114
-125
-132
-141
-146
-148
-150
-153
-159
-159
-157
-154
-154
-150
-151
-147
-135
-129
-121
-111
-103
-92
-77
-59
-45
-32
-10
12
32
58
76
92
112
136
153
168
183
199
211
218
226
229
231
229
219
213
209
198
177
152
128
116
107
81
54
30
13
1
-10
-26
-45
-60
-70
-78
-88
-99
-107
-117
-126
-134
-145
-152
-161
-167
-169
-175
-176
-175
-176
-174
-173
-167
-165
-159
-148
-136
-125
-112
-97
-86
-71
-54
-44
-34
-22
-10
-1
11
20
21
27
37
44
50
54
59
67
78
89
100
108
121
133
145
157
170
180
193
206
215
222
228
236
240
242
246
245
242
239
238
233
226
216
208
198
191
182
168
158
148
138
124
113
102
86
71
57
36
17
-3
-24
-46
-69
-93
-121
-144
-167
-191
-214
-233
-251
-269
-283
-298
-310
-321
-327
-335
-340
-342
-343
-341
-337
-333
-329
-318
-310
-301
-287
-273
-258
-239
-217
-197
-174
-153
-127
-102
-75
-46
-21
7
34
63
91
117
139
159
180
199
214
226
237
244
253
259
262
266
268
269
271
269
266
263
258
254
248
243
238
227
216
203
189
169
149
128
103
79
55
30
0
-29
-58
-90
-118
-145
-172
-197
-217
-239
-256
-271
-284
-296
-304
-306
-306
-306
-301
-294
-286
-275
-263
-252
-238
-221
-205
-188
-169
-152
-134
-114
-93
-73
-52
-31
-13
8
30
50
67
86
103
118
137
152
165
172
180
189
194
200
204
205
206
206
208
209
209
208
208
206
211
215
219
225
230
234
238
242
248
252
252
252
252
248
243
236
229
218
205
191
171
152
129
105
80
55
27
0
-30
-62
-92
-121
-150
-179
-208
-235
-261
-287
-308
-326
-346
-363
-378
-387
-395
-399
-398
-401
-397
-388
-376
-363
-346
-325
-305
-279
-247
-215
-185
-152
-118
-87
-50
-16
21
53
85
117
144
174
199
222
240
259
275
286
299
309
312
315
315
312
309
305
298
291
284
275
265
254
241
229
218
205
191
178
163
147
131
113
97
79
59
42
22
3
-13
-31
-50
-69
-86
-102
-114
-131
-147
-158
-172
-181
-190
-198
-206
-215
-223
-227
-231
-236
-241
-249
-252
-254
-254
-256
-256
-255
-252
-246
-243
-234
-227
-216
-201
-186
-166
-148
-129
-107
-83
-62
-39
-15
6
26
49
69
87
105
121
134
147
161
171
181
188
197
201
207
214
219
221
223
222
224
226
225
221
218
213
208
205
198
190
180
169
157
145
133
119
103
88
73
54
35
15
-5
-25
-44
-68
-91
-114
-137
-158
-183
-205
-229
-253
-274
-295
-311
-329
-343
-357
-369
-376
-384
-387
-389
-388
-383
-378
-367
-354
-339
-323
-302
-280
-257
-228
-201
-171
-140
-109
-76
-42
-8
24
54
86
116
146
174
200
224
246
268
286
302
316
328
341
350
354
358
359
360
359
356
352
347
340
334
325
316
305
295
283
273
263
248
238
221
209
196
179
166
149
134
118
101
83
65
46
25
7
-16
-35
-57
-79
-101
-126
-147
-166
-183
-201
-217
-235
-254
-267
-284
-293
-299
-306
-310
-317
-322
-321
-317
-310
-299
-290
-281
-268
-256
-241
-221
-202
-181
-161
-145
-125
-104
-80
-55
-31
-14
4
21
38
60
78
95
111
121
131
142
152
161
174
178
182
188
188
195
200
203
207
210
206
203
202
197
199
197
190
188
177
164
157
144
135
128
113
95
80
60
40
28
9
-8
-25
-53
-73
-93
-112
-128
-141
-165
-183
-205
-230
-240
-249
-263
-268
-280
-295
-298
-316
-334
-325
-318
-306
-288
-299
-299
-279
-269
-241
-214
-207
-184
-159
-146
-115
-90
-75
-33
-10
3
30
45
77
124
145
164
180
179
201
233
246
270
288
290
305
308
304
319
329
335
344
335
321
323
321
320
323
309
296
285
268
259
248
234
224
212
194
173
151
134
123
109
93
67
41
20
-4
-14
-38
-71
-80
-101
-125
-134
-170
-196
-190
-208
-221
-230
-272
-284
-277
-293
-285
-288
-314
-304
-313
-332
-316
-316
-310
-276
-286
-301
-288
-293
-266
-218
-218
-203
-185
-197
-169
-141
-130
-87
-63
-60
-37
-29
-15
34
60
81
110
105
111
142
153
183
215
219
234
237
229
247
264
276
298
299
280
281
273
274
291
281
274
270
244
231
225
206
208
211
186
167
142
101
97
91
69
67
33
-4
-16
-44
-64
-68
-91
-108
-114
-146
-166
-175
-196
-194
-198
-224
-232
-245
-263
-256
-253
-258
-248
-253
-272
-260
-247
-239
-216
-212
-212
-192
-187
-180
-156
-146
-126
-94
-84
-70
-55
-50
-20
13
20
43
57
59
89
107
112
135
143
151
170
170
177
193
196
205
214
206
209
212
207
214
211
203
204
194
180
179
168
157
154
142
130
122
106
96
87
67
56
44
26
19
8
-12
-19
-34
-48
-57
-71
-86
-93
-105
-116
-123
-137
-144
-149
-160
-164
-172
-181
-184
-188
-194
-193
-193
-196
-194
-198
-198
-193
-187
-178
-171
-164
-157
-150
-142
-128
-115
-103
-84
-70
-54
-36
-23
-4
16
32
49
66
85
104
119
134
152
166
180
192
200
213
226
235
243
251
253
257
258
258
262
259
255
251
244
235
232
221
211
203
188
172
158
141
125
111
95
79
60
38
22
4
-13
-27
-43
-61
-74
-87
-104
-118
-131
-144
-156
-168
-181
-189
-196
-203
-209
-217
-223
-228
-231
-231
-229
-225
-224
-221
-220
-217
-209
-203
-191
-183
-175
-166
-154
-144
-131
-116
-104
-90
-76
-63
-49
-35
-20
-6
10
22
31
41
51
65
80
92
100
109
119
124
132
136
140
144
148
151
151
151
148
146
143
137
131
121
116
113
105
97
86
74
68
59
46
37
26
17
7
-5
-17
-27
-38
-47
-54
-62
-75
-82
-90
-98
-105
-113
-120
-123
-130
-134
-138
-143
-143
-144
-146
-145
-144
-143
-139
-135
-130
-125
-120
-113
-103
-94
-84
-72
-64
-53
-41
-33
-21
-8
6
21
34
47
62
75
87
99
110
120
132
144
153
163
171
175
179
183
184
185
186
187
188
188
183
179
174
166
160
152
144
138
128
121
113
101
91
81
69
58
45
30
19
13
2
-11
-22
-35
-46
-53
-62
-70
-78
-85
-88
-93
-100
-106
-111
-114
-115
-118
-122
-122
-121
-122
-124
-126
-125
-121
-120
-118
-114
-109
-105
-100
-97
-93
-89
-82
-77
-68
-61
-56
-47
-42
-36
-29
-22
-16
-7
0
5
12
17
24
29
33
40
44
46
51
54
56
60
58
60
60
60
61
60
59
58
58
57
53
50
46
42
37
32
27
22
18
14
9
1
-2
-9
-18
-22
-25
-31
-39
-45
-51
-51
-59
-63
-67
-73
-72
-73
-79
-81
-84
-91
-87
-90
-94
-89
-87
-87
-85
-86
-85
-79
-78
-75
-72
-67
-58
-52
-47
-39
-35
-28
-20
-13
-6
6
12
21
30
37
44
52
60
69
76
82
90
96
101
106
111
114
118
121
122
123
125
126
122
122
120
117
114
111
105
101
98
92
84
78
72
64
57
50
44
38
32
26
17
10
5
-3
-11
-15
-21
-30
-32
-37
-42
-46
-52
-54
-55
-61
-63
-64
-65
-64
-67
-69
-69
-69
-70
-70
-68
-66
-63
-61
-60
-57
-55
-53
-52
-49
-46
-42
-37
-32
-26
-24
-20
-16
-15
-10
-5
-2
4
10
12
14
17
21
24
24
27
28
29
32
35
36
37
33
31
30
30
29
28
26
24
21
19
17
14
11
9
5
2
0
-3
-7
-10
-14
-18
-21
-23
-26
-29
-30
-32
-35
-36
-38
-43
-43
-44
-46
-46
-47
-46
-46
-47
-45
-46
-45
-44
-42
-41
-38
-35
-34
-30
-29
-25
-22
-19
-16
-13
-9
-6
-2
2
6
8
13
17
20
24
29
32
36
39
43
46
50
53
55
58
60
61
62
62
63
65
66
69
69
68
68
67
66
64
63
61
61
59
56
52
49
46
43
38
35
32
27
24
19
15
13
10
7
2
-2
-5
-10
-14
-17
-19
-23
-25
-28
-30
-35
-36
-40
-41
-42
-43
-44
-45
-48
-49
-51
-51
-51
-50
-50
-51
-50
-51
-51
-50
-49
-48
-46
-45
-43
-42
-38
-35
-34
-32
-32
-30
-26
-24
-22
-19
-17
-16
-13
-10
-7
-5
-3
0
1
3
4
6
9
10
13
14
16
17
18
21
21
23
25
25
26
28
29
29
30
29
30
30
29
29
27
28
26
25
25
25
23
22
20
18
15
13
12
12
10
8
6
3
1
-1
-3
-5
-7
-7
-9
-12
-13
-15
-16
-17
-16
-19
-20
-20
-19
-21
-21
-21
-22
-22
-21
-21
-22
-20
-20
-20
-20
-18
-20
-18
-17
-17
-16
-15
-15
-13
-13
-12
-12
-11
-9
-9
-7
-5
-6
-4
-3
-1
0
1
3
4
7
6
8
11
11
14
15
17
17
19
20
21
22
22
23
23
23
26
26
23
24
22
22
24
22
22
20
19
18
17
13
14
12
11
11
10
8
7
4
3
3
-1
-1
-3
-7
-6
-8
-8
-9
-10
-14
-13
-15
-17
-17
-19
-18
-20
-21
-22
-24
-24
-26
-26
-28
-29
-29
-29
-28
-28
-28
-27
-29
-29
-27
-27
-25
-23
-24
-22
-20
-19
-18
-15
-12
-7
-7
-6
1
1
4
10
9
16
20
20
26
28
30
33
36
38
41
41
44
47
45
46
47
46
50
51
50
49
49
48
49
46
45
44
42
39
40
37
36
35
31
29
25
22
20
19
17
15
11
8
2
0
-4
-7
-9
-12
-16
-20
-23
-25
-30
-33
-35
-39
-42
-44
-46
-48
-49
-51
-54
-54
-56
-55
-56
-55
-55
-56
-54
-54
-55
-53
-52
-51
-48
-44
-40
-36
-34
-31
-28
-26
-21
-19
-14
-9
-5
0
5
9
12
17
22
24
28
31
32
35
35
39
39
41
43
45
45
46
46
46
46
46
44
44
43
42
41
40
39
37
34
33
29
27
26
22
19
18
14
11
7
3
0
-4
-5
-9
-13
-14
-18
-19
-23
-25
-28
-31
-34
-36
-39
-39
-41
-43
-42
-43
-44
-43
-44
-42
-41
-40
-39
-38
-35
-34
-31
-28
-24
-20
-19
-15
-12
-9
-5
-2
1
5
8
10
16
17
19
24
26
30
33
33
35
38
39
41
42
42
43
42
42
43
43
42
43
41
42
42
40
39
36
34
33
32
30
28
25
22
21
17
13
11
7
5
3
0
-2
-5
-9
-13
-16
-19
-21
-24
-28
-30
-34
-34
-35
-38
-40
-41
-42
-44
-45
-46
-47
-48
-48
-48
-48
-47
-45
-45
-45
-43
-42
-41
-39
-38
-36
-32
-29
-25
-24
-22
-18
-16
-14
-9
-8
-5
-1
1
5
8
10
12
14
16
17
20
22
24
25
27
29
31
32
33
33
33
36
36
37
37
36
36
37
37
36
37
35
36
35
34
33
32
29
27
25
23
21
19
17
15
12
9
7
3
2
0
-2
-4
-6
-8
-11
-12
-16
-18
-19
-22
-22
-24
-25
-25
-29
-28
-30
-30
-31
-32
-33
-34
-32
-34
-31
-30
-30
-29
-29
-28
-27
-27
-25
-23
-21
-20
-18
-16
-15
-14
-13
-9
-7
-6
-4
-1
1
3
5
7
9
10
10
13
14
16
18
19
20
22
22
24
26
25
26
27
28
28
28
28
29
28
27
29
28
28
28
29
28
28
27
25
25
22
23
22
19
17
15
12
12
10
9
7
6
6
6
3
-1
-2
-3
-4
-6
-9
-8
-10
-12
-14
-16
-16
-17
-18
-20
-20
-23
-22
-22
-21
-23
-23
-22
-21
-19
-20
-21
-19
-18
-18
-17
-16
-16
-13
-12
-11
-9
-9
-7
-8
-7
-5
-5
-4
-2
0
0
0
1
1
1
3
3
1
3
4
4
4
3
3
4
5
5
4
3
4
5
4
3
3
2
2
4
3
4
2
2
3
1
1
3
1
2
2
1
0
0
-1
-2
-1
-4
-3
-2
-4
-3
-3
-4
-4
-4
-5
-8
-7
-6
-6
-6
-6
-5
-6
-4
-4
-5
-3
-3
-2
0
1
1
0
2
2
3
4
4
4
4
5
4
6
4
5
6
7
7
5
7
8
8
7
8
8
7
7
7
7
8
8
7
8
9
8
8
8
7
8
8
7
8
7
7
7
7
6
5
5
5
4
4
4
3
4
3
3
2
2
2
1
2
-1
0
-1
-3
-2
-4
-5
-4
-4
-4
-4
-5
-6
-5
-6
-5
-5
-6
-6
-5
-5
-4
-3
-3
-3
-2
-3
-1
0
1
1
2
3
4
2
2
3
4
4
2
2
2
2
3
3
5
4
5
5
5
4
2
2
1
1
1
1
2
1
1
1
1
1
-1
0
-1
-3
-1
-2
-2
-2
-3
-3
-3
-3
-4
-3
-4
-6
-6
-6
-8
-8
-9
-8
-8
-8
-8
-9
-10
-10
-9
-8
-8
-9
-8
-10
-9
-9
-8
-8
-8
-8
-7
-6
-7
-5
-5
-5
-5
-5
-4
-3
-2
-1
0
-1
-1
0
0
2
2
1
1
2
1
2
2
3
2
4
4
3
4
3
5
3
3
4
4
3
4
4
5
4
3
4
3
4
3
4
4
5
4
4
4
3
3
2
0
0
0
0
-1
-1
-2
-2
-3
-3
-3
-3
-5
-4
-4
-5
-4
-5
-5
-6
-5
-6
-6
-6
-7
-6
-7
-6
-6
-5
-4
-6
-5
-5
-4
-4
-3
-2
-3
-3
-2
0
1
0
1
2
3
2
3
3
3
4
4
3
4
4
5
6
5
6
5
5
5
5
5
7
7
5
6
7
5
5
5
5
6
5
4
5
4
3
2
2
0
0
-1
-1
-2
-2
-2
-3
-2
-4
-4
-4
-6
-5
-7
-7
-8
-9
-9
-10
-11
-12
-11
-12
-14
-12
-13
-13
-12
-12
-13
-13
-13
-12
-13
-11
-11
-12
-11
-11
-10
-9
-6
-6
-5
-5
-4
-4
-4
-2
-2
1
1
2
2
4
5
5
5
6
7
7
7
9
9
11
11
12
10
11
10
11
11
12
13
11
13
11
11
12
12
8
8
8
7
8
5
6
6
5
5
3
0
1
-1
-3
0
-4
-4
-3
-5
-4
-5
-4
-6
-6
-6
-7
-6
-7
-7
-5
-6
-5
-6
-7
-4
-4
-5
-4
-4
-3
-2
-3
-1
0
0
4
2
6
6
7
6
8
7
6
8
8
10
8
14
12
14
14
15
18
15
21
18
20
22
22
25
21
24
24
23
24
23
26
23
25
25
25
23
21
19
16
15
15
13
14
12
11
8
6
5
3
2
2
-2
0
-6
-6
-8
-12
-14
-19
-18
-17
-22
-16
-24
-19
-21
-24
-19
-25
-19
-23
-21
-19
-23
-19
-22
-23
-17
-21
-18
-21
-17
-17
-19
-16
-17
-16
-17
-13
-13
-12
-9
-6
-4
-1
-1
3
2
4
4
4
8
6
9
5
9
8
9
10
6
11
12
10
18
11
14
15
11
17
11
12
12
9
10
8
2
12
-6
9
-11
6
-14
6
-21
5
-18
-11
1
-60
47
-77
39
-70
4
-15
-50
16
-63
11
-46
-8
-26
-26
-12
-28
-16
-26
-17
-21
-18
-16
-17
-13
-17
-7
-14
-6
-7
-6
-5
-1
-7
0
-6
0
2
-2
5
-1
8
3
5
6
7
11
9
10
12
12
15
16
15
19
17
18
19
19
19
20
17
20
18
17
19
19
19
19
16
14
13
14
12
15
14
10
10
6
6
5
3
4
3
1
-1
-1
-4
-4
-6
-4
-7
-7
-6
-5
-7
-4
-7
-7
-6
-6
-3
-9
1
-10
-1
-8
-4
-2
-9
2
-4
3
-1
0
-2
-2
2
0
5
3
6
5
8
8
9
8
11
11
11
14
14
15
15
15
14
15
16
15
17
16
19
18
17
17
14
19
14
16
11
12
10
11
10
7
8
3
5
2
-1
3
-4
0
-5
-6
-5
-10
-7
-11
-10
-9
-12
-9
-14
-10
-15
-16
-13
-20
-15
-19
-18
-19
-24
-19
-23
-20
-20
-18
-18
-19
-16
-14
-16
-14
-15
-12
-13
-15
-13
-15
-7
-13
-5
-9
-6
-6
-7
-1
-4
3
2
4
2
8
7
11
12
13
16
13
16
12
16
14
17
15
17
16
18
17
18
18
16
15
13
12
13
10
13
9
10
11
7
10
5
9
5
4
5
0
4
-2
-1
-2
-4
-3
-7
-2
-10
-6
-9
-6
-9
-4
-8
-5
-9
-5
-12
-9
-9
-11
-8
-11
-6
-9
-7
-7
-10
-5
-10
-5
-8
-5
-3
-6
-1
-9
1
-3
1
2
1
3
1
2
2
2
5
7
6
10
8
12
6
11
11
9
15
8
13
9
9
9
8
10
7
10
9
8
7
5
5
3
2
1
3
1
3
1
0
0
-1
-1
-4
-2
-5
-3
-5
-3
-6
-8
-6
-11
-5
-14
-8
-9
-7
-8
-11
-6
-11
-4
-13
-4
-13
-7
-9
-9
-4
-13
-3
-12
-6
-8
-9
-6
-10
-6
-6
-5
-4
-5
-4
-3
-4
-2
-2
-1
0
1
7
3
9
5
7
10
9
13
9
16
9
16
13
14
15
11
17
8
17
13
16
16
12
19
7
18
11
14
14
9
17
8
12
8
8
8
7
8
6
6
8
3
5
3
1
3
-1
0
-2
-2
1
-6
-2
-6
-5
-6
-8
-4
-10
-4
-8
-8
-9
-10
-7
-12
-8
-10
-10
-9
-12
-8
-12
-9
-10
-13
-7
-12
-6
-11
-8
-6
-10
-5
-10
-6
-8
-9
-4
-9
-2
-6
-2
-5
-6
0
-10
4
-8
2
-2
-2
3
-2
5
0
6
-1
5
2
2
5
1
4
3
4
5
3
6
2
8
1
7
5
0
9
-2
9
0
5
3
2
6
1
5
3
2
6
3
6
3
3
4
0
3
-2
0
-2
-2
0
-5
0
-4
-1
-4
-4
-3
-6
0
-6
-1
-3
-2
-1
-1
-3
-1
-4
-4
-3
-4
2
-3
0
-3
-4
1
-5
2
-6
2
-3
-1
3
-2
4
-1
4
-1
1
3
0
4
0
2
1
2
1
-1
0
-2
0
-1
0
-1
1
1
-1
2
1
2
0
1
-1
-2
0
-4
-1
-6
-3
-10
-8
-7
-8
-6
-10
-8
-11
-9
-8
-8
-10
-11
-12
-10
-13
-12
-11
-13
-11
-12
-10
-13
-11
-11
-10
-10
-11
-10
-10
-8
-10
-10
-9
-9
-9
-9
-8
-5
-6
-3
-4
-2
1
-2
0
0
0
2
3
6
5
5
7
6
10
8
9
9
9
11
9
10
10
9
9
9
9
9
10
9
11
11
11
11
10
12
13
12
14
12
14
13
12
12
9
13
8
11
9
8
10
6
9
4
5
4
2
5
2
4
0
1
1
0
0
-2
2
0
1
3
1
3
0
1
1
0
2
-1
2
0
1
1
1
4
2
3
2
4
4
4
3
1
2
0
3
0
4
-3
2
0
1
2
-1
4
-2
2
-2
-1
-1
-2
1
-1
0
-3
-3
-2
-3
-2
-3
-3
-2
-3
0
0
-1
-2
-2
-4
-4
-3
-4
-3
-6
-3
-6
-4
-4
-6
-4
-6
-5
-6
-6
-5
-3
-4
-5
-2
-5
-4
-3
-4
-5
-5
-2
-5
-4
-4
-4
-6
-5
-3
-5
-2
-5
-3
-3
-2
-2
-2
-2
-1
-3
-4
-4
-5
-3
-6
-3
-6
-2
-3
-2
0
-2
0
0
1
0
0
0
-1
0
1
-1
-1
-1
-2
-1
0
-1
-1
-1
1
1
0
1
-1
-1
-1
-1
0
-1
0
1
-1
0
-1
-2
-3
-3
-3
-4
-3
-4
-4
-4
-4
-3
-4
-2
-3
-3
-3
-4
-4
-6
-5
-6
-5
-6
-5
-4
-5
-4
-5
-4
-3
-2
-3
-2
-2
-3
-1
-1
-1
1
2
0
1
0
-1
0
1
4
2
3
2
4
3
4
5
4
6
4
5
5
6
4
4
4
5
5
4
4
6
5
5
4
4
5
4
5
4
4
4
3
4
5
4
4
3
5
3
4
5
4
4
3
3
5
4
3
1
0
0
0
-1
-1
0
-1
0
-1
-2
-3
-4
-2
-3
-3
-4
-4
-2
-3
-2
-2
-1
-2
-2
-2
-2
-4
-2
-3
-2
-1
-2
-1
-1
0
1
1
1
1
0
1
0
1
1
2
1
2
2
0
1
2
2
1
2
2
3
4
3
2
4
5
4
4
4
4
2
2
2
2
3
1
3
1
3
0
1
1
0
0
-2
-2
-2
0
-1
0
-1
0
-2
-1
-1
-2
0
-2
-2
-4
-3
-4
-3
-3
-4
-2
-4
-3
-4
-5
-2
-3
0
0
-1
0
0
1
0
3
0
0
2
1
1
3
3
1
2
4
5
3
5
3
2
2
2
0
1
4
1
3
4
2
3
2
3
1
0
2
0
2
-1
0
-1
2
0
-2
1
0
0
0
0
-2
-1
-1
-1
-2
-1
-1
-2
-2
-2
-2
-2
-3
-2
-4
-2
-4
-4
-4
-4
-4
-4
-3
-3
-2
-2
-3
-1
-2
-1
-1
-3
-1
-2
-2
-2
-2
-3
-2
-1
-3
-2
-1
-1
-2
-2
-2
-2
-2
-1
-1
-1
-1
1
0
-1
0
0
-1
-1
0
1
1
0
1
-1
0
-1
-1
-1
-2
-2
-2
-2
-2
-1
-2
-1
-3
-3
-2
-3
-2
-3
-2
-2
-2
-3
-1
-1
-2
-1
-1
-3
-1
-2
-3
-3
-2
-1
-3
-2
-2
-3
-2
-2
-3
-2
-1
0
-3
-2
-1
-1
-1
-2
0
-1
-1
0
-1
0
-1
-1
0
1
1
3
2
1
2
1
2
2
2
3
3
3
3
3
3
3
4
3
2
2
2
2
0
3
1
1
1
2
0
-2
0
0
-1
2
1
2
1
1
2
1
3
2
3
3
2
2
3
2
2
4
3
3
4
4
4
6
4
4
5
4
6
4
6
5
4
4
3
3
3
3
2
3
3
3
4
3
2
3
1
1
2
2
4
3
2
2
1
2
2
4
5
4
3
5
4
4
4
4
2
3
3
3
3
3
2
2
0
1
1
2
1
2
2
2
2
2
2
2
2
1
0
0
-1
-2
-3
-3
-2
-3
-2
-3
-3
-2
-2
-3
-3
-3
-3
-5
-3
-6
-6
-5
-6
-5
-5
-4
-6
-4
-4
-5
-5
-5
-6
-4
-4
-5
-4
-4
-4
-6
-5
-5
-5
-4
-5
-5
-4
-5
-3
-3
-2
-3
-1
-1
-1
0
-2
-1
0
0
-1
1
0
1
2
0
1
1
1
0
3
3
2
1
1
1
0
1
-1
1
1
1
0
0
-1
-2
-2
-2
-2
-3
-1
-2
-1
0
-2
-2
0
0
0
1
0
1
2
2
3
3
3
4
3
3
5
5
6
6
6
6
6
5
7
8
8
9
8
9
8
9
8
8
9
9
8
8
9
8
7
7
5
3
6
4
3
4
3
2
2
2
0
-2
-1
-2
-2
-2
-4
-5
-4
-5
-6
-5
-5
-4
-3
-2
-1
-1
0
0
1
2
3
2
4
4
3
5
6
6
5
5
6
4
5
5
4
5
4
4
3
2
0
0
-2
-3
-4
-4
-5
-7
-9
-10
-12
-12
-12
-12
-12
-12
-12
-12
-11
-11
-9
-9
-7
-6
-4
-2
-2
-1
0
1
2
2
3
2
3
3
3
3
3
3
1
1
0
-1
-2
-2
-2
-4
-5
-6
-9
-7
-10
-11
-10
-13
-13
-14
-15
-14
-15
-14
-14
-14
-14
-12
-11
-9
-9
-7
-5
-2
-1
1
3
5
7
7
8
9
12
10
12
