2.363279e+062 -3.882241e+058 -1.013636e+059 -1.792271e+059 -2.625942e+059 -3.372737e+059 -3.944551e+059 -4.200796e+059 -4.065489e+059 -3.489286e+059 -2.466014e+059 1.334048e+056 
2.363276e+062 -3.817689e+058 -9.976464e+058 -1.762557e+059 -2.579916e+059 -3.322037e+059 -3.883036e+059 -4.135217e+059 -4.001661e+059 -3.436478e+059 -2.429723e+059 1.292079e+056 
2.363277e+062 -3.786242e+058 -1.001563e+059 -1.762420e+059 -2.582435e+059 -3.327395e+059 -3.882913e+059 -4.131406e+059 -3.996465e+059 -3.431116e+059 -2.432721e+059 1.291557e+056 
2.363280e+062 -3.787974e+058 -9.981262e+058 -1.762170e+059 -2.588360e+059 -3.328203e+059 -3.891453e+059 -4.146119e+059 -4.010374e+059 -3.438619e+059 -2.430373e+059 1.294632e+056 
2.363275e+062 -3.717278e+058 -9.908933e+058 -1.747115e+059 -2.556235e+059 -3.311261e+059 -3.867002e+059 -4.110784e+059 -3.989869e+059 -3.416551e+059 -2.421436e+059 1.274061e+056 
2.363259e+062 -3.693113e+058 -9.904203e+058 -1.722406e+059 -2.588420e+059 -3.291551e+059 -3.872170e+059 -4.132634e+059 -3.986459e+059 -3.437487e+059 -2.436517e+059 1.275151e+056 
2.363128e+062 -2.359689e+058 -9.386672e+058 -1.321742e+059 -2.376371e+059 -2.972177e+059 -3.514532e+059 -3.881532e+059 -3.681837e+059 -3.311224e+059 -2.260613e+059 1.012143e+056 
2.362817e+062 1.227704e+058 -9.036637e+058 -4.244731e+058 -1.733415e+059 -2.589457e+059 -2.435567e+059 -3.517129e+059 -3.002962e+059 -2.810459e+059 -2.115875e+059 4.984968e+055 
2.361868e+062 1.161473e+059 -7.661348e+058 2.696707e+059 -2.736690e+058 -9.699101e+058 1.158713e+059 -2.924047e+059 -7.972201e+058 -1.217305e+059 -1.782305e+059 -4.086267e+055 
2.361424e+062 1.676109e+059 -7.045718e+058 4.021546e+059 5.946645e+058 -3.639379e+058 2.399875e+059 -1.787161e+059 -1.631052e+058 -8.126783e+058 -9.513282e+058 -3.335392e+055 
2.361638e+062 3.851526e+058 -3.123749e+059 -1.643240e+059 -5.187095e+059 -8.830896e+059 -6.963466e+059 -1.038691e+060 -9.562927e+059 -7.253708e+059 -5.939458e+059 4.737537e+056 
2.353461e+062 -2.562568e+060 -6.606433e+060 -1.120968e+061 -1.588302e+061 -1.989703e+061 -2.228724e+061 -2.238024e+061 -2.000176e+061 -1.581238e+061 -1.021252e+061 4.231959e+059 
2.346326e+062 -4.238557e+060 -1.053814e+061 -1.773696e+061 -2.519852e+061 -3.164252e+061 -3.535349e+061 -3.495177e+061 -3.046721e+061 -2.339495e+061 -1.468394e+061 1.049137e+060 
2.341128e+062 -5.051424e+060 -1.247880e+061 -2.041389e+061 -2.924511e+061 -3.665818e+061 -4.122741e+061 -4.098307e+061 -3.518706e+061 -2.681959e+061 -1.633879e+061 1.423988e+060 
2.334165e+062 -5.250641e+060 -1.182672e+061 -1.796005e+061 -2.630337e+061 -3.491849e+061 -4.169614e+061 -4.223963e+061 -3.507139e+061 -2.571976e+061 -1.499229e+061 1.321005e+060 
2.324060e+062 -5.956807e+060 -1.290171e+061 -1.780764e+061 -2.750775e+061 -3.672264e+061 -4.538942e+061 -4.728488e+061 -3.880816e+061 -2.845849e+061 -1.558108e+061 1.537270e+060 
2.332754e+062 -6.123247e+060 -1.435814e+061 -2.221594e+061 -3.204840e+061 -4.046630e+061 -4.672053e+061 -4.674933e+061 -3.909326e+061 -2.896495e+061 -1.675627e+061 1.781961e+060 
2.337962e+062 -6.044112e+060 -1.481683e+061 -2.372040e+061 -3.353134e+061 -4.072393e+061 -4.545989e+061 -4.533299e+061 -3.906823e+061 -2.977290e+061 -1.770728e+061 1.826478e+060 
2.342768e+062 -5.661060e+060 -1.430849e+061 -2.391949e+061 -3.342267e+061 -4.044270e+061 -4.446313e+061 -4.367872e+061 -3.812107e+061 -2.926572e+061 -1.796051e+061 1.756858e+060 
2.346080e+062 -4.429571e+060 -1.143184e+061 -1.907751e+061 -2.692250e+061 -3.199074e+061 -3.527858e+061 -3.435710e+061 -2.973200e+061 -2.308744e+061 -1.410821e+061 1.091238e+060 
2.356331e+062 -1.773515e+060 -4.420639e+060 -7.246204e+060 -1.046152e+061 -1.287075e+061 -1.492608e+061 -1.549370e+061 -1.432853e+061 -1.180558e+061 -7.735886e+060 1.961018e+059 
2.348325e+062 -4.843555e+059 -1.266003e+060 -3.123711e+060 -4.990227e+060 -5.796259e+060 -8.285489e+060 -9.392304e+060 -8.900395e+060 -7.679073e+060 -4.546024e+060 4.679454e+058 
2.324935e+062 1.594665e+060 5.788545e+060 7.741386e+060 5.924516e+060 5.871025e+060 2.239080e+060 2.143358e+060 1.197292e+060 1.189275e+059 1.952695e+060 1.640358e+058 
2.334462e+062 1.317882e+060 4.919934e+060 4.973149e+060 5.453621e+059 6.027202e+059 8.345399e+059 2.816388e+060 7.830113e+059 -9.830618e+059 1.736139e+059 -8.489560e+056 
2.346366e+062 8.576827e+059 3.510995e+060 3.696299e+060 1.531529e+060 1.693772e+060 1.572788e+060 2.555318e+060 1.443199e+060 1.090842e+060 9.488341e+059 7.887860e+057 
2.355597e+062 1.571394e+059 1.590040e+060 2.144623e+060 1.052315e+060 6.204150e+059 9.473157e+059 1.261905e+060 4.273588e+059 7.623103e+058 4.312094e+059 1.077393e+057 
2.362606e+062 4.610416e+056 7.325547e+058 -1.431862e+058 -2.400315e+059 -3.153043e+059 -2.195182e+059 -1.809152e+059 -3.095687e+059 -3.504632e+059 -2.253161e+059 1.353221e+055 
2.363225e+062 -4.020277e+058 -9.749395e+058 -1.712164e+059 -2.576152e+059 -3.361983e+059 -3.906193e+059 -4.152598e+059 -4.071170e+059 -3.525378e+059 -2.472063e+059 1.308285e+056 
2.363272e+062 -3.800953e+058 -9.996684e+058 -1.776457e+059 -2.610522e+059 -3.356952e+059 -3.906067e+059 -4.158197e+059 -4.030556e+059 -3.455798e+059 -2.442271e+059 1.308600e+056 
2.363277e+062 -3.750387e+058 -9.872148e+058 -1.750617e+059 -2.568670e+059 -3.304641e+059 -3.859706e+059 -4.105993e+059 -3.968621e+059 -3.401167e+059 -2.409328e+059 1.271825e+056 
2.363279e+062 -3.815035e+058 -9.981350e+058 -1.768466e+059 -2.598404e+059 -3.345389e+059 -3.899860e+059 -4.159507e+059 -4.017998e+059 -3.451292e+059 -2.442974e+059 1.303577e+056 
2.363279e+062 -3.807898e+058 -9.996252e+058 -1.763024e+059 -2.584442e+059 -3.318161e+059 -3.865880e+059 -4.107146e+059 -3.967301e+059 -3.404362e+059 -2.409742e+059 1.282978e+056 
2.363271e+062 -3.787588e+058 -1.000877e+059 -1.772856e+059 -2.594687e+059 -3.335281e+059 -3.892670e+059 -4.151467e+059 -4.009608e+059 -3.435826e+059 -2.436139e+059 1.298984e+056 
2.363273e+062 -3.807997e+058 -1.003019e+059 -1.761354e+059 -2.575423e+059 -3.320147e+059 -3.879027e+059 -4.127842e+059 -4.001535e+059 -3.430832e+059 -2.428810e+059 1.290676e+056 
