2.363291e+062 -3.828403e+058 -1.004353e+059 -1.782864e+059 -2.607796e+059 -3.357297e+059 -3.911911e+059 -4.160898e+059 -4.021369e+059 -3.448626e+059 -2.441592e+059 1.311144e+056 
2.363290e+062 -3.829261e+058 -1.005956e+059 -1.784632e+059 -2.611203e+059 -3.363251e+059 -3.917903e+059 -4.167294e+059 -4.027245e+059 -3.453895e+059 -2.445365e+059 1.314795e+056 
2.363291e+062 -3.827486e+058 -1.004800e+059 -1.782197e+059 -2.606860e+059 -3.357521e+059 -3.911865e+059 -4.160180e+059 -4.020547e+059 -3.448326e+059 -2.441453e+059 1.310871e+056 
2.363291e+062 -3.815398e+058 -1.002394e+059 -1.777954e+059 -2.601307e+059 -3.349743e+059 -3.902916e+059 -4.151617e+059 -4.011874e+059 -3.441074e+059 -2.436333e+059 1.304899e+056 
2.363290e+062 -3.835213e+058 -1.006423e+059 -1.785485e+059 -2.611806e+059 -3.363037e+059 -3.918301e+059 -4.167482e+059 -4.028324e+059 -3.454776e+059 -2.445577e+059 1.315552e+056 
2.363290e+062 -3.831793e+058 -1.007051e+059 -1.786334e+059 -2.614060e+059 -3.364529e+059 -3.920977e+059 -4.170895e+059 -4.030733e+059 -3.457161e+059 -2.447258e+059 1.317004e+056 
2.363291e+062 -3.835360e+058 -1.006487e+059 -1.785009e+059 -2.610321e+059 -3.361760e+059 -3.917266e+059 -4.166466e+059 -4.027234e+059 -3.453381e+059 -2.444947e+059 1.314827e+056 
2.363290e+062 -3.817869e+058 -1.004817e+059 -1.783825e+059 -2.605594e+059 -3.355838e+059 -3.913170e+059 -4.160383e+059 -4.020189e+059 -3.449757e+059 -2.442298e+059 1.310637e+056 
2.363282e+062 -3.686007e+058 -9.976895e+058 -1.784906e+059 -2.576288e+059 -3.328343e+059 -3.915976e+059 -4.144551e+059 -3.991161e+059 -3.445027e+059 -2.440215e+059 1.293722e+056 
2.363285e+062 -3.796185e+058 -1.004728e+059 -1.780023e+059 -2.606866e+059 -3.347572e+059 -3.924536e+059 -4.158412e+059 -4.021818e+059 -3.453874e+059 -2.439193e+059 1.309362e+056 
2.363259e+062 -4.717980e+058 -1.226795e+059 -2.120129e+059 -3.058050e+059 -3.807849e+059 -4.361502e+059 -4.514761e+059 -4.268045e+059 -3.610796e+059 -2.510021e+059 1.663611e+056 
2.360899e+062 -7.327832e+059 -1.836301e+060 -3.045243e+060 -4.144176e+060 -4.851483e+060 -5.122993e+060 -4.840562e+060 -4.121880e+060 -3.099283e+060 -1.892657e+060 2.314062e+058 
2.348195e+062 -4.383814e+060 -1.066531e+061 -1.710660e+061 -2.213455e+061 -2.453490e+061 -2.400609e+061 -2.083570e+061 -1.599760e+061 -1.064313e+061 -5.727313e+060 5.252747e+059 
2.343820e+062 -5.518826e+060 -1.354358e+061 -2.190473e+061 -2.901408e+061 -3.279174e+061 -3.309953e+061 -2.975843e+061 -2.375132e+061 -1.664141e+061 -9.390984e+060 1.009283e+060 
2.335993e+062 -7.236687e+060 -1.749054e+061 -2.732636e+061 -3.530416e+061 -3.811974e+061 -3.668460e+061 -3.120243e+061 -2.299580e+061 -1.490913e+061 -7.507508e+060 1.263503e+060 
2.326858e+062 -9.182201e+060 -2.208781e+061 -3.397331e+061 -4.399266e+061 -4.696872e+061 -4.483528e+061 -3.761296e+061 -2.648746e+061 -1.618311e+061 -7.087365e+060 1.868531e+060 
2.326910e+062 -9.691150e+060 -2.324604e+061 -3.602736e+061 -4.566150e+061 -4.854511e+061 -4.521160e+061 -3.682020e+061 -2.502554e+061 -1.367982e+061 -4.837057e+060 1.855562e+060 
2.331159e+062 -8.299795e+060 -1.970867e+061 -3.023954e+061 -3.796546e+061 -4.052067e+061 -3.783411e+061 -3.079526e+061 -2.087955e+061 -1.117400e+061 -3.724262e+060 1.269957e+060 
2.339035e+062 -5.764191e+060 -1.335055e+061 -1.984681e+061 -2.544914e+061 -2.813693e+061 -2.800404e+061 -2.510620e+061 -1.858280e+061 -1.136562e+061 -4.826695e+060 7.092657e+059 
2.352267e+062 -2.304822e+060 -4.742224e+060 -6.279689e+060 -7.579210e+060 -9.247064e+060 -1.079488e+061 -1.162369e+061 -1.067838e+061 -7.935938e+060 -4.617945e+060 1.222827e+059 
2.355331e+062 -1.436201e+060 -2.457644e+060 -2.650367e+060 -2.914200e+060 -4.169369e+060 -5.944283e+060 -7.172443e+060 -7.009494e+060 -5.407397e+060 -3.236390e+060 3.701106e+058 
2.356971e+062 -1.499809e+060 -3.301572e+060 -5.010252e+060 -6.771096e+060 -8.633169e+060 -1.010648e+061 -1.060334e+061 -9.795984e+060 -7.790622e+060 -5.062316e+060 9.295637e+058 
2.360539e+062 -6.308886e+059 -1.319137e+060 -1.851019e+060 -2.283799e+060 -2.725804e+060 -3.121674e+060 -3.321157e+060 -3.174314e+060 -2.633038e+060 -1.779688e+060 1.095520e+058 
2.362048e+062 -3.812310e+059 -9.424939e+059 -1.571777e+060 -2.175558e+060 -2.680147e+060 -3.021101e+060 -3.134171e+060 -2.971317e+060 -2.501430e+060 -1.735556e+060 8.545915e+057 
2.362827e+062 -1.779385e+059 -4.515347e+059 -7.723328e+059 -1.091342e+060 -1.362927e+060 -1.545630e+060 -1.605198e+060 -1.517256e+060 -1.271838e+060 -8.784112e+059 2.141351e+057 
2.363212e+062 -6.806179e+058 -1.747214e+059 -3.037093e+059 -4.375222e+059 -5.575538e+059 -6.452585e+059 -6.823679e+059 -6.556424e+059 -5.575872e+059 -3.908178e+059 3.642137e+056 
2.363278e+062 -4.600908e+058 -1.205339e+059 -2.133353e+059 -3.115158e+059 -4.004959e+059 -4.656609e+059 -4.943721e+059 -4.768002e+059 -4.079181e+059 -2.880962e+059 1.860921e+056 
2.363289e+062 -3.870251e+058 -1.015500e+059 -1.800959e+059 -2.634218e+059 -3.392491e+059 -3.951824e+059 -4.202910e+059 -4.061022e+059 -3.482425e+059 -2.465246e+059 1.338118e+056 
2.363289e+062 -3.845209e+058 -1.009372e+059 -1.789991e+059 -2.618480e+059 -3.371739e+059 -3.928376e+059 -4.177393e+059 -4.037341e+059 -3.461996e+059 -2.450960e+059 1.322076e+056 
2.363291e+062 -3.832173e+058 -1.005447e+059 -1.784361e+059 -2.610009e+059 -3.361669e+059 -3.915627e+059 -4.163892e+059 -4.024753e+059 -3.451764e+059 -2.443450e+059 1.313584e+056 
2.363289e+062 -3.819206e+058 -1.002455e+059 -1.778554e+059 -2.602541e+059 -3.351196e+059 -3.904980e+059 -4.152939e+059 -4.013914e+059 -3.441748e+059 -2.436771e+059 1.305946e+056 
2.363289e+062 -3.815985e+058 -1.001320e+059 -1.776139e+059 -2.598401e+059 -3.346621e+059 -3.898717e+059 -4.146564e+059 -4.007980e+059 -3.436764e+059 -2.432821e+059 1.302237e+056 
2.363290e+062 -3.841187e+058 -1.008224e+059 -1.788295e+059 -2.617042e+059 -3.370113e+059 -3.925832e+059 -4.174968e+059 -4.034960e+059 -3.460761e+059 -2.449846e+059 1.320318e+056 
2.363290e+062 -3.815450e+058 -1.001689e+059 -1.775940e+059 -2.598847e+059 -3.347525e+059 -3.898567e+059 -4.147142e+059 -4.008444e+059 -3.436968e+059 -2.433565e+059 1.302533e+056 
2.363290e+062 -3.831475e+058 -1.005695e+059 -1.785008e+059 -2.612540e+059 -3.363575e+059 -3.920011e+059 -4.167947e+059 -4.029571e+059 -3.455134e+059 -2.446529e+059 1.315631e+056 
2.363292e+062 -3.841313e+058 -1.008378e+059 -1.788524e+059 -2.616834e+059 -3.370231e+059 -3.925997e+059 -4.175062e+059 -4.035645e+059 -3.460571e+059 -2.449962e+059 1.320444e+056 
