2.363284e+062 -3.837403e+058 -1.012128e+059 -1.798359e+059 -2.627189e+059 -3.390274e+059 -3.954427e+059 -4.204323e+059 -4.060555e+059 -3.485634e+059 -2.466095e+059 1.334941e+056 
2.363281e+062 -3.860281e+058 -1.016322e+059 -1.803785e+059 -2.642782e+059 -3.403760e+059 -3.968196e+059 -4.218653e+059 -4.082287e+059 -3.499923e+059 -2.477719e+059 1.346521e+056 
2.363279e+062 -3.787876e+058 -9.962590e+058 -1.770508e+059 -2.593425e+059 -3.342722e+059 -3.898142e+059 -4.145125e+059 -4.009652e+059 -3.440118e+059 -2.435543e+059 1.298356e+056 
2.363280e+062 -3.755121e+058 -9.954389e+058 -1.764162e+059 -2.584121e+059 -3.336567e+059 -3.885229e+059 -4.131594e+059 -3.998404e+059 -3.429140e+059 -2.429292e+059 1.290047e+056 
2.363281e+062 -3.781512e+058 -9.955764e+058 -1.768346e+059 -2.588878e+059 -3.337893e+059 -3.887604e+059 -4.138909e+059 -4.001273e+059 -3.430617e+059 -2.431803e+059 1.293795e+056 
2.363287e+062 -3.744734e+058 -9.878315e+058 -1.754329e+059 -2.571697e+059 -3.312760e+059 -3.863320e+059 -4.107417e+059 -3.972824e+059 -3.407922e+059 -2.411941e+059 1.274707e+056 
2.363290e+062 -3.768070e+058 -9.910961e+058 -1.758188e+059 -2.580284e+059 -3.322506e+059 -3.874887e+059 -4.122327e+059 -3.982967e+059 -3.416074e+059 -2.419488e+059 1.282795e+056 
2.363291e+062 -3.779324e+058 -9.948522e+058 -1.765155e+059 -2.583615e+059 -3.333829e+059 -3.884304e+059 -4.130122e+059 -3.994180e+059 -3.424787e+059 -2.423485e+059 1.289661e+056 
2.363287e+062 -3.806581e+058 -1.002537e+059 -1.779448e+059 -2.602874e+059 -3.355808e+059 -3.910917e+059 -4.160470e+059 -4.021006e+059 -3.451598e+059 -2.442568e+059 1.308616e+056 
2.363285e+062 -3.865272e+058 -1.016620e+059 -1.806092e+059 -2.643718e+059 -3.405532e+059 -3.967042e+059 -4.223600e+059 -4.079337e+059 -3.501018e+059 -2.477751e+059 1.347611e+056 
2.362972e+062 -5.006528e+057 -2.569772e+058 -1.402275e+059 -2.412501e+059 -2.523062e+059 -2.974742e+059 -3.817186e+059 -3.715722e+059 -2.870680e+059 -2.100451e+059 7.146761e+055 
2.070810e+062 3.572069e+061 8.376365e+061 3.357951e+061 -1.578056e+060 8.743424e+061 1.500391e+062 8.380228e+061 2.594256e+061 5.474493e+061 6.471141e+061 1.116746e+061 
2.190479e+062 2.065360e+061 3.745587e+061 2.019994e+061 1.332986e+061 5.571679e+061 6.321444e+061 3.905664e+061 1.850155e+061 3.226945e+061 2.918946e+061 3.103925e+060 
1.467685e+062 6.728254e+061 2.228491e+062 1.809880e+062 9.934328e+061 2.649956e+062 5.039243e+062 5.537503e+062 5.035607e+062 5.285289e+062 5.093987e+062 2.290119e+062 
1.165221e+062 8.250250e+061 2.730278e+062 2.377151e+062 2.277950e+062 5.456308e+062 9.277686e+062 1.177706e+063 1.454647e+063 1.793188e+063 1.856207e+063 1.131336e+063 
2.024896e+062 4.276961e+061 6.340320e+061 3.463940e+061 5.199877e+061 1.146181e+062 1.212618e+062 9.092791e+061 6.956211e+061 8.056438e+061 6.536310e+061 1.424042e+061 
2.026777e+062 4.331733e+061 5.552576e+061 3.647297e+061 6.369611e+061 1.095417e+062 1.070753e+062 9.715891e+061 7.714846e+061 7.343738e+061 6.398897e+061 1.345147e+061 
1.956667e+062 4.880135e+061 8.318953e+061 4.364597e+061 5.066097e+061 1.514977e+062 1.614808e+062 1.012466e+062 9.179890e+061 1.193058e+062 9.069877e+061 2.411233e+061 
2.238475e+062 1.687751e+061 2.197973e+061 1.172750e+061 2.020056e+061 4.090061e+061 3.661554e+061 2.245394e+061 1.678849e+061 2.398459e+061 1.982115e+061 1.544245e+060 
2.343031e+062 2.131213e+060 2.926345e+060 7.515401e+059 1.340160e+060 6.466510e+060 4.990771e+060 4.212669e+059 1.368828e+060 2.586938e+060 1.712871e+060 2.034847e+058 
2.247630e+062 -2.015474e+061 -2.980751e+061 -2.227578e+061 -8.343741e+060 1.832907e+059 -1.461442e+060 -9.512733e+060 -1.780698e+061 -2.323786e+061 -2.139982e+061 1.562818e+060 
2.168783e+062 -3.574149e+061 -4.929856e+061 -2.204101e+061 2.561313e+061 5.872587e+061 5.593595e+061 2.320425e+061 -1.508858e+061 -3.639202e+061 -3.272417e+061 5.069850e+060 
2.182219e+062 -3.706720e+061 -5.878735e+061 -4.246819e+061 5.198254e+059 3.932791e+061 4.860791e+061 2.578098e+061 -9.796792e+060 -3.319316e+061 -3.200697e+061 4.389099e+060 
2.276928e+062 -1.890554e+061 -3.455008e+061 -3.611996e+061 -2.410451e+061 -7.319935e+060 4.036303e+060 4.730930e+060 -2.879250e+060 -1.127744e+061 -1.338390e+061 7.710293e+059 
2.277103e+062 -1.776848e+061 -3.051354e+061 -2.905015e+061 -1.710017e+061 -4.962743e+060 -1.207911e+059 -2.793862e+060 -8.155852e+060 -1.129015e+061 -1.013128e+061 7.194570e+059 
2.253129e+062 -2.357053e+061 -4.067900e+061 -3.632023e+061 -1.312080e+061 1.345601e+061 2.776474e+061 2.414885e+061 8.500111e+060 -7.487305e+060 -1.397975e+061 6.242377e+059 
2.239599e+062 -2.598740e+061 -4.402908e+061 -3.849171e+061 -1.400950e+061 1.238080e+061 2.572305e+061 2.198129e+061 7.332306e+060 -7.662267e+060 -1.382028e+061 7.022894e+059 
2.282051e+062 -1.756098e+061 -3.080594e+061 -2.808107e+061 -1.005764e+061 1.203757e+061 2.500139e+061 2.258137e+061 8.759500e+060 -6.005537e+060 -1.208748e+061 3.906506e+059 
2.342714e+062 -4.347814e+060 -8.013410e+060 -9.070240e+060 -8.151833e+060 -7.074642e+060 -6.911871e+060 -7.375160e+060 -7.598929e+060 -7.011057e+060 -5.377115e+060 1.403566e+059 
2.354070e+062 -2.389841e+060 -5.284107e+060 -7.587514e+060 -8.804705e+060 -9.117961e+060 -9.050666e+060 -8.975664e+060 -8.809271e+060 -8.049556e+060 -6.109309e+060 1.260969e+059 
2.358376e+062 -1.441712e+060 -3.476292e+060 -5.595140e+060 -7.415937e+060 -8.748914e+060 -9.538943e+060 -9.744775e+060 -9.256440e+060 -7.908738e+060 -5.589146e+060 9.526450e+058 
2.361330e+062 -6.724741e+059 -1.732725e+060 -3.012280e+060 -4.318566e+060 -5.456269e+060 -6.246622e+060 -6.540940e+060 -6.231662e+060 -5.270082e+060 -3.676475e+060 3.446081e+058 
2.362264e+062 -3.835315e+059 -9.999529e+059 -1.759650e+060 -2.550767e+060 -3.250288e+060 -3.742012e+060 -3.927236e+060 -3.740193e+060 -3.155703e+060 -2.194295e+060 1.206272e+058 
2.363097e+062 -1.033400e+059 -2.700322e+059 -4.764390e+059 -6.924850e+059 -8.854310e+059 -1.024448e+060 -1.080950e+060 -1.035872e+060 -8.807829e+059 -6.173079e+059 9.027679e+056 
2.363279e+062 -4.005680e+058 -1.054583e+059 -1.868082e+059 -2.727586e+059 -3.509781e+059 -4.088612e+059 -4.344053e+059 -4.195101e+059 -3.596060e+059 -2.541802e+059 1.432485e+056 
2.363276e+062 -3.894318e+058 -1.023115e+059 -1.815913e+059 -2.656650e+059 -3.418927e+059 -3.983032e+059 -4.234742e+059 -4.090023e+059 -3.506538e+059 -2.483782e+059 1.358611e+056 
2.363276e+062 -3.822963e+058 -1.005479e+059 -1.787194e+059 -2.621377e+059 -3.370798e+059 -3.927324e+059 -4.179662e+059 -4.040124e+059 -3.468634e+059 -2.452563e+059 1.320818e+056 
2.363280e+062 -3.794759e+058 -1.001991e+059 -1.777583e+059 -2.598863e+059 -3.354289e+059 -3.902753e+059 -4.152466e+059 -4.014479e+059 -3.441108e+059 -2.437202e+059 1.304262e+056 
2.363285e+062 -3.774577e+058 -9.961308e+058 -1.766547e+059 -2.588206e+059 -3.334290e+059 -3.886328e+059 -4.132139e+059 -3.996751e+059 -3.426964e+059 -2.428418e+059 1.291519e+056 
2.363288e+062 -3.808297e+058 -1.002773e+059 -1.780227e+059 -2.606651e+059 -3.357095e+059 -3.908567e+059 -4.160114e+059 -4.020288e+059 -3.448198e+059 -2.442801e+059 1.308956e+056 
2.363287e+062 -3.835115e+058 -1.007524e+059 -1.792216e+059 -2.626802e+059 -3.377752e+059 -3.938597e+059 -4.186487e+059 -4.048781e+059 -3.474222e+059 -2.459250e+059 1.326827e+056 
2.363287e+062 -3.816250e+058 -1.004895e+059 -1.788120e+059 -2.613227e+059 -3.365831e+059 -3.924225e+059 -4.173334e+059 -4.034299e+059 -3.461119e+059 -2.452180e+059 1.317415e+056 
2.363287e+062 -3.796788e+058 -9.978123e+058 -1.777230e+059 -2.598691e+059 -3.348003e+059 -3.902350e+059 -4.153864e+059 -4.015704e+059 -3.444247e+059 -2.439165e+059 1.303210e+056 
