2.363291e+062 -3.838593e+058 -1.006782e+059 -1.785483e+059 -2.611788e+059 -3.362794e+059 -3.917380e+059 -4.166157e+059 -4.026660e+059 -3.453069e+059 -2.444530e+059 1.315284e+056 
2.363291e+062 -3.834968e+058 -1.006202e+059 -1.784534e+059 -2.610478e+059 -3.362459e+059 -3.916766e+059 -4.165274e+059 -4.025428e+059 -3.452146e+059 -2.443867e+059 1.314341e+056 
2.363291e+062 -3.840296e+058 -1.007681e+059 -1.787412e+059 -2.615292e+059 -3.367712e+059 -3.922941e+059 -4.172345e+059 -4.032271e+059 -3.457931e+059 -2.448063e+059 1.318639e+056 
2.363291e+062 -3.838243e+058 -1.006927e+059 -1.786130e+059 -2.612905e+059 -3.364688e+059 -3.919497e+059 -4.168394e+059 -4.028918e+059 -3.455140e+059 -2.445910e+059 1.316450e+056 
2.363291e+062 -3.839191e+058 -1.007531e+059 -1.787008e+059 -2.613836e+059 -3.366459e+059 -3.920943e+059 -4.169821e+059 -4.030312e+059 -3.456105e+059 -2.446681e+059 1.317490e+056 
2.363292e+062 -3.829284e+058 -1.004903e+059 -1.782409e+059 -2.607366e+059 -3.357359e+059 -3.910891e+059 -4.159074e+059 -4.019423e+059 -3.446445e+059 -2.439912e+059 1.310577e+056 
2.363291e+062 -3.825572e+058 -1.003924e+059 -1.780474e+059 -2.604530e+059 -3.354684e+059 -3.907612e+059 -4.155756e+059 -4.016310e+059 -3.444576e+059 -2.438364e+059 1.308329e+056 
2.363291e+062 -3.830861e+058 -1.005115e+059 -1.782322e+059 -2.607522e+059 -3.357568e+059 -3.911608e+059 -4.159836e+059 -4.020523e+059 -3.448198e+059 -2.441057e+059 1.311113e+056 
2.363291e+062 -3.834715e+058 -1.006219e+059 -1.784810e+059 -2.611184e+059 -3.362183e+059 -3.916524e+059 -4.165073e+059 -4.025430e+059 -3.451939e+059 -2.443606e+059 1.314366e+056 
2.363292e+062 -3.835783e+058 -1.006079e+059 -1.784380e+059 -2.609632e+059 -3.360524e+059 -3.914327e+059 -4.162852e+059 -4.023753e+059 -3.450334e+059 -2.442689e+059 1.313339e+056 
2.363303e+062 -3.845319e+058 -1.008225e+059 -1.788049e+059 -2.614995e+059 -3.366860e+059 -3.922397e+059 -4.171152e+059 -4.030907e+059 -3.456683e+059 -2.447130e+059 1.318590e+056 
2.361629e+062 -3.596496e+059 -6.220702e+059 -6.394098e+059 -4.871748e+059 -3.401923e+059 -3.332873e+059 -4.867721e+059 -7.151593e+059 -8.685748e+059 -7.855555e+059 1.158628e+057 
2.347281e+062 -2.700037e+060 -3.864322e+060 -2.334127e+060 1.098556e+060 4.741406e+060 6.825972e+060 6.521727e+060 4.329642e+060 1.561879e+060 -3.902837e+059 3.792451e+057 
2.234216e+062 -1.571516e+061 -1.303807e+061 5.105959e+060 2.388376e+061 3.965649e+061 5.082566e+061 5.076492e+061 3.467539e+061 1.040180e+061 -5.247049e+060 1.050152e+060 
2.158457e+062 -2.389322e+061 -1.372324e+061 2.280530e+061 5.261087e+061 6.478912e+061 6.506691e+061 5.452051e+061 3.118608e+061 4.658975e+060 -8.596490e+060 2.887176e+060 
2.204630e+062 -1.674574e+061 -6.094067e+060 2.285164e+061 4.199489e+061 4.370434e+061 3.712713e+061 2.838901e+061 1.728927e+061 5.846655e+060 -7.026203e+059 1.001135e+060 
2.239172e+062 -1.010834e+061 4.111537e+060 2.991849e+061 3.918703e+061 2.751366e+061 1.287807e+061 9.896373e+060 1.472145e+061 1.497327e+061 7.455546e+060 2.722218e+059 
2.268679e+062 -4.402893e+060 1.132438e+061 3.127091e+061 3.132635e+061 1.351284e+061 -2.462839e+060 -1.890393e+060 1.023534e+061 1.723688e+061 1.166188e+061 1.263849e+059 
2.312475e+062 -2.407814e+060 5.815458e+060 1.643221e+061 1.589367e+061 5.444905e+060 -3.693641e+060 -2.124363e+060 6.282045e+060 1.072734e+061 7.037569e+060 3.505901e+058 
2.320422e+062 -1.499320e+060 6.822060e+060 1.667290e+061 1.515984e+061 2.991024e+060 -6.996113e+060 -5.131996e+060 4.369649e+060 9.652789e+060 6.132393e+060 2.773388e+058 
2.321624e+062 -6.660675e+059 8.075187e+060 1.611913e+061 1.141049e+061 -1.322115e+060 -7.526620e+060 -1.459400e+060 8.062309e+060 9.744560e+060 3.938986e+060 9.797571e+058 
2.351071e+062 5.385340e+058 2.431846e+060 3.670994e+060 1.464830e+060 -1.359307e+060 -1.700983e+060 2.331893e+059 1.766083e+060 1.234687e+060 -6.585907e+058 5.217674e+057 
2.362316e+062 -1.442305e+059 -2.546958e+059 -4.351259e+059 -7.597967e+059 -1.115181e+060 -1.349979e+060 -1.383555e+060 -1.227293e+060 -9.746193e+059 -6.826174e+059 1.222362e+057 
2.363023e+062 -9.496630e+058 -2.336612e+059 -4.070248e+059 -6.039333e+059 -7.905753e+059 -9.232670e+059 -9.693723e+059 -9.169967e+059 -7.703182e+059 -5.378407e+059 7.042654e+056 
2.363279e+062 -4.166407e+058 -1.078464e+059 -1.905731e+059 -2.801572e+059 -3.623092e+059 -4.226072e+059 -4.480840e+059 -4.312642e+059 -3.690364e+059 -2.611367e+059 1.516250e+056 
2.363292e+062 -3.874372e+058 -1.013221e+059 -1.796610e+059 -2.630345e+059 -3.389806e+059 -3.950785e+059 -4.200557e+059 -4.056926e+059 -3.477171e+059 -2.461478e+059 1.335196e+056 
2.363290e+062 -3.832962e+058 -1.005384e+059 -1.782838e+059 -2.607529e+059 -3.358126e+059 -3.911748e+059 -4.160746e+059 -4.021361e+059 -3.447981e+059 -2.440650e+059 1.311498e+056 
2.363291e+062 -3.843093e+058 -1.008066e+059 -1.787967e+059 -2.615263e+059 -3.367644e+059 -3.923091e+059 -4.171815e+059 -4.031906e+059 -3.457343e+059 -2.447499e+059 1.318800e+056 
2.363291e+062 -3.834838e+058 -1.005723e+059 -1.783963e+059 -2.609392e+059 -3.360117e+059 -3.914181e+059 -4.162599e+059 -4.022899e+059 -3.449697e+059 -2.442096e+059 1.312907e+056 
2.363291e+062 -3.844463e+058 -1.007987e+059 -1.787461e+059 -2.614662e+059 -3.367671e+059 -3.923267e+059 -4.171958e+059 -4.031686e+059 -3.457346e+059 -2.447523e+059 1.318708e+056 
2.363291e+062 -3.833176e+058 -1.005715e+059 -1.784079e+059 -2.609743e+059 -3.360793e+059 -3.915290e+059 -4.163923e+059 -4.024208e+059 -3.450836e+059 -2.443005e+059 1.313375e+056 
2.363291e+062 -3.830329e+058 -1.004201e+059 -1.781834e+059 -2.606372e+059 -3.355959e+059 -3.910098e+059 -4.158558e+059 -4.018855e+059 -3.446402e+059 -2.439837e+059 1.309971e+056 
2.363291e+062 -3.831459e+058 -1.005439e+059 -1.783726e+059 -2.609077e+059 -3.360315e+059 -3.914961e+059 -4.162788e+059 -4.022873e+059 -3.450436e+059 -2.442174e+059 1.312766e+056 
2.363290e+062 -3.825901e+058 -1.004805e+059 -1.783400e+059 -2.609848e+059 -3.357928e+059 -3.912980e+059 -4.163050e+059 -4.023447e+059 -3.450882e+059 -2.442653e+059 1.312139e+056 
2.363290e+062 -3.834243e+058 -1.005709e+059 -1.783878e+059 -2.609546e+059 -3.359870e+059 -3.915028e+059 -4.164046e+059 -4.024424e+059 -3.451996e+059 -2.443471e+059 1.313393e+056 
