1.000000e-030   2.079186e-001   1.000000e-030   1.000000e-030   1.000000e-030   1.000000e-030   1.000000e-030   1.000000e-030   1.000000e-030   1.000000e-030   1.000000e-030   1.000000e-030   1.000000e-030   1.683257e-001   1.000000e-030   1.000000e-030   1.000000e-030   1.000000e-030   1.000000e-030   9.836763e-247   1.000000e-030   6.237558e-001   1.000000e-030   1.000000e-030   1.000000e-030   1.000000e-030   1.000000e-030   1.000000e-030   1.000000e-030   1.082296e-234   1.000000e-030   1.000000e-030   

1.000000e-030   5.011032e-247   1.000000e-030   1.000000e-030   1.000000e-030   1.000000e-030   4.200180e-001   1.000000e-030   1.000000e-030   1.000000e-030   1.000000e-030   1.000000e-030   1.000000e-030   1.599640e-001   1.000000e-030   1.000000e-030   1.000000e-030   1.000000e-030   1.000000e-030   4.200180e-001   2.137646e-243   3.171944e-230   1.000000e-030   1.000000e-030   1.439809e-242   1.000000e-030   1.000000e-030   1.000000e-030   1.000000e-030   1.000000e-030   1.000000e-030   1.000000e-030   

1.000000e-030   1.000000e-030   5.347004e-239   1.000000e-030   1.000000e-030   3.849547e-002   2.400401e-237   6.335699e-240   1.000000e-030   1.000000e-030   1.000000e-030   1.000000e-030   2.529373e-238   1.000000e-030   1.000000e-030   1.000000e-030   1.000000e-030   1.000000e-030   1.000000e-030   1.000000e-030   1.373578e-001   1.037316e-230   1.000000e-030   1.000000e-030   8.241467e-001   1.000000e-030   1.000000e-030   1.000000e-030   1.000000e-030   1.000000e-030   1.000000e-030   1.000000e-030   

1.000000e-030   1.096297e-233   1.373578e-001   1.000000e-030   1.000000e-030   9.886231e-002   4.120734e-001   1.373578e-001   1.000000e-030   1.000000e-030   1.000000e-030   1.000000e-030   1.373578e-001   5.491550e-232   1.000000e-030   1.000000e-030   1.000000e-030   1.000000e-030   7.699095e-002   1.000000e-030   1.150402e-268   1.049558e-230   1.000000e-030   1.000000e-030   2.052246e-242   1.000000e-030   1.000000e-030   1.000000e-030   1.000000e-030   4.592940e-235   1.000000e-030   1.000000e-030   

1.000000e-030   2.369813e-001   5.176084e-266   1.000000e-030   1.000000e-030   1.000000e-030   1.000000e-030   1.000000e-030   1.000000e-030   1.000000e-030   1.000000e-030   1.000000e-030   1.395533e-236   2.369813e-001   1.000000e-030   1.000000e-030   1.000000e-030   1.000000e-030   5.207498e-002   1.000000e-030   1.000000e-030   3.554719e-001   1.000000e-030   1.000000e-030   1.363118e-299   1.000000e-030   1.000000e-030   1.000000e-030   1.000000e-030   1.184906e-001   1.000000e-030   1.000000e-030   

