-1
-1
-1
-2
-2
0
0
2
0
1
1
0
0
1
0
1
0
0
0
0
1
1
2
3
2
3
2
2
0
0
0
1
1
2
2
2
1
0
1
1
1
1
2
1
0
0
0
-1
0
0
1
0
-1
-1
-2
-2
-1
-1
-1
0
0
1
-1
-1
0
0
-1
-1
-1
-1
-1
-1
-2
-2
-3
-3
-3
-2
-2
-4
-3
-3
-3
-3
-2
-2
-4
-2
-2
-2
-1
-1
-1
0
0
-1
-1
0
-2
-2
-2
-4
-3
-2
-3
-1
-2
0
0
-1
-2
0
-2
-2
-2
-1
-1
-1
-3
-2
-1
-2
-2
-1
0
0
-2
0
-1
-1
0
-1
-1
-1
-1
-1
0
1
1
1
1
0
2
0
1
0
0
0
0
0
1
1
0
1
2
1
2
2
2
2
2
1
1
1
1
1
1
1
1
1
2
2
2
1
2
3
3
3
3
3
3
3
2
1
3
2
2
3
2
3
4
3
4
3
5
4
3
4
3
3
3
0
2
2
1
1
2
2
4
3
2
4
5
4
4
4
2
2
1
0
2
1
0
-1
0
0
-1
0
0
0
1
1
2
1
1
1
-1
-1
-1
-1
-1
-1
-1
0
1
0
0
-1
-2
-2
-3
-2
-2
-2
-1
-2
-2
-2
-2
-3
-4
-2
-3
-3
-2
-3
-3
-2
-3
-4
-3
-4
-4
-2
-4
-3
-3
-2
-3
-3
-3
-3
-3
-3
-2
-2
-2
-2
-2
0
-2
-2
-2
-3
-3
-3
-2
-1
-1
0
-2
0
1
-2
-1
-1
0
0
1
-1
-2
-1
-1
-2
-2
-1
-1
-2
-2
-1
-1
-1
-1
-1
0
0
0
0
-1
0
1
-1
0
1
0
0
-1
0
-1
0
0
0
0
0
1
1
1
2
2
2
1
1
1
1
1
0
0
-1
-1
-2
-2
-1
-1
-1
0
-1
-1
0
-2
0
0
0
1
1
-1
-1
-1
-2
-1
-1
-1
-1
1
1
1
1
1
1
1
1
2
4
2
1
1
1
1
1
1
0
1
1
1
1
2
1
0
2
0
1
-1
-1
0
0
-1
-1
-1
0
0
-1
-1
-1
-2
-2
-2
-1
-1
0
0
-1
-1
0
-1
0
1
0
1
0
1
1
1
2
2
0
1
0
0
-1
-1
-1
0
-1
-1
-1
-1
0
0
0
2
1
1
1
0
0
-1
0
0
0
0
2
2
1
2
2
1
2
2
2
2
1
0
0
0
-1
-1
0
1
1
2
3
4
3
3
4
3
3
1
2
1
2
2
1
2
1
2
1
2
2
3
3
2
3
3
4
4
3
3
2
3
2
0
1
1
1
2
1
1
1
1
2
1
2
1
0
2
2
0
0
0
0
-1
0
0
0
-1
-1
-2
-1
-2
-1
-3
-3
-4
-3
-2
-1
-1
0
-1
0
0
-1
-1
-1
-2
-2
-1
-2
-1
1
0
0
0
0
0
1
1
1
1
0
1
1
0
-1
-1
0
1
0
1
0
1
1
0
0
0
0
-1
0
-1
-1
0
0
0
1
0
1
1
0
1
2
2
0
1
1
0
2
2
0
0
0
1
1
0
-1
-1
-1
-1
-1
0
0
-2
-1
-2
-2
-2
-2
-2
-2
-2
-2
-3
-2
-2
-2
-2
-2
-2
-2
-3
-2
-3
-1
-1
-1
0
-1
-1
-2
-2
-2
-3
-2
-3
-2
0
1
1
2
2
2
2
1
2
2
2
2
3
3
1
1
1
1
0
1
0
0
1
0
1
0
0
1
0
0
1
1
1
2
3
2
1
-1
-1
-2
-2
-2
-3
0
0
0
0
2
2
0
2
2
2
1
2
0
0
0
0
1
0
0
0
1
0
1
1
0
0
0
-1
-2
0
1
0
1
2
1
2
3
2
2
1
-1
0
0
0
1
1
0
1
1
1
0
1
1
1
1
0
0
1
1
0
0
0
1
1
1
0
1
1
1
0
-1
0
-1
0
0
0
-1
0
-1
-1
0
-1
-1
1
0
0
0
-1
0
-1
-1
-1
-2
-1
0
-2
-2
-1
-1
-1
-1
0
0
-2
-1
-1
-2
-1
-1
-1
-1
-2
-2
-3
-3
-3
-3
-2
-2
-1
-2
-2
-2
-2
-2
-1
-1
-2
-1
-1
0
0
0
0
-1
0
-1
0
0
0
1
1
3
2
3
1
1
-1
-1
-1
-2
-1
0
1
2
2
3
2
2
1
1
0
1
0
-1
0
-1
0
0
-1
-1
-1
-1
-2
0
1
0
1
0
0
-1
0
-1
-1
-1
-1
0
0
1
1
0
0
1
1
0
0
-1
-1
1
1
1
2
4
2
2
3
1
2
2
2
3
3
2
2
2
1
0
0
0
0
0
1
1
2
0
1
1
1
0
-1
-2
-2
0
-2
-1
-1
-1
0
1
1
1
2
1
3
2
1
2
0
-1
-1
-1
-1
-1
0
0
0
0
1
1
1
2
1
1
1
1
1
0
0
-1
0
0
-2
0
-2
-1
-2
-1
-1
-1
0
0
1
2
2
4
3
2
2
3
1
0
1
-1
0
0
2
0
1
1
0
1
-1
1
0
0
-1
-1
0
0
0
0
-1
0
0
1
1
2
0
1
1
0
0
-1
-1
0
0
1
1
2
3
2
1
1
1
-1
-1
-1
-1
-1
-1
0
-1
1
-1
0
-1
-1
-2
-3
-3
-3
-3
-4
-4
-2
-4
-1
0
0
-1
1
0
-2
-1
-2
-2
-2
-2
-3
-3
-4
-4
-4
-4
-2
-2
-1
0
0
-1
0
-1
-1
-1
-1
-1
-2
-1
-1
-3
0
0
0
0
3
2
2
3
2
1
3
2
2
1
2
0
1
0
0
0
0
-1
0
-1
-1
-1
-3
-3
-4
-4
-4
-2
-2
-2
0
-1
0
1
2
0
2
1
0
0
-1
1
-1
0
0
0
-1
-2
0
0
2
2
2
1
1
0
-1
-2
-3
-2
-3
-2
0
0
0
-2
1
-1
1
0
1
-1
-1
0
1
2
0
-2
-2
-1
0
-2
0
1
2
2
4
3
4
3
2
0
1
0
0
0
1
1
2
2
2
2
3
2
4
3
1
4
2
-1
2
0
0
-2
-1
0
-1
1
-2
1
1
0
-1
1
0
0
0
-3
-1
-1
-1
-2
-4
0
-1
0
0
1
1
3
-1
2
1
1
1
0
-2
-3
-3
-4
-2
-2
0
-1
1
0
0
3
-1
0
2
1
-2
0
1
-1
1
-1
0
2
4
4
5
5
3
0
3
-1
0
0
4
1
3
4
4
1
0
5
3
4
3
5
1
3
2
-1
2
2
1
0
4
0
1
3
1
-1
2
4
-3
-1
-5
-6
-6
-4
-6
-3
-2
-6
-3
-3
-5
-3
1
-4
0
-3
0
-4
2
-10
-6
-4
-5
-5
-3
-4
-10
0
-5
-2
-1
1
-3
1
-3
-5
-2
-5
-4
-6
3
-7
7
-3
-7
-8
-6
-5
-3
3
-3
-6
-2
-4
-6
2
-6
-2
-6
5
-4
3
0
-3
-5
1
6
0
6
-3
-9
-2
6
-1
0
3
-5
-1
13
8
-1
1
0
2
8
13
6
10
1
0
6
-1
2
2
-4
-5
2
-1
-1
6
-4
-9
1
12
-3
7
5
-8
-6
5
-4
-8
-1
-4
-7
15
4
-5
2
-2
-10
6
14
-10
10
-3
2
9
8
-11
3
8
-3
14
19
0
-4
24
-11
6
16
-7
2
19
5
-15
32
-6
-10
7
2
-15
17
26
-21
3
-3
-7
10
17
-2
-12
3
-7
10
4
-20
2
-8
8
27
22
-9
15
9
-8
3
22
-18
17
24
-15
-14
25
-9
-25
18
-11
-12
9
26
-26
-12
9
-14
-10
7
-13
2
18
3
-29
-5
0
-20
-5
-9
-13
-2
9
9
-19
-3
-23
9
20
-3
5
-1
10
-11
10
1
-12
1
8
3
8
16
-4
-1
7
-6
-1
30
6
-12
0
20
-21
6
8
-15
-8
15
14
-8
10
-31
-18
9
9
-24
10
13
-15
-4
14
-15
-19
27
-3
-9
1
9
-21
-8
-1
-29
-12
17
-8
-21
19
-4
-26
6
13
-27
-5
41
-11
-17
23
-11
-19
19
-3
-28
0
15
-11
1
3
-29
0
23
13
-11
12
10
-4
19
23
5
-13
24
17
-2
15
4
-7
-14
7
0
7
23
-13
-6
5
17
0
4
15
-25
0
37
15
-11
-14
16
-11
5
20
-12
-2
-11
15
-2
-9
-2
-11
-3
-15
4
3
2
4
4
-9
2
15
-6
6
21
-4
-34
25
-15
-26
21
3
-19
-6
30
-9
-13
41
-28
-6
24
8
-16
25
20
-4
11
16
-8
1
27
-19
23
-2
16
1
17
-1
-17
23
-14
33
16
8
-22
13
-10
-12
7
-18
7
0
4
12
-14
-4
-19
12
-25
11
20
-31
7
-19
-17
-3
9
-32
-17
30
-30
-32
35
-47
-14
-13
-2
-7
28
-33
-48
30
-25
-37
30
12
-32
3
21
-36
-3
10
-15
-4
-22
34
-5
19
0
9
-18
-15
56
-29
-11
42
6
-50
31
19
-42
16
5
-9
-22
19
9
3
-32
-9
40
-40
-5
12
-3
-30
40
-22
-17
42
-30
-52
27
33
-82
14
22
-24
-3
-3
-21
38
10
-1
25
11
-37
22
49
-53
27
62
-15
-14
60
10
-13
2
22
-13
20
14
-14
25
-11
4
-17
45
-33
7
0
22
-33
-5
44
-33
-24
15
-8
-12
-1
15
-14
5
1
-32
35
-4
-32
-7
37
-50
-40
30
28
-53
9
7
-12
-4
37
-6
25
-22
-33
25
20
9
-25
73
-38
-12
32
18
-30
6
3
-26
0
45
-25
-42
4
-5
13
-7
65
-54
17
33
-22
-33
58
-8
-44
55
8
9
12
60
-73
44
7
-15
-4
41
-36
-24
43
-51
8
20
6
-41
52
-10
-23
40
40
-51
51
25
-33
-4
28
34
-39
41
-17
-14
18
20
-20
-10
-15
-4
-28
-1
-3
-23
33
17
-14
-24
42
-13
4
37
4
-48
69
-10
-6
9
21
18
-11
4
-23
43
12
-38
-11
30
-2
-11
59
44
-61
13
18
5
-8
16
10
-27
-7
3
-12
-1
-13
-52
7
50
-27
25
-9
-36
-18
9
26
-28
18
2
-13
13
20
-50
-2
1
-56
-18
45
6
-63
25
-17
-87
15
52
-48
1
20
-59
-19
35
-28
-67
76
-70
-44
61
34
-38
-5
-8
-79
-9
41
-53
-5
3
-68
-26
39
-21
-36
69
-41
-50
31
78
-56
-7
38
-50
-36
83
28
-29
17
-2
-41
29
32
-67
-2
63
-64
-36
64
-15
-44
-2
33
-23
8
42
-10
-4
-19
-7
-3
-9
-35
33
34
-67
15
-6
17
26
9
7
13
-6
18
21
28
-53
11
24
-46
40
52
-16
-18
-4
-3
41
51
-29
-3
83
-61
16
77
-13
-61
77
14
-30
38
39
-27
43
8
-62
43
43
-24
-4
30
-56
-32
103
-5
-35
32
12
-27
11
86
-28
17
-17
6
-35
63
9
-20
5
13
-29
53
-7
-42
-23
15
-37
18
28
-29
32
-74
8
-8
31
-64
71
11
-58
34
80
-52
-64
128
-58
-30
67
12
-29
11
-1
-41
31
31
-38
7
47
-52
-16
34
50
-60
11
67
-29
-20
8
24
-71
-16
9
0
-27
-6
-15
-51
4
-13
-15
-6
-26
-15
4
5
-12
-16
8
6
-28
19
36
-8
-53
14
0
-17
3
46
-29
-25
12
11
-39
4
25
-43
63
7
-8
7
-9
-54
-21
46
3
-47
71
-11
-68
13
26
-30
-43
27
9
-2
35
26
-68
-9
-14
-15
3
19
-15
-32
2
-1
-62
-9
-17
-38
-37
17
21
-48
38
1
-36
-15
79
-15
-22
32
-10
-44
11
4
6
5
-6
-41
2
9
-22
27
-19
-8
9
28
-16
26
0
-62
-21
70
-52
10
42
2
-30
14
56
-21
-19
7
12
-21
30
39
29
-20
-11
33
-30
-16
94
-12
-46
44
-7
-15
14
16
-35
-26
17
28
36
28
-13
-25
1
-2
67
-47
-24
29
9
-62
63
59
-90
6
46
-66
21
88
-38
-37
19
-59
-13
65
-30
-59
38
-67
-53
129
29
-110
41
5
-88
80
63
-39
-12
64
-39
50
93
-33
-45
59
2
-21
86
21
-43
-22
53
3
14
53
-37
-12
69
11
30
66
2
-12
24
14
-42
42
80
-20
-24
26
33
-13
91
16
-52
-9
-19
58
59
0
-45
2
14
9
29
73
-89
-8
36
-29
24
34
-40
-68
8
-54
-25
69
-33
-98
3
19
-45
48
31
-73
-12
25
39
-8
52
-7
-10
-1
8
-2
24
52
-49
-20
-46
63
-4
41
-13
-35
-6
-12
101
5
-13
-10
-27
-14
40
29
-30
-43
-8
-24
-15
90
-18
-35
-10
-4
-31
37
48
-60
-33
15
-14
17
39
-59
-40
-18
-15
-21
25
1
-54
-30
-14
-38
9
4
-40
-39
-31
-27
12
-3
1
-28
-38
-14
28
26
-71
-1
17
-21
13
54
12
-2
-8
-17
0
29
1
-14
10
-32
17
20
23
-10
-5
29
22
62
-22
41
51
-23
1
52
-6
-12
55
0
-26
4
40
-4
-28
25
-6
-1
-3
21
0
13
-20
9
58
-3
-28
12
56
-31
-11
41
9
-32
-32
24
-33
-11
6
3
-16
-23
-1
20
9
-10
-20
22
12
-17
-12
17
-46
-1
23
8
-33
-4
5
-31
-12
8
-21
18
-27
-8
11
-34
-31
19
-6
-62
-23
50
10
-54
23
10
0
-15
14
28
-46
-3
21
-4
-52
-12
11
14
-48
-19
-14
-12
23
-49
32
-54
-43
39
27
7
-54
-13
7
-33
22
4
-37
-3
-24
9
0
-18
10
-29
-12
-55
4
31
-31
-20
6
5
-26
3
31
28
-45
13
7
-6
25
-2
13
-22
-5
19
30
22
-42
-17
18
29
-1
29
17
-41
4
21
6
-2
17
-22
24
-5
-1
20
18
2
-27
71
-27
-21
46
-6
-4
15
59
-45
30
18
-20
-20
49
-13
-18
74
19
-28
2
32
-52
-8
57
-11
-6
31
-29
-8
8
-20
-36
43
12
-36
61
25
-57
27
67
-29
-2
76
7
1
31
-11
-9
53
12
-53
59
-25
-65
42
39
-57
-17
49
-21
-25
28
-36
6
28
-60
-3
49
-12
-30
56
-21
-89
31
19
-51
15
20
-33
-40
4
-29
-26
7
-46
-28
12
-47
-16
64
-27
-60
29
48
-45
22
45
-49
-21
41
-11
11
16
-42
-3
17
-8
-16
53
18
-65
47
47
-30
-6
0
6
-10
31
-1
-5
5
-24
4
28
-21
-48
40
13
-22
-36
5
-16
-15
18
-28
-7
2
-19
-9
-39
16
-1
1
-12
-16
10
-13
7
-3
-9
-5
-17
7
63
6
-44
18
9
-8
28
58
-10
-37
15
-12
21
67
-28
25
-7
22
-3
26
4
-30
7
-9
24
22
20
-24
16
-35
7
53
-14
-29
-3
24
-5
4
9
-7
-9
8
18
22
42
-10
-5
-3
18
-13
23
58
-26
-9
11
21
18
4
5
-21
19
41
7
6
-14
-31
-11
7
0
-21
18
-11
-29
-6
14
-47
-23
51
2
-34
6
-14
-16
18
-21
-42
34
-12
-51
28
21
-67
-41
62
-3
-39
8
-3
-33
-19
-5
13
-7
-22
0
-15
13
-8
2
-18
-8
15
-9
42
6
-30
-19
4
-6
8
-6
-20
-27
14
34
-23
-12
-15
-21
3
8
34
-16
-12
-14
2
12
20
-4
11
-6
-31
20
3
8
-27
14
-22
-2
43
-14
-60
35
2
-5
8
20
6
-51
36
-29
-5
53
-13
-17
51
-26
-41
52
48
-70
-56
65
-41
4
84
-38
-38
5
-7
8
72
17
-72
25
46
-9
24
27
-37
-29
6
49
3
-31
-5
8
27
11
18
-30
-31
20
7
50
47
-17
-21
22
24
3
26
34
8
-1
7
18
9
-21
14
29
-6
-11
4
-37
13
49
-6
-26
32
3
-30
45
13
-35
6
22
-20
-27
1
-32
-17
36
-38
-26
-6
-18
-47
0
28
-38
-12
-35
5
-24
-6
-3
-12
-18
-27
-6
-6
2
-35
1
-6
38
-37
-28
-1
-34
-3
26
26
-8
-20
-13
-12
-3
0
-5
16
14
4
23
34
-21
-1
3
18
28
31
26
-28
-2
-25
7
7
-10
5
5
32
-35
-3
-5
-21
5
25
1
-26
-5
-17
7
18
22
-44
-16
-8
-31
22
28
-28
-42
21
-18
-25
7
6
-54
17
53
-18
-6
1
-19
-9
36
35
30
-9
-49
-34
53
29
6
40
-20
-25
-11
34
11
0
-22
11
54
39
4
19
4
-41
48
83
65
4
12
22
13
45
85
42
7
30
31
50
28
39
0
25
50
35
65
25
-24
-17
58
42
19
23
-5
-46
-16
33
24
-12
-54
-44
-34
-31
-35
-15
-31
-85
-57
-21
-22
-56
-47
-67
-79
-51
-10
-19
-75
-82
-84
-9
-18
-33
-43
-65
-88
-34
47
23
-76
-96
-33
-30
1
32
-6
-59
-75
17
44
18
6
-50
-16
28
49
53
26
-33
-44
27
113
41
-19
2
-7
23
81
82
-7
-61
-3
63
62
57
3
-33
-11
36
77
73
29
-18
12
80
73
55
55
54
37
47
73
65
36
23
52
69
60
37
41
9
24
46
64
65
47
25
2
36
25
15
27
11
-46
-32
-10
-20
-25
-49
-56
-55
-45
-47
-63
-52
-101
-88
-56
-55
-81
-114
-115
-125
-77
-73
-82
-95
-113
-113
-69
-52
-77
-63
-71
-57
-61
-15
-22
-54
-42
-24
-10
30
36
13
8
-9
63
104
110
93
77
81
89
120
157
140
129
107
132
162
144
113
133
143
144
161
163
106
77
108
127
127
122
80
73
73
56
77
94
54
23
59
64
41
26
20
0
6
23
45
2
-36
-45
-26
16
-4
-8
-30
-58
-60
-45
-24
-47
-96
-99
-83
-83
-108
-137
-160
-173
-159
-155
-173
-220
-259
-264
-259
-249
-248
-279
-310
-312
-304
-293
-303
-301
-274
-293
-311
-305
-260
-223
-231
-214
-208
-194
-174
-140
-79
-68
-74
-33
25
72
60
88
122
137
222
255
244
252
240
284
341
365
361
336
341
347
374
429
403
366
379
384
403
412
398
365
342
356
354
356
333
273
263
256
233
218
196
149
104
95
91
83
63
24
5
-5
-10
-8
-16
-50
-81
-83
-96
-107
-120
-159
-189
-210
-223
-233
-224
-276
-317
-329
-348
-348
-367
-387
-431
-453
-444
-449
-447
-471
-514
-505
-484
-479
-472
-485
-517
-538
-495
-451
-452
-441
-472
-481
-413
-374
-365
-325
-305
-312
-232
-88
-12
12
65
120
219
377
487
548
588
599
667
798
869
868
851
844
847
888
905
853
793
736
694
672
644
569
457
373
343
285
223
154
60
-34
-73
-84
-137
-203
-247
-309
-345
-312
-315
-353
-352
-331
-326
-267
-178
-201
-184
-107
-74
-13
51
66
44
95
159
155
186
199
125
121
145
118
101
59
-19
-64
-56
-112
-184
-236
-319
-390
-394
-429
-495
-547
-611
-667
-644
-639
-720
-710
-725
-792
-775
-724
-750
-769
-744
-724
-726
-670
-636
-617
-515
-476
-404
-309
-221
-21
-3
65
243
326
434
607
743
735
766
962
999
1042
1188
1161
1096
1135
1179
1149
1104
1106
1010
896
893
829
712
639
565
453
345
286
170
16
-32
-116
-210
-268
-364
-432
-513
-518
-524
-592
-593
-592
-585
-580
-567
-466
-489
-403
-248
-292
-205
-117
-66
0
153
210
148
258
320
263
353
415
300
301
347
262
229
237
154
47
27
-33
-146
-176
-244
-346
-387
-453
-516
-602
-617
-668
-734
-744
-801
-836
-854
-884
-872
-908
-913
-871
-895
-858
-831
-779
-701
-639
-545
-495
-388
-151
-137
-53
164
271
383
582
758
752
819
1064
1109
1173
1314
1337
1288
1347
1445
1394
1308
1335
1255
1140
1129
1066
910
780
706
590
447
376
246
73
-18
-97
-203
-323
-399
-503
-617
-629
-662
-750
-784
-798
-782
-786
-731
-701
-666
-551
-557
-430
-327
-288
-161
-62
7
50
166
231
212
334
366
299
393
404
303
338
349
232
187
186
66
-39
-37
-133
-254
-265
-349
-488
-529
-574
-677
-717
-711
-826
-871
-856
-948
-949
-931
-982
-969
-962
-945
-965
-896
-843
-843
-714
-607
-582
-448
-192
-199
-118
138
274
357
595
773
763
881
1115
1174
1224
1380
1434
1371
1437
1558
1475
1412
1458
1383
1260
1247
1196
1014
884
826
717
550
458
328
120
11
-63
-203
-334
-440
-547
-689
-742
-772
-890
-937
-941
-975
-983
-957
-909
-916
-828
-742
-623
-516
-524
-350
-264
-177
-6
112
114
141
311
329
334
496
463
339
441
495
341
363
388
212
157
193
43
-95
-59
-174
-311
-296
-422
-562
-604
-614
-698
-762
-768
-897
-927
-901
-926
-930
-965
-969
-961
-928
-874
-857
-797
-738
-605
-519
-426
-195
-211
-98
170
355
446
611
811
813
935
1231
1289
1290
1431
1486
1424
1519
1618
1523
1444
1477
1419
1280
1248
1177
976
865
830
688
478
358
226
53
-44
-135
-288
-455
-563
-621
-745
-792
-828
-928
-982
-959
-957
-1000
-947
-879
-855
-801
-615
-588
-587
-338
-277
-205
6
118
107
191
373
351
419
586
510
468
580
536
461
529
467
339
323
287
157
91
66
-79
-171
-200
-341
-403
-489
-571
-642
-713
-735
-857
-864
-922
-987
-973
-1034
-1010
-1040
-1025
-1009
-1011
-929
-914
-851
-728
-627
-567
-370
-221
-231
-33
238
343
448
693
780
785
1044
1240
1243
1323
1438
1433
1423
1559
1597
1467
1468
1470
1343
1257
1235
1130
954
879
786
594
427
331
182
33
-52
-214
-394
-507
-600
-688
-774
-844
-928
-985
-991
-1001
-1009
-1008
-933
-905
-788
-722
-738
-575
-495
-362
-212
-124
-90
-41
137
209
264
392
393
345
446
510
429
455
470
382
337
327
241
127
108
35
-51
-104
-216
-337
-419
-452
-541
-583
-640
-733
-804
-838
-862
-896
-904
-919
-931
-934
-953
-956
-881
-840
-809
-743
-657
-579
-547
-287
-152
-184
57
252
361
492
703
798
809
1056
1238
1227
1300
1399
1405
1428
1559
1578
1458
1435
1440
1350
1278
1244
1130
960
850
752
571
400
311
168
38
-76
-243
-393
-528
-600
-652
-749
-849
-941
-999
-1017
-1022
-1000
-1027
-1016
-940
-831
-803
-774
-622
-554
-404
-213
-161
-150
-46
128
216
302
416
348
333
473
516
481
504
483
385
380
392
293
234
207
135
65
-11
-109
-225
-260
-314
-391
-448
-549
-651
-692
-715
-731
-762
-794
-859
-873
-836
-880
-840
-828
-817
-776
-719
-683
-586
-490
-440
-204
-137
-152
69
278
360
464
699
710
731
1028
1123
1117
1195
1307
1287
1295
1434
1378
1277
1296
1287
1166
1070
1049
914
771
715
601
419
271
204
56
-74
-160
-330
-478
-568
-630
-706
-781
-883
-947
-963
-974
-963
-947
-974
-905
-832
-730
-693
-667
-483
-420
-268
-113
-53
-30
104
298
323
401
490
441
445
596
621
520
582
566
449
465
452
354
275
289
212
74
24
-65
-187
-214
-238
-370
-482
-532
-611
-651
-659
-700
-768
-829
-833
-856
-856
-864
-849
-859
-804
-757
-762
-707
-636
-526
-459
-296
-157
-212
-62
168
327
406
580
693
688
862
1057
1089
1119
1205
1249
1234
1299
1339
1259
1208
1226
1192
1038
996
965
798
686
622
496
287
195
131
-36
-188
-277
-410
-566
-608
-649
-749
-857
-871
-893
-950
-905
-875
-943
-891
-775
-669
-640
-608
-417
-389
-245
-31
5
13
143
346
340
416
583
489
481
669
666
562
621
611
489
496
521
381
263
279
171
45
37
-94
-212
-268
-322
-425
-516
-597
-697
-736
-795
-831
-897
-968
-985
-977
-996
-970
-973
-960
-934
-904
-835
-799
-737
-614
-541
-451
-257
-211
-160
70
285
373
468
631
688
762
997
1111
1104
1161
1254
1252
1285
1369
1326
1248
1254
1245
1128
1014
982
875
733
656
546
338
189
130
6
-128
-244
-384
-552
-639
-662
-721
-815
-878
-905
-944
-920
-876
-887
-882
-792
-667
-692
-513
-389
-464
-226
-64
-19
67
227
265
286
530
550
485
631
663
571
669
730
567
557
601
495
401
398
331
170
173
106
-82
-158
-225
-337
-409
-467
-613
-714
-759
-821
-831
-873
-949
-972
-980
-971
-985
-934
-933
-976
-864
-842
-830
-743
-657
-620
-499
-350
-269
-95
-56
57
240
435
531
587
747
811
908
1088
1143
1161
1197
1271
1297
1282
1321
1261
1186
1181
1158
1023
895
872
737
599
512
389
209
53
6
-131
-296
-403
-522
-643
-696
-676
-807
-887
-864
-891
-887
-865
-807
-841
-784
-600
-583
-536
-416
-323
-234
-69
80
94
170
297
419
454
558
611
575
645
668
668
642
621
608
533
515
468
373
335
249
156
70
-41
-141
-223
-317
-392
-465
-601
-688
-751
-787
-816
-863
-916
-957
-996
-982
-917
-943
-913
-906
-868
-813
-751
-670
-656
-558
-428
-341
-239
-53
-11
29
257
449
517
610
766
809
873
1088
1134
1105
1192
1244
1218
1239
1282
1188
1108
1141
1087
925
852
791
650
542
454
301
139
19
-60
-175
-303
-414
-529
-624
-643
-660
-823
-856
-824
-879
-866
-793
-816
-858
-714
-606
-599
-484
-387
-389
-125
8
-64
88
214
288
413
566
475
454
648
626
614
733
621
491
625
638
441
457
442
226
217
234
34
-112
-99
-239
-377
-361
-475
-688
-691
-674
-846
-819
-836
-956
-959
-911
-889
-975
-907
-888
-933
-809
-782
-801
-737
-629
-589
-505
-380
-296
-236
-48
140
132
222
430
558
616
766
865
827
936
1103
1102
1116
1183
1176
1111
1159
1186
1053
1005
997
898
746
668
600
448
342
261
118
-51
-149
-227
-326
-412
-488
-595
-639
-687
-750
-752
-741
-736
-751
-712
-698
-665
-550
-478
-404
-313
-249
-188
-41
105
169
244
360
410
425
547
603
583
658
685
622
617
625
572
519
550
469
330
316
231
96
62
-15
-169
-274
-330
-462
-539
-567
-686
-756
-782
-851
-930
-894
-895
-951
-916
-905
-951
-909
-824
-843
-780
-711
-700
-660
-578
-501
-452
-317
-222
-93
6
11
153
346
497
574
654
723
742
880
994
1010
1041
1062
1054
1047
1071
1068
1008
978
951
872
716
637
626
502
395
316
164
5
-53
-93
-205
-295
-378
-485
-515
-536
-615
-621
-620
-625
-628
-609
-590
-545
-433
-368
-307
-217
-182
-119
52
156
199
290
358
393
469
555
589
599
643
624
594
604
571
538
509
449
359
276
215
150
88
7
-110
-213
-305
-413
-474
-543
-654
-728
-784
-866
-903
-914
-954
-943
-945
-970
-968
-940
-910
-888
-830
-785
-788
-748
-665
-600
-516
-440
-368
-287
-179
21
78
141
297
436
530
620
734
750
804
944
988
1005
1024
1047
1031
1043
1077
1014
937
910
873
795
691
621
526
404
331
222
104
-19
-108
-190
-275
-342
-445
-474
-561
-596
-564
-607
-609
-592
-581
-584
-511
-411
-420
-343
-208
-196
-144
20
94
119
259
334
333
391
504
510
496
594
548
474
526
505
414
395
370
247
181
167
66
-37
-72
-160
-280
-335
-414
-540
-591
-629
-714
-776
-805
-850
-922
-895
-868
-902
-902
-881
-884
-848
-793
-764
-757
-718
-656
-619
-568
-496
-448
-357
-252
-160
-24
35
105
265
416
521
587
678
720
773
902
969
972
998
1040
1027
1014
1044
1013
944
926
901
805
704
656
574
473
410
305
167
56
-14
-70
-163
-234
-300
-423
-440
-424
-458
-504
-501
-500
-536
-458
-387
-406
-355
-246
-209
-159
-24
25
43
176
281
280
339
446
438
448
526
526
456
478
492
402
371
354
265
178
170
99
-30
-71
-132
-244
-314
-364
-463
-552
-590
-642
-708
-760
-790
-835
-851
-845
-862
-865
-859
-833
-817
-787
-737
-719
-689
-628
-575
-538
-476
-397
-346
-265
-150
-88
7
153
216
285
422
555
608
698
830
850
902
1021
1056
1054
1107
1121
1062
1048
1062
993
913
892
797
669
604
538
428
324
238
124
1
-94
-170
-244
-319
-386
-408
-517
-575
-513
-543
-561
-533
-500
-529
-449
-305
-332
-293
-135
-83
-73
89
168
127
260
403
379
380
478
441
421
542
513
389
390
384
272
263
261
108
10
2
-97
-208
-229
-318
-435
-448
-486
-605
-638
-653
-729
-743
-723
-767
-799
-770
-771
-765
-710
-692
-682
-639
-608
-587
-521
-462
-447
-397
-338
-313
-248
-163
-108
-54
35
116
202
260
320
408
511
605
678
719
744
799
888
926
949
974
940
912
928
927
866
809
771
687
594
514
440
340
261
198
86
-27
-113
-185
-247
-284
-327
-414
-450
-466
-493
-478
-441
-440
-439
-401
-371
-332
-247
-179
-144
-67
2
29
98
197
226
259
330
333
314
342
368
342
335
313
221
166
160
92
18
-13
-115
-221
-237
-295
-384
-420
-471
-555
-591
-600
-678
-695
-666
-710
-728
-699
-705
-728
-668
-612
-621
-586
-548
-537
-484
-418
-367
-351
-309
-268
-223
-164
-104
-40
-10
41
127
206
268
359
436
461
540
647
701
738
792
819
821
874
927
894
875
875
829
790
782
742
650
588
527
437
363
299
225
134
62
-18
-104
-164
-217
-267
-326
-365
-398
-434
-440
-435
-422
-411
-393
-363
-345
-297
-231
-177
-120
-61
-24
10
77
133
180
220
253
248
243
270
270
261
258
225
151
115
85
23
-14
-47
-137
-225
-257
-315
-382
-391
-436
-526
-558
-573
-621
-630
-608
-645
-682
-653
-657
-676
-622
-583
-595
-563
-509
-503
-469
-374
-322
-281
-193
-124
-87
3
121
198
284
396
446
495
603
711
770
833
884
886
909
965
982
964
955
919
860
824
786
717
638
578
495
394
314
232
134
65
3
-80
-168
-237
-293
-339
-362
-378
-419
-459
-457
-446
-432
-397
-376
-365
-331
-280
-236
-202
-140
-83
-51
10
60
83
117
170
195
193
208
204
170
164
160
106
52
28
-34
-99
-132
-188
-267
-312
-345
-414
-458
-486
-535
-570
-577
-593
-621
-635
-646
-651
-643
-623
-618
-597
-585
-560
-516
-471
-427
-377
-322
-285
-215
-128
-61
10
92
161
230
325
413
483
553
629
691
746
799
832
856
886
905
910
890
858
822
788
752
709
655
565
479
421
351
280
217
140
40
-22
-72
-146
-206
-236
-290
-343
-356
-392
-431
-420
-405
-410
-401
-381
-375
-340
-279
-237
-207
-169
-130
-93
-39
9
42
68
86
105
123
124
121
112
91
63
40
6
-46
-78
-111
-162
-211
-250
-315
-369
-381
-426
-486
-513
-541
-580
-590
-583
-617
-636
-608
-604
-606
-570
-543
-538
-482
-410
-381
-332
-251
-189
-118
-8
81
143
234
336
428
525
616
683
754
835
894
935
966
980
994
999
981
943
890
830
773
717
642
552
460
372
277
196
126
44
-31
-101
-173
-230
-276
-308
-339
-357
-375
-397
-402
-398
-382
-351
-323
-306
-286
-259
-231
-181
-128
-96
-71
-32
-8
12
54
83
85
95
108
81
66
74
50
15
6
-32
-105
-133
-153
-215
-250
-264
-325
-392
-402
-428
-470
-460
-455
-504
-521
-500
-516
-506
-462
-450
-464
-431
-387
-378
-331
-275
-252
-224
-159
-110
-75
-3
59
98
165
236
288
346
426
495
547
608
657
693
741
797
828
832
842
836
824
820
804
758
703
657
596
525
468
397
311
240
173
84
6
-48
-110
-169
-215
-269
-331
-366
-382
-402
-416
-421
-442
-451
-431
-413
-397
-377
-357
-341
-309
-279
-256
-230
-198
-170
-150
-132
-129
-125
-108
-101
-98
-107
-134
-157
-171
-186
-207
-231
-269
-311
-334
-355
-383
-404
-424
-452
-463
-467
-476
-478
-466
-454
-442
-417
-395
-376
-335
-289
-246
-204
-151
-105
-53
17
74
142
205
266
324
388
454
511
577
635
681
730
764
796
832
857
872
876
875
859
839
823
786
744
703
649
581
520
452
377
319
254
174
101
32
-40
-95
-138
-189
-243
-287
-320
-353
-367
-379
-401
-410
-411
-419
-419
-412
-407
-400
-385
-374
-373
-367
-357
-348
-330
-320
-322
-327
-326
-324
-313
-304
-310
-318
-324
-331
-334
-322
-332
-347
-346
-350
-361
-356
-353
-361
-357
-338
-337
-334
-315
-301
-284
-251
-221
-210
-182
-140
-105
-57
-4
38
74
128
186
233
288
339
378
424
474
520
552
591
626
649
680
703
714
720
734
736
732
728
707
687
670
648
618
588
546
499
458
417
369
321
268
207
155
110
57
7
-38
-92
-140
-178
-219
-259
-291
-326
-361
-386
-409
-436
-456
-472
-489
-498
-503
-516
-524
-527
-526
-526
-523
-524
-529
-526
-518
-510
-495
-488
-482
-467
-447
-432
-408
-387
-369
-340
-313
-288
-270
-242
-218
-192
-151
-127
-111
-85
-57
-30
8
43
59
82
118
144
177
216
241
263
296
328
349
377
406
427
451
477
488
498
517
534
545
563
566
561
568
575
577
580
575
563
551
548
537
523
505
484
459
435
412
380
350
318
284
246
205
162
120
78
36
-11
-57
-106
-154
-196
-233
-275
-313
-353
-392
-424
-452
-479
-509
-535
-562
-586
-605
-620
-635
-643
-647
-650
-651
-645
-629
-616
-600
-580
-564
-548
-519
-485
-459
-430
-393
-369
-342
-297
-261
-235
-197
-162
-143
-109
-68
-44
-20
19
50
70
110
141
161
191
225
248
271
303
323
338
367
385
400
415
432
443
452
463
468
470
474
474
470
467
462
453
445
439
433
423
412
401
390
378
366
353
335
317
299
280
259
236
215
189
160
138
108
75
48
19
-13
-45
-76
-110
-145
-174
-206
-237
-268
-298
-327
-354
-373
-397
-420
-442
-468
-487
-508
-520
-532
-546
-555
-559
-559
-558
-548
-539
-527
-510
-496
-477
-455
-427
-403
-372
-342
-309
-275
-238
-198
-162
-122
-83
-50
-15
23
58
90
124
155
184
212
243
267
294
320
341
364
383
401
416
429
443
451
462
467
470
477
475
476
476
476
467
464
456
442
433
421
408
391
376
357
333
314
296
274
249
227
195
167
147
123
98
74
50
23
-2
-26
-54
-80
-105
-130
-161
-189
-215
-241
-265
-289
-311
-335
-357
-375
-395
-412
-425
-438
-454
-466
-472
-483
-491
-493
-498
-501
-499
-496
-489
-480
-468
-451
-434
-411
-390
-366
-340
-313
-283
-252
-222
-188
-154
-120
-84
-46
-14
20
53
86
120
151
182
207
233
260
287
309
332
350
362
376
389
398
403
414
413
409
415
412
402
401
397
383
374
367
346
329
318
301
280
266
249
219
205
192
166
146
133
108
84
73
55
28
15
-3
-29
-48
-63
-84
-104
-117
-133
-151
-163
-176
-194
-205
-214
-226
-234
-244
-252
-262
-267
-271
-277
-280
-285
-286
-293
-294
-295
-297
-297
-297
-296
-297
-293
-290
-287
-281
-275
-267
-259
-247
-235
-224
-206
-189
-174
-153
-131
-110
-84
-56
-34
-6
22
52
80
108
138
162
191
215
240
259
279
299
317
336
348
355
365
373
377
380
383
380
375
371
362
351
340
325
308
290
273
251
229
206
182
160
135
108
83
58
34
11
-11
-33
-54
-74
-93
-107
-122
-136
-150
-161
-170
-176
-181
-185
-191
-196
-198
-199
-200
-202
-203
-203
-205
-204
-204
-204
-205
-207
-208
-205
-204
-203
-203
-203
-200
-200
-200
-199
-199
-198
-195
-193
-192
-192
-188
-184
-177
-170
-162
-154
-144
-131
-115
-101
-84
-65
-48
-27
-5
17
42
66
92
119
146
172
198
222
247
272
294
314
331
345
361
372
380
386
389
390
391
387
378
370
358
344
329
310
288
264
244
216
188
162
133
104
76
52
22
-3
-29
-57
-79
-98
-116
-136
-151
-163
-173
-178
-186
-191
-192
-191
-189
-185
-179
-176
-170
-161
-150
-143
-136
-128
-124
-116
-111
-108
-105
-103
-103
-103
-102
-105
-106
-110
-115
-120
-123
-127
-133
-137
-142
-146
-149
-150
-154
-154
-152
-150
-145
-138
-130
-122
-110
-97
-82
-65
-48
-32
-13
7
30
50
72
93
112
134
155
175
192
209
222
234
247
258
265
271
275
278
280
279
275
267
260
251
239
226
213
197
179
164
146
124
105
81
58
38
17
-5
-27
-47
-69
-86
-103
-121
-137
-151
-166
-179
-190
-201
-208
-212
-218
-222
-224
-223
-223
-219
-211
-206
-201
-193
-184
-175
-164
-157
-153
-145
-136
-128
-119
-112
-108
-101
-95
-89
-86
-83
-80
-79
-74
-75
-74
-72
-72
-71
-72
-72
-70
-68
-65
-62
-57
-53
-48
-38
-28
-18
-8
4
16
31
47
62
79
94
110
129
144
159
175
189
205
218
230
243
253
261
267
272
276
275
274
270
264
259
249
237
223
209
192
177
159
138
116
95
72
49
24
2
-21
-43
-65
-87
-107
-126
-144
-160
-176
-190
-201
-211
-218
-223
-226
-227
-226
-223
-220
-216
-209
-203
-195
-186
-175
-162
-150
-139
-129
-116
-103
-89
-77
-67
-57
-46
-35
-27
-19
-12
-8
-3
3
8
11
13
18
22
22
23
27
27
30
32
34
36
39
43
49
55
61
64
69
76
85
90
96
103
110
118
125
132
138
146
155
160
168
172
174
177
181
184
183
182
180
179
176
170
163
156
150
142
132
121
109
97
84
72
56
38
21
5
-11
-29
-45
-63
-79
-93
-109
-120
-133
-146
-155
-166
-175
-185
-193
-197
-202
-204
-207
-209
-208
-205
-203
-196
-189
-181
-174
-164
-153
-144
-133
-121
-110
-98
-86
-76
-64
-52
-41
-30
-21
-11
-2
7
15
23
29
33
38
42
45
49
51
53
54
56
55
54
56
56
56
55
55
54
57
59
56
53
55
57
58
59
58
58
59
61
64
64
65
66
68
70
71
69
70
70
72
72
71
69
64
61
58
53
47
41
34
27
20
14
6
-2
-11
-20
-28
-37
-48
-57
-67
-76
-85
-94
-103
-110
-116
-123
-128
-134
-136
-139
-141
-142
-142
-141
-141
-137
-133
-129
-124
-117
-112
-102
-95
-87
-78
-67
-57
-47
-38
-27
-16
-4
9
17
29
37
48
59
65
71
76
83
89
91
97
99
100
101
104
103
102
101
99
98
95
91
87
83
80
79
73
69
65
63
60
54
49
45
41
37
38
35
31
29
26
26
25
24
22
19
17
18
18
17
18
17
17
18
18
17
16
16
14
15
15
10
6
5
2
0
-2
-6
-9
-11
-13
-17
-20
-26
-32
-37
-43
-47
-51
-55
-59
-61
-62
-64
-66
-66
-67
-67
-65
-64
-63
-62
-59
-56
-53
-48
-43
-36
-30
-25
-21
-13
-6
0
5
12
19
26
33
39
45
51
55
60
63
67
73
72
74
73
75
74
72
71
69
67
64
62
59
56
54
51
47
42
38
34
30
26
22
20
17
12
10
7
4
1
-3
-5
-5
-6
-7
-7
-5
-5
-4
-4
-3
-2
-2
0
1
2
4
3
4
3
4
3
1
2
0
1
-1
-3
-3
-5
-9
-10
-14
-18
-21
-26
-30
-36
-37
-42
-44
-46
-49
-52
-53
-56
-61
-62
-63
-64
-64
-64
-63
-63
-61
-58
-55
-51
-47
-44
-40
-35
-29
-25
-21
-17
-11
-4
2
7
12
16
21
24
26
30
31
35
38
39
41
41
41
39
37
37
33
33
32
32
29
27
24
19
16
11
10
6
5
4
2
4
2
1
-1
-2
-2
-3
-2
-2
0
2
3
3
7
11
13
15
16
18
19
23
23
24
23
22
22
20
19
16
14
11
7
3
-1
-4
-9
-14
-19
-26
-32
-39
-43
-49
-56
-60
-67
-70
-74
-76
-78
-80
-82
-84
-84
-83
-82
-80
-77
-74
-69
-65
-61
-56
-50
-44
-37
-29
-23
-15
-8
0
7
12
18
23
27
33
38
44
47
50
52
53
54
53
53
53
52
51
48
46
45
43
38
35
32
28
26
23
20
18
16
14
13
12
10
9
10
10
11
12
14
14
17
19
22
23
26
27
30
32
34
33
34
35
35
35
34
33
29
29
27
22
19
15
10
5
1
-5
-11
-16
-22
-28
-34
-40
-44
-49
-56
-59
-62
-64
-66
-67
-68
-68
-69
-66
-66
-64
-60
-56
-51
-45
-41
-34
-28
-22
-15
-9
-1
6
14
22
29
35
42
49
53
58
63
67
70
73
76
77
77
78
75
74
73
71
69
65
63
59
55
52
48
43
39
34
31
25
20
17
13
9
6
4
1
-1
-3
-6
-6
-7
-9
-9
-10
-9
-8
-8
-7
-7
-6
-6
-6
-6
-6
-7
-6
-7
-7
-8
-8
-9
-11
-12
-15
-17
-19
-22
-23
-28
-31
-35
-38
-43
-47
-50
-53
-57
-59
-62
-64
-66
-68
-68
-68
-67
-67
-66
-65
-62
-59
-56
-52
-48
-43
-39
-33
-27
-21
-14
-7
-1
5
12
19
26
30
35
41
43
48
50
53
54
57
58
59
59
60
60
56
53
51
46
41
36
32
27
24
18
11
6
2
-4
-8
-12
-17
-21
-25
-28
-30
-32
-33
-36
-37
-37
-36
-37
-36
-36
-35
-34
-32
-29
-26
-24
-20
-20
-17
-14
-11
-8
-6
-5
-5
-2
0
-2
-1
-1
-1
-2
-3
-2
-3
-4
-5
-6
-9
-10
-12
-14
-16
-16
-19
-20
-19
-20
-19
-18
-16
-15
-14
-10
-7
-4
-1
3
7
12
16
20
26
31
35
40
44
48
55
57
61
66
68
71
72
75
75
75
75
74
71
68
66
62
58
53
48
42
38
32
26
20
14
6
-2
-8
-14
-23
-31
-35
-40
-48
-53
-58
-63
-66
-70
-74
-75
-78
-81
-82
-81
-81
-81
-78
-77
-76
-74
-72
-71
-66
-63
-61
-57
-53
-50
-45
-41
-38
-35
-31
-27
-23
-21
-15
-13
-10
-7
-4
-1
2
5
7
9
12
15
16
20
22
23
25
29
31
32
33
36
38
39
42
42
44
47
49
51
51
54
55
56
57
59
58
59
60
60
58
58
56
54
54
49
45
42
37
34
30
26
22
18
13
10
4
-2
-8
-14
-20
-27
-33
-41
-45
-51
-56
-60
-64
-67
-70
-72
-75
-76
-78
-79
-80
-80
-80
-78
-78
-76
-73
-69
-64
-59
-55
-50
-46
-40
-35
-28
-23
-17
-11
-5
2
9
17
21
27
33
37
42
45
47
53
56
59
62
65
66
70
72
72
72
73
72
70
69
67
65
63
62
58
56
54
51
47
46
42
37
33
28
26
22
18
15
11
9
4
1
-3
-7
-10
-14
-18
-21
-25
-28
-31
-33
-35
-37
-40
-43
-45
-49
-50
-53
-54
-57
-58
-59
-60
-61
-63
-63
-63
-63
-63
-62
-62
-62
-60
-60
-57
-55
-52
-49
-46
-41
-37
-34
-30
-27
-24
-17
-13
-7
-3
2
6
12
17
22
27
32
38
41
46
52
56
59
63
66
68
72
73
75
77
78
77
79
79
80
78
78
76
74
73
71
67
64
61
57
53
49
46
41
37
33
29
23
19
14
8
5
0
-5
-10
-13
-19
-22
-26
-30
-33
-36
-38
-41
-45
-47
-50
-51
-54
-56
-58
-57
-59
-59
-60
-61
-60
-61
-60
-60
-59
-58
-57
-55
-55
-52
-50
-48
-46
-44
-43
-43
-39
-37
-36
-33
-30
-27
-25
-20
-16
-14
-10
-5
-2
1
4
7
11
16
18
22
25
28
33
36
40
42
46
52
53
58
60
62
63
65
66
68
71
70
69
69
70
68
68
66
64
63
61
59
57
54
53
48
45
42
37
32
29
25
21
16
13
7
3
-1
-5
-8
-12
-15
-17
-20
-23
-26
-29
-32
-34
-36
-38
-39
-41
-44
-43
-43
-44
-45
-44
-42
-44
-44
-44
-44
-43
-43
-43
-43
-40
-41
-39
-39
-38
-36
-33
-31
-29
-26
-25
-23
-21
-19
-17
-14
-13
-9
-5
-3
0
3
8
12
15
19
23
26
30
35
39
42
46
48
52
56
58
61
65
67
69
70
71
72
72
72
71
70
69
68
66
64
63
58
56
52
48
44
40
34
30
25
19
14
11
6
0
-4
-9
-14
-19
-21
-27
-32
-35
-39
-42
-45
-49
-52
-54
-57
-61
-61
-65
-67
-69
-70
-72
-73
-73
-72
-72
-73
-72
-71
-71
-69
-69
-70
-67
-65
-64
-62
-61
-60
-58
-55
-53
-51
-48
-44
-39
-36
-32
-28
-23
-19
-14
-10
-5
1
5
9
15
21
25
30
36
41
47
52
55
61
65
71
75
77
81
84
85
88
88
89
90
90
90
88
87
85
82
78
76
72
68
65
59
54
48
41
33
29
22
16
8
1
-6
-13
-18
-24
-31
-36
-40
-45
-50
-55
-59
-63
-67
-69
-73
-74
-76
-79
-78
-76
-78
-78
-77
-76
-75
-75
-71
-68
-66
-63
-60
-58
-57
-53
-51
-48
-45
-41
-37
-33
-29
-25
-19
-16
-12
-8
-4
0
4
7
11
15
18
21
26
30
34
39
41
45
50
53
57
61
63
66
69
71
72
73
73
75
75
75
75
74
75
75
73
73
71
69
66
64
60
56
51
47
41
37
33
26
21
16
12
6
-1
-5
-10
-15
-19
-24
-29
-34
-38
-42
-46
-51
-55
-57
-61
-64
-66
-69
-71
-73
-73
-75
-74
-73
-74
-73
-71
-69
-69
-68
-66
-64
-62
-61
-58
-56
-54
-51
-50
-47
-44
-40
-38
-33
-29
-26
-23
-21
-15
-14
-10
-6
-4
-2
1
4
7
10
12
15
17
22
25
26
29
33
35
35
38
41
41
42
43
44
44
45
45
43
43
43
41
39
40
38
38
37
36
34
33
31
27
25
21
17
14
11
7
4
1
-3
-5
-8
-11
-13
-15
-17
-19
-22
-24
-26
-29
-31
-31
-31
-33
-32
-34
-34
-33
-32
-32
-31
-31
-29
-28
-26
-25
-23
-21
-18
-17
-15
-13
-11
-9
-5
-5
-2
0
2
4
7
10
12
17
19
23
24
26
26
27
29
29
30
32
33
34
36
38
37
38
40
40
40
41
40
38
39
37
39
36
35
33
32
31
27
25
22
21
18
14
11
9
7
2
0
-2
-3
-6
-8
-11
-14
-16
-18
-22
-25
-28
-31
-34
-37
-39
-40
-41
-41
-43
-43
-43
-44
-44
-45
-45
-46
-47
-46
-46
-47
-46
-45
-44
-44
-43
-40
-38
-37
-34
-32
-28
-26
-22
-20
-17
-14
-11
-9
-7
-5
-2
0
3
6
9
12
16
20
22
25
29
31
35
36
37
39
41
43
43
43
45
46
46
48
48
48
48
48
48
48
47
45
42
42
39
36
35
32
30
26
25
21
18
16
13
8
5
2
0
-2
-6
-8
-11
-14
-17
-19
-22
-25
-26
-28
-31
-32
-32
-32
-34
-35
-35
-35
-34
-35
-36
-36
-35
-36
-36
-36
-33
-33
-31
-30
-28
-26
-24
-23
-22
-20
-18
-15
-14
-11
-9
-7
-3
-1
2
3
6
8
8
9
11
12
16
18
20
21
23
26
29
31
31
32
33
34
33
34
34
34
34
34
34
33
33
33
33
32
30
29
28
25
24
23
19
18
17
14
12
10
6
5
2
0
-2
-5
-9
-11
-14
-17
-18
-20
-21
-24
-25
-28
-29
-30
-33
-35
-35
-36
-38
-37
-38
-37
-38
-37
-35
-35
-35
-35
-34
-35
-34
-32
-32
-30
-28
-26
-25
-20
-18
-16
-13
-11
-11
-8
-5
-4
-2
0
2
5
7
10
11
14
16
18
20
22
23
24
25
28
29
29
30
32
32
33
34
34
34
34
33
32
32
32
31
31
30
29
29
29
27
26
23
22
18
15
13
9
6
5
3
1
-2
-4
-4
-6
-7
-10
-14
-17
-18
-23
-25
-27
-28
-30
-32
-32
-31
-34
-34
-36
-37
-37
-38
-38
-39
-37
-38
-37
-35
-35
-33
-31
-31
-29
-27
-25
-25
-24
-20
-19
-17
-14
-10
-9
-7
-3
-2
2
4
5
7
9
11
13
14
16
19
20
23
25
28
28
29
31
33
33
34
34
35
35
36
36
35
35
35
34
36
34
33
32
31
29
30
28
27
26
24
23
21
19
17
16
13
10
7
6
3
2
-1
-2
-4
-7
-8
-11
-15
-15
-18
-21
-22
-24
-25
-27
-27
-29
-31
-31
-33
-35
-36
-36
-38
-39
-38
-39
-38
-36
-36
-36
-35
-34
-33
-31
-30
-29
-29
-26
-24
-22
-21
-18
-16
-14
-12
-9
-7
-5
-2
0
3
6
8
10
13
15
17
19
20
23
24
25
27
28
29
32
31
33
35
34
35
35
34
35
34
34
33
33
34
32
32
31
30
29
28
26
25
22
22
19
18
17
16
14
12
10
8
5
4
0
-1
-2
-5
-6
-8
-9
-12
-13
-15
-16
-18
-20
-22
-23
-24
-26
-26
-27
-28
-28
-28
-29
-28
-27
-29
-30
-29
-30
-30
-31
-29
-28
-27
-27
-24
-22
-20
-17
-17
-16
-13
-12
-10
-9
-7
-5
-4
-1
1
4
6
8
10
11
13
13
16
16
18
19
20
20
23
25
26
27
28
28
28
27
27
26
26
27
25
25
27
26
24
24
23
23
22
19
18
17
15
13
11
8
6
5
3
2
0
-2
-3
-3
-5
-7
-8
-9
-11
-12
-13
-16
-17
-17
-19
-20
-21
-23
-23
-24
-23
-24
-22
-22
-22
-22
-21
-21
-20
-21
-21
-22
-22
-20
-20
-19
-19
-18
-17
-16
-14
-13
-12
-11
-10
-9
-7
-6
-3
-2
0
0
1
2
2
3
4
5
6
7
9
10
12
13
15
15
17
17
16
17
17
17
18
16
17
18
18
18
18
17
17
15
15
14
14
13
14
12
12
11
10
10
8
8
5
5
3
1
0
-2
-3
-4
-5
-6
-6
-6
-6
-8
-7
-7
-9
-10
-10
-12
-13
-14
-14
-16
-17
-17
-17
-18
-16
-15
-15
-15
-14
-14
-12
-12
-11
-10
-10
-10
-9
-8
-8
-9
-9
-7
-7
-5
-3
-3
-1
0
0
2
2
3
5
6
5
5
5
7
6
7
9
11
13
15
16
17
18
17
18
17
16
15
16
14
15
15
15
15
15
15
15
16
17
16
15
15
13
14
12
11
10
8
7
5
5
3
2
2
0
-1
-2
-2
-3
-5
-6
-7
-7
-8
-10
-10
-12
-13
-15
-16
-18
-16
-18
-16
-16
-18
-18
-17
-18
-18
-19
-19
-19
-19
-18
-18
-18
-17
-15
-15
-13
-13
-10
-9
-10
-9
-9
-9
-7
-8
-6
-6
-5
-4
-2
1
1
1
3
4
5
6
7
6
7
9
7
7
8
8
9
10
10
11
11
12
14
13
14
15
15
15
15
14
15
13
13
12
10
11
9
8
9
10
9
10
12
11
11
9
7
6
4
2
-1
-1
-1
-2
-1
-3
-3
-4
-3
-4
-7
-7
-7
-6
-6
-6
-7
-8
-8
-10
-10
-11
-11
-11
-11
-10
-10
-9
-12
-10
-8
-9
-9
-8
-7
-8
-7
-8
-10
-10
-9
-8
-7
-6
-5
-4
-4
-4
-4
-3
-2
0
1
3
2
3
3
5
4
3
5
3
5
6
6
6
6
7
8
9
10
10
10
10
10
9
10
9
8
8
9
9
10
9
8
8
10
11
9
9
7
7
7
7
5
4
4
4
3
0
0
-2
-2
-2
-3
-4
-3
-4
-4
-4
-2
-3
-3
-5
-6
-6
-8
-9
-10
-10
-10
-10
-10
-9
-7
-6
-6
-7
-7
-8
-8
-8
-8
-8
-8
-9
-8
-8
-6
-6
-6
-6
-7
-5
-4
-5
-4
-3
-2
-1
-1
-1
-1
0
-1
0
0
-1
0
2
4
3
3
3
4
5
6
6
7
10
8
9
9
8
7
5
5
4
4
5
7
8
8
8
7
6
6
7
6
6
6
6
6
6
5
3
4
3
1
1
3
2
1
0
-1
-2
-2
-1
0
0
0
-2
-2
-3
-4
-5
-6
-6
-6
-7
-7
-6
-7
-7
-5
-5
-6
-4
-3
-4
-4
-5
-5
-6
-6
-5
-4
-3
-4
-4
-4
-3
-3
-3
-2
-2
-1
0
-1
1
0
1
0
-2
-1
-2
0
0
1
2
2
1
2
2
4
4
6
5
5
4
4
2
1
2
2
4
3
3
3
4
4
4
5
4
4
4
4
3
0
1
1
0
0
-1
0
0
2
2
2
2
2
0
-1
0
1
0
0
-1
-3
-3
-2
-4
-4
-3
-2
-2
-3
-1
-1
1
-1
-1
-1
-2
-2
-2
-1
-3
-3
-2
-2
-3
-4
-4
-3
-4
-2
0
-1
0
0
-1
-2
-2
-2
-4
-3
-1
-3
-3
-1
-1
-1
1
1
1
3
3
4
4
3
2
0
0
0
-1
-1
-1
1
2
3
2
3
2
3
2
1
3
3
3
2
1
0
0
0
0
1
1
1
1
0
0
0
-1
-1
0
-1
-1
-2
-2
-4
-3
-4
-2
-3
-3
-4
-4
-3
-4
-3
-1
-1
0
2
1
2
0
0
-1
-1
0
-2
-2
-2
-3
-2
-2
-3
-1
-2
-1
1
0
-1
1
0
0
1
2
2
1
1
-1
-1
-2
-2
0
0
1
1
2
2
2
2
2
2
2
3
4
2
1
0
1
2
3
3
3
2
2
3
3
2
3
3
3
2
2
2
3
3
2
2
2
2
1
1
1
0
1
0
0
0
-1
-1
0
0
0
0
-1
-1
-2
0
-1
-2
-1
-1
0
0
0
-1
-1
-1
0
0
0
0
-1
-2
-2
-2
0
1
1
1
2
2
2
2
2
1
0
2
2
3
0
0
0
1
2
2
2
2
2
2
3
4
2
2
1
2
1
3
2
-1
0
-1
1
1
1
2
3
4
3
1
2
0
0
1
1
2
2
2
0
1
0
1
1
0
-1
0
0
-1
-2
-2
-3
-3
-1
-2
-2
-1
-2
-3
-3
-3
-2
-3
-3
-3
-3
-2
-1
-1
-1
-2
-2
-4
-4
-4
-5
-3
-1
-3
-2
-3
-3
-2
-1
0
0
-2
-1
1
1
0
0
-1
-1
-1
-1
-2
-2
-1
0
-1
0
-1
-2
-2
-3
-3
-3
-3
-3
-2
-2
-2
0
-1
-2
-1
-1
-2
0
0
2
1
1
2
1
0
0
0
1
3
6
5
5
4
5
5
3
2
3
3
4
6
5
5
3
3
5
5
5
7
6
6
3
3
3
3
3
2
1
1
1
1
2
3
2
2
1
1
1
1
2
1
2
2
1
0
-1
-1
-2
0
-1
-1
-1
1
2
0
-1
0
-1
-2
-2
-2
-1
-1
-1
-1
-2
0
-1
-2
-2
-3
-3
-5
-4
-4
-4
-4
-4
-5
-5
-4
-3
-3
-5
-5
-4
-4
-4
-4
-4
-4
-4
-3
-1
-2
-1
-1
-1
1
-1
-1
-1
-1
0
1
2
1
1
2
3
3
3
2
3
3
4
2
2
2
2
3
4
6
4
4
3
3
2
1
0
0
0
2
1
2
1
1
2
3
3
3
3
3
3
1
0
-2
-3
-2
-2
-1
-1
2
0
1
0
-1
0
-1
-1
-1
-3
-2
-2
-2
-1
-1
-2
-2
-1
-1
-2
-1
-1
-1
-2
0
0
0
1
-1
-2
-1
-2
-2
0
0
0
1
