27
23
18
16
20
29
38
42
43
34
18
1
-15
-25
-30
-33
-35
-35
-35
-34
-32
-22
-12
3
18
30
39
43
44
42
36
30
19
8
-5
-19
-31
-40
-47
-49
-48
-44
-34
-22
-3
18
39
57
65
61
49
28
6
-11
-23
-30
-31
-30
-29
-28
-25
-17
-8
8
25
38
43
41
32
16
2
-12
-20
-27
-30
-32
-34
-31
-23
-8
12
33
49
56
51
35
14
-5
-17
-20
-17
-9
-1
4
3
-2
-3
0
7
14
19
16
4
-15
-33
-47
-51
-42
-26
-2
22
35
47
52
51
49
46
42
34
20
1
-24
-48
-70
-84
-87
-78
-59
-31
0
33
55
70
74
68
57
42
28
18
13
6
-2
-13
-28
-45
-58
-68
-70
-60
-46
-28
-14
-1
5
10
16
21
25
28
30
27
22
17
11
9
16
21
23
18
4
-17
-41
-57
-65
-59
-42
-21
-1
13
19
21
21
24
31
38
42
38
27
8
-16
-34
-47
-51
-46
-39
-33
-32
-33
-30
-21
-1
28
60
89
106
104
85
53
17
-21
-50
-65
-68
-62
-51
-38
-27
-16
-9
-2
4
9
15
20
27
30
32
29
23
17
7
-2
-9
-16
-18
-18
-17
-16
-15
-14
-10
-7
-4
-2
-2
-2
-3
0
6
16
28
37
40
32
16
-4
-25
-41
-50
-48
-36
-22
-8
4
8
12
14
18
22
29
34
35
33
27
21
17
12
12
10
4
-3
-16
-30
-43
-48
-43
-30
-12
6
22
32
36
33
30
25
22
21
21
20
15
9
-1
-13
-28
-40
-52
-58
-57
-51
-41
-29
-14
-6
0
4
9
17
29
41
51
55
52
42
26
6
-13
-29
-39
-47
-52
-55
-55
-56
-50
-41
-25
-5
15
32
44
47
46
44
40
37
32
27
18
6
-9
-24
-38
-49
-54
-55
-53
-50
-45
-36
-24
-7
16
40
61
78
87
85
76
61
43
24
4
-17
-36
-56
-72
-82
-86
-78
-63
-44
-25
-7
9
23
31
39
45
50
51
48
42
33
24
15
9
1
-8
-17
-26
-36
-40
-41
-38
-29
-17
-6
-2
0
0
4
12
25
40
53
61
59
46
25
3
-16
-28
-32
-31
-28
-28
-29
-33
-33
-30
-20
-8
7
19
29
34
35
34
36
37
38
38
34
25
15
0
-15
-27
-36
-42
-46
-47
-44
-38
-30
-19
-5
9
22
36
48
57
64
66
61
51
34
10
-15
-36
-50
-56
-56
-50
-43
-35
-27
-17
-4
11
26
39
45
43
33
20
8
1
-1
1
2
-2
-10
-21
-31
-34
-31
-20
-6
7
10
5
-6
-16
-19
-10
5
25
40
46
39
25
7
-7
-12
-10
-2
5
4
-4
-17
-30
-36
-35
-28
-15
-4
1
2
2
4
12
23
37
44
42
30
8
-17
-37
-50
-51
-44
-34
-26
-22
-19
-16
-8
4
21
37
47
48
39
19
0
-18
-26
-28
-24
-19
-11
-5
1
4
8
10
13
14
12
6
-4
-14
-28
-36
-41
-40
-35
-22
-2
18
38
49
52
44
27
7
-8
-19
-21
-16
-6
3
5
1
-6
-11
-11
-6
5
15
20
18
8
-4
-16
-21
-19
-11
2
13
17
18
16
15
16
21
26
28
24
13
0
-13
-23
-28
-28
-26
-25
-27
-29
-31
-22
-6
19
49
75
88
85
65
32
-3
-31
-51
-58
-54
-49
-41
-37
-35
-31
-21
-7
11
33
52
65
69
63
50
31
12
-6
-21
-33
-39
-42
-39
-33
-26
-16
-9
-3
-1
-1
-2
-1
1
3
7
11
15
20
24
29
35
38
34
26
9
-11
-31
-49
-61
-65
-63
-56
-45
-34
-23
-11
3
21
40
59
73
80
78
68
50
26
0
-23
-44
-60
-67
-71
-64
-52
-38
-24
-14
-4
1
6
9
15
23
34
44
47
44
31
12
-5
-17
-23
-20
-11
-1
7
7
3
-9
-18
-27
-28
-27
-19
-8
2
15
21
28
31
33
31
26
19
10
1
-10
-17
-22
-26
-25
-24
-23
-17
-10
1
10
19
24
25
22
17
10
5
0
-1
-4
-5
-6
-7
-5
-2
5
13
18
20
20
15
7
0
-5
-6
-5
-1
3
3
3
-1
-7
-10
-13
-12
-10
-9
-8
-8
-7
-8
-7
-4
4
11
18
25
28
28
28
24
18
14
5
-5
-16
-27
-38
-41
-42
-34
-24
-12
0
8
15
19
22
27
29
31
30
24
15
3
-8
-16
-21
-22
-20
-17
-19
-21
-25
-27
-28
-26
-21
-12
-5
2
9
13
16
21
25
28
30
26
18
5
-7
-20
-27
-30
-29
-25
-22
-22
-24
-28
-28
-25
-16
-2
12
27
37
42
41
36
30
25
17
11
3
-6
-18
-30
-42
-49
-52
-50
-44
-32
-20
-6
7
20
33
43
49
49
44
35
23
11
0
-6
-11
-13
-12
-14
-17
-22
-27
-31
-35
-35
-34
-30
-26
-21
-14
-4
6
18
31
43
51
55
54
50
43
32
22
12
0
-13
-26
-36
-42
-45
-45
-39
-28
-19
-12
-4
-1
2
8
14
21
27
33
37
39
40
38
36
33
33
28
22
12
-4
-19
-36
-46
-50
-49
-46
-37
-29
-23
-18
-12
-3
5
18
29
39
45
44
41
34
28
23
18
15
9
3
-4
-13
-18
-23
-25
-23
-21
-19
-17
-20
-21
-22
-21
-13
-5
4
13
18
22
23
22
22
23
24
22
17
11
3
-4
-10
-13
-12
-8
-2
1
2
0
-2
-4
-9
-13
-19
-23
-29
-33
-34
-32
-23
-9
6
22
35
43
46
45
41
36
32
27
20
10
-1
-15
-26
-35
-40
-39
-34
-25
-16
-10
-7
-7
-7
-5
-3
-2
0
0
-1
-3
-4
-4
1
6
12
17
20
18
11
2
-9
-18
-24
-26
-26
-25
-23
-21
-17
-11
-2
7
17
24
27
25
18
9
0
-7
-10
-13
-12
-12
-11
-12
-12
-8
-2
9
18
27
29
24
15
1
-10
-19
-22
-19
-15
-10
-5
-3
-1
2
3
7
11
13
13
8
2
-5
-10
-13
-11
-9
-6
-4
-4
-4
-4
-1
3
8
13
16
14
8
0
-8
-14
-16
-16
-14
-11
-8
-7
-7
-7
-6
-3
4
13
21
27
31
33
31
27
22
17
8
-1
-9
-18
-26
-35
-38
-39
-34
-26
-14
-2
10
20
29
33
37
34
32
27
19
11
1
-8
-17
-25
-31
-33
-34
-30
-23
-13
-4
5
14
21
27
31
32
32
31
28
22
14
3
-7
-16
-23
-29
-33
-32
-30
-26
-19
-12
-5
2
7
12
16
18
20
19
19
17
12
9
5
-1
-8
-13
-16
-19
-18
-19
-16
-12
-8
-5
-2
2
7
13
17
19
19
18
13
7
0
-9
-16
-22
-28
-32
-35
-34
-31
-25
-17
-7
4
14
24
31
35
36
38
35
30
22
14
5
-2
-6
-11
-14
-16
-19
-23
-27
-33
-36
-32
-27
-18
-8
3
11
17
21
23
24
27
28
29
30
27
22
17
8
3
-2
-5
-6
-9
-10
-13
-13
-12
-11
-5
1
5
9
11
9
5
2
-2
-3
-5
-4
-2
-2
-1
0
0
3
6
11
12
12
10
5
-1
-6
-10
-10
-9
-4
1
3
7
7
9
12
14
17
19
21
21
16
10
2
-8
-15
-21
-22
-22
-21
-19
-17
-14
-11
-6
1
10
20
28
34
36
31
24
15
5
-1
-5
-10
-12
-14
-17
-18
-21
-21
-18
-12
-4
4
10
15
17
16
15
12
7
5
3
1
-3
-6
-9
-14
-17
-20
-21
-21
-20
-18
-16
-12
-9
-6
1
6
9
13
14
12
8
6
3
1
-1
-4
-6
-8
-10
-10
-9
-7
-5
-1
2
3
3
4
3
3
1
-1
-1
-2
-3
-4
-7
-7
-7
-6
-4
-3
1
5
8
10
10
9
4
0
-4
-7
-5
-3
0
2
2
2
1
1
4
6
10
13
15
11
3
-7
-17
-25
-28
-28
-25
-18
-9
0
5
9
12
16
17
20
19
18
15
11
5
-2
-6
-11
-11
-10
-6
-3
2
4
6
6
6
4
3
2
0
0
-1
-2
-3
-5
-5
-4
-2
-2
0
4
8
12
15
16
16
14
11
8
4
1
-3
-6
-8
-11
-12
-11
-10
-4
1
5
8
8
6
2
-3
-5
-4
-1
2
8
12
13
11
8
1
-4
-7
-8
-7
-5
-4
-4
-4
-6
-4
0
5
11
18
21
23
19
12
5
-3
-12
-17
-20
-22
-21
-21
-20
-18
-14
-10
-4
4
12
18
24
25
22
16
10
2
-5
-10
-12
-11
-11
-9
-9
-8
-8
-8
-7
-6
-4
-1
1
0
-1
-2
-4
-5
-3
0
2
7
10
10
8
4
-3
-9
-13
-14
-11
-8
-1
3
5
3
-1
-4
-6
-5
-3
2
4
4
1
-2
-6
-12
-14
-14
-10
-5
-2
-1
0
-1
0
1
5
10
15
21
24
22
18
10
3
-4
-6
-8
-10
-11
-9
-9
-11
-12
-15
-15
-13
-11
-7
-5
-1
3
5
6
8
7
11
13
16
19
17
17
13
5
-3
-11
-17
-19
-19
-12
-4
4
11
14
15
13
11
6
3
2
-1
-4
-4
-8
-11
-10
-11
-9
-4
-1
6
10
15
20
21
22
18
14
10
4
0
-5
-7
-4
-4
-3
-1
-3
-1
-3
-2
1
0
5
7
4
0
0
-2
-4
-1
2
4
6
3
0
-8
-13
-16
-18
-13
-7
0
5
8
8
2
4
3
2
10
12
11
12
5
-1
-6
-8
-12
-14
-11
-10
-9
-13
-8
-8
-13
0
1
-6
7
8
5
10
10
10
9
9
9
1
-1
-5
-9
-10
-12
-8
-10
-9
-6
-10
-7
-8
-9
-4
-4
2
2
-2
-1
-3
-4
-4
-2
1
-2
-2
-2
-5
-3
-1
4
8
16
22
21
17
12
8
5
2
-4
-5
-9
-10
-9
-17
-16
-14
-14
-15
-10
-10
-9
-3
0
3
9
16
15
21
19
19
20
15
12
10
-1
2
-6
-13
-12
-17
-12
-8
-8
-6
-4
3
5
3
6
5
5
10
12
9
9
12
6
8
8
1
5
0
-10
-13
-15
-20
-22
-16
-15
-8
-5
-4
1
1
0
6
4
8
10
13
13
8
11
0
0
-3
-8
-6
-8
-7
-5
-14
-17
-12
-13
-12
-13
-6
-4
-2
5
1
5
10
4
8
0
-1
0
2
6
1
8
3
-4
-3
-11
-12
-14
-8
0
-3
2
1
0
2
-4
3
-1
-4
8
1
-5
-1
-7
-7
-2
-3
1
3
5
8
3
1
3
-3
1
4
6
7
4
1
-4
-6
-7
-10
-7
-6
-9
-4
-1
0
0
1
3
7
6
6
4
5
4
4
6
6
11
15
17
16
15
15
5
1
-1
-5
-8
-10
-8
-12
-11
-9
-16
-8
-1
-2
5
6
5
6
-6
0
4
-1
7
5
2
3
5
1
2
5
5
9
9
6
4
0
0
3
2
1
5
9
7
7
2
-8
-9
-9
-7
-7
-9
-7
-5
-4
-7
-9
-4
-1
4
9
8
7
11
13
8
12
10
1
2
-1
-6
-7
-13
-13
-9
-9
2
1
8
18
11
14
15
8
12
14
5
2
-6
-9
-11
-9
-13
-12
-7
-1
4
6
9
8
8
8
8
4
4
1
-3
-2
-2
3
1
0
4
1
-2
-1
-5
-4
-1
-6
-2
-4
-9
-12
-15
-14
-17
-13
-9
-11
-8
-6
-5
-2
-4
-3
-2
-2
4
2
2
10
12
18
19
17
14
7
2
-2
-2
-2
-7
-6
-9
-16
-17
-23
-21
-19
-21
-13
-11
-9
-3
-4
-4
2
3
6
13
13
11
2
-2
-4
-15
-13
-13
-11
-8
-8
-9
-12
-11
-13
-8
0
4
6
7
7
7
3
6
6
0
1
0
3
5
1
2
5
8
10
14
14
11
5
2
-5
-7
-5
-7
-9
-9
-9
-15
-19
-17
-15
-9
-1
0
8
11
12
20
15
17
19
17
16
21
18
13
12
8
4
5
0
-4
-8
-17
-19
-19
-14
-12
-5
5
7
14
17
17
15
18
22
18
18
22
18
17
13
8
6
4
3
4
3
6
4
1
4
3
4
3
5
6
3
0
0
-2
-2
4
4
3
4
3
5
1
-2
0
-1
-3
0
2
3
3
6
0
0
0
-1
1
-3
-1
-1
-3
0
5
3
-1
-4
-5
-13
-13
-8
-6
0
5
3
5
4
4
10
8
11
12
10
13
6
-1
-3
-7
-9
-10
-10
-10
-14
-17
-19
-23
-23
-17
-18
-14
-11
-8
-1
1
9
15
13
16
14
12
8
3
3
-5
-6
-12
-15
-21
-24
-20
-20
-21
-15
-7
0
5
6
10
14
15
16
16
15
11
3
-3
-10
-18
-21
-21
-21
-17
-15
-13
-8
-4
4
12
20
24
25
28
25
14
10
6
1
-7
-11
-14
-13
-13
-14
-4
0
8
17
14
17
18
12
12
10
10
1
-2
-1
-7
-10
-6
-13
-12
-7
-9
-3
3
3
-1
-4
-1
-6
-6
-2
-1
-1
1
1
-1
-2
3
3
6
8
4
-3
-8
-4
-8
-8
-3
-2
1
2
4
5
7
13
14
12
14
8
6
3
-4
-4
-8
-7
-7
-7
-3
-4
-8
-8
-7
-5
-2
4
3
1
3
-1
-1
-2
-2
1
-5
-1
3
4
7
4
4
6
8
6
6
6
3
-1
-3
-12
-21
-21
-28
-30
-29
-26
-20
-14
-8
-6
-4
5
6
8
14
14
16
13
7
5
-2
-2
-5
-5
0
1
1
-6
-10
-13
-13
-15
-11
-6
-4
-2
-4
-6
-4
-2
-4
9
16
19
24
24
21
18
16
13
4
2
-3
-6
-7
-10
-12
-12
-11
-7
-5
2
5
1
8
6
2
9
7
6
7
6
7
5
2
1
-2
5
6
6
8
7
11
7
10
5
-2
-3
-5
-10
-6
-8
-12
-9
-8
-2
-3
-1
3
2
5
10
11
12
9
8
8
5
10
13
12
14
13
7
7
6
0
0
2
3
0
-4
-8
-16
-17
-21
-15
-12
-11
-6
-6
-4
-4
-2
0
2
3
5
3
0
3
-3
-3
-2
0
1
4
2
-2
-6
-11
-6
-5
3
6
8
10
10
7
4
5
3
0
-4
-8
-10
-16
-30
-32
-35
-35
-21
-14
-4
3
3
7
7
9
12
13
16
17
12
14
6
-2
-2
-15
-21
-24
-25
-21
-15
-7
-1
0
-1
-1
-5
-10
-11
-12
-10
-5
-4
-4
-6
-6
-10
-8
-6
-13
-10
-6
-5
4
11
6
14
16
21
28
25
24
16
9
7
-4
-14
-18
-19
-14
-17
-12
-16
-16
-16
-25
-23
-25
-15
-1
8
19
23
22
27
22
22
17
10
18
8
-1
1
-4
-5
-6
-19
-12
-11
-5
13
13
7
12
4
1
1
-17
-28
-33
-43
-38
-33
-19
0
11
34
43
54
54
54
54
35
19
-2
-29
-37
-41
-42
-36
-29
-21
-12
-10
-10
-11
-15
-11
-2
14
35
47
51
52
47
37
26
21
10
8
6
-2
-8
-17
-28
-30
-31
-26
-18
-12
7
14
22
36
38
42
44
38
27
18
4
-13
-21
-26
-28
-28
-32
-36
-40
-38
-31
-13
12
31
51
62
61
45
25
2
-24
-37
-49
-51
-52
-42
-30
-22
-3
17
23
28
33
32
25
16
14
10
14
23
18
7
-1
-20
-30
-36
-38
-34
-28
-14
-6
7
12
17
19
20
24
17
11
6
-1
-3
-8
-18
-20
-31
-36
-31
-31
-21
-5
3
17
25
37
35
27
21
4
3
0
-7
-7
-8
-12
-19
-22
-22
-25
-16
-10
-11
3
15
19
30
31
18
16
12
2
-8
-25
-32
-17
-7
18
26
8
-6
-26
-35
-29
-20
-5
2
17
41
44
44
36
23
19
18
20
16
5
-14
-29
-35
-42
-43
-34
-14
-1
2
7
4
0
10
27
49
70
81
75
54
17
-3
-28
-47
-44
-40
-24
-13
-12
-5
-6
-3
-5
-6
-3
-8
2
-1
5
19
24
38
40
35
26
20
15
-1
-14
-29
-39
-48
-54
-52
-50
-42
-37
-17
7
17
46
52
59
71
71
65
48
47
23
-1
-3
-29
-59
-81
-97
-108
-96
-71
-54
-22
10
30
50
73
83
73
66
60
30
16
12
-15
-38
-52
-78
-102
-103
-107
-97
-79
-34
-2
21
63
67
53
40
26
31
43
38
39
6
-22
-23
-36
-50
-44
-48
-57
-41
-33
-31
-25
-18
-6
-3
7
35
26
13
28
8
24
40
36
34
8
-4
-26
-45
-33
-34
-34
-6
12
14
35
27
14
31
48
60
80
92
78
60
47
19
-11
-15
-27
-42
-66
-80
-87
-93
-68
-35
-15
2
16
20
28
16
5
17
24
55
77
102
119
104
97
81
58
47
50
31
-5
-27
-63
-100
-76
-59
-71
-53
-33
-39
-30
9
29
28
67
106
79
126
132
78
73
56
45
24
12
-12
-63
-56
-20
-24
-1
22
-12
-26
-22
-9
-11
-7
24
1
-9
41
41
20
21
-6
-21
-23
-13
-2
-13
1
12
-12
3
34
33
21
34
43
1
2
8
-37
-36
1
20
7
7
26
-38
-42
15
-6
-21
3
-20
-62
-59
-49
-64
-96
-43
-19
-62
1
14
-42
-14
-16
-22
-32
-16
9
-26
-15
18
-58
-120
-61
-100
-111
-13
-27
-85
-43
-26
-45
-19
26
20
-5
11
41
28
35
96
4
-19
21
-29
-16
0
-2
-27
-45
-17
-16
-8
38
55
53
95
115
124
137
106
107
95
77
65
33
-2
-61
-90
-119
-145
-115
-144
-144
-113
-123
-112
-111
-116
-110
-91
-61
-24
-24
-13
-38
-85
-72
-88
-95
-78
-86
-103
-109
-115
-148
-143
-129
-135
-124
-113
-96
-77
-41
-33
-27
14
25
45
86
92
80
103
94
77
104
93
56
39
12
-25
-15
36
42
50
98
70
54
85
80
72
73
93
85
77
125
125
110
128
130
94
127
141
115
137
123
81
74
77
72
88
100
104
108
116
115
103
95
93
89
97
100
107
86
37
-21
-32
-38
-58
-51
-78
-99
-113
-119
-116
-97
-85
-70
-49
-36
-11
-13
-29
-36
-64
-92
-106
-150
-162
-190
-229
-204
-231
-249
-228
-232
-254
-237
-216
-256
-240
-205
-232
-236
-151
-105
-104
-65
-42
-62
-54
14
-9
-34
11
-29
-91
-32
11
5
43
70
69
88
156
202
208
239
250
193
188
195
207
243
255
234
188
158
125
102
84
87
85
78
100
132
124
139
147
130
161
208
232
221
197
144
109
121
161
149
140
128
34
3
24
14
-11
-49
-88
-108
-58
-4
-14
-15
-38
-98
-100
-80
-82
-70
-113
-192
-228
-253
-284
-331
-365
-381
-418
-398
-397
-417
-402
-417
-396
-380
-340
-282
-288
-293
-277
-233
-156
-111
-123
-163
-177
-174
-154
-114
-108
-158
-141
-109
-71
65
134
129
159
183
268
384
464
532
555
573
619
649
699
728
684
646
616
580
564
521
466
427
384
369
367
350
342
345
342
362
394
373
337
271
196
158
91
45
3
-76
-122
-154
-188
-207
-247
-256
-267
-261
-202
-197
-204
-195
-214
-240
-220
-211
-231
-256
-311
-376
-426
-448
-505
-548
-552
-574
-591
-562
-576
-617
-603
-651
-724
-707
-710
-734
-691
-642
-614
-582
-544
-528
-498
-441
-411
-407
-404
-381
-353
-308
-247
-184
-136
-63
30
139
302
438
558
705
838
953
1029
1085
1135
1165
1200
1217
1196
1175
1111
1012
942
891
828
734
626
514
410
340
272
195
118
41
-14
-58
-76
-64
-78
-96
-99
-103
-76
-53
-48
-24
0
21
51
41
52
87
76
84
81
36
28
27
9
22
32
-8
-93
-165
-259
-364
-426
-486
-568
-646
-699
-784
-846
-861
-919
-976
-982
-1003
-1018
-1010
-987
-974
-950
-889
-884
-888
-868
-849
-819
-746
-639
-559
-496
-405
-380
-324
-176
-33
219
451
617
736
781
964
1200
1368
1511
1515
1433
1410
1430
1539
1624
1578
1428
1193
1016
972
912
815
692
456
229
53
-69
-149
-198
-262
-334
-374
-382
-358
-400
-455
-434
-398
-339
-259
-248
-271
-251
-132
-8
56
176
168
113
247
358
456
591
561
470
436
471
525
481
446
344
136
57
-13
-91
-126
-259
-420
-577
-714
-811
-933
-1038
-1146
-1247
-1311
-1357
-1366
-1383
-1374
-1321
-1275
-1181
-1056
-1002
-957
-877
-814
-756
-681
-638
-616
-567
-499
-447
-362
-277
-219
-166
-93
37
102
258
569
733
792
870
957
1086
1273
1427
1427
1319
1257
1244
1248
1379
1505
1384
1173
1048
960
904
875
805
600
378
230
90
-28
-58
-59
-187
-301
-281
-310
-375
-424
-444
-460
-445
-357
-373
-382
-295
-307
-269
-136
6
144
207
248
349
481
607
676
700
717
666
618
580
509
463
322
125
-2
-102
-199
-342
-495
-638
-756
-830
-886
-937
-1005
-1091
-1191
-1256
-1257
-1236
-1218
-1211
-1194
-1154
-1089
-1012
-976
-927
-880
-872
-835
-754
-684
-666
-625
-600
-557
-409
-278
-187
-80
-5
60
192
483
800
938
963
1007
1093
1255
1478
1572
1519
1421
1340
1339
1441
1595
1621
1437
1245
1176
1152
1144
1167
1049
787
538
369
256
136
43
-92
-344
-505
-527
-573
-608
-624
-664
-685
-622
-527
-481
-458
-384
-349
-344
-184
6
88
151
221
271
364
508
584
565
562
523
395
343
342
237
64
-67
-181
-297
-340
-398
-551
-676
-762
-872
-959
-998
-1058
-1167
-1258
-1302
-1348
-1362
-1341
-1349
-1336
-1258
-1172
-1087
-979
-939
-875
-786
-766
-635
-533
-484
-418
-419
-384
-304
-259
-207
-169
-133
-49
30
290
616
749
765
851
1002
1222
1467
1602
1551
1468
1467
1498
1633
1822
1884
1696
1486
1444
1385
1339
1331
1170
893
640
478
359
201
97
-27
-274
-448
-452
-483
-574
-635
-682
-729
-704
-569
-545
-605
-490
-383
-388
-239
-72
-68
-16
115
203
266
348
391
366
426
504
457
392
337
209
108
79
52
-10
-106
-220
-333
-459
-553
-614
-719
-814
-904
-1017
-1107
-1138
-1180
-1221
-1210
-1175
-1144
-1140
-1090
-1035
-990
-874
-774
-758
-712
-745
-704
-642
-566
-438
-461
-421
-373
-408
-352
-237
-150
54
351
599
610
625
817
1032
1293
1563
1633
1513
1483
1562
1695
1897
2060
1940
1615
1455
1420
1376
1346
1289
1048
672
447
293
123
29
-55
-271
-521
-621
-668
-728
-768
-821
-860
-931
-887
-776
-772
-713
-625
-574
-439
-269
-111
-28
-7
126
249
308
449
531
533
561
577
577
540
517
442
295
213
144
32
-91
-203
-352
-546
-677
-802
-909
-956
-1030
-1112
-1203
-1259
-1277
-1297
-1275
-1239
-1283
-1303
-1245
-1220
-1121
-1009
-916
-846
-841
-817
-796
-706
-552
-460
-391
-284
-277
-268
-234
-180
-126
-17
260
547
781
825
811
954
1217
1535
1764
1797
1757
1688
1690
1885
2070
2148
2035
1737
1554
1498
1467
1423
1308
1056
749
517
388
265
120
-18
-245
-455
-551
-585
-642
-658
-729
-815
-788
-774
-694
-615
-578
-498
-469
-392
-256
-101
68
117
123
196
222
319
495
595
678
649
541
451
353
324
227
120
54
-103
-246
-386
-527
-678
-833
-920
-988
-1057
-1104
-1233
-1332
-1388
-1451
-1457
-1430
-1409
-1421
-1423
-1372
-1292
-1206
-1090
-969
-916
-854
-774
-691
-508
-353
-317
-228
-186
-193
-132
-67
35
62
115
390
663
855
894
915
1095
1403
1677
1839
1850
1756
1642
1659
1860
2074
2126
1905
1612
1399
1302
1278
1214
1108
877
558
355
167
-24
-120
-281
-452
-581
-695
-782
-932
-1067
-1092
-1089
-1056
-949
-932
-929
-766
-694
-654
-470
-337
-160
-7
60
147
181
250
330
434
664
735
656
616
494
386
330
232
153
85
-27
-184
-336
-457
-579
-698
-799
-885
-944
-1011
-1102
-1182
-1212
-1229
-1227
-1200
-1229
-1269
-1231
-1173
-1076
-912
-804
-792
-781
-711
-575
-364
-154
-81
-111
-119
-108
-58
58
158
181
140
160
350
666
965
970
872
985
1209
1521
1816
1886
1778
1586
1502
1596
1791
1974
1876
1552
1331
1249
1183
1160
1123
953
677
437
274
89
-60
-167
-341
-539
-646
-731
-905
-1086
-1148
-1212
-1204
-1034
-1007
-934
-826
-811
-666
-528
-367
-91
4
-7
93
168
265
411
562
641
577
583
519
429
524
490
337
277
203
57
-95
-181
-294
-444
-548
-639
-712
-769
-859
-995
-1123
-1146
-1157
-1188
-1200
-1211
-1225
-1256
-1170
-1060
-1022
-967
-915
-881
-747
-547
-411
-292
-285
-250
-308
-271
-117
-129
-77
-52
-97
-82
117
515
816
717
665
718
857
1223
1544
1600
1507
1381
1307
1407
1686
1944
1805
1464
1292
1187
1115
1183
1194
990
678
412
190
-5
-122
-181
-378
-590
-695
-812
-954
-1010
-1064
-1130
-1019
-934
-933
-915
-881
-766
-594
-427
-230
-99
-56
-70
62
291
457
575
647
647
641
703
694
679
723
661
515
477
442
330
214
90
-63
-176
-283
-398
-532
-663
-785
-906
-961
-1004
-1056
-1128
-1178
-1181
-1171
-1121
-1034
-974
-958
-891
-815
-723
-598
-496
-413
-370
-321
-328
-298
-191
-138
-110
20
120
-27
4
243
540
869
890
720
581
716
1178
1428
1481
1444
1133
972
1154
1401
1546
1416
1144
920
808
917
1021
885
688
481
294
220
154
85
-52
-220
-363
-433
-460
-508
-587
-781
-844
-778
-708
-696
-716
-794
-784
-699
-454
-108
-176
-67
-107
-187
119
361
395
460
454
402
408
492
613
467
432
406
218
275
276
79
-30
-160
-282
-382
-457
-550
-725
-862
-953
-1011
-967
-989
-1075
-1166
-1222
-1142
-1022
-990
-973
-992
-986
-948
-843
-649
-695
-714
-662
-780
-717
-559
-561
-563
-543
-528
-555
-518
-151
286
534
533
553
675
973
1449
1760
1792
1728
1603
1601
1781
2079
2323
2073
1733
1622
1534
1548
1603
1508
1277
946
737
591
339
185
1
-319
-512
-576
-699
-892
-1069
-1233
-1313
-1284
-1183
-1183
-1275
-1270
-1205
-1141
-930
-496
-384
-402
-253
-192
122
568
684
712
755
779
851
1001
1185
1142
954
884
770
781
869
659
414
212
21
-59
-96
-221
-446
-691
-915
-1064
-1073
-1071
-1132
-1230
-1352
-1410
-1398
-1284
-1217
-1201
-1150
-1113
-1052
-944
-837
-760
-664
-635
-582
-526
-454
-354
-358
-339
-285
-288
-255
-187
-111
152
580
768
606
622
782
1003
1387
1680
1693
1537
1434
1492
1623
1904
2130
1874
1528
1427
1356
1284
1286
1216
952
614
411
216
-55
-159
-246
-507
-724
-820
-966
-1165
-1276
-1317
-1323
-1290
-1228
-1240
-1342
-1339
-1221
-1119
-853
-529
-448
-478
-396
-168
216
545
715
766
669
683
854
1016
1220
1246
1027
829
763
799
755
637
492
186
-55
-105
-253
-398
-535
-753
-916
-965
-973
-1062
-1193
-1283
-1347
-1324
-1165
-1053
-1049
-1085
-1148
-1122
-979
-813
-684
-683
-755
-717
-650
-569
-424
-381
-452
-427
-380
-353
-269
-174
-63
227
551
548
477
640
918
1209
1507
1657
1548
1389
1441
1566
1794
2118
2097
1730
1450
1357
1295
1284
1350
1207
809
466
281
117
4
-41
-243
-607
-840
-947
-1088
-1184
-1230
-1332
-1439
-1446
-1452
-1493
-1443
-1307
-1194
-1080
-902
-708
-471
-388
-202
131
268
533
862
933
977
1092
1115
1171
1426
1596
1403
1205
1112
831
737
867
771
503
269
17
-198
-203
-179
-355
-555
-694
-900
-996
-919
-866
-924
-1059
-1132
-1170
-1144
-1047
-993
-949
-950
-941
-866
-828
-762
-658
-676
-674
-573
-521
-519
-525
-503
-518
-477
-358
-238
-26
339
452
303
435
698
978
1330
1524
1460
1309
1281
1418
1623
1874
2001
1667
1289
1221
1218
1237
1285
1165
813
432
231
87
-118
-232
-388
-738
-994
-1056
-1165
-1321
-1410
-1503
-1569
-1541
-1458
-1445
-1467
-1348
-1230
-1126
-920
-577
-404
-420
-196
4
228
640
863
946
1098
1184
1216
1341
1518
1571
1455
1383
1269
1111
1081
949
728
571
353
156
54
-34
-190
-401
-593
-744
-815
-847
-919
-1025
-1177
-1284
-1318
-1268
-1208
-1215
-1198
-1227
-1236
-1138
-991
-863
-765
-737
-802
-790
-717
-644
-521
-435
-430
-441
-447
-398
-259
4
412
641
550
559
724
972
1372
1674
1682
1534
1378
1409
1570
1806
1987
1768
1399
1250
1182
1108
1108
1030
747
388
144
-7
-186
-309
-420
-687
-917
-968
-1039
-1166
-1255
-1328
-1384
-1369
-1281
-1260
-1301
-1211
-1081
-973
-727
-451
-276
-169
2
255
494
763
1033
1173
1276
1358
1341
1412
1526
1545
1465
1308
1175
1009
850
792
676
507
324
86
-80
-194
-307
-402
-518
-641
-783
-931
-1029
-1100
-1179
-1237
-1305
-1355
-1386
-1377
-1291
-1235
-1179
-1146
-1161
-1127
-1059
-961
-846
-831
-824
-801
-751
-595
-452
-382
-361
-379
-281
-12
375
684
577
486
627
807
1151
1464
1496
1339
1171
1220
1408
1678
1920
1714
1284
1112
1067
1084
1164
1099
768
346
77
-51
-131
-166
-268
-575
-871
-978
-1001
-1043
-1067
-1152
-1234
-1238
-1172
-1086
-1061
-989
-856
-729
-612
-282
42
3
125
342
439
787
1095
1197
1253
1287
1294
1216
1383
1612
1419
1258
1178
897
806
847
739
551
328
107
-141
-237
-202
-346
-542
-698
-910
-1030
-1034
-1009
-1069
-1190
-1256
-1289
-1280
-1233
-1150
-1162
-1233
-1209
-1175
-1099
-952
-883
-916
-934
-881
-817
-712
-524
-433
-410
-372
-300
-70
242
627
731
533
594
770
1018
1417
1581
1494
1321
1239
1358
1553
1827
1913
1581
1274
1183
1126
1131
1174
1029
639
281
97
-61
-183
-246
-414
-684
-873
-935
-1007
-1083
-1114
-1204
-1224
-1154
-1089
-1073
-1059
-943
-788
-691
-486
-202
-174
-91
137
333
578
850
968
1000
1169
1286
1252
1346
1473
1393
1318
1281
1092
868
740
610
473
444
326
10
-213
-375
-538
-579
-620
-735
-923
-1098
-1163
-1220
-1212
-1202
-1290
-1329
-1352
-1360
-1266
-1217
-1232
-1237
-1226
-1206
-1046
-963
-999
-906
-895
-841
-660
-534
-475
-476
-438
-236
111
567
740
557
564
744
957
1326
1584
1532
1370
1239
1260
1430
1683
1791
1537
1258
1157
1054
999
1050
971
684
406
189
6
-131
-222
-339
-563
-761
-854
-957
-1062
-1088
-1128
-1161
-1094
-1071
-1093
-1054
-959
-816
-645
-400
-174
-67
36
188
378
622
816
959
1136
1243
1276
1296
1266
1284
1314
1239
1183
1128
948
736
591
493
385
247
83
-119
-291
-367
-486
-584
-609
-735
-943
-1080
-1133
-1186
-1202
-1210
-1265
-1321
-1341
-1336
-1324
-1232
-1100
-1084
-1009
-929
-958
-882
-818
-774
-684
-611
-472
-394
-359
-308
-236
26
393
646
644
619
741
915
1197
1484
1531
1439
1309
1255
1357
1504
1660
1605
1313
1121
993
868
870
850
702
432
162
-36
-228
-336
-379
-500
-666
-755
-836
-971
-1015
-1027
-1036
-965
-898
-864
-888
-872
-762
-638
-433
-209
-56
4
87
275
470
700
906
1018
1097
1141
1209
1221
1242
1322
1218
1100
1074
906
702
546
383
239
122
45
-145
-375
-502
-695
-817
-785
-806
-928
-1098
-1229
-1314
-1315
-1255
-1252
-1274
-1312
-1373
-1348
-1261
-1148
-1077
-1074
-1047
-1050
-999
-889
-815
-723
-639
-586
-518
-413
-296
-174
82
439
659
672
708
857
1035
1312
1553
1561
1483
1403
1366
1422
1532
1628
1483
1222
1105
1014
897
849
779
565
329
163
14
-148
-245
-330
-496
-632
-665
-715
-808
-843
-866
-878
-814
-749
-743
-777
-755
-655
-543
-357
-146
-36
8
113
314
519
738
923
976
1069
1161
1191
1258
1259
1230
1143
984
925
840
674
502
292
148
41
-83
-181
-358
-550
-676
-806
-859
-852
-941
-1084
-1177
-1225
-1252
-1242
-1199
-1165
-1165
-1161
-1135
-1114
-1027
-927
-911
-886
-866
-876
-820
-727
-657
-570
-518
-414
-283
-196
-57
118
386
666
717
749
901
1023
1220
1420
1446
1416
1364
1313
1329
1382
1448
1353
1130
1021
924
793
734
679
501
279
110
-62
-217
-295
-359
-462
-595
-664
-717
-823
-827
-844
-914
-843
-791
-791
-769
-747
-627
-524
-416
-175
-56
28
179
282
481
689
804
857
897
984
1053
1047
1026
952
793
684
652
636
577
423
195
-19
-139
-162
-197
-281
-426
-631
-814
-901
-899
-903
-939
-999
-1073
-1173
-1168
-1068
-1024
-972
-948
-1001
-996
-925
-851
-792
-726
-683
-704
-658
-564
-477
-379
-291
-166
-61
41
178
346
579
738
767
861
1004
1157
1329
1396
1379
1337
1313
1349
1378
1432
1415
1218
1044
951
866
781
695
551
314
111
-16
-154
-273
-340
-425
-555
-660
-719
-780
-808
-810
-808
-786
-751
-692
-673
-641
-500
-357
-279
-159
7
148
243
376
537
622
716
782
756
783
894
909
842
810
721
565
482
464
407
307
186
5
-196
-285
-327
-413
-483
-591
-759
-909
-986
-1003
-1011
-1008
-1016
-1076
-1140
-1123
-1035
-948
-909
-870
-895
-902
-833
-772
-705
-657
-628
-640
-596
-460
-365
-308
-215
-129
-35
108
284
475
625
708
732
812
997
1175
1271
1295
1246
1181
1175
1245
1300
1288
1179
964
793
746
711
639
525
344
126
-71
-185
-279
-379
-445
-536
-653
-726
-774
-812
-843
-846
-814
-779
-717
-621
-576
-546
-436
-310
-209
-23
176
260
321
406
492
591
724
800
773
771
774
689
681
703
614
493
379
289
214
149
57
-99
-250
-370
-497
-561
-595
-693
-820
-911
-950
-943
-923
-948
-966
-959
-935
-861
-781
-732
-730
-737
-675
-633
-567
-461
-477
-487
-417
-365
-278
-169
-107
-66
-3
110
267
448
642
755
746
787
931
1094
1279
1388
1357
1281
1217
1197
1244
1291
1266
1102
866
705
598
527
474
357
186
1
-173
-309
-402
-458
-522
-607
-697
-758
-794
-813
-804
-802
-757
-677
-615
-526
-445
-363
-234
-125
8
167
307
408
455
507
562
606
702
763
758
723
624
536
503
515
501
396
271
137
5
-72
-120
-198
-317
-465
-606
-692
-741
-778
-828
-895
-964
-982
-963
-931
-872
-833
-834
-820
-756
-700
-633
-545
-517
-517
-470
-424
-391
-320
-263
-231
-176
-95
-34
0
91
219
324
465
622
675
752
891
992
1099
1205
1236
1212
1180
1167
1153
1102
1057
963
807
673
551
410
293
190
74
-53
-186
-321
-462
-566
-619
-656
-695
-699
-715
-756
-752
-726
-667
-565
-446
-353
-270
-200
-147
-47
96
234
335
382
388
397
439
502
543
580
589
523
481
478
433
402
383
306
223
158
70
-44
-135
-211
-322
-428
-517
-641
-751
-795
-848
-896
-905
-936
-961
-933
-882
-839
-772
-721
-700
-650
-574
-495
-437
-380
-349
-325
-256
-189
-139
-68
-20
9
72
161
271
384
486
571
648
750
867
964
1063
1115
1112
1120
1116
1105
1099
1047
954
845
710
596
504
398
276
119
-34
-164
-264
-324
-386
-455
-539
-615
-660
-645
-593
-574
-553
-517
-508
-428
-308
-226
-151
-99
-49
25
116
208
220
212
250
248
292
371
367
346
299
249
244
255
272
243
167
95
16
-44
-73
-122
-199
-300
-414
-504
-566
-610
-635
-660
-719
-789
-820
-834
-806
-730
-689
-684
-675
-666
-652
-588
-498
-450
-421
-371
-333
-291
-197
-121
-68
20
102
181
300
422
496
567
680
768
848
952
1031
1077
1109
1131
1110
1088
1086
1044
981
921
817
671
537
427
313
196
97
-18
-136
-241
-329
-392
-437
-444
-455
-471
-462
-447
-435
-385
-326
-265
-237
-224
-177
-161
-102
-7
29
56
70
60
94
147
203
229
223
225
193
180
216
231
223
183
108
60
30
12
-23
-95
-172
-262
-312
-348
-399
-456
-548
-628
-646
-627
-620
-652
-701
-760
-770
-691
-610
-562
-565
-605
-628
-585
-480
-389
-327
-295
-281
-238
-143
-12
128
245
350
448
542
650
769
884
975
1024
1054
1065
1063
1059
1037
1021
997
947
862
769
689
608
530
460
378
283
178
73
-30
-121
-177
-223
-278
-298
-324
-368
-390
-378
-360
-310
-238
-197
-202
-216
-192
-177
-140
-86
-96
-116
-105
-106
-87
-42
-13
-14
-21
25
63
81
109
71
15
-9
-28
-53
-95
-150
-249
-362
-422
-476
-521
-546
-599
-659
-714
-723
-718
-721
-687
-669
-670
-633
-600
-568
-542
-528
-511
-492
-431
-368
-336
-306
-266
-209
-116
-4
94
169
256
348
439
568
691
766
813
848
874
902
934
944
904
861
834
782
728
682
610
529
479
438
384
344
302
222
142
122
121
100
83
45
-25
-60
-48
-55
-51
-18
-42
-86
-100
-97
-91
-68
-60
-82
-95
-92
-99
-88
-63
-75
-102
-125
-138
-133
-124
-143
-190
-254
-305
-334
-353
-382
-444
-519
-599
-658
-666
-668
-692
-716
-748
-763
-725
-681
-648
-627
-593
-538
-484
-405
-351
-341
-309
-273
-228
-135
-64
-43
-28
1
70
176
309
429
484
544
634
714
825
939
976
967
976
987
979
970
946
857
748
692
628
556
509
436
338
280
275
263
246
248
233
197
210
256
267
273
270
221
189
201
203
178
155
115
44
-7
-8
-16
-42
-59
-106
-161
-186
-208
-240
-283
-321
-374
-447
-501
-554
-631
-708
-781
-858
-926
-969
-1017
-1083
-1125
-1141
-1149
-1139
-1095
-1050
-1013
-963
-905
-836
-745
-635
-541
-461
-376
-295
-215
-113
-7
77
155
212
259
309
383
461
529
590
637
670
704
745
773
793
807
800
769
760
755
736
713
681
636
585
546
514
486
469
450
408
375
358
342
345
362
376
387
387
382
375
370
382
388
374
353
312
254
206
161
120
81
33
-19
-83
-138
-173
-205
-227
-253
-290
-331
-374
-414
-453
-490
-529
-572
-630
-697
-763
-820
-864
-896
-925
-967
-1006
-1034
-1053
-1046
-1027
-1000
-961
-930
-879
-820
-751
-665
-582
-490
-387
-277
-166
-56
46
141
239
341
454
552
631
689
723
757
802
850
886
896
886
855
821
802
788
765
727
680
621
576
545
514
482
446
415
388
367
354
348
344
332
332
329
327
326
318
307
290
280
266
241
218
187
147
106
66
28
-12
-51
-94
-143
-194
-242
-294
-340
-379
-428
-477
-522
-563
-599
-633
-661
-692
-712
-725
-742
-746
-752
-766
-775
-785
-792
-791
-792
-787
-793
-785
-755
-718
-667
-620
-581
-531
-465
-387
-295
-205
-127
-59
5
80
160
244
317
373
417
455
493
539
577
612
635
645
658
669
680
683
678
669
655
650
650
638
622
603
576
549
535
535
529
519
507
484
462
450
442
435
426
408
386
361
340
316
291
267
236
200
169
135
97
48
-3
-50
-97
-141
-191
-254
-319
-379
-430
-473
-514
-558
-608
-648
-673
-681
-673
-670
-683
-699
-703
-687
-646
-606
-580
-576
-565
-546
-512
-462
-425
-398
-382
-357
-319
-265
-207
-164
-126
-87
-46
3
58
106
145
179
212
247
279
305
316
321
327
333
339
335
324
314
310
315
320
322
317
314
316
329
349
368
374
376
377
380
393
402
399
385
367
353
343
339
332
314
297
284
273
269
264
249
232
221
208
191
167
128
81
33
-9
-55
-110
-170
-245
-323
-383
-440
-489
-540
-594
-642
-682
-710
-731
-745
-753
-759
-753
-738
-717
-691
-662
-630
-593
-551
-508
-464
-419
-366
-307
-248
-192
-144
-98
-50
-1
57
112
165
204
229
260
284
309
328
331
322
304
281
263
250
241
219
195
173
150
138
135
133
132
133
138
149
165
178
186
195
205
216
230
242
241
241
245
248
258
268
278
281
283
288
293
309
317
318
318
316
310
294
282
261
233
203
168
129
82
28
-31
-89
-140
-188
-229
-273
-317
-363
-402
-430
-447
-453
-458
-471
-485
-495
-500
-490
-472
-457
-450
-450
-445
-428
-396
-353
-310
-273
-240
-199
-148
-86
-16
51
106
155
205
254
308
352
382
400
410
416
416
410
393
362
323
285
253
227
197
159
119
84
59
39
28
15
-5
-19
-31
-32
-27
-19
-18
-19
-17
-10
0
15
29
33
44
55
70
91
107
118
126
136
149
163
168
171
168
161
151
139
123
96
67
34
2
-29
-61
-91
-124
-152
-180
-202
-218
-233
-241
-245
-249
-251
-251
-251
-245
-234
-229
-230
-229
-227
-218
-207
-198
-195
-193
-184
-172
-154
-133
-119
-103
-84
-58
-26
5
38
62
83
109
133
163
188
207
219
224
228
227
225
223
214
205
189
167
153
137
123
104
79
61
39
18
3
-23
-45
-64
-80
-92
-107
-120
-128
-135
-133
-131
-129
-127
-123
-112
-99
-78
-62
-52
-42
-33
-19
-3
15
26
33
37
44
52
61
67
67
65
62
64
65
70
77
79
84
88
98
109
118
128
139
144
149
153
153
144
136
125
105
92
77
53
33
10
-10
-21
-31
-43
-56
-64
-65
-69
-62
-54
-49
-39
-35
-29
-23
-14
-11
-11
-13
-13
-18
-25
-28
-31
-39
-48
-58
-66
-72
-75
-74
-75
-80
-83
-89
-89
-85
-83
-82
-86
-89
-89
-90
-89
-90
-96
-101
-107
-109
-110
-108
-106
-106
-105
-100
-90
-78
-62
-48
-36
-30
-19
-6
6
19
28
36
46
59
66
75
83
89
96
101
108
114
118
119
125
131
138
142
142
142
139
140
142
137
133
126
118
104
90
74
53
37
18
0
-16
-36
-56
-72
-83
-89
-95
-99
-103
-107
-105
-104
-105
-105
-111
-118
-122
-129
-130
-133
-132
-130
-128
-120
-113
-103
-90
-75
-62
-53
-46
-36
-29
-18
-6
2
8
8
8
11
18
31
39
44
50
52
56
62
70
74
70
65
62
63
70
72
74
73
72
70
76
83
86
88
85
82
74
71
68
60
53
43
37
35
34
35
40
42
47
52
60
68
74
77
77
72
69
64
59
51
37
25
21
18
15
14
10
3
0
-4
2
6
3
1
-13
-18
-22
-24
-27
-27
-34
-41
-40
-41
-33
-34
-31
-38
-41
-46
-54
-56
-64
-66
-68
-69
-73
-70
-66
-56
-48
-42
-32
-23
-11
-3
4
8
11
7
5
0
-4
-6
-10
-10
-11
-9
-8
-8
-9
-9
-7
-9
-7
-11
-18
-22
-28
-32
-37
-44
-54
-63
-69
-73
-75
-76
-81
-85
-94
-101
-102
-101
-102
-102
-100
-96
-88
-80
-76
-69
-66
-62
-59
-53
-47
-42
-41
-42
-44
-47
-47
-49
-52
-54
-53
-52
-45
-38
-32
-30
-31
-32
-32
-32
-29
-25
-25
-22
-17
-11
-1
9
17
29
36
47
60
73
85
93
101
108
112
115
120
125
127
130
135
142
149
158
164
168
170
170
167
167
165
158
148
136
124
112
103
95
88
80
72
65
58
52
41
32
23
13
-1
-12
-23
-34
-40
-44
-47
-47
-50
-53
-54
-54
-52
-49
-49
-52
-57
-63
-69
-71
-77
-79
-80
-79
-75
-70
-62
-55
-49
-44
-39
-40
-39
-39
-40
-42
-46
-51
-52
-54
-54
-51
-47
-39
-33
-26
-18
-11
-6
-2
0
0
1
1
2
4
6
8
16
25
35
50
63
73
84
93
102
111
117
118
116
113
110
103
100
100
98
96
95
95
93
88
81
71
57
43
25
3
-15
-36
-53
-69
-85
-97
-108
-117
-124
-136
-145
-156
-166
-172
-179
-184
-190
-197
-206
-210
-208
-206
-199
-192
-182
-171
-160
-144
-130
-119
-110
-101
-93
-88
-83
-80
-75
-70
-62
-52
-42
-31
-20
-7
6
19
31
40
47
49
47
47
48
46
49
51
54
61
70
79
91
103
114
123
134
144
151
157
162
168
172
176
180
183
189
194
199
200
206
210
209
210
205
200
188
173
160
147
132
118
105
91
80
69
58
47
36
21
5
-12
-34
-55
-75
-96
-113
-128
-143
-154
-163
-170
-171
-169
-165
-162
-153
-147
-138
-131
-126
-119
-114
-112
-107
-103
-96
-87
-77
-66
-56
-45
-32
-18
-7
1
6
9
11
12
13
13
13
9
5
4
2
4
5
7
9
10
11
11
13
14
15
17
21
26
32
40
50
60
69
81
92
100
110
115
121
128
135
135
133
133
128
128
123
121
113
105
96
85
76
67
54
38
22
2
-22
-45
-63
-80
-96
-112
-125
-138
-149
-158
-167
-173
-182
-192
-201
-208
-213
-219
-218
-218
-214
-211
-207
-195
-180
-162
-143
-124
-107
-89
-72
-54
-37
-22
-9
5
15
22
30
38
49
61
73
85
98
109
116
124
128
129
129
129
124
120
117
112
109
110
109
109
111
110
113
112
115
116
114
113
109
103
100
97
96
92
89
91
90
91
95
97
99
100
98
93
87
78
68
58
45
30
13
-1
-13
-23
-35
-45
-52
-59
-68
-74
-84
-94
-104
-111
-120
-129
-135
-142
-144
-147
-145
-143
-140
-134
-128
-119
-108
-93
-80
-67
-52
-39
-27
-16
-4
5
18
32
46
60
72
86
99
112
123
130
136
140
141
142
139
135
133
129
122
114
109
105
98
95
88
81
75
66
58
49
37
22
7
-9
-23
-36
-47
-54
-63
-68
-73
-79
-82
-82
-83
-83
-85
-85
-87
-88
-93
-96
-98
-100
-102
-104
-107
-108
-108
-106
-103
-101
-98
-97
-94
-93
-93
-90
-89
-89
-90
-92
-91
-87
-79
-71
-64
-57
-50
-41
-30
-21
-11
-4
5
10
17
25
31
39
47
54
61
69
78
87
94
103
111
120
124
127
128
130
130
128
128
128
127
124
123
121
119
118
117
115
111
108
105
100
94
88
82
76
69
63
55
51
47
42
36
27
22
15
6
-2
-11
-19
-27
-36
-44
-51
-60
-70
-78
-80
-87
-94
-100
-107
-112
-118
-123
-128
-135
-139
-143
-144
-144
-146
-144
-142
-135
-128
-119
-108
-97
-87
-79
-70
-58
-47
-39
-28
-17
-5
5
16
28
40
51
63
76
85
94
101
108
113
117
118
119
120
121
121
117
114
111
105
102
98
95
94
89
86
78
72
64
58
55
49
41
33
29
24
19
14
7
2
-4
-10
-13
-16
-22
-27
-35
-40
-45
-52
-59
-67
-73
-83
-91
-97
-105
-114
-123
-131
-140
-152
-161
-170
-176
-184
-195
-204
-209
-214
-215
-217
-220
-220
-219
-214
-210
-205
-198
-190
-179
-169
-160
-149
-139
-124
-109
-96
-81
-66
-48
-30
-15
2
19
36
54
69
82
93
105
116
126
134
142
148
153
158
161
163
163
164
162
159
157
153
150
145
138
132
126
121
117
112
109
107
100
97
91
85
81
75
71
67
63
58
54
50
47
43
43
37
35
33
29
25
20
16
10
4
-2
-9
-19
-28
-39
-51
-60
-70
-77
-86
-91
-99
-107
-113
-120
-125
-129
-131
-132
-133
-135
-134
-135
-134
-131
-128
-124
-118
-110
-100
-91
-80
-70
-58
-45
-32
-19
-6
8
21
34
49
63
75
89
103
114
125
134
142
148
152
156
158
159
158
159
159
157
154
149
146
142
135
129
125
117
108
98
87
76
67
56
45
34
24
13
3
-6
-16
-23
-29
-35
-38
-43
-50
-55
-61
-66
-71
-75
-81
-87
-92
-96
-99
-103
-108
-111
-114
-116
-116
-116
-118
-118
-118
-119
-120
-122
-125
-127
-127
-128
-127
-124
-124
-120
-117
-114
-109
-105
-100
-95
-91
-85
-79
-72
-65
-59
-50
-41
-31
-22
-13
-3
6
16
27
38
49
60
71
82
91
99
109
117
126
133
142
149
154
160
163
168
171
171
173
170
168
164
160
155
149
142
135
130
123
118
110
103
95
88
82
73
64
55
42
30
19
7
-3
-11
-20
-28
-34
-42
-48
-52
-54
-58
-60
-64
-67
-69
-75
-78
-78
-79
-79
-78
-75
-73
-73
-71
-71
-68
-66
-63
-61
-61
-61
-63
-62
-61
-58
-56
-54
-52
-48
-44
-41
-38
-34
-32
-30
-30
-28
-28
-24
-23
-21
-18
-14
-10
-8
-1
5
12
18
25
30
36
41
46
50
52
53
55
57
61
65
70
75
79
82
85
87
89
89
88
86
82
78
75
68
62
57
48
41
35
28
22
18
12
6
0
-5
-17
-25
-36
-46
-54
-62
-68
-76
-82
-87
-92
-95
-96
-98
-100
-100
-104
-106
-110
-112
-116
-118
-118
-118
-117
-112
-109
-104
-98
-91
-84
-78
-72
-67
-64
-59
-57
-54
-52
-50
-48
-45
-41
-35
-29
-23
-17
-8
2
8
16
23
26
30
30
34
35
39
40
42
44
47
51
57
64
70
75
81
85
88
89
88
87
87
86
84
85
85
87
88
88
91
90
91
91
91
89
87
83
78
72
65
58
53
48
44
41
39
37
36
35
32
28
22
17
10
3
-4
-12
-17
-22
-27
-29
-33
-31
-32
-33
-32
-32
-33
-35
-38
-40
-43
-46
-49
-52
-54
-53
-53
-52
-48
-43
-36
-31
-26
-25
-23
-22
-22
-21
-22
-23
-23
-24
-21
-19
-14
-9
-4
2
6
11
20
25
28
30
30
29
26
24
21
19
19
19
22
24
28
32
38
40
42
43
43
40
36
32
26
19
12
4
-1
-4
-7
-6
-5
-2
-3
0
1
-3
-6
-10
-18
-24
-32
-39
-47
-53
-59
-63
-64
-63
-60
-59
-55
-54
-52
-53
-56
-60
-63
-67
-71
-75
-75
-75
-74
-73
-72
-69
-66
-62
-57
-53
-49
-45
-42
-39
-36
-37
-35
-36
-34
-31
-29
-24
-19
-12
-7
-1
7
12
18
22
25
28
29
32
35
36
37
41
44
47
51
54
59
62
65
68
69
71
70
70
68
66
65
62
60
62
64
65
68
68
69
71
70
67
63
58
52
45
39
33
29
26
25
23
22
23
21
20
17
14
12
9
2
-3
-8
-13
-18
-21
-24
-28
-28
-29
-27
-26
-24
-24
-26
-28
-30
-34
-37
-39
-41
-41
-43
-41
-40
-38
-36
-32
-30
-25
-22
-21
-20
-22
-21
-22
-25
-26
-26
-25
-23
-21
-19
-14
-10
-3
3
7
11
14
14
14
12
9
7
6
4
4
6
8
11
14
16
22
26
30
32
33
32
32
29
25
22
19
17
13
12
11
13
16
17
19
20
19
18
16
13
9
5
1
-5
-11
-16
-21
-24
-23
-24
-23
-21
-23
-22
-23
-23
-24
-24
-25
-29
-32
-36
-40
-41
-41
-40
-39
-38
-34
-32
-30
-28
-27
-26
-25
-25
-26
-26
-27
-28
-28
-27
-26
-23
-17
-11
-6
-1
3
6
8
9
8
7
8
5
5
6
6
9
11
17
22
29
34
40
42
43
44
43
41
38
38
36
37
37
37
41
46
50
54
59
62
64
65
64
61
58
54
50
45
41
38
35
32
30
30
30
32
32
31
29
26
22
16
9
0
-8
-16
-20
-27
-32
-34
-37
-38
-40
-41
-40
-42
-44
-46
-50
-53
-60
-63
-68
-71
-74
-75
-76
-77
-75
-72
-67
-62
-59
-56
-54
-53
-52
-55
-54
-54
-55
-55
-52
-51
-47
-41
-33
-25
-17
-9
-2
3
8
11
13
14
15
17
18
21
24
29
34
40
47
55
63
68
74
78
78
78
75
72
69
67
64
63
61
59
59
59
60
62
63
65
64
60
57
50
42
33
24
14
4
-5
-13
-18
-23
-25
-27
-28
-30
-34
-39
-46
-54
-61
-67
-76
-83
-89
-93
-97
-98
-99
-98
-97
-92
-87
-84
-82
-81
-81
-81
-82
-81
-83
-81
-78
-76
-71
-64
-57
-48
-36
-26
-15
-3
5
12
18
23
26
29
33
37
41
47
53
60
68
77
83
91
98
104
109
113
115
115
115
114
112
111
110
110
110
111
111
111
113
112
111
109
106
101
95
89
81
74
65
58
51
43
39
34
29
24
17
12
7
-1
-7
-16
-25
-34
-46
-54
-63
-71
-77
-82
-87
-92
-95
-97
-99
-101
-103
-106
-107
-110
-112
-115
-118
-120
-119
-119
-117
-113
-108
-103
-99
-93
-87
-80
-73
-68
-62
-58
-54
-50
-46
-42
-36
-28
-18
-11
-3
7
17
26
33
40
47
52
56
59
63
64
68
72
76
80
84
89
92
96
98
98
96
94
91
88
85
81
76
72
69
64
63
60
58
56
52
48
44
39
33
25
16
5
-4
-14
-23
-31
-37
-41
-45
-50
-52
-55
-60
-64
-68
-73
-79
-85
-90
-97
-104
-109
-113
-116
-117
-117
-115
-113
-109
-105
-100
-96
-94
-90
-90
-89
-88
-87
-84
-81
-76
-70
-64
-53
-46
-36
-26
-16
-7
2
10
16
23
30
36
41
47
55
62
71
79
88
97
103
111
117
122
125
127
129
129
130
128
128
127
128
129
132
134
135
135
134
131
127
122
115
107
98
88
78
69
61
53
47
42
38
35
30
26
22
17
10
3
-8
-18
-28
-38
-49
-57
-64
-72
-76
-79
-84
-84
-87
-90
-93
-97
-102
-106
-112
-116
-121
-125
-128
-128
-128
-125
-121
-117
-111
-106
-101
-96
-93
-88
-86
-84
-82
-82
-80
-77
-73
-69
-61
-52
-42
-30
-20
-8
4
12
19
25
30
35
37
40
43
46
51
55
62
68
75
83
91
97
101
106
106
106
104
102
98
91
87
81
77
73
70
68
66
66
64
63
60
53
48
40
31
24
15
4
-5
-13
-21
-27
-29
-33
-36
-36
-37
-39
-39
-41
-46
-50
-57
-64
-70
-75
-79
-82
-84
-85
-83
-81
-75
-71
-67
-64
-60
-57
-55
-54
-52
-50
-48
-45
-42
-39
-35
-30
-25
-17
-10
-4
2
8
13
19
22
25
27
30
33
36
40
43
47
53
58
65
70
76
81
83
86
87
86
85
84
81
78
75
74
71
70
69
69
70
68
67
66
62
58
54
47
41
33
27
19
13
6
1
-3
-6
-10
-13
-15
-20
-23
-27
-33
-38
-43
-49
-53
-59
-63
-67
-71
-72
-72
-72
-71
-71
-70
-69
-69
-69
-70
-69
-68
-68
-69
-69
-67
-66
-64
-61
-56
-51
-47
-43
-39
-37
-33
-33
-31
-28
-24
-22
-18
-15
-12
-9
-4
1
5
10
14
18
20
21
22
22
24
23
23
24
25
26
27
30
35
40
42
46
48
49
52
52
51
52
49
47
44
44
42
39
37
36
35
34
33
33
31
27
25
21
18
15
12
9
5
3
0
-2
-4
-7
-10
-12
-15
-20
-22
-24
-28
-31
-34
-38
-40
-41
-45
-46
-48
-48
-46
-44
-44
-42
-41
-40
-38
-36
-37
-36
-36
-37
-39
-38
-38
-37
-35
-33
-30
-28
-24
-22
-19
-15
-12
-8
-4
-1
3
5
9
11
15
19
23
25
28
32
32
33
34
33
33
33
32
31
32
33
33
34
37
37
41
44
47
50
53
54
55
56
55
52
50
47
43
39
37
33
30
29
25
24
22
19
19
16
17
14
14
13
11
11
9
8
7
4
1
-1
-3
-6
-10
-12
-17
-21
-25
-31
-33
-36
-39
-41
-40
-38
-36
-35
-34
-32
-29
-27
-24
-24
-24
-23
-26
-27
-28
-29
-30
-32
-30
-31
-32
-29
-29
-27
-24
-21
-18
-15
-12
-10
-8
-9
-8
-8
-6
-6
-6
-4
-2
-2
-2
0
1
1
3
4
6
6
6
6
5
5
6
7
8
10
10
11
13
15
16
17
16
16
15
12
10
8
8
6
6
6
6
7
7
8
8
9
11
8
8
6
5
4
2
1
-1
-2
-2
-3
-4
-5
-4
-3
-2
-2
-4
-4
-5
-6
-7
-10
-7
-6
-8
-6
-5
-5
-4
-3
0
0
2
5
6
8
8
8
7
7
6
5
4
4
4
3
4
4
5
6
7
7
6
7
6
6
6
6
6
6
4
5
6
6
6
8
9
10
10
11
10
9
7
3
1
-2
-4
-6
-7
-6
-4
-4
-3
-2
-1
0
0
0
1
1
3
2
2
3
0
-2
-2
-3
-3
-5
-3
-5
-6
-6
-8
-9
-9
-10
-11
-11
-13
-12
-11
-9
-8
-5
-3
-3
-1
-1
-4
-4
-5
-7
-9
-10
-10
-12
-13
-12
-14
-12
-10
-9
-6
-3
1
4
5
9
10
11
11
9
8
6
4
0
-1
-1
-4
-4
-5
-7
-6
-7
-7
-5
-4
-1
1
3
3
3
3
5
7
7
10
10
11
9
9
8
8
6
5
4
3
2
0
-2
-3
-2
-3
-1
0
3
3
5
8
9
10
9
11
9
8
8
6
5
3
2
1
0
-1
1
1
2
4
5
7
8
6
7
6
4
2
0
-1
-4
-4
-4
-5
-5
-5
-6
-6
-4
-4
-3
-1
0
-1
0
0
-1
1
3
4
7
8
9
8
7
6
3
1
0
-1
-2
-3
-3
-5
-5
-6
-6
-5
-3
-2
1
2
3
4
5
5
7
7
5
5
4
2
-1
-3
-4
-5
-6
-5
-4
-1
-3
-1
-2
-3
-4
-5
-5
-5
-6
-6
-6
-6
-4
-5
-6
-4
-3
-2
-2
-2
-1
-1
-1
-2
-1
-3
-4
-4
-5
-5
-5
-4
-2
-1
2
2
2
2
1
0
-3
-3
-3
-4
-4
-7
-6
-7
-8
-6
-6
-3
-2
-1
1
1
2
1
1
-2
-2
-1
-3
-2
-2
-4
-5
-4
-4
-3
-1
0
-1
-2
-1
-1
-1
-1
-1
0
0
1
-1
0
1
0
0
-1
-2
-1
0
1
1
0
0
1
0
0
1
1
3
2
3
4
3
3
3
2
2
0
0
-1
-3
-4
-6
-5
-4
-4
-1
0
0
3
4
5
6
9
11
10
11
10
8
6
5
4
2
1
0
0
1
-1
-1
-1
-1
-1
-1
-2
-1
0
1
3
6
8
11
11
14
14
14
13
12
11
10
8
6
3
0
-3
-7
-9
-8
-7
-5
-3
0
1
4
5
6
7
6
8
5
5
4
4
4
2
0
-1
-4
-6
-6
-6
-5
-4
-2
0
-1
-1
-2
-1
-2
-2
-2
0
1
1
0
-2
-2
-2
-4
-4
-6
-7
-9
-10
-11
-13
-14
-13
-11
-8
-6
-5
-3
-4
-3
-2
-1
2
2
2
2
1
0
-4
-8
-8
-11
-10
-10
-10
-9
-8
-7
-7
-5
-5
-6
-5
-6
-4
-2
-2
2
2
4
5
6
6
4
4
3
0
0
-1
-5
-5
-9
-8
-8
-8
-7
-5
-2
0
2
5
7
8
8
8
7
5
5
4
2
1
-1
-1
-1
-1
0
1
2
3
3
5
4
5
6
7
7
7
8
7
7
7
6
7
8
10
11
9
11
10
6
4
2
-1
-4
-4
-6
-6
-4
-4
-2
1
4
6
8
11
12
13
12
11
10
8
5
1
-1
-6
-6
-7
-9
-10
-8
-7
-5
-5
-2
0
2
4
7
8
8
8
10
10
10
10
9
7
6
5
0
-3
-7
-10
-12
-16
-17
-16
-16
-15
-12
-9
-7
-5
-3
1
5
10
12
14
14
14
10
5
1
-4
-10
-12
-17
-20
-23
-25
-27
-27
-25
-24
-21
-18
-13
-6
1
7
14
17
20
22
21
18
13
11
5
0
-2
-8
-14
-19
-23
-27
-29
-29
-26
-21
-16
-8
-1
5
12
18
22
26
28
29
25
22
17
11
5
0
-6
-11
-16
-19
-22
-23
-23
-22
-19
-14
-10
-5
1
6
12
17
24
26
28
29
29
27
23
18
12
6
-1
-9
-17
-23
-28
-30
-32
-28
-25
-21
-13
-8
1
9
19
26
33
38
39
38
35
31
25
18
9
1
-7
-14
-21
-26
-28
-30
-28
-25
-21
-15
-10
-3
4
12
19
24
30
34
37
37
35
33
28
21
14
3
-6
-16
-24
-32
-36
-38
-39
-35
-30
-26
-17
-6
4
15
24
33
38
41
43
40
35
28
21
12
3
-6
-15
-24
-30
-36
-38
-39
-38
-35
-31
-25
-17
-8
1
11
19
26
32
36
36
36
33
29
23
16
6
-5
-15
-24
-32
-37
-40
-41
-40
-37
-32
-27
-15
-5
5
17
27
34
39
40
39
34
31
22
13
3
-7
-17
-26
-34
-39
-43
-43
-40
-38
-31
-22
-15
-7
4
11
17
26
31
34
36
38
37
32
29
21
12
2
-9
-20
-30
-36
-43
-46
-45
-45
-40
-34
-26
-15
-3
10
22
32
42
47
48
48
43
38
28
17
6
-6
-16
-25
-32
-38
-40
-42
-40
-34
-28
-20
-11
0
9
17
24
27
31
32
32
33
29
28
22
16
9
0
-8
-15
-22
-27
-30
-30
-29
-26
-20
-14
-7
1
10
17
22
27
31
33
33
31
25
19
12
2
-6
-14
-21
-25
-28
-25
-25
-20
-15
-10
-3
3
10
16
21
25
29
32
32
32
29
24
17
10
3
-5
-11
-16
-19
-21
-22
-21
-20
-20
-17
-13
-8
-3
3
8
11
14
17
16
17
17
15
12
8
0
-7
-13
-19
-24
-27
-24
-24
-20
-15
-11
-6
-3
1
4
7
11
13
13
15
14
11
6
3
-2
-7
-10
-13
-15
-17
-18
-18
-18
-15
-11
-9
-4
2
7
10
14
17
17
17
16
14
11
6
3
-2
-6
-10
-15
-20
-24
-26
-27
-26
-22
-18
-12
-5
2
7
12
16
19
21
22
20
18
15
10
4
-2
-9
-17
-22
-25
-28
-28
-28
-24
-21
-16
-10
-3
2
9
14
17
21
23
25
24
23
19
16
9
4
-4
-12
-19
-25
-29
-34
-35
-34
-30
-23
-16
-6
4
15
24
32
37
41
43
41
38
33
27
19
12
5
-4
-13
-20
-27
-33
-37
-36
-34
-28
-20
-10
-1
10
20
28
35
41
46
48
46
42
35
29
21
11
1
-9
-19
-28
-37
-42
-46
-44
-42
-38
-30
-19
-7
4
14
25
33
40
47
51
50
47
40
31
20
8
-6
-17
-27
-36
-43
-48
-49
-48
-45
-40
-32
-23
-13
-3
7
16
26
31
35
38
38
34
29
23
15
6
-3
-12
-21
-30
-36
-42
-45
-45
-43
-37
-32
-25
-15
-5
5
16
25
33
38
40
38
35
30
22
16
7
-1
-9
-17
-23
-29
-33
-35
-33
-29
-24
-18
-10
-1
7
15
20
24
29
31
31
31
28
25
19
11
6
0
-6
-11
-17
-22
-25
-26
-26
-24
-19
-14
-7
0
6
13
18
23
26
27
27
24
21
