1
0
-1
0
0
1
0
1
1
0
-1
0
-1
-1
-1
0
0
-2
0
0
1
1
2
3
3
3
3
4
4
5
4
3
4
4
3
3
4
4
4
5
5
4
4
4
3
2
2
1
2
2
2
1
2
0
1
0
0
0
0
0
2
2
1
1
1
1
1
1
1
1
0
0
0
0
0
0
-1
-1
-1
-2
-1
-1
-2
-1
-1
-2
-2
-1
-2
-2
-2
-2
-1
-3
-3
-2
-2
-2
-1
-1
-2
0
-1
0
1
0
0
0
1
1
0
0
0
1
1
0
0
0
0
-1
0
0
-2
0
-1
-3
-2
-2
-2
-4
-4
-3
-3
-4
-5
-3
-3
-2
-2
-3
-3
-2
-3
-3
-2
-3
-3
-3
-4
-3
-3
-3
-2
-2
-3
0
-1
0
0
0
0
1
1
1
3
1
1
1
1
3
2
3
3
2
2
3
3
3
4
4
4
5
6
4
5
5
5
5
5
4
6
6
6
5
5
6
6
6
5
6
5
4
4
4
4
3
3
4
3
4
2
1
1
0
0
-2
-1
-2
-1
-2
-1
-2
-3
-3
-2
-3
-2
-3
-3
-2
-3
-4
-4
-4
-2
-2
-2
-3
-2
-2
-3
-3
-2
-2
-2
-1
-1
-2
-2
-3
-2
-2
-3
-3
-2
-3
-2
-3
-3
-3
-3
-4
-4
-3
-5
-5
-5
-5
-5
-4
-5
-5
-6
-6
-5
-6
-6
-6
-8
-7
-7
-7
-7
-7
-7
-6
-7
-7
-7
-6
-6
-4
-5
-5
-4
-5
-4
-5
-3
-4
-2
-2
-1
0
0
2
1
2
2
3
4
3
3
4
4
4
5
6
6
6
7
7
7
8
7
7
6
7
7
7
6
6
6
5
5
5
6
5
4
6
6
4
5
5
4
5
4
6
6
5
4
5
4
5
5
5
4
5
4
4
4
4
4
5
6
5
4
6
4
3
4
3
4
3
3
3
4
3
2
3
2
2
3
2
4
2
2
4
3
3
2
1
2
1
2
2
0
1
2
2
1
2
1
1
0
0
-1
0
0
-1
-2
-1
-2
-1
-3
-2
-3
-4
-5
-5
-5
-7
-6
-7
-8
-8
-7
-7
-9
-10
-11
-11
-11
-12
-10
-12
-12
-10
-11
-11
-10
-10
-10
-9
-9
-9
-9
-9
-9
-7
-8
-7
-6
-6
-5
-5
-4
-4
-4
-4
-2
-1
-2
0
-1
0
-2
0
-1
0
-1
0
0
-1
0
0
0
1
1
1
2
1
1
2
1
2
2
3
3
3
3
3
2
2
2
3
3
4
3
4
4
3
3
3
3
3
3
3
3
4
2
3
3
3
1
0
1
1
0
0
1
0
1
0
0
-1
0
0
-1
-1
-1
-1
0
-1
0
0
0
-1
-1
0
1
0
0
0
0
1
1
1
0
0
0
0
1
1
0
1
-1
1
-1
0
1
0
1
-1
-1
0
0
0
0
0
0
1
1
2
2
2
2
2
2
2
2
3
2
2
2
2
1
2
0
1
2
2
3
2
3
2
2
1
2
0
1
1
1
1
2
0
-1
-2
-1
-2
-3
-2
-2
-2
-2
-1
-2
0
-2
-1
-1
-2
-2
0
-1
-1
-2
-1
-1
-1
-2
-2
0
0
-1
-1
-1
0
-1
-2
-1
0
-1
0
0
0
-1
-2
0
0
-1
0
0
0
0
1
1
1
2
2
3
4
3
4
4
3
4
3
3
4
4
3
3
3
3
2
2
3
3
3
3
2
4
4
3
3
3
2
2
3
2
2
1
2
2
2
2
1
1
2
0
0
1
0
1
0
1
1
2
0
-1
-1
-1
0
0
0
0
0
1
0
1
0
0
0
1
1
1
2
1
2
2
2
3
2
3
2
2
3
3
3
3
3
2
2
2
0
0
1
0
0
-1
0
-1
0
0
-1
-1
-1
-1
0
0
0
0
-1
0
0
-1
0
1
1
2
1
1
1
2
1
1
1
2
2
2
1
0
0
-1
-1
-2
-2
-2
-3
-3
-3
-4
-4
-5
-7
-6
-8
-8
-9
-9
-9
-9
-11
-11
-10
-12
-10
-10
-9
-10
-10
-10
-9
-9
-9
-9
-8
-8
-6
-5
-5
-5
-5
-4
-3
-3
-3
-2
-2
-1
-1
-2
-2
-1
-2
-1
-1
-1
0
0
0
-1
-1
0
0
1
0
0
0
1
0
1
1
0
1
-1
1
2
2
2
3
5
4
5
6
5
5
5
5
6
6
6
6
7
8
7
8
9
7
7
8
6
7
8
7
7
7
6
6
5
5
5
4
4
4
3
3
4
3
3
2
2
1
1
2
2
1
1
1
2
1
1
1
1
1
1
2
2
1
1
1
2
1
2
1
1
0
0
0
-1
-2
-2
-2
-1
-1
-2
-1
-2
-2
-3
-2
-4
-2
-3
-1
-2
-2
-2
-3
-2
-3
-4
-4
-4
-4
-4
-4
-4
-5
-3
-4
-4
-4
-5
-5
-5
-5
-5
-5
-3
-3
-4
-3
-3
-3
-4
-3
-3
-4
-3
-2
-3
-2
-2
0
0
1
1
1
3
4
4
5
6
6
7
7
8
6
7
7
7
6
4
5
6
6
6
5
6
6
6
5
4
3
1
3
3
2
1
1
-1
1
-1
-1
-2
-1
-1
-2
-2
-1
-2
-4
-2
-4
-3
-2
-3
-3
-2
-2
-2
-4
-4
-4
-5
-5
-5
-5
-5
-4
-6
-5
-6
-6
-5
-5
-5
-6
-4
-4
-5
-4
-5
-4
-4
-4
-4
-4
-4
-4
-3
-3
-2
-3
-2
-2
-2
-1
-1
-1
-1
-1
0
1
1
1
1
2
2
1
1
0
0
0
-1
-1
-1
-2
-1
0
0
0
-1
-1
-1
-3
-2
-2
-1
-2
-2
-2
-3
-2
-3
-2
-2
-1
1
0
0
0
0
1
3
1
2
3
3
4
4
3
5
6
7
6
7
7
8
8
7
7
8
9
9
10
11
9
9
9
10
10
10
10
9
9
9
10
10
10
9
10
10
10
10
10
11
10
11
10
9
9
7
8
7
7
5
5
5
3
2
2
1
-1
-1
-1
-2
-3
-4
-5
-6
-7
-7
-8
-8
-9
-9
-11
-11
-12
-12
-12
-12
-11
-11
-11
-11
-10
-10
-9
-9
-9
-9
-8
-8
-8
-6
-6
-5
-4
-4
-3
-3
-3
-3
-2
-2
-3
-2
-2
-3
-1
-1
-2
-2
-4
-2
-3
-3
-3
-3
-3
-3
-3
-3
-4
-4
-4
-5
-4
-5
-4
-5
-5
-5
-4
-4
-4
-3
-3
-4
-3
-4
-3
-2
-3
-2
-2
-1
0
-1
1
1
1
3
3
4
3
4
5
6
5
6
6
7
7
7
7
7
7
8
6
6
7
7
6
6
6
6
3
4
4
4
4
4
3
2
1
1
-1
-2
-3
-2
-3
-3
-4
-3
-4
-5
-4
-5
-5
-4
-4
-4
-4
-3
-5
-5
-3
-4
-5
-4
-4
-3
-3
-3
-2
-3
-3
-3
-2
-2
-2
-1
0
0
1
2
1
2
3
4
4
4
6
5
6
5
5
5
4
5
5
6
6
4
6
6
6
7
6
5
6
6
6
7
8
7
7
6
6
6
6
6
5
5
4
4
3
3
3
2
3
2
2
1
3
2
0
1
0
-1
-1
-3
-3
-3
-4
-3
-4
-5
-5
-4
-6
-6
-5
-5
-6
-5
-5
-3
-3
-3
-4
-4
-4
-3
-1
-3
-3
-1
-2
-1
0
0
0
0
-1
0
0
-1
1
0
0
0
0
-1
0
0
-1
1
0
-2
-1
-3
-2
-2
-3
-3
-4
-3
-5
-3
-2
-3
-2
-2
-3
-2
-2
-1
-1
-2
-2
-2
-3
-3
-4
-5
-4
-4
-4
-3
-5
-5
-5
-5
-4
-5
-4
-4
-5
-3
-3
-2
-3
-3
-1
-3
-3
-2
-2
-1
-1
0
0
-1
1
1
2
1
3
3
2
3
4
3
5
5
4
4
4
5
4
4
5
4
5
4
4
5
3
4
2
2
3
2
3
2
3
1
1
1
-1
3
0
0
1
1
1
0
0
1
1
2
2
3
3
3
3
3
3
4
4
4
4
4
3
4
4
3
3
4
4
3
3
3
4
5
3
3
3
3
1
2
1
1
1
1
1
0
0
-1
-2
-2
-3
-3
-4
-4
-5
-5
-6
-5
-5
-5
-5
-6
-5
-5
-5
-5
-5
-6
-5
-5
-5
-4
-3
-5
-3
-3
-3
-4
-4
-3
-3
-3
-3
-4
-3
-3
-2
-2
-1
0
-1
1
2
1
2
2
3
3
2
1
1
1
1
0
2
1
2
2
1
3
3
3
3
3
4
4
4
3
3
2
2
3
2
4
3
3
4
3
2
2
2
3
2
3
3
1
1
-1
0
-1
-1
-2
-2
0
-1
0
0
-1
0
0
3
2
2
3
2
3
2
3
3
1
3
2
2
2
2
1
1
1
2
0
1
0
0
-1
0
-1
-1
-1
-3
-3
-3
-4
-6
-5
-6
-6
-7
-6
-6
-6
-7
-7
-8
-8
-9
-9
-10
-10
-11
-11
-10
-10
-9
-8
-9
-9
-9
-9
-8
-7
-3
-5
-5
-5
-7
-5
-4
-5
-4
-4
-3
-4
-2
-3
-2
-3
-3
-3
-2
-1
0
0
-1
1
1
2
4
4
5
7
8
8
7
7
8
9
9
10
11
10
10
10
11
11
10
11
9
11
12
12
10
8
6
6
5
5
5
3
2
1
2
2
3
3
3
4
3
3
3
2
2
1
2
4
5
3
4
7
6
8
7
8
7
9
10
9
9
9
10
9
10
11
10
9
11
8
11
10
9
9
6
7
7
8
6
8
7
7
7
4
3
2
3
4
4
3
3
2
4
1
3
2
0
1
-2
0
-3
-3
-5
-8
-7
-10
-9
-10
-10
-13
-14
-15
-17
-18
-19
-18
-18
-18
-20
-22
-26
-24
-24
-23
-22
-20
-18
-18
-18
-18
-18
-19
-18
-17
-15
-11
-13
-13
-14
-15
-13
-15
-13
-9
-6
-5
-5
-3
-6
-1
-5
-2
1
1
5
5
5
-1
1
-3
2
1
0
1
3
0
-2
-3
-5
-2
-4
-2
3
4
1
2
0
-3
3
4
8
8
3
10
10
5
5
8
3
12
14
16
18
14
15
18
21
14
19
17
20
19
17
16
15
3
12
15
9
12
11
10
2
11
5
13
1
4
10
6
10
8
2
-3
2
-1
6
0
-1
1
1
5
-5
3
0
1
2
7
14
-4
10
1
7
0
-2
10
-5
6
1
7
-7
-2
-10
-11
-2
-20
-9
-5
-16
-17
-4
-16
-12
-11
-13
1
-6
0
3
2
-8
1
10
0
8
-2
1
14
-9
4
7
-10
-8
3
-2
4
-4
-9
2
-6
-8
-1
-7
0
-2
-6
17
-13
-9
8
0
-13
9
4
-8
12
-23
1
4
-24
-15
4
-18
-19
-4
-29
-1
-36
-21
-6
-25
-22
-13
-10
-38
-6
-21
-12
-7
-19
-3
7
-10
1
11
-10
4
6
13
14
16
18
35
10
21
30
13
36
20
36
39
26
20
46
18
18
44
12
17
30
10
14
28
-18
12
5
-12
2
4
-15
5
-4
-26
13
-18
-8
8
-15
-18
-7
-21
3
-2
-49
23
-15
-21
14
-1
-9
3
-3
1
28
-16
9
32
-28
18
14
-9
2
12
-6
21
7
-21
38
-8
-13
37
-20
10
26
8
7
37
3
-8
49
-9
11
31
10
18
17
20
2
25
-32
17
19
-9
-23
16
4
-36
20
-7
-49
-4
8
-2
6
-13
-40
29
-57
4
-18
-38
-3
-53
-15
1
-22
-68
7
-62
-27
-12
-11
-57
-21
-38
-24
10
-66
-3
-47
-4
-4
-45
3
-42
-48
2
24
-50
3
4
-56
42
-16
-28
2
-17
-39
47
-9
-35
-10
-47
23
-28
13
23
-26
9
34
2
28
12
-1
2
60
-16
27
46
-48
43
26
-9
2
1
-8
34
-22
15
7
-17
23
-17
30
-49
8
11
-16
-1
1
-14
42
-35
-9
45
-65
34
-28
20
22
-37
15
8
-1
-38
27
11
-7
-17
11
66
-20
24
8
17
12
29
38
12
13
17
12
91
-25
16
93
-16
40
28
59
9
12
39
51
-22
70
-13
64
11
12
25
23
8
-25
59
49
-48
41
26
-7
-24
12
-20
14
-11
-14
37
-23
-73
21
-19
-28
-22
-14
39
-24
-40
47
-16
-53
-11
14
10
-37
1
25
-26
-40
-18
-20
14
-102
53
36
-37
-6
-29
66
-112
7
12
-27
10
-76
70
-11
-55
-23
35
-6
-53
21
2
-11
-39
-41
52
-85
-41
-48
54
-53
-28
-35
26
-21
-100
6
37
-66
-78
59
-86
17
-38
-12
81
-73
-27
111
17
-67
61
26
-32
46
-17
53
30
-3
-40
123
-31
-34
126
-38
-15
26
18
-1
18
43
-31
62
25
-34
30
71
-79
42
86
-94
-1
78
-14
-13
23
-10
19
44
-38
59
-23
-10
40
25
-88
29
-43
29
73
-92
62
19
-70
37
68
-119
50
50
-97
68
5
-116
75
-6
-82
-6
63
-73
5
28
-134
59
-5
-64
-11
76
-105
-9
127
-100
-42
57
-71
2
31
-119
78
61
-83
26
90
-130
70
102
-64
47
58
-51
27
65
-64
79
2
38
16
43
10
71
26
-39
89
-46
-10
37
6
-2
55
-12
-57
47
-42
-38
107
24
-136
72
-45
-97
73
-76
-22
17
-38
-85
89
-99
-108
45
-30
-157
23
-24
-70
-17
12
-67
-39
-54
-35
98
-87
11
-33
-33
-5
-20
14
-17
9
30
-8
-35
86
-64
-29
120
-78
-18
101
-29
-35
59
-58
27
-12
-70
145
10
-24
93
27
-81
61
128
-23
57
26
1
4
40
109
-61
15
123
-137
136
40
-39
92
-49
10
36
40
-40
90
-4
-36
135
-1
-21
98
-83
12
54
-22
33
-9
-43
-9
0
11
-19
-1
-53
27
63
-91
27
2
-102
6
9
-34
-55
33
-59
-41
106
-149
43
82
-139
37
50
-80
-13
19
-89
-36
-46
22
-66
-40
80
-117
14
-41
-9
-28
12
60
-23
-29
12
15
-42
-15
99
-84
-8
104
-87
44
115
-76
53
66
-10
35
38
20
-5
19
36
-29
-23
33
-11
33
34
10
22
55
18
19
57
-89
141
-40
-13
78
-59
-13
68
4
-41
121
-95
5
51
27
-25
44
-23
76
-41
-31
183
-152
88
0
32
-61
33
40
-111
127
-63
5
-40
73
-95
18
146
-155
46
21
8
-30
99
-86
-41
47
-58
91
-20
4
-58
62
89
-145
142
-36
-130
164
-42
-57
72
29
-99
39
11
-7
24
-3
-12
-15
36
71
-72
69
54
-191
147
72
-150
156
-46
-98
169
-83
-17
108
-41
-49
106
-29
24
-18
-26
73
-83
-66
88
-84
-67
58
-53
-54
16
-117
-19
24
-119
59
10
-57
-60
-2
-77
-25
23
-52
-67
16
-119
44
-7
-56
-12
-15
-25
-63
28
-42
-14
-1
-87
-60
40
-10
-14
86
-80
-32
105
-76
6
118
-67
-16
74
-102
24
13
-36
12
-6
21
27
-11
-16
25
-52
66
-41
-67
51
51
-91
2
59
-68
76
31
-18
36
-3
16
107
-71
-53
72
26
-29
31
24
-21
12
-28
19
-22
23
58
-39
-17
17
-88
91
-45
-101
102
3
-7
6
-6
-35
-30
9
-60
-3
30
-65
22
-7
-78
-56
37
-96
-9
60
-57
5
-16
-37
32
34
-57
19
-19
2
37
5
-80
48
-76
10
70
-6
33
-5
38
-85
104
-32
-15
48
-50
-12
99
-31
22
0
-69
75
2
66
7
107
-101
72
-23
-67
121
-106
77
1
7
0
108
-58
-35
90
-78
34
41
24
-46
56
-10
-11
64
-25
-15
80
-54
95
89
-145
55
-7
-20
79
89
-50
67
-18
-86
189
-75
9
123
-85
6
142
-100
83
69
-183
162
-15
-40
141
-45
-50
71
-69
6
158
-164
-3
99
-132
82
84
-83
-66
44
-21
-38
118
-48
-23
105
-110
-27
101
-30
-101
120
-34
-98
168
-64
-50
1
40
-53
94
39
-79
33
-38
24
-54
7
-46
-33
-32
-23
42
-83
-56
-36
-90
1
38
-67
40
-96
20
-36
-67
0
-44
-5
-123
91
-91
22
-35
-106
-12
-51
-58
-14
15
-77
-13
-64
-3
-53
-79
92
-51
-98
23
-35
-37
2
-21
-81
9
39
-104
117
-29
-86
85
-123
99
-78
103
-18
-6
-15
-25
111
-131
133
-5
29
-37
114
22
-21
56
-22
27
39
72
-18
40
-144
83
68
-39
63
2
-41
25
111
-57
94
-11
-87
51
62
-22
13
-7
-71
10
-49
90
-12
-111
86
35
-65
16
57
-36
-79
137
-48
39
57
-27
50
-31
19
22
3
74
-48
41
75
-30
-3
-17
24
-33
107
65
-13
56
18
62
21
58
99
-19
106
66
-47
117
35
19
31
18
28
76
58
-17
52
-13
4
69
-10
51
-38
93
-11
28
12
-15
6
36
31
-14
72
-46
4
43
-39
-21
-45
16
-95
-17
48
-100
-49
-51
-35
-103
34
-101
-136
46
-118
-42
62
-162
-23
-56
-114
-107
67
-86
-80
-5
-148
-33
33
-126
-57
44
-125
86
-37
-8
-23
71
-68
96
3
0
116
-85
87
-15
91
-5
69
-13
101
3
-14
159
-61
-1
115
-33
-34
196
-130
57
124
-165
105
57
-199
163
10
-90
152
-56
9
56
-52
-13
172
-94
-7
172
-202
142
38
-92
98
-81
65
43
-47
-39
111
-116
41
64
-86
128
-1
5
50
35
-81
86
-18
17
25
-42
110
-52
-41
99
-28
-33
91
-22
39
67
-128
87
1
-152
74
31
-51
21
55
-81
113
-126
8
94
-136
104
45
-87
-7
26
-97
96
6
-134
122
-79
26
59
-40
-91
-22
-52
-5
103
-89
19
66
-118
-10
73
-50
73
-11
13
34
-24
-61
80
-11
-52
107
-101
28
28
22
-71
13
-76
-19
43
-69
63
-81
13
-46
-42
-43
14
-70
-43
56
-84
45
-140
-42
26
-58
-17
32
-99
17
45
-70
-26
-94
-79
61
-51
54
23
-104
1
29
-76
75
14
-128
80
19
-32
1
56
-81
87
-45
-6
76
-4
-44
89
47
-155
202
48
-88
159
-13
39
91
15
-20
80
41
-36
198
-31
33
48
51
167
-47
66
73
47
37
11
164
5
53
-1
87
41
-61
268
-134
40
7
-21
132
-109
1
-27
46
-13
-37
60
-133
-7
39
-43
54
-119
-28
-6
-89
-91
-106
91
-192
-105
74
-168
92
-139
-18
-57
-77
49
-22
17
-63
89
-108
66
-79
-61
137
-70
-5
10
-58
-78
54
-72
-66
91
-61
-42
77
-91
-35
61
-15
-61
107
-49
-62
206
-104
-22
80
-156
24
96
-54
58
32
-135
35
-39
-14
41
44
-55
164
-117
10
130
-186
127
20
-8
23
182
-92
81
-2
-100
43
-18
-46
119
-31
15
-11
-117
58
-89
-19
8
-8
-62
92
-110
-35
43
-193
96
24
-86
90
5
-99
35
-47
-79
62
39
-28
144
-102
26
102
-106
80
52
-109
103
112
-239
142
74
-250
185
-122
-49
184
-29
-55
128
-53
-221
290
-176
7
135
-197
128
21
-93
56
81
-98
12
136
-86
146
11
-2
47
84
-19
125
-18
21
90
-10
97
-13
27
46
-45
64
71
-133
76
2
-45
79
48
-124
45
17
-162
61
0
-136
92
-9
-156
130
-86
-115
77
-86
28
-26
-9
-75
110
-65
-57
35
10
6
-34
104
-81
-38
-3
-73
0
38
-23
29
49
-71
-51
127
-96
-92
241
-12
-83
112
42
-60
9
-49
-45
114
-103
41
16
-53
49
-140
-17
35
-90
-32
171
-150
-35
30
-20
-59
-1
75
-113
101
-59
-16
60
-58
-88
26
18
-92
-66
117
-120
-29
46
-116
12
-38
60
-95
78
-26
-90
199
-164
-110
139
-17
-99
64
-15
-170
-4
-16
-57
85
-102
-24
0
4
4
-89
164
-113
-155
202
-87
-93
82
21
-108
17
22
-76
121
-111
25
154
-77
-98
152
-42
-39
22
43
88
-38
77
-2
12
-50
49
60
-49
-57
-62
137
-49
37
194
-71
-24
78
87
-12
-30
62
39
-51
-81
14
-40
-64
-7
-77
85
-48
-159
135
26
-134
20
161
-123
-57
93
-36
-86
80
-42
-19
-40
-22
56
13
-17
-35
97
-15
-12
-21
102
-21
-113
110
37
-20
13
88
42
-111
112
16
35
20
45
38
-60
36
-67
63
3
-67
209
-76
62
39
27
132
-132
93
17
106
-13
127
17
-111
216
-51
141
24
-31
90
5
45
-116
133
-92
-98
57
35
-60
54
66
-116
-47
115
44
-103
160
-197
113
46
-74
-39
-74
8
-220
184
6
-103
-12
-67
113
-51
34
68
-135
66
-14
98
2
-40
30
-49
85
45
48
85
-83
-113
94
53
-5
-101
201
-163
-28
112
-55
-24
-118
50
-36
58
1
-19
-17
32
-112
90
33
-113
-70
78
23
-157
98
94
-186
26
39
26
-36
41
60
-98
133
-66
66
93
-45
34
115
157
-126
45
211
-213
0
203
-100
-15
-59
41
-126
-76
27
-6
-52
-36
-53
-9
56
-128
-32
172
-229
-131
213
37
-198
61
-68
-88
-118
-79
7
-18
-70
-88
110
-107
-82
35
3
-20
-64
152
22
-90
84
-62
61
-26
-51
109
-108
-60
-43
54
-50
-54
4
-52
-32
-6
45
-1
-49
22
-8
-5
-5
125
-48
-76
113
-48
-37
131
-231
-41
74
-173
-79
137
-108
-40
104
-32
-25
47
104
-134
0
86
6
-62
95
-105
81
-16
-63
177
-13
-24
-23
51
106
-97
-26
132
-55
-48
120
92
1
-11
125
-47
-39
138
41
108
-88
-11
-47
74
-31
-188
16
-20
44
-30
104
-9
-192
119
52
-56
-12
143
26
-37
54
9
143
-89
55
42
108
28
113
140
-57
-49
121
130
33
157
28
149
49
-19
103
104
112
-17
138
173
-110
134
89
-58
26
66
105
42
-24
-68
180
-96
43
76
-100
115
-88
97
68
-73
-146
78
-225
-57
85
1
-15
-136
-13
-154
-41
-51
-14
-62
-60
-155
48
59
-194
-100
-50
-76
-44
-18
52
-222
-82
13
-135
-24
-34
-151
41
-140
-71
-101
-77
-111
-76
-71
-15
-3
-125
48
-216
13
7
47
-36
-36
57
-74
121
-34
-26
3
79
-8
-2
150
-65
53
-74
77
26
70
152
0
-89
139
66
16
191
-85
117
-9
156
-17
86
67
-110
119
-61
145
-52
-11
28
-5
-45
87
-9
-93
50
44
-104
-46
44
-36
25
8
-26
-29
13
-43
4
7
-34
-13
-10
-59
-135
-20
-41
-78
-84
-15
-13
-148
39
-54
48
-46
15
-36
-24
-8
-88
118
-95
-28
-95
17
-77
-116
43
-126
-27
-3
63
-3
-14
51
102
-28
37
104
22
-25
24
-23
42
70
-103
34
-22
-94
15
17
-2
-11
95
109
91
45
94
145
22
86
112
67
23
-4
27
50
-5
26
46
46
-37
16
115
22
45
31
96
4
14
149
15
-95
103
45
-51
-54
-71
-76
-59
-54
-44
10
-108
-31
36
79
37
-14
39
12
-132
101
54
-108
-48
22
-86
-2
-115
15
-18
-55
-50
22
14
-111
165
51
14
-10
134
13
11
22
32
87
-96
-6
-56
-50
-72
8
99
-55
5
37
55
-25
127
81
110
82
88
140
53
46
9
56
-25
36
-37
-5
-153
34
45
-65
1
-9
103
12
-42
45
83
-59
39
97
-38
-66
-35
-16
-102
-167
-63
-84
-114
-86
-45
35
-147
-100
-9
-60
8
-32
4
-59
-143
-51
8
-16
-99
-112
-22
-86
-139
36
-189
-133
-7
-16
2
-60
-72
-8
144
-101
33
65
-47
94
-48
5
20
11
28
86
36
-35
208
82
13
138
60
47
157
31
88
139
11
72
64
-22
70
-84
-8
46
-15
54
-2
33
41
98
103
121
89
38
-37
-18
-24
4
-31
-98
-24
-169
-89
-83
-133
-123
-140
-54
-67
44
-27
42
-40
-24
142
47
118
60
-30
-61
-84
-139
-8
-108
-161
-102
-113
-100
-55
-86
-162
68
34
31
203
-34
59
78
91
125
115
17
-56
-71
-106
-18
-29
-38
-104
-111
-36
95
42
96
2
37
89
114
181
54
32
12
22
102
98
-24
-30
-65
-46
70
80
-2
-13
-50
28
228
86
101
127
-56
0
182
90
39
-60
-143
-36
18
-11
25
-38
-129
-13
-60
-28
-15
-97
-4
1
-48
-16
-42
-98
-67
-82
87
-68
-47
-80
-139
5
-26
113
-29
-20
-29
-26
124
21
131
-16
-37
-33
50
35
-69
5
-32
-107
-33
37
38
-37
-66
101
-18
100
188
74
-10
10
76
77
-13
-5
30
11
-25
-16
-21
-107
-62
-2
70
44
-78
-10
95
-76
26
228
104
-54
17
-28
-68
-91
-20
111
-126
-196
-157
-113
-151
-75
40
55
-147
-80
66
22
-27
71
261
8
-39
-42
-13
-119
-112
43
-8
-162
-275
-107
-45
-97
-76
100
108
25
-3
204
129
-26
139
119
-23
-134
38
-8
-103
-125
-56
-50
-133
-24
9
19
-34
62
172
101
48
142
142
69
30
93
82
-31
-89
-22
6
-69
-53
90
50
-58
37
142
79
21
226
173
62
122
105
79
-18
81
114
27
6
-53
-79
18
-47
-9
52
8
-9
52
92
-1
25
83
20
-23
71
-35
-94
-126
-73
-134
-73
-3
-22
-112
-139
22
-57
37
45
57
-11
-54
-8
58
52
-52
10
-41
-23
-121
20
54
-95
0
33
47
0
72
168
217
106
183
153
67
-25
149
226
62
-21
37
35
-41
30
47
133
-8
58
105
74
93
188
215
225
106
106
170
53
-41
-23
8
-103
-170
-121
-174
-251
-190
-48
-106
-162
-157
-119
-17
13
-24
-44
-103
-224
-154
-105
-147
-291
-312
-334
-380
-349
-354
-345
-402
-260
-161
-156
-142
-256
-149
-77
10
-10
-18
-159
-252
-142
28
7
-116
-97
-196
-153
-51
24
21
-7
49
132
185
156
163
218
242
276
246
226
124
77
177
292
251
159
135
67
10
197
315
281
190
172
219
211
282
231
153
85
97
121
108
7
-120
-31
66
8
35
37
-57
-56
72
146
41
-40
-44
-17
-28
-27
-32
-119
-178
-154
-159
-141
-259
-310
-257
-203
-120
-68
-104
-209
-243
-103
7
-30
-102
-208
-255
-262
-136
-85
-130
-196
-228
-150
-163
-182
-147
-89
-2
46
84
70
-9
19
143
224
250
173
117
48
75
207
236
215
129
119
143
206
258
292
311
352
367
375
362
291
297
354
362
350
309
186
154
142
160
187
149
82
14
56
104
158
179
129
118
87
80
83
38
41
37
-4
-21
-75
-181
-174
-140
-148
-154
-203
-239
-197
-199
-199
-126
-142
-164
-233
-282
-292
-342
-318
-282
-386
-570
-544
-496
-563
-580
-547
-565
-547
-511
-489
-422
-501
-473
-307
-283
-337
-393
-348
-289
-269
-266
-201
-266
-331
-183
-78
-41
-35
64
190
237
330
441
493
498
538
684
724
697
689
716
712
682
756
778
668
642
675
678
671
641
638
605
579
565
557
486
394
364
391
304
215
207
123
42
11
3
-36
-116
-148
-159
-179
-215
-225
-211
-254
-259
-247
-223
-259
-295
-293
-282
-322
-355
-343
-388
-409
-414
-448
-483
-502
-513
-536
-581
-600
-601
-624
-632
-594
-657
-694
-686
-754
-724
-750
-763
-737
-755
-761
-742
-684
-661
-649
-559
-502
-362
-267
-286
-174
-51
69
280
440
479
447
517
713
873
886
963
1024
931
1024
1211
1260
1166
1086
1140
1123
1062
1114
1122
939
787
794
728
613
521
460
387
260
154
82
-63
-184
-117
-121
-226
-309
-406
-430
-356
-319
-318
-359
-449
-447
-373
-343
-318
-312
-319
-275
-270
-165
-101
-118
-52
11
15
-21
1
33
49
68
94
82
-41
-138
-120
-128
-142
-223
-289
-346
-462
-455
-412
-457
-557
-635
-636
-641
-721
-706
-741
-791
-774
-797
-754
-778
-848
-775
-597
-593
-622
-598
-569
-491
-288
-59
-84
-126
-42
181
356
541
632
561
634
800
987
1076
1100
1132
1109
1188
1299
1306
1237
1178
1209
1210
1149
1149
1099
969
868
861
801
560
403
339
234
163
97
-27
-220
-337
-348
-353
-429
-557
-608
-661
-658
-571
-568
-637
-671
-634
-584
-525
-480
-494
-456
-380
-317
-223
-142
-133
-71
13
48
26
28
73
99
123
181
148
24
3
24
-4
-56
-91
-174
-280
-325
-318
-387
-472
-584
-613
-673
-703
-663
-768
-796
-849
-810
-834
-876
-909
-922
-835
-767
-545
-563
-636
-433
-232
-97
80
210
174
217
478
767
866
898
997
1090
1081
1265
1373
1301
1281
1296
1392
1403
1312
1312
1297
1174
1134
1119
973
812
708
672
609
446
344
208
22
-56
-160
-260
-415
-432
-505
-620
-546
-693
-772
-739
-688
-694
-653
-621
-683
-683
-637
-535
-511
-492
-382
-393
-331
-201
-200
-140
-78
-79
-19
47
40
38
56
62
38
-2
-48
-120
-183
-229
-274
-339
-374
-415
-498
-519
-557
-622
-690
-686
-728
-860
-875
-868
-921
-971
-915
-943
-958
-928
-763
-663
-776
-618
-406
-274
-162
105
168
151
339
622
770
747
838
956
968
1055
1267
1284
1171
1177
1330
1364
1331
1394
1446
1353
1266
1336
1262
1106
1076
1040
918
747
579
455
280
151
92
-53
-220
-327
-359
-331
-360
-468
-486
-557
-596
-534
-488
-559
-608
-562
-552
-550
-553
-493
-470
-450
-338
-296
-282
-237
-145
-30
21
49
74
85
124
157
193
165
81
38
32
-30
-116
-190
-255
-319
-362
-347
-429
-498
-596
-629
-649
-651
-747
-859
-880
-900
-912
-909
-840
-994
-993
-911
-714
-786
-883
-655
-526
-372
-190
63
7
-32
275
575
653
657
816
945
917
1131
1374
1312
1218
1268
1417
1400
1349
1433
1432
1308
1232
1269
1161
1000
983
923
781
603
452
327
176
92
37
-123
-287
-410
-500
-517
-522
-544
-682
-758
-726
-733
-700
-683
-728
-804
-744
-645
-625
-611
-608
-599
-525
-402
-332
-305
-220
-143
-86
75
160
147
176
205
232
209
167
139
63
8
-21
-95
-186
-324
-387
-389
-408
-466
-527
-595
-666
-628
-645
-701
-756
-827
-922
-901
-821
-923
-948
-958
-820
-885
-927
-680
-571
-504
-362
-97
-72
-33
271
599
667
663
907
1070
1024
1206
1420
1373
1268
1291
1433
1402
1326
1430
1444
1293
1200
1261
1236
1142
1124
1062
934
772
677
615
478
331
167
2
-105
-211
-333
-410
-482
-609
-651
-651
-613
-649
-677
-648
-671
-685
-657
-609
-618
-602
-579
-549
-486
-428
-326
-234
-182
-129
-116
-47
84
134
142
157
113
50
59
97
57
-16
-125
-202
-267
-363
-387
-417
-496
-591
-615
-632
-627
-665
-690
-708
-760
-768
-793
-783
-761
-819
-835
-801
-673
-775
-781
-524
-428
-350
-194
39
42
133
502
771
810
839
1093
1228
1214
1383
1497
1450
1367
1445
1574
1469
1383
1424
1425
1323
1264
1289
1212
1101
1040
958
827
675
572
442
298
155
-69
-229
-320
-411
-584
-679
-766
-899
-1021
-1048
-928
-1053
-1075
-1001
-1042
-1099
-1028
-867
-852
-849
-784
-711
-700
-624
-471
-436
-407
-328
-312
-246
-138
-114
-69
-17
38
16
31
86
60
32
-4
-15
-122
-203
-192
-240
-250
-343
-421
-448
-499
-523
-520
-529
-600
-582
-583
-636
-616
-662
-680
-637
-506
-466
-570
-390
-238
-180
-58
176
257
266
531
805
891
883
1040
1231
1230
1306
1454
1436
1321
1318
1460
1453
1335
1331
1341
1225
1102
1141
1143
1034
952
864
742
601
499
451
321
157
-42
-213
-333
-430
-573
-646
-702
-862
-943
-956
-943
-957
-944
-895
-874
-892
-862
-735
-688
-653
-598
-588
-540
-491
-404
-345
-306
-254
-224
-167
-67
-10
-6
44
141
159
163
214
227
160
99
135
88
-5
-66
-80
-156
-266
-300
-322
-384
-435
-437
-490
-546
-574
-521
-501
-504
-509
-521
-523
-513
-392
-421
-402
-268
-195
-147
-64
74
89
211
426
576
596
615
806
896
946
1086
1153
1109
1058
1143
1207
1146
1066
1068
1026
888
857
873
795
681
591
528
424
314
275
188
55
-104
-229
-325
-439
-534
-624
-678
-766
-838
-857
-880
-873
-868
-835
-825
-814
-805
-729
-635
-612
-560
-523
-473
-422
-355
-265
-235
-198
-127
-79
-18
45
84
97
146
187
217
255
239
231
159
111
110
59
20
-33
-81
-191
-257
-288
-320
-342
-360
-365
-426
-426
-405
-391
-412
-388
-409
-425
-381
-360
-329
-387
-312
-206
-138
-77
2
67
123
291
477
590
608
669
822
904
980
1103
1129
1089
1064
1117
1117
1027
977
969
885
777
751
714
632
574
518
445
360
269
240
174
65
-41
-148
-223
-339
-400
-466
-567
-662
-748
-730
-772
-783
-785
-795
-798
-756
-639
-602
-562
-510
-508
-479
-398
-320
-287
-276
-235
-232
-209
-142
-101
-73
-63
-34
-3
10
50
62
88
67
24
38
-3
-42
-99
-158
-224
-283
-312
-336
-365
-404
-460
-478
-453
-435
-423
-414
-399
-408
-372
-288
-260
-191
-178
-175
-103
-28
52
92
172
226
289
428
566
648
673
799
906
964
1075
1134
1137
1088
1094
1133
1094
1036
997
961
838
773
756
694
636
571
508
426
338
292
263
171
71
-42
-123
-214
-268
-335
-428
-518
-590
-580
-612
-612
-638
-660
-633
-587
-535
-514
-481
-452
-417
-347
-311
-270
-249
-239
-219
-219
-207
-218
-210
-195
-205
-222
-214
-168
-147
-133
-107
-128
-173
-146
-125
-151
-210
-276
-310
-393
-395
-445
-500
-572
-613
-572
-611
-551
-559
-524
-514
-451
-363
-352
-274
-242
-170
-180
-130
2
46
100
154
224
248
324
488
587
621
653
775
858
893
1008
1059
1049
1045
1076
1101
1059
991
947
880
768
694
640
556
462
397
337
278
220
179
138
43
-23
-102
-155
-214
-310
-355
-437
-496
-551
-584
-626
-663
-639
-659
-642
-614
-581
-529
-485
-405
-379
-356
-297
-270
-257
-261
-245
-250
-249
-230
-229
-231
-242
-209
-190
-195
-192
-187
-168
-165
-178
-209
-248
-276
-280
-298
-358
-413
-460
-490
-482
-480
-499
-496
-473
-448
-417
-369
-315
-277
-213
-130
-90
-60
43
153
242
293
356
416
475
565
656
698
670
716
797
859
915
950
979
963
977
1029
1035
1006
958
916
828
774
734
669
607
495
394
312
237
178
98
10
-85
-154
-180
-205
-247
-305
-343
-387
-415
-422
-457
-476
-467
-470
-478
-496
-492
-473
-445
-403
-389
-401
-402
-377
-338
-304
-289
-269
-239
-214
-197
-182
-187
-196
-176
-171
-184
-218
-247
-265
-268
-258
-276
-286
-306
-294
-299
-307
-306
-314
-307
-288
-261
-258
-245
-210
-177
-157
-133
-89
-55
-15
58
111
132
152
219
288
339
378
423
438
468
533
585
603
617
657
683
703
712
717
704
674
665
645
601
555
522
478
406
354
300
249
205
156
98
18
-34
-61
-91
-126
-189
-230
-270
-288
-296
-331
-374
-414
-406
-406
-407
-430
-459
-475
-470
-417
-409
-412
-412
-413
-403
-364
-314
-302
-289
-271
-266
-261
-241
-214
-205
-212
-216
-223
-239
-223
-219
-219
-236
-240
-240
-237
-219
-221
-214
-216
-198
-175
-158
-139
-130
-119
-110
-83
-54
-41
-4
22
41
83
143
187
211
259
298
337
376
421
455
470
505
554
576
578
590
590
595
610
624
614
576
544
523
512
491
465
430
372
331
309
285
257
215
153
96
58
31
-3
-50
-84
-139
-183
-190
-211
-249
-284
-297
-324
-340
-328
-339
-353
-364
-361
-367
-366
-341
-332
-332
-335
-333
-328
-315
-293
-291
-296
-306
-299
-289
-286
-295
-301
-307
-308
-294
-288
-289
-295
-296
-286
-275
-269
-263
-260
-259
-256
-243
-223
-200
-169
-151
-135
-108
-75
-37
8
54
60
73
133
195
241
286
334
351
367
424
471
485
489
522
542
538
552
565
553
526
518
518
497
473
457
423
372
331
317
310
277
238
182
124
69
46
40
5
-43
-89
-118
-140
-145
-141
-171
-213
-241
-261
-267
-264
-264
-281
-291
-291
-275
-250
-239
-232
-248
-259
-265
-252
-229
-223
-226
-244
-242
-241
-222
-204
-212
-232
-248
-245
-241
-226
-215
-216
-231
-233
-214
-215
-205
-202
-199
-199
-193
-163
-146
-122
-95
-66
-42
-8
35
65
107
145
175
206
233
263
288
316
344
369
386
408
432
457
478
500
511
517
520
517
515
500
486
471
449
426
398
368
334
295
253
212
175
134
96
64
26
-9
-35
-50
-67
-80
-100
-122
-144
-166
-184
-207
-231
-258
-274
-291
-308
-321
-331
-332
-332
-323
-320
-315
-312
-302
-290
-280
-267
-271
-272
-269
-265
-264
-261
-257
-275
-284
-284
-287
-281
-280
-279
-290
-290
-275
-260
-241
-222
-215
-207
-186
-165
-139
-117
-94
-80
-63
-38
-9
22
46
78
103
127
168
204
245
275
302
330
354
389
424
448
462
471
475
481
492
500
501
496
479
463
443
422
401
376
349
326
303
276
255
221
189
156
118
89
52
14
-20
-50
-79
-103
-122
-144
-166
-187
-205
-216
-227
-242
-257
-271
-281
-282
-282
-283
-288
-295
-295
-298
-295
-296
-301
-307
-307
-308
-302
-291
-288
-282
-280
-279
-273
-263
-257
-255
-255
-255
-256
-245
-237
-230
-229
-221
-209
-193
-167
-140
-115
-93
-66
-40
-9
32
69
98
122
154
183
217
259
294
316
335
361
385
405
432
446
460
463
470
478
476
480
474
465
449
429
408
392
380
357
335
317
288
261
238
208
177
145
116
85
55
22
-9
-38
-69
-97
-129
-152
-179
-200
-214
-231
-244
-260
-269
-281
-292
-299
-311
-325
-342
-362
-383
-398
-413
-426
-434
-440
-447
-450
-447
-441
-433
-423
-415
-404
-390
-372
-350
-325
-307
-285
-254
-227
-197
-166
-143
-117
-88
-62
-34
-5
22
45
68
91
116
134
157
180
202
232
262
294
327
363
389
415
442
457
471
475
472
463
448
434
416
402
384
368
354
339
333
327
321
319
315
310
301
293
283
271
254
237
212
180
149
115
83
50
21
-10
-40
-65
-88
-109
-128
-144
-158
-175
-189
-198
-214
-228
-241
-260
-286
-312
-338
-361
-384
-406
-427
-448
-460
-468
-469
-459
-449
-432
-411
-383
-351
-315
-277
-238
-201
-171
-145
-118
-98
-81
-67
-51
-36
-20
-1
21
47
74
99
128
154
178
198
215
231
240
253
260
271
277
277
277
269
262
256
250
244
233
226
221
219
216
217
219
215
214
209
199
191
183
172
164
158
150
141
135
128
123
113
104
93
80
67
60
51
42
30
18
0
-21
-40
-65
-90
-120
-148
-178
-204
-228
-245
-261
-276
-285
-297
-306
-317
-327
-336
-349
-361
-373
-378
-383
-382
-375
-367
-355
-342
-327
-307
-285
-260
-235
-208
-181
-157
-130
-105
-79
-54
-32
-12
6
26
46
64
80
96
109
127
145
162
176
192
204
214
225
227
231
231
230
223
218
213
210
205
199
196
191
192
199
211
219
229
242
255
268
281
291
295
292
286
275
261
245
221
200
181
162
151
141
136
128
124
119
113
109
102
94
76
52
22
-16
-49
-86
-123
-161
-196
-231
-260
-283
-305
-322
-336
-346
-352
-352
-347
-338
-328
-320
-308
-302
-292
-286
-278
-274
-268
-261
-258
-243
-232
-215
-193
-173
-148
-124
-95
-63
-29
-2
21
42
58
67
78
87
89
93
95
100
105
113
123
134
147
157
168
178
185
188
180
169
154
137
119
104
87
73
64
65
68
79
93
109
128
144
161
177
188
196
200
197
187
175
154
128
101
73
46
23
5
-8
-16
-16
-11
-2
8
18
24
25
22
15
-2
-23
-52
-87
-128
-165
-200
-231
-259
-281
-299
-311
-312
-309
-296
-276
-255
-229
-199
-171
-148
-129
-114
-107
-106
-106
-112
-114
-117
-118
-114
-102
-85
-62
-34
-11
16
42
65
86
102
115
123
126
126
124
121
116
110
104
101
102
102
110
117
123
132
141
147
153
160
158
154
148
137
124
105
90
73
60
51
43
42
45
56
69
83
97
107
113
117
116
107
94
77
52
24
-6
-37
-66
-91
-112
-127
-136
-139
-136
-129
-117
-106
-97
-92
-88
-95
-107
-126
-149
-178
-208
-238
-267
-293
-313
-325
-329
-323
-307
-286
-260
-232
-201
-169
-141
-114
-94
-78
-67
-63
-62
-64
-70
-78
-84
-88
-87
-79
-70
-55
-34
-11
16
43
67
89
109
124
132
136
136
133
127
125
121
120
121
126
135
148
162
178
189
206
219
227
238
241
240
234
226
216
199
185
171
158
145
137
132
130
132
135
140
145
152
155
152
149
138
126
108
86
62
38
13
-10
-31
-51
-66
-79
-88
-92
-91
-86
-83
-75
-67
-61
-56
-54
-56
-63
-72
-88
-102
-118
-137
-151
-166
-174
-178
-179
-175
-165
-151
-134
-112
-93
-78
-60
-47
-38
-30
-23
-22
-21
-20
-23
-24
-21
-16
-8
3
16
30
47
62
77
91
104
112
118
121
123
121
119
121
120
121
123
123
127
132
134
137
140
142
137
133
122
109
96
76
59
41
24
10
-2
-11
-20
-22
-23
-22
-18
-16
-16
-15
-15
-19
-26
-34
-46
-61
-76
-92
-107
-123
-138
-148
-155
-159
-159
-158
-151
-145
-136
-128
-119
-115
-110
-107
-109
-111
-117
-123
-129
-138
-144
-151
-154
-152
-146
-140
-132
-120
-108
-94
-78
-65
-50
-38
-24
-13
-6
2
7
14
20
26
32
38
47
56
65
76
85
94
103
112
118
123
130
131
134
135
132
130
129
125
123
119
113
108
101
96
88
84
76
67
57
45
33
23
13
2
-7
-18
-25
-28
-34
-34
-32
-31
-28
-22
-17
-13
-8
-6
-5
-7
-10
-16
-22
-29
-35
-42
-49
-52
-55
-58
-60
-64
-65
-63
-64
-63
-61
-62
-62
-61
-61
-60
-61
-63
-64
-62
-60
-58
-54
-49
-45
-37
-33
-25
-18
-11
-3
6
17
22
30
35
42
52
62
72
84
94
107
119
133
144
156
167
178
187
193
197
199
199
196
191
188
177
171
165
159
153
146
143
138
134
129
126
118
109
98
84
68
52
34
14
-5
-27
-49
-67
-83
-97
-108
-116
-120
-123
-122
-122
-121
-120
-119
-117
-118
-119
-122
-125
-129
-133
-135
-138
-141
-143
-142
-143
-140
-134
-127
-122
-117
-111
-106
-103
-98
-94
-92
-89
-86
-86
-85
-85
-82
-76
-71
-63
-56
-49
-40
-30
-22
-12
-3
4
12
15
16
20
21
23
25
24
26
28
29
34
40
50
60
73
82
90
99
105
104
107
103
96
86
73
59
42
26
9
-7
-24
-40
-54
-68
-76
-84
-90
-92
-96
-96
-94
-92
-87
-83
-81
-80
-81
-81
-82
-81
-81
-81
-81
-81
-80
-77
-73
-67
-62
-54
-48
-41
-30
-21
-10
-1
7
14
21
26
31
35
34
37
37
36
34
31
27
21
17
11
5
0
-5
-7
-9
-8
-2
4
11
18
26
34
42
50
58
65
71
74
75
74
74
74
75
73
73
72
73
74
75
80
86
91
97
102
108
111
114
118
115
112
106
101
91
79
70
56
46
35
25
17
7
-2
-10
-14
-17
-18
-16
-14
-12
-9
-8
-7
-8
-9
-11
-17
-22
-31
-37
-44
-50
-54
-60
-61
-60
-55
-49
-43
-34
-24
-14
-3
6
14
20
26
31
33
34
33
30
22
16
8
1
-7
-15
-20
-24
-25
-29
-28
-27
-23
-17
-11
-5
2
5
6
9
7
7
3
-5
-13
-21
-32
-40
-45
-51
-54
-54
-50
-43
-32
-21
-10
1
10
19
27
31
32
29
26
20
15
6
-3
-12
-21
-32
-40
-46
-52
-54
-53
-54
-52
-51
-49
-46
-43
-41
-44
-47
-53
-59
-64
-70
-72
-72
-71
-68
-65
-58
-47
-37
-26
-14
-3
6
17
26
35
39
42
42
40
39
38
35
35
35
34
36
40
45
49
54
58
63
63
62
60
54
49
38
29
19
7
-3
-12
-18
-24
-26
-24
-23
-20
-18
-17
-18
-18
-17
-20
-23
-27
-29
-34
-36
-39
-41
-40
-39
-34
-28
-19
-8
6
17
29
39
44
49
50
46
39
30
17
7
-6
-17
-26
-32
-35
-34
-31
-25
-14
-3
8
21
33
42
51
55
57
56
49
43
33
23
13
7
1
-1
5
11
23
35
49
63
77
90
99
103
104
100
90
75
60
44
25
10
-7
-22
-31
-37
-40
-36
-29
-19
-8
2
11
18
22
22
21
14
2
-15
-33
-52
-71
-86
-101
-110
-115
-114
-109
-98
-85
-71
-53
-38
-26
-18
-11
-12
-16
-23
-33
-45
-58
-70
-81
-85
-89
-86
-76
-65
-47
-27
-7
12
30
43
55
60
61
58
48
37
26
13
2
-8
-11
-7
0
12
26
46
66
87
107
124
140
148
151
150
141
129
114
97
81
63
47
35
28
24
24
33
40
50
58
64
66
65
61
49
35
15
-5
-27
-48
-66
-81
-91
-95
-92
-86
-77
-63
-46
-29
-11
4
16
21
20
13
1
-17
-38
-62
-83
-104
-120
-131
-137
-134
-126
-114
-98
-81
-64
-49
-39
-32
-29
-32
-40
-54
-71
-87
-103
-119
-129
-135
-135
-130
-116
-96
-71
-42
-12
15
42
65
82
92
97
94
85
72
57
38
24
9
-2
-5
-5
0
10
23
39
58
75
92
104
113
117
114
106
94
76
58
38
19
2
-10
-17
-19
-17
-12
-2
9
22
36
47
56
61
61
56
48
36
21
8
-9
-24
-36
-44
-50
-50
-49
-43
-36
-29
-19
-12
-6
-2
-3
-8
-16
-28
-43
-59
-76
-92
-104
-112
-118
-117
-114
-104
-91
-77
-61
-43
-25
-10
4
9
14
17
13
13
10
7
7
10
12
20
31
44
63
80
98
115
132
146
154
159
159
158
151
144
132
119
105
92
80
73
68
65
67
66
71
76
81
85
87
86
83
77
66
54
41
25
10
-6
-22
-35
-44
-50
-54
-53
-52
-48
-43
-39
-35
-30
-30
-32
-39
-46
-56
-68
-80
-91
-101
-110
-118
-123
-123
-121
-114
-105
-97
-88
-80
-73
-67
-64
-59
-60
-64
-68
-73
-79
-85
-91
-93
-92
-92
-88
-79
-70
-54
-40
-24
-6
8
19
31
38
42
46
47
47
46
44
43
43
43
49
52
61
69
77
87
97
104
112
118
119
118
113
106
96
83
69
53
38
24
11
2
-6
-11
-11
-12
-9
-7
-5
-4
-4
-4
-7
-11
-19
-26
-34
-44
-55
-67
-77
-83
-92
-95
-98
-99
-97
-95
-91
-86
-82
-77
-73
-69
-66
-62
-62
-60
-59
-61
-59
-61
-60
-60
-61
-59
-58
-56
-54
-54
-50
-49
-45
-42
-36
-31
-25
-19
-10
0
8
19
28
39
51
61
71
81
91
98
102
109
113
116
117
117
119
118
119
119
121
122
124
127
132
135
140
146
147
149
151
150
149
147
141
136
130
121
112
100
89
80
69
60
49
41
34
25
18
9
1
-6
-14
-22
-31
-42
-52
-63
-75
-87
-100
-112
-125
-137
-148
-159
-168
-177
-182
-185
-188
-186
-185
-180
-174
-166
-155
-145
-133
-122
-110
-98
-89
-80
-75
-69
-64
-59
-52
-49
-45
-40
-36
-30
-25
-17
-10
-2
6
13
21
29
37
44
49
53
58
60
61
61
60
60
58
56
56
55
55
55
56
55
56
58
58
61
63
66
70
72
73
75
76
75
71
67
60
56
51
46
43
39
34
29
23
16
7
-1
-10
-19
-29
-38
-47
-58
-65
-74
-83
-89
-94
-100
-102
-104
-105
-104
-103
-101
-98
-96
-93
-88
-86
-83
-77
-74
-68
-62
-55
-46
-36
-25
-13
-1
13
24
36
46
59
68
76
84
88
91
92
91
87
81
74
65
56
50
45
41
40
40
40
43
47
50
57
62
69
74
79
82
85
88
87
89
88
87
85
82
81
80
79
78
76
76
74
73
74
70
67
65
59
54
48
41
35
29
20
9
-1
-14
-28
-42
-54
-70
-82
-96
-109
-120
-132
-139
-148
-158
-164
-170
-174
-177
-177
-175
-171
-166
-164
-158
-153
-148
-143
-137
-129
-124
-118
-113
-105
-97
-90
-80
-70
-61
-51
-39
-27
-15
-4
9
20
32
41
50
56
60
65
68
69
69
68
68
66
67
65
63
64
61
60
60
63
63
68
72
77
81
86
91
96
100
100
101
99
94
89
84
77
69
61
51
44
36
31
29
29
27
30
35
40
47
53
56
59
59
54
47
37
26
12
-1
-17
-32
-47
-62
-72
-81
-86
-89
-93
-94
-93
-89
-86
-81
-76
-70
-67
-64
-62
-59
-59
-59
-57
-57
-56
-53
-49
-44
-35
-26
-14
-2
9
18
27
34
42
49
53
56
55
52
48
43
40
35
32
30
27
26
28
30
31
36
38
40
43
41
40
38
37
31
26
21
16
12
8
6
6
6
9
11
16
20
27
33
40
47
49
53
54
54
55
51
47
42
34
27
20
12
4
-3
-11
-16
-22
-28
-32
-36
-41
-46
-52
-61
-69
-78
-89
-99
-110
-120
-128
-137
-145
-151
-156
-158
-157
-156
-152
-146
-139
-131
-122
-111
-102
-94
-85
-78
-72
-66
-61
-52
-45
-39
-31
-23
-16
-6
5
16
24
33
38
44
46
47
46
43
40
37
34
31
28
26
24
26
27
32
36
42
51
61
69
78
84
90
94
97
97
97
96
93
89
86
83
83
87
92
101
111
122
136
147
157
168
176
178
176
171
162
147
132
112
93
69
45
24
3
-14
-27
-39
-48
-53
-59
-59
-61
-63
-63
-67
-72
-80
-91
-105
-119
-133
-146
-159
-168
-174
-177
-175
-169
-158
-142
-123
-100
-77
-52
-32
-13
4
16
26
30
33
33
32
28
25
24
24
27
32
38
51
62
75
90
104
115
122
127
127
124
122
115
103
94
83
73
65
59
54
53
52
54
59
63
66
68
68
66
60
51
41
29
16
3
-9
-20
-30
-38
-43
-46
-46
-44
-41
-38
-36
-36
-39
-46
-54
-65
-78
-96
-114
-132
-149
-165
-178
-187
-193
-194
-194
-189
-180
-168
-154
-140
-127
-118
-110
-105
-105
-107
-109
-115
-123
-129
-135
-137
-136
-130
-118
-104
-84
-61
-37
-9
17
44
66
86
101
110
113
112
105
94
80
66
55
43
36
33
34
39
47
59
72
89
105
119
131
141
146
147
143
134
122
107
90
72
56
41
30
24
20
21
27
37
49
62
75
87
97
102
105
102
96
85
71
55
37
19
5
-9
-19
-27
-29
-25
-18
-9
2
13
25
34
40
43
44
38
30
18
6
-8
-19
-30
-40
-44
-48
-47
-42
-33
-25
-15
-4
2
8
9
10
5
-5
-17
-29
-45
-60
-73
-84
-90
-94
-91
-84
-73
-61
-47
-32
-17
-4
6
12
16
15
10
2
-9
-19
-29
-37
-40
-40
-36
-27
-14
2
23
45
66
83
94
103
108
103
94
81
62
42
18
-5
-25
-43
-54
-60
-60
-55
-45
-30
-15
2
17
28
37
39
36
25
10
-8
-30
-52
-74
-96
-114
-126
-135
-137
-133
-125
-113
-97
-81
-66
-54
-44
-40
-40
-46
-57
-71
-88
-108
-127
-143
-154
-159
-161
-154
-140
-123
-100
-76
-48
-23
-1
17
31
39
40
38
32
20
11
1
-8
-12
-8
-1
11
31
56
82
112
141
166
188
206
216
218
213
202
187
171
151
132
115
101
91
88
92
100
113
128
144
160
173
182
184
180
170
151
128
100
69
37
4
-24
-47
-64
-75
-80
-78
-70
-59
-46
-33
-22
-14
-13
-15
-26
-41
-63
-87
-113
-139
-164
-187
-202
-214
-218
-216
-206
-190
-171
-149
-128
-109
-96
-86
-83
-83
-91
-101
-114
-129
-141
-152
-158
-157
-152
-138
-117
-91
-63
-29
4
35
63
84
103
111
113
109
103
93
80
69
57
52
52
56
70
86
108
133
159
181
204
224
236
244
241
230
217
196
173
147
123
104
86
72
64
60
62
68
77
87
94
98
99
96
85
72
55
31
7
-22
-49
-73
-94
-110
-121
-125
-126
-122
-113
-103
-90
-78
-69
-63
-62
-64
-72
-84
-97
-114
-130
-145
-156
-166
-170
-168
-161
-147
-131
-114
-95
-76
-59
-45
-33
-27
-24
-25
-30
-37
-44
-53
-56
-60
-60
-54
-45
-30
-10
13
35
57
79
98
111
122
126
124
119
108
96
82
68
57
50
44
45
47
55
64
75
90
102
113
123
128
128
122
112
97
79
59
35
15
-5
-22
-33
-41
-45
-43
-40
-34
-25
-17
-11
-5
-3
-6
-9
-19
-30
-44
-58
-75
-91
-104
-116
-122
-125
-123
-117
-107
-94
-82
-66
-53
-40
-31
-24
-21
-24
-29
-34
-41
-47
-52
-57
-59
-57
-54
-46
-37
-23
-9
6
20
35
46
51
56
59
56
52
45
36
28
20
16
13
13
16
22
30
39
51
62
72
80
86
88
86
81
75
64
53
41
26
14
3
-6
-12
-13
-13
-8
-2
5
14
21
25
29
29
25
19
10
-3
-15
-29
-44
-55
-66
-73
-78
-79
-76
-71
-67
-58
-49
-40
-34
-29
-28
-28
-32
-37
-43
-51
-60
-68
-77
-82
-85
-85
-82
-74
-64
-53
-39
-25
-10
4
14
24
31
34
37
34
32
28
24
20
18
19
20
24
33
41
50
61
71
82
89
96
100
100
101
98
93
88
80
74
69
63
58
57
57
58
62
64
67
68
68
69
68
63
58
50
41
29
18
7
-2
-10
-17
-21
-23
-25
-24
-23
-21
-20
-20
-19
-23
-26
-33
-38
-45
-53
-63
-74
-82
-87
-92
-94
-95
-93
-88
-81
-73
-66
-59
-53
-48
-43
-43
-44
-46
-49
-57
-63
-67
-70
-71
-73
-71
-68
-62
-55
-45
-34
-25
-12
-3
5
13
16
19
21
21
19
18
17
16
17
18
22
28
36
44
50
60
65
69
76
77
77
76
72
67
62
56
48
42
34
27
21
17
15
14
14
16
18
19
21
20
22
22
20
19
16
14
10
8
4
3
3
1
2
3
2
1
0
0
0
-3
-7
-12
-18
-25
-31
-37
-41
-47
-49
-51
-52
-51
-48
-43
-36
-31
-25
-20
-16
-12
-12
-13
-15
-16
-21
-24
-28
-30
-30
-30
-25
-21
-16
-7
5
15
24
34
41
46
49
49
47
43
36
30
21
12
4
0
-3
-3
-1
2
9
16
26
34
43
48
54
59
59
58
53
47
40
30
21
10
1
-7
-14
-16
-16
-14
-10
-3
3
10
20
27
32
36
37
34
31
23
15
4
-6
-17
-25
-33
-40
-42
-42
-41
-39
-35
-31
-27
-22
-21
-21
-20
-22
-25
-30
-34
-39
-44
-46
-47
-46
-43
-40
-36
-30
-25
-18
-13
-6
-1
3
5
5
3
0
-4
-8
-13
-18
-19
-22
-23
-19
-18
-13
-7
-2
2
8
13
18
22
23
24
23
21
17
15
10
9
9
8
12
15
21
30
35
43
49
53
55
56
53
49
42
31
18
5
-8
-20
-29
-34
-37
-37
-34
-28
-20
-10
0
10
20
25
32
34
29
23
17
5
-7
-18
-29
-39
-47
-53
-52
-49
-44
-34
-25
-15
-3
7
16
22
26
26
24
17
8
-2
-15
-26
-37
-47
-54
-58
-58
-54
-48
-40
-29
-19
-6
5
15
22
28
31
29
25
19
10
2
-6
-16
-22
-27
-29
-28
-26
-20
-14
-4
5
13
20
26
31
35
35
34
30
24
18
12
7
-1
-3
-7
-8
-7
-6
-5
-1
3
6
8
10
12
13
14
12
12
11
9
8
6
5
6
8
10
12
9
11
11
10
9
7
7
4
3
0
-1
-3
-4
-4
-4
-2
2
6
10
13
17
22
25
26
26
23
19
13
6
-2
-9
-15
-20
-24
-26
-24
-23
-19
-12
-4
3
11
18
24
30
32
32
27
21
13
4
-8
-19
-29
-37
-44
-47
-49
-47
-41
-35
-26
-15
-3
9
20
28
32
33
34
27
22
14
2
-8
-18
-29
-38
-44
-45
-45
-42
-35
-26
-18
-7
4
13
22
29
33
34
32
29
24
15
7
0
-7
-12
-18
-22
-22
-21
-17
-12
-6
0
10
17
22
27
29
31
31
28
24
17
10
4
-3
-9
-14
-17
-19
-19
-16
-12
-9
-3
1
6
13
17
21
21
22
21
18
17
13
12
9
5
3
0
-3
-6
-6
-9
-9
-9
-11
-9
-6
-6
-3
-1
2
5
7
11
13
14
15
15
14
11
10
8
5
1
-4
-7
-10
-14
-17
-15
-16
-15
-13
-9
-6
-4
0
3
4
4
3
2
1
-1
-4
-8
-12
-16
-16
-16
-17
-15
-13
-10
-7
-4
-2
2
4
5
7
6
3
0
-2
-6
-10
-14
-19
-20
-20
-22
-20
-16
-14
-9
-3
2
8
13
16
17
20
18
16
13
6
0
-7
-13
-17
-20
-22
-21
-20
-16
-12
-5
2
12
19
24
28
31
31
30
29
25
22
16
10
4
-4
-7
-12
-14
-15
-15
-12
-8
-3
3
9
15
20
24
28
28
28
26
22
18
10
3
-4
-11
-16
-20
-23
-23
-22
-20
-17
-12
-5
0
7
12
17
20
22
22
22
21
19
15
9
6
0
-5
-8
-11
-13
-15
-16
-15
-15
-12
-12
-10
-8
-7
-7
-6
-6
-5
-5
-7
-6
-7
-5
-3
-1
-1
0
1
1
2
0
-1
-2
-5
-8
-11
-15
-17
-18
-18
-17
-14
-12
-8
-4
-3
2
5
9
10
9
9
7
3
-2
-6
-8
-13
-15
-16
-15
-13
-10
-6
-1
7
12
17
23
26
29
29
28
26
22
16
9
1
-6
-10
-14
-15
-15
-14
-11
-3
1
9
16
22
28
31
33
34
32
28
23
19
12
5
-1
-6
-11
-15
-17
-18
-19
-17
-14
-12
-8
-5
-1
4
5
8
8
7
4
1
-2
-4
-8
-11
-15
-16
-17
-17
-16
-18
-17
-17
-15
-15
-17
-16
-16
-15
-16
-15
-15
-14
-13
-12
-10
-9
-6
-3
-1
0
3
4
4
5
4
3
1
-2
-4
-7
-8
-10
-11
-11
-10
-8
-6
-4
-1
2
5
9
11
11
11
11
7
5
2
-3
-6
-8
-9
-12
-10
-9
-5
-1
4
6
10
14
16
19
19
20
18
14
11
7
2
-1
-5
-7
-9
-10
-8
-5
-2
1
6
11
15
20
23
23
25
23
21
18
14
10
5
1
-4
-5
-6
-8
-7
-4
-3
-1
3
6
7
9
12
13
13
13
10
8
6
5
3
2
-1
-1
-3
-4
-3
1
0
2
4
3
4
3
4
4
2
0
0
-2
-1
0
0
2
3
5
4
6
8
9
8
5
2
-1
-4
-6
-10
-12
-13
-14
-15
-13
-9
-7
-3
1
4
8
10
12
13
11
8
5
-1
-5
-10
-12
-16
-19
-21
-21
-19
-18
-13
-9
-4
1
4
8
12
12
11
11
7
1
-4
-7
-13
-18
-23
-27
-28
-29
-27
-23
-20
-14
-8
-4
2
6
9
11
10
8
7
3
-1
-4
