2.363290e+062 -3.848809e+058 -1.007856e+059 -1.785131e+059 -2.607895e+059 -3.355190e+059 -3.904897e+059 -4.149495e+059 -4.010310e+059 -3.438019e+059 -2.434562e+059 1.309643e+056 
2.363287e+062 -3.892877e+058 -1.020109e+059 -1.807116e+059 -2.640834e+059 -3.399246e+059 -3.958664e+059 -4.210022e+059 -4.070604e+059 -3.490929e+059 -2.471178e+059 1.345417e+056 
2.363288e+062 -3.839132e+058 -1.005669e+059 -1.783625e+059 -2.606915e+059 -3.356552e+059 -3.911191e+059 -4.159216e+059 -4.021046e+059 -3.448945e+059 -2.441392e+059 1.311681e+056 
2.363289e+062 -3.836155e+058 -1.005142e+059 -1.782262e+059 -2.605288e+059 -3.353610e+059 -3.905834e+059 -4.153731e+059 -4.015196e+059 -3.443138e+059 -2.437836e+059 1.308847e+056 
2.363288e+062 -3.841249e+058 -1.007013e+059 -1.784659e+059 -2.611557e+059 -3.363659e+059 -3.917652e+059 -4.165426e+059 -4.027399e+059 -3.452473e+059 -2.444283e+059 1.315349e+056 
2.363288e+062 -3.855394e+058 -1.010425e+059 -1.791626e+059 -2.618449e+059 -3.370191e+059 -3.925150e+059 -4.172840e+059 -4.031607e+059 -3.456027e+059 -2.446399e+059 1.321155e+056 
2.363289e+062 -3.835949e+058 -1.005597e+059 -1.783294e+059 -2.609372e+059 -3.358799e+059 -3.911993e+059 -4.160566e+059 -4.021257e+059 -3.448767e+059 -2.441294e+059 1.312134e+056 
2.363289e+062 -3.825044e+058 -1.002647e+059 -1.777157e+059 -2.598021e+059 -3.344284e+059 -3.896367e+059 -4.142313e+059 -4.003319e+059 -3.433416e+059 -2.430770e+059 1.301645e+056 
2.363289e+062 -3.850729e+058 -1.010253e+059 -1.791291e+059 -2.619114e+059 -3.373594e+059 -3.929538e+059 -4.177940e+059 -4.038022e+059 -3.462519e+059 -2.451468e+059 1.323243e+056 
2.363288e+062 -3.852662e+058 -1.010075e+059 -1.791292e+059 -2.620924e+059 -3.375198e+059 -3.932025e+059 -4.182193e+059 -4.041626e+059 -3.464893e+059 -2.453277e+059 1.324718e+056 
2.363256e+062 -6.025339e+058 -1.460325e+059 -2.371936e+059 -3.201688e+059 -3.882265e+059 -4.388508e+059 -4.670988e+059 -4.624233e+059 -4.105492e+059 -3.005108e+059 2.001937e+056 
2.352884e+062 -1.997635e+060 -3.182912e+060 -2.575691e+060 -7.564403e+059 9.533153e+059 1.611868e+060 1.125859e+060 -5.946614e+057 -1.112293e+060 -1.571098e+060 8.342663e+057 
2.280753e+062 -8.480422e+060 -8.832808e+060 -5.712554e+060 2.031205e+060 1.795289e+061 3.116504e+061 3.005348e+061 1.982300e+061 1.008037e+061 2.420735e+060 6.898295e+057 
2.210509e+062 -2.115411e+061 -2.477014e+061 -1.095561e+061 1.148970e+061 3.889804e+061 5.955509e+061 5.800645e+061 3.644879e+061 1.243601e+061 -1.526592e+060 4.241353e+059 
2.132671e+062 -3.214121e+061 -3.453925e+061 -1.032885e+061 1.648369e+061 4.037444e+061 6.061481e+061 6.516054e+061 4.673680e+061 1.711343e+061 -4.022407e+060 4.506384e+059 
2.114014e+062 -3.515868e+061 -3.692724e+061 -6.841048e+060 2.813045e+061 5.665537e+061 7.252411e+061 6.522693e+061 3.726645e+061 7.547613e+060 -7.838159e+060 1.928583e+060 
2.088391e+062 -3.570074e+061 -2.722214e+061 1.949487e+061 5.757381e+061 6.961750e+061 6.452784e+061 5.156695e+061 3.206494e+061 8.697300e+060 -6.408247e+060 3.088566e+060 
2.153288e+062 -1.239181e+061 1.253184e+061 4.523858e+061 4.590865e+061 3.461674e+061 2.614701e+061 2.175686e+061 1.739637e+061 1.088535e+061 7.410654e+060 7.703995e+059 
2.128010e+062 -7.389644e+060 3.390229e+061 7.364465e+061 6.181453e+061 2.462180e+061 4.441500e+060 1.161479e+061 2.967874e+061 3.686641e+061 2.423494e+061 1.607443e+060 
2.212111e+062 -2.632701e+060 2.322902e+061 4.448004e+061 3.551655e+061 1.730920e+061 3.873944e+060 6.852850e+059 8.072376e+060 1.753513e+061 1.534006e+061 3.496058e+059 
2.263525e+062 -1.653411e+060 1.545365e+061 3.101598e+061 2.571704e+061 1.157171e+061 -8.905268e+059 -4.589695e+060 2.643461e+060 1.009897e+061 8.858090e+060 6.606806e+058 
2.307863e+062 -1.622638e+059 1.104233e+061 1.968966e+061 1.272043e+061 -1.904193e+059 -5.782392e+060 -3.026739e+059 7.611655e+060 8.552105e+060 3.628792e+060 1.224143e+059 
2.345126e+062 -4.198323e+059 2.610564e+060 4.829577e+060 1.683107e+060 -3.370828e+060 -5.283611e+060 -2.700239e+060 -7.042465e+058 -3.778953e+059 -1.468142e+060 3.522053e+057 
2.361862e+062 -3.105066e+059 -6.813682e+059 -1.103811e+060 -1.633161e+060 -2.186941e+060 -2.655213e+060 -2.853000e+060 -2.692666e+060 -2.211703e+060 -1.498040e+060 5.772801e+057 
2.362816e+062 -1.180950e+059 -2.829607e+059 -5.004218e+059 -7.609826e+059 -9.955775e+059 -1.156753e+060 -1.204328e+060 -1.135458e+060 -9.553895e+059 -6.700563e+059 1.089511e+057 
2.363206e+062 -5.064283e+058 -1.298897e+059 -2.303491e+059 -3.407006e+059 -4.399541e+059 -5.110669e+059 -5.397781e+059 -5.191613e+059 -4.438488e+059 -3.135249e+059 2.214105e+056 
2.363284e+062 -3.851362e+058 -1.007703e+059 -1.784726e+059 -2.611350e+059 -3.358708e+059 -3.910924e+059 -4.159766e+059 -4.021943e+059 -3.450091e+059 -2.441467e+059 1.313770e+056 
2.363290e+062 -3.852970e+058 -1.009833e+059 -1.789166e+059 -2.617246e+059 -3.370204e+059 -3.925742e+059 -4.174189e+059 -4.033581e+059 -3.459032e+059 -2.448043e+059 1.320989e+056 
2.363289e+062 -3.830958e+058 -1.004861e+059 -1.782948e+059 -2.608641e+059 -3.357859e+059 -3.911929e+059 -4.156763e+059 -4.018897e+059 -3.445352e+059 -2.439329e+059 1.310690e+056 
2.363290e+062 -3.843616e+058 -1.008211e+059 -1.786925e+059 -2.613360e+059 -3.364296e+059 -3.917583e+059 -4.165145e+059 -4.025294e+059 -3.452571e+059 -2.443901e+059 1.316167e+056 
2.363291e+062 -3.813666e+058 -1.000077e+059 -1.773684e+059 -2.593995e+059 -3.339652e+059 -3.888715e+059 -4.135517e+059 -3.996626e+059 -3.426362e+059 -2.425789e+059 1.296681e+056 
2.363290e+062 -3.819315e+058 -1.002576e+059 -1.777640e+059 -2.599391e+059 -3.347231e+059 -3.900400e+059 -4.148047e+059 -4.008813e+059 -3.437662e+059 -2.434164e+059 1.303542e+056 
2.363289e+062 -3.844756e+058 -1.008359e+059 -1.788228e+059 -2.613518e+059 -3.365720e+059 -3.920142e+059 -4.168960e+059 -4.028366e+059 -3.454905e+059 -2.446048e+059 1.317627e+056 
2.363290e+062 -3.821782e+058 -1.003400e+059 -1.779912e+059 -2.602995e+059 -3.351643e+059 -3.903967e+059 -4.150970e+059 -4.013746e+059 -3.443063e+059 -2.437669e+059 1.306500e+056 
2.363290e+062 -3.834616e+058 -1.007244e+059 -1.784753e+059 -2.610065e+059 -3.358456e+059 -3.912432e+059 -4.160400e+059 -4.021663e+059 -3.449678e+059 -2.442761e+059 1.312947e+056 
