-81
95
54
-115
-104
73
121
-5
-168
-35
170
36
-163
-42
129
17
-80
-27
-9
54
73
-129
-114
99
84
-115
-48
33
-35
-6
38
-40
-36
0
-50
-30
50
3
-171
-10
127
-25
-160
-34
83
-7
-60
-45
-39
43
-9
-131
24
25
-83
-55
2
-12
-52
-15
1
-44
-24
-28
5
15
-74
-47
21
33
-21
-85
-46
84
57
-142
-119
160
127
-167
-117
137
135
-78
-142
55
163
40
-118
-75
178
162
-79
-123
95
230
-12
-134
86
202
7
-104
64
115
69
-5
-96
36
221
59
-180
-26
192
89
-60
-4
37
10
95
58
-58
-49
104
190
-25
-112
25
207
76
-95
-47
36
108
13
-122
-10
197
46
-208
-40
294
81
-206
-49
129
55
-12
-22
-69
-32
107
80
-114
-51
93
86
-86
-100
90
111
7
-170
-59
165
78
-134
-144
156
153
-143
-135
106
149
-1
-40
-14
51
153
-40
-134
91
125
-117
-153
111
137
-56
-105
-8
104
133
-49
-157
45
166
-52
-159
28
102
-29
-58
-13
16
74
58
-121
-99
208
97
-207
-90
88
74
-13
-56
-64
-10
120
5
-49
41
6
-4
43
98
-10
-85
54
126
-93
-97
127
42
-69
-50
-36
46
125
-61
-120
91
46
-41
55
-11
-33
69
105
-39
-25
98
37
5
-36
-26
69
34
-168
-50
38
-73
28
-26
-151
-52
161
69
-160
-105
56
177
-38
-198
-9
211
-3
-210
158
80
-126
0
53
24
-71
-118
25
143
-109
-203
141
181
-187
-169
146
138
29
-148
-207
158
245
-71
-272
139
135
-161
-22
19
4
-7
-91
-101
-13
98
8
-271
-72
269
59
-187
-89
103
239
-141
-205
231
274
-147
-330
38
264
109
-193
-204
28
214
-13
-284
14
329
-36
-298
117
119
-74
97
165
-148
-142
201
110
-66
-31
-23
-86
191
109
-458
-39
440
-118
-418
114
307
-187
-211
28
99
166
-112
-226
124
239
-112
-148
108
83
-34
-117
32
136
-173
-172
197
215
-301
-251
188
105
-44
-125
-82
-29
87
113
-171
-175
163
238
-139
-317
34
386
145
-412
-275
316
399
-232
-464
101
291
48
-122
-224
35
358
41
-580
-6
714
-52
-626
-127
355
326
-122
-413
-51
451
300
-478
-240
502
194
-364
-173
482
119
-490
17
428
118
-245
-241
173
354
5
-416
29
546
-60
-606
113
665
-199
-468
103
204
53
12
-172
-76
354
73
-415
34
525
51
-558
-163
451
265
-210
-470
-20
509
150
-531
-302
526
483
-638
-690
744
754
-702
-682
456
610
-133
-443
-122
258
398
-331
-390
227
280
-101
-277
72
161
58
-61
-192
-70
287
261
-341
-400
243
502
-136
-451
37
276
96
-168
-160
42
145
-23
-87
111
-99
-129
189
65
-91
18
102
-92
-22
113
77
39
41
-165
-189
316
275
-229
-295
17
179
224
-92
-264
-12
212
27
-177
39
119
-62
-43
49
-31
101
121
-109
-90
22
85
100
-43
-275
37
257
-50
-243
-26
225
17
-151
-127
71
189
-48
-290
-19
286
-36
-179
-50
158
33
-171
16
11
29
-36
-39
-58
-36
34
-25
-108
-121
164
51
-246
-132
118
131
-98
-129
-50
74
96
-117
-73
111
77
-132
-115
81
92
7
-145
-117
91
106
-27
-167
-66
174
116
-165
-157
128
189
-93
-196
52
200
10
-170
-23
181
86
-140
-49
84
103
-11
-145
-6
150
48
-106
-53
77
102
-23
-91
22
73
15
-99
-65
60
81
-44
-175
-32
158
29
-185
-88
68
46
-67
-102
-21
86
8
-119
-57
81
62
-131
-119
70
50
-77
-97
-2
51
-35
-82
-38
17
6
-66
-60
44
-13
-81
-44
13
49
-38
-121
-2
122
-8
-141
-25
116
-4
-104
-5
50
57
7
-122
-30
150
51
-97
-61
68
94
-20
-48
13
47
20
-38
18
54
17
-29
-10
39
57
8
-53
40
62
-58
-19
96
22
-43
-2
67
50
-16
3
14
51
46
-14
6
50
21
-7
22
38
12
-2
-10
-27
30
85
-52
-80
19
43
5
-50
-42
-29
-3
-12
-40
-19
12
-64
-101
22
68
-28
-65
-45
-8
63
38
-31
-48
24
59
5
17
43
4
-16
76
94
48
8
28
120
68
31
52
58
49
22
40
65
39
-8
-13
5
50
21
-71
-39
4
-19
-42
-59
-43
-50
-28
-41
-63
-14
11
-26
-52
34
45
-8
1
43
74
75
52
44
108
104
100
87
69
129
100
70
76
100
67
29
70
57
35
23
8
-3
17
2
-22
-10
-31
-38
-37
-30
-22
-50
-16
-20
-30
8
12
20
15
23
58
60
38
76
94
48
55
89
96
82
55
41
71
84
52
17
19
51
-2
-39
13
-2
-63
-75
-59
-38
-53
-99
-122
-84
-32
-68
-122
-76
-37
-74
-52
-26
-49
-34
-19
-7
12
31
13
-9
26
74
47
-1
23
59
47
12
11
30
27
5
9
12
2
-14
-38
-23
-3
-26
-56
-46
-30
-30
-38
-34
-50
-59
-28
-28
-27
-30
-35
-22
-2
9
0
-2
19
37
30
28
26
27
32
49
46
15
9
23
5
4
35
-3
-39
-16
8
-17
-39
-33
-59
-58
-41
-56
-66
-58
-54
-77
-72
-64
-58
-66
-67
-66
-69
-54
-53
-61
-72
-46
-33
-55
-57
-31
-15
-39
-38
-4
-13
-8
-3
-30
-8
14
-6
-15
0
-7
-17
-13
6
18
-13
-23
-5
17
13
-2
-26
-5
28
6
-17
-10
35
10
-33
7
47
16
-32
-16
27
38
4
-28
17
51
27
-14
3
48
38
-1
-3
49
54
-1
-19
17
56
32
-38
-35
36
53
-16
-51
-10
39
10
-48
-35
5
24
-29
-74
-15
26
-24
-74
-34
22
1
-40
-53
-22
5
-4
-43
-48
-5
6
-23
-36
-5
-4
-12
-7
-23
-21
7
6
-28
-21
10
13
-10
-13
3
18
38
19
-11
-2
30
45
18
-5
16
38
31
28
17
29
55
45
17
23
56
59
31
33
41
53
58
38
26
38
63
43
24
36
42
36
15
21
36
30
26
13
8
19
28
10
2
11
2
-10
-3
8
1
-12
-4
-6
-13
3
-1
-24
-18
0
-12
-17
-17
-27
-14
-3
-7
-18
-19
0
0
-23
-5
12
-5
-16
-9
3
-7
-18
-13
-1
2
9
-6
-15
13
9
3
17
15
-1
15
22
7
14
18
15
11
13
26
20
3
10
22
30
25
10
13
22
30
18
10
12
11
5
13
21
1
9
17
8
8
20
18
4
19
23
15
9
19
26
23
16
13
18
19
20
19
21
29
8
11
32
22
5
7
21
24
12
-4
11
4
-10
-10
-10
-12
-28
-27
-20
-29
-28
-26
-39
-38
-28
-30
-36
-41
-47
-30
-29
-47
-43
-30
-21
-33
-38
-17
-14
-35
-32
-11
-2
-5
-19
-14
7
5
5
-4
-3
20
6
-5
4
10
11
1
-6
7
15
9
1
2
14
13
1
7
16
11
6
6
18
15
6
4
9
20
12
6
17
18
13
8
5
15
16
0
4
9
15
10
-8
-6
11
7
-6
-14
-7
5
-11
-23
-6
3
-9
-20
-19
-10
-6
-25
-33
-14
-15
-27
-30
-28
-21
-21
-36
-29
-20
-24
-26
-32
-27
-18
-22
-31
-30
-19
-15
-25
-27
-19
-17
-15
-21
-24
-17
-6
-6
-18
-2
2
-3
4
-4
1
7
5
3
6
10
13
10
12
16
11
14
15
12
14
15
15
11
10
15
14
5
9
12
5
2
10
11
0
2
4
5
1
5
0
0
0
-2
-5
-6
2
2
-3
-4
-1
0
5
0
-1
-2
1
-3
-12
-2
0
-10
-12
-4
0
-5
-12
-8
-6
-8
-6
-5
-9
-8
-12
-3
3
-5
-6
-4
6
5
-4
-4
12
12
0
4
11
19
11
7
9
9
15
6
0
5
7
5
-8
-4
7
2
-9
-14
-2
6
-5
-19
-17
-2
-3
-23
-30
-12
0
-9
-22
-17
0
4
-7
-7
-7
3
6
-1
-3
8
17
8
7
14
18
14
15
11
13
13
10
5
6
12
8
6
0
2
4
3
-2
-6
-8
-2
-2
-13
-20
-7
-3
-15
-17
-5
-4
-9
-7
-11
-5
1
-4
-8
-4
-1
0
-3
-3
-6
-2
1
-1
3
9
5
4
2
0
14
12
1
6
17
11
4
6
5
12
8
2
1
4
12
8
15
5
4
14
21
10
-1
7
16
11
-3
4
11
10
3
1
8
7
0
-7
0
7
1
-4
-2
-5
3
5
-7
-10
1
2
-5
0
2
2
1
3
3
2
10
7
4
6
10
6
6
10
5
6
7
8
3
4
8
7
1
4
12
3
0
4
9
4
3
1
0
2
2
-2
-4
-1
-3
-5
-5
-5
-5
-3
-5
-11
-9
2
-1
-6
-2
1
3
2
1
5
8
-1
-6
-1
3
-6
-7
-5
-3
-1
-3
-2
0
-1
-1
-3
-3
2
1
-3
-3
-3
0
1
1
2
-3
-1
0
-1
2
1
-6
-4
1
1
-6
-9
-4
-1
-6
-8
-4
-3
-7
-4
-7
-8
0
-7
-12
-7
-6
-7
-5
-5
-6
-6
-3
-5
-1
2
-4
-3
-2
0
0
-4
0
-2
0
1
-6
-2
4
1
0
1
2
2
0
2
2
1
0
-3
-1
1
0
-4
-5
0
0
-4
-3
-2
-3
1
-4
-6
-2
-2
-6
-6
-3
-2
-3
-5
-3
0
-4
-5
-7
-3
-1
-4
-3
0
0
-3
-3
-6
1
-4
-7
2
0
-1
0
-4
-3
1
1
-2
-1
2
1
-3
1
0
-5
-5
-4
-4
2
2
-5
-6
-1
3
-1
-1
1
1
-2
0
4
-3
-3
3
0
0
2
-1
6
5
2
4
7
7
2
3
7
9
4
5
5
6
9
6
3
6
6
5
1
3
4
3
3
2
2
6
8
2
0
1
5
0
-4
-1
1
-5
-5
-2
-2
-2
-2
1
1
3
2
3
2
1
3
5
4
3
4
3
6
4
3
9
6
6
7
6
6
5
5
3
2
4
4
5
6
5
1
5
5
4
6
6
4
4
7
4
2
6
5
4
4
5
7
4
3
6
6
6
4
2
5
6
3
2
4
4
1
1
2
3
0
1
0
-2
-1
-1
-2
-4
0
-1
-5
-6
-3
-5
-9
-4
-4
-6
-5
-7
-4
-4
-5
-7
-2
0
-2
-4
-2
4
2
0
0
3
5
4
3
1
4
2
2
2
1
1
3
2
3
3
2
-3
-1
3
2
-3
-4
0
1
-1
-3
-1
-2
-3
-5
-2
0
-3
-6
-3
-2
-5
-6
-4
-1
-4
-6
-7
-4
-2
-5
-7
-4
-3
-4
-7
-6
-4
-7
-9
-5
-2
-3
-6
-5
-2
-2
-3
-6
-7
-3
-5
-8
-8
-3
-2
-7
-7
-4
0
-2
-5
-6
-1
1
-2
-3
-2
2
-2
-3
-3
-2
-2
-3
-3
-3
-1
-3
-4
-3
-1
-1
-1
-5
-3
0
-1
-1
0
1
0
0
1
2
2
5
2
1
3
2
5
4
2
1
4
4
5
5
2
2
3
0
0
0
0
-1
-1
0
-1
-2
-3
-4
-4
-2
-5
-8
-7
-4
-6
-7
-6
-6
-7
-7
-8
-7
-7
-8
-5
-4
-6
-6
-6
-4
-2
-3
-3
-3
-2
-1
0
-2
-1
1
0
0
-1
-1
1
0
-1
0
2
1
1
0
-1
4
2
0
-2
-2
2
0
-1
-1
1
3
1
-1
3
5
3
2
2
4
3
1
3
5
6
4
4
5
7
7
6
5
5
8
6
4
6
7
5
5
5
5
4
4
4
4
4
5
2
0
3
2
1
1
0
-1
1
3
0
-1
2
3
1
1
1
1
0
-1
-3
1
1
-2
-2
0
1
2
0
-2
0
2
3
2
1
4
3
2
3
4
6
5
2
2
5
5
5
3
2
4
4
3
6
5
6
7
6
7
6
5
5
5
3
4
2
4
5
2
1
4
4
1
1
1
2
2
-1
-2
2
1
-2
-2
-2
0
-2
-4
-3
-2
-2
-4
-3
-2
-3
-4
-5
-5
-3
-4
-5
-6
-3
-4
-4
-5
-4
-4
-5
-6
-6
-4
-7
-7
-5
-4
-4
-3
-2
-3
-2
-2
-1
-2
-3
-1
-2
-1
-1
-2
-2
-2
-3
-2
-2
-3
-4
-4
-4
-2
-3
-3
-2
-3
0
0
1
0
0
1
2
2
1
2
1
1
-1
-1
-1
-3
-4
-5
-6
-6
-5
-8
-5
-4
-4
-4
-4
-3
-2
-1
-1
1
1
0
1
0
1
-1
1
1
0
0
0
-3
-5
-3
-3
-2
-2
0
0
2
3
5
6
7
9
8
9
10
11
8
8
6
5
3
1
1
0
-1
-2
-3
-1
-1
1
2
4
8
12
12
14
17
17
20
18
18
16
13
9
7
2
-1
-3
-8
-9
-10
-12
-11
-12
-8
-8
-4
1
5
10
15
21
20
28
28
39
46
36
33
22
18
15
13
2
-13
-22
-36
-41
-42
-44
-45
-48
-49
-41
-32
-20
-14
-11
-3
12
22
30
33
36
37
37
37
34
31
21
9
0
-6
-11
-21
-29
-33
-37
-35
-34
-34
-31
-24
-16
-7
4
12
20
26
32
38
42
43
41
38
33
29
22
12
6
-2
-8
-17
-23
-27
-32
-35
-36
-32
-28
-22
-18
-12
-3
4
11
16
24
30
30
32
32
32
29
23
18
16
12
5
-2
-3
-10
-16
-18
-20
-20
-18
-16
-16
-11
-12
-10
-7
-3
1
2
8
10
8
6
7
6
5
4
-1
-4
-6
-10
-13
-17
-19
-16
-18
-17
-17
-16
-15
-14
-12
-10
-4
-2
0
3
4
5
6
8
10
13
13
12
11
9
6
6
3
3
2
1
-1
-5
-9
-12
-10
-12
-13
-12
-12
-14
-15
-15
-17
-13
-12
-10
-4
-1
1
0
1
2
3
4
6
9
10
10
6
1
-2
-3
-5
-5
-5
-9
-11
-15
-18
-19
-21
-21
-16
-13
-11
-9
-10
-10
-6
-3
3
9
14
15
13
12
11
8
6
7
10
9
3
-3
-8
-10
-12
-11
-8
-8
-6
-7
-5
-5
-2
2
4
11
14
18
18
18
17
13
13
15
17
15
14
9
5
1
-3
-3
-4
-2
-4
-3
-4
-4
-2
-2
3
2
8
8
10
14
12
11
8
11
11
12
8
6
3
-4
-4
-7
-7
-10
-12
-14
-15
-13
-16
-14
-14
-11
-6
-5
-5
-4
-2
-3
1
3
3
7
4
5
5
3
2
2
1
-1
0
-1
-2
-3
-5
-6
-5
-3
-3
1
1
1
0
1
2
2
6
5
2
3
1
-7
-5
-4
-10
-9
-10
-17
-17
-14
-21
-22
-15
-20
-16
-8
-13
-16
-5
-10
-5
4
0
2
5
3
-6
1
2
-8
1
-2
-8
-6
-6
-21
-12
-12
-16
-11
-10
-8
-16
-3
-14
-9
-3
-10
2
3
2
9
3
0
15
1
8
7
0
2
-3
-1
-11
-5
-4
-13
-2
1
-12
-3
9
-12
2
10
-8
9
5
7
7
11
9
-4
21
10
6
20
5
7
12
3
10
6
4
10
8
13
7
8
9
7
10
23
20
9
12
5
9
20
17
13
9
8
-1
-8
12
1
-1
0
-9
2
1
7
-12
-3
4
-9
13
9
21
18
-1
13
10
14
28
21
16
12
0
11
10
9
2
1
14
-5
3
7
-7
-2
-6
-4
10
-3
-6
0
-8
17
14
-14
34
3
-20
30
7
18
-3
11
-14
-27
49
-16
-24
35
-39
-25
34
-16
-26
-5
19
-32
18
43
-49
32
13
-40
66
26
-6
33
-15
22
2
16
19
-38
33
-32
-30
38
-59
-33
-3
-58
-9
-24
-17
-21
-40
-2
-36
-3
10
-9
-4
9
11
-10
28
30
-1
14
37
-8
3
13
-43
-13
0
-19
-24
-13
-38
-52
-25
-30
-23
-25
-29
-48
-4
-19
-22
49
-30
-1
38
-26
19
64
-15
0
36
-14
-15
37
12
-52
22
-40
-62
6
-17
-56
-21
-26
-79
-7
-13
-27
4
-5
-31
13
28
-18
60
18
-20
57
-2
-15
53
14
-30
22
16
-66
2
33
-117
9
19
-97
7
18
-78
-47
60
-57
0
74
-10
-39
23
35
-37
113
45
-42
37
10
-20
19
59
-14
-36
1
-20
-11
20
-5
-61
-35
13
-15
23
33
-10
-61
5
31
-8
83
8
2
4
18
36
-9
49
-20
-24
41
-20
24
11
-46
20
-79
17
26
-39
27
-52
-5
-49
-18
26
-54
42
7
-55
24
17
-19
27
30
8
14
39
10
-6
14
-22
13
7
54
58
13
10
10
-23
-7
69
19
12
50
-5
-63
45
25
-39
60
25
-34
53
32
-45
8
16
-44
-11
80
-43
-4
37
-86
26
37
13
20
37
-20
-50
50
-6
11
59
-14
-2
36
12
29
28
19
11
28
51
14
47
-6
-7
19
-7
36
21
-23
-27
-15
-40
-4
3
-29
-40
-29
-49
-23
14
-16
2
-26
-20
-11
10
-4
14
13
-21
31
-6
-22
27
19
-14
48
5
15
-10
7
-33
-39
79
-35
68
40
-15
29
2
31
41
57
55
31
29
40
-16
27
-14
-7
37
-16
70
-21
-33
11
-71
11
12
20
12
-21
-22
-63
-27
5
-37
23
31
-25
30
-13
-2
-6
7
30
10
45
19
4
7
17
-5
28
25
25
31
24
20
-20
3
-9
-17
28
24
3
44
-7
6
15
2
4
-13
20
-22
-2
12
-51
0
-15
-45
22
-19
-19
-10
-45
-41
-10
-9
-17
-9
-2
-29
-9
33
-27
15
33
-18
5
27
-9
-6
31
9
11
56
31
2
39
-7
-28
-17
-22
-17
2
7
-13
-27
-45
-53
-34
-20
6
2
-11
-4
-19
-12
-39
22
15
37
71
33
20
28
31
28
88
36
46
-36
-27
-27
-47
20
-43
-8
-35
-63
4
-18
-60
-8
-119
-69
-6
-24
-2
-28
-19
-104
-1
66
-16
26
-10
-154
-99
-73
-136
-62
-29
-89
-90
11
-46
-35
77
-24
14
69
20
39
70
27
-85
37
-6
-33
98
-33
-86
-92
-123
-128
-16
45
-57
41
69
-27
89
110
61
143
124
120
144
93
71
0
33
36
-17
12
-97
-97
-142
-163
-27
-32
25
126
101
168
139
187
202
212
278
135
233
132
64
82
-11
25
-29
-74
-94
-95
-129
-182
-89
-104
-123
8
-49
15
102
74
92
154
200
111
140
149
40
30
-10
-91
-106
-166
-225
-246
-251
-261
-290
-244
-241
-199
-141
-125
-31
-36
-79
-70
-86
-107
-72
-109
-151
-150
-231
-261
-255
-187
-272
-226
-219
-280
-190
-212
-179
-196
-124
-141
-92
49
22
32
87
86
133
223
212
233
233
240
229
287
328
261
280
280
286
318
311
301
300
284
304
340
347
340
294
288
315
348
348
335
307
266
247
222
235
216
195
183
161
156
116
73
60
62
87
105
81
49
9
-24
-29
-18
-50
-77
-139
-228
-270
-381
-446
-539
-604
-622
-672
-674
-747
-790
-842
-867
-809
-767
-721
-715
-734
-751
-755
-785
-816
-774
-709
-723
-705
-708
-860
-798
-615
-312
357
836
900
922
1117
1363
1658
2067
2155
1828
1520
1248
975
941
837
373
-19
-138
-314
-542
-584
-669
-1005
-1044
-688
-522
-353
-181
-196
-179
104
443
535
751
890
684
663
778
714
590
387
334
270
128
138
59
-116
-235
-94
39
119
423
342
194
427
450
360
487
584
363
284
376
154
15
-37
-282
-350
-340
-419
-531
-639
-756
-936
-920
-896
-874
-847
-941
-859
-839
-891
-858
-789
-790
-784
-647
-621
-627
-619
-693
-659
-545
-498
-476
-482
-466
-512
-532
-494
-433
-426
-461
-400
-369
-299
-200
25
365
665
888
991
1138
1357
1519
1648
1740
1599
1386
1189
1060
1010
853
629
351
143
-16
-178
-235
-289
-414
-490
-480
-397
-319
-299
-248
-159
-48
87
222
296
325
277
262
308
343
417
271
293
354
103
258
184
76
181
118
237
203
275
183
54
265
185
229
373
271
230
131
66
1
-61
-89
-209
-182
-256
-430
-525
-698
-824
-880
-957
-983
-983
-1148
-1227
-1266
-1308
-1280
-1233
-1057
-1003
-901
-887
-905
-758
-776
-734
-627
-563
-461
-437
-400
-416
-468
-348
-175
238
831
1145
1153
1214
1400
1505
1805
2113
2095
1902
1665
1465
1232
1188
1046
613
463
449
189
-39
-122
-344
-614
-573
-332
-272
-204
-149
-221
-104
108
261
325
496
589
448
508
492
333
206
87
137
202
192
72
-19
-73
-136
68
255
309
371
322
209
261
389
337
382
475
322
217
195
18
-136
-169
-283
-379
-374
-560
-743
-865
-1032
-1117
-1127
-1112
-1165
-1166
-1239
-1314
-1220
-1228
-1116
-940
-916
-809
-752
-738
-681
-663
-617
-625
-536
-487
-553
-496
-572
-615
-526
-495
-352
-192
-8
299
499
804
987
1103
1424
1604
1860
1955
1864
1781
1501
1414
1438
1274
1163
889
531
328
176
92
-42
-106
-206
-356
-301
-256
-251
-210
-167
-36
82
196
270
260
280
286
295
323
285
231
77
93
196
91
101
11
12
26
102
191
106
150
-11
-37
102
86
80
-6
-49
-76
-128
-74
-142
-182
-265
-377
-354
-449
-524
-665
-770
-829
-946
-1011
-1115
-1156
-1249
-1301
-1210
-1191
-1176
-1123
-1079
-1006
-902
-824
-754
-667
-626
-585
-573
-527
-510
-495
-375
-312
-271
-243
-144
-65
187
515
641
970
1236
1361
1636
1837
1895
1866
1870
1853
1729
1724
1572
1215
1003
766
502
401
333
141
-58
-186
-305
-416
-412
-321
-300
-208
-116
-98
-72
-36
41
99
211
320
287
218
217
141
45
183
238
181
199
127
26
-4
54
7
-18
83
-13
-31
69
2
-46
-59
-44
-30
20
77
12
-40
-160
-266
-266
-348
-428
-488
-639
-760
-859
-1008
-1099
-1107
-1145
-1159
-1052
-986
-987
-944
-876
-838
-696
-589
-509
-412
-450
-465
-505
-462
-450
-512
-424
-436
-460
-442
-458
-317
-68
161
365
628
866
1048
1375
1689
2067
2093
1783
1735
1674
1746
1737
1496
1143
608
318
189
139
173
-180
-547
-569
-556
-574
-571
-505
-512
-450
-129
126
286
296
186
356
591
748
797
683
643
557
531
522
457
295
114
125
220
208
-6
-147
-256
-228
-89
-15
-6
-99
-162
-186
-79
24
-36
-93
-148
-158
-194
-350
-475
-646
-784
-826
-906
-962
-1171
-1362
-1489
-1560
-1462
-1463
-1432
-1392
-1280
-1215
-1204
-1064
-1037
-890
-734
-610
-478
-497
-503
-544
-501
-359
-317
-225
-69
142
307
457
804
956
1142
1475
1729
1949
2019
2001
1874
1841
1904
1816
1771
1738
1423
1120
950
734
516
326
197
49
-80
-224
-391
-459
-530
-555
-452
-322
-207
-115
-120
-73
16
43
164
313
429
440
407
352
292
404
425
493
598
483
427
369
316
232
144
60
-58
25
-29
-180
-221
-374
-456
-420
-355
-308
-387
-486
-618
-665
-656
-757
-778
-831
-942
-939
-997
-1099
-1138
-1255
-1263
-1132
-1059
-1047
-1078
-1101
-1113
-1023
-874
-747
-648
-657
-661
-577
-539
-450
-334
-238
-141
-59
33
50
214
410
533
859
1184
1314
1478
1635
1721
1805
1883
1999
1985
1963
1892
1688
1559
1381
1147
957
822
640
350
111
-54
-277
-423
-471
-528
-567
-644
-699
-690
-635
-608
-533
-413
-325
-246
-178
-103
-22
28
47
147
316
383
340
403
374
328
390
387
392
338
208
95
56
11
-82
-168
-208
-273
-358
-399
-410
-470
-548
-593
-583
-583
-668
-723
-794
-843
-882
-923
-988
-1048
-1105
-1199
-1154
-1151
-1135
-1132
-1125
-1002
-966
-909
-859
-832
-776
-686
-556
-418
-371
-336
-313
-273
-170
-76
2
75
260
389
568
779
994
1143
1244
1489
1642
1761
1856
1892
1889
1872
1846
1732
1599
1487
1285
1078
962
740
443
191
1
-189
-348
-462
-608
-726
-801
-814
-791
-767
-735
-744
-647
-534
-482
-358
-339
-296
-212
-85
78
162
230
204
233
347
421
455
438
376
262
208
223
150
94
4
-88
-129
-144
-156
-245
-302
-357
-389
-413
-433
-486
-569
-609
-636
-670
-716
-784
-843
-864
-853
-812
-811
-789
-769
-722
-633
-555
-458
-413
-404
-326
-246
-214
-149
-139
-125
-104
-71
-43
-55
-68
-109
-99
-33
78
203
308
404
501
620
776
937
1112
1250
1342
1463
1517
1546
1539
1475
1412
1375
1325
1244
1109
913
673
446
305
166
35
-86
-217
-323
-443
-529
-593
-671
-650
-626
-591
-561
-615
-656
-674
-538
-408
-319
-183
-143
-82
-8
62
132
156
165
156
226
229
126
69
-45
-104
-109
-121
-98
-158
-217
-306
-331
-278
-351
-372
-343
-371
-401
-464
-516
-568
-623
-648
-613
-597
-645
-708
-752
-698
-647
-560
-527
-455
-299
-357
-277
-124
-108
-74
-24
112
101
123
206
99
69
94
115
113
127
158
103
139
222
267
323
409
511
602
733
841
931
982
993
1006
1058
1141
1101
1031
997
895
844
751
634
580
462
348
256
208
101
-50
-90
-158
-210
-239
-301
-359
-430
-451
-463
-450
-431
-457
-412
-365
-327
-306
-333
-277
-256
-233
-178
-144
-109
-173
-175
-150
-131
-90
-125
-101
-80
-85
-52
-63
-81
-104
-114
-167
-147
-101
-226
-243
-288
-406
-469
-317
-350
-541
-490
-466
-416
-490
-477
-401
-322
-280
-296
-197
-106
-100
-98
-40
-59
31
43
78
20
-97
42
23
-79
-98
50
86
-18
-24
-10
15
38
21
77
283
299
198
229
304
315
301
379
427
443
469
421
418
409
352
352
351
389
427
401
325
227
205
188
146
158
123
67
6
-83
-133
-207
-222
-239
-238
-193
-210
-245
-300
-323
-295
-304
-225
-177
-251
-233
-171
-248
-280
-183
-118
-118
-149
4
-67
-113
-110
-97
-6
-5
131
48
-81
-64
28
-195
-212
-61
-145
-148
-199
-123
-223
-108
-141
-217
118
137
62
87
198
136
100
210
233
238
249
184
128
153
89
42
73
106
94
91
111
82
23
37
122
181
138
213
298
185
168
243
294
217
185
259
260
186
146
137
131
136
126
162
176
185
127
85
156
199
180
160
214
210
161
137
130
92
61
48
25
54
-27
-104
-134
-186
-170
-200
-183
-195
-271
-304
-307
-273
-335
-334
-213
-221
-284
-246
-185
-188
-223
-190
-129
-52
-31
-79
-43
-8
-73
-81
-33
-34
-37
-58
-80
-81
-43
-12
-23
47
111
120
179
202
192
191
232
308
259
271
317
264
194
128
164
134
94
82
63
64
22
-32
-59
-23
-20
-31
7
49
26
14
36
10
26
28
24
72
44
9
-25
-26
-24
-63
-43
-6
-42
-84
-100
-117
-122
-150
-146
-130
-133
-142
-155
-161
-138
-151
-157
-124
-122
-112
-95
-100
-122
-121
-119
-164
-175
-155
-177
-198
-198
-225
-243
-231
-224
-213
-172
-163
-168
-172
-146
-121
-103
-83
-77
-52
-59
-55
-42
-6
-3
-19
-1
-3
20
65
67
76
111
127
164
201
240
280
293
318
352
383
395
375
367
362
339
344
315
268
253
194
157
144
114
80
43
33
7
-4
8
10
-2
-32
2
-4
-5
-8
-22
-3
-20
-22
-42
-32
-25
-50
-72
-55
-70
-127
-136
-162
-150
-134
-172
-178
-171
-189
-219
-213
-182
-194
-203
-192
-192
-171
-152
-157
-142
-112
-118
-101
-92
-83
-85
-83
-82
-77
-51
-36
-25
0
12
8
30
13
17
56
80
75
78
86
80
79
55
67
89
58
38
43
28
16
3
28
81
83
107
144
179
156
193
238
283
288
264
288
246
338
106
154
354
164
55
83
234
41
-65
1
-30
5
-51
-131
-62
18
-101
-167
-53
-3
-86
-78
-40
2
-27
-67
-79
-30
-22
-177
-21
3
-101
-158
-120
-53
-185
-152
-142
-122
-110
-193
-183
-141
-137
-214
-223
-153
-162
-193
-199
-173
-170
-197
-186
-151
-109
-117
-113
-99
-86
-59
-85
-42
1
-4
25
41
66
63
80
99
112
157
159
149
156
152
133
148
160
166
178
169
155
162
173
168
189
206
198
200
222
203
218
247
238
239
246
247
234
246
226
203
201
180
159
141
145
100
78
56
31
22
7
3
-12
-15
-31
-41
-39
-38
-44
-37
-22
-11
-7
-4
-14
-24
-22
-12
-3
-7
-1
-36
-58
-57
-75
-83
-88
-85
-108
-120
-123
-148
-163
-179
-206
-214
-215
-230
-249
-258
-272
-299
-280
-265
-251
-224
-204
-186
-155
-138
-117
-94
-53
-16
-2
46
65
71
75
86
105
123
135
135
127
122
114
94
96
88
90
88
79
76
75
84
70
92
106
123
129
142
157
159
169
162
171
171
170
147
134
115
80
60
25
9
-15
-63
-96
-119
-150
-181
-192
-186
-197
-197
-185
-171
-155
-154
-142
-130
-98
-90
-89
-72
-78
-69
-78
-71
-50
-45
-50
-66
-58
-53
-70
-65
-57
-64
-81
-83
-74
-99
-108
-119
-132
-132
-159
-173
-196
-193
-223
-252
-228
-243
-250
-262
-241
-243
-237
-215
-203
-172
-153
-135
-114
-67
-53
-27
10
57
79
112
149
150
177
190
205
219
240
239
227
234
216
192
184
191
180
175
180
180
193
186
180
195
210
222
229
243
245
237
244
225
213
204
183
169
146
128
94
56
35
8
-24
-43
-59
-80
-102
-102
-109
-110
-103
-96
-92
-78
-61
-52
-34
-17
5
15
28
28
29
29
21
21
19
24
19
10
2
-5
-22
-32
-44
-50
-54
-73
-74
-90
-94
-113
-119
-120
-126
-123
-139
-139
-158
-159
-155
-157
-151
-150
-144
-151
-132
-125
-114
-88
-77
-51
-33
-12
7
26
39
49
80
95
108
122
129
129
132
139
130
134
134
126
120
109
102
98
105
120
122
130
131
126
129
127
142
146
150
142
132
119
103
84
46
31
8
-7
-35
-61
-83
-115
-135
-158
-153
-161
-166
-168
-173
-164
-160
-151
-143
-124
-114
-107
-107
-88
-90
-94
-81
-82
-74
-81
-79
-91
-98
-96
-107
-100
-113
-122
-122
-136
-131
-142
-147
-144
-148
-145
-145
-142
-152
-155
-164
-164
-164
-160
-155
-169
-154
-155
-143
-138
-128
-109
-95
-67
-41
-18
1
34
55
80
103
128
142
153
163
158
163
153
157
145
141
135
122
129
117
121
117
133
137
146
165
175
189
193
203
210
223
224
219
213
200
191
171
153
134
114
89
62
37
16
-3
-23
-39
-56
-61
-70
-80
-84
-87
-83
-82
-70
-61
-54
-44
-36
-34
-34
-32
-30
-31
-33
-38
-45
-48
-59
-62
-59
-63
-61
-58
-49
-45
-36
-31
-25
-16
-7
2
4
14
13
5
1
-10
-20
-30
-33
-40
-49
-46
-52
-54
-47
-48
-37
-21
-10
5
17
32
42
56
71
86
98
106
106
97
94
86
83
72
67
58
48
40
27
23
21
22
25
33
39
48
53
55
61
69
82
84
89
86
82
72
56
50
32
21
6
-6
-26
-44
-61
-76
-86
-96
-94
-100
-100
-101
-98
-94
-90
-89
-85
-76
-78
-77
-85
-86
-93
-104
-111
-124
-126
-145
-153
-160
-165
-164
-165
-163
-156
-147
-141
-131
-127
-116
-110
-97
-86
-72
-63
-59
-49
-49
-40
-39
-32
-26
-23
-19
-13
-2
4
17
25
31
38
50
64
76
86
92
105
108
116
120
119
120
115
109
106
101
89
85
82
79
71
74
74
74
77
82
91
100
110
115
121
124
130
132
138
140
140
140
131
122
109
103
93
84
77
62
55
41
33
30
29
27
27
32
36
40
44
44
50
59
63
65
70
72
68
60
55
48
42
36
30
25
14
6
1
-8
-16
-18
-21
-22
-18
-19
-23
-20
-15
-10
-10
-7
-6
-5
-5
-6
-5
-8
-6
-4
-4
-4
2
3
6
13
17
23
31
41
43
49
56
54
57
56
54
51
49
44
36
29
14
2
-5
-10
-22
-28
-34
-37
-39
-45
-41
-40
-38
-33
-28
-24
-19
-15
-9
-7
-10
-9
-13
-20
-29
-38
-47
-57
-73
-85
-98
-111
-121
-132
-146
-152
-159
-165
-165
-163
-157
-154
-150
-144
-133
-127
-122
-112
-109
-105
-101
-98
-94
-91
-90
-92
-91
-88
-91
-87
-84
-76
-67
-62
-55
-47
-39
-37
-31
-24
-21
-18
-13
-11
-8
-7
-5
1
6
14
21
28
36
49
56
65
83
96
110
120
134
143
150
157
161
170
170
169
166
161
154
141
129
118
108
96
85
74
62
48
41
32
29
24
19
20
17
19
17
18
24
24
23
26
29
23
23
16
11
10
9
3
-2
-8
-12
-10
-14
-13
-14
-7
-10
-9
-2
3
11
13
19
22
30
31
31
30
28
29
30
27
23
22
22
19
14
11
7
5
4
2
4
6
4
-1
2
8
9
12
14
15
19
22
15
12
15
18
14
9
13
15
15
12
12
16
26
33
37
38
40
47
49
52
55
58
65
58
51
50
49
46
34
27
23
23
11
-1
-6
-16
-25
-32
-30
-33
-42
-48
-45
-40
-44
-50
-50
-34
-33
-38
-43
-34
-27
-32
-37
-40
-34
-41
-46
-48
-44
-44
-51
-53
-48
-38
-41
-45
-40
-36
-34
-35
-36
-33
-31
-35
-39
-37
-36
-37
-44
-51
-47
-47
-53
-60
-56
-57
-61
-57
-55
-61
-68
-61
-55
-59
-64
-59
-47
-45
-52
-49
-31
-18
-29
-32
-11
12
8
-8
8
30
38
24
14
38
54
44
26
34
50
47
28
28
45
46
34
14
25
41
23
1
5
23
13
-6
-9
6
13
-6
-16
-1
21
13
-7
3
34
32
15
20
41
49
36
23
42
64
47
30
41
62
57
40
42
53
60
55
45
46
62
61
50
52
61
73
70
58
62
75
77
65
61
71
76
71
62
58
58
57
53
43
38
38
37
33
19
14
25
25
10
-1
10
27
18
1
4
17
20
16
1
15
25
4
-3
10
18
2
-15
-14
0
-7
-27
-30
-20
-21
-42
-51
-42
-35
-49
-67
-64
-49
-56
-83
-85
-63
-67
-103
-108
-86
-79
-109
-124
-94
-75
-86
-108
-85
-50
-56
-72
-54
-18
-16
-29
-12
14
17
4
6
30
47
26
4
31
52
20
-12
12
44
12
-37
-33
9
9
-51
-79
-33
-3
-56
-99
-63
-25
-58
-115
-99
-40
-41
-114
-125
-50
-36
-102
-137
-77
-37
-81
-126
-98
-39
-44
-93
-115
-58
-10
-51
-98
-58
0
-10
-53
-52
-1
24
-17
-48
-4
57
20
-38
-9
64
50
-24
-23
53
86
10
-36
37
97
45
-13
13
77
78
27
-6
39
98
57
-16
-1
81
85
5
-37
25
91
50
-34
-18
83
80
-12
-18
65
93
22
-11
49
102
73
10
33
99
96
35
28
83
97
67
48
61
82
89
70
45
50
68
76
54
23
21
61
65
4
-14
34
48
11
-32
-24
19
18
-34
-52
-12
4
-25
-46
-30
-15
-14
-18
-32
-22
22
13
-28
1
43
38
7
10
43
48
24
18
44
44
4
-8
32
37
-5
-28
-3
4
-16
-26
-25
-24
-23
-44
-52
-29
-25
-57
-74
-48
-44
-67
-85
-66
-45
-77
-99
-60
-34
-75
-98
-65
-30
-41
-84
-89
-47
-10
-49
-101
-65
-7
1
-52
-75
-48
6
20
-30
-72
-27
56
45
-51
-62
45
87
19
-60
-4
88
72
-8
-21
55
77
29
-1
15
61
51
-5
6
31
2
-18
6
0
-30
-14
-18
-51
-8
18
-62
-105
-19
38
-27
-90
-73
5
35
-22
-85
-27
70
29
-70
-35
111
105
-29
-72
54
169
63
-83
-31
138
112
-67
-51
124
127
-81
-121
92
176
-35
-172
-10
141
60
-121
-121
55
108
-52
-173
-35
128
44
-157
-132
99
145
-51
-145
13
167
71
-109
-29
181
118
-86
-37
161
121
-78
-43
148
125
-57
-56
117
159
13
-73
43
179
89
-87
-10
182
110
-97
-22
154
89
-56
-16
125
83
-51
-55
86
102
-16
-60
-33
67
77
-47
-126
-36
116
50
-147
-142
79
149
-93
-198
8
145
5
-173
-93
103
89
-115
-168
9
116
-18
-147
-92
33
73
-57
-185
-75
103
45
-152
-144
0
44
-12
-124
-133
-10
51
-57
-168
-77
29
-15
-90
-95
-67
-16
45
-48
-140
-40
56
-5
-45
-7
7
11
19
4
7
35
72
58
-10
1
86
148
28
-37
42
90
97
12
-22
52
117
33
-79
18
140
70
-62
-27
100
65
-60
-11
61
29
-12
-57
-31
31
36
-95
-134
15
28
-96
-117
-66
-45
-14
-26
-159
-147
62
51
-175
-197
23
120
-56
-207
-78
124
80
-152
-156
114
153
-81
-173
42
178
13
-128
-45
120
127
-17
-71
58
135
61
-13
28
82
67
52
71
59
25
95
132
27
4
124
167
69
24
34
106
217
106
-49
44
211
205
25
-38
115
216
132
-37
23
166
130
77
3
19
123
130
15
-54
76
132
11
-45
-33
97
84
-85
-56
54
80
-76
-105
90
110
-105
-174
97
117
-162
-134
17
64
-15
-148
-143
59
181
-151
-325
53
309
-91
-364
-32
206
26
-242
-140
134
142
-123
-189
58
171
5
-166
12
175
-68
-127
92
70
-73
-91
21
36
61
-17
-192
-35
157
52
-192
-160
52
115
-40
-238
-101
119
19
-147
-191
-58
149
16
-310
-213
221
173
-242
-256
78
136
-135
-203
77
83
-215
-103
96
34
-84
-72
-23
-39
105
26
-208
30
132
-48
-38
-3
-46
1
161
-53
-203
138
67
-140
4
100
-48
-98
127
-28
-172
85
157
-171
-75
183
-37
-162
-61
199
85
-161
-155
-14
259
42
-391
-41
423
-76
-376
159
252
-187
-162
113
223
-46
-289
-39
175
161
-258
-144
291
108
-285
-152
372
115
-228
-49
145
125
-107
-126
160
221
-110
-229
130
405
-181
-443
233
550
24
-566
-89
557
385
-408
-497
488
605
-230
-536
130
653
242
-405
-250
467
477
-219
-275
381
342
-201
-36
259
94
50
156
86
-143
54
317
24
-93
123
76
-121
39
216
47
26
-101
-133
241
243
-238
-274
278
151
-236
-99
56
52
-205
-61
173
-155
-29
30
-209
-110
310
195
-560
-274
347
92
-166
64
-168
-392
97
220
-137
-60
-147
-302
77
157
-112
-223
-31
-49
-107
3
55
-135
-210
-48
-40
30
112
-116
-374
14
429
-20
-425
23
215
-253
-27
247
-246
-271
215
76
-209
191
156
-228
-41
115
-53
61
184
-259
-395
141
346
-44
-317
-204
126
349
45
-416
-143
326
147
-257
-306
161
247
-207
-276
129
273
-150
-182
67
-13
53
115
15
-166
-75
215
-20
-30
95
29
13
-74
23
134
163
-211
-182
277
222
-194
-295
322
289
-198
-290
139
494
-12
-458
-42
535
20
-516
100
314
17
-12
-129
-106
46
231
194
-19
-170
-216
219
454
-127
-417
311
447
-452
-398
396
575
-241
-717
196
608
164
-371
-158
276
245
112
-207
40
179
45
-124
-11
173
133
-37
-277
89
348
185
-239
-133
258
74
51
59
14
117
-113
-255
345
497
-374
-470
380
467
-259
-301
262
244
-214
-213
264
184
-227
-274
50
249
-86
-185
-12
15
-29
-95
-2
152
-48
-386
24
232
-45
-123
-101
-37
-135
100
77
-139
-45
74
-41
-213
107
203
-22
-163
-243
54
196
7
-174
-146
-9
139
60
-289
-49
125
49
-34
-119
-61
8
156
-274
-215
269
12
-254
-182
122
32
-50
-31
-190
7
40
-76
83
86
-325
-177
259
68
-151
-124
-32
63
108
-85
-210
21
191
-43
-208
66
202
-58
-250
-13
440
178
-449
-144
377
169
-233
-130
180
42
-252
-202
253
267
-326
-347
209
443
-146
-525
74
375
-107
-256
146
94
-324
-240
300
322
-54
-268
-329
190
401
-43
-335
-87
136
-148
-110
141
173
-14
-251
-261
111
475
202
-390
-476
186
528
-155
-364
95
158
-29
-179
17
234
78
-102
-170
87
459
53
-395
-148
408
334
-193
-264
-11
248
161
-92
-133
112
222
-91
-247
262
339
-136
-189
-81
90
308
-31
-259
34
174
12
-210
221
231
-185
-12
134
228
160
-202
-52
363
149
-256
28
284
-42
-127
32
101
75
25
-18
-22
-14
18
147
17
-253
-56
203
90
-138
-126
51
116
17
-217
-47
322
45
-380
-64
264
116
-140
-187
64
187
63
-181
-143
281
178
-318
-145
290
158
-227
-190
161
141
-176
-151
109
127
23
-81
-158
-45
188
77
-175
-87
25
-21
-27
-28
-6
93
-88
-195
87
272
-31
-345
2
221
-43
-37
-141
7
191
-292
-230
317
236
-390
-365
297
209
-161
-174
-58
66
28
-78
-122
148
151
-179
-241
33
268
71
-213
-99
179
-96
-124
81
53
110
-172
-274
24
252
56
-347
-162
184
102
-65
-199
27
164
-57
-143
38
127
-37
-108
-83
144
175
-70
-108
-65
62
228
160
-94
-188
44
121
42
142
18
-198
-6
58
-5
201
90
-210
-63
120
48
52
134
4
-153
22
128
76
72
-14
-75
5
186
69
-82
-56
97
135
-67
-57
25
127
120
-118
-166
230
320
-205
-347
89
348
103
-234
-267
9
331
108
-310
-75
285
130
-222
-130
164
178
-9
-215
-43
274
158
-243
-192
139
230
81
-207
-159
113
93
7
1
-12
-104
-79
95
49
92
3
-170
-97
110
186
2
-95
-89
39
116
-60
-121
117
89
-138
-93
71
83
-76
-140
42
104
-27
-102
-120
36
143
29
-114
-113
-13
28
19
51
-46
-157
-79
55
79
9
-35
-117
-95
-37
94
63
-116
-92
-32
-28
44
35
-176
-82
94
-24
-54
35
-57
-228
-44
233
42
-201
-116
29
105
30
-106
-33
70
-41
-131
37
206
4
-249
-129
109
161
-10
-185
-88
87
34
-83
-56
24
-2
-38
-2
0
57
12
-121
-9
120
13
-42
-47
-57
50
76
-47
-111
13
66
-14
23
51
-1
-26
20
63
52
53
-44
-47
55
36
25
-16
2
53
5
-6
106
82
-59
-20
46
69
78
31
-25
28
105
22
-42
85
115
-28
-42
48
60
17
-22
4
59
18
-14
30
47
50
-5
-67
-9
103
67
-23
2
1
-1
48
59
37
9
11
-11
32
59
9
16
-2
-12
6
55
26
-64
4
53
21
1
7
35
30
25
50
53
-34
-73
-9
80
56
-52
-77
-40
6
31
6
-34
-28
-26
-31
-17
9
-13
-30
-29
-54
-16
55
53
-85
-125
41
51
-56
-19
-12
-9
27
-24
-53
13
51
-36
-43
53
21
-62
-25
20
3
13
-36
-33
28
-19
-46
9
25
-40
-75
-51
28
45
-55
-63
-19
-19
-22
5
-4
-20
-19
-37
-22
-2
-13
-33
-28
0
5
13
-9
-35
-19
12
22
-25
-52
-36
-5
-8
-36
-32
-11
-30
-30
-1
-2
5
-30
-78
-39
16
13
-44
-65
-9
6
-37
-31
-42
-19
-19
-41
-26
-36
-58
-64
-24
-11
-48
-79
-58
-29
-67
-48
-6
-33
-45
-47
-35
-4
-2
-28
-30
17
22
-6
9
22
21
13
33
46
19
30
55
47
44
51
51
29
30
73
68
25
13
14
41
41
18
19
18
28
11
1
16
8
-8
-40
-17
24
-2
-12
-1
-17
-20
6
10
11
23
24
19
33
22
11
15
32
66
50
22
-1
18
47
41
26
29
7
-2
15
8
9
-24
-38
-26
-34
-18
-11
-38
-72
-76
-58
-45
-44
-66
-67
-63
-62
-56
-57
-52
-68
-64
-32
-5
-18
-56
-44
21
49
21
51
82
63
74
105
105
96
102
97
98
117
109
71
62
80
68
47
45
46
29
-9
-22
-30
-42
-56
-82
-80
-70
-80
-125
-141
-116
-111
-113
-105
-93
-84
-71
-54
-44
-3
39
20
25
49
78
115
104
96
105
117
113
105
123
132
91
44
34
44
55
4
-56
-48
-55
-93
-126
-147
-131
-146
-195
-221
-187
-164
-192
-203
-163
-105
-99
-86
-67
-41
20
66
68
98
131
157
192
192
195
221
213
189
186
189
189
162
117
73
46
33
-7
-29
-57
-120
-145
-146
-160
-180
-193
-192
-187
-186
-173
-147
-119
-110
-93
-51
-11
35
64
73
106
137
153
179
201
201
201
209
195
182
178
140
118
119
85
45
16
-3
-44
-81
-76
-93
-129
-135
-138
-123
-105
-128
-130
-93
-65
-61
-51
-23
1
30
47
67
92
116
125
127
146
136
133
135
123
112
101
87
67
41
23
26
6
-18
-45
-56
-53
-73
-82
-69
-59
-78
-83
-65
-45
-40
-47
-34
-22
0
3
2
13
18
24
22
16
18
31
12
2
13
12
0
-18
-18
-18
-24
-31
-25
-23
-25
-40
-36
-18
-13
-3
-10
-12
-9
3
6
7
10
10
18
17
19
15
27
21
-6
-7
6
3
-11
-24
-24
-13
-30
-36
-39
-41
-42
-47
-37
-36
-16
0
-6
3
6
6
19
36
23
16
40
48
32
31
36
34
29
25
23
14
7
-8
-18
-16
-27
-50
-52
-58
-67
-78
-85
-73
-84
-78
-75
-74
-70
-65
-57
-64
-49
-39
-39
-30
-10
-1
0
9
13
16
25
24
22
29
27
22
19
21
12
9
6
-7
-10
-6
-7
-5
-9
-15
-12
-11
-9
-4
2
3
6
11
16
9
24
39
41
53
46
54
80
75
65
79
90
80
61
67
83
69
48
39
36
45
34
5
1
7
8
-9
-23
-4
0
-13
-22
-23
-13
-17
-27
-24
-19
-9
-15
-13
-6
0
1
3
14
21
21
15
22
21
17
15
0
-5
-6
-8
-21
-18
-16
-21
-23
-28
-32
-30
-27
-27
-34
-30
-26
-31
-24
-19
-13
-10
-15
-5
9
6
3
8
7
20
26
24
27
32
41
40
36
49
56
43
37
44
45
42
36
34
35
40
41
29
26
32
34
32
21
20
23
13
15
21
24
22
14
8
17
23
16
10
12
13
14
14
11
11
18
10
11
22
19
12
12
12
8
16
9
-6
4
5
-2
-9
-6
-4
-12
-12
-11
-8
-13
-16
-20
-19
-23
-30
-25
-22
-27
-27
-28
-22
-8
-10
-17
-2
2
-3
0
-5
-3
-2
0
-5
-1
3
4
2
-1
-4
-2
-4
-18
-14
0
-8
-19
-19
-18
-18
-14
-16
-23
-24
-20
-23
-20
-21
-24
-20
-19
-20
-22
-14
-16
-23
-18
-17
-16
-8
-13
-22
-19
-14
-10
-15
-18
-16
-11
-8
-8
-16
-8
-5
-15
-10
-4
-3
-11
-8
-4
-5
-2
-4
1
0
-1
2
0
-4
-3
-2
-8
-10
-12
-15
-11
-16
-21
-24
-24
-28
-31
-32
-34
-32
-37
-36
-36
-36
-31
-33
-33
-31
-23
-22
-21
-19
-20
-8
4
-6
-7
2
11
11
9
7
11
26
23
17
30
29
18
20
24
20
21
16
8
16
27
17
9
17
12
16
24
12
14
25
23
22
22
23
18
22
22
24
33
29
16
19
24
24
23
18
12
13
16
10
5
2
0
-2
-2
-5
-7
-5
-18
-18
-7
-14
-21
-24
-29
-19
-16
-23
-22
-22
-20
-18
-19
-17
-22
-25
-24
-22
-16
-16
-19
-20
-22
-20
-17
-9
-15
-17
-13
-9
-9
-14
-17
-15
0
-1
-11
-14
-7
2
-4
-10
-7
-4
-3
-2
-3
3
5
0
-2
2
8
11
6
2
3
8
5
2
8
9
5
1
3
6
9
8
4
3
10
9
5
12
9
7
7
7
10
14
7
8
16
13
9
10
14
9
7
9
8
10
7
-4
0
9
7
1
-2
-1
1
-1
-1
-3
-2
-2
-4
-1
2
4
1
-3
-4
2
-4
-3
1
-2
-1
0
-2
-4
3
2
1
8
8
3
-1
6
11
8
3
2
1
8
4
-1
3
4
3
2
0
2
8
3
-2
2
4
3
1
2
0
-1
-1
0
4
5
7
4
5
6
5
6
3
7
4
0
-1
-4
-1
-1
-1
-5
-8
-7
-9
-9
-6
-7
-14
-13
-13
-8
-10
-12
-16
-14
-15
-16
-12
-16
-14
-17
-14
-15
-13
-16
-18
-14
-11
-11
-13
-11
-14
-12
-7
-8
-7
-7
-10
-9
-3
-1
-5
-5
-1
1
-3
-2
-1
-3
-4
-6
-4
-2
-1
-4
-7
-4
0
0
-3
-4
1
1
-1
-3
-4
-1
-1
-2
0
2
2
3
3
0
6
8
6
6
10
10
8
9
8
11
10
12
8
9
11
7
4
8
9
8
8
9
8
8
9
10
11
9
10
12
9
11
10
11
12
13
13
12
14
10
13
13
10
10
9
11
8
7
9
8
8
6
6
5
6
2
-1
-1
-1
-2
-5
-3
0
-1
-4
-4
-1
-1
-3
-4
-3
0
2
-1
-1
2
3
5
5
4
4
7
7
8
12
11
9
7
6
9
6
5
5
2
0
2
4
3
1
-2
1
-1
-3
-4
-2
0
-4
-4
-4
-3
-5
-7
-4
-3
-4
-4
-4
-5
-2
-3
-2
-3
-5
-6
-6
-3
-2
-5
-5
-7
-6
-8
-8
-10
-11
-7
-6
-8
-7
-3
-5
-6
-4
-6
-4
0
0
0
3
2
2
3
6
8
9
10
7
9
11
12
8
7
7
4
2
0
-2
-3
-4
-9
-8
-10
-10
-11
-11
-10
-13
-13
-9
-10
-15
-14
-11
-8
-11
-9
-5
-4
-1
-2
3
3
2
3
5
7
5
2
1
4
5
4
3
-1
0
-2
-1
0
-2
-3
-4
-2
-3
-3
-3
-6
-7
-6
-4
-2
-4
-5
-1
-2
2
2
2
5
4
5
6
6
6
4
4
8
7
7
5
3
6
6
1
1
2
1
0
-1
-1
0
-3
-7
-6
-7
-5
-7
-6
-5
-5
-3
-4
-3
-3
-2
1
0
-4
1
1
2
1
1
3
4
3
3
7
5
5
6
6
5
7
7
7
5
4
5
7
7
2
2
0
0
1
1
1
0
-1
-2
-2
-3
-3
-4
-6
-5
-3
-3
-5
-3
-3
-1
0
1
2
2
2
4
6
6
5
8
8
9
7
8
10
8
6
5
6
6
4
3
3
0
-2
0
-2
-4
-4
-8
-7
-5
-9
-8
-9
-7
-6
-6
-7
-5
-4
-4
-2
-1
-2
1
1
2
4
4
6
7
8
7
8
8
9
8
6
7
4
3
5
2
2
-2
-3
-2
-2
-3
-5
-6
-4
-4
-8
-7
-6
-7
-6
-5
-5
-3
-3
-4
-1
0
-1
2
1
4
4
4
5
6
6
4
6
6
7
4
4
4
3
1
0
-1
-2
-1
-3
-3
-4
-5
-5
-3
-5
-6
-3
-3
-4
-4
-4
-4
-1
-4
-4
-4
-3
-2
-2
-3
-3
-2
-2
-2
0
0
-1
1
2
0
0
1
2
2
1
1
1
2
2
1
0
-1
-1
-2
-2
-1
0
-1
-4
-2
-2
-2
0
-2
-4
-2
-2
-2
-2
-1
0
-1
-1
-1
-1
-2
-1
-2
-2
0
-1
-1
0
0
-1
2
2
0
0
1
1
3
0
0
1
3
1
2
1
0
1
2
2
2
1
1
3
3
4
3
2
2
1
1
2
2
1
1
1
2
3
3
4
3
3
3
1
1
1
1
2
1
0
1
1
0
0
-1
-1
-1
-1
-1
-3
0
0
0
-1
-1
0
-1
0
-2
-1
-3
-3
-1
0
-2
0
1
0
0
0
1
-1
1
0
-1
-1
-4
-1
1
0
0
1
0
0
0
0
0
-1
-3
-3
-1
0
-3
-1
-1
-1
1
-1
-2
-1
-1
1
-1
-1
0
-2
-2
-2
-2
0
-1
-3
-1
1
0
1
0
0
-1
-1
0
1
-2
-1
0
2
1
1
-1
0
-1
0
0
0
-1
-1
-1
-2
-1
-2
-2
-2
-3
-3
-2
-3
-3
-3
-1
-1
-1
-2
-1
-1
-2
0
0
0
0
1
0
0
0
0
1
1
2
1
2
3
3
2
2
4
2
3
1
2
0
1
0
2
0
0
0
-1
1
0
1
1
0
1
1
3
2
3
2
2
3
1
1
2
1
1
2
3
4
4
3
5
3
3
2
3
3
2
3
2
2
0
1
2
1
-1
0
0
-1
0
0
-1
0
1
0
0
-2
0
-1
0
-2
0
-1
-1
-1
-2
-2
-3
-1
-1
-1
-2
-1
0
-2
-1
-1
-3
-2
-1
0
1
-1
-2
-1
-1
-2
-2
-1
-2
0
-1
-2
-1
-2
-2
-3
-1
-1
-1
-2
-1
-2
1
0
0
-1
-1
-1
0
1
-1
0
-1
-1
-1
0
-2
-4
-1
-1
-2
-1
-1
-1
-1
-1
-1
0
-2
-3
-3
-4
-4
-5
-6
-5
-5
-5
-5
-6
-5
-4
-4
-5
-3
-4
-3
-3
-2
-2
-2
-3
-5
-4
-3
-4
-4
-3
-4
-2
-2
0
1
-1
0
0
1
-1
0
0
0
0
1
0
-1
0
0
0
1
1
0
1
1
1
0
0
-1
1
1
1
2
1
1
0
-1
1
0
2
1
1
2
2
2
1
2
2
4
3
4
3
3
4
5
5
4
2
2
3
5
6
5
6
6
5
6
4
6
5
5
5
6
7
6
5
4
4
3
5
3
3
4
3
5
3
4
5
3
3
3
3
4
3
3
3
3
3
4
3
4
5
6
6
5
5
6
6
7
7
6
5
5
5
4
4
6
4
5
5
4
6
5
3
4
3
4
3
1
1
2
1
0
2
1
0
0
0
-1
0
-2
-3
-2
-2
0
-1
-1
-3
-2
-1
-2
-2
-4
-4
-4
-2
-2
-2
-3
-3
-3
-3
-4
-3
-4
-4
-4
-3
-5
-4
-4
-4
-5
-6
-5
-5
-4
-5
-4
-5
-5
-6
-4
-4
-4
-5
-4
-5
-3
-2
-2
-1
-3
-4
-3
-2
-3
-3
-3
-2
-2
-3
-5
-3
-3
-2
-2
-4
-4
-3
-4
-5
-5
-4
-3
-3
-3
-5
-3
-3
-4
-5
-4
-4
-3
-4
-4
-2
-2
0
-1
-2
0
-1
0
-2
0
1
1
0
1
0
0
1
2
1
2
1
3
2
2
3
1
2
1
1
2
2
0
1
2
0
1
1
0
2
1
1
1
1
1
0
2
1
3
2
2
2
2
2
2
5
1
3
4
3
4
2
3
4
4
2
3
3
2
3
3
2
1
1
2
1
1
2
2
2
3
3
2
2
1
-1
1
1
1
2
2
0
0
2
1
1
1
-1
0
2
2
1
0
1
0
0
0
0
1
1
1
1
-1
-1
-1
-1
-3
-1
-1
0
-2
-1
1
1
0
0
0
-1
-1
0
0
-2
-2
-2
-2
0
-2
-1
-1
-2
-2
-2
0
-1
-2
-3
-1
-3
-3
-3
-2
-2
-3
-2
-3
-3
-3
-4
-3
-3
-3
-2
-3
-2
-3
-2
-2
-3
-2
-2
-2
-3
-2
-4
-3
-2
-3
-4
-3
-3
-4
-5
-4
-4
-6
-4
-5
-5
-6
-5
-3
-4
-2
-3
-3
-3
-2
-1
-2
-1
-1
-1
-1
0
-2
-2
-1
0
0
-1
1
0
3
1
0
2
1
2
2
2
1
1
2
2
3
3
3
3
2
3
4
3
4
5
5
4
4
3
3
4
4
3
6
5
6
5
5
6
4
5
4
4
4
3
2
2
1
0
1
-1
-1
-1
-1
0
-2
-2
-2
-1
-1
-2
-1
-1
0
-1
-1
0
0
1
2
3
3
4
3
2
3
2
3
1
1
1
1
2
2
2
4
4
3
4
3
2
2
-1
0
-1
-2
-2
-2
-2
-5
-3
-4
-4
-3
-4
-3
-2
-2
-3
-2
-3
-2
-1
-2
-1
-1
-1
-2
-2
-3
-3
-3
-4
-3
-4
-4
-4
-4
-4
-4
-3
-5
-2
-4
-2
-2
-1
-1
-1
-1
-1
-1
-1
0
-2
-3
-2
-4
-2
-4
-4
-4
-6
-6
-8
-6
-7
-6
-7
-6
-5
-5
-5
-6
-7
-8
-4
-6
-5
-6
-7
-8
-9
-7
-9
-7
-10
-9
-6
-5
-4
-5
-2
-2
4
3
7
6
4
8
5
9
2
2
-1
-6
-6
-13
-9
-19
-16
-19
-20
-15
-17
-9
-13
-5
-4
4
9
10
17
16
27
21
49
37
24
32
8
25
14
12
-5
-19
-23
-40
-26
-30
-31
-39
-29
-29
-17
-5
-10
9
3
27
32
39
44
30
51
37
49
50
37
33
15
12
4
2
-14
-16
-24
-23
-26
-28
-23
-32
-17
-14
0
10
7
18
20
31
34
42
41
39
36
30
33
22
18
6
3
-4
-8
-11
-21
-21
-29
-21
-20
-15
-9
-7
2
4
15
18
25
26
28
30
29
29
23
19
14
13
8
2
-3
-10
-13
-15
-14
-14
-13
-14
-13
-10
-5
-1
3
9
10
16
18
19
17
19
17
13
13
7
6
-1
-5
-11
-13
-14
-20
-18
-24
-21
-21
-21
-19
-19
-15
-14
-9
-9
-4
-2
-1
0
3
7
2
8
1
2
2
-1
2
-5
-2
-8
-8
-7
-10
-8
-8
-7
-9
-4
-11
-6
-7
-11
-5
-10
-2
-9
-5
-5
-7
-1
-7
3
-4
2
-1
-1
2
-6
3
-2
4
0
-3
-7
-8
-7
-15
-2
-16
-6
-11
-12
-6
-17
-5
-17
-5
-3
-1
1
-3
-3
-8
7
-2
12
3
7
12
-5
14
-6
4
4
0
8
2
2
-6
-1
-13
3
-9
1
7
-11
12
-15
4
1
-4
19
3
13
9
8
6
12
10
17
16
7
20
-2
15
8
-1
13
-3
9
8
-6
2
-2
-7
10
1
8
8
-8
13
-4
5
16
-9
12
4
-4
17
-5
4
6
-8
17
-9
4
13
-18
9
-1
-6
13
-12
0
5
-13
13
-8
-2
17
-21
16
-1
-7
19
-16
13
4
-4
19
-1
10
9
-3
19
9
7
25
-6
16
12
-4
25
-7
15
10
-7
24
-11
3
10
-10
12
1
-1
5
-8
5
-4
-7
15
-16
0
3
-18
11
-12
0
2
-14
7
-17
-1
2
-19
6
-9
-12
5
-18
-5
-1
-14
5
-12
-1
6
-13
7
-8
-4
6
-11
1
-5
-4
5
-11
3
-4
-10
4
-9
-6
-4
-5
0
-10
1
-3
-7
3
-2
-8
5
-2
-6
-2
-4
-1
-10
11
-15
-6
11
-21
10
-11
0
-2
-12
12
-12
4
-3
-11
-6
9
-13
1
2
-20
16
-23
22
-7
-9
21
-31
22
-10
10
8
-16
6
-12
-2
4
8
-16
8
-10
12
6
-2
28
-40
40
0
-3
33
-16
11
-16
21
9
2
15
-3
-14
15
15
-14
35
-24
4
11
-2
35
-30
16
-3
-13
37
-10
20
8
-29
32
5
10
36
-15
17
14
2
31
4
11
8
-14
43
3
-9
27
-39
13
7
-3
27
-27
3
-19
-6
30
-21
1
-6
-35
13
-24
2
16
-61
32
-9
-21
50
-30
-6
-5
-9
16
-7
24
-6
-54
24
-3
-33
45
-25
-29
2
-12
-7
-4
12
-47
-13
15
-30
14
0
-40
-11
-14
9
14
0
2
-44
15
12
-3
49
-31
-22
2
-21
13
6
-22
-27
-27
-1
-5
13
1
-66
15
-6
-12
73
-32
-16
12
-20
44
28
8
-3
-33
33
4
-1
74
-75
-10
29
-49
70
-14
-27
-23
-28
25
-9
42
-23
-40
27
-14
30
60
-35
-10
35
-25
43
44
-16
-22
4
23
-43
60
7
-98
31
6
-53
26
45
-116
0
51
-76
34
29
-28
-60
61
27
-64
81
18
-83
81
82
-88
92
12
-67
38
37
19
-66
56
-73
-67
65
-31
-16
6
-9
-85
38
1
-30
43
-20
20
-2
38
8
-1
21
-21
35
38
7
9
-5
-56
11
2
-14
33
-38
-49
-26
-15
-19
13
0
-42
-5
0
-3
20
22
-24
4
32
6
39
24
-13
-32
9
16
1
36
-38
-36
-17
-28
4
6
-3
-27
-4
-7
2
12
6
-12
11
7
2
48
-23
-7
1
-9
19
10
-3
-15
-8
-18
-5
12
-11
-40
-8
-12
-8
22
7
-30
-8
15
-15
41
21
-25
-5
21
-2
26
45
-24
-2
1
5
18
26
-15
-38
-14
-12
10
19
7
-41
-12
-17
-10
42
7
2
2
5
-10
29
16
-21
31
4
-2
8
5
-40
3
9
-21
32
-21
-4
-51
2
-13
-43
74
-45
18
22
-31
4
-10
11
-16
43
13
7
22
-1
-21
9
43
-30
49
0
-32
5
-48
-19
-16
27
-12
7
11
-60
-13
-17
4
25
47
7
9
20
-33
22
14
34
9
39
26
-39
44
-55
-25
58
-31
33
25
-44
-21
-36
13
10
41
58
-34
11
-3
-35
44
46
3
29
17
-11
-7
4
-19
-6
29
-5
12
-3
-35
-43
-22
6
37
36
24
-1
-38
12
-28
54
24
-1
46
-58
17
-34
-22
13
-27
7
-14
-24
-31
-39
-45
-8
-15
27
-7
-1
-13
-51
5
-20
21
0
24
-17
-32
3
-59
4
-1
-1
5
16
-17
-29
5
-34
25
11
34
-7
-7
13
-45
35
-2
24
4
12
-8
-33
24
-61
22
-16
8
7
-39
24
-60
18
-10
6
24
-14
20
-30
24
-23
5
-9
-18
14
-43
26
-53
-31
-18
-42
2
-25
-10
-61
-8
-43
-16
19
-36
9
-51
6
-19
3
26
-52
11
-41
-16
22
-7
-13
-9
-17
-16
17
-2
-11
-24
7
-26
29
27
-49
10
-59
-11
16
15
37
-11
15
-18
22
63
32
37
61
-8
43
73
-9
74
12
28
51
57
75
1
79
-6
22
103
30
75
44
24
9
43
84
36
103
70
24
74
46
34
53
45
13
25
5
-8
-21
-1
-1
-5
59
-13
35
12
-9
50
2
65
23
51
32
-4
45
-18
50
31
14
36
-16
-4
-45
-22
-25
-46
-19
-60
-68
-42
-63
-50
-6
-38
-14
-23
-15
-4
-18
24
-26
21
-1
-2
9
-23
-13
-54
0
-28
6
-19
-30
-49
-79
0
-28
40
0
13
-21
-20
36
0
74
23
51
-1
52
28
-1
85
-28
66
14
41
32
-14
36
-40
55
36
41
61
43
26
61
93
68
139
93
114
89
96
67
36
89
4
77
45
20
14
-46
12
-31
49
40
-18
13
-62
-31
-9
-6
-1
-33
-44
-54
-60
-64
-61
-121
-115
-115
-117
-102
-138
-158
-216
-178
-163
-144
-107
-135
-189
-212
-180
-230
-161
-167
-215
-189
-233
-212
-221
-173
-162
-191
-96
-125
-138
-50
-106
-80
-30
-48
-10
-5
14
-7
-1
67
25
76
133
51
104
83
78
134
125
197
169
219
247
222
307
312
342
390
411
429
433
422
427
419
439
446
413
