2.360224e+062 8.902067e+058 6.280740e+059 8.182863e+059 9.027164e+058 -6.639730e+059 -3.983303e+059 4.562560e+059 6.792529e+059 1.381821e+059 -2.561919e+059 3.076892e+056 
2.360371e+062 3.315669e+058 4.992792e+059 8.421391e+059 4.270867e+059 -2.832018e+059 -4.584396e+059 -2.272711e+058 3.751472e+059 2.960068e+059 -5.562813e+056 2.507211e+056 
2.361450e+062 4.992412e+057 2.083400e+059 3.949718e+059 2.445864e+059 -1.613136e+059 -3.620056e+059 -2.513970e+059 -5.855676e+058 3.998049e+058 -1.974343e+058 -6.596245e+054 
2.360857e+062 -8.284352e+057 1.243619e+059 2.600582e+059 1.834843e+059 -1.468254e+059 -4.203492e+059 -2.968642e+059 -6.663885e+058 3.255503e+057 -6.733556e+058 -5.677833e+054 
2.361082e+062 -8.960576e+057 1.869809e+059 4.136058e+059 1.707812e+059 -2.261367e+059 -2.708355e+059 -1.349983e+059 2.890273e+058 4.839813e+057 -1.011297e+059 1.542314e+055 
2.362103e+062 1.589372e+058 6.285691e+058 7.127615e+058 -4.973271e+058 -1.553650e+059 -2.562463e+059 -2.727497e+059 -2.672353e+059 -2.855490e+059 -2.123657e+059 -1.206590e+055 
2.361696e+062 3.998671e+058 1.326363e+059 1.482740e+059 -1.095444e+058 -1.559520e+059 -1.865737e+059 -2.239119e+059 -2.114619e+059 -1.370627e+059 -1.241096e+059 -2.568564e+055 
2.361066e+062 7.982586e+058 2.813452e+059 4.414198e+059 2.525215e+059 -1.110383e+059 -1.495804e+059 7.673448e+058 1.482266e+059 -6.634677e+058 -1.616302e+059 -1.558019e+054 
2.361879e+062 7.394350e+057 1.123592e+059 1.863300e+059 1.361672e+058 -2.597393e+059 -3.841790e+059 -3.087625e+059 -1.335239e+059 -1.063922e+059 -1.597385e+059 3.439402e+054 
2.361868e+062 1.351279e+058 1.656138e+059 2.614405e+059 8.211191e+058 -2.468431e+059 -2.786254e+059 -3.902926e+058 6.707982e+057 -1.086885e+059 -1.577480e+059 6.103277e+053 
2.359613e+062 -8.461834e+059 -2.164907e+060 -3.748188e+060 -5.471224e+060 -7.069261e+060 -8.140536e+060 -8.475999e+060 -7.973090e+060 -6.628671e+060 -4.559416e+060 5.589958e+058 
2.355718e+062 -2.198576e+060 -5.503561e+060 -9.299999e+060 -1.301817e+061 -1.613046e+061 -1.817878e+061 -1.876567e+061 -1.762314e+061 -1.466763e+061 -1.003290e+061 3.042909e+059 
2.351018e+062 -3.272804e+060 -7.762521e+060 -1.238860e+061 -1.653281e+061 -1.995475e+061 -2.237985e+061 -2.333488e+061 -2.224784e+061 -1.871023e+061 -1.280568e+061 5.123121e+059 
2.348318e+062 -3.976493e+060 -9.315070e+060 -1.466133e+061 -1.939447e+061 -2.320159e+061 -2.582859e+061 -2.672510e+061 -2.517121e+061 -2.085878e+061 -1.398332e+061 6.895008e+059 
2.337014e+062 -7.283784e+060 -1.731981e+061 -2.752567e+061 -3.603110e+061 -4.163649e+061 -4.348362e+061 -4.104273e+061 -3.448608e+061 -2.489669e+061 -1.422550e+061 1.821717e+060 
2.336499e+062 -7.777339e+060 -1.898023e+061 -3.069819e+061 -4.031790e+061 -4.596201e+061 -4.663473e+061 -4.233717e+061 -3.403324e+061 -2.344831e+061 -1.273783e+061 2.035710e+060 
2.334562e+062 -8.191662e+060 -1.980456e+061 -3.171586e+061 -4.116041e+061 -4.610175e+061 -4.558462e+061 -3.991856e+061 -3.059123e+061 -1.980598e+061 -9.887755e+060 1.916022e+060 
2.337958e+062 -7.161355e+060 -1.720274e+061 -2.730848e+061 -3.506386e+061 -3.893563e+061 -3.840271e+061 -3.384694e+061 -2.637122e+061 -1.757654e+061 -9.206095e+060 1.398840e+060 
2.329703e+062 -9.753554e+060 -2.364035e+061 -3.757602e+061 -4.777053e+061 -5.169853e+061 -4.869537e+061 -3.994507e+061 -2.798006e+061 -1.586355e+061 -6.306280e+060 2.146831e+060 
2.334221e+062 -8.497573e+060 -2.069260e+061 -3.313203e+061 -4.253667e+061 -4.664140e+061 -4.469452e+061 -3.752237e+061 -2.717114e+061 -1.625553e+061 -7.202147e+060 1.804109e+060 
2.340180e+062 -6.866100e+060 -1.695665e+061 -2.768901e+061 -3.648378e+061 -4.137595e+061 -4.143357e+061 -3.691173e+061 -2.905932e+061 -1.969079e+061 -1.065260e+061 1.571140e+060 
2.346126e+062 -5.180354e+060 -1.298848e+061 -2.169418e+061 -2.946690e+061 -3.470208e+061 -3.639700e+061 -3.432924e+061 -2.900649e+061 -2.145963e+061 -1.294659e+061 1.203249e+060 
2.346871e+062 -4.934531e+060 -1.232603e+061 -2.046601e+061 -2.757016e+061 -3.214379e+061 -3.331914e+061 -3.098823e+061 -2.575528e+061 -1.870868e+061 -1.106977e+061 1.006998e+060 
2.346974e+062 -4.810145e+060 -1.179857e+061 -1.911031e+061 -2.491480e+061 -2.784741e+061 -2.735492e+061 -2.375128e+061 -1.808874e+061 -1.175608e+061 -6.050224e+060 6.655718e+059 
2.356571e+062 -2.083356e+060 -5.349649e+060 -9.237122e+060 -1.308034e+061 -1.620299e+061 -1.804589e+061 -1.824371e+061 -1.668906e+061 -1.349370e+061 -8.976650e+060 2.864075e+059 
2.357466e+062 -1.788384e+060 -4.612815e+060 -8.035207e+060 -1.151617e+061 -1.448532e+061 -1.642053e+061 -1.687747e+061 -1.567644e+061 -1.288750e+061 -8.725804e+060 2.338879e+059 
2.357439e+062 -1.493974e+060 -3.796211e+060 -6.562975e+060 -9.453011e+060 -1.179219e+061 -1.311568e+061 -1.318127e+061 -1.194224e+061 -9.639282e+060 -6.444213e+060 1.475689e+059 
2.359881e+062 -3.901366e+059 -8.480660e+059 -1.438210e+060 -2.190435e+060 -2.856647e+060 -3.289554e+060 -3.249507e+060 -2.840247e+060 -2.228308e+060 -1.487246e+060 8.264919e+057 
2.361142e+062 1.458111e+058 1.108821e+059 1.114912e+059 -2.426252e+059 -6.716834e+059 -6.487578e+059 -4.293027e+059 -3.643591e+059 -3.460602e+059 -3.035816e+059 8.660590e+055 
2.361898e+062 -1.058663e+058 6.699930e+058 1.276662e+059 -5.240488e+058 -2.652190e+059 -3.140329e+059 -2.199249e+059 -2.047190e+059 -2.348964e+059 -1.961340e+059 6.847500e+054 
2.361840e+062 2.683555e+058 7.494385e+058 1.232304e+059 -9.980638e+058 -3.223879e+059 -3.002937e+059 -2.574616e+059 -2.645810e+059 -3.320844e+059 -2.756107e+059 -1.201334e+055 
2.361374e+062 3.846857e+058 1.637000e+059 2.259059e+059 1.933380e+059 -4.506881e+058 -2.960947e+059 -2.323261e+059 1.449779e+058 5.318329e+057 -1.432696e+059 -1.778508e+055 
2.360432e+062 8.509640e+058 4.551274e+059 6.491993e+059 3.343229e+059 -9.682835e+058 -3.287793e+059 -1.502742e+059 1.485646e+059 1.649252e+059 1.103704e+058 8.313484e+055 
2.361037e+062 8.494985e+058 3.164200e+059 3.888226e+059 1.472832e+059 -7.928961e+058 -1.696028e+059 -9.306788e+058 4.664238e+058 -2.924315e+058 -1.128597e+059 -1.751526e+055 
2.361666e+062 3.009270e+058 1.180641e+059 2.238175e+059 1.360589e+059 -1.206132e+059 -2.773866e+059 -1.665971e+059 -7.517997e+058 -1.278972e+059 -1.574355e+059 -2.362169e+055 
2.361788e+062 1.108860e+058 1.190451e+059 1.910140e+059 1.355896e+059 -3.844112e+058 -2.409789e+059 -2.722457e+059 -1.285224e+059 -7.215998e+058 -1.169485e+059 -2.582944e+055 
2.361795e+062 -2.793551e+057 1.039518e+059 2.393836e+059 1.288626e+059 -1.411228e+059 -3.342213e+059 -2.570212e+059 -1.330916e+059 -1.002664e+059 -9.804978e+058 -1.661493e+055 
