2.361897e+062 -2.285994e+058 1.178394e+059 2.455862e+059 1.305440e+059 -9.982111e+058 -2.348976e+059 -1.906094e+059 -1.339390e+059 -1.179864e+059 -1.122302e+059 -1.859045e+055 
2.361650e+062 1.004833e+058 1.342689e+059 2.275634e+059 1.749612e+059 8.563934e+057 -2.042247e+059 -2.398955e+059 -9.734451e+058 -4.700746e+058 -9.345955e+058 -2.684318e+055 
2.361065e+062 9.154934e+058 2.652298e+059 4.173044e+059 2.633927e+059 1.871697e+059 2.897559e+058 -1.800465e+059 -5.137479e+058 9.345045e+058 1.706971e+058 -8.655439e+053 
2.361731e+062 1.645524e+058 1.446252e+059 2.631278e+059 1.054681e+059 -8.087516e+058 -1.839466e+059 -1.565925e+059 -8.626488e+058 -4.475700e+058 -9.086112e+058 -1.691054e+055 
2.361825e+062 2.212516e+058 8.920599e+058 1.639190e+059 7.409325e+058 -1.425847e+059 -2.138675e+059 -2.100654e+059 -1.778131e+059 -1.412837e+059 -1.006886e+059 -2.078174e+055 
2.361603e+062 3.893118e+058 1.558649e+059 3.319974e+059 1.468717e+059 -1.091910e+059 -1.630069e+059 -1.063626e+059 8.845824e+057 -4.409224e+058 -1.295973e+059 -1.286812e+055 
2.361600e+062 4.845851e+058 1.810108e+059 2.731804e+059 1.040110e+059 -1.728572e+058 -1.514268e+059 -1.704670e+059 -9.166658e+058 -1.749485e+058 -8.675338e+058 -2.396001e+055 
2.361443e+062 -2.488253e+058 1.294041e+059 3.240796e+059 2.030161e+059 -5.303994e+058 -1.805747e+059 -1.441308e+059 -4.209009e+058 -3.567049e+058 -9.889990e+058 -9.747423e+054 
2.360659e+062 4.712070e+057 4.098638e+059 6.922464e+059 3.307988e+059 -3.396330e+059 -5.484972e+059 -1.021518e+059 3.251481e+059 2.574674e+059 -5.146964e+058 1.937569e+056 
2.361184e+062 1.508965e+058 2.659293e+059 5.148025e+059 3.651368e+059 -4.519964e+058 -2.939966e+059 -1.592796e+059 9.670898e+058 1.159024e+059 -4.298094e+056 2.675642e+055 
2.359020e+062 -1.076104e+060 -2.661617e+060 -4.598083e+060 -6.783062e+060 -8.835635e+060 -1.028558e+061 -1.071029e+061 -1.001591e+061 -8.340074e+060 -5.752259e+060 8.766478e+058 
2.328519e+062 -1.002077e+061 -2.408547e+061 -3.794051e+061 -4.789303e+061 -5.172525e+061 -4.904559e+061 -4.103403e+061 -2.989581e+061 -1.821078e+061 -8.323867e+060 2.294140e+060 
2.327312e+062 -9.022045e+060 -1.924327e+061 -2.605583e+061 -2.779871e+061 -2.587114e+061 -2.299180e+061 -2.096077e+061 -1.955336e+061 -1.708985e+061 -1.211088e+061 9.995030e+059 
2.319457e+062 -9.493730e+060 -1.716377e+061 -1.737514e+061 -1.096017e+061 -3.888379e+060 -2.300360e+060 -7.818059e+060 -1.628054e+061 -2.101433e+061 -1.779994e+061 7.165747e+059 
2.341297e+062 -5.172358e+060 -1.061350e+061 -1.369326e+061 -1.417166e+061 -1.374394e+061 -1.419303e+061 -1.614351e+061 -1.815692e+061 -1.773189e+061 -1.342960e+061 4.782573e+059 
2.349738e+062 -3.643788e+060 -8.676097e+060 -1.359260e+061 -1.766299e+061 -2.075018e+061 -2.263182e+061 -2.339120e+061 -2.251132e+061 -1.919066e+061 -1.338137e+061 5.672721e+059 
2.352134e+062 -3.328519e+060 -8.455431e+060 -1.436176e+061 -2.009765e+061 -2.482211e+061 -2.769246e+061 -2.823696e+061 -2.614774e+061 -2.133223e+061 -1.425246e+061 7.008452e+059 
2.352384e+062 -3.239499e+060 -8.358321e+060 -1.436208e+061 -2.032195e+061 -2.533066e+061 -2.832735e+061 -2.885596e+061 -2.665604e+061 -2.164757e+061 -1.442728e+061 7.155834e+059 
2.352388e+062 -3.368500e+060 -8.689469e+060 -1.505588e+061 -2.141853e+061 -2.668782e+061 -2.987909e+061 -3.036199e+061 -2.786917e+061 -2.253636e+061 -1.493802e+061 7.866080e+059 
2.352259e+062 -3.480593e+060 -8.987216e+060 -1.559765e+061 -2.219923e+061 -2.764806e+061 -3.095055e+061 -3.142481e+061 -2.880255e+061 -2.325859e+061 -1.538634e+061 8.427545e+059 
2.354615e+062 -2.734695e+060 -7.071779e+060 -1.230757e+061 -1.758828e+061 -2.202153e+061 -2.481256e+061 -2.538225e+061 -2.346627e+061 -1.914022e+061 -1.280989e+061 5.387413e+059 
2.354722e+062 -2.612915e+060 -6.755519e+060 -1.176339e+061 -1.680899e+061 -2.103980e+061 -2.369741e+061 -2.420703e+061 -2.233439e+061 -1.819327e+061 -1.216987e+061 4.900168e+059 
2.345001e+062 -4.862324e+060 -1.286040e+061 -2.259558e+061 -3.128639e+061 -3.816036e+061 -4.267514e+061 -4.244570e+061 -3.735256e+061 -2.931111e+061 -1.891157e+061 1.588885e+060 
2.345038e+062 -5.260645e+060 -1.364954e+061 -2.367850e+061 -3.306709e+061 -4.035850e+061 -4.456586e+061 -4.427780e+061 -3.919893e+061 -3.055418e+061 -1.952359e+061 1.759377e+060 
2.345931e+062 -5.193599e+060 -1.338255e+061 -2.305270e+061 -3.225946e+061 -3.942066e+061 -4.328743e+061 -4.282737e+061 -3.797845e+061 -2.960088e+061 -1.881359e+061 1.664160e+060 
2.342500e+062 -6.455547e+060 -1.653026e+061 -2.830225e+061 -3.953290e+061 -4.809485e+061 -5.234379e+061 -5.139012e+061 -4.526732e+061 -3.488884e+061 -2.184907e+061 2.463653e+060 
2.346819e+062 -5.081301e+060 -1.298053e+061 -2.219792e+061 -3.099838e+061 -3.771944e+061 -4.108715e+061 -4.042491e+061 -3.574123e+061 -2.771418e+061 -1.752414e+061 1.509136e+060 
2.356586e+062 -2.102393e+060 -5.450598e+060 -9.517679e+060 -1.366408e+061 -1.720142e+061 -1.950195e+061 -2.009800e+061 -1.874749e+061 -1.545760e+061 -1.047988e+061 3.314301e+059 
2.357339e+062 -1.762200e+060 -4.559643e+060 -7.944026e+060 -1.140270e+061 -1.432945e+061 -1.619570e+061 -1.665482e+061 -1.549917e+061 -1.272670e+061 -8.591060e+060 2.282067e+059 
2.358748e+062 -1.225186e+060 -3.118749e+060 -5.446721e+060 -7.988847e+060 -1.027433e+061 -1.178647e+061 -1.224701e+061 -1.152011e+061 -9.617697e+060 -6.637848e+060 1.178579e+059 
2.360427e+062 -1.689929e+059 -1.443314e+059 -2.101224e+059 -8.131631e+059 -1.543223e+060 -1.833481e+060 -1.707908e+060 -1.456260e+060 -1.283640e+060 -1.005535e+060 1.645473e+057 
2.360846e+062 -3.410406e+058 9.569409e+058 3.305092e+059 3.607032e+058 -2.507732e+059 -2.189984e+059 -2.174866e+059 -1.247516e+059 -2.303931e+059 -2.993827e+059 -5.859875e+053 
2.360922e+062 4.108478e+057 2.412392e+059 4.413165e+059 3.210646e+059 2.845147e+058 -2.332164e+059 -2.517992e+059 -5.996847e+058 1.168537e+058 -1.013144e+059 -3.361730e+055 
2.361742e+062 -2.328305e+058 9.713165e+058 2.246723e+059 1.372877e+059 -1.128876e+059 -2.795467e+059 -2.144741e+059 -1.029143e+059 -6.661467e+058 -1.048205e+059 -9.360362e+054 
2.361651e+062 3.580035e+058 1.665452e+059 2.487893e+059 1.785526e+059 -9.586468e+058 -2.845727e+059 -1.508439e+059 1.840869e+058 -3.921653e+058 -1.256543e+059 -1.186602e+055 
2.361459e+062 2.247785e+058 1.675591e+059 2.519293e+059 1.229055e+059 2.771079e+058 -1.688469e+059 -1.902012e+059 -4.036721e+058 -1.802111e+058 -6.804715e+058 -1.654800e+055 
2.359233e+062 2.121849e+059 5.541541e+059 6.847188e+059 8.815752e+059 9.118882e+059 2.885689e+059 -7.524627e+058 3.200631e+059 5.224202e+059 1.640844e+059 3.888486e+056 
2.361586e+062 3.314785e+058 2.205558e+059 3.082308e+059 1.201956e+059 -5.468359e+058 -1.936499e+059 -1.418422e+059 -3.424796e+058 -5.028512e+058 -9.555182e+058 -1.960615e+055 
2.359470e+062 2.609730e+058 8.222956e+059 1.473659e+060 9.918379e+059 -1.355815e+059 -6.468740e+059 -4.441864e+058 7.763188e+059 8.217082e+059 2.186559e+059 9.167086e+056 
