1.000000e-030   1.333333e-001   1.000000e-030   1.000000e-030   1.000000e-030   1.000000e-030   1.000000e-030   1.000000e-030   1.000000e-030   1.000000e-030   1.000000e-030   1.333333e-001   1.000000e-030   4.000000e-001   1.000000e-030   1.000000e-030   2.988753e-243   1.333333e-001   1.000000e-030   1.000000e-030   1.000000e-030   4.099366e-228   1.000000e-030   1.000000e-030   2.208592e-242   1.000000e-030   1.000000e-030   1.000000e-030   6.666667e-002   1.333333e-001   1.000000e-030   1.452293e-243   

1.000000e-030   2.526424e-260   1.000000e-030   1.000000e-030   1.000000e-030   6.289311e-240   1.000000e-030   1.000000e-030   1.000000e-030   1.301315e-313   1.000000e-030   5.055622e-246   1.000000e-030   3.931490e-261   8.308190e-238   2.911718e-240   5.333333e-001   3.547528e-227   1.000000e-030   1.000000e-030   1.000000e-030   1.000000e-030   1.000000e-030   1.000000e-030   1.333333e-001   1.000000e-030   1.000000e-030   1.000000e-030   6.666667e-002   2.186328e-259   1.000000e-030   2.666667e-001   

1.000000e-030   7.287762e-290   1.000000e-030   1.000000e-030   1.000000e-030   3.333333e-001   3.778187e-235   3.054484e-234   1.000000e-030   3.333333e-001   1.000000e-030   3.373556e-292   2.260681e-233   9.394554e-291   1.532659e-075   3.333333e-001   7.477004e-240   8.868820e-227   1.487682e-269   1.000000e-030   1.000000e-030   1.000000e-030   1.000000e-030   1.000000e-030   1.000000e-030   1.000000e-030   1.000000e-030   1.000000e-030   2.272702e-322   1.000000e-030   1.000000e-030   1.000000e-030   

1.000000e-030   1.000000e-030   1.000000e-030   2.842781e-229   1.000000e-030   1.446032e-001   1.446032e-001   1.446032e-001   1.000000e-030   1.734991e-092   1.000000e-030   1.383384e-322   1.446032e-001   1.175876e-320   2.892064e-001   1.000000e-030   1.000000e-030   3.852201e-227   1.323808e-001   9.864798e-039   1.000000e-030   2.835402e-228   1.000000e-030   1.000000e-030   1.000000e-030   1.000000e-030   1.000000e-030   1.000000e-030   4.940656e-323   1.000000e-030   1.000000e-030   1.000000e-030   

1.000000e-030   1.000000e-030   1.000000e-030   1.236931e-001   1.000000e-030   1.000000e-030   1.000000e-030   1.000000e-030   1.000000e-030   1.000000e-030   1.000000e-030   1.000000e-030   1.501424e-233   1.000000e-030   4.322653e-272   1.000000e-030   1.000000e-030   3.710794e-001   1.045504e-002   1.236931e-001   1.000000e-030   3.710794e-001   1.000000e-030   1.000000e-030   1.000000e-030   1.000000e-030   1.000000e-030   1.000000e-030   1.000000e-030   1.000000e-030   1.000000e-030   1.000000e-030   

