2.363291e+062 -3.829955e+058 -1.005791e+059 -1.784373e+059 -2.609252e+059 -3.360072e+059 -3.914255e+059 -4.161928e+059 -4.022632e+059 -3.449000e+059 -2.442043e+059 1.312633e+056 
2.363291e+062 -3.814992e+058 -1.001558e+059 -1.776257e+059 -2.599197e+059 -3.347983e+059 -3.900723e+059 -4.148936e+059 -4.009429e+059 -3.438475e+059 -2.434236e+059 1.303141e+056 
2.363290e+062 -3.845715e+058 -1.009078e+059 -1.789644e+059 -2.619169e+059 -3.372496e+059 -3.929113e+059 -4.178994e+059 -4.038671e+059 -3.464115e+059 -2.452066e+059 1.322624e+056 
2.363291e+062 -3.836384e+058 -1.006676e+059 -1.786041e+059 -2.614596e+059 -3.367267e+059 -3.922739e+059 -4.171392e+059 -4.031859e+059 -3.458400e+059 -2.447972e+059 1.317799e+056 
2.363291e+062 -3.828996e+058 -1.005084e+059 -1.783322e+059 -2.608738e+059 -3.360300e+059 -3.916309e+059 -4.164066e+059 -4.023961e+059 -3.450894e+059 -2.442678e+059 1.312815e+056 
2.363288e+062 -3.823650e+058 -1.002472e+059 -1.781739e+059 -2.608839e+059 -3.356465e+059 -3.911763e+059 -4.163203e+059 -4.023720e+059 -3.449185e+059 -2.443056e+059 1.310825e+056 
2.363211e+062 -3.667806e+058 -9.184324e+058 -1.588243e+059 -2.358701e+059 -3.112185e+059 -3.796677e+059 -4.019977e+059 -3.896671e+059 -3.342891e+059 -2.356175e+059 1.162807e+056 
2.362370e+062 1.963592e+058 6.510510e+058 7.736246e+058 -1.017737e+059 -1.352813e+059 -2.824637e+059 -2.391930e+059 -1.752140e+059 -1.752328e+059 -1.261344e+059 -1.232366e+054 
2.361030e+062 1.509935e+059 2.613615e+059 3.505850e+059 2.476547e+059 7.320480e+058 -2.262188e+058 1.491013e+059 9.308502e+058 1.620122e+058 -1.903319e+058 2.015962e+055 
2.359908e+062 2.103250e+059 2.057340e+059 4.862240e+059 4.325723e+059 5.736898e+059 3.722246e+059 4.672751e+059 3.057076e+059 9.260374e+058 1.360044e+059 2.326701e+056 
2.355510e+062 -4.097046e+057 -4.737046e+058 9.954492e+059 1.882558e+060 2.314867e+060 2.778851e+060 2.916299e+060 1.603214e+060 7.002327e+059 1.158061e+059 3.732498e+057 
2.349966e+062 -2.900586e+059 4.559046e+059 2.375067e+060 3.532884e+060 3.985697e+060 3.804541e+060 4.168059e+060 3.239206e+060 2.206782e+060 8.985107e+059 1.109607e+058 
2.361270e+062 -2.760512e+059 -4.923549e+059 -5.105143e+059 -3.620685e+059 6.130721e+058 4.172400e+059 6.666454e+059 6.550911e+059 4.477170e+059 1.818188e+059 -4.328615e+056 
2.301857e+062 -1.453576e+061 -3.027192e+061 -4.024822e+061 -4.101452e+061 -3.223993e+061 -1.811991e+061 -5.021211e+060 3.008485e+060 5.566983e+060 4.312669e+060 2.266646e+058 
2.250516e+062 -2.442506e+061 -4.711231e+061 -5.638932e+061 -4.773490e+061 -2.267711e+061 5.918442e+060 2.142585e+061 1.947633e+061 9.110590e+060 7.982074e+059 -1.149140e+060 
2.215333e+062 -2.931334e+061 -4.987316e+061 -4.564207e+061 -1.931874e+061 1.621496e+061 3.763862e+061 3.024455e+061 4.956864e+060 -1.637507e+061 -1.961810e+061 1.413338e+060 
2.258598e+062 -1.371266e+061 -1.376889e+061 -6.435140e+059 1.150756e+061 1.364669e+061 2.792891e+060 -1.421913e+061 -2.294024e+061 -1.828146e+061 -8.044709e+060 3.770847e+059 
2.269087e+062 -7.124844e+060 2.949595e+060 2.095533e+061 2.557318e+061 1.338825e+061 -7.687356e+060 -2.142560e+061 -1.862508e+061 -6.093583e+060 2.551775e+060 -4.032179e+059 
2.298194e+062 -3.644938e+060 5.110911e+060 1.834932e+061 1.841215e+061 6.000919e+060 -1.005456e+061 -1.594529e+061 -9.254935e+060 -2.358934e+059 3.127082e+060 -1.945914e+059 
2.330501e+062 -1.702406e+060 2.419151e+060 7.981279e+060 6.603244e+060 -6.605403e+059 -9.153521e+060 -1.175278e+061 -7.095611e+060 -1.336319e+060 6.188160e+059 -4.739775e+058 
2.342801e+062 -1.702171e+060 2.039219e+057 3.459616e+060 3.636467e+060 -4.532559e+059 -6.803518e+060 -1.002688e+061 -8.012166e+060 -3.456028e+060 -5.052858e+059 -1.895725e+058 
2.353678e+062 -9.363404e+059 -4.110450e+059 1.162324e+060 1.075612e+060 -1.083645e+060 -4.320444e+060 -5.791781e+060 -4.490186e+060 -2.197126e+060 -5.730117e+059 -1.044664e+057 
2.362013e+062 -1.898870e+059 -4.049011e+059 -6.171050e+059 -1.025523e+060 -1.210440e+060 -1.634543e+060 -1.606998e+060 -1.537712e+060 -1.189339e+060 -7.616509e+059 1.910893e+057 
2.363074e+062 -5.477360e+058 -1.151576e+059 -1.778476e+059 -2.878929e+059 -3.774148e+059 -5.027386e+059 -5.220836e+059 -4.971145e+059 -3.988613e+059 -2.669565e+059 1.810701e+056 
2.363252e+062 -4.553299e+058 -1.127937e+059 -1.925908e+059 -2.821327e+059 -3.676294e+059 -4.390346e+059 -4.711490e+059 -4.539353e+059 -3.839534e+059 -2.672252e+059 1.625108e+056 
2.363289e+062 -3.903713e+058 -1.018975e+059 -1.799856e+059 -2.635344e+059 -3.390554e+059 -3.958274e+059 -4.208981e+059 -4.065856e+059 -3.483287e+059 -2.461274e+059 1.341329e+056 
2.363291e+062 -3.826158e+058 -1.004297e+059 -1.781437e+059 -2.607564e+059 -3.356622e+059 -3.912608e+059 -4.162222e+059 -4.021691e+059 -3.449998e+059 -2.442142e+059 1.311024e+056 
2.363291e+062 -3.830295e+058 -1.003502e+059 -1.779879e+059 -2.601547e+059 -3.346284e+059 -3.896464e+059 -4.144603e+059 -4.006882e+059 -3.436707e+059 -2.433237e+059 1.303922e+056 
2.363289e+062 -3.820489e+058 -1.002745e+059 -1.777159e+059 -2.599633e+059 -3.347728e+059 -3.898935e+059 -4.145929e+059 -4.007042e+059 -3.436539e+059 -2.433146e+059 1.303091e+056 
2.363289e+062 -3.819052e+058 -1.002315e+059 -1.776379e+059 -2.598448e+059 -3.344956e+059 -3.893002e+059 -4.140256e+059 -4.000471e+059 -3.428936e+059 -2.427963e+059 1.300171e+056 
2.363289e+062 -3.828566e+058 -1.005023e+059 -1.783553e+059 -2.607365e+059 -3.357738e+059 -3.911347e+059 -4.158776e+059 -4.018651e+059 -3.446279e+059 -2.439208e+059 1.310689e+056 
2.363289e+062 -3.835817e+058 -1.006358e+059 -1.784913e+059 -2.610322e+059 -3.360478e+059 -3.914591e+059 -4.162311e+059 -4.021568e+059 -3.447225e+059 -2.440457e+059 1.313029e+056 
2.363291e+062 -3.835631e+058 -1.005802e+059 -1.781963e+059 -2.604571e+059 -3.351325e+059 -3.901834e+059 -4.146434e+059 -4.007162e+059 -3.436953e+059 -2.434156e+059 1.306528e+056 
