2.363290e+062 -3.831398e+058 -1.003972e+059 -1.780724e+059 -2.608123e+059 -3.361943e+059 -3.915861e+059 -4.161805e+059 -4.021197e+059 -3.449304e+059 -2.443274e+059 1.311888e+056 
2.363289e+062 -3.832078e+058 -1.000522e+059 -1.775954e+059 -2.606707e+059 -3.364670e+059 -3.919482e+059 -4.160421e+059 -4.016919e+059 -3.447040e+059 -2.444146e+059 1.310287e+056 
2.363290e+062 -3.827797e+058 -1.003211e+059 -1.779258e+059 -2.604084e+059 -3.356129e+059 -3.909209e+059 -4.156679e+059 -4.015283e+059 -3.443794e+059 -2.438583e+059 1.308254e+056 
2.363290e+062 -3.821911e+058 -1.002308e+059 -1.778089e+059 -2.603702e+059 -3.354114e+059 -3.906799e+059 -4.154310e+059 -4.012918e+059 -3.442529e+059 -2.437582e+059 1.306669e+056 
2.363290e+062 -3.838626e+058 -1.006728e+059 -1.784972e+059 -2.610956e+059 -3.361578e+059 -3.914037e+059 -4.160236e+059 -4.019677e+059 -3.445970e+059 -2.439059e+059 1.312917e+056 
2.363289e+062 -3.830555e+058 -1.004082e+059 -1.781840e+059 -2.609516e+059 -3.362210e+059 -3.916541e+059 -4.162805e+059 -4.021156e+059 -3.450174e+059 -2.444335e+059 1.312500e+056 
2.363273e+062 -3.767492e+058 -9.751582e+058 -1.749006e+059 -2.584280e+059 -3.346894e+059 -3.908240e+059 -4.130709e+059 -4.000243e+059 -3.422537e+059 -2.438957e+059 1.286786e+056 
2.363011e+062 -1.936796e+058 -4.860926e+058 -1.054934e+059 -1.995989e+059 -2.947263e+059 -3.595336e+059 -3.467917e+059 -3.462258e+059 -2.917490e+059 -2.125107e+059 7.678524e+055 
2.362310e+062 1.934101e+058 2.790137e+058 4.561147e+058 -4.177910e+058 -6.610262e+058 -2.128004e+059 -1.896172e+059 -2.116333e+059 -1.770409e+059 -1.278923e+059 -5.938713e+054 
2.360287e+062 4.139766e+058 3.680172e+058 3.136137e+059 4.527973e+059 5.301418e+059 5.381464e+059 5.931712e+059 3.822982e+059 2.423276e+059 8.840860e+058 2.050999e+056 
2.355727e+062 1.102837e+059 6.891218e+059 1.683861e+060 1.458570e+060 1.696330e+060 9.146192e+059 1.482798e+060 1.532776e+060 1.361238e+060 7.099242e+059 2.766893e+057 
2.360027e+062 -2.176481e+059 -2.275673e+059 8.233501e+058 3.282426e+059 7.248841e+059 9.260656e+059 1.028929e+060 7.987234e+059 4.635672e+059 9.821525e+058 1.752902e+056 
2.312482e+062 -1.254211e+061 -2.657314e+061 -3.549310e+061 -3.586885e+061 -2.799416e+061 -1.577766e+061 -4.316259e+060 2.920878e+060 5.193229e+060 3.814994e+060 -5.924130e+057 
2.284217e+062 -1.818422e+061 -3.635051e+061 -4.478983e+061 -4.038706e+061 -2.605423e+061 -1.046807e+061 -1.777447e+060 -8.338397e+059 -3.216416e+060 -4.262702e+060 4.342550e+059 
2.259643e+062 -2.092167e+061 -3.538962e+061 -3.132519e+061 -1.080928e+061 1.399730e+061 2.708281e+061 2.061117e+061 2.241170e+060 -1.301479e+061 -1.560402e+061 8.976228e+059 
2.296277e+062 -7.900043e+060 -7.265423e+060 1.232067e+060 8.479366e+060 1.113225e+061 5.167665e+060 -5.664422e+060 -1.156090e+061 -8.834120e+060 -2.616484e+060 8.213819e+058 
2.320723e+062 -4.492486e+060 -4.401952e+060 -1.305355e+060 -1.743549e+060 -3.519351e+060 -8.642319e+060 -1.292184e+061 -1.213709e+061 -7.151390e+060 -1.456564e+060 5.520042e+058 
2.325530e+062 -3.282640e+060 -7.276662e+059 6.475735e+060 9.102878e+060 6.617637e+060 -2.466197e+060 -1.025938e+061 -1.076412e+061 -6.303605e+060 -8.859946e+059 -4.998937e+058 
2.333749e+062 -3.220544e+060 -2.440678e+060 2.015460e+060 3.523087e+060 4.542990e+059 -7.455974e+060 -1.431267e+061 -1.439546e+061 -9.208816e+060 -3.082868e+060 7.405719e+057 
2.343864e+062 -2.846442e+060 -3.786215e+060 -2.812914e+060 -3.244234e+060 -6.472064e+060 -1.184117e+061 -1.538021e+061 -1.407898e+061 -9.185327e+060 -4.013957e+060 9.440642e+058 
2.356775e+062 -1.452259e+060 -3.011078e+060 -4.152559e+060 -5.176371e+060 -6.095584e+060 -7.169080e+060 -7.797525e+060 -7.381752e+060 -5.861968e+060 -3.543141e+060 5.589955e+058 
2.362050e+062 -3.489639e+059 -7.944702e+059 -1.217935e+060 -1.620813e+060 -1.950757e+060 -2.212424e+060 -2.312118e+060 -2.150809e+060 -1.738389e+060 -1.118846e+060 4.790072e+057 
2.363151e+062 -7.737418e+058 -1.933306e+059 -3.240013e+059 -4.642476e+059 -5.843743e+059 -6.759533e+059 -7.179641e+059 -6.844543e+059 -5.771862e+059 -3.961408e+059 4.084720e+056 
2.363239e+062 -5.230116e+058 -1.328429e+059 -2.295015e+059 -3.309672e+059 -4.242527e+059 -4.945610e+059 -5.255875e+059 -5.047721e+059 -4.272691e+059 -2.970959e+059 2.122398e+056 
2.363283e+062 -3.979461e+058 -1.040693e+059 -1.842693e+059 -2.694865e+059 -3.465857e+059 -4.039045e+059 -4.297119e+059 -4.152234e+059 -3.557327e+059 -2.514871e+059 1.399830e+056 
2.363288e+062 -3.851095e+058 -1.010498e+059 -1.791375e+059 -2.620684e+059 -3.374726e+059 -3.931620e+059 -4.182410e+059 -4.041426e+059 -3.465736e+059 -2.452979e+059 1.324690e+056 
2.363290e+062 -3.818182e+058 -1.003742e+059 -1.780963e+059 -2.606139e+059 -3.355976e+059 -3.909793e+059 -4.157935e+059 -4.019662e+059 -3.446522e+059 -2.439977e+059 1.309158e+056 
2.363290e+062 -3.836480e+058 -1.007905e+059 -1.787328e+059 -2.615267e+059 -3.367864e+059 -3.922323e+059 -4.171676e+059 -4.031609e+059 -3.457228e+059 -2.447512e+059 1.318284e+056 
2.363291e+062 -3.822651e+058 -1.003745e+059 -1.779953e+059 -2.604932e+059 -3.354490e+059 -3.908301e+059 -4.157771e+059 -4.017602e+059 -3.445763e+059 -2.439599e+059 1.308565e+056 
2.363291e+062 -3.822206e+058 -1.004357e+059 -1.781628e+059 -2.606228e+059 -3.356657e+059 -3.910622e+059 -4.158930e+059 -4.019380e+059 -3.446862e+059 -2.440196e+059 1.309821e+056 
2.363290e+062 -3.811158e+058 -1.001768e+059 -1.777183e+059 -2.600232e+059 -3.349039e+059 -3.903416e+059 -4.149943e+059 -4.010704e+059 -3.440853e+059 -2.435767e+059 1.304033e+056 
2.363289e+062 -3.817615e+058 -1.006196e+059 -1.786361e+059 -2.608740e+059 -3.362853e+059 -3.921234e+059 -4.166889e+059 -4.026424e+059 -3.456217e+059 -2.446098e+059 1.314661e+056 
