2.363290e+062 -3.795999e+058 -9.969857e+058 -1.767696e+059 -2.587492e+059 -3.331902e+059 -3.879917e+059 -4.127862e+059 -3.990067e+059 -3.421129e+059 -2.422248e+059 1.290427e+056 
2.363290e+062 -3.835335e+058 -1.005669e+059 -1.783193e+059 -2.609141e+059 -3.359229e+059 -3.912475e+059 -4.160578e+059 -4.020767e+059 -3.449501e+059 -2.441742e+059 1.312209e+056 
2.363290e+062 -3.830026e+058 -1.004904e+059 -1.781587e+059 -2.606784e+059 -3.356500e+059 -3.908207e+059 -4.157869e+059 -4.019083e+059 -3.447664e+059 -2.441187e+059 1.310173e+056 
2.363289e+062 -3.836957e+058 -1.006221e+059 -1.784740e+059 -2.609409e+059 -3.359773e+059 -3.912731e+059 -4.161147e+059 -4.021653e+059 -3.448330e+059 -2.441887e+059 1.312790e+056 
2.363290e+062 -3.834231e+058 -1.006512e+059 -1.785606e+059 -2.612473e+059 -3.363279e+059 -3.918953e+059 -4.166509e+059 -4.027300e+059 -3.453848e+059 -2.445072e+059 1.315462e+056 
2.363290e+062 -3.829391e+058 -1.005615e+059 -1.783219e+059 -2.608538e+059 -3.358844e+059 -3.912007e+059 -4.161206e+059 -4.021708e+059 -3.449552e+059 -2.442319e+059 1.311941e+056 
2.363289e+062 -3.827486e+058 -1.005081e+059 -1.782440e+059 -2.609208e+059 -3.357899e+059 -3.912376e+059 -4.160745e+059 -4.020603e+059 -3.449516e+059 -2.441433e+059 1.311453e+056 
2.363291e+062 -3.818233e+058 -1.002532e+059 -1.777008e+059 -2.600420e+059 -3.346754e+059 -3.898873e+059 -4.146473e+059 -4.007294e+059 -3.436640e+059 -2.432440e+059 1.302925e+056 
2.363289e+062 -3.839272e+058 -1.007561e+059 -1.788066e+059 -2.614995e+059 -3.367665e+059 -3.923976e+059 -4.172511e+059 -4.031948e+059 -3.457843e+059 -2.448355e+059 1.318718e+056 
2.363286e+062 -3.809256e+058 -1.006425e+059 -1.780897e+059 -2.608350e+059 -3.354045e+059 -3.910244e+059 -4.160535e+059 -4.020087e+059 -3.451166e+059 -2.443731e+059 1.310279e+056 
2.354289e+062 5.728047e+059 5.767361e+059 1.763907e+060 2.133316e+060 2.840546e+060 2.273486e+060 1.516579e+060 1.289717e+060 -2.685682e+059 1.965925e+059 3.477554e+057 
2.294658e+062 -4.619418e+057 7.068392e+060 1.682439e+061 2.082641e+061 2.668150e+061 2.864233e+061 1.897339e+061 3.810165e+060 -4.383291e+060 6.021198e+059 3.027035e+059 
2.318389e+062 2.834496e+060 1.135990e+061 1.150007e+061 1.736631e+060 3.566888e+060 1.473133e+061 1.770898e+061 7.909236e+060 -9.578864e+059 9.150920e+059 5.138774e+058 
1.919430e+062 3.450227e+061 1.236202e+062 1.122287e+062 2.389885e+061 4.716082e+061 1.669038e+062 2.081353e+062 1.357926e+062 7.150484e+061 6.968996e+061 1.630657e+061 
2.310644e+062 1.527100e+060 9.810486e+060 1.315213e+061 8.845203e+060 1.165113e+061 2.044078e+061 1.999546e+061 8.000354e+060 -8.475706e+059 9.120101e+059 1.440114e+059 
2.329171e+062 -2.365355e+060 2.343950e+059 4.647168e+060 5.431901e+060 3.755658e+060 -1.484040e+060 -8.498181e+060 -1.330924e+061 -1.121497e+061 -4.274624e+060 -2.177263e+058 
2.262154e+062 -7.826848e+060 2.396592e+060 2.167012e+061 2.911902e+061 2.022720e+061 -4.071941e+060 -2.898176e+061 -3.718492e+061 -2.353575e+061 -4.135161e+060 -5.856410e+059 
2.258989e+062 -5.155031e+060 7.321858e+060 2.422151e+061 2.095052e+061 6.008833e+060 -1.701890e+061 -3.200199e+061 -3.098192e+061 -1.647140e+061 -1.208333e+060 -6.107471e+059 
2.288510e+062 -4.605572e+060 2.812052e+060 1.299200e+061 1.136822e+061 4.382648e+059 -1.548857e+061 -2.903895e+061 -3.073292e+061 -1.919699e+061 -5.426891e+060 -2.502791e+059 
2.303095e+062 -2.316116e+060 3.087725e+060 7.182561e+060 -1.982465e+060 -1.192061e+061 -1.836634e+061 -2.216316e+061 -2.170204e+061 -1.658632e+061 -7.910101e+060 5.646121e+057 
2.314601e+062 -1.664352e+060 2.776394e+060 4.588418e+060 -3.269658e+060 -1.043409e+061 -1.411746e+061 -1.780829e+061 -1.874556e+061 -1.430727e+061 -6.715093e+060 1.370828e+058 
2.340507e+062 -1.065489e+060 -1.739041e+059 4.601668e+059 -3.196111e+060 -5.953633e+060 -8.404837e+060 -1.116237e+061 -1.152425e+061 -8.709038e+060 -4.197825e+060 2.993774e+058 
2.349130e+062 -6.007019e+059 5.360951e+059 1.682569e+060 2.049607e+059 -1.877690e+060 -3.633608e+060 -5.772865e+060 -5.899307e+060 -3.904488e+060 -1.490943e+060 -2.263219e+057 
2.358842e+062 -2.058830e+059 -1.569899e+058 3.710926e+059 -5.054668e+059 -1.384313e+060 -2.264837e+060 -2.541718e+060 -1.777891e+060 -1.158769e+060 -6.024809e+059 1.120255e+057 
2.360179e+062 -4.237327e+059 -6.907969e+059 -9.742993e+059 -1.773656e+060 -2.815015e+060 -3.793025e+060 -4.077198e+060 -3.564913e+060 -2.644757e+060 -1.667626e+060 8.561759e+057 
2.362022e+062 -2.415527e+059 -5.448593e+059 -8.839262e+059 -1.373646e+060 -1.813393e+060 -2.221499e+060 -2.321052e+060 -2.105968e+060 -1.681359e+060 -1.110680e+060 3.725486e+057 
2.362831e+062 -1.499566e+059 -3.777020e+059 -6.510745e+059 -9.425689e+059 -1.197738e+060 -1.381201e+060 -1.432377e+060 -1.337666e+060 -1.097571e+060 -7.418116e+059 1.609211e+057 
2.363179e+062 -6.418643e+058 -1.660285e+059 -2.917043e+059 -4.231366e+059 -5.407284e+059 -6.242659e+059 -6.551759e+059 -6.231565e+059 -5.240062e+059 -3.637175e+059 3.330145e+056 
2.363271e+062 -4.085757e+058 -1.070308e+059 -1.893627e+059 -2.768093e+059 -3.564233e+059 -4.147255e+059 -4.406305e+059 -4.248146e+059 -3.630859e+059 -2.564516e+059 1.472725e+056 
2.363276e+062 -4.067463e+058 -1.065006e+059 -1.888282e+059 -2.761360e+059 -3.557009e+059 -4.143970e+059 -4.403495e+059 -4.251271e+059 -3.639871e+059 -2.573639e+059 1.469163e+056 
2.363287e+062 -3.826823e+058 -1.004283e+059 -1.782617e+059 -2.606912e+059 -3.357012e+059 -3.911161e+059 -4.159483e+059 -4.020025e+059 -3.447233e+059 -2.441075e+059 1.310500e+056 
2.363290e+062 -3.822599e+058 -1.003688e+059 -1.780389e+059 -2.604282e+059 -3.354280e+059 -3.908252e+059 -4.157313e+059 -4.017724e+059 -3.445483e+059 -2.438838e+059 1.308419e+056 
2.363290e+062 -3.833685e+058 -1.006435e+059 -1.785893e+059 -2.613516e+059 -3.366490e+059 -3.921533e+059 -4.171492e+059 -4.032565e+059 -3.457362e+059 -2.447543e+059 1.317252e+056 
2.363290e+062 -3.829680e+058 -1.005532e+059 -1.782863e+059 -2.608688e+059 -3.359748e+059 -3.914044e+059 -4.163129e+059 -4.024002e+059 -3.450823e+059 -2.443344e+059 1.312609e+056 
2.363290e+062 -3.830665e+058 -1.005383e+059 -1.782986e+059 -2.609435e+059 -3.360226e+059 -3.914219e+059 -4.163156e+059 -4.022631e+059 -3.450078e+059 -2.442416e+059 1.312578e+056 
2.363291e+062 -3.817091e+058 -1.001081e+059 -1.776531e+059 -2.598610e+059 -3.345750e+059 -3.898887e+059 -4.145678e+059 -4.007016e+059 -3.436471e+059 -2.432864e+059 1.302099e+056 
2.363291e+062 -3.817277e+058 -1.002327e+059 -1.778041e+059 -2.603367e+059 -3.351852e+059 -3.905120e+059 -4.153683e+059 -4.014144e+059 -3.443008e+059 -2.436913e+059 1.306086e+056 
