2.363059e+062 -3.480647e+058 -8.269487e+058 -1.420174e+059 -2.174966e+059 -2.887418e+059 -3.552602e+059 -3.905875e+059 -3.761313e+059 -3.185223e+059 -2.268079e+059 1.020926e+056 
2.363070e+062 -3.277019e+058 -8.483661e+058 -1.448493e+059 -2.166631e+059 -3.036420e+059 -3.691550e+059 -3.925735e+059 -3.680183e+059 -3.160878e+059 -2.318478e+059 1.041791e+056 
2.363052e+062 -2.531677e+058 -8.172153e+058 -1.334614e+059 -2.004818e+059 -2.903757e+059 -3.439505e+059 -3.723704e+059 -3.726625e+059 -3.150783e+059 -2.148794e+059 9.215176e+055 
2.363078e+062 -3.318942e+058 -8.515915e+058 -1.458524e+059 -2.203481e+059 -2.942906e+059 -3.640889e+059 -3.901889e+059 -3.783287e+059 -3.253930e+059 -2.309234e+059 1.046758e+056 
2.363019e+062 -4.438678e+058 -9.718438e+058 -1.490079e+059 -2.177855e+059 -2.950494e+059 -3.603600e+059 -3.774936e+059 -3.606049e+059 -3.065701e+059 -2.232808e+059 1.084130e+056 
2.363053e+062 -3.533860e+058 -8.457724e+058 -1.464096e+059 -2.279609e+059 -3.168193e+059 -3.880950e+059 -4.085066e+059 -3.779829e+059 -3.213932e+059 -2.309823e+059 1.112019e+056 
2.362831e+062 -3.095757e+058 -6.185102e+058 -9.449486e+058 -1.685794e+059 -2.500298e+059 -3.245023e+059 -3.846476e+059 -3.789072e+059 -2.986707e+059 -2.117200e+059 7.658824e+055 
2.362206e+062 3.981348e+058 -1.528230e+058 -1.145875e+058 -5.253266e+058 -2.189799e+059 -2.157370e+059 -2.497200e+059 -2.637806e+059 -1.645990e+059 -1.528931e+059 6.869382e+054 
2.362862e+062 -3.325585e+058 -1.047260e+059 -1.484731e+059 -2.079069e+059 -2.985495e+059 -3.368183e+059 -3.568019e+059 -3.538035e+059 -2.785351e+059 -1.986606e+059 9.773318e+055 
2.362864e+062 -3.503333e+058 -9.064691e+058 -1.320456e+059 -1.950856e+059 -2.760081e+059 -3.320742e+059 -3.451618e+059 -3.324493e+059 -2.748787e+059 -1.931708e+059 8.772105e+055 
2.357305e+062 -9.105318e+059 -1.954452e+060 -2.768314e+060 -3.417006e+060 -3.475709e+060 -2.947066e+060 -1.765950e+060 -8.173858e+059 -3.024896e+059 -4.985596e+058 5.649822e+057 
2.350041e+062 -3.743128e+060 -9.351574e+060 -1.563749e+061 -2.144066e+061 -2.544268e+061 -2.740163e+061 -2.670837e+061 -2.376827e+061 -1.872617e+061 -1.223037e+061 7.000303e+059 
2.343466e+062 -5.963866e+060 -1.528462e+061 -2.620378e+061 -3.650916e+061 -4.426829e+061 -4.822163e+061 -4.736030e+061 -4.169179e+061 -3.216452e+061 -2.024500e+061 2.089541e+060 
2.343524e+062 -6.055049e+060 -1.551678e+061 -2.660185e+061 -3.716149e+061 -4.517364e+061 -4.922093e+061 -4.840997e+061 -4.269358e+061 -3.295669e+061 -2.071108e+061 2.174897e+060 
2.342269e+062 -6.432806e+060 -1.650868e+061 -2.837393e+061 -3.963959e+061 -4.814553e+061 -5.244337e+061 -5.158627e+061 -4.543448e+061 -3.496484e+061 -2.189760e+061 2.472908e+060 
2.342267e+062 -6.400721e+060 -1.642963e+061 -2.823379e+061 -3.941671e+061 -4.785473e+061 -5.210792e+061 -5.122110e+061 -4.506174e+061 -3.464716e+061 -2.167842e+061 2.440048e+060 
2.342063e+062 -6.375852e+060 -1.634470e+061 -2.803320e+061 -3.893595e+061 -4.698311e+061 -5.090316e+061 -4.975324e+061 -4.342561e+061 -3.311114e+061 -2.057510e+061 2.333207e+060 
2.340135e+062 -6.856093e+060 -1.741966e+061 -2.954587e+061 -4.034832e+061 -4.765929e+061 -5.047027e+061 -4.810099e+061 -4.071781e+061 -2.997550e+061 -1.796545e+061 2.317653e+060 
2.340459e+062 -6.742176e+060 -1.718042e+061 -2.924337e+061 -4.014726e+061 -4.773067e+061 -5.090775e+061 -4.889729e+061 -4.177525e+061 -3.107856e+061 -1.881970e+061 2.350243e+060 
2.342875e+062 -6.223511e+060 -1.585700e+061 -2.698226e+061 -3.732198e+061 -4.485889e+061 -4.822536e+061 -4.670826e+061 -4.046722e+061 -3.061818e+061 -1.881644e+061 2.095896e+060 
2.347009e+062 -4.843054e+060 -1.241908e+061 -2.133303e+061 -2.961801e+061 -3.573904e+061 -3.885369e+061 -3.817273e+061 -3.350569e+061 -2.577211e+061 -1.625580e+061 1.350703e+060 
2.355107e+062 -2.543200e+060 -6.551787e+060 -1.134768e+061 -1.612170e+061 -2.006296e+061 -2.247734e+061 -2.286771e+061 -2.101753e+061 -1.706023e+061 -1.139466e+061 4.443226e+059 
2.353476e+062 -3.059867e+060 -7.886526e+060 -1.366618e+061 -1.942461e+061 -2.415023e+061 -2.698021e+061 -2.733050e+061 -2.499370e+061 -2.014804e+061 -1.331616e+061 6.390895e+059 
2.355456e+062 -2.403485e+060 -6.222689e+060 -1.082355e+061 -1.543428e+061 -1.928539e+061 -2.168673e+061 -2.211412e+061 -2.036412e+061 -1.654165e+061 -1.103250e+061 4.099837e+059 
2.357494e+062 -1.775019e+060 -4.564647e+060 -7.932922e+060 -1.134095e+061 -1.421715e+061 -1.602970e+061 -1.637113e+061 -1.510388e+061 -1.231146e+061 -8.233707e+060 2.224463e+059 
2.361048e+062 -5.987742e+059 -1.503171e+060 -2.559792e+060 -3.712614e+060 -4.796986e+060 -5.552473e+060 -5.778272e+060 -5.388805e+060 -4.410030e+060 -2.981913e+060 2.578939e+058 
2.360057e+062 -8.787822e+059 -2.197891e+060 -3.791390e+060 -5.509404e+060 -7.061971e+060 -8.090496e+060 -8.321850e+060 -7.691045e+060 -6.286422e+060 -4.243718e+060 5.476878e+058 
2.361783e+062 -3.041115e+059 -7.293393e+059 -1.235452e+060 -1.884419e+060 -2.530030e+060 -3.003296e+060 -3.144705e+060 -2.911585e+060 -2.410926e+060 -1.670593e+060 7.063148e+057 
2.362186e+062 -1.959150e+059 -5.021557e+059 -8.630686e+059 -1.297299e+060 -1.737624e+060 -2.079510e+060 -2.183862e+060 -2.020593e+060 -1.689477e+060 -1.186147e+060 3.364601e+057 
2.362804e+062 -3.351842e+058 -5.606003e+058 -8.502574e+058 -1.802684e+059 -2.885963e+059 -3.765815e+059 -3.678633e+059 -3.160820e+059 -3.069523e+059 -2.327444e+059 8.175960e+055 
2.362564e+062 -4.438779e+058 -6.274646e+057 7.115468e+058 6.450789e+057 -1.539314e+059 -3.411952e+059 -4.102548e+059 -3.426311e+059 -2.414175e+059 -1.347195e+059 1.477782e+055 
2.362708e+062 -2.103120e+058 -2.767150e+058 -1.563300e+058 -9.563175e+058 -2.292073e+059 -3.136227e+059 -3.448883e+059 -3.065639e+059 -2.490813e+059 -1.889089e+059 4.076998e+055 
2.361745e+062 4.269471e+058 -1.161373e+058 2.136298e+059 -1.500537e+056 6.397786e+057 -1.736699e+059 -2.696959e+059 -2.081417e+059 -1.866088e+059 -7.475716e+058 -2.191030e+055 
2.361961e+062 -6.704618e+057 -3.549152e+058 1.454037e+059 1.133216e+058 -5.468786e+058 -1.967176e+059 -3.549153e+059 -2.319754e+059 -1.841110e+059 -1.122861e+059 -5.766889e+054 
2.362346e+062 -2.051530e+058 -1.458881e+058 9.888357e+058 7.011300e+057 -1.336486e+059 -2.161546e+059 -3.031165e+059 -2.515703e+059 -1.835376e+059 -1.502241e+059 4.360116e+054 
