2.363291e+062 -3.975487e+058 -1.042611e+059 -1.847842e+059 -2.703165e+059 -3.479874e+059 -4.052412e+059 -4.308883e+059 -4.162739e+059 -3.567656e+059 -2.523712e+059 1.407483e+056 
2.363288e+062 -3.807383e+058 -9.992115e+058 -1.773961e+059 -2.595620e+059 -3.342122e+059 -3.895458e+059 -4.144250e+059 -4.005717e+059 -3.433606e+059 -2.431335e+059 1.299361e+056 
2.363283e+062 -3.814473e+058 -1.004344e+059 -1.780664e+059 -2.611252e+059 -3.357676e+059 -3.924000e+059 -4.162601e+059 -4.030083e+059 -3.457697e+059 -2.445667e+059 1.313236e+056 
2.363287e+062 -3.829607e+058 -1.007053e+059 -1.786831e+059 -2.615159e+059 -3.369840e+059 -3.924939e+059 -4.175307e+059 -4.036436e+059 -3.461093e+059 -2.450257e+059 1.319150e+056 
2.363288e+062 -3.832487e+058 -1.005876e+059 -1.784932e+059 -2.613393e+059 -3.363501e+059 -3.919872e+059 -4.169018e+059 -4.030472e+059 -3.456471e+059 -2.447105e+059 1.316062e+056 
2.363289e+062 -3.816294e+058 -1.002462e+059 -1.777402e+059 -2.601108e+059 -3.350438e+059 -3.904491e+059 -4.152873e+059 -4.012512e+059 -3.442093e+059 -2.436499e+059 1.305259e+056 
2.363288e+062 -3.822216e+058 -1.004295e+059 -1.781959e+059 -2.607547e+059 -3.357020e+059 -3.912243e+059 -4.161740e+059 -4.021838e+059 -3.450369e+059 -2.442066e+059 1.310929e+056 
2.363287e+062 -3.835515e+058 -1.008016e+059 -1.787533e+059 -2.617054e+059 -3.370314e+059 -3.929365e+059 -4.176350e+059 -4.038132e+059 -3.462997e+059 -2.451448e+059 1.320793e+056 
2.363287e+062 -3.852592e+058 -1.011213e+059 -1.795224e+059 -2.627124e+059 -3.382867e+059 -3.942959e+059 -4.191801e+059 -4.054015e+059 -3.473854e+059 -2.460466e+059 1.330667e+056 
2.363288e+062 -3.839886e+058 -1.009910e+059 -1.788397e+059 -2.619413e+059 -3.375406e+059 -3.935758e+059 -4.184255e+059 -4.046358e+059 -3.470298e+059 -2.456459e+059 1.324869e+056 
2.363132e+062 -3.854846e+058 -6.668125e+058 -1.093779e+059 -1.865423e+059 -2.889578e+059 -3.920203e+059 -4.374989e+059 -3.905585e+059 -2.971278e+059 -2.052004e+059 9.527767e+055 
2.359375e+062 -1.004257e+059 7.207131e+059 1.752849e+060 1.717487e+060 5.052125e+059 -8.654990e+059 -1.023153e+060 3.113571e+058 8.829847e+059 7.094822e+059 -2.898444e+056 
2.284393e+062 -2.989380e+060 1.170163e+061 3.036036e+061 3.130155e+061 1.194876e+061 -1.145704e+061 -1.861553e+061 -5.484996e+060 1.012346e+061 1.106020e+061 -2.657461e+059 
2.266272e+062 -3.663729e+060 1.138031e+061 2.664658e+061 2.077150e+061 -2.999600e+060 -2.726932e+061 -3.356645e+061 -1.802216e+061 6.932546e+059 4.033800e+060 -4.031456e+059 
2.249396e+062 -6.339321e+060 1.045885e+061 3.208879e+061 2.874109e+061 -2.579253e+060 -3.745457e+061 -4.705751e+061 -2.674399e+061 -1.867355e+060 4.118547e+060 -8.081357e+059 
2.234078e+062 -7.692159e+060 1.103002e+061 3.669804e+061 3.456717e+061 1.022821e+059 -4.006678e+061 -5.311775e+061 -3.204289e+061 -3.771882e+060 4.957990e+060 -1.170056e+060 
2.261498e+062 -6.429948e+060 7.412541e+060 2.668208e+061 2.528556e+061 -1.853779e+060 -3.472121e+061 -4.653397e+061 -2.979521e+061 -5.477603e+060 2.926825e+060 -7.343945e+059 
2.309544e+062 -4.325378e+060 -6.856998e+059 3.697919e+060 -1.301292e+060 -1.590105e+061 -3.155718e+061 -3.705798e+061 -2.834871e+061 -1.425837e+061 -6.119868e+060 1.556848e+059 
2.319451e+062 -3.817000e+060 -2.387251e+060 -1.945817e+060 -8.853907e+060 -2.087454e+061 -3.127927e+061 -3.360803e+061 -2.612739e+061 -1.525097e+061 -8.505936e+060 3.584217e+059 
2.304448e+062 -3.643677e+060 9.366379e+059 3.654277e+060 -3.222013e+060 -1.561438e+061 -2.762512e+061 -3.376042e+061 -2.828872e+061 -1.495997e+061 -5.822789e+060 1.300161e+059 
2.315339e+062 -3.661721e+060 -1.832329e+059 2.822784e+060 -3.586595e+060 -1.674598e+061 -2.751094e+061 -2.987642e+061 -2.389437e+061 -1.459129e+061 -7.694806e+060 1.754318e+059 
2.344481e+062 -1.152861e+060 1.657174e+060 5.448699e+060 4.554042e+060 -1.457685e+060 -7.018050e+060 -7.299466e+060 -3.526199e+060 -4.274377e+059 -1.245904e+059 -1.471020e+058 
2.360645e+062 -5.410664e+059 -1.063870e+060 -1.642816e+060 -2.532351e+060 -3.675797e+060 -4.636436e+060 -4.945400e+060 -4.486328e+060 -3.510459e+060 -2.317011e+060 1.544634e+058 
2.361947e+062 -3.795834e+059 -9.277977e+059 -1.584442e+060 -2.308889e+060 -3.003882e+060 -3.523126e+060 -3.710064e+060 -3.485296e+060 -2.873111e+060 -1.955840e+060 1.033906e+058 
2.362585e+062 -1.823702e+059 -4.392003e+059 -7.475909e+059 -1.098552e+060 -1.445353e+060 -1.701496e+060 -1.780395e+060 -1.651394e+060 -1.346484e+060 -9.142284e+059 2.340851e+057 
2.363058e+062 -9.429917e+058 -2.455255e+059 -4.326214e+059 -6.287906e+059 -8.038008e+059 -9.286112e+059 -9.770539e+059 -9.330383e+059 -7.893735e+059 -5.506431e+059 7.391079e+056 
2.362886e+062 -1.709924e+059 -4.449933e+059 -7.815030e+059 -1.130023e+060 -1.435231e+060 -1.645464e+060 -1.718457e+060 -1.627121e+060 -1.364194e+060 -9.421864e+059 2.327105e+057 
2.362794e+062 -1.658231e+058 -8.755098e+058 -3.029243e+059 -4.229489e+059 -4.327747e+059 -5.872349e+059 -7.399221e+059 -6.431841e+059 -4.749086e+059 -3.702995e+059 2.653953e+056 
2.362907e+062 -5.199594e+058 -1.570153e+059 -3.295192e+059 -5.011030e+059 -5.531073e+059 -6.999096e+059 -7.547086e+059 -7.116275e+059 -5.687843e+059 -3.947454e+059 3.904682e+056 
2.363224e+062 -4.696543e+058 -1.263130e+059 -2.353924e+059 -3.408107e+059 -4.248384e+059 -4.985367e+059 -5.397467e+059 -5.150901e+059 -4.304850e+059 -3.039016e+059 2.136977e+056 
2.363263e+062 -4.501563e+058 -1.178234e+059 -2.085710e+059 -3.046642e+059 -3.917063e+059 -4.564703e+059 -4.849643e+059 -4.676055e+059 -3.999000e+059 -2.823595e+059 1.784357e+056 
2.363285e+062 -3.830083e+058 -1.005832e+059 -1.783320e+059 -2.611343e+059 -3.362176e+059 -3.916812e+059 -4.165971e+059 -4.026911e+059 -3.453727e+059 -2.444563e+059 1.314237e+056 
2.363290e+062 -3.832590e+058 -1.005561e+059 -1.783723e+059 -2.608580e+059 -3.360012e+059 -3.915373e+059 -4.164036e+059 -4.024200e+059 -3.451050e+059 -2.442367e+059 1.313030e+056 
2.363289e+062 -3.840668e+058 -1.008234e+059 -1.787269e+059 -2.612745e+059 -3.365850e+059 -3.921595e+059 -4.170707e+059 -4.031494e+059 -3.457743e+059 -2.448153e+059 1.317991e+056 
2.363290e+062 -3.842151e+058 -1.009183e+059 -1.790363e+059 -2.619080e+059 -3.372871e+059 -3.930234e+059 -4.180134e+059 -4.040318e+059 -3.464325e+059 -2.452224e+059 1.322940e+056 
2.363290e+062 -3.818771e+058 -1.002655e+059 -1.777597e+059 -2.601453e+059 -3.349826e+059 -3.904321e+059 -4.152999e+059 -4.014009e+059 -3.442592e+059 -2.437318e+059 1.305617e+056 
2.363290e+062 -3.829925e+058 -1.003911e+059 -1.779901e+059 -2.603990e+059 -3.352015e+059 -3.906859e+059 -4.156072e+059 -4.017757e+059 -3.446296e+059 -2.439655e+059 1.308384e+056 
2.363290e+062 -3.820123e+058 -1.001775e+059 -1.774459e+059 -2.596110e+059 -3.343672e+059 -3.895179e+059 -4.144269e+059 -4.006550e+059 -3.437134e+059 -2.433807e+059 1.301255e+056 
2.363289e+062 -3.827584e+058 -1.003224e+059 -1.779046e+059 -2.601924e+059 -3.351307e+059 -3.906275e+059 -4.154013e+059 -4.016797e+059 -3.445435e+059 -2.439369e+059 1.307332e+056 
