1.000000e-030   1.000000e-030   1.000000e-030   2.000000e-001   1.000000e-030   1.000000e-030   1.000000e-030   1.000000e-030   1.000000e-030   1.000000e-030   1.000000e-030   8.000000e-001   1.000000e-030   1.000000e-030   1.000000e-030   2.349953e-238   1.000000e-030   1.000000e-030   1.167959e-227   1.000000e-030   1.000000e-030   1.000000e-030   1.000000e-030   1.000000e-030   1.000000e-030   1.000000e-030   1.000000e-030   1.000000e-030   1.000000e-030   1.000000e-030   1.000000e-030   1.000000e-030   

6.325107e-236   1.000000e-030   1.000000e-030   4.115259e-258   7.348917e-245   1.000000e-030   1.000000e-030   1.000000e-030   3.439884e-244   6.418907e-242   1.000000e+000   2.253008e-226   1.000000e-030   1.000000e-030   1.000000e-030   1.000000e-030   1.000000e-030   1.000000e-030   1.000000e-030   1.000000e-030   1.000000e-030   1.000000e-030   1.000000e-030   1.000000e-030   1.000000e-030   1.000000e-030   1.000000e-030   1.000000e-030   1.000000e-030   1.000000e-030   1.000000e-030   1.404136e-242   

2.500000e-001   1.000000e-030   1.000000e-030   4.359385e-289   1.250000e-001   1.000000e-030   1.000000e-030   1.000000e-030   2.500000e-001   2.500000e-001   1.413108e-235   2.816260e-227   1.000000e-030   1.000000e-030   1.000000e-030   1.950093e-238   1.000000e-030   1.000000e-030   1.000000e-030   1.000000e-030   1.000000e-030   1.000000e-030   1.000000e-030   1.000000e-030   8.879349e-240   1.000000e-030   1.000000e-030   1.000000e-030   1.000000e-030   1.000000e-030   1.000000e-030   1.250000e-001   

1.666667e-001   1.000000e-030   1.000000e-030   1.000000e-030   1.000000e-030   1.000000e-030   2.677571e-166   2.384680e-232   1.567509e-262   2.411004e-241   2.500000e-001   1.929731e-227   1.931591e-230   1.000000e-030   1.000000e-030   1.666667e-001   1.000000e-030   1.000000e-030   2.339372e-229   1.000000e-030   1.000000e-030   1.000000e-030   1.000000e-030   1.000000e-030   4.166667e-001   1.000000e-030   1.000000e-030   1.000000e-030   1.000000e-030   1.000000e-030   1.000000e-030   2.966193e-265   

1.000000e-030   1.000000e-030   1.000000e-030   1.000000e-030   1.694929e-293   1.000000e-030   1.111111e-001   1.111111e-001   1.000000e-030   1.000000e-030   9.143873e-233   3.333333e-001   1.111111e-001   1.000000e-030   1.000000e-030   1.000000e-030   1.000000e-030   1.000000e-030   3.333333e-001   1.000000e-030   1.000000e-030   1.000000e-030   1.000000e-030   1.000000e-030   6.701113e-269   1.000000e-030   1.000000e-030   1.000000e-030   1.000000e-030   1.000000e-030   1.000000e-030   1.000000e-030   

