2.362421e+062 -1.645287e+058 1.502595e+058 4.178852e+058 -6.419671e+058 -1.806325e+059 -2.614985e+059 -2.792030e+059 -2.331292e+059 -2.199817e+059 -1.885511e+059 1.640104e+055 
2.362459e+062 -1.177728e+058 1.284805e+058 -1.350423e+058 -1.455012e+059 -2.598888e+059 -2.975204e+059 -2.465913e+059 -1.939394e+059 -1.964179e+059 -1.844427e+059 3.243243e+055 
2.362346e+062 1.643164e+057 4.320305e+058 4.238248e+058 -2.312046e+058 -1.492530e+059 -2.600260e+059 -2.435179e+059 -1.888094e+059 -1.817172e+059 -1.620055e+059 2.246250e+054 
2.362571e+062 -4.275905e+058 -1.005760e+059 -1.197001e+059 -1.855942e+059 -2.754270e+059 -3.287854e+059 -3.337116e+059 -3.227043e+059 -2.979987e+059 -2.287058e+059 9.286584e+055 
2.362658e+062 -3.613344e+058 -3.061682e+058 -1.918642e+058 -6.213847e+058 -1.761869e+059 -3.199934e+059 -3.843842e+059 -3.488911e+059 -2.724527e+059 -1.843812e+059 4.108642e+055 
2.362608e+062 -2.336219e+058 -1.368717e+058 3.741417e+056 -4.902845e+058 -1.458569e+059 -2.583449e+059 -3.586634e+059 -3.798767e+059 -2.863258e+059 -1.714453e+059 2.419435e+055 
2.362428e+062 -4.805093e+058 -2.716930e+058 7.027902e+058 7.433759e+058 -6.522854e+058 -2.438130e+059 -3.322027e+059 -2.821531e+059 -1.965470e+059 -1.324056e+059 4.604082e+054 
2.362389e+062 -2.908977e+058 1.182203e+058 7.287992e+058 -3.054581e+058 -1.826600e+059 -2.625077e+059 -2.511645e+059 -2.103114e+059 -2.083040e+059 -1.930256e+059 1.673477e+055 
2.362617e+062 -4.241926e+058 -8.550651e+058 -1.147570e+059 -1.629347e+059 -2.589757e+059 -3.375541e+059 -3.555829e+059 -3.196617e+059 -2.389860e+059 -1.738404e+059 7.935926e+055 
2.362472e+062 -2.491275e+058 1.204056e+058 3.817747e+058 -4.568375e+058 -2.109890e+059 -3.635434e+059 -3.960867e+059 -2.792725e+059 -1.558025e+059 -1.208968e+059 2.410403e+055 
2.360411e+062 -6.337401e+059 -1.460638e+060 -2.354532e+060 -3.275029e+060 -3.950041e+060 -4.195501e+060 -3.923533e+060 -3.320424e+060 -2.534464e+060 -1.658069e+060 1.522423e+058 
2.350576e+062 -3.835135e+060 -9.767774e+060 -1.665404e+061 -2.327350e+061 -2.835770e+061 -3.108313e+061 -3.089375e+061 -2.775072e+061 -2.202646e+061 -1.435055e+061 8.708461e+059 
2.342285e+062 -6.442245e+060 -1.646183e+061 -2.809664e+061 -3.919084e+061 -4.750455e+061 -5.160717e+061 -5.052293e+061 -4.439762e+061 -3.415900e+061 -2.134145e+061 2.400587e+060 
2.342508e+062 -6.362097e+060 -1.628715e+061 -2.785346e+061 -3.896761e+061 -4.733112e+061 -5.157868e+061 -5.061113e+061 -4.460565e+061 -3.441395e+061 -2.155229e+061 2.389608e+060 
2.342275e+062 -6.456920e+060 -1.652292e+061 -2.826078e+061 -3.948665e+061 -4.797840e+061 -5.222320e+061 -5.124278e+061 -4.514254e+061 -3.481223e+061 -2.181051e+061 2.454651e+060 
2.342273e+062 -6.490822e+060 -1.661496e+061 -2.841753e+061 -3.970380e+061 -4.822967e+061 -5.247573e+061 -5.145976e+061 -4.529417e+061 -3.489149e+061 -2.182376e+061 2.477298e+060 
2.343035e+062 -6.253816e+060 -1.601528e+061 -2.741314e+061 -3.833565e+061 -4.663621e+061 -5.082002e+061 -4.993276e+061 -4.404505e+061 -3.401178e+061 -2.133820e+061 2.318876e+060 
2.343035e+062 -6.256249e+060 -1.601785e+061 -2.742149e+061 -3.832933e+061 -4.663964e+061 -5.080296e+061 -4.990909e+061 -4.400952e+061 -3.396311e+061 -2.129756e+061 2.317302e+060 
2.342961e+062 -6.258472e+060 -1.602744e+061 -2.744388e+061 -3.836354e+061 -4.669180e+061 -5.085844e+061 -4.997351e+061 -4.406632e+061 -3.400448e+061 -2.132077e+061 2.322134e+060 
2.343050e+062 -6.214818e+060 -1.591728e+061 -2.726434e+061 -3.812709e+061 -4.642579e+061 -5.058679e+061 -4.972160e+061 -4.385055e+061 -3.383568e+061 -2.121011e+061 2.294868e+060 
2.343360e+062 -5.996237e+060 -1.538789e+061 -2.633352e+061 -3.676332e+061 -4.475982e+061 -4.874859e+061 -4.785758e+061 -4.215141e+061 -3.249796e+061 -2.037404e+061 2.127148e+060 
2.344141e+062 -5.890109e+060 -1.507039e+061 -2.578892e+061 -3.601414e+061 -4.381419e+061 -4.769218e+061 -4.683854e+061 -4.128184e+061 -3.184293e+061 -1.996852e+061 2.037829e+060 
2.345029e+062 -5.628006e+060 -1.436179e+061 -2.451041e+061 -3.410877e+061 -4.134070e+061 -4.484540e+061 -4.388233e+061 -3.853746e+061 -2.963371e+061 -1.854926e+061 1.804326e+060 
2.353654e+062 -2.679139e+060 -6.665970e+060 -1.127283e+061 -1.533781e+061 -1.813573e+061 -1.946953e+061 -1.875979e+061 -1.656854e+061 -1.290800e+061 -8.482451e+060 3.475848e+059 
2.337981e+062 -5.832329e+060 -1.359326e+061 -2.116748e+061 -2.621301e+061 -2.665317e+061 -2.406128e+061 -1.682329e+061 -1.021190e+061 -3.677624e+060 -3.567007e+059 4.363804e+059 
2.353322e+062 -2.883061e+060 -7.241850e+060 -1.217391e+061 -1.665009e+061 -1.978798e+061 -2.111307e+061 -2.033315e+061 -1.767990e+061 -1.356057e+061 -8.582136e+060 4.026950e+059 
2.354776e+062 -2.103116e+060 -5.225999e+060 -8.601726e+060 -1.174122e+061 -1.399359e+061 -1.469728e+061 -1.372056e+061 -1.141615e+061 -8.358051e+060 -5.053199e+060 1.863677e+059 
2.358029e+062 -1.338730e+060 -3.343781e+060 -5.722737e+060 -8.177073e+060 -1.028693e+061 -1.145162e+061 -1.142709e+061 -1.033646e+061 -8.249672e+060 -5.417744e+060 1.112717e+059 
2.361430e+062 -7.832157e+058 -8.521719e+057 7.045888e+058 -1.631591e+059 -7.007204e+059 -1.003041e+060 -8.934122e+059 -6.178478e+059 -4.092269e+059 -3.498758e+059 2.497889e+056 
2.362074e+062 -3.332731e+057 2.452736e+057 -6.515195e+058 -1.326948e+059 -2.115879e+059 -3.989570e+059 -5.605735e+059 -4.705777e+059 -2.464324e+059 -1.847044e+059 5.431786e+055 
2.362435e+062 -1.763365e+058 1.234671e+058 2.273876e+058 -3.839736e+058 -1.604484e+059 -2.993894e+059 -3.570945e+059 -3.096651e+059 -2.112297e+059 -1.520889e+059 1.613940e+055 
2.362609e+062 -3.133641e+058 -4.941954e+058 -6.910340e+058 -1.409931e+059 -2.179584e+059 -2.875253e+059 -3.285661e+059 -3.170716e+059 -2.517816e+059 -1.949833e+059 5.659080e+055 
2.362330e+062 5.987847e+057 6.785305e+058 6.596720e+058 -7.286756e+058 -1.889746e+059 -2.611488e+059 -3.166092e+059 -2.770734e+059 -1.836800e+059 -1.191830e+059 1.866896e+054 
2.362303e+062 -1.773323e+058 5.640960e+058 9.821737e+058 5.814769e+057 -1.434655e+059 -3.262084e+059 -3.529433e+059 -2.545672e+059 -2.003644e+059 -1.483023e+059 -1.496218e+054 
2.362688e+062 -4.178830e+058 -7.159661e+058 -8.602428e+058 -1.035862e+059 -1.639574e+059 -2.790145e+059 -3.517998e+059 -3.578447e+059 -2.909753e+059 -1.904413e+059 6.213064e+055 
2.362701e+062 -1.640258e+058 -4.867780e+058 -9.851846e+058 -1.453864e+059 -2.088428e+059 -3.361082e+059 -3.882163e+059 -3.400216e+059 -2.676447e+059 -1.922372e+059 6.069082e+055 
2.362450e+062 -8.946975e+057 3.520117e+056 -2.121928e+058 -1.326272e+059 -2.624015e+059 -3.324721e+059 -3.365140e+059 -2.841695e+059 -2.430714e+059 -1.896056e+059 3.941169e+055 
