2.363208e+062 -3.551583e+058 -9.234138e+058 -1.614573e+059 -2.409671e+059 -3.194558e+059 -3.768734e+059 -3.981233e+059 -3.917000e+059 -3.392115e+059 -2.397242e+059 1.178470e+056 
2.363202e+062 -3.638799e+058 -8.572485e+058 -1.494543e+059 -2.366707e+059 -3.218132e+059 -3.848475e+059 -4.046779e+059 -3.848579e+059 -3.296329e+059 -2.353784e+059 1.144725e+056 
2.363203e+062 -3.673446e+058 -8.781700e+058 -1.517234e+059 -2.297637e+059 -3.131364e+059 -3.780344e+059 -4.017460e+059 -3.847242e+059 -3.294822e+059 -2.342773e+059 1.130106e+056 
2.363160e+062 -3.575465e+058 -8.541269e+058 -1.411549e+059 -2.172744e+059 -3.032660e+059 -3.681497e+059 -3.973060e+059 -3.787652e+059 -3.230383e+059 -2.320606e+059 1.063018e+056 
2.363129e+062 -3.551558e+058 -7.186365e+058 -1.257656e+059 -2.162037e+059 -3.077831e+059 -3.657681e+059 -3.827172e+059 -3.642357e+059 -3.177063e+059 -2.347773e+059 9.943962e+055 
2.363151e+062 -3.423336e+058 -7.774057e+058 -1.323823e+059 -2.115572e+059 -3.083286e+059 -3.777494e+059 -3.951181e+059 -3.733616e+059 -3.156460e+059 -2.267677e+059 1.021108e+056 
2.363076e+062 -3.564586e+058 -5.962505e+058 -9.858903e+058 -1.885619e+059 -3.105274e+059 -3.944081e+059 -3.967078e+059 -3.559702e+059 -2.950239e+059 -2.170831e+059 9.084927e+055 
2.363113e+062 -3.796833e+058 -7.280844e+058 -1.147107e+059 -1.930193e+059 -2.950937e+059 -3.749671e+059 -3.974196e+059 -3.711432e+059 -3.100345e+059 -2.228051e+059 9.606184e+055 
2.363139e+062 -3.727077e+058 -8.398434e+058 -1.334625e+059 -2.051327e+059 -2.944272e+059 -3.666410e+059 -3.992463e+059 -3.895060e+059 -3.273635e+059 -2.292690e+059 1.039651e+056 
2.363108e+062 -3.723703e+058 -7.878428e+058 -1.341059e+059 -2.090378e+059 -2.807105e+059 -3.427082e+059 -3.804772e+059 -3.800578e+059 -3.298579e+059 -2.349332e+059 9.939284e+055 
2.356644e+062 -6.204641e+059 -8.965555e+059 9.666836e+058 1.159503e+060 1.916586e+060 2.412728e+060 1.353513e+060 2.913395e+059 -7.858174e+058 -1.788848e+059 1.848472e+057 
2.328453e+062 -8.760505e+060 -1.935639e+061 -2.775970e+061 -3.221509e+061 -3.280411e+061 -3.046920e+061 -2.628795e+061 -2.043646e+061 -1.337350e+061 -6.515490e+060 1.071422e+060 
2.322109e+062 -9.812602e+060 -2.039507e+061 -2.710642e+061 -2.881532e+061 -2.721071e+061 -2.451265e+061 -2.164949e+061 -1.801455e+061 -1.284053e+061 -6.842050e+060 9.062447e+059 
2.304927e+062 -1.267792e+061 -2.305380e+061 -2.385427e+061 -1.589637e+061 -5.924126e+060 -6.532306e+059 -2.005905e+060 -6.699088e+060 -9.816392e+060 -8.670445e+060 4.504183e+059 
2.294529e+062 -1.442666e+061 -2.444221e+061 -2.025410e+061 -3.299480e+060 1.533544e+061 2.371858e+061 1.742135e+061 1.886949e+060 -1.180009e+061 -1.504237e+061 6.527203e+059 
2.336624e+062 -5.654720e+060 -1.044897e+061 -1.096216e+061 -7.588202e+060 -3.928325e+060 -3.114739e+060 -6.122442e+060 -1.094478e+061 -1.350434e+061 -1.127531e+061 2.818992e+059 
2.352745e+062 -2.568858e+060 -6.140386e+060 -9.498167e+060 -1.206584e+061 -1.432592e+061 -1.589341e+061 -1.645570e+061 -1.610047e+061 -1.397059e+061 -9.724922e+060 2.801257e+059 
2.353314e+062 -2.286345e+060 -5.678042e+060 -8.929680e+060 -1.136834e+061 -1.379843e+061 -1.549815e+061 -1.589840e+061 -1.556554e+061 -1.357260e+061 -9.395957e+060 2.530920e+059 
2.354905e+062 -2.220247e+060 -5.772277e+060 -9.710099e+060 -1.323527e+061 -1.640966e+061 -1.837491e+061 -1.855294e+061 -1.734536e+061 -1.442229e+061 -9.720229e+060 3.096539e+059 
2.355748e+062 -2.205659e+060 -5.712869e+060 -9.823160e+060 -1.380812e+061 -1.723739e+061 -1.937501e+061 -1.970234e+061 -1.828526e+061 -1.503957e+061 -1.010220e+061 3.327851e+059 
2.356713e+062 -2.064845e+060 -5.331924e+060 -9.269972e+060 -1.324451e+061 -1.659827e+061 -1.871279e+061 -1.914364e+061 -1.770538e+061 -1.445585e+061 -9.692180e+060 3.048254e+059 
2.360587e+062 -7.426203e+059 -1.862496e+060 -3.221420e+060 -4.652347e+060 -5.896700e+060 -6.716698e+060 -6.971778e+060 -6.594301e+060 -5.541003e+060 -3.844814e+060 3.951147e+058 
2.348329e+062 -4.418916e+060 -1.116214e+061 -1.898490e+061 -2.652422e+061 -3.240371e+061 -3.546320e+061 -3.503058e+061 -3.108375e+061 -2.421737e+061 -1.543627e+061 1.119967e+060 
2.352405e+062 -3.271044e+060 -8.404616e+060 -1.449778e+061 -2.048880e+061 -2.531920e+061 -2.808812e+061 -2.821572e+061 -2.554127e+061 -2.034090e+061 -1.325887e+061 6.938678e+059 
2.354783e+062 -2.576624e+060 -6.625028e+060 -1.145201e+061 -1.623067e+061 -2.011971e+061 -2.239989e+061 -2.258601e+061 -2.052130e+061 -1.642057e+061 -1.077184e+061 4.382000e+059 
2.356916e+062 -1.933249e+060 -4.980153e+060 -8.635549e+060 -1.228761e+061 -1.529816e+061 -1.711006e+061 -1.735428e+061 -1.589183e+061 -1.282502e+061 -8.489960e+060 2.545575e+059 
2.359664e+062 -1.047598e+060 -2.681457e+060 -4.626430e+060 -6.576420e+060 -8.197554e+060 -9.160421e+060 -9.260916e+060 -8.439126e+060 -6.759464e+060 -4.444857e+060 7.208155e+058 
2.362235e+062 -3.126248e+059 -7.967342e+059 -1.376689e+060 -1.998835e+060 -2.543962e+060 -2.911741e+060 -3.007554e+060 -2.790863e+060 -2.291366e+060 -1.550121e+060 7.137325e+057 
2.362857e+062 -1.122711e+059 -2.896650e+059 -5.093564e+059 -7.755206e+059 -1.009453e+060 -1.172889e+060 -1.238371e+060 -1.181806e+060 -1.006924e+060 -7.125617e+059 1.138820e+057 
2.362981e+062 -6.792706e+058 -1.608520e+059 -2.899355e+059 -4.665247e+059 -6.320754e+059 -7.354563e+059 -7.645446e+059 -7.117172e+059 -5.971155e+059 -4.199428e+059 4.118766e+056 
2.363123e+062 -3.757891e+058 -7.711927e+058 -1.258664e+059 -2.098714e+059 -3.170690e+059 -3.989832e+059 -4.169346e+059 -3.804574e+059 -3.138305e+059 -2.253649e+059 1.061630e+056 
2.363163e+062 -3.295219e+058 -8.203001e+058 -1.539601e+059 -2.366335e+059 -3.045117e+059 -3.579531e+059 -3.926635e+059 -3.838728e+059 -3.251524e+059 -2.324630e+059 1.079013e+056 
2.363171e+062 -3.500362e+058 -7.775438e+058 -1.397233e+059 -2.315659e+059 -3.241515e+059 -3.855965e+059 -3.990466e+059 -3.713545e+059 -3.166696e+059 -2.291393e+059 1.081760e+056 
2.363188e+062 -3.611539e+058 -8.810574e+058 -1.543850e+059 -2.335498e+059 -3.158272e+059 -3.763175e+059 -3.988152e+059 -3.839454e+059 -3.314478e+059 -2.378749e+059 1.138657e+056 
2.363208e+062 -3.850985e+058 -9.160387e+058 -1.560382e+059 -2.318155e+059 -3.070053e+059 -3.672268e+059 -3.953294e+059 -3.872397e+059 -3.350684e+059 -2.384500e+059 1.144844e+056 
2.363178e+062 -3.522100e+058 -8.208262e+058 -1.472174e+059 -2.316882e+059 -3.159735e+059 -3.717077e+059 -3.882671e+059 -3.741256e+059 -3.283243e+059 -2.391193e+059 1.091740e+056 
2.363169e+062 -3.463024e+058 -7.975295e+058 -1.415802e+059 -2.240494e+059 -3.136483e+059 -3.850428e+059 -4.112448e+059 -3.845763e+059 -3.207882e+059 -2.294248e+059 1.085610e+056 
