23
36
48
61
74
85
96
107
115
126
132
140
147
154
158
160
164
167
170
170
170
169
169
167
164
160
153
148
142
135
127
119
110
101
92
82
71
62
51
41
29
18
7
-6
-15
-25
-36
-45
-56
-67
-76
-85
-91
-98
-103
-110
-115
-121
-126
-130
-131
-133
-134
-135
-134
-133
-132
-129
-127
-122
-119
-112
-107
-102
-94
-87
-80
-73
-66
-57
-49
-40
-31
-22
-15
-8
-1
7
16
23
32
39
45
53
60
65
69
75
78
80
83
85
88
90
91
93
91
91
89
87
85
84
81
80
76
70
68
63
60
55
49
44
36
29
23
17
12
6
0
-6
-11
-16
-22
-27
-29
-34
-37
-41
-46
-48
-50
-52
-54
-57
-57
-57
-58
-58
-57
-58
-58
-56
-54
-51
-48
-46
-43
-41
-36
-31
-26
-24
-19
-15
-11
-7
-3
2
5
9
12
16
20
22
26
28
32
36
38
39
40
42
43
42
45
44
43
42
40
40
39
38
35
33
27
26
24
19
17
14
12
8
5
3
-2
-5
-9
-12
-16
-20
-22
-24
-26
-29
-31
-33
-35
-36
-37
-37
-38
-38
-38
-40
-39
-40
-40
-38
-37
-35
-30
-30
-28
-28
-28
-26
-23
-21
-19
-15
-14
-12
-10
-6
-5
0
4
6
10
10
13
16
19
22
23
23
25
27
27
30
31
33
33
33
33
34
35
36
36
37
36
37
36
35
33
32
34
33
32
31
28
27
25
23
21
19
16
13
11
9
6
3
-1
-3
-7
-10
-12
-13
-16
-17
-18
-21
-21
-24
-25
-27
-29
-31
-33
-32
-34
-34
-35
-37
-38
-40
-39
-38
-38
-39
-38
-37
-37
-35
-33
-32
-31
-29
-29
-27
-24
-22
-20
-18
-17
-16
-12
-10
-11
-7
-5
-2
0
1
4
6
9
11
13
15
20
22
24
27
29
30
31
33
34
34
34
34
32
31
31
31
31
31
31
29
29
28
25
24
24
21
21
18
14
12
11
9
8
4
2
1
-2
-3
-5
-6
-7
-9
-11
-13
-14
-15
-17
-17
-19
-19
-19
-20
-21
-21
-22
-22
-22
-24
-25
-27
-28
-28
-26
-25
-24
-24
-25
-24
-25
-22
-20
-19
-16
-16
-15
-14
-14
-13
-11
-9
-7
-6
-5
-3
-2
0
3
6
9
12
15
17
20
22
23
23
25
27
27
27
28
28
29
29
29
29
29
28
29
29
27
25
24
22
20
18
16
14
10
10
10
8
7
4
1
0
-1
-1
-4
-4
-5
-8
-10
-10
-12
-15
-15
-16
-16
-15
-15
-15
-16
-16
-16
-18
-18
-18
-19
-20
-20
-20
-19
-18
-20
-19
-21
-20
-19
-18
-16
-16
-14
-15
-14
-12
-11
-10
-9
-9
-8
-6
-4
-2
1
3
5
7
9
10
13
15
15
16
16
16
19
19
20
20
20
22
21
22
24
22
22
21
20
21
20
19
18
17
17
15
15
13
12
11
10
9
10
6
3
1
-2
-3
-5
-6
-8
-9
-9
-10
-8
-9
-10
-10
-12
-12
-12
-13
-12
-14
-15
-16
-16
-15
-15
-17
-17
-18
-16
-16
-16
-14
-14
-14
-14
-13
-13
-14
-12
-11
-10
-10
-9
-6
-5
-3
-3
-1
1
4
6
8
9
9
10
10
11
13
14
15
15
15
16
18
19
20
20
22
21
19
19
20
20
19
20
18
19
18
18
18
15
13
13
12
11
10
8
5
4
2
1
1
-1
-2
-4
-4
-6
-7
-7
-7
-8
-9
-12
-13
-15
-17
-17
-19
-20
-19
-21
-20
-22
-23
-22
-20
-20
-20
-20
-20
-22
-20
-20
-20
-18
-17
-17
-16
-16
-14
-11
-11
-10
-8
-6
-4
-3
-2
-1
1
1
2
3
5
5
7
8
8
10
12
13
14
16
17
18
17
18
18
18
18
17
17
16
16
16
15
13
14
14
13
14
13
12
12
12
12
13
12
8
7
6
4
4
3
3
2
1
1
0
-1
-1
-2
-4
-7
-6
-8
-7
-7
-8
-9
-11
-12
-12
-14
-14
-16
-16
-16
-18
-17
-18
-16
-16
-14
-13
-12
-11
-13
-11
-9
-8
-7
-6
-4
-3
-3
-3
-1
0
1
3
4
4
4
5
5
7
8
11
12
14
14
16
16
15
15
13
14
13
12
13
12
12
14
13
13
10
9
8
7
6
6
6
6
5
4
3
4
2
1
0
-1
-2
-2
-2
-2
-1
-2
-4
-5
-6
-6
-7
-6
-6
-6
-8
-7
-9
-10
-10
-11
-12
-12
-13
-12
-11
-12
-12
-13
-14
-14
-14
-13
-12
-11
-10
-11
-10
-10
-9
-9
-8
-8
-7
-5
-3
-1
-1
-1
0
1
3
4
5
6
6
6
6
6
7
9
9
10
10
12
13
13
13
15
14
12
10
10
9
9
8
7
7
6
6
3
1
0
1
1
2
2
2
4
3
2
1
-1
-1
0
1
1
1
0
-3
-3
-5
-6
-6
-5
-4
-2
-1
-2
-2
-3
-2
-2
-3
-4
-4
-2
-2
-2
-2
-1
-2
-3
-4
-4
-5
-3
-2
-1
-1
1
0
0
0
-1
0
1
2
3
5
6
6
6
5
4
2
3
4
5
6
7
8
8
7
7
7
6
6
7
6
7
7
5
7
5
4
3
2
1
1
1
1
0
0
0
-1
-1
-2
-4
-5
-4
-4
-4
-5
-5
-6
-8
-8
-8
-8
-10
-10
-9
-10
-9
-9
-9
-9
-9
-9
-8
-7
-9
-7
-8
-7
-6
-4
-4
-5
-5
-4
-4
-3
-2
-1
0
1
0
3
3
3
4
4
5
5
6
5
6
6
5
6
8
8
8
8
8
7
8
7
7
6
6
4
3
3
4
4
3
3
3
1
0
2
1
1
1
0
0
0
0
0
-1
-1
-2
-3
-2
-3
-3
-5
-5
-6
-6
-5
-6
-7
-8
-9
-9
-8
-8
-7
-7
-8
-8
-8
-9
-8
-8
-8
-5
-6
-6
-5
-4
-4
-5
-4
-4
-3
-2
-3
-1
0
1
1
2
2
4
4
4
4
6
7
10
10
10
10
8
9
8
9
10
9
10
8
5
6
6
5
6
7
7
6
6
4
4
3
3
3
1
0
-1
-1
-2
-3
-3
-4
-4
-3
-4
-4
-3
-3
-5
-5
-6
-7
-7
-8
-8
-6
-6
-6
-6
-7
-8
-10
-10
-10
-9
-9
-8
-7
-5
-6
-8
-9
-9
-8
-6
-5
-5
-4
-3
-4
-1
-1
0
1
1
1
1
1
2
2
3
4
6
7
8
7
7
7
8
8
9
9
10
10
8
10
10
10
10
10
11
10
10
8
8
8
7
7
5
4
4
3
3
3
1
0
0
-1
0
0
-1
-3
-4
-4
-5
-4
-4
-4
-4
-5
-6
-5
-6
-6
-6
-7
-7
-6
-7
-6
-6
-6
-7
-7
-6
-7
-6
-7
-6
-4
-4
-4
-2
-2
1
2
1
2
2
1
1
0
1
2
4
4
4
5
4
3
5
4
5
6
7
7
7
8
8
9
10
10
11
11
10
10
9
9
9
9
9
9
10
8
6
4
3
2
3
3
2
1
1
-1
-2
-2
-2
-1
-3
-4
-5
-4
-5
-6
-8
-8
-10
-12
-12
-10
-11
-10
-10
-9
-11
-11
-12
-11
-11
-11
-10
-10
-10
-10
-11
-11
-10
-11
-8
-7
-6
-6
-5
-4
-2
-2
-2
-2
-2
-3
-3
-1
-1
1
0
2
4
5
5
5
6
6
6
7
9
9
8
8
8
7
7
6
7
8
6
8
7
6
6
6
7
8
6
5
5
3
3
4
4
4
4
3
1
0
0
-1
-1
2
1
1
-1
-2
-4
-3
-2
-2
1
0
-1
-2
-4
-4
-4
-5
-5
-6
-5
-5
-5
-5
-6
-6
-5
-4
-4
-3
-2
-3
-2
-1
-1
-1
-1
-2
-3
-1
-3
-2
-2
-2
0
2
3
4
5
5
5
7
8
7
7
7
6
7
7
7
8
8
7
6
5
5
7
7
8
8
7
5
4
3
2
3
3
2
1
2
3
3
3
2
2
1
0
0
-1
-2
-2
-2
-4
-6
-8
-7
-6
-3
-4
-4
-3
-2
-2
-2
-2
-5
-4
-3
-4
-4
-5
-5
-5
-4
-4
-5
-4
-5
-5
-4
-3
-3
-3
-3
-4
-5
-5
-4
-4
-3
-3
-3
-2
-2
-1
-2
-1
-2
0
0
1
1
2
1
1
1
0
0
1
0
1
0
1
2
2
3
4
3
3
2
1
2
2
2
2
1
1
1
2
3
3
1
0
-1
-2
-2
-2
-2
-2
-2
-2
-3
-3
-3
-3
-3
-3
-3
-3
-3
-4
-5
-6
-5
-6
-4
-5
-5
-6
-5
-7
-7
-5
-5
-4
-3
-4
-3
-2
-1
-1
1
-1
-2
-2
-2
-3
-3
-2
-2
-1
2
2
2
1
0
0
1
3
3
4
3
4
3
1
2
4
4
4
5
5
5
4
4
4
4
2
2
2
2
2
2
3
3
3
1
2
1
2
2
2
3
2
1
0
0
0
-1
0
0
-1
-2
1
1
1
1
0
0
-1
-1
-2
-2
-1
-2
-1
-2
-4
-4
-4
-4
-1
-1
1
2
2
2
2
-1
-1
0
0
1
1
0
1
1
0
1
1
2
2
4
5
6
6
3
2
3
3
3
3
2
3
4
4
3
5
4
4
3
3
4
4
3
2
1
1
-1
0
-1
-1
0
0
0
0
1
0
-1
-1
-2
-2
-3
-3
-2
-2
-2
-2
-2
-2
-2
-2
-2
-2
-2
-1
-1
-1
0
0
-1
-1
-1
-2
-1
0
-1
0
0
1
0
-1
-1
-1
-1
-1
-2
-2
-1
0
0
0
0
0
1
-1
0
0
-1
-1
-2
-2
0
-1
1
2
2
1
3
3
2
3
4
3
3
4
4
3
3
3
1
0
-1
-2
-2
-3
-3
-2
-2
-3
-2
-1
-1
0
-2
-3
-3
-2
-2
-3
-3
-3
-3
-4
-4
-4
-4
-3
-3
-2
-2
-2
-2
-3
-1
-1
-1
0
0
1
2
1
0
-1
0
-1
-1
-1
-1
1
-1
-1
0
0
1
2
2
2
2
3
3
3
2
2
2
2
4
3
2
3
2
2
2
2
3
3
3
3
1
3
3
3
4
3
3
4
4
3
3
1
3
1
3
3
3
2
1
2
1
2
0
-1
-3
-2
-1
-1
-1
-2
-2
-2
-3
-3
-3
-2
0
-1
-1
-1
-2
-3
-3
-4
-4
-4
-5
-4
-3
-3
-4
-4
-3
-2
-2
-1
-1
-1
1
0
0
1
1
0
0
0
0
1
2
1
3
2
1
2
3
3
3
4
5
5
5
5
6
5
5
4
4
3
3
4
2
2
2
0
0
-1
0
-1
0
0
0
1
0
-1
0
-2
-2
-4
-3
-2
-2
-1
-1
-2
-2
-3
-5
-6
-6
-5
-4
-4
-3
-2
-2
-4
-4
-3
-3
-3
-2
-1
-3
-3
-3
-4
-3
-2
-3
-5
-3
-4
-4
-2
-2
-1
-1
-3
-3
-3
-1
-2
0
0
0
0
1
1
2
2
1
1
0
2
1
3
3
2
3
3
4
3
2
2
3
4
4
4
4
5
5
5
4
3
3
4
2
4
2
3
2
1
2
3
3
2
1
0
-1
-1
0
0
1
0
-1
-1
-1
-2
-3
-3
-3
-2
-3
-2
-1
-2
-3
-1
-3
-4
-3
-3
-3
-1
-2
-3
-2
-3
-2
-1
0
-1
-2
-1
0
-1
-1
0
1
1
1
1
1
1
2
2
2
1
2
3
4
4
2
3
2
1
1
1
2
2
3
3
5
4
4
5
5
5
6
6
5
4
2
3
2
1
1
1
2
3
2
1
0
0
-1
-1
0
-1
1
1
-1
-1
-2
-2
-2
-2
-2
-2
-4
-5
-7
-6
-7
-6
-7
-6
-6
-6
-6
-7
-7
-7
-6
-5
-6
-4
-4
-4
-2
-3
-3
-3
-3
-5
-5
-4
-3
-1
-2
-1
-3
-4
-3
-2
0
0
0
0
0
0
1
-1
0
-1
-1
-2
-1
2
2
3
2
4
3
2
4
3
4
5
4
4
3
2
2
1
1
1
2
2
4
4
4
4
4
2
1
2
2
2
2
2
3
1
2
0
1
0
-1
-2
-1
-2
-3
-2
-3
-3
-2
-2
-2
-3
-3
-4
-5
-5
-3
-2
-2
0
-1
1
-1
-1
-1
-3
-3
-3
-2
-3
-3
-3
-2
0
0
-1
-1
-1
0
-1
-1
-1
-2
-2
1
1
1
1
2
3
3
2
2
3
2
1
3
4
4
3
3
1
2
2
2
3
2
2
4
4
4
2
3
3
3
4
5
3
3
2
2
2
1
1
1
1
2
2
1
1
0
1
1
2
1
2
2
-1
0
0
1
1
0
2
2
2
1
2
-1
-2
-3
-3
-3
-1
-3
-2
-2
-1
0
-1
-2
-3
-4
-4
-4
-2
-2
-1
-1
-1
0
0
0
-1
-1
0
-1
0
1
-1
-1
-1
-2
-3
-2
-1
-2
0
-1
0
0
0
1
1
0
0
0
0
0
1
2
3
3
1
0
-1
0
-1
-1
0
0
0
0
-1
1
0
1
0
1
1
1
2
2
3
0
2
1
1
1
0
0
1
0
1
1
-1
-1
-2
-3
-2
-2
-3
-1
1
-1
0
-2
-2
-2
-3
-2
-1
-2
-2
-1
0
0
-2
-2
-3
-3
-3
-2
0
-1
0
0
1
0
1
1
0
0
0
1
0
2
3
3
4
4
3
1
1
1
2
3
3
2
3
2
2
2
1
2
4
4
5
5
6
6
6
4
4
1
3
3
1
0
1
3
2
2
2
0
0
0
0
1
1
2
0
2
1
1
0
-2
-2
-2
-2
-2
-2
0
-2
-1
-2
-2
-2
-1
-2
-3
-2
-2
-1
-2
-2
-3
-3
-2
-2
-3
-2
-1
-1
-1
0
1
1
0
-1
-3
-2
-3
-2
-1
-2
-2
-3
-1
-2
-2
-2
-1
-2
-1
-2
-2
0
-1
0
-1
0
0
-1
1
1
3
2
2
1
0
-2
-1
-1
1
1
0
1
1
2
2
3
3
3
1
1
1
-1
0
-1
-2
-3
-3
-1
-1
-2
-2
-1
-1
-2
-2
-1
-1
-1
-1
-2
-3
-2
-3
-4
-5
-3
-2
-2
0
-1
-2
-3
-3
-3
-2
-1
-1
1
1
1
1
1
0
0
0
0
2
1
1
1
2
1
1
0
1
-1
0
0
3
2
3
2
1
1
0
0
0
-1
-2
0
0
2
1
1
1
0
1
0
0
0
0
-1
0
-1
0
0
0
0
1
1
2
1
0
-1
-3
-4
-2
-3
-1
0
-1
-1
0
0
0
1
0
0
0
-1
0
-1
0
0
0
-1
-2
-1
0
1
-1
0
-1
-1
0
0
-2
-1
-2
-2
-2
0
1
0
1
1
2
2
3
2
2
3
2
1
3
1
1
0
1
1
1
0
1
1
1
1
1
2
1
3
-1
1
1
0
2
2
2
3
2
2
2
0
0
1
-1
0
-1
0
1
1
0
-1
-1
-1
-1
0
0
1
-1
-2
-1
-1
-1
0
1
1
-1
0
2
1
1
-1
-1
-2
-3
-3
-2
-3
-3
-4
-3
-2
-2
0
-2
-1
-1
0
0
0
0
0
1
1
1
2
1
1
3
3
3
2
1
-1
-1
-1
0
1
0
0
1
1
1
2
2
4
3
2
2
1
1
2
3
3
1
0
-1
-1
0
0
-1
-2
-3
-2
-3
-3
-3
-3
-3
-3
-3
-2
-1
-1
-1
0
-1
-1
-3
-2
-2
-2
0
-1
-2
-2
-3
-2
-1
-1
-2
-2
-1
-1
1
0
1
0
-1
-1
-2
-1
1
2
2
1
2
0
0
1
1
1
2
1
1
1
2
1
2
2
2
0
1
3
1
2
1
0
2
1
1
0
2
2
1
1
0
0
0
0
1
2
3
1
1
-1
0
1
0
0
1
0
0
-2
-2
-1
-1
-2
-2
-2
-2
-3
-4
-3
-2
-2
-2
-3
-2
-2
-3
-3
-1
-1
-1
-1
0
1
-1
-1
-1
-1
0
1
2
2
1
1
1
1
3
2
2
1
1
1
2
1
1
2
2
2
1
3
3
3
5
3
2
3
4
3
2
2
0
-1
1
1
2
3
2
0
0
0
1
1
1
1
0
-2
-2
-1
-3
1
0
-1
2
2
0
0
0
-3
-3
-1
-1
-1
-1
-4
-3
-3
-2
-1
-2
-1
-1
-3
-3
-2
-2
-2
1
0
1
2
1
0
-1
-1
-1
0
1
1
2
1
0
-1
-1
-1
0
1
1
2
4
3
3
4
5
6
6
6
5
5
4
5
4
4
5
3
2
3
3
2
3
2
3
4
4
4
5
3
2
2
2
1
1
1
1
1
1
2
1
2
0
-1
-1
-2
-1
0
-2
-1
-1
-1
-1
-1
-1
-1
-1
-2
0
0
-1
-2
-1
-1
-2
-2
-2
-3
-2
-4
-5
-4
-3
-4
-5
-4
-3
-3
-4
-3
-5
-3
-1
-1
-1
-1
-1
-1
-2
-2
-2
-3
-2
-2
-2
-1
-1
-3
-3
-2
-3
-2
-3
-4
-5
-4
-3
-4
-4
-6
-5
-5
-4
-3
-4
-4
-4
-4
-1
0
0
-1
1
0
-1
0
-1
-2
0
2
2
1
2
0
0
1
0
0
-1
0
0
1
-1
-1
-1
-3
0
0
-1
-1
-2
-3
-2
-1
-1
0
-1
-2
-1
-2
-1
-2
-1
-2
-2
0
-1
-1
-1
-1
-2
-2
-2
-3
-1
-3
-2
-3
-4
-2
0
0
0
1
-2
-3
-1
-3
-4
-2
-2
-3
-3
-3
-4
-1
0
-1
1
2
3
6
6
7
7
6
8
6
6
7
7
6
4
5
5
6
6
7
8
11
11
12
14
16
18
21
23
25
26
28
27
29
30
30
30
31
32
32
34
35
37
37
37
37
36
36
37
35
33
35
33
29
28
26
23
22
21
19
17
15
13
12
13
10
6
4
2
0
-5
-7
-11
-16
-20
-23
-28
-31
-34
-40
-44
-49
-55
-60
-65
-72
-77
-82
-88
-92
-99
-106
-113
-118
-122
-127
-133
-139
-144
-150
-152
-152
-151
-148
-146
-140
-133
-121
-110
-97
-83
-68
-50
-30
-9
14
36
59
79
99
118
135
151
165
178
193
204
217
227
235
241
246
248
250
254
256
257
259
260
258
256
254
249
244
238
228
222
216
208
197
185
172
159
153
146
139
130
121
113
109
105
100
101
92
86
78
66
54
40
21
0
-23
-52
-80
-112
-154
-193
-235
-281
-322
-364
-407
-447
-487
-528
-562
-595
-624
-645
-664
-682
-696
-705
-718
-721
-721
-720
-713
-707
-700
-683
-659
-637
-606
-572
-535
-487
-431
-371
-303
-227
-151
-67
22
113
207
303
394
484
573
654
730
804
858
906
950
980
1004
1021
1021
1015
999
974
943
909
866
817
768
715
658
603
544
488
434
379
326
275
231
191
156
120
88
61
35
17
4
-8
-18
-25
-34
-42
-49
-57
-67
-78
-96
-112
-131
-157
-187
-225
-268
-312
-357
-409
-462
-520
-581
-641
-701
-763
-822
-878
-930
-976
-1022
-1067
-1105
-1142
-1173
-1190
-1204
-1209
-1205
-1198
-1182
-1150
-1110
-1058
-989
-914
-823
-708
-583
-448
-302
-155
-5
165
338
507
678
828
961
1097
1218
1322
1415
1478
1517
1548
1556
1550
1531
1481
1419
1355
1277
1198
1119
1018
914
820
724
632
554
463
376
300
220
146
86
16
-47
-93
-140
-177
-205
-237
-263
-277
-290
-288
-273
-265
-247
-221
-199
-164
-123
-94
-59
-22
2
29
50
57
60
57
43
27
-1
-40
-81
-128
-184
-237
-297
-365
-425
-489
-550
-602
-659
-719
-768
-816
-860
-891
-923
-954
-976
-995
-1016
-1023
-1034
-1046
-1047
-1052
-1050
-1037
-1026
-1011
-981
-949
-909
-842
-772
-689
-577
-462
-334
-180
-31
126
305
475
646
826
981
1122
1268
1384
1486
1582
1633
1665
1687
1676
1650
1616
1543
1459
1374
1259
1147
1038
903
774
655
520
399
292
173
66
-26
-129
-217
-284
-359
-420
-459
-502
-527
-531
-541
-537
-512
-492
-457
-404
-354
-297
-223
-162
-90
-9
54
116
181
226
267
308
323
332
337
322
299
271
219
161
104
30
-43
-117
-207
-293
-379
-472
-560
-639
-724
-802
-872
-942
-1000
-1047
-1099
-1141
-1169
-1195
-1205
-1208
-1214
-1211
-1200
-1184
-1153
-1111
-1064
-1006
-935
-855
-753
-626
-493
-345
-187
-27
150
340
531
718
902
1065
1223
1380
1513
1634
1736
1804
1856
1889
1895
1885
1854
1792
1724
1642
1540
1431
1312
1172
1034
896
746
607
462
311
173
37
-95
-214
-327
-437
-528
-606
-680
-732
-773
-807
-818
-813
-800
-770
-731
-687
-626
-558
-486
-402
-318
-237
-153
-73
1
71
130
174
214
240
255
263
255
230
198
157
104
47
-15
-89
-166
-246
-330
-413
-496
-575
-650
-722
-783
-837
-887
-925
-956
-980
-991
-998
-995
-983
-965
-947
-916
-883
-849
-806
-760
-713
-657
-598
-534
-456
-367
-268
-157
-43
74
205
341
480
625
764
892
1019
1139
1247
1349
1434
1494
1543
1576
1588
1593
1576
1538
1492
1434
1358
1281
1192
1087
981
863
739
622
502
376
254
128
4
-111
-226
-339
-441
-536
-622
-692
-753
-806
-842
-869
-882
-872
-855
-827
-781
-726
-667
-591
-514
-435
-350
-266
-186
-106
-35
30
89
139
179
213
238
246
247
235
211
183
148
107
61
3
-55
-118
-182
-245
-309
-374
-437
-494
-550
-597
-636
-674
-701
-722
-734
-740
-738
-732
-720
-702
-683
-656
-624
-592
-550
-508
-464
-414
-361
-304
-241
-169
-101
-23
56
136
224
314
399
485
567
643
720
792
857
914
962
997
1023
1040
1043
1040
1025
999
967
926
874
817
752
681
610
535
459
386
311
236
166
96
25
-43
-108
-171
-225
-274
-318
-357
-395
-426
-446
-460
-465
-462
-451
-435
-410
-377
-337
-291
-241
-190
-140
-89
-39
12
57
98
133
160
180
195
200
198
189
174
150
120
85
43
-3
-52
-102
-155
-204
-254
-306
-351
-396
-438
-476
-507
-537
-560
-574
-588
-595
-599
-600
-595
-592
-585
-574
-561
-544
-525
-503
-481
-457
-426
-395
-358
-314
-270
-219
-161
-101
-36
35
104
178
256
331
406
482
547
609
668
721
769
806
836
851
863
864
855
844
817
787
752
708
661
610
551
490
430
367
303
239
170
101
35
-31
-94
-152
-212
-264
-310
-351
-386
-413
-436
-454
-461
-465
-461
-451
-439
-420
-395
-365
-329
-293
-258
-219
-178
-139
-100
-58
-24
9
40
65
92
113
130
144
153
158
162
161
154
144
132
116
101
83
64
45
23
-1
-25
-47
-70
-90
-108
-124
-142
-161
-179
-198
-216
-234
-252
-272
-294
-315
-338
-358
-377
-393
-407
-417
-420
-415
-403
-383
-354
-318
-277
-228
-169
-109
-42
24
90
156
220
278
334
386
431
469
498
516
525
528
526
517
505
488
464
436
406
372
341
308
274
237
199
163
129
94
62
30
0
-28
-56
-81
-104
-123
-139
-150
-156
-157
-151
-140
-126
-107
-84
-57
-27
9
49
91
135
175
213
245
275
302
328
346
359
365
364
362
351
336
316
292
265
233
201
166
128
90
49
8
-34
-75
-116
-162
-207
-249
-292
-333
-372
-410
-448
-485
-523
-563
-597
-630
-661
-685
-705
-723
-736
-747
-752
-756
-751
-739
-720
-698
-667
-628
-587
-537
-482
-422
-357
-287
-215
-142
-67
7
79
150
218
282
336
388
433
469
501
526
545
556
563
566
561
555
543
530
513
498
482
466
449
428
409
388
366
345
321
301
280
261
242
225
213
197
184
174
166
161
160
160
163
167
174
182
191
199
205
209
211
212
210
207
199
185
169
148
124
97
66
35
0
-36
-71
-106
-143
-177
-209
-243
-274
-304
-334
-363
-388
-413
-438
-459
-479
-500
-519
-538
-554
-569
-582
-593
-602
-609
-613
-616
-616
-615
-611
-603
-593
-578
-562
-541
-517
-494
-466
-435
-403
-362
-317
-271
-223
-171
-115
-59
0
60
120
179
241
299
353
409
460
506
553
593
627
654
677
696
708
717
719
716
708
695
677
654
632
606
577
547
517
483
449
415
380
346
313
279
247
217
187
156
129
100
73
50
26
6
-12
-28
-46
-62
-75
-86
-96
-103
-108
-115
-119
-122
-126
-129
-132
-134
-138
-139
-141
-146
-151
-156
-162
-169
-177
-183
-195
-206
-218
-231
-243
-256
-270
-283
-294
-307
-320
-335
-347
-360
-369
-377
-384
-389
-395
-399
-401
-404
-405
-405
-403
-398
-392
-385
-377
-369
-357
-345
-331
-314
-294
-269
-245
-218
-188
-157
-119
-79
-36
10
56
105
155
203
252
301
347
390
430
470
506
539
563
577
586
591
593
589
582
569
550
527
499
468
432
398
364
329
295
261
230
199
170
142
115
89
65
43
25
9
-6
-20
-33
-47
-59
-68
-74
-78
-82
-86
-87
-85
-81
-75
-67
-58
-50
-40
-29
-18
-9
3
10
15
20
22
21
18
10
0
-14
-30
-48
-68
-92
-118
-145
-173
-202
-231
-261
-289
-315
-339
-359
-377
-391
-406
-417
-423
-428
-429
-427
-425
-418
-411
-402
-390
-375
-361
-346
-331
-314
-295
-273
-253
-232
-207
-178
-147
-117
-84
-49
-14
23
64
104
146
188
228
265
301
337
367
395
418
437
453
465
471
473
469
460
444
428
409
389
369
346
321
295
272
249
227
209
189
174
160
148
140
131
125
119
115
111
109
108
105
103
102
101
97
96
93
86
82
77
71
65
61
56
52
45
40
34
25
16
8
-1
-11
-22
-35
-49
-66
-86
-102
-121
-140
-160
-182
-204
-227
-249
-269
-289
-307
-321
-335
-346
-356
-363
-365
-365
-364
-360
-353
-343
-330
-316
-299
-279
-261
-243
-224
-203
-185
-165
-145
-127
-106
-86
-67
-49
-29
-12
5
20
37
55
69
85
100
115
129
140
154
170
181
193
202
211
217
221
224
226
227
225
220
215
208
202
195
186
176
169
160
149
144
140
138
135
133
134
137
142
150
154
163
170
172
176
177
180
181
181
180
174
165
158
147
132
123
105
85
67
46
29
12
-10
-37
-63
-87
-107
-121
-141
-163
-185
-210
-231
-248
-264
-275
-288
-306
-318
-325
-332
-328
-327
-329
-329
-323
-312
-301
-280
-257
-239
-215
-190
-165
-136
-106
-76
-52
-36
-14
12
32
56
77
96
108
117
127
129
130
137
139
136
132
131
129
113
101
91
71
58
44
30
9
0
-3
-14
-13
-25
-31
-34
-29
-20
-17
-13
-5
1
12
22
36
48
55
65
74
85
90
101
108
108
122
125
132
139
138
138
130
128
118
123
115
107
105
88
68
58
47
27
4
-9
-26
-51
-64
-84
-94
-105
-122
-124
-140
-150
-147
-151
-159
-154
-151
-155
-154
-148
-145
-128
-113
-114
-105
-102
-89
-82
-72
-57
-42
-31
-34
-21
-3
11
24
33
40
46
56
63
74
82
80
82
87
83
87
87
77
65
63
65
49
43
45
28
17
17
10
3
-7
-17
-24
-41
-50
-58
-78
-93
-101
-110
-118
-127
-138
-159
-163
-171
-168
-161
-156
-150
-158
-145
-125
-115
-88
-63
-45
-31
-10
10
34
59
86
105
124
128
140
151
176
177
194
190
194
195
160
210
150
504
163
-117
219
367
248
-139
200
150
21
48
71
50
-83
57
-17
-103
-34
25
-5
-105
-23
4
-72
-13
37
-27
-52
11
4
-24
7
11
-10
-24
-23
19
-49
-44
60
17
-39
13
55
33
38
63
64
8
51
75
145
123
-35
78
58
67
196
80
-100
-123
109
85
-151
-104
-72
-80
-162
-133
-119
-190
-128
-157
-205
-204
-159
-111
-193
-185
-158
-208
-181
-162
-180
-204
-182
-171
-173
-163
-155
-110
-102
-118
-68
-78
-80
17
35
35
52
85
115
130
133
158
179
158
188
209
223
177
195
226
177
173
190
195
161
160
169
143
147
175
135
106
123
120
71
54
76
51
17
36
25
7
-11
-4
-19
-31
-7
-14
-21
-46
13
-1
-68
-13
25
-64
-62
2
-23
-57
-56
0
-79
-65
-54
-43
-66
-71
-26
-106
-37
-56
-64
-50
-61
-21
-76
-60
-27
-46
-60
-69
-43
-67
-89
-53
-73
-95
-102
-71
-120
-99
-77
-126
-93
-130
-83
-140
-123
-129
-127
-93
-162
-126
-117
-87
-132
-124
-115
-119
-97
-122
-70
-68
-48
-53
-46
18
33
54
74
90
124
148
153
191
197
211
231
254
275
249
229
264
260
231
258
240
210
210
197
196
182
190
166
114
90
138
112
46
67
65
-19
18
86
-52
-68
-20
-40
-124
-121
-31
-128
-145
-33
-116
-159
-96
-52
-76
-109
-24
49
-134
-65
238
22
-134
81
196
-35
-157
83
-9
-69
-55
-62
-107
-96
13
-47
-104
-43
-7
-62
-62
39
-57
-105
-36
-10
-87
-130
0
-123
-151
-134
-123
-180
-181
-114
-163
-264
-217
-115
-228
-229
-126
-149
-234
-193
-79
-149
-193
-75
-129
-94
-80
-46
-53
-96
21
-10
11
-2
117
86
54
212
138
197
216
264
281
243
314
257
303
295
274
271
278
281
201
194
256
236
144
167
144
111
75
52
125
-22
17
8
9
-82
-93
43
-82
-75
-99
-70
-102
-112
-14
-141
-159
-13
-126
-107
-189
32
-96
-155
43
-133
-14
-83
46
-88
-99
162
-123
26
47
-51
4
-1
161
-104
28
15
-17
241
3
-114
10
206
126
-186
-47
-4
-87
-94
-187
-86
-210
-187
-94
-242
-193
-229
-142
-222
-279
-180
-239
-205
-307
-170
-158
-218
-227
-164
-155
-222
-101
-88
-86
-109
-56
-8
16
67
-20
118
98
194
180
200
283
215
340
288
373
305
420
354
293
412
319
344
329
290
272
313
215
228
215
171
133
131
179
1
65
87
14
14
-60
-17
-146
26
-84
-167
-76
-65
-89
-201
-81
-37
-119
-156
23
-185
-177
-61
36
-16
-206
68
-40
-88
-43
92
43
-217
165
39
-57
26
88
94
-72
135
-22
17
-10
-24
-15
-86
74
-201
-61
-58
-41
-167
-229
15
-169
-114
-205
-190
-230
-220
-155
-354
-226
-170
-337
-343
-237
-252
-336
-269
-184
-302
-376
-161
-229
-308
-141
-63
-166
-170
37
13
-30
76
125
230
172
241
301
286
376
321
394
405
440
402
380
415
413
423
366
360
360
295
331
277
220
173
204
190
75
63
88
67
-131
-74
-64
-59
-153
-184
-67
-245
-224
-177
-137
-163
-262
-116
-238
-150
-89
-138
-114
-151
20
-18
-81
51
-32
24
3
42
197
-41
210
11
116
91
30
212
42
126
-28
132
136
-30
3
28
50
-126
-23
53
-184
-177
-131
-32
-356
-160
-171
-284
-269
-361
-200
-446
-335
-242
-459
-444
-278
-429
-487
-368
-263
-391
-424
-280
-349
-272
-202
-193
-111
-101
-57
-69
67
213
166
297
304
277
382
456
573
555
572
561
532
599
606
658
628
547
506
522
509
405
383
369
328
240
192
196
158
-9
-37
129
-74
-165
-25
-125
-248
-296
-78
-174
-261
-208
-203
-250
-216
-121
-158
-207
-185
-43
-123
-79
-77
-6
-5
-94
77
8
65
-48
34
131
18
117
26
-9
-71
141
98
24
9
-53
-133
-146
70
-137
-80
-256
-86
-371
-272
-238
-421
-202
-439
-429
-498
-408
-571
-499
-480
-458
-630
-538
-528
-702
-535
-490
-409
-595
-498
-495
-481
-334
-216
-202
-278
-116
-172
8
163
259
304
279
409
440
655
729
731
762
718
791
879
965
923
881
866
796
793
845
819
653
571
599
516
462
402
304
229
190
105
166
11
-90
-152
-96
-159
-300
-13
-311
-351
-382
-133
-295
-341
-174
-218
-292
-308
78
-265
-116
-158
37
-13
-35
133
-163
160
33
148
100
68
104
33
87
31
123
49
6
-53
-13
-161
-94
-72
-184
-225
-321
-317
-444
-340
-377
-565
-435
-595
-555
-627
-563
-656
-733
-460
-743
-732
-698
-598
-696
-725
-522
-682
-615
-509
-471
-277
-384
-167
-126
-166
90
218
440
333
432
561
612
833
944
1005
960
970
1090
1143
1211
1179
1192
1151
1069
1123
1084
996
882
888
831
683
591
533
434
291
280
207
119
-22
-134
-204
-212
-202
-321
-402
-456
-494
-497
-389
-465
-512
-468
-454
-414
-440
-163
-296
-429
-187
-176
-84
-36
7
-77
-94
141
168
86
136
39
10
83
110
112
-18
74
-39
-176
-65
-86
-177
-397
-167
-294
-475
-466
-512
-549
-704
-424
-685
-687
-899
-801
-813
-808
-565
-911
-908
-1025
-814
-833
-807
-754
-853
-856
-586
-473
-627
-507
-223
-164
-67
85
201
158
344
708
821
838
836
929
922
1146
1376
1397
1265
1105
1148
1256
1338
1322
1299
1070
897
923
983
917
703
631
484
371
277
281
107
-97
-102
-172
-331
-442
-529
-497
-502
-656
-574
-717
-756
-735
-601
-506
-600
-628
-590
-549
-430
-224
-230
-322
-296
-106
-87
20
116
192
159
138
262
167
268
338
292
244
148
180
131
119
14
-7
59
-238
-238
-301
-292
-411
-406
-380
-742
-641
-749
-659
-784
-746
-720
-1151
-908
-864
-771
-973
-961
-879
-961
-838
-679
-576
-879
-531
-342
-290
-225
-35
108
86
245
626
727
713
828
927
994
1103
1400
1349
1257
1217
1328
1430
1405
1418
1340
1124
1161
1136
1112
1004
810
779
625
551
413
333
195
19
-3
-100
-238
-381
-469
-479
-560
-582
-589
-731
-820
-755
-595
-658
-658
-633
-628
-564
-432
-329
-386
-205
-208
-121
-27
66
73
103
248
234
328
392
392
301
289
318
379
401
277
139
144
135
-8
-57
-98
-172
-250
-334
-507
-698
-567
-614
-662
-883
-926
-1106
-1083
-830
-1149
-1051
-1192
-1100
-1301
-1107
-825
-1079
-849
-929
-843
-701
-422
-158
-330
-83
-19
2
450
692
659
639
880
946
935
1310
1474
1293
1265
1352
1413
1354
1497
1629
1347
1224
1182
1233
1157
1006
1043
870
621
475
469
419
244
120
-18
-231
-367
-386
-312
-510
-666
-667
-782
-852
-767
-707
-744
-795
-831
-763
-700
-551
-471
-438
-417
-367
-291
-104
-45
11
194
209
217
275
422
401
436
554
488
395
429
497
451
340
277
256
94
77
-15
-38
-167
-383
-317
-642
-637
-652
-691
-855
-1056
-951
-1261
-1148
-1124
-1093
-1307
-1316
-1118
-1381
-1115
-929
-1008
-1096
-846
-596
-605
-309
-239
-214
-229
354
552
482
657
700
855
1004
1436
1414
1272
1263
1452
1607
1623
1654
1618
1429
1329
1431
1468
1388
1157
1095
969
774
728
691
500
296
166
82
-83
-251
-340
-355
-523
-726
-710
-815
-866
-887
-872
-917
-1094
-1004
-826
-779
-853
-782
-716
-714
-550
-160
-275
-491
-95
-16
84
263
408
210
116
582
674
494
638
592
429
500
723
541
336
411
276
191
140
2
-54
-272
-295
-404
-641
-633
-900
-838
-1018
-1076
-1207
-1262
-1231
-1391
-1314
-1413
-1285
-1342
-1100
-1190
-1281
-1068
-740
-525
-685
-411
-303
-241
125
459
506
444
650
963
998
1210
1402
1389
1280
1453
1679
1584
1619
1680
1583
1513
1481
1516
1504
1295
1228
1173
1008
809
802
751
501
329
223
87
-116
-169
-189
-424
-668
-645
-689
-775
-853
-907
-905
-1082
-1043
-919
-913
-954
-730
-757
-967
-642
-463
-377
-297
-241
-242
-298
171
362
116
312
301
288
424
687
643
362
545
510
478
468
510
329
145
151
112
-99
-185
-188
-396
-462
-701
-806
-893
-863
-977
-1106
-1276
-1391
-1367
-1194
-1249
-1275
-1243
-1444
-1179
-1035
-770
-741
-801
-606
-500
-255
140
185
231
291
556
743
898
1186
1238
1263
1184
1420
1585
1525
1668
1703
1534
1458
1516
1629
1513
1407
1342
1200
1042
965
982
832
589
456
351
199
20
-9
-30
-370
-542
-520
-595
-699
-713
-728
-939
-1059
-931
-815
-838
-898
-859
-868
-849
-593
-429
-483
-533
-408
-208
-166
-13
117
27
33
164
272
344
403
461
333
304
387
352
425
358
268
125
31
44
-81
-82
-242
-395
-563
-679
-648
-758
-728
-936
-1094
-1225
-1223
-1010
-1061
-983
-1232
-1414
-1111
-846
-692
-750
-714
-675
-638
-186
126
86
49
198
508
563
786
1004
996
960
1044
1324
1361
1278
1485
1519
1348
1329
1443
1512
1311
1300
1285
1107
966
996
1022
745
549
494
404
242
95
80
-84
-376
-353
-326
-509
-688
-678
-677
-880
-904
-765
-857
-937
-858
-796
-866
-793
-587
-625
-613
-532
-474
-359
-223
-90
-94
-96
-2
88
236
258
245
253
237
333
355
379
264
202
210
173
105
18
15
-134
-239
-316
-390
-561
-633
-561
-642
-933
-952
-933
-1006
-914
-980
-899
-1156
-1142
-796
-765
-665
-723
-622
-484
-470
-110
81
95
48
233
570
534
751
906
925
923
974
1292
1271
1182
1402
1362
1261
1254
1388
1423
1214
1173
1186
1040
911
984
938
674
512
492
398
254
123
104
-73
-263
-245
-339
-452
-534
-561
-634
-759
-769
-710
-682
-786
-848
-779
-750
-658
-551
-515
-604
-589
-373
-275
-222
-160
-161
-198
-84
51
74
113
142
81
70
152
196
221
212
149
14
-21
47
4
-111
-230
-307
-356
-449
-499
-586
-652
-786
-844
-928
-972
-881
-1017
-867
-959
-1103
-912
-727
-553
-732
-658
-398
-448
-122
156
121
45
220
652
610
708
945
946
913
1026
1280
1287
1195
1404
1364
1203
1184
1346
1466
1186
1149
1116
973
942
995
922
598
464
471
429
308
122
57
-138
-299
-237
-318
-454
-572
-577
-620
-827
-755
-599
-710
-819
-786
-760
-768
-632
-501
-563
-654
-564
-399
-385
-284
-194
-292
-195
-133
-38
6
37
81
15
105
132
117
133
141
92
26
49
56
-86
-138
-168
-264
-349
-399
-430
-572
-686
-717
-785
-734
-795
-928
-819
-928
-950
-752
-645
-598
-723
-523
-367
-408
-76
152
85
3
281
599
569
719
889
908
860
991
1306
1233
1135
1320
1319
1213
1187
1391
1415
1144
1105
1188
1057
916
1001
911
640
520
520
480
268
101
131
-51
-273
-270
-281
-444
-571
-524
-667
-820
-698
-623
-726
-836
-816
-749
-749
-623
-597
-699
-600
-500
-437
-413
-388
-308
-285
-209
-132
-115
-97
-18
67
-24
-11
119
144
97
36
54
37
16
40
-24
-139
-179
-197
-247
-342
-386
-428
-516
-573
-681
-590
-671
-734
-551
-810
-798
-607
-419
-503
-701
-345
-241
-267
-26
144
39
32
431
644
464
572
802
920
818
918
1174
1044
1044
1218
1199
1104
1063
1280
1288
950
964
1069
986
847
862
752
551
498
479
441
206
96
143
-43
-269
-286
-285
-411
-552
-546
-617
-815
-734
-656
-775
-841
-796
-748
-787
-703
-667
-733
-667
-564
-494
-490
-436
-400
-401
-280
-188
-193
-175
-103
-45
-52
-21
23
14
43
81
45
-26
-2
-14
-82
-130
-178
-171
-240
-342
-369
-467
-484
-533
-546
-533
-755
-553
-567
-793
-671
-477
-350
-575
-492
-202
-321
-182
143
129
9
177
587
441
436
750
858
762
773
1121
1076
918
1178
1225
1067
1054
1222
1314
1064
985
1123
1026
886
958
924
687
568
618
554
368
229
273
126
-107
-61
-118
-294
-387
-374
-418
-636
-659
-527
-653
-742
-663
-708
-814
-671
-568
-712
-758
-621
-547
-582
-512
-428
-519
-496
-290
-285
-353
-274
-191
-215
-182
-121
-117
-96
-83
-78
-128
-138
-65
-78
-117
-216
-269
-266
-249
-262
-336
-471
-587
-489
-339
-502
-632
-459
-596
-584
-379
-300
-379
-435
-130
-118
-270
97
305
194
116
410
558
449
691
832
746
624
902
1142
904
916
1125
1016
900
1004
1172
1021
841
950
954
743
728
841
688
495
459
479
352
215
192
148
-36
-179
-137
-185
-333
-387
-375
-489
-652
-569
-476
-659
-735
-620
-665
-729
-591
-509
-728
-731
-521
-515
-572
-488
-433
-549
-465
-275
-362
-400
-284
-240
-307
-266
-140
-233
-253
-148
-147
-210
-225
-149
-179
-269
-226
-262
-286
-287
-247
-346
-383
-398
-294
-321
-465
-295
-409
-320
-235
-202
-163
-191
-33
50
30
220
263
312
368
534
641
579
772
813
835
845
937
1061
980
1015
1098
994
1007
1052
1065
976
883
908
887
788
717
729
617
485
453
380
278
172
111
45
-72
-131
-199
-272
-357
-377
-441
-486
-528
-571
-525
-572
-651
-621
-592
-632
-589
-547
-592
-599
-502
-452
-513
-501
-414
-383
-406
-333
-284
-344
-306
-249
-228
-208
-236
-223
-255
-278
-221
-218
-277
-320
-329
-348
-366
-358
-431
-504
-461
-453
-487
-591
-464
-379
-426
-569
-581
-286
-175
-219
-281
-205
-125
49
281
260
77
266
535
587
533
665
836
714
749
940
981
917
999
1076
931
862
1039
1127
987
811
826
809
743
812
702
497
395
425
435
277
161
95
-8
-87
-83
-162
-312
-277
-254
-451
-520
-434
-430
-485
-495
-519
-675
-547
-321
-466
-590
-485
-417
-450
-368
-328
-414
-404
-279
-268
-357
-294
-193
-264
-296
-234
-250
-179
-205
-293
-270
-296
-249
-267
-280
-366
-457
-369
-381
-440
-486
-482
-518
-591
-495
-453
-492
-424
-550
-510
-258
-157
-163
-239
-102
-34
102
388
360
247
365
629
690
674
863
863
819
885
993
1028
995
1082
1063
912
928
1047
1069
945
821
786
749
727
715
668
470
351
398
359
221
133
72
-39
-159
-146
-191
-328
-315
-333
-471
-600
-474
-393
-498
-525
-592
-621
-525
-383
-405
-563
-530
-413
-395
-351
-323
-367
-401
-313
-257
-322
-264
-214
-239
-329
-329
-208
-244
-309
-303
-350
-433
-414
-350
-397
-505
-534
-529
-560
-536
-518
-615
-656
-590
-639
-578
-380
-548
-724
-437
-161
-262
-361
-128
-23
-107
219
431
213
269
641
735
557
750
1027
982
873
1022
1172
1080
1152
1287
1118
985
1103
1236
1136
926
932
950
814
779
796
636
475
491
474
299
134
177
137
-93
-137
-153
-282
-320
-288
-408
-608
-509
-388
-494
-584
-593
-591
-580
-435
-444
-603
-537
-437
-438
-407
-327
-361
-418
-322
-262
-322
-293
-222
-277
-345
-298
-241
-276
-300
-314
-392
-426
-375
-365
-455
-539
-577
-572
-563
-568
-612
-681
-716
-702
-649
-567
-622
-722
-544
-397
-429
-454
-264
-126
-166
-35
184
174
213
474
612
520
593
900
946
875
967
1114
1092
1099
1269
1216
1060
1158
1279
1180
1037
1063
1071
939
902
892
756
645
631
543
368
293
296
203
44
-59
-108
-189
-246
-267
-357
-492
-555
-483
-494
-590
-566
-622
-702
-635
-530
-540
-652
-548
-493
-580
-471
-342
-400
-449
-338
-318
-370
-254
-173
-270
-327
-236
-200
-264
-234
-231
-340
-344
-307
-367
-401
-397
-467
-515
-501
-519
-560
-549
-570
-648
-626
-428
-489
-681
-479
-308
-357
-375
-228
-150
-190
36
231
55
96
423
588
449
531
792
787
787
927
1039
979
1013
1227
1183
1074
1187
1249
1181
1088
1108
1147
1041
983
967
845
723
716
684
529
405
342
268
165
95
27
-43
-120
-249
-295
-315
-356
-397
-452
-496
-600
-556
-504
-635
-627
-598
-644
-652
-583
-570
-643
-562
-518
-602
-542
-469
-494
-552
-461
-419
-541
-469
-396
-488
-502
-449
-468
-522
-503
-473
-552
-574
-523
-543
-590
-584
-589
-623
-544
-423
-620
-651
-398
-286
-347
-418
-250
-222
-187
85
130
-43
62
345
395
302
469
654
578
561
728
845
799
897
1014
871
855
1045
1158
1063
939
1001
1020
953
1013
1016
853
748
799
796
652
591
585
455
297
286
297
167
73
66
-100
-226
-145
-120
-230
-374
-404
-406
-446
-405
-421
-571
-603
-538
-529
-582
-564
-547
-657
-640
-550
-560
-581
-582
-574
-640
-612
-475
-534
-577
-570
-593
-549
-530
-503
-559
-581
-541
-601
-525
-467
-504
-525
-520
-458
-492
-366
-296
-438
-394
-243
-177
-197
-116
-38
-123
6
220
178
141
283
424
354
396
605
607
564
673
772
732
735
912
930
790
832
963
969
892
904
946
863
842
913
852
721
696
757
668
560
569
508
423
391
338
214
178
233
130
-17
-23
-56
-126
-110
-149
-319
-379
-288
-317
-431
-462
-467
-532
-529
-484
-562
-635
-616
-594
-637
-665
-640
-650
-686
-702
-681
-689
-688
-661
-700
-720
-667
-658
-657
-642
-638
-647
-624
-554
-542
-541
-438
-409
-526
-431
-218
-205
-245
-165
-88
-107
26
233
140
56
267
421
301
334
552
542
452
560
672
609
634
793
745
596
694
845
800
695
720
743
705
719
747
686
604
629
648
559
521
526
481
421
386
370
302
299
282
191
143
150
122
58
22
8
-61
-81
-71
-130
-198
-234
-249
-288
-315
-352
-406
-444
-471
-487
-516
-572
-598
-624
-641
-681
-711
-687
-723
-771
-770
-777
-786
-760
-731
-783
-797
-726
-693
-702
-692
-643
-634
-577
-470
-488
-494
-350
-239
-236
-210
-89
-35
-4
138
220
159
241
418
439
414
501
583
565
600
678
664
631
694
743
690
680
730
721
685
658
672
672
637
639
619
558
523
545
544
480
452
456
424
376
363
386
331
282
297
250
193
214
239
178
97
116
100
44
38
27
-59
-139
-115
-138
-222
-243
-275
-356
-396
-384
-432
-541
-581
-593
-649
-685
-686
-720
-789
-799
-785
-801
-808
-819
-798
-796
-794
-733
-706
-687
-637
-567
-536
-532
-399
-281
-253
-212
-135
-63
-15
128
217
173
224
361
428
437
509
573
541
569
665
657
612
647
694
651
616
646
636
594
571
548
512
484
488
462
397
372
368
368
343
288
261
260
265
253
225
223
206
197
216
198
178
190
199
173
150
170
161
148
146
102
65
60
53
-8
-66
-70
-125
-182
-187
-250
-353
-390
-389
-453
-536
-562
-601
-666
-683
-695
-759
-793
-778
-778
-804
-806
-782
-781
-754
-718
-685
-634
-589
-531
-483
-430
-366
-280
-183
-131
-86
-11
64
151
247
293
310
364
457
501
520
562
576
588
631
645
616
600
622
594
536
537
527
493
466
437
371
324
358
355
273
232
223
209
206
227
198
136
151
188
175
170
186
179
174
191
189
172
195
193
155
139
127
108
90
69
6
-73
-95
-129
-192
-253
-328
-392
-447
-503
-557
-628
-701
-745
-775
-807
-862
-892
-885
-898
-915
-891
-851
-844
-801
-703
-698
-657
-507
-388
-356
-296
-145
-52
11
178
279
264
360
530
578
568
665
726
694
714
790
763
691
712
716
603
552
565
499
389
335
286
188
125
119
48
-74
-111
-113
-163
-204
-198
-215
-246
-225
-170
-169
-166
-92
-31
-33
13
110
160
196
264
320
327
362
449
478
437
451
489
459
422
438
399
302
262
249
158
61
29
-36
-162
-235
-289
-384
-458
-498
-582
-675
-710
-738
-776
-803
-827
-853
-833
-802
-800
-784
-734
-689
-640
-572
-510
-467
-387
-288
-233
-174
-84
-6
56
133
201
247
298
365
405
423
457
485
494
506
513
494
495
501
468
434
409
379
346
327
296
233
193
184
151
111
96
69
31
19
26
10
-8
-4
-4
-6
1
13
20
36
50
48
52
78
94
93
92
83
77
79
85
73
45
22
1
-25
-57
-86
-118
-160
-206
-240
-281
-329
-355
-374
-422
-468
-485
-505
-530
-539
-535
-558
-565
-522
-495
-496
-456
-404
-376
-325
-243
-195
-157
-65
26
68
135
236
295
336
424
482
484
533
606
608
598
638
648
609
609
620
558
519
531
486
406
392
377
301
268
270
204
133
147
142
69
64
89
31
6
68
67
18
61
99
51
61
134
121
92
141
153
97
118
156
107
64
77
40
-31
-33
-59
-149
-207
-227
-298
-373
-406
-468
-553
-586
-614
-680
-717
-721
-761
-793
-776
-777
-785
-748
-714
-710
-670
-593
-545
-489
-398
-327
-270
-169
-69
-2
85
189
270
344
434
498
557
626
678
710
742
774
784
792
803
782
756
752
711
653
626
591
513
463
438
358
284
265
217
136
114
107
35
-11
6
-22
-66
-46
-35
-75
-76
-37
-42
-56
-26
-15
-28
-15
9
-5
-15
-11
-27
-47
-61
-91
-123
-157
-206
-259
-295
-348
-415
-464
-509
-577
-628
-659
-711
-766
-795
-806
-835
-853
-840
-839
-838
-801
-754
-715
-671
-598
-524
-460
-377
-264
-164
-84
22
141
234
327
436
527
593
666
751
801
831
873
911
913
906
909
898
850
805
784
733
653
607
569
472
393
364
312
217
174
171
96
35
56
28
-41
-20
8
-51
-66
-1
-18
-49
11
32
-17
17
73
33
22
72
50
8
40
34
-41
-63
-68
-145
-205
-222
-296
-389
-418
-467
-562
-605
-643
-724
-774
-790
-839
-880
-876
-890
-911
-893
-868
-861
-828
-768
-726
-675
-592
-528
-461
-369
-281
-200
-102
0
88
181
274
351
435
519
584
644
713
761
791
839
870
873
886
898
880
857
851
826
781
755
721
664
619
584
529
475
441
392
332
299
269
224
185
156
117
81
60
34
3
-24
-40
-66
-84
-99
-117
-143
-164
-189
-215
-238
-256
-284
-315
-342
-374
-407
-437
-471
-509
-537
-564
-599
-631
-651
-670
-688
-702
-713
-721
-724
-719
-704
-699
-679
-647
-621
-588
-537
-488
-444
-383
-317
-258
-194
-118
-46
21
98
177
242
314
382
438
495
553
595
635
678
708
728
752
766
764
766
766
749
733
728
705
668
651
626
578
550
531
490
441
415
375
328
300
275
228
186
163
124
80
55
29
-11
-42
-63
-100
-135
-155
-182
-220
-245
-266
-303
-329
-349
-384
-419
-441
-465
-499
-517
-537
-570
-584
-596
-613
-627
-628
-637
-646
-635
-624
-621
-606
-588
-567
-542
-508
-476
-441
-401
-363
-321
-273
-225
-178
-123
-75
-24
28
81
127
175
223
268
312
356
394
427
460
489
514
535
556
569
578
589
592
593
596
590
579
566
556
536
519
500
474
445
421
393
360
328
297
262
227
196
158
120
88
52
15
-17
-49
-88
-125
-158
-193
-226
-254
-287
-321
-345
-370
-399
-425
-445
-471
-490
-501
-519
-537
-547
-558
-568
-569
-565
-567
-568
-558
-552
-547
-528
-507
-497
-474
-448
-425
-402
-366
-337
-312
-278
-237
-205
-165
-120
-83
-45
-1
44
83
130
169
205
247
287
322
358
389
419
445
474
498
518
534
547
558
565
573
575
577
573
570
562
551
539
523
505
486
469
451
423
401
376
345
315
289
258
226
197
166
132
103
77
43
9
-17
-48
-79
-101
-128
-157
-185
-212
-239
-262
-279
-299
-322
-336
-356
-375
-387
-401
-415
-424
-429
-434
-441
-442
-440
-442
-435
-425
-417
-409
-394
-383
-367
-347
-325
-302
-277
-248
-223
-193
-164
-129
-98
-61
-26
7
40
79
118
152
185
218
247
281
315
341
363
386
407
422
442
456
464
469
472
471
467
463
456
443
430
413
394
372
352
327
301
274
250
222
195
167
134
105
76
47
21
-8
-37
-66
-92
-117
-141
-163
-183
-201
-220
-233
-249
-265
-279
-288
-299
-307
-315
-323
-330
-337
-341
-345
-349
-351
-353
-352
-350
-347
-347
-344
-339
-337
-332
-322
-312
-304
-298
-288
-274
-259
-240
-222
-205
-186
-167
-148
-127
-106
-87
-65
-41
-18
5
31
54
78
101
127
149
172
192
212
232
251
268
284
299
310
318
327
333
335
339
335
331
328
322
314
305
292
277
263
249
234
219
199
177
159
138
115
96
77
57
39
22
3
-16
-31
-47
-64
-73
-88
-103
-114
-123
-134
-140
-140
-145
-153
-157
-156
-161
-160
-158
-159
-161
-158
-155
-157
-155
-152
-151
-150
-144
-139
-138
-131
-126
-125
-119
-109
-106
-99
-87
-78
-71
-59
-52
-45
-33
-23
-12
0
12
24
36
46
53
66
78
89
96
103
108
114
123
129
130
133
135
131
131
133
127
123
118
109
101
95
87
79
72
61
50
42
35
22
16
9
-1
-8
-12
-18
-22
-24
-27
-32
-34
-33
-34
-32
-27
-25
-23
-20
-16
-14
-10
-4
0
3
6
10
11
15
18
20
21
21
20
17
15
10
7
6
2
-2
-8
-10
-15
-20
-24
-31
-34
-37
-38
-39
-41
-41
-44
-43
-42
-38
-36
-35
-32
-30
-28
-25
-20
-21
-20
-17
-17
-16
-11
-11
-11
-13
-14
-17
-18
-19
-25
-32
-33
-39
-43
-50
-56
-61
-65
-68
-72
-76
-77
-78
-80
-79
-78
-77
-73
-67
-62
-54
-44
-36
-28
-19
-8
4
18
32
45
59
71
85
99
113
123
132
141
151
159
167
173
176
182
184
183
181
180
179
175
170
166
157
147
138
128
119
110
102
89
79
67
58
49
40
30
20
10
-1
-11
-23
-32
-42
-54
-64
-75
-84
-95
-104
-114
-123
-134
-144
-156
-166
-174
-185
-192
-202
-209
-217
-223
-230
-236
-240
-244
-245
-247
-247
-245
-241
-236
-229
-221
-211
-198
-184
-170
-153
-134
-116
-96
-76
-53
-31
-9
15
39
61
85
108
132
153
174
193
213
231
246
262
274
286
296
302
307
311
314
315
315
312
307
301
292
281
270
260
249
236
220
204
189
172
154
137
122
104
86
69
52
33
16
-3
-22
-39
-56
-73
-92
-110
-125
-142
-157
-172
-185
-200
-215
-227
-242
-254
-266
-277
-286
-295
-302
-308
-313
-316
-320
-320
-319
-317
-313
-311
-304
-295
-284
-271
-255
-240
-223
-206
-187
-164
-142
-114
-90
-65
-36
-10
20
44
71
98
126
150
177
200
222
243
266
286
304
320
333
345
353
358
362
366
367
367
363
356
349
341
330
319
307
294
281
265
244
224
205
182
162
142
121
98
74
52
28
6
-16
-38
-59
-81
-102
-122
-141
-159
-178
-196
-213
-229
-247
-261
-276
-291
-302
-313
-324
-333
-342
-351
-355
-359
-361
-361
-361
-361
-362
-356
-351
-343
-332
-320
-308
-290
-273
-256
-235
-214
-190
-166
-141
-114
-86
-58
-30
0
31
60
91
120
148
178
207
234
259
284
307
326
346
363
378
391
400
408
416
420
423
424
422
418
409
398
384
372
359
342
323
302
279
259
234
209
183
156
130
102
76
49
22
-4
-30
-58
-84
-109
-135
-160
-183
-205
-226
-244
-264
-281
-299
-314
-327
-341
-352
-363
-371
-379
-384
-390
-392
-393
-391
-387
-382
-374
-364
-352
-338
-326
-309
-293
-276
-254
-235
-211
-187
-161
-138
-112
-83
-55
-25
4
34
63
93
124
152
179
206
231
256
280
302
323
341
359
373
386
396
405
412
418
421
422
422
417
413
406
395
383
369
357
339
320
301
279
257
233
209
184
158
133
106
78
51
21
-6
-34
-60
-85
-111
-137
-164
-192
-218
-239
-261
-280
-298
-317
-334
-349
-364
-377
-388
-396
-403
-408
-410
-413
-413
-411
-406
-399
-390
-381
-370
-358
-343
-325
-307
-286
-265
-242
-218
-192
-168
-140
-112
-81
-53
-24
4
31
58
84
112
137
163
189
212
235
256
275
293
311
330
345
357
367
377
383
388
392
392
394
391
386
380
373
364
352
342
328
314
300
282
263
242
221
198
175
151
127
100
74
49
24
-1
-26
-51
-79
-105
-132
-155
-179
-201
-221
-243
-261
-281
-301
-319
-334
-347
-359
-366
-374
-380
-384
-387
-387
-386
-380
-373
-367
-355
-345
-331
-317
-301
-282
-262
-239
-216
-193
-167
-144
-117
-91
-64
-34
-8
19
46
72
96
120
146
167
192
214
235
255
272
288
303
315
325
335
344
349
354
356
356
357
353
348
342
336
328
319
309
295
279
264
248
232
214
197
178
159
140
119
97
76
54
31
8
-13
-37
-58
-80
-103
-125
-145
-167
-186
-204
-221
-238
-250
-265
-278
-290
-300
-309
-317
-322
-326
-328
-330
-329
-326
-324
-319
-311
-303
-293
-280
-267
-252
-236
-218
-200
-180
-160
-139
-117
-96
-73
-50
-28
-5
18
41
64
85
107
126
146
165
182
198
214
227
241
253
261
268
276
281
283
284
286
287
286
284
281
275
269
260
250
238
226
216
204
190
177
160
142
126
108
94
77
61
43
25
8
-10
-30
-47
-65
-82
-101
-117
-132
-149
-164
-177
-189
-202
-214
-224
-236
-244
-250
-257
-262
-268
-270
-272
-273
-272
-272
-269
-265
-259
-251
-244
-236
-224
-214
-201
-188
-174
-158
-142
-125
-108
-90
-73
-55
-34
-16
3
22
42
59
75
93
110
125
142
156
169
182
193
203
213
221
228
236
240
244
246
249
248
248
247
242
238
232
225
217
209
201
190
180
169
157
144
132
119
103
90
75
58
44
30
14
-2
-17
-31
-46
-60
-74
-88
-102
-113
-126
-135
-144
-153
-161
-168
-176
-182
-185
-189
-192
-194
-196
-194
-194
-192
-189
-183
-178
-174
-169
-162
-153
-144
-134
-124
-114
-105
-93
-81
-70
-58
-47
-34
-24
-10
1
11
23
33
43
52
62
70
78
87
93
98
105
109
114
118
121
125
126
127
129
127
127
124
121
119
117
113
108
104
99
94
90
84
78
72
65
57
51
44
38
32
25
18
12
6
-1
-7
-13
-17
-22
-27
-32
-37
-41
-46
-47
-50
-53
-57
-59
-62
-64
-64
-65
-65
-64
-63
-62
-62
-60
-58
-57
-55
-52
-48
-46
-43
-39
-37
-33
-28
-26
-21
-18
-15
-12
-9
-4
-1
4
7
9
11
14
16
17
19
19
21
24
24
26
27
28
28
29
29
28
25
21
21
21
20
23
20
19
17
16
15
14
13
10
9
9
9
7
5
3
2
0
-1
0
-1
-2
-4
-5
-6
-6
-7
-8
-9
-8
-8
-11
-10
-12
-13
-12
-13
-12
-14
-16
-16
-17
-17
-17
-17
-15
-17
-17
-16
-17
-18
-16
-18
-18
-16
-16
-14
-12
-11
-9
-8
-6
-5
-5
-4
-2
-2
0
0
1
2
4
5
5
6
6
10
9
9
9
9
9
9
10
10
12
12
13
15
13
13
12
13
12
12
12
12
12
12
13
11
12
11
12
12
11
9
8
7
7
6
6
4
4
3
3
3
5
4
3
3
1
1
0
0
-3
-3
-3
-2
-3
-3
-4
-5
-5
-7
-7
-8
-9
-7
-7
-7
-8
-9
-11
-9
-8
-7
-6
-3
-3
-2
-1
-2
-2
-1
-1
-1
-1
-1
0
0
1
2
2
3
3
4
4
4
6
6
5
6
7
7
6
6
5
4
4
3
3
4
7
7
5
5
4
4
4
4
3
1
2
1
1
1
1
0
0
-1
-3
-3
-3
-4
-3
-5
-7
-6
-8
-7
-7
-7
-8
-9
-10
-8
-8
-8
-8
-8
-10
-9
-10
-10
-10
-9
-8
-7
-5
-5
-3
-4
-3
-3
-2
-1
-2
-3
-3
-1
0
3
1
1
-1
-2
0
0
2
2
2
2
1
1
1
2
-1
-1
-1
0
0
-1
0
1
0
0
0
-3
-3
-3
-4
-3
-3
-1
-1
-1
-3
-5
-5
-5
-4
-2
0
1
0
1
-1
-3
-3
-4
-5
-7
-6
-7
-6
-5
-5
-5
-5
-6
-6
-5
-5
-4
-3
-2
-2
-2
-3
-4
-4
-5
-4
-2
-2
-1
-2
-2
-1
-2
2
-1
1
2
2
2
3
4
5
7
7
7
7
8
9
8
8
8
8
6
5
4
4
4
5
5
6
7
8
6
5
6
6
5
6
6
5
4
3
3
2
2
3
3
1
1
1
0
1
0
-1
-1
-2
-1
2
0
1
2
-1
0
0
-1
-1
0
-1
-2
-1
-3
-5
-4
-3
-4
-3
-3
-3
-3
-3
-2
-1
-1
-2
0
0
0
1
1
2
3
4
4
6
7
7
5
6
6
7
7
10
10
12
12
11
10
12
11
11
11
11
8
9
10
8
9
8
8
8
6
6
5
7
6
4
4
3
2
2
1
2
2
1
0
-2
-1
-3
-1
-2
-1
-2
-3
-3
-3
-2
-3
-4
-6
-8
-9
-10
-8
-7
-8
-7
-7
-9
-10
-10
-10
-8
-8
-9
-7
-7
-7
-6
-8
-9
-8
-7
-5
-5
-4
-5
-4
-3
-2
0
0
0
-1
0
1
2
3
4
5
5
6
7
6
5
5
4
5
4
5
6
5
5
5
5
5
4
4
4
4
4
5
4
5
3
1
0
1
0
-1
-2
-2
-1
-2
-1
-1
-2
-3
-3
-3
-3
-4
-3
-2
-2
-2
-2
-4
-5
-5
-6
-7
-6
-6
-6
-5
-6
-7
-7
-8
-7
-7
-6
-5
-5
-4
-4
-6
-5
-4
-5
-3
-3
-3
-1
-1
-1
1
0
0
0
0
0
1
2
3
5
4
6
7
6
6
5
5
7
8
8
8
8
7
5
4
4
6
7
8
9
9
11
10
7
7
7
7
6
8
8
5
5
5
3
4
3
3
2
3
4
4
2
2
1
0
-1
-2
-2
-4
-4
-4
-5
-5
-4
-5
-6
-8
-9
-9
-9
-9
-9
-9
-9
-8
-9
-11
-11
-11
-9
-8
-7
-7
-6
-6
-7
-6
-6
-6
-3
-2
-2
-1
-2
0
1
0
0
1
3
2
4
4
5
5
6
6
6
4
4
3
3
4
4
4
4
6
6
5
4
5
4
3
3
4
3
2
0
0
2
1
2
1
1
1
0
1
1
0
1
0
-1
0
-1
-1
-2
-2
-4
-3
-3
-5
-3
-4
-4
-5
-6
-7
-7
-8
-7
-6
-6
-6
-6
-6
-8
-6
-8
-7
-4
-3
-3
-2
-2
-2
-2
-1
-3
-2
-4
-3
-1
0
2
2
2
3
3
3
3
4
6
7
8
7
7
7
8
8
8
7
7
7
6
5
6
6
4
3
4
2
3
4
2
1
1
1
-2
-1
-1
1
0
0
0
-2
-3
-6
-4
-4
-2
-2
-4
-3
-3
-3
-5
-6
-7
-7
-7
-7
-7
-6
-5
-4
-6
-6
-8
-9
-8
-9
-9
-8
-8
-6
-5
-5
-6
-5
-3
-4
-2
-3
-4
-2
-1
-3
-3
-3
-2
-1
0
0
1
0
0
0
1
2
4
5
6
5
6
7
8
7
6
5
5
5
6
6
6
7
7
6
4
5
6
4
3
1
2
2
2
2
0
-1
-2
-1
-2
-2
-3
-2
-3
-1
-2
-3
-4
-3
-3
-4
-3
-2
-2
-2
-2
-2
-1
-1
-2
-3
-2
-1
-1
-1
-1
-2
-1
0
-1
0
1
0
1
1
1
1
1
1
1
0
0
0
1
2
1
2
2
0
3
4
5
5
5
5
5
6
6
6
7
6
6
5
4
5
7
7
6
6
6
4
4
5
4
5
6
6
5
4
4
2
1
0
0
0
0
0
-1
0
-2
-2
-4
-5
-6
-5
-4
-6
-5
-4
-4
-5
-6
-8
-8
-9
-10
-9
-11
-8
-7
-6
-7
-8
-7
-6
-5
-5
-4
-3
-4
-3
-4
-4
-3
-4
-3
-4
-4
-2
-1
2
3
2
3
4
2
5
4
3
5
6
7
8
8
8
8
6
5
5
5
7
6
6
6
8
7
6
7
7
6
6
7
6
7
7
7
7
6
6
4
4
3
3
2
2
1
1
2
1
0
-1
-1
-1
-1
-1
-2
-2
-2
-3
-3
-4
-4
-3
-4
-5
-7
-8
-9
-7
-8
-8
-7
-6
-6
-6
-5
-6
-6
-5
-4
-3
-4
-3
-2
-1
0
0
0
0
2
0
1
2
3
4
4
4
5
4
4
5
6
6
8
9
9
10
9
8
7
6
6
6
5
6
5
4
3
3
3
2
2
1
1
0
1
2
2
2
1
-2
-3
-4
-6
-5
-4
-4
-2
-2
-4
-4
-3
-5
-4
-6
-5
-6
-5
-4
-5
-6
-6
-8
-10
-9
-10
-11
-10
-10
-10
-9
-6
-5
-3
-5
-5
-5
-5
-4
-4
-4
-5
-5
-5
-6
-6
-5
-6
-6
-6
-5
-4
-2
1
2
2
4
4
5
6
6
5
5
5
6
7
7
8
7
5
5
4
4
5
6
7
7
7
9
9
9
9
10
7
7
5
4
3
4
2
1
0
-1
-2
-1
-1
-1
0
-3
-4
-4
-5
-4
-4
-4
-6
-7
-8
-6
-6
-5
-5
-5
-5
-3
-5
-5
-6
-9
-8
-8
-6
-4
-6
-7
-8
-8
-6
-3
0
1
1
0
0
1
2
2
4
3
4
3
2
3
3
2
2
1
1
1
3
3
5
5
3
3
3
3
4
4
4
4
4
5
5
5
7
5
5
6
5
4
4
3
2
3
4
2
1
0
0
1
1
0
0
1
1
2
1
2
1
0
0
-3
-1
0
-3
-3
-3
-4
-4
-4
-4
-5
-4
-4
-3
-4
-3
-3
-3
-4
-3
-5
-5
-5
-3
-3
-3
-3
-3
-4
-2
-1
-1
-1
1
0
0
2
3
4
3
3
2
3
3
5
5
4
4
3
2
4
4
4
4
3
3
3
5
5
5
4
3
1
2
2
1
1
2
1
1
0
0
-1
2
2
0
0
1
1
1
-1
-2
-3
-5
-5
-2
-2
-3
-3
-3
-4
-5
-3
-2
-4
-3
-3
-4
-3
-3
-4
-5
-6
-5
-5
-5
-4
-4
-4
-5
-4
-5
-6
-5
-4
-3
-2
-1
-1
-2
-2
-4
-4
-2
-3
-1
1
0
0
0
-2
-1
-2
0
-1
0
-2
-1
-3
-3
-3
-3
0
-2
0
1
1
2
1
1
2
3
3
3
4
3
3
2
-1
0
0
2
3
4
2
1
0
0
0
1
2
3
2
2
2
2
2
3
4
4
2
2
2
0
0
-1
-2
-1
-1
-1
-2
-3
-3
-4
-3
-1
0
1
0
-1
1
1
2
2
3
2
2
1
1
1
2
2
2
2
2
2
3
4
3
3
3
3
0
3
2
4
5
4
3
1
1
2
2
2
3
2
3
3
3
4
3
2
2
3
3
3
3
2
2
3
2
1
1
0
-2
0
1
2
3
2
2
1
2
1
2
1
1
2
1
1
2
0
-1
-3
-3
-3
-2
-1
-1
-1
-2
-1
-1
1
-1
1
1
0
1
1
0
0
-1
0
-2
-1
-1
0
2
1
1
1
1
1
0
0
0
3
4
4
4
4
3
2
2
1
1
0
-1
0
-1
-1
-1
-1
-1
-2
-2
-2
-5
-5
-4
-4
-2
-1
-2
-2
-2
-3
-2
-2
0
-1
-1
1
1
-1
-2
-3
-3
-3
-2
-1
-2
1
-1
1
2
0
0
0
-1
0
0
-1
-1
1
0
-3
-2
-4
-2
-1
-1
0
1
0
-1
-2
-1
-1
-1
-1
-3
-1
2
2
2
2
2
2
2
4
3
3
1
0
0
-1
2
2
2
2
1
1
2
1
2
1
0
1
1
-1
-3
-3
-4
-4
-4
-3
-3
-3
-3
-3
-3
-2
-2
-5
-3
-2
-2
0
0
-2
-3
-1
-2
-3
-3
-6
-5
-4
-3
-4
-5
-4
-5
-4
-2
0
1
0
0
1
2
5
4
3
1
0
-2
-2
-2
-3
-3
-4
-3
-2
-1
0
2
2
4
5
4
6
6
8
6
7
7
6
5
3
2
2
2
3
2
4
5
4
5
3
2
1
0
0
0
1
1
0
1
1
1
0
-1
-1
-2
0
-2
0
0
0
-1
-2
-4
-6
-5
-6
-4
-3
-3
-1
-2
1
3
2
2
2
0
-1
1
1
1
0
0
-1
-2
-3
-4
-4
-2
1
1
3
2
1
1
1
2
3
3
2
0
1
1
2
3
3
3
3
2
2
3
3
4
3
2
4
4
4
3
5
4
3
3
3
3
3
3
2
2
1
1
0
0
-2
-2
-2
-1
0
1
1
0
1
0
0
-1
-3
-3
-4
-4
-4
-5
-4
-3
-3
-3
-1
-3
-3
-4
-4
-4
-3
-3
-3
-2
-1
-2
-3
-4
-4
-3
-3
-3
-3
-3
-2
-2
-2
-2
-2
-3
-4
-4
-4
-3
-2
1
1
2
2
0
2
3
3
2
3
3
2
3
3
2
3
2
2
1
2
2
2
2
4
3
3
3
2
2
0
0
0
-1
0
1
1
1
0
-2
-2
-3
-3
-2
-2
-2
-1
1
-1
-1
-1
-3
-2
-3
-2
-4
-2
-1
-3
-3
-4
-4
-4
-2
-3
-4
-3
-3
-3
-5
-3
-3
-3
-3
-2
-2
-1
-1
-1
0
-1
-1
0
-3
-2
-3
-3
-1
-1
1
1
0
0
0
0
1
1
1
1
0
0
2
2
3
3
5
6
6
6
4
4
5
5
6
4
5
4
4
4
2
1
1
1
2
4
5
6
4
4
4
4
4
3
2
0
0
1
0
-1
-2
-3
-2
-3
-5
-5
-3
-3
-3
-2
-2
-2
-1
-2
-3
-3
-2
-2
-1
-3
-3
-3
-2
-1
0
-1
0
-1
-1
0
1
0
-1
-2
-2
-1
-1
-1
-1
-3
-2
-1
0
0
-1
1
1
0
-1
-1
-2
-1
-1
-1
0
0
0
1
2
1
1
1
-1
-1
0
1
2
3
2
3
2
1
0
1
0
0
0
-1
0
-2
-2
-3
-4
-3
-1
-1
0
0
0
0
0
-1
-3
-3
-6
-5
-3
-4
-4
-4
-5
-5
-5
-5
-5
-5
-6
-5
-5
-3
-3
-2
-2
-1
-1
-1
-2
-2
-2
-3
-2
-2
-3
-1
-1
-2
-1
1
1
0
0
0
1
1
2
3
4
4
4
3
2
2
2
3
2
3
3
5
5
5
4
5
4
3
4
5
7
6
5
5
4
5
5
5
4
3
3
3
3
2
3
2
3
2
4
5
4
3
3
3
1
2
2
0
0
0
0
1
1
0
-1
-2
-1
0
-2
-2
-2
-3
-1
0
0
0
0
0
1
0
1
0
1
-1
-1
-1
-1
-1
-1
-1
-3
-3
-4
-5
-4
-3
-2
-2
0
0
-2
-1
-1
0
1
1
1
1
-1
-3
-3
-3
-3
-3
-1
-1
1
-1
1
0
-1
1
0
1
1
2
3
3
3
3
3
3
1
2
2
2
2
0
0
0
-1
-1
0
1
1
1
-1
0
0
1
2
1
1
1
1
-1
-2
-3
-3
-3
-4
-5
-3
-1
0
0
-2
-1
-2
-1
-2
-1
0
-1
0
0
0
0
0
-1
-1
-2
-1
-1
-1
-1
-1
-1
-1
-2
-2
-3
-2
-1
-1
-1
1
1
3
3
2
2
1
0
2
2
3
5
5
4
1
0
-1
-1
-1
-1
0
0
-1
1
1
1
0
-1
1
1
3
1
0
2
3
2
1
0
0
0
0
0
-1
0
0
0
0
-1
-2
-1
-2
-1
0
0
1
2
2
2
2
1
0
-1
0
1
-1
-1
-2
-1
-2
-2
-2
-1
0
-1
-1
-1
-3
0
2
1
1
2
0
0
2
2
0
2
2
1
3
2
3
4
4
4
3
3
1
2
2
4
4
3
3
3
3
3
3
2
2
4
4
4
6
4
3
3
3
4
4
3
3
1
0
0
1
0
-1
-1
-1
0
-1
-1
0
-1
0
0
0
1
1
0
3
4
1
1
0
-2
-1
-2
-3
-2
-1
-3
-2
-3
-4
-4
-3
-3
-2
-1
0
1
2
0
0
-1
-2
-3
-1
-1
-2
-2
-2
-2
-2
0
-2
-1
-1
-1
0
0
-1
-2
-3
-1
-1
0
-1
-1
-2
-1
1
1
0
1
-1
1
2
2
1
-1
0
-2
-2
-1
-2
-2
-2
-1
-1
-1
-2
-2
-3
-3
-3
-2
-3
-2
-4
-3
-1
-1
-1
-4
-3
-2
-4
-2
0
0
0
0
-1
-2
1
-1
-3
-1
-2
-2
-1
-2
-3
-4
-5
-5
-5
-4
-3
-3
-3
-3
-4
-2
-1
-3
-3
-2
-4
-2
-2
0
-1
0
0
-3
-2
-3
-3
-2
-1
0
0
0
0
2
2
2
3
3
2
3
2
1
0
0
-2
1
-1
-2
-1
-2
-3
0
1
1
3
2
2
3
3
1
2
0
-1
2
0
0
1
-1
0
1
2
2
4
3
1
2
1
2
4
5
5
4
4
2
3
4
3
4
4
5
6
5
3
4
4
3
3
1
-1
1
0
0
0
-1
-1
-1
-1
1
2
1
2
2
0
1
1
-1
0
2
1
1
1
0
-2
-2
-1
0
3
1
3
1
1
1
1
-1
-1
1
1
3
2
1
0
-1
-2
-2
0
-1
1
2
2
2
1
0
-1
-1
-1
-2
-1
-2
-2
-3
-1
-3
-3
-3
-4
-2
-1
0
-1
-1
-2
-2
-4
-4
-3
-1
-3
-5
-6
-9
-10
-10
-10
-9
-7
-7
-7
-6
-9
-9
-10
-11
-13
-11
-12
-11
-9
-10
-9
-9
-9
-8
-7
-8
-6
-4
-2
-1
-2
-2
0
1
2
3
4
5
5
5
4
4
4
1
1
3
1
1
0
-2
-1
-2
-4
-4
-5
-8
-7
-7
-5
-4
-3
-2
-1
0
2
5
8
8
10
12
15
17
19
21
23
26
27
30
33
35
36
39
38
39
38
37
37
37
35
34
32
30
28
24
22
19
17
14
13
11
8
4
1
0
-2
-4
-8
-9
-14
-17
-18
-21
-23
-25
-27
-27
-27
-27
-26
-28
-30
-32
-33
-34
-33
-34
-35
-36
-38
-41
-42
-43
-45
-45
-47
-49
-51
-50
-51
-50
-47
-48
-46
-43
-39
-39
-35
-32
-27
-22
-15
-10
-5
1
6
12
17
24
33
41
48
56
62
69
76
82
87
94
101
105
109
111
112
115
118
121
121
121
121
118
118
117
113
110
105
99
93
89
84
78
74
68
60
55
48
41
33
28
20
12
4
-6
-16
-26
-36
-48
-62
-73
-85
-99
-112
-124
-137
-149
-162
-174
-187
-199
-212
-224
-235
-244
-252
-260
-267
-273
-277
-280
-281
-279
-275
-273
-268
-260
-249
-237
-221
-206
-189
-169
-149
-127
-104
-80
-54
-30
-4
23
48
73
101
127
151
176
198
217
238
255
271
284
295
307
319
325
329
332
332
332
331
326
321
318
312
307
298
289
278
267
255
246
235
225
214
201
190
180
170
163
154
143
134
123
112
102
90
77
64
49
33
16
-1
-21
-43
-65
-90
-117
-146
-177
-207
-237
-271
-305
-341
-375
-412
-445
-477
-505
-533
-561
-583
-605
-623
-638
-648
-654
-659
-659
-654
-644
-630
-615
-593
-569
-541
-508
-470
-431
-387
-340
-291
-236
-179
-122
-60
4
70
138
208
279
350
419
485
550
612
667
719
766
807
844
873
895
909
917
917
911
899
881
855
825
790
752
709
665
618
569
519
468
419
371
323
279
234
192
150
111
74
41
5
-28
-59
-89
-118
-143
-170
-195
-221
-249
-277
-303
-327
-351
-377
-402
-431
-459
-487
-515
-543
-573
-603
-631
-662
-693
-722
-751
-779
-808
-833
-856
-879
-896
-911
-922
-928
-930
-924
-915
-900
-876
-847
-808
-761
-707
-649
-581
-503
-415
-319
-220
-117
-10
99
213
331
444
554
657
754
847
935
1016
1089
1148
1195
1231
1256
1275
