2.363259e+062 -3.725677e+058 -9.579282e+058 -1.701935e+059 -2.534196e+059 -3.301964e+059 -3.859294e+059 -4.095320e+059 -3.943117e+059 -3.385650e+059 -2.404337e+059 1.248500e+056 
2.363264e+062 -3.792689e+058 -9.827867e+058 -1.729014e+059 -2.563124e+059 -3.318217e+059 -3.883501e+059 -4.142023e+059 -3.992275e+059 -3.419107e+059 -2.420276e+059 1.278110e+056 
2.363259e+062 -3.739174e+058 -9.616569e+058 -1.703361e+059 -2.527652e+059 -3.299564e+059 -3.868387e+059 -4.101235e+059 -3.957003e+059 -3.403336e+059 -2.417827e+059 1.253327e+056 
2.363258e+062 -3.754053e+058 -9.559350e+058 -1.686158e+059 -2.511137e+059 -3.276419e+059 -3.855511e+059 -4.112038e+059 -3.960826e+059 -3.395013e+059 -2.407329e+059 1.244665e+056 
2.363262e+062 -3.790573e+058 -9.818038e+058 -1.726109e+059 -2.531647e+059 -3.298209e+059 -3.870814e+059 -4.132135e+059 -3.992044e+059 -3.424461e+059 -2.424152e+059 1.270626e+056 
2.363262e+062 -3.804410e+058 -9.827334e+058 -1.716432e+059 -2.534055e+059 -3.312498e+059 -3.876385e+059 -4.129903e+059 -3.990329e+059 -3.408303e+059 -2.419676e+059 1.270402e+056 
2.363258e+062 -3.789100e+058 -9.671743e+058 -1.694779e+059 -2.509465e+059 -3.293428e+059 -3.878924e+059 -4.120077e+059 -3.958820e+059 -3.393466e+059 -2.411996e+059 1.254076e+056 
2.363265e+062 -3.720173e+058 -9.666637e+058 -1.726029e+059 -2.561927e+059 -3.322742e+059 -3.866192e+059 -4.087302e+059 -3.960658e+059 -3.415728e+059 -2.430977e+059 1.264023e+056 
2.363261e+062 -3.726476e+058 -9.660412e+058 -1.709279e+059 -2.539418e+059 -3.311950e+059 -3.883596e+059 -4.127054e+059 -3.977386e+059 -3.400020e+059 -2.417435e+059 1.261396e+056 
2.363255e+062 -3.720068e+058 -9.641504e+058 -1.710123e+059 -2.540774e+059 -3.294205e+059 -3.854057e+059 -4.092041e+059 -3.947160e+059 -3.373957e+059 -2.398298e+059 1.249380e+056 
2.363179e+062 -7.554386e+058 -1.953420e+059 -3.460547e+059 -5.088143e+059 -6.550251e+059 -7.611955e+059 -8.039519e+059 -7.715136e+059 -6.556313e+059 -4.598800e+059 4.914008e+056 
2.360403e+062 -9.581323e+059 -2.487409e+060 -4.353666e+060 -6.272126e+060 -7.932254e+060 -9.049532e+060 -9.398953e+060 -8.841982e+060 -7.357226e+060 -5.038983e+060 7.085102e+058 
2.356775e+062 -1.742058e+060 -4.029340e+060 -6.369414e+060 -8.609151e+060 -1.068485e+061 -1.231228e+061 -1.296710e+061 -1.219524e+061 -9.923571e+060 -6.526379e+060 1.434866e+059 
2.354134e+062 -2.178197e+060 -4.617814e+060 -6.684569e+060 -8.613902e+060 -1.081456e+061 -1.307971e+061 -1.445523e+061 -1.394336e+061 -1.131891e+061 -7.270872e+060 1.728065e+059 
2.352161e+062 -3.123653e+060 -7.499289e+060 -1.210111e+061 -1.621915e+061 -1.933028e+061 -2.095201e+061 -2.062993e+061 -1.816455e+061 -1.387547e+061 -8.547397e+060 4.082629e+059 
2.340990e+062 -6.614160e+060 -1.634745e+061 -2.681565e+061 -3.566851e+061 -4.105180e+061 -4.189688e+061 -3.809332e+061 -3.052782e+061 -2.088713e+061 -1.122881e+061 1.583409e+060 
2.342619e+062 -6.190354e+060 -1.536215e+061 -2.527830e+061 -3.367402e+061 -3.872688e+061 -3.942217e+061 -3.572587e+061 -2.855253e+061 -1.951557e+061 -1.050814e+061 1.393356e+060 
2.341350e+062 -6.583908e+060 -1.639320e+061 -2.706226e+061 -3.615212e+061 -4.168248e+061 -4.254560e+061 -3.868701e+061 -3.107141e+061 -2.140439e+061 -1.167315e+061 1.629846e+060 
2.334379e+062 -8.642225e+060 -2.136451e+061 -3.483524e+061 -4.567802e+061 -5.130222e+061 -5.053285e+061 -4.380953e+061 -3.298311e+061 -2.074871e+061 -9.862835e+060 2.292028e+060 
2.343489e+062 -5.986782e+060 -1.497695e+061 -2.487234e+061 -3.345774e+061 -3.888567e+061 -4.008403e+061 -3.693147e+061 -3.022004e+061 -2.139786e+061 -1.215989e+061 1.448599e+060 
2.343895e+062 -5.826171e+060 -1.450451e+061 -2.393059e+061 -3.191607e+061 -3.669328e+061 -3.730386e+061 -3.376296e+061 -2.699357e+061 -1.853262e+061 -1.010005e+061 1.245309e+060 
2.354622e+062 -2.638773e+060 -6.660181e+060 -1.122413e+061 -1.541311e+061 -1.840594e+061 -1.963452e+061 -1.886353e+061 -1.623533e+061 -1.222493e+061 -7.490490e+060 3.399547e+059 
2.355664e+062 -2.303764e+060 -5.844758e+060 -9.909274e+060 -1.370567e+061 -1.650171e+061 -1.776376e+061 -1.725003e+061 -1.503493e+061 -1.147662e+061 -7.136187e+060 2.769982e+059 
2.357512e+062 -1.787750e+060 -4.582072e+060 -7.878859e+060 -1.109128e+061 -1.364812e+061 -1.508537e+061 -1.511986e+061 -1.368119e+061 -1.091463e+061 -7.145846e+060 1.995483e+059 
2.361251e+062 -6.700665e+059 -1.732717e+060 -3.020118e+060 -4.324957e+060 -5.429162e+060 -6.144279e+060 -6.322979e+060 -5.890735e+060 -4.853180e+060 -3.289184e+060 3.266516e+058 
2.361522e+062 -5.360300e+059 -1.376329e+060 -2.379451e+060 -3.386932e+060 -4.215881e+060 -4.728606e+060 -4.805347e+060 -4.410514e+060 -3.572796e+060 -2.377056e+060 1.927816e+058 
2.361406e+062 -4.963622e+059 -1.181533e+060 -1.925971e+060 -2.705182e+060 -3.402631e+060 -3.936364e+060 -4.077448e+060 -3.730735e+060 -2.949589e+060 -1.889861e+060 1.329999e+058 
2.361669e+062 -2.316782e+059 -4.140910e+059 -5.073117e+059 -6.858845e+059 -7.712667e+059 -1.153509e+060 -1.175904e+060 -1.082716e+060 -7.265396e+059 -3.619870e+059 1.017075e+057 
2.361315e+062 -1.988235e+059 -3.933008e+059 -3.877467e+059 -7.253053e+059 -4.858512e+059 -9.169424e+059 -7.394699e+059 -6.119647e+059 -4.551168e+059 -9.440017e+058 5.083226e+056 
2.360729e+062 -2.560753e+059 -3.858447e+059 -2.455864e+059 -2.513590e+059 2.048861e+059 -1.756840e+059 -4.693674e+058 -3.177691e+059 -2.759500e+059 -9.188076e+058 1.398992e+056 
2.361169e+062 -1.901098e+059 -1.627611e+059 4.366132e+058 2.391247e+059 6.343753e+059 3.302786e+059 3.035528e+059 -1.735637e+059 -2.463505e+059 -2.410824e+059 1.808737e+056 
2.362155e+062 -2.235637e+059 -4.777698e+059 -7.001564e+059 -8.801614e+059 -8.923705e+059 -8.957549e+059 -6.537420e+059 -4.291915e+059 -1.513059e+059 2.323762e+057 5.235897e+056 
2.361761e+062 -1.413538e+059 -1.531424e+059 -9.793421e+058 -1.659124e+059 -9.829969e+058 -4.417561e+059 -2.879048e+059 -3.786318e+059 -1.213828e+059 -4.767332e+058 6.349741e+055 
2.361332e+062 -3.091566e+059 -3.677694e+059 -4.070135e+058 4.269491e+059 6.757944e+059 4.435881e+059 -2.143766e+058 -4.665510e+059 -5.419970e+059 -3.297399e+059 4.012147e+056 
2.361927e+062 -2.523537e+059 -4.170400e+059 -3.764772e+059 -2.051790e+059 -3.556441e+058 -1.233579e+058 -1.023966e+059 -2.646241e+059 -3.533931e+059 -2.728664e+059 2.711089e+056 
2.362868e+062 -8.396220e+058 -1.526862e+059 -1.697065e+059 -1.592470e+059 -1.487744e+059 -1.766749e+059 -2.321174e+059 -2.869086e+059 -2.988711e+059 -2.416421e+059 1.039083e+056 
2.363146e+062 -4.818181e+058 -1.054498e+059 -1.615458e+059 -2.183619e+059 -2.758259e+059 -3.327650e+059 -3.719049e+059 -3.720634e+059 -3.253127e+059 -2.355093e+059 1.127124e+056 
