2.358746e+062 -1.397342e+060 -3.635328e+060 -6.375505e+060 -9.195206e+060 -1.164043e+061 -1.329485e+061 -1.381916e+061 -1.301932e+061 -1.084969e+061 -7.442041e+060 1.532543e+059 
2.362469e+062 -3.145214e+059 -8.191214e+059 -1.438260e+060 -2.078632e+060 -2.633972e+060 -3.013218e+060 -3.140862e+060 -2.966820e+060 -2.480806e+060 -1.707136e+060 7.813711e+057 
2.362230e+062 -3.565372e+059 -9.317062e+059 -1.638879e+060 -2.371683e+060 -3.019899e+060 -3.466334e+060 -3.629161e+060 -3.445107e+060 -2.897265e+060 -2.007157e+060 1.034213e+058 
2.363083e+062 -6.220602e+058 -1.659487e+059 -2.931786e+059 -4.325837e+059 -5.524900e+059 -6.408170e+059 -6.788217e+059 -6.496951e+059 -5.544340e+059 -3.889554e+059 3.500062e+056 
2.363238e+062 -4.482359e+058 -1.202614e+059 -2.116328e+059 -3.060358e+059 -3.912295e+059 -4.558235e+059 -4.809987e+059 -4.638566e+059 -3.987511e+059 -2.818011e+059 1.788293e+056 
2.363242e+062 -3.989982e+058 -1.067705e+059 -1.871298e+059 -2.723647e+059 -3.494860e+059 -4.039840e+059 -4.261975e+059 -4.143315e+059 -3.553493e+059 -2.520685e+059 1.414628e+056 
2.363244e+062 -3.752889e+058 -1.018560e+059 -1.795776e+059 -2.607702e+059 -3.370630e+059 -3.913402e+059 -4.134558e+059 -3.984419e+059 -3.411731e+059 -2.421891e+059 1.306045e+056 
2.363256e+062 -3.798372e+058 -1.021874e+059 -1.799848e+059 -2.652131e+059 -3.400249e+059 -3.971201e+059 -4.219254e+059 -4.069563e+059 -3.512398e+059 -2.482016e+059 1.345719e+056 
2.363251e+062 -3.704793e+058 -1.010350e+059 -1.761806e+059 -2.583235e+059 -3.333213e+059 -3.880546e+059 -4.118366e+059 -3.976694e+059 -3.399581e+059 -2.407262e+059 1.284102e+056 
2.363233e+062 -3.418449e+058 -9.656839e+058 -1.679426e+059 -2.506336e+059 -3.258732e+059 -3.812241e+059 -4.043548e+059 -3.947780e+059 -3.358897e+059 -2.386943e+059 1.215890e+056 
2.362458e+062 -2.816849e+059 -7.330801e+059 -1.281257e+060 -1.844133e+060 -2.332215e+060 -2.655578e+060 -2.757142e+060 -2.596460e+060 -2.162488e+060 -1.485716e+060 6.090960e+057 
2.352395e+062 -3.229455e+060 -8.234707e+060 -1.409324e+061 -2.002870e+061 -2.511918e+061 -2.815641e+061 -2.853097e+061 -2.597464e+061 -2.070462e+061 -1.358174e+061 6.893541e+059 
2.353272e+062 -3.107564e+060 -7.987259e+060 -1.381903e+061 -1.965004e+061 -2.449245e+061 -2.744396e+061 -2.786166e+061 -2.549569e+061 -2.053682e+061 -1.355727e+061 6.596761e+059 
2.355453e+062 -2.427888e+060 -6.262735e+060 -1.086264e+061 -1.546170e+061 -1.926709e+061 -2.159430e+061 -2.194036e+061 -2.012490e+061 -1.625993e+061 -1.076865e+061 4.067703e+059 
2.358416e+062 -1.001486e+060 -2.791154e+060 -5.040773e+060 -7.167191e+060 -9.104555e+060 -1.083071e+061 -1.095959e+061 -1.046120e+061 -8.829380e+060 -6.083944e+060 9.537009e+058 
2.227086e+062 1.350551e+061 1.173768e+061 8.322962e+060 1.978699e+061 2.842103e+061 -2.967374e+060 1.779518e+061 1.146843e+061 1.573271e+059 1.913166e+060 1.570936e+059 
1.321845e+062 8.720796e+061 1.171738e+062 1.631353e+062 2.981815e+062 4.862072e+062 4.768419e+062 7.044062e+062 8.585598e+062 8.557712e+062 7.963668e+062 4.195343e+062 
1.070094e+062 7.883658e+061 1.518137e+062 2.336818e+062 3.543016e+062 6.955504e+062 8.244881e+062 1.243130e+063 1.637327e+063 1.945008e+063 1.969519e+063 1.209155e+063 
1.680043e+062 5.738328e+061 1.000521e+062 1.060569e+062 1.316429e+062 2.648859e+062 2.102254e+062 2.785396e+062 2.703013e+062 2.433630e+062 2.052760e+062 7.547221e+061 
2.219743e+062 8.315459e+060 2.206320e+061 3.327145e+061 2.922670e+061 1.703219e+061 -4.025962e+060 1.565461e+061 2.141575e+061 1.606613e+061 1.212881e+061 8.280651e+059 
2.333300e+062 -3.096604e+060 -8.867238e+060 -1.598796e+061 -2.281640e+061 -3.067367e+061 -3.916243e+061 -3.754640e+061 -3.164431e+061 -2.590929e+061 -1.704302e+061 1.018324e+060 
2.339249e+062 -3.036636e+060 -7.318021e+060 -1.185148e+061 -1.763683e+061 -2.393521e+061 -3.168486e+061 -3.239078e+061 -2.754249e+061 -2.150133e+061 -1.369389e+061 6.746175e+059 
2.344838e+062 -1.917085e+060 -5.245050e+060 -9.096087e+060 -1.406352e+061 -1.832769e+061 -2.394663e+061 -2.356273e+061 -2.016302e+061 -1.690736e+061 -1.143075e+061 3.797494e+059 
2.349480e+062 -2.302346e+060 -5.951180e+060 -1.000898e+061 -1.515146e+061 -1.919007e+061 -2.371103e+061 -2.377773e+061 -2.121163e+061 -1.744612e+061 -1.141075e+061 4.221523e+059 
2.348110e+062 -2.814607e+060 -7.563698e+060 -1.325940e+061 -1.887867e+061 -2.392579e+061 -2.858728e+061 -2.835982e+061 -2.519270e+061 -2.056454e+061 -1.356919e+061 6.390275e+059 
2.346116e+062 -2.343317e+060 -6.441464e+060 -1.113550e+061 -1.619055e+061 -2.074442e+061 -2.638288e+061 -2.548182e+061 -2.255792e+061 -1.862081e+061 -1.206348e+061 4.917100e+059 
2.351948e+062 -2.460594e+060 -6.497938e+060 -1.137770e+061 -1.615852e+061 -2.065403e+061 -2.405650e+061 -2.379488e+061 -2.153372e+061 -1.757382e+061 -1.166411e+061 4.645397e+059 
2.348531e+062 -4.103157e+060 -1.052064e+061 -1.810016e+061 -2.566533e+061 -3.163720e+061 -3.548313e+061 -3.513030e+061 -3.161073e+061 -2.489645e+061 -1.600811e+061 1.084515e+060 
2.350238e+062 -3.351336e+060 -8.739749e+060 -1.509016e+061 -2.140371e+061 -2.671700e+061 -3.031552e+061 -2.988620e+061 -2.727696e+061 -2.178196e+061 -1.414419e+061 7.752108e+059 
2.356951e+062 -1.691528e+060 -4.325582e+060 -7.562086e+060 -1.113704e+061 -1.397787e+061 -1.629379e+061 -1.656643e+061 -1.565497e+061 -1.293547e+061 -8.851819e+060 2.218782e+059 
2.360555e+062 -7.277978e+059 -1.881191e+060 -3.266790e+060 -4.826216e+060 -5.984512e+060 -6.999880e+060 -7.145061e+060 -6.783442e+060 -5.620168e+060 -3.837089e+060 4.106900e+058 
2.358546e+062 -1.539717e+060 -4.006787e+060 -7.027086e+060 -1.013534e+061 -1.282895e+061 -1.465125e+061 -1.522766e+061 -1.434234e+061 -1.194990e+061 -8.195045e+060 1.862708e+059 
2.358475e+062 -1.568832e+060 -4.080929e+060 -7.154140e+060 -1.031218e+061 -1.304711e+061 -1.488824e+061 -1.546298e+061 -1.455195e+061 -1.211366e+061 -8.298208e+060 1.924410e+059 
2.360591e+062 -8.949076e+059 -2.329753e+060 -4.087405e+060 -5.901896e+060 -7.478369e+060 -8.551445e+060 -8.903214e+060 -8.401085e+060 -7.014998e+060 -4.822716e+060 6.316775e+058 
2.363217e+062 -4.866326e+058 -1.297914e+059 -2.292442e+059 -3.352154e+059 -4.284919e+059 -4.947112e+059 -5.251952e+059 -5.022634e+059 -4.266526e+059 -3.001590e+059 2.104376e+056 
2.363245e+062 -4.174300e+058 -1.116589e+059 -1.968166e+059 -2.911612e+059 -3.732414e+059 -4.346524e+059 -4.617049e+059 -4.452492e+059 -3.807626e+059 -2.689116e+059 1.609438e+056 
2.363258e+062 -3.884243e+058 -1.038941e+059 -1.836004e+059 -2.714194e+059 -3.495959e+059 -4.085615e+059 -4.343708e+059 -4.191394e+059 -3.600211e+059 -2.534280e+059 1.413973e+056 
2.363250e+062 -3.691660e+058 -9.911794e+058 -1.748148e+059 -2.604936e+059 -3.358140e+059 -3.917493e+059 -4.183713e+059 -4.040349e+059 -3.461726e+059 -2.457932e+059 1.301689e+056 
2.363255e+062 -3.591958e+058 -9.735905e+058 -1.742335e+059 -2.550181e+059 -3.307472e+059 -3.858962e+059 -4.095464e+059 -3.972499e+059 -3.411140e+059 -2.411387e+059 1.258734e+056 
2.363254e+062 -3.704059e+058 -9.716892e+058 -1.735209e+059 -2.566387e+059 -3.312928e+059 -3.871185e+059 -4.140676e+059 -3.999132e+059 -3.443946e+059 -2.431186e+059 1.274161e+056 
2.363251e+062 -3.546404e+058 -9.615012e+058 -1.724781e+059 -2.543409e+059 -3.280236e+059 -3.851509e+059 -4.077527e+059 -3.969258e+059 -3.393972e+059 -2.406644e+059 1.244355e+056 
2.363252e+062 -3.591869e+058 -9.810466e+058 -1.746574e+059 -2.566623e+059 -3.335043e+059 -3.870607e+059 -4.137780e+059 -4.009167e+059 -3.431889e+059 -2.435684e+059 1.275081e+056 
2.362526e+062 -2.664458e+059 -6.977673e+059 -1.222332e+060 -1.764329e+060 -2.239880e+060 -2.560999e+060 -2.666480e+060 -2.522368e+060 -2.109767e+060 -1.453851e+060 5.642255e+057 
2.354857e+062 -2.668225e+060 -6.889979e+060 -1.195699e+061 -1.701840e+061 -2.120185e+061 -2.375676e+061 -2.415793e+061 -2.219035e+061 -1.797517e+061 -1.194307e+061 4.945325e+059 
