2.363289e+062 -3.837656e+058 -1.006754e+059 -1.785369e+059 -2.609118e+059 -3.358304e+059 -3.913609e+059 -4.163632e+059 -4.026236e+059 -3.453456e+059 -2.446069e+059 1.314082e+056 
2.363289e+062 -3.822593e+058 -1.000163e+059 -1.774216e+059 -2.597681e+059 -3.347519e+059 -3.901484e+059 -4.148516e+059 -4.008639e+059 -3.437320e+059 -2.435005e+059 1.302578e+056 
2.363230e+062 -3.264144e+058 -8.740880e+058 -1.660346e+059 -2.540104e+059 -3.208251e+059 -3.721961e+059 -4.007392e+059 -3.881555e+059 -3.317820e+059 -2.361841e+059 1.166790e+056 
2.363040e+062 -1.694515e+058 -5.916306e+058 -1.060960e+059 -2.021611e+059 -2.996085e+059 -3.621194e+059 -3.622304e+059 -3.400732e+059 -2.993544e+059 -2.142144e+059 7.983447e+055 
2.362751e+062 -1.428579e+057 1.225704e+058 -1.701519e+058 -1.452370e+059 -2.710984e+059 -3.238615e+059 -2.947816e+059 -2.710215e+059 -2.369165e+059 -1.835457e+059 3.393410e+055 
2.362549e+062 9.531855e+056 3.633266e+058 6.996835e+058 -2.724940e+058 -2.196092e+059 -3.324608e+059 -2.886870e+059 -2.655719e+059 -2.010075e+059 -1.380254e+059 7.783370e+054 
2.362412e+062 1.551488e+058 5.066951e+058 7.261124e+058 -3.648791e+058 -1.704093e+059 -2.945992e+059 -2.466654e+059 -1.965162e+059 -1.728028e+059 -1.387875e+059 -5.328549e+053 
2.362294e+062 3.193658e+058 1.977163e+058 7.497264e+058 -1.300358e+058 -1.266216e+059 -2.323587e+059 -1.724238e+059 -2.162303e+059 -1.691670e+059 -1.123448e+059 -7.312270e+054 
2.362009e+062 4.428204e+058 1.036765e+059 1.000479e+059 -1.338957e+058 -3.741947e+058 -1.487056e+059 -7.817432e+058 -2.280610e+059 -1.415292e+059 -1.093479e+059 -2.597248e+055 
2.362673e+062 -1.623081e+058 -3.231092e+058 -6.277772e+058 -1.532123e+059 -2.093770e+059 -2.440431e+059 -2.184566e+059 -2.164492e+059 -2.184376e+059 -1.766706e+059 3.728243e+055 
2.363214e+062 -4.819110e+058 -1.185100e+059 -1.949921e+059 -2.806476e+059 -3.447182e+059 -3.920056e+059 -4.131271e+059 -3.956949e+059 -3.455300e+059 -2.472818e+059 1.452617e+056 
2.303812e+062 -1.487322e+061 -3.199923e+061 -4.391417e+061 -4.595490e+061 -3.725769e+061 -2.181120e+061 -6.516771e+060 3.396328e+060 6.862068e+060 5.595452e+060 5.988552e+058 
2.278896e+062 -2.059124e+061 -4.222720e+061 -5.322867e+061 -4.890750e+061 -3.237864e+061 -1.259449e+061 1.033469e+060 4.709785e+060 1.686147e+060 -1.900995e+060 1.666914e+059 
2.277911e+062 -1.944376e+061 -3.719766e+061 -4.200427e+061 -3.229732e+061 -1.537024e+061 -2.212700e+060 1.833282e+059 -6.179672e+060 -1.291371e+061 -1.291858e+061 9.875476e+059 
2.309320e+062 -1.077324e+061 -1.941023e+061 -2.166252e+061 -1.874016e+061 -1.430375e+061 -1.248364e+061 -1.432317e+061 -1.635959e+061 -1.466678e+061 -9.053782e+060 6.741688e+059 
2.328405e+062 -4.990197e+060 -6.417262e+060 -5.270519e+060 -6.401333e+060 -1.141596e+061 -1.730523e+061 -1.900509e+061 -1.454640e+061 -7.201393e+060 -2.081953e+060 1.689980e+059 
2.336198e+062 -3.688653e+060 -4.311727e+060 -2.735232e+060 -3.722905e+060 -8.935843e+060 -1.575973e+061 -1.864854e+061 -1.535322e+061 -8.720381e+060 -3.304119e+060 1.211574e+059 
2.346600e+062 -2.180269e+060 -2.539522e+060 -1.535727e+060 -2.251065e+060 -5.458092e+060 -1.013969e+061 -1.265209e+061 -1.111848e+061 -7.051738e+060 -3.107830e+060 5.352471e+058 
2.357622e+062 -1.221602e+060 -2.637673e+060 -3.956876e+060 -5.421148e+060 -6.765165e+060 -8.000039e+060 -8.442935e+060 -7.627453e+060 -5.808532e+060 -3.454492e+060 5.646902e+058 
2.360005e+062 -8.718506e+059 -2.045319e+060 -3.253705e+060 -4.395828e+060 -5.284535e+060 -5.890923e+060 -5.985518e+060 -5.429672e+060 -4.280663e+060 -2.705493e+060 3.234850e+058 
2.361114e+062 -6.121449e+059 -1.496550e+060 -2.447173e+060 -3.335982e+060 -3.957544e+060 -4.312908e+060 -4.311598e+060 -3.886312e+060 -3.084222e+060 -1.972155e+060 1.733808e+058 
2.362118e+062 -3.756608e+059 -9.560960e+059 -1.635295e+060 -2.306161e+060 -2.841049e+060 -3.158005e+060 -3.183741e+060 -2.890897e+060 -2.312133e+060 -1.511801e+060 8.659907e+057 
2.362893e+062 -1.591766e+059 -4.099597e+059 -7.112162e+059 -1.014980e+060 -1.269503e+060 -1.430522e+060 -1.464300e+060 -1.354717e+060 -1.106858e+060 -7.431741e+059 1.762751e+057 
2.363210e+062 -6.530452e+058 -1.697749e+059 -2.977669e+059 -4.298679e+059 -5.452227e+059 -6.240419e+059 -6.510021e+059 -6.160704e+059 -5.162469e+059 -3.565525e+059 3.353769e+056 
2.363287e+062 -4.001133e+058 -1.049435e+059 -1.857187e+059 -2.713908e+059 -3.490655e+059 -4.061544e+059 -4.312695e+059 -4.161252e+059 -3.562352e+059 -2.515951e+059 1.414222e+056 
2.363289e+062 -3.848425e+058 -1.009926e+059 -1.790567e+059 -2.619136e+059 -3.372671e+059 -3.928727e+059 -4.178644e+059 -4.038562e+059 -3.463387e+059 -2.451678e+059 1.322959e+056 
2.363290e+062 -3.829038e+058 -1.004311e+059 -1.782164e+059 -2.606886e+059 -3.357695e+059 -3.911992e+059 -4.160229e+059 -4.020996e+059 -3.448031e+059 -2.440898e+059 1.310829e+056 
2.363291e+062 -3.833627e+058 -1.005807e+059 -1.783958e+059 -2.609113e+059 -3.360184e+059 -3.914552e+059 -4.162748e+059 -4.023360e+059 -3.450635e+059 -2.442924e+059 1.313040e+056 
2.363291e+062 -3.831211e+058 -1.004788e+059 -1.781644e+059 -2.606264e+059 -3.355743e+059 -3.910296e+059 -4.159389e+059 -4.019505e+059 -3.447544e+059 -2.440311e+059 1.310317e+056 
2.363291e+062 -3.828687e+058 -1.005394e+059 -1.782584e+059 -2.608244e+059 -3.359635e+059 -3.912949e+059 -4.161877e+059 -4.022086e+059 -3.448639e+059 -2.441567e+059 1.311837e+056 
2.363291e+062 -3.839958e+058 -1.008266e+059 -1.787645e+059 -2.614798e+059 -3.367279e+059 -3.922158e+059 -4.171105e+059 -4.031172e+059 -3.456436e+059 -2.446330e+059 1.318239e+056 
2.363292e+062 -3.831125e+058 -1.005037e+059 -1.782247e+059 -2.606963e+059 -3.356289e+059 -3.909047e+059 -4.157346e+059 -4.017430e+059 -3.445126e+059 -2.438802e+059 1.309932e+056 
2.363292e+062 -3.827041e+058 -1.003985e+059 -1.780827e+059 -2.604645e+059 -3.353715e+059 -3.907181e+059 -4.154934e+059 -4.015315e+059 -3.443741e+059 -2.438358e+059 1.308164e+056 
