1.000000e-030   1.000000e-030   1.000000e-030   1.000000e-030   1.000000e-030   1.000000e-030   1.000000e-030   1.000000e-030   1.000000e-030   1.000000e-030   1.000000e-030   1.111111e-001   1.000000e-030   2.222222e-001   1.000000e-030   1.000000e-030   1.312968e-240   3.333333e-001   9.762248e-236   1.000000e-030   1.000000e-030   2.222222e-001   1.000000e-030   1.000000e-030   5.505972e-240   1.000000e-030   1.000000e-030   1.000000e-030   1.111111e-001   1.000000e-030   1.000000e-030   1.285298e-240   

1.000000e-030   1.000000e-030   1.000000e-030   1.000000e-030   1.000000e-030   1.000000e-030   1.000000e-030   1.000000e-030   1.000000e-030   1.000000e-030   1.000000e-030   3.190884e-304   1.000000e-030   3.966290e-262   1.000000e-030   1.000000e-030   3.813901e-001   1.000000e-030   1.000000e-030   1.000000e-030   1.000000e-030   1.606348e-230   1.000000e-030   1.000000e-030   2.372198e-001   1.754164e-265   1.000000e-030   1.000000e-030   1.724498e-060   1.000000e-030   1.000000e-030   3.813901e-001   

1.000000e-030   1.000000e-030   5.207663e-235   1.000000e-030   1.000000e-030   1.000000e-030   1.521825e-116   1.000000e-030   1.000000e-030   1.000000e-030   1.000000e-030   1.000000e-030   1.000000e-030   1.000000e-030   1.000000e-030   1.000000e-030   3.841219e-238   1.000000e-030   1.000000e-030   1.000000e-030   1.000000e-030   3.932813e-230   1.000000e-030   1.000000e-030   8.198491e-001   1.801509e-001   1.000000e-030   1.000000e-030   1.000000e-030   1.000000e-030   1.000000e-030   1.000000e-030   

1.000000e-030   1.000000e-030   4.730063e-001   1.000000e-030   1.000000e-030   1.000000e-030   2.365031e-001   1.000000e-030   1.000000e-030   1.000000e-030   1.000000e-030   1.000000e-030   1.000000e-030   9.202461e-232   1.000000e-030   1.000000e-030   1.000000e-030   6.004606e-231   2.365031e-001   1.000000e-030   1.000000e-030   5.818503e-230   1.000000e-030   1.000000e-030   1.314566e-237   5.398743e-002   1.000000e-030   1.000000e-030   1.000000e-030   1.000000e-030   1.000000e-030   1.599770e-271   

1.000000e-030   1.000000e-030   1.290038e-191   1.000000e-030   1.000000e-030   1.000000e-030   4.515853e-251   1.000000e-030   1.000000e-030   1.000000e-030   1.000000e-030   1.000000e-030   1.000000e-030   1.250000e-001   1.000000e-030   1.000000e-030   1.000000e-030   2.500000e-001   4.658827e-162   1.000000e-030   1.000000e-030   6.250000e-001   1.000000e-030   1.000000e-030   1.000000e-030   1.000000e-030   1.000000e-030   1.000000e-030   1.000000e-030   1.000000e-030   1.000000e-030   1.999713e-302   

