19
17
2
-10
31
-25
4
27
-34
41
8
-3
38
-5
45
30
8
21
4
-9
8
-41
21
21
-56
50
-23
4
38
-33
32
31
-14
23
22
-34
19
-37
-20
0
-66
23
-9
-31
5
-8
14
2
-24
22
-28
-29
34
-61
39
9
-44
71
-39
-17
31
-14
11
-5
18
7
-29
22
10
9
30
-22
39
41
-50
38
23
-13
6
0
27
-31
-1
50
-19
-1
25
-2
40
-34
3
28
-92
3
-29
18
17
-43
99
-44
-32
55
-34
-5
-6
-21
-14
-11
6
5
11
16
-29
64
-8
-51
107
-112
-21
57
-57
1
-48
24
-35
-44
30
-56
24
19
-115
56
2
-134
113
-14
-51
82
-12
16
12
31
-11
-28
24
-17
9
9
-9
31
46
-9
19
82
-37
-15
57
-36
-31
46
-32
-13
44
-32
55
-3
-10
56
-18
25
-11
4
26
-38
8
17
-11
14
11
2
16
-21
16
27
0
13
-8
10
6
-2
-20
3
-2
-31
0
-3
-33
12
-9
-29
20
-19
3
12
-9
7
-15
-4
13
-24
19
-8
-34
39
-22
-19
9
-14
-1
-5
9
20
17
-12
22
1
2
-6
12
17
-67
18
17
-38
-8
27
-61
20
4
-35
39
-24
56
-13
30
51
-6
33
-12
10
38
-4
1
68
-5
-12
16
10
5
-54
22
33
-31
-23
-7
5
-41
-27
-18
22
-53
-58
78
-56
-3
39
-21
17
-59
-9
-4
-58
21
-43
21
26
-76
74
-31
-16
42
-46
42
-32
2
21
1
38
-35
23
37
-40
41
22
-30
40
-13
20
16
9
23
-31
24
-3
-21
22
-1
8
18
-8
-13
9
15
-56
15
15
-33
21
2
68
-6
21
33
-8
70
-44
15
56
-64
17
7
-36
38
-7
47
10
-8
51
-59
36
38
-69
61
-1
-28
44
-37
41
5
-22
30
-43
-9
-46
-41
-2
-49
-32
-16
7
-26
-28
42
-29
-22
15
-23
-20
-49
4
-42
-1
32
-59
53
-15
-19
52
-51
7
23
-18
1
-3
20
-20
4
16
-37
45
-37
-67
90
-56
-28
33
-53
13
-27
10
-44
17
25
-73
103
0
-39
76
-37
0
35
-24
-5
26
49
-36
10
63
-61
23
19
-39
26
-21
38
8
-15
35
-28
13
-20
-7
29
-54
74
-11
-11
83
-78
71
19
-53
76
-80
65
16
-51
116
-97
63
11
-116
96
-102
-14
40
-90
63
-61
-17
46
-54
53
-38
19
47
-95
96
34
-47
98
18
30
17
26
31
-7
70
-13
27
38
-73
73
-3
-26
59
-17
19
-50
51
2
-79
103
-44
9
60
-94
54
5
-48
53
-52
8
-15
-60
46
-67
2
-18
-65
43
-63
-31
-1
-52
-7
-29
-26
-34
-19
-3
-70
6
8
-81
6
18
-41
-20
16
28
-58
-1
-9
-23
-4
-62
33
-47
-47
22
-67
34
-4
-33
69
-39
28
-3
-8
91
-58
48
72
-50
53
6
-2
66
-23
35
53
-16
36
4
-10
48
-32
26
12
-42
45
-14
21
43
-3
-7
19
5
-17
-3
11
14
2
22
13
29
-7
0
34
3
-3
-6
9
16
-36
7
26
-48
21
-57
12
13
-86
73
-44
-25
20
-61
49
-35
-29
31
-39
28
9
-12
45
13
-16
0
11
-17
-18
9
-9
-33
12
-8
-3
38
-28
19
19
-11
-1
-4
23
-18
-1
32
-19
-4
25
-15
-2
6
0
-16
-24
1
-4
-27
6
-10
-28
34
-22
4
39
-21
2
12
1
7
18
9
4
14
-12
-15
2
-4
-28
15
8
-50
56
-9
-31
51
-7
22
-22
20
-4
-41
26
-3
-18
3
3
-35
6
-3
-3
1
3
-17
-2
-2
-31
5
-19
-16
-29
-19
-22
-13
-10
-17
-26
-6
-12
-43
34
-42
-13
25
-33
5
10
-4
-15
36
-8
-5
14
16
8
-13
69
-38
2
79
-69
65
13
-35
58
-5
22
18
30
-5
28
13
13
18
34
26
9
54
-8
-18
41
8
-38
66
-19
-8
72
-45
87
6
-48
143
-92
5
69
-82
61
-67
2
46
-109
79
-8
-26
62
-83
73
-18
-52
70
-81
8
-8
-40
32
-48
14
-2
-54
-5
-42
-27
-40
-64
6
-33
-33
-2
6
-13
-21
4
-20
0
-59
34
-22
-52
78
-54
36
16
-58
75
-71
-17
68
-75
33
25
-24
25
18
5
-1
26
30
-13
36
60
-1
56
25
12
7
28
-38
-5
100
-104
81
89
-82
97
-22
-6
45
-103
79
-50
-37
76
-108
118
-53
-60
153
-116
10
27
-77
55
-66
38
28
-63
89
-58
23
12
-98
79
-52
-27
38
-69
40
-18
-5
39
-56
28
-14
-19
19
-42
31
-8
-44
56
-27
-33
29
3
4
-16
60
-14
2
53
-30
48
-31
-7
31
-17
10
-14
50
18
-14
48
16
19
36
-18
41
16
-37
15
49
8
-54
50
38
-38
26
55
-17
21
15
-12
4
-42
0
-33
27
-20
-69
83
-67
-49
61
-70
-9
-5
5
48
-43
24
27
-76
39
-1
-78
46
-51
-8
11
-53
38
-31
1
28
-45
26
-8
-22
41
-64
7
9
-49
34
-18
9
-21
-6
-4
-40
31
-46
-24
40
-66
22
16
-46
51
-45
21
44
-20
49
19
30
23
-28
56
27
-31
48
12
1
13
31
12
19
46
-2
18
41
20
-4
51
16
-23
24
15
-23
-10
9
-16
-13
-4
-12
36
3
-26
33
12
-9
-14
36
-27
-24
22
-46
16
-8
-41
18
-20
-56
-4
-34
-9
-49
-17
24
-93
40
2
-44
21
-54
-34
-47
-36
4
-52
21
1
-59
29
-53
-14
-14
-69
31
-69
14
-2
-45
91
-47
12
30
-45
40
-24
10
39
1
62
-15
21
34
-53
11
4
-24
21
16
4
50
45
44
48
41
31
40
29
-16
21
26
-36
18
34
-12
12
17
9
5
12
5
24
36
-18
-22
24
-32
-32
22
-19
-9
-7
9
-34
-14
0
-27
-15
-24
-15
-13
-1
-20
-7
-18
-26
-32
-24
-26
-44
-9
-16
0
22
-6
16
15
-16
15
-23
-36
4
-52
-10
5
-28
21
-1
25
32
-9
36
35
15
35
23
6
5
19
12
-30
3
-1
-4
25
27
22
42
48
8
37
12
-22
-2
0
-22
-13
4
-14
2
18
-5
-6
-8
-1
-10
-45
-5
-19
-42
-40
-28
-21
-55
-15
-22
-43
0
-25
-21
-33
-19
-8
-54
-3
-26
-36
8
-46
-26
4
-71
7
-13
-50
9
-14
12
-7
-3
24
28
-13
23
-9
-28
22
-52
19
18
-37
61
36
24
74
40
72
21
22
56
-29
50
26
-25
70
28
-24
77
31
-2
73
-10
55
45
-6
73
4
32
-13
-7
70
-76
4
53
-63
37
22
-8
50
-6
23
-3
-15
-9
-57
9
-50
-62
3
-59
-41
-6
-39
-24
8
-27
-3
-16
-9
7
-43
-2
-34
-25
-30
-60
-8
-34
-66
-8
-25
-53
-3
-16
-9
0
2
11
6
4
14
-5
-6
25
-3
14
53
3
53
48
13
78
-8
45
35
-28
53
-12
27
77
4
60
49
7
62
8
38
40
-18
36
-5
3
4
-7
41
-20
9
41
-36
-5
5
-6
-7
-17
27
-6
-6
5
-35
1
-32
-75
-25
-57
-70
-53
-51
-38
-63
-17
-6
-36
-4
-15
-47
-25
-39
-43
-31
-39
-44
-2
-21
-37
27
-21
-6
4
2
5
-15
49
-20
-1
43
-29
28
17
-10
39
4
37
64
25
54
40
42
53
16
50
21
30
44
-1
40
42
40
32
66
32
25
64
0
44
18
-5
25
8
9
-17
1
16
-19
-5
29
2
-6
4
-10
6
-10
-16
16
-20
-50
-14
-65
-56
-50
-89
-37
-53
-49
-58
-29
-29
-42
-21
-39
-32
-57
-30
-61
-46
-17
-49
-33
-3
-32
-7
5
-42
35
-12
-14
13
-22
-20
-11
15
-4
-4
41
4
3
73
20
34
63
27
27
41
30
1
43
33
9
44
25
22
32
23
20
56
45
35
73
36
19
33
22
0
16
28
8
21
13
20
15
-2
-7
-3
0
-24
11
9
-11
-5
1
-16
-26
-8
-41
-31
-44
-72
-24
-33
-36
-11
-11
-31
-66
-21
-36
-76
-14
-45
-47
-19
-34
-2
-26
-18
-3
-42
-10
-19
-12
0
-37
11
-15
-21
30
-5
-4
14
14
29
35
44
62
58
41
22
90
39
12
76
14
27
10
15
42
0
47
42
10
39
19
46
43
7
50
15
-20
36
-16
-10
22
-17
27
5
9
43
-21
17
24
-31
7
-25
2
-8
-54
25
-31
-30
5
-49
-19
-35
-52
-30
-44
-29
-49
-31
-19
-71
-25
-50
-68
-36
-50
-42
-32
-19
-27
-7
-10
-6
14
-12
-10
-8
-18
-26
-16
12
-13
-1
25
6
45
32
31
71
24
52
59
44
62
26
50
24
7
45
10
38
41
33
75
40
46
58
31
34
10
28
23
-10
36
5
3
38
-6
16
21
-13
-1
17
-6
-5
25
-9
-27
-9
-10
-53
-40
-8
-60
-29
-36
-60
-17
-44
-36
-14
-42
-38
-43
-44
-56
-67
-39
-63
-63
-50
-39
-44
-42
-10
-33
-6
-29
-36
20
-30
-30
-9
-31
-18
-23
-13
6
-15
21
26
24
42
26
48
52
30
52
57
16
50
31
-7
40
20
7
46
36
44
64
63
58
50
55
28
32
25
21
49
23
29
28
5
9
-5
15
12
4
39
10
-10
16
-16
-20
-10
-39
3
-27
-40
10
-43
-27
-12
-56
-12
-27
-43
-12
-47
-20
-23
-36
-29
-54
-36
-46
-57
-16
-22
-29
4
-20
-10
-11
-13
-15
-35
-30
-48
-29
-49
-28
7
-29
1
22
8
26
26
33
13
10
38
9
42
30
23
47
13
26
23
22
34
41
54
39
48
53
26
38
18
10
11
-2
13
6
14
6
6
24
-6
10
27
2
17
7
2
-10
-21
3
-30
-25
-7
-27
-23
-39
-41
-36
-46
-32
-23
-18
-33
-19
-18
-56
-25
-41
-51
-36
-43
-20
-34
-24
-2
-26
-14
-30
-33
-2
-43
-18
2
-27
-4
-8
-7
-9
-15
14
0
4
28
22
43
26
26
37
19
30
25
30
31
12
37
15
20
66
30
60
67
27
38
21
25
24
9
30
13
10
28
9
30
8
-2
22
4
-2
22
43
-15
0
22
-30
-12
-17
-8
-2
-55
-8
-17
-59
-13
-27
-17
-28
-51
8
-50
-65
-5
-57
-61
-41
-37
-14
-37
-6
-2
-44
-17
-41
-43
-29
-37
-7
-1
-13
-5
1
-11
-16
-5
8
-24
7
30
17
30
30
33
10
5
18
17
16
32
31
28
23
21
33
27
33
42
34
29
41
39
24
26
17
2
6
13
20
16
18
23
23
20
18
14
14
10
0
2
-5
-10
-18
-7
-4
-17
-13
-21
-23
-33
-24
-29
-34
-29
-16
-15
-38
-11
-21
-49
-36
-37
-42
-31
-37
-18
-22
-38
-10
-28
-27
-22
-18
-16
-10
5
-16
-10
3
-12
-17
0
-2
-3
16
18
7
20
24
12
17
4
6
24
29
41
42
48
39
36
59
32
48
49
29
50
33
32
26
16
24
15
27
38
18
43
20
11
32
-4
14
11
10
16
-5
8
-1
-12
-2
-20
-17
-22
-28
-11
-27
-11
-10
-25
-22
-39
-29
-44
-52
-28
-58
-34
-39
-52
-25
-54
-31
-31
-61
-33
-60
-43
-32
-62
-2
-28
-28
-5
-28
-8
-23
-25
-5
-7
-3
12
1
8
9
8
13
7
20
29
30
35
47
37
41
53
42
55
48
38
58
49
65
60
48
51
35
36
38
34
41
36
39
42
33
44
21
24
25
8
11
-14
-10
-8
-15
-3
-23
-18
-16
-34
-21
-35
-44
-38
-46
-32
-44
-45
-33
-43
-37
-53
-57
-58
-59
-39
-44
-44
-37
-48
-43
-46
-40
-34
-38
-22
-27
-15
-10
-16
-2
-6
-13
-2
-9
-3
-5
4
11
-1
15
13
17
22
16
29
28
30
49
39
51
45
50
63
36
51
49
42
42
43
44
32
37
41
39
35
37
39
31
26
35
19
25
30
16
23
-4
-1
0
-25
-1
-20
-24
-3
-31
0
-22
-34
-7
-50
-23
-36
-54
-24
-55
-45
-31
-48
-31
-45
-39
-35
-57
-33
-42
-45
-20
-36
-26
-26
-32
-6
-21
-13
-16
-15
4
-12
4
0
-2
7
8
17
5
19
10
19
35
17
41
28
26
46
35
40
41
41
53
37
49
50
38
55
29
42
36
16
33
7
9
18
9
19
6
7
12
6
17
3
-1
0
-14
-11
-7
-22
-17
-15
-32
-23
-31
-41
-40
-45
-54
-46
-55
-44
-50
-45
-33
-63
-35
-42
-51
-23
-41
-35
-20
-43
-26
-31
-36
-15
-34
-11
-20
-22
6
-10
7
16
2
15
8
9
24
12
24
29
26
30
32
46
35
35
46
32
35
41
42
44
48
54
41
45
50
42
42
33
28
27
24
35
37
29
27
21
24
19
16
17
11
12
13
6
2
-2
-11
-12
-14
-23
-24
-20
-29
-26
-27
-34
-33
-43
-39
-40
-38
-37
-37
-33
-45
-37
-40
-46
-35
-38
-38
-38
-30
-31
-34
-20
-28
-32
-20
-22
-24
-3
-5
7
3
4
20
4
24
20
15
36
14
37
36
30
49
36
43
37
26
38
40
49
53
44
53
47
44
50
33
33
35
24
27
26
26
23
23
21
13
18
7
10
4
0
-4
-14
-11
-20
-20
-23
-29
-24
-29
-41
-34
-41
-40
-41
-48
-44
-54
-52
-50
-52
-47
-51
-56
-51
-64
-57
-49
-54
-40
-45
-45
-41
-35
-26
-32
-28
-22
-28
-20
-7
-6
-8
-1
-2
4
9
10
21
10
19
23
21
33
35
41
46
40
47
42
40
55
36
46
44
40
55
42
55
47
44
46
32
36
34
30
36
35
29
39
27
24
19
13
11
6
10
0
-3
-6
-9
-13
-6
-15
-20
-18
-26
-20
-26
-24
-34
-36
-39
-50
-44
-55
-49
-52
-53
-52
-55
-49
-47
-42
-43
-37
-43
-27
-27
-21
-13
-28
-14
-24
-16
-12
-12
2
-4
-2
0
2
8
12
7
20
21
23
40
35
43
39
39
41
31
40
39
41
43
46
46
49
51
46
49
40
43
39
43
48
41
48
37
33
27
15
10
6
1
5
5
0
1
-3
-6
-7
-12
-11
-18
-24
-17
-30
-27
-27
-33
-31
-43
-44
-41
-52
-41
-49
-48
-40
-55
-44
-50
-51
-41
-50
-41
-41
-45
-34
-36
-33
-29
-38
-25
-32
-28
-20
-23
-12
-15
-4
-5
-7
1
2
3
11
12
19
20
21
33
27
33
28
31
34
30
43
41
46
47
46
50
49
44
41
38
42
38
38
40
37
39
34
33
30
32
29
23
22
23
21
15
15
10
8
-1
-5
-7
-9
-8
-13
-17
-18
-22
-25
-28
-28
-34
-39
-33
-44
-40
-44
-47
-45
-50
-45
-53
-55
-45
-42
-38
-32
-34
-29
-34
-34
-26
-27
-22
-26
-17
-18
-19
-12
-16
-11
-7
-5
-3
2
5
12
15
22
26
25
30
29
33
36
38
43
35
37
39
33
38
34
31
30
32
38
40
48
51
50
53
46
40
40
35
35
27
26
23
19
15
6
4
-5
-10
-10
-11
-12
-10
-11
-14
-16
-22
-22
-25
-23
-28
-33
-37
-41
-42
-47
-51
-60
-57
-55
-54
-51
-51
-46
-48
-43
-45
-44
-41
-37
-36
-33
-28
-33
-28
-31
-25
-24
-24
-19
-17
-9
-2
3
3
8
9
16
17
22
25
30
37
32
38
34
33
31
31
38
36
35
40
42
46
47
44
54
49
53
55
53
53
47
50
40
35
35
27
27
27
21
18
15
14
15
10
14
10
8
9
5
6
-3
-5
-6
-17
-15
-16
-16
-23
-29
-29
-37
-42
-44
-48
-46
-45
-46
-39
-51
-50
-50
-51
-44
-45
-38
-39
-41
-39
-41
-37
-36
-37
-33
-31
-29
-21
-20
-9
-9
-6
0
-1
10
12
16
19
20
24
30
31
32
35
36
42
38
44
42
48
53
55
64
57
63
59
60
61
58
58
54
54
53
52
49
47
38
36
33
33
36
30
29
19
12
9
4
7
2
0
-5
-13
-15
-22
-26
-35
-47
-52
-52
-57
-56
-57
-63
-64
-65
-66
-68
-70
-67
-68
-64
-67
-68
-62
-68
-66
-60
-59
-60
-56
-52
-52
-45
-41
-39
-39
-34
-28
-22
-11
-8
9
15
23
29
31
37
32
43
42
41
43
42
49
53
63
62
69
69
74
72
74
76
74
78
71
75
68
67
69
64
64
56
56
47
44
41
29
27
22
16
15
11
4
-3
-8
-14
-22
-27
-30
-40
-37
-47
-52
-51
-64
-64
-69
-74
-74
-79
-78
-84
-83
-76
-78
-80
-82
-88
-90
-92
-87
-85
-76
-67
-63
-50
-47
-44
-39
-34
-36
-34
-24
-19
-2
5
14
21
24
28
32
44
48
57
61
66
75
69
72
69
65
67
71
74
82
88
92
97
94
95
86
82
83
82
86
83
93
82
77
73
60
47
33
29
14
14
10
6
0
-12
-19
-31
-35
-43
-42
-40
-42
-43
-44
-50
-57
-61
-77
-84
-96
-101
-100
-105
-97
-106
-106
-107
-114
-103
-109
-103
-98
-97
-89
-81
-77
-70
-69
-72
-68
-71
-55
-46
-25
-9
-4
9
8
12
10
15
23
37
49
58
76
84
92
98
98
93
92
97
102
105
115
124
124
131
124
129
132
127
132
130
136
131
125
119
98
86
62
51
43
31
26
13
9
-4
-7
-20
-32
-35
-33
-36
-48
-60
-82
-96
-120
-130
-145
-156
-146
-153
-140
-144
-145
-136
-144
-139
-145
-149
-137
-130
-121
-123
-130
-131
-143
-144
-139
-141
-129
-128
-114
-88
-69
-50
-44
-31
-15
0
12
20
39
52
65
74
82
90
98
105
108
108
115
131
138
163
164
182
191
184
194
187
194
188
177
157
140
131
110
102
91
78
71
65
65
65
60
60
54
50
47
29
14
-9
-28
-46
-73
-88
-105
-113
-127
-140
-151
-165
-172
-163
-165
-153
-145
-132
-113
-119
-101
-120
-126
-133
-143
-138
-158
-156
-159
-139
-127
-104
-80
-50
-16
25
81
93
118
123
114
102
85
72
43
45
42
51
51
48
65
87
117
141
159
170
193
209
220
225
220
202
170
140
127
116
94
95
76
72
53
52
64
45
50
35
36
24
21
13
-6
-28
-55
-79
-106
-111
-135
-136
-143
-145
-133
-135
-125
-129
-125
-127
-136
-146
-157
-168
-185
-203
-218
-232
-245
-231
-218
-190
-171
-156
-136
-121
-92
-72
-39
-33
-17
-8
8
22
11
23
-1
2
-14
-19
-9
-12
11
6
48
80
130
185
213
245
260
279
272
268
235
196
161
137
121
90
71
45
51
44
44
41
37
40
52
62
72
81
87
99
67
56
11
-18
-80
-119
-143
-158
-138
-140
-58
-17
131
198
263
286
250
297
194
148
-4
-75
-128
-177
-137
-157
-82
-86
-49
-18
13
46
30
52
46
132
197
242
235
202
201
183
150
23
-86
-202
-284
-329
-406
-458
-532
-527
-475
-414
-347
-335
-306
-270
-229
-194
-208
-227
-251
-215
-161
-117
-84
-62
-7
41
87
104
102
96
111
142
166
191
214
250
285
324
329
318
290
253
242
216
223
215
187
161
139
126
86
36
-32
-72
-88
-107
-130
-159
-160
-156
-116
-108
-109
-120
-124
-85
-64
-54
-56
-40
-4
21
35
46
45
51
41
34
16
-1
-5
3
42
74
116
143
184
222
258
270
231
187
126
81
18
-48
-125
-204
-251
-285
-293
-308
-322
-318
-313
-284
-287
-302
-310
-314
-294
-299
-302
-294
-295
-294
-299
-300
-292
-298
-290
-273
-227
-151
-90
-30
8
57
91
107
93
82
79
110
155
209
283
321
397
443
494
524
535
565
579
607
611
608
583
579
564
554
523
469
446
407
417
391
363
340
322
325
306
303
293
289
282
271
251
220
163
117
81
60
45
23
3
-42
-62
-105
-150
-188
-235
-279
-325
-384
-432
-496
-551
-592
-645
-665
-693
-668
-671
-668
-678
-706
-716
-772
-803
-873
-895
-918
-941
-938
-940
-908
-884
-850
-833
-806
-785
-738
-698
-650
-597
-544
-432
-314
-177
-13
158
387
585
782
929
1056
1134
1144
1146
1117
1096
1070
1049
1043
1060
1107
1156
1175
1183
1181
1150
1083
990
862
741
587
444
310
205
128
20
-36
-118
-143
-169
-199
-240
-288
-300
-338
-335
-359
-352
-340
-300
-249
-180
-108
-43
39
129
218
290
347
370
397
394
378
344
297
254
200
168
124
83
11
-47
-116
-206
-309
-422
-547
-702
-842
-992
-1110
-1245
-1313
-1390
-1420
-1439
-1461
-1434
-1468
-1449
-1483
-1487
-1465
-1466
-1373
-1297
-1101
-933
-690
-449
-206
72
271
529
660
869
969
1130
1206
1283
1365
1397
1504
1515
1612
1608
1661
1662
1644
1597
1495
1391
1225
1092
923
794
642
509
386
281
196
94
0
-89
-172
-258
-311
-406
-450
-542
-574
-616
-629
-596
-573
-483
-442
-306
-230
-102
-20
75
178
258
362
397
469
477
518
511
512
486
424
393
310
272
212
158
70
-46
-187
-340
-476
-609
-746
-891
-1015
-1147
-1212
-1343
-1385
-1492
-1540
-1607
-1646
-1629
-1662
-1610
-1628
-1574
-1558
-1470
-1419
-1252
-1145
-897
-680
-403
-130
106
406
563
808
910
1065
1120
1202
1243
1279
1307
1317
1353
1360
1423
1436
1511
1529
1543
1523
1449
1393
1237
1122
920
777
616
485
388
281
217
127
72
-10
-62
-125
-160
-230
-244
-295
-287
-291
-278
-229
-205
-131
-79
24
100
194
253
312
327
331
321
274
247
204
204
176
181
152
116
83
18
-32
-122
-183
-289
-366
-486
-611
-766
-915
-1080
-1230
-1365
-1488
-1546
-1619
-1613
-1672
-1632
-1693
-1658
-1706
-1687
-1673
-1640
-1543
-1464
-1285
-1183
-937
-815
-528
-345
-58
168
408
655
812
1028
1083
1231
1239
1325
1356
1402
1458
1469
1544
1529
1595
1567
1598
1572
1548
1521
1441
1405
1271
1209
1059
967
814
694
592
481
401
297
237
145
110
37
21
-15
1
-3
8
18
11
24
8
17
10
14
-6
5
-13
13
-2
-5
-17
-46
-41
-73
-67
-95
-107
-135
-167
-211
-289
-360
-452
-524
-626
-714
-829
-930
-1038
-1152
-1251
-1357
-1413
-1499
-1534
-1582
-1588
-1598
-1597
-1613
-1608
-1609
-1551
-1489
-1399
-1235
-1143
-905
-774
-505
-315
-105
133
281
536
637
847
913
1040
1095
1149
1200
1208
1266
1240
1341
1325
1408
1422
1465
1504
1475
1499
1406
1410
1302
1226
1110
980
861
695
576
438
346
211
165
66
50
3
-19
-30
-77
-63
-114
-98
-147
-144
-202
-193
-210
-192
-194
-196
-155
-171
-104
-158
-105
-142
-141
-159
-191
-187
-228
-200
-243
-214
-252
-251
-286
-310
-336
-408
-444
-543
-577
-695
-753
-853
-910
-980
-1040
-1065
-1116
-1105
-1161
-1149
-1222
-1206
-1269
-1231
-1246
-1182
-1089
-1010
-790
-687
-386
-272
7
149
341
501
594
748
750
874
841
909
855
872
868
873
939
938
1053
1039
1145
1132
1158
1144
1080
1064
955
952
847
800
688
599
504
408
316
217
155
74
53
3
24
-13
0
-35
-36
-35
-49
-20
-49
-9
-32
-20
-33
-35
-54
-55
-38
-34
13
30
107
114
153
140
112
82
16
-7
-81
-104
-158
-182
-234
-263
-308
-366
-406
-477
-487
-568
-582
-683
-738
-834
-942
-1038
-1182
-1256
-1401
-1422
-1530
-1492
-1514
-1433
-1339
-1261
-1061
-982
-707
-618
-357
-256
-83
35
87
213
170
301
233
348
324
434
501
572
726
760
945
964
1125
1150
1230
1260
1261
1302
1251
1274
1198
1194
1105
1081
1012
971
914
854
825
754
762
667
703
620
626
562
515
455
361
348
227
245
125
139
52
59
28
5
19
-43
1
-60
-1
-53
-32
-80
-117
-156
-255
-279
-399
-418
-501
-509
-558
-574
-590
-643
-646
-719
-717
-790
-823
-896
-949
-1014
-1113
-1198
-1318
-1399
-1522
-1569
-1664
-1653
-1648
-1581
-1464
-1374
-1181
-1079
-851
-735
-521
-395
-223
-82
17
154
193
322
352
473
505
621
722
835
981
1067
1225
1272
1384
1423
1451
1478
1451
1475
1418
1413
1333
1288
1212
1150
1089
1026
981
925
899
821
795
699
642
544
468
381
281
225
107
67
-58
-92
-185
-220
-253
-295
-274
-327
-299
-337
-288
-309
-299
-319
-347
-356
-381
-377
-412
-401
-437
-452
-472
-476
-470
-465
-453
-457
-465
-497
-527
-588
-645
-742
-823
-921
-1016
-1075
-1153
-1175
-1260
-1271
-1311
-1300
-1272
-1242
-1119
-1085
-915
-852
-693
-597
-487
-359
-287
-131
-86
85
132
300
379
481
585
637
761
782
908
923
1016
1053
1102
1161
1156
1237
1221
1295
1284
1317
1296
1279
1236
1160
1107
1017
966
840
810
681
638
525
454
377
284
249
150
139
51
20
-44
-102
-144
-201
-208
-230
-211
-201
-188
-178
-163
-154
-156
-154
-155
-146
-140
-116
-107
-106
-106
-115
-134
-151
-173
-181
-206
-238
-263
-333
-379
-474
-551
-657
-773
-853
-972
-1027
-1135
-1205
-1278
-1374
-1413
-1503
-1491
-1526
-1463
-1431
-1364
-1276
-1215
-1063
-990
-789
-697
-502
-385
-220
-81
27
194
262
417
455
579
664
758
863
924
1039
1066
1169
1208
1285
1352
1390
1460
1453
1487
1429
1398
1319
1248
1177
1080
995
905
830
733
666
566
499
414
382
332
319
303
259
232
159
127
27
-1
-72
-102
-129
-154
-154
-173
-149
-167
-155
-155
-125
-87
-49
-13
8
13
-13
-52
-102
-156
-227
-274
-349
-405
-486
-555
-624
-741
-825
-955
-1035
-1155
-1229
-1312
-1373
-1444
-1525
-1592
-1690
-1701
-1763
-1700
-1698
-1598
-1522
-1403
-1227
-1096
-869
-756
-535
-415
-218
-64
75
241
327
492
540
678
745
857
977
1051
1207
1253
1399
1449
1582
1643
1685
1747
1710
1739
1646
1623
1506
1438
1329
1240
1133
1048
974
871
815
682
657
535
527
447
409
366
277
244
108
68
-68
-99
-192
-225
-261
-287
-277
-300
-268
-297
-269
-294
-253
-245
-215
-195
-204
-211
-273
-307
-399
-463
-543
-608
-677
-746
-802
-877
-928
-1015
-1067
-1151
-1197
-1279
-1336
-1402
-1462
-1520
-1588
-1632
-1690
-1682
-1693
-1608
-1570
-1433
-1322
-1153
-958
-785
-543
-373
-124
57
249
406
529
656
730
836
882
965
1022
1099
1170
1233
1328
1373
1484
1513
1602
1632
1678
1689
1655
1626
1509
1431
1298
1203
1061
943
820
726
640
552
483
378
341
249
244
181
160
123
54
22
-86
-116
-229
-271
-344
-378
-398
-418
-391
-404
-369
-368
-319
-303
-257
-222
-188
-143
-144
-108
-150
-161
-213
-249
-284
-336
-356
-431
-461
-536
-584
-649
-717
-765
-850
-904
-993
-1056
-1126
-1190
-1248
-1307
-1335
-1368
-1331
-1300
-1203
-1094
-945
-794
-652
-470
-335
-150
-38
116
197
292
354
382
446
432
488
484
536
570
613
713
765
883
940
1017
1083
1102
1144
1118
1113
1069
1007
942
848
760
663
561
489
414
366
342
302
316
296
308
296
282
282
244
248
207
202
173
150
116
93
72
75
86
102
147
176
243
259
327
331
341
326
312
299
241
214
126
61
-36
-118
-225
-317
-400
-494
-547
-634
-696
-783
-874
-963
-1069
-1170
-1278
-1388
-1489
-1580
-1637
-1685
-1703
-1687
-1634
-1525
-1409
-1249
-1089
-904
-734
-559
-395
-250
-120
-22
45
96
154
177
217
255
299
364
437
537
652
783
904
1010
1118
1196
1257
1290
1310
1307
1281
1223
1158
1084
1008
930
860
809
751
731
726
728
754
742
779
744
753
732
700
701
608
616
487
472
395
350
331
245
271
213
234
219
215
202
163
142
96
44
-23
-114
-196
-289
-382
-481
-578
-657
-745
-797
-872
-922
-988
-1046
-1107
-1190
-1258
-1365
-1447
-1560
-1648
-1738
-1816
-1853
-1884
-1853
-1814
-1696
-1575
-1410
-1217
-1013
-781
-603
-404
-257
-97
16
106
190
244
295
318
383
440
521
598
684
795
885
1006
1088
1180
1261
1302
1334
1326
1335
1273
1217
1131
1043
966
864
801
740
692
639
613
588
590
561
568
552
557
561
529
535
484
484
415
384
345
300
271
209
213
172
175
146
144
145
115
116
77
70
21
-35
-92
-165
-236
-338
-413
-502
-578
-663
-734
-797
-868
-932
-1010
-1056
-1112
-1193
-1260
-1327
-1399
-1465
-1543
-1575
-1603
-1576
-1552
-1475
-1365
-1248
-1081
-939
-738
-581
-404
-265
-116
11
97
185
228
286
300
327
350
384
429
474
561
628
714
786
843
920
953
999
1013
1024
1018
972
935
869
825
765
711
671
639
606
597
585
604
618
624
664
664
698
685
691
687
674
662
611
580
519
492
449
422
402
372
350
316
298
266
240
205
172
121
70
5
-61
-125
-221
-309
-420
-503
-595
-698
-781
-874
-950
-1031
-1113
-1177
-1262
-1334
-1423
-1477
-1545
-1585
-1606
-1616
-1571
-1555
-1448
-1383
-1242
-1116
-970
-796
-656
-477
-363
-199
-89
23
98
157
213
243
270
289
315
340
356
392
425
484
518
556
615
639
694
701
746
746
745
724
695
683
648
638
603
609
585
588
596
633
678
729
778
819
870
890
941
943
962
945
916
872
817
778
711
672
605
563
504
465
424
382
344
276
225
144
81
-30
-126
-244
-374
-496
-651
-754
-904
-1008
-1133
-1232
-1310
-1411
-1459
-1527
-1551
-1596
-1629
-1645
-1667
-1636
-1625
-1548
-1509
-1427
-1323
-1219
-1051
-926
-738
-602
-424
-281
-132
2
107
224
285
360
384
430
448
488
525
557
603
628
691
727
772
798
814
837
831
828
811
786
750
693
645
589
547
523
497
497
502
524
555
600
665
717
776
834
880
929
947
971
972
963
922
859
780
700
620
533
451
368
283
196
127
56
-5
-53
-106
-158
-217
-291
-347
-434
-512
-622
-732
-846
-969
-1075
-1195
-1284
-1394
-1468
-1543
-1575
-1608
-1598
-1590
-1555
-1502
-1439
-1311
-1230
-1061
-962
-788
-652
-486
-312
-178
-1
94
245
320
417
482
511
562
547
568
548
545
534
513
541
509
551
524
560
558
557
572
530
544
473
452
364
311
242
162
110
42
0
-27
-24
-16
21
60
155
213
325
415
522
635
706
791
813
864
875
870
848
795
760
693
628
547
476
408
337
289
224
175
108
64
-11
-66
-149
-228
-306
-416
-493
-617
-701
-828
-937
-1054
-1161
-1237
-1313
-1352
-1373
-1362
-1333
-1290
-1226
-1117
-1026
-883
-763
-598
-442
-294
-135
-7
135
236
338
408
478
521
565
590
585
577
543
512
474
428
389
322
293
239
200
160
111
93
23
-3
-60
-86
-126
-172
-208
-257
-282
-310
-321
-313
-303
-267
-208
-138
-27
71
212
327
481
612
750
889
983
1082
1138
1203
1218
1238
1207
1180
1135
1081
1025
945
872
772
686
607
521
440
345
252
158
39
-59
-197
-302
-444
-573
-707
-851
-959
-1104
-1188
-1300
-1372
-1429
-1474
-1468
-1460
-1408
-1352
-1263
-1139
-1008
-861
-718
-574
-416
-271
-132
-3
106
207
292
366
423
452
475
480
477
459
431
407
372
319
275
222
188
139
79
22
-42
-83
-141
-180
-244
-300
-344
-388
-403
-428
-435
-438
-414
-364
-306
-227
-142
-38
86
206
353
501
644
784
903
1016
1109
1193
1255
1292
1298
1289
1263
1225
1177
1099
1013
907
819
713
595
473
328
210
65
-53
-212
-352
-501
-653
-782
-933
-1062
-1203
-1305
-1417
-1490
-1555
-1577
-1583
-1559
-1511
-1443
-1335
-1228
-1071
-926
-745
-581
-400
-228
-77
82
210
332
424
515
583
638
690
714
727
720
711
697
669
646
603
567
504
442
364
283
196
106
33
-64
-143
-235
-305
-374
-425
-469
-499
-514
-500
-462
-401
-333
-252
-154
-58
68
178
310
418
540
656
755
844
902
969
1002
1021
1030
1010
992
943
890
830
743
658
537
439
312
201
72
-71
-215
-370
-498
-644
-762
-905
-1028
-1148
-1234
-1297
-1358
-1384
-1403
-1390
-1366
-1315
-1224
-1121
-987
-842
-693
-533
-373
-188
-18
157
312
458
587
704
821
902
969
1003
1033
1047
1049
1035
1001
959
893
832
749
652
555
432
320
189
60
-68
-200
-331
-477
-582
-700
-779
-849
-905
-938
-961
-936
-913
-837
-765
-674
-568
-449
-315
-190
-49
67
185
293
396
491
574
648
691
728
748
763
770
763
749
704
658
601
542
477
377
283
170
62
-66
-195
-325
-463
-589
-717
-824
-923
-1006
-1074
-1121
-1138
-1140
-1115
-1063
-982
-870
-744
-597
-438
-262
-92
92
267
439
601
744
884
977
1075
1143
1199
1230
1227
1214
1176
1145
1087
1022
942
851
751
634
513
383
256
112
-36
-184
-333
-478
-623
-752
-882
-992
-1092
-1168
-1213
-1244
-1240
-1235
-1184
-1128
-1047
-938
-824
-683
-549
-393
-250
-91
56
206
350
471
587
676
764
825
878
914
925
928
894
855
799
733
656
557
456
336
227
106
-16
-128
-253
-363
-481
-566
-657
-724
-778
-821
-834
-843
-811
-775
-706
-632
-529
-408
-281
-133
6
165
309
455
591
714
827
914
994
1051
1093
1110
1095
1079
1032
988
916
834
746
637
531
399
279
138
2
-142
-285
-424
-570
-691
-813
-910
-1006
-1082
-1131
-1161
-1164
-1153
-1107
-1047
-966
-873
-776
-664
-552
-420
-306
-193
-80
26
132
221
315
391
464
525
578
626
661
687
694
693
671
640
593
536
460
364
261
148
30
-96
-223
-349
-471
-581
-677
-756
-824
-875
-915
-935
-937
-921
-885
-843
-777
-700
-602
-494
-374
-247
-114
34
177
329
472
616
749
861
968
1051
1122
1167
1189
1196
1180
1148
1089
1021
937
836
728
615
503
383
264
137
14
-105
-216
-318
-420
-512
-609
-681
-745
-788
-821
-841
-836
-825
-776
-724
-657
-571
-479
-366
-263
-144
-25
91
197
291
380
448
509
543
574
580
573
553
516
473
400
334
246
162
67
-37
-133
-241
-333
-430
-513
-605
-686
-751
-813
-860
-896
-914
-931
-923
-902
-860
-807
-744
-659
-562
-453
-329
-198
-48
102
254
404
560
712
849
979
1091
1196
1272
1336
1373
1395
1390
1368
1325
1254
1180
1091
996
880
768
652
534
421
303
197
91
-2
-95
-182
-262
-343
-411
-474
-528
-581
-626
-662
-687
-696
-695
-677
-654
-613
-560
-497
-421
-340
-253
-174
-98
-31
30
76
106
118
106
81
39
-7
-65
-136
-209
-285
-355
-429
-494
-553
-601
-647
-686
-715
-744
-771
-795
-813
-828
-836
-843
-843
-836
-823
-796
-750
-682
-605
-517
-406
-280
-134
18
181
353
518
683
843
989
1119
1234
1329
1401
1445
1468
1470
1459
1426
1375
1313
1240
1161
1078
996
911
819
724
636
537
437
343
239
137
29
-82
-190
-298
-399
-487
-573
-648
-713
-759
-787
-804
-804
-795
-778
-748
-712
-665
-613
-561
-514
-474
-431
-400
-364
-340
-325
-312
-310
-308
-304
-306
-315
-321
-332
-342
-354
-372
-389
-414
-436
-458
-476
-495
-515
-529
-540
-543
-532
-517
-491
-457
-409
-355
-294
-219
-138
-48
47
146
244
331
419
511
599
683
761
835
905
977
1038
1089
1136
1178
1213
1239
1254
1252
1241
1213
1174
1127
1058
974
878
778
670
554
434
312
198
93
-11
-105
-192
-274
-342
-400
-454
-497
-531
-559
-584
-608
-629
-642
-650
-652
-653
-646
-638
-625
-602
-571
-533
-499
-457
-415
-373
-333
-301
-268
-249
-232
-221
-215
-224
-242
-268
-297
-326
-354
-374
-401
-416
-426
-427
-419
-406
-388
-367
-338
-302
-271
-233
-192
-151
-111
-72
-32
11
54
103
154
210
269
334
404
479
553
616
680
742
795
840
874
898
908
908
891
862
828
780
723
661
598
532
458
386
315
248
184
120
60
2
-58
-110
-164
-210
-252
-288
-326
-360
-383
-411
-430
-442
-448
-446
-446
-435
-415
-396
-374
-348
-317
-293
-270
-239
-214
-194
-175
-156
-143
-137
-133
-132
-136
-143
-158
-170
-184
-203
-220
-242
-267
-286
-299
-316
-331
-339
-345
-348
-339
-325
-308
-285
-267
-241
-213
-183
-140
-95
-55
-13
27
67
110
152
194
230
264
306
351
392
430
468
506
539
573
601
626
646
657
662
653
631
610
581
544
498
443
388
329
266
201
142
81
24
-24
-66
-107
-141
-168
-196
-217
-230
-239
-248
-258
-268
-274
-275
-281
-283
-289
-299
-302
-300
-296
-294
-289
-273
-258
-243
-224
-206
-189
-173
-153
-135
-123
-112
-105
-105
-117
-128
-137
-151
-169
-190
-214
-240
-261
-273
-282
-291
-290
-286
-281
-269
-252
-228
-200
-166
-131
-98
-63
-25
15
54
92
129
164
198
238
273
308
343
371
406
432
453
477
494
507
508
503
489
470
447
415
382
340
292
246
194
141
92
42
-3
-45
-84
-119
-144
-168
-191
-209
-223
-234
-237
-243
-250
-252
-252
-248
-236
-228
-219
-212
-204
-194
-185
-177
-168
-161
-156
-149
-141
-134
-136
-137
-137
-136
-135
-137
-136
-136
-138
-135
-134
-135
-137
-140
-136
-137
-136
-137
-141
-144
-148
-147
-152
-152
-151
-152
-148
-138
-119
-101
-83
-56
-24
8
47
83
120
167
211
254
289
326
358
384
407
420
428
426
428
426
418
405
389
371
345
322
302
278
252
225
200
175
149
115
86
55
22
-8
-44
-78
-108
-136
-163
-188
-215
-236
-250
-257
-260
-259
-258
-254
-240
-227
-206
-185
-159
-140
-125
-100
-83
-63
-47
-36
-20
-5
5
16
21
27
34
38
44
43
47
44
43
46
41
37
29
17
12
6
-1
-9
-16
-27
-35
-35
-39
-39
-35
-32
-24
-11
0
17
33
52
77
99
116
130
146
162
175
188
195
194
191
187
179
170
158
145
129
112
94
76
60
44
24
5
-13
-30
-44
-59
-75
-87
-100
-107
-118
-128
-135
-148
-156
-162
-163
-165
-164
-159
-155
-147
-133
-117
-99
-81
-61
-43
-22
-4
20
42
57
68
77
83
84
86
87
83
76
66
51
36
21
7
-9
-25
-40
-52
-67
-83
-100
-110
-120
-132
-141
-147
-153
-160
-160
-160
-161
-161
-157
-151
-143
-132
-120
-108
-91
-74
-56
-34
-15
11
36
59
83
107
130
149
168
186
199
209
212
215
221
219
216
210
203
197
189
180
170
157
146
137
131
125
119
112
105
98
91
87
85
81
80
78
72
70
66
63
63
64
62
57
52
48
45
44
37
31
26
20
9
-1
-14
-25
-34
-48
-63
-81
-99
-114
-132
-150
-164
-179
-195
-210
-219
-233
-244
-250
-254
-253
-252
-249
-246
-240
-225
-206
-190
-174
-155
-133
-108
-83
-60
-37
-14
12
37
64
87
106
129
151
172
191
203
216
221
224
227
226
225
222
215
204
194
181
168
159
145
131
114
98
85
71
59
46
32
17
11
4
-1
-8
-15
-24
-29
-29
-32
-33
-32
-33
-34
-38
-39
-36
-37
-38
-41
-43
-43
-46
-47
-50
-52
-54
-55
-57
-63
-66
-65
-70
-74
-79
-85
-91
-96
-102
-107
-107
-107
-115
-119
-121
-119
-112
-108
-102
-93
-94
-89
-84
-78
-68
-62
-56
-49
-46
-36
-31
-30
-24
-15
-7
-1
6
13
20
27
33
39
44
47
55
57
58
58
61
63
66
74
77
80
82
83
91
102
108
115
116
122
130
135
142
149
154
158
160
160
161
158
156
154
153
150
141
136
124
118
113
103
89
74
54
35
15
-2
-18
-40
-67
-92
-112
-131
-152
-173
-193
-211
-225
-241
-256
-269
-278
-285
-291
-297
-298
-296
-294
-287
-279
-272
-264
-249
-233
-217
-201
-184
-165
-143
-121
-102
-85
-69
-50
-27
-7
13
34
52
70
85
100
111
126
140
149
157
167
177
190
197
204
210
211
213
218
224
227
229
228
227
232
233
229
223
223
224
219
215
208
200
192
183
173
159
142
127
112
96
82
63
38
15
-5
-24
-49
-71
-93
-115
-136
-157
-173
-193
-209
-221
-235
-247
-260
-263
-266
-271
-269
-270
-269
-263
-253
-240
-230
-220
-205
-186
-167
-153
-139
-124
-109
-89
-70
-53
-36
-20
-7
13
32
47
59
71
84
96
105
111
116
118
122
129
133
136
134
135
134
135
136
133
132
133
132
133
129
125
126
127
125
122
120
120
118
119
122
116
109
104
102
101
99
92
83
76
73
71
67
59
53
45
35
29
20
9
-2
-12
-24
-39
-51
-61
-74
-87
-98
-112
-121
-130
-137
-147
-156
-162
-166
-168
-167
-168
-171
-173
-169
-165
-162
-159
-157
-155
-149
-143
-141
-134
-127
-120
-113
-104
-97
-95
-87
-75
-66
-54
-44
-35
-25
-16
-3
8
21
33
46
55
67
81
92
102
110
119
124
128
136
145
150
155
159
161
162
161
163
163
162
159
158
154
149
147
147
142
132
122
113
102
94
84
71
59
46
34
21
13
4
-7
-18
-32
-43
-49
-59
-69
-78
-90
-102
-109
-115
-125
-134
-143
-152
-159
-165
-174
-177
-180
-182
-184
-185
-189
-187
-182
-172
-168
-161
-155
-148
-138
-129
-116
-101
-91
-79
-66
-54
-39
-26
-10
1
11
22
34
47
56
64
69
73
78
85
92
93
95
95
98
98
94
94
92
88
88
86
85
80
77
75
72
68
63
61
61
58
56
57
58
60
62
63
63
66
67
68
73
72
75
76
72
72
72
71
72
71
68
64
62
59
59
54
48
44
38
32
26
19
12
7
0
-9
-21
-33
-43
-51
-61
-73
-83
-94
-108
-116
-124
-132
-137
-145
-150
-156
-165
-169
-174
-172
-169
-164
-159
-156
-150
-144
-137
-125
-119
-107
-96
-89
-74
-59
-47
-33
-19
-6
8
17
29
41
52
64
76
86
91
100
114
127
134
137
142
150
158
164
168
171
172
173
177
179
179
176
175
173
173
173
170
166
163
154
146
139
129
120
113
104
90
75
60
42
29
13
-7
-26
-50
-71
-90
-112
-131
-151
-171
-190
-206
-224
-240
-253
-265
-277
-288
-293
-298
-302
-302
-301
-301
-295
-284
-274
-266
-255
-242
-226
-208
-189
-167
-146
-124
-100
-75
-48
-22
4
31
58
82
105
127
146
167
186
206
219
228
243
253
264
272
279
283
284
284
284
281
275
267
259
249
235
222
212
197
182
164
146
129
114
97
81
64
46
26
5
-12
-28
-42
-55
-71
-89
-103
-112
-119
-131
-145
-157
-167
-177
-185
-193
-199
-204
-210
-215
-215
-218
-219
-217
-214
-209
-208
-200
-190
-178
-166
-154
-140
-126
-109
-87
-67
-46
-25
-1
21
43
64
86
110
134
155
174
191
204
219
234
248
259
264
266
266
264
257
253
250
237
224
211
196
180
161
145
126
105
84
65
41
20
2
-18
-38
-57
-79
-95
-113
-129
-140
-152
-164
-175
-184
-189
-194
-200
-204
-201
-199
-198
-193
-192
-191
-186
-180
-171
-160
-151
-140
-129
-120
-114
-102
-89
-78
-63
-51
-39
-24
-10
7
19
31
40
51
66
77
87
97
106
111
120
127
131
138
143
148
151
150
149
151
148
146
140
135
130
123
113
101
92
80
70
58
44
28
14
-2
-14
-25
-41
-58
-76
-86
-98
-111
-123
-135
-143
-151
-158
-159
-162
-166
-167
-165
-158
-154
-146
-134
-120
-110
-101
-90
-83
-63
-47
-33
-13
0
17
33
50
66
80
93
106
118
127
140
150
158
161
163
163
161
161
161
161
158
155
147
145
141
137
130
122
117
108
102
95
87
80
73
66
60
56
52
48
39
33
26
22
15
6
-3
-16
-28
-38
-43
-57
-71
-82
-95
-111
-124
-136
-148
-159
-169
-180
-194
-201
-209
-218
-224
-228
-229
-234
-232
-226
-220
-213
-203
-192
-182
-170
-154
-136
-114
-93
-75
-55
-34
-12
11
30
47
66
80
99
116
131
146
157
164
172
179
184
188
191
189
187
185
183
177
171
164
150
140
131
121
110
101
92
80
67
55
41
31
21
13
2
-12
-22
-32
-42
-49
-57
-66
-73
-81
-88
-99
-110
-117
-123
-130
-135
-142
-149
-153
-157
-160
-166
-172
-172
-175
-174
-171
-169
-166
-160
-151
-142
-136
-124
-113
-100
-87
-69
-50
-37
-21
-3
13
27
43
63
81
101
122
137
150
163
176
187
197
206
213
217
221
222
221
218
213
207
196
185
173
159
148
135
122
108
91
74
57
41
23
2
-15
-33
-51
-65
-84
-101
-115
-128
-136
-143
-150
-159
-165
-166
-168
-166
-166
-162
-158
-154
-150
-141
-131
-121
-113
-102
-88
-75
-67
-52
-40
-26
-15
-7
5
14
26
37
48
58
67
74
79
87
95
98
100
102
100
103
102
101
101
98
96
95
93
87
83
80
71
68
62
57
52
50
44
39
33
26
19
12
4
-5
-12
-22
-30
-37
-45
-53
-59
-69
-82
-90
-100
-110
-116
-126
-133
-144
-152
-156
-159
-157
-158
-159
-158
-157
-151
-145
-135
-126
-116
-106
-95
-79
-64
-46
-25
-5
16
35
53
75
97
114
132
153
170
186
200
213
226
234
238
240
246
247
248
243
237
227
214
208
198
183
167
148
132
116
100
82
64
46
28
10
-5
-22
-39
-51
-65
-78
-88
-99
-105
-110
-118
-126
-131
-135
-140
-143
-148
-151
-154
-154
-153
-155
-156
-154
-153
-149
-147
-144
-142
-140
-135
-130
-122
-115
-105
-98
-89
-80
-67
-56
-47
-35
-22
-5
10
24
38
52
66
79
94
105
120
133
145
153
158
163
167
174
177
177
175
173
174
169
165
160
158
152
139
130
123
114
108
96
81
68
52
37
25
9
-6
-23
-36
-49
-58
-72
-87
-98
-109
-125
-137
-146
-155
-162
-174
-179
-183
-188
-189
-193
-192
-191
-190
-182
-174
-169
-159
-147
-135
-125
-113
-102
-91
-76
-59
-43
-32
-21
-8
5
14
25
33
43
52
59
68
71
71
75
75
73
73
69
68
68
64
59
54
54
54
51
49
49
51
52
54
61
65
68
68
69
74
80
84
88
92
97
98
98
95
89
87
86
78
72
64
53
42
31
19
6
-10
-22
-37
-47
-57
-69
-76
-84
-91
-93
-95
-98
-96
-98
-96
-91
-85
-76
-68
-64
-53
-41
-35
-27
-15
-2
6
13
20
25
29
36
40
41
36
33
32
28
24
20
12
1
-7
-13
-22
-29
-36
-40
-46
-53
-57
-56
-52
-52
-46
-45
-40
-30
-25
-13
-3
3
13
21
27
35
41
49
53
55
58
59
60
62
61
58
52
45
42
36
31
23
18
13
4
2
1
-2
-1
0
0
4
9
15
19
25
32
39
49
55
63
67
70
72
73
72
73
72
69
68
63
55
46
37
26
16
4
-9
-24
-38
-50
-61
-75
-88
-100
-111
-119
-123
-127
-131
-128
-125
-120
-113
-103
-91
-81
-70
-56
-43
-28
-11
2
15
28
39
49
58
65
69
69
75
79
77
78
75
75
74
69
66
59
53
47
44
42
42
40
35
34
35
40
42
45
48
51
54
59
63
69
71
73
77
83
88
86
80
73
69
61
54
43
36
25
9
-10
-26
-41
-59
-76
-91
-110
-126
-138
-149
-157
-166
-171
-176
-178
-184
-183
-177
-171
-162
-155
-146
-138
-128
-115
-103
-91
-76
-65
-55
-45
-35
-25
-19
-11
-6
-5
-1
3
9
12
9
10
10
7
13
11
10
11
12
16
19
21
25
25
31
34
39
47
52
59
64
68
75
78
80
83
85
85
87
87
82
78
73
68
62
56
47
38
27
17
6
-5
-14
-18
-25
-35
-44
-46
-48
-50
-51
-53
-55
-54
-47
-41
-35
-29
-24
-17
-12
-6
2
11
16
14
18
22
27
31
34
32
26
19
19
19
14
12
6
2
-1
-6
-4
-5
-6
-7
-10
-10
-10
-5
3
6
11
20
27
38
45
55
62
69
79
90
94
100
109
114
117
116
117
113
110
106
98
89
74
62
48
34
18
3
-13
-28
-45
-58
-75
-89
-98
-105
-112
-122
-126
-128
-125
-121
-121
-119
-113
-106
-94
-81
-74
-65
-53
-41
-31
-20
-8
0
10
20
27
35
40
46
50
48
47
46
47
47
45
40
32
29
25
20
18
17
14
11
8
6
5
5
8
13
11
9
12
15
21
25
25
25
23
26
29
32
29
24
20
11
8
5
-2
-9
-20
-30
-42
-48
-56
-65
-72
-84
-98
-105
-109
-111
-113
-118
-118
-118
-114
-110
-107
-100
-94
-83
-75
-62
-48
-37
-26
-17
-10
-2
4
11
20
26
29
34
40
45
50
51
51
49
49
48
48
50
50
53
52
48
49
53
55
58
58
57
59
63
69
72
75
76
79
81
80
81
85
82
83
83
74
67
62
54
52
44
33
22
9
-4
-15
-22
-33
-44
-51
-60
-69
-79
-85
-92
-99
-102
-102
-103
-105
-102
-98
-96
-92
-85
-79
-72
-63
-55
-45
-39
-30
-25
-17
-8
-2
4
9
13
19
22
23
23
26
26
24
22
25
23
20
21
24
22
19
23
24
27
29
31
35
39
43
46
48
52
57
63
65
66
69
71
73
70
68
67
67
61
54
49
45
35
25
15
0
-8
-17
-26
-38
-52
-60
-66
-73
-80
-89
-96
-100
-101
-104
-105
-101
-99
-96
-90
-87
-77
-71
-62
-52
-43
-34
-25
-14
-3
9
17
24
32
38
45
53
55
58
57
59
60
58
57
53
49
43
39
30
26
25
23
19
15
12
8
7
7
9
9
9
11
15
22
28
34
38
44
44
46
49
52
54
56
56
52
48
45
42
39
32
23
13
6
-1
-9
-18
-26
-34
-38
-47
-58
-62
-68
-70
-70
-71
-76
-77
-73
-67
-65
-62
-60
-56
-47
-39
-29
-26
-25
-20
-12
-6
-3
1
3
3
6
6
7
11
12
10
9
9
7
3
2
0
-4
-6
-10
-11
-14
-16
-18
-20
-22
-21
-18
-17
-15
-13
-11
-8
-5
1
6
9
16
22
28
31
33
37
40
42
43
40
42
44
41
40
41
39
36
35
36
36
35
32
25
22
23
25
27
26
24
26
25
26
29
30
33
33
32
29
26
27
25
21
23
17
15
8
2
-2
-9
-15
-23
-32
-39
-47
-51
-57
-64
-68
-72
-75
-79
-82
-82
-83
-84
-82
-78
-73
-71
-66
-63
-60
-52
-44
-33
-25
-18
-11
-8
-1
11
18
22
26
33
39
45
49
51
54
55
53
52
50
47
47
46
41
40
38
33
29
27
25
25
29
30
30
35
38
42
48
56
61
64
67
75
85
90
91
92
93
91
85
82
75
67
55
43
30
20
5
-12
-28
-48
-66
-82
-96
-113
-123
-132
-140
-145
-151
-156
-159
-159
-154
-154
-152
-146
-142
-133
-122
-110
-94
-81
-70
-56
-44
-35
-22
-9
0
8
18
27
36
43
46
51
50
52
50
50
50
50
46
45
47
44
39
35
32
31
29
30
33
36
40
42
43
46
49
55
59
64
65
69
73
78
81
84
87
83
81
81
78
72
64
57
49
39
31
24
15
6
-4
-14
-24
-34
-40
-48
-54
-62
-69
-73
-78
-81
-85
-89
-91
-93
-95
-92
-94
-91
-85
-83
-79
-80
-76
-74
-72
-69
-65
-63
-60
-57
-51
-46
-43
-41
-36
-30
-26
-20
-15
-9
0
8
14
20
27
38
46
51
54
61
63
70
74
81
86
82
85
90
90
91
89
87
89
90
88
85
81
80
78
70
64
57
49
42
36
32
25
20
14
5
-1
-9
-15
-20
-19
-25
-29
-32
-35
-37
-38
-40
-46
-46
-48
-51
-52
-57
-60
-61
-68
-70
-77
-80
-86
-90
-96
-104
-104
-102
-100
-103
-99
-97
-92
-85
-77
-67
-57
-44
-34
-20
-5
13
29
42
51
65
78
86
94
104
110
112
112
112
114
114
110
103
99
89
85
82
73
63
52
41
36
29
17
4
-2
-10
-13
-16
-18
-22
-26
-26
-31
-30
-32
-26
-22
-21
-18
-14
-6
-2
-2
2
3
1
-3
-3
1
-2
-7
-8
-13
-21
-26
-32
-40
-51
-61
-69
-79
-88
-94
-100
-107
-110
-115
-119
-122
-116
-111
-103
-96
-86
-69
-56
-37
-18
3
23
40
58
76
97
113
127
137
147
155
161
164
166
167
162
154
147
136
122
110
98
83
68
46
27
14
3
-11
-26
-38
-44
-53
-62
-69
-74
-71
-72
-72
-68
-64
-59
-55
-52
-44
-37
-29
-24
-20
-14
-10
-8
-4
-3
-5
-3
-5
-7
-12
-21
-24
-30
-36
-39
-45
-53
-63
-65
-67
-73
-73
-73
-73
-72
-69
-65
-57
-50
-42
-35
-26
-14
-1
10
24
37
49
63
72
81
95
109
118
124
131
139
141
137
132
128
120
115
108
94
81
69
54
38
29
16
4
-7
-15
-24
-34
-40
-43
-43
-46
-48
-50
-48
-43
-42
-38
-31
-29
-28
-30
-29
-28
-25
-25
-25
-25
-26
-27
-37
-43
-48
-59
-67
-72
-79
-86
-89
-92
-96
-99
-100
-100
-98
-98
-100
-96
-85
-77
-70
-59
-47
-33
-20
-8
4
14
28
43
56
69
80
92
103
109
118
128
132
136
135
135
136
127
124
123
117
110
98
87
79
73
65
58
51
43
39
35
32
27
23
17
13
12
10
12
10
8
9
8
4
1
-5
-12
-17
-23
-30
-41
-47
-53
-63
-77
-93
-105
-115
-129
-144
-155
-161
-168
-175
-180
-181
-180
-179
-180
-180
-174
-169
-164
-154
-136
-122
-111
-95
-72
-48
-34
-20
-4
14
34
50
65
83
98
106
110
115
128
134
137
142
148
151
154
156
160
161
157
150
144
136
131
123
115
114
112
105
97
93
92
91
83
76
73
74
72
69
63
63
63
57
52
46
41
37
34
23
12
1
-14
-22
-36
-55
-71
-90
-108
-118
-130
-144
-156
-166
-172
-177
-183
-185
-189
-186
-185
-186
-181
-175
-164
-152
-141
-130
-118
-106
-93
-76
-55
-36
-23
-13
-2
12
26
39
48
56
66
75
83
92
101
114
119
119
122
125
128
132
137
133
129
128
125
127
129
123
116
113
108
108
108
105
93
86
75
67
65
59
51
43
36
26
20
17
12
4
-7
-19
-29
-40
-50
-60
-70
-82
-93
-102
-116
-126
-134
-143
-152
-159
-170
-180
-193
-202
-204
-205
-206
-204
-203
-199
-191
-182
-173
-166
-159
-150
-137
-124
-111
-97
-80
-64
-54
-42
-24
-7
4
13
25
33
50
63
71
85
92
96
106
119
129
137
141
148
155
160
165
170
178
180
180
179
177
174
171
172
171
170
170
162
156
151
145
139
132
121
116
110
100
94
90
81
70
61
50
38
26
13
1
-15
-30
-42
-55
-69
-83
-98
-109
-122
-133
-144
-148
-153
-161
-168
-170
-173
-170
-165
-167
-162
-157
-147
-139
-134
-130
-122
-113
-104
-95
-85
-70
-58
-50
-42
-35
-27
-15
-1
10
18
24
34
46
56
65
70
75
77
80
84
86
90
94
101
106
111
119
122
126
132
135
132
132
126
117
110
104
99
97
92
82
78
70
62
55
39
25
18
13
7
0
-9
-19
-25
-29
-40
-51
-63
-80
-89
-95
-102
-112
-118
-123
-130
-136
-145
-151
-150
-148
-143
-137
-133
-129
-124
-122
-117
-109
-102
-97
-91
-82
-78
-70
-62
-55
-46
-43
-38
-28
-21
-14
-1
10
17
21
30
40
51
56
58
65
67
73
77
78
83
87
88
94
97
102
108
107
109
112
111
109
110
112
109
106
102
98
94
86
80
76
66
57
50
44
34
30
24
16
12
6
-5
-15
-20
-20
-30
-41
-42
-44
-44
-47
-57
-61
-63
-65
-69
-77
-81
-87
-86
-86
-88
-81
-74
-66
-59
-51
-47
-43
-36
-25
-21
-19
-19
-17
-15
-11
-6
-3
-4
-5
-7
-7
-1
11
19
20
22
29
36
42
40
40
41
37
37
40
49
49
51
50
48
52
56
52
45
41
39
36
31
23
20
26
26
25
22
14
4
-7
-16
-26
-36
-47
-54
-53
-52
-55
-57
-52
-52
-52
-54
-55
-52
-51
-49
-53
-47
-39
-42
-42
-42
-46
-40
-39
-46
-46
-45
-37
-35
-32
-21
-14
-7
0
3
15
20
22
30
34
40
45
45
49
49
49
49
47
49
50
51
55
58
60
61
58
60
65
66
64
60
64
72
74
74
67
58
52
41
27
16
5
2
-3
-6
-11
-9
-4
-12
-25
-38
-44
-47
-57
-73
-82
-85
-78
-72
-70
-73
-69
-67
-71
-75
-84
-88
-90
-92
-91
-84
-82
-74
-60
-45
-38
-34
-26
-22
-22
-28
-30
-29
-26
-25
-22
-11
-1
12
20
29
46
55
58
60
62
66
66
63
66
69
74
78
81
95
98
102
103
99
102
97
90
81
72
72
70
62
61
63
68
71
69
68
65
59
41
26
20
2
-20
-33
-42
-44
-46
-56
-52
-45
-38
-46
-66
-75
-81
-89
-97
-108
-113
-107
-99
-93
-84
-74
-70
-72
-80
-85
-88
-95
-106
-109
-102
-97
-93
-75
-61
-49
-34
-27
-24
-16
-11
-20
-23
-22
-17
-9
-1
4
20
39
49
58
72
80
84
82
81
83
82
73
68
74
80
91
98
101
106
114
115
109
101
92
87
75
64
57
55
66
66
69
79
81
81
73
61
50
36
22
2
-14
-18
-21
-25
-19
-18
-15
-16
-27
-34
-44
-53
-65
-82
-89
-94
-98
-95
-89
-84
-79
-75
-75
-78
-77
-82
-88
-95
-101
-103
-106
-105
-101
-94
-83
-73
-70
-63
-57
-52
-46
-42
-33
-31
-26
-16
-11
-2
14
34
48
58
65
68
72
77
81
78
75
71
76
79
80
84
87
89
89
91
90
87
82
82
81
81
78
74
75
72
74
77
72
68
68
64
53
46
39
32
31
23
8
4
2
-3
-12
-33
-40
-40
-51
-64
-75
-73
-69
-74
-82
-88
-84
-76
-80
-91
-96
-94
-94
-106
-114
-108
-102
-102
-103
-97
-83
-76
-82
-89
-84
-71
-66
-72
-67
-49
-35
-33
-34
-21
-8
-2
-3
-4
7
16
21
16
25
44
56
48
48
56
63
66
60
57
68
73
66
67
77
93
93
83
89
98
102
99
88
95
105
100
92
89
89
89
74
53
50
54
48
33
22
20
25
12
-8
-15
-12
-12
-31
-52
-62
-53
-54
-71
-86
-85
-74
-79
-95
-103
-93
-89
-106
-122
-111
-95
-88
-96
-106
-95
-92
-99
-109
-107
-95
-91
-96
-95
-79
-63
-64
-71
-63
-48
-38
-35
-26
-11
15
27
27
37
57
75
79
77
82
90
87
75
73
78
92
93
85
97
114
126
129
127
134
140
139
135
134
144
152
145
134
133
136
132
118
103
105
99
82
69
60
57
43
18
8
11
3
-14
-30
-28
-29
-39
-54
-78
-84
-76
-94
-117
-126
-132
-126
-135
-160
-165
-155
-167
-180
-177
-169
-164
-176
-182
-187
-172
-160
-171
-180
-159
-132
-136
-130
-124
-98
-80
-90
-91
-72
-44
-35
-39
-21
3
21
34
27
49
73
70
81
88
98
107
103
124
131
130
151
140
152
172
156
170
174
192
191
166
188
184
197
192
164
176
179
173
149
128
135
128
107
87
58
69
66
34
7
-10
1
-15
-51
-67
-46
-50
-67
-83
-117
-108
-125
-146
-151
-172
-155
-171
-185
-180
-189
-186
-200
-206
-185
-183
-184
-178
-177
-145
-156
-155
-128
-121
-107
-110
-105
-78
-53
-60
-54
-28
-2
9
1
25
48
43
33
37
49
71
89
76
96
145
153
134
148
175
180
172
162
175
195
180
182
187
192
206
193
167
183
191
168
146
148
176
139
113
101
100
105
74
45
35
55
35
-16
-39
-11
-31
-79
-104
-101
-88
-107
-130
-173
-164
-152
-190
-247
-231
-200
-223
-226
-256
-246
-212
-233
-259
-264
-231
-222
-243
-231
-215
-180
-183
-200
-166
-159
-146
-134
-129
-106
-88
-77
-58
-31
27
9
-3
63
68
69
87
68
122
127
117
145
23
301
211
47
289
144
290
202
142
276
130
330
254
48
357
291
150
268
164
264
181
155
228
69
232
203
12
143
136
59
77
-4
63
22
-30
32
-68
-15
-7
-116
-95
-117
-114
-140
-222
-143
-184
-211
-177
-264
-212
-222
-253
-228
-273
-228
-225
-270
-206
-211
-222
-196
-208
-161
-160
-165
-138
-142
-105
-102
-127
-87
-40
-34
-29
-13
18
34
40
37
55
102
101
103
114
151
180
153
165
192
193
204
188
190
229
231
227
230
246
264
249
238
229
244
261
240
213
222
238
214
200
189
184
182
164
133
110
107
77
51
30
20
19
-4
-36
-44
-51
-70
-88
-113
-126
-140
-156
-178
-193
-200
-204
-235
-251
-254
-268
-255
-278
-273
-261
-268
-267
-271
-260
-255
-238
-232
-234
-227
-199
-175
-178
-186
-148
-123
-140
-108
-112
-91
-54
-54
-40
-45
-7
30
-4
1
35
51
86
84
94
124
129
146
121
113
160
171
156
156
175
177
168
177
171
185
213
203
180
169
190
185
147
154
152
141
132
108
107
105
107
106
67
83
90
57
44
29
40
26
-16
-12
-15
-19
-8
-40
-56
-50
-48
-67
-105
-102
-106
-125
-136
-151
-149
-146
-154
-166
-182
-162
-145
-156
-166
-168
-141
-134
-143
-136
-137
-111
-96
-121
-102
-67
-65
-42
-42
-40
-31
-30
-16
-27
-11
16
19
32
45
54
70
67
67
91
78
81
89
88
103
109
124
130
124
125
128
116
123
117
102
114
120
120
103
104
109
113
93
82
85
85
95
76
78
84
88
89
70
55
52
45
22
19
13
16
3
-3
-7
-19
-16
-26
-51
-71
-72
-90
-100
-98
-100
-109
-107
-101
-110
-128
-134
-134
-155
-152
-159
-172
-163
-145
-132
-135
-122
-107
-113
-116
-116
-114
-103
-96
-95
-84
-71
-47
-35
-29
-16
-8
-8
-15
-12
-3
10
16
23
36
50
56
59
71
67
74
85
76
82
94
91
104
116
119
118
111
125
123
127
133
120
123
124
127
131
123
123
124
107
111
105
95
91
81
84
75
71
74
66
56
48
29
19
18
15
3
-9
-8
-10
-22
-36
-41
-50
-56
-66
-81
-90
-101
-95
-103
-110
-105
-104
-107
-117
-122
-127
-128
-132
-131
-132
-131
-124
-127
-108
-102
-115
-119
-119
-113
-106
-103
-103
-102
-88
-77
-84
-77
-59
-54
-50
-49
-37
-19
-10
10
11
18
41
39
51
65
77
90
103
114
118
128
144
142
134
142
133
132
142
139
140
151
153
145
142
143
148
142
137
129
120
122
110
93
89
82
77
76
57
56
58
50
45
26
23
24
6
-3
-8
-17
-14
-38
-58
-64
-72
-73
-88
-111
-112
-111
-119
-134
-144
-136
-146
-153
-159
-171
-162
-153
-158
-159
-162
-153
-136
-141
-136
-133
-134
-129
-134
-125
-120
-112
-94
-90
-84
-69
-58
-42
-28
-14
-8
-1
11
30
45
60
75
78
95
107
116
122
130
140
129
131
141
150
152
147
144
150
152
158
169
163
163
159
156
153
148
147
138
131
118
97
88
84
84
76
65
58
52
41
20
-1
-6
-9
-21
-32
-48
-50
-39
-51
-71
-80
-84
-94
-120
-140
-142
-152
-145
-145
-152
-150
-157
-158
-172
-184
-184
-193
-200
-199
-192
-187
-175
-167
-159
-156
-148
-143
-138
-121
-118
-115
-108
-95
-81
-70
-63
-58
-45
-39
-27
-15
4
24
28
40
59
75
88
93
98
106
118
131
135
141
151
158
158
167
167
174
174
160
158
155
157
158
154
148
148
144
142
131
118
