2.362359e+062 -1.547889e+058 8.700420e+058 -5.554240e+058 -6.353295e+058 -9.110802e+058 -2.650906e+059 -1.154556e+059 -3.384966e+059 -1.471441e+059 -2.066090e+059 1.259120e+055 
2.363263e+062 -3.687554e+058 -9.793490e+058 -1.738003e+059 -2.568624e+059 -3.283170e+059 -3.844252e+059 -4.072412e+059 -3.958039e+059 -3.386322e+059 -2.407841e+059 1.257792e+056 
2.363267e+062 -3.672877e+058 -9.824408e+058 -1.731639e+059 -2.563712e+059 -3.278481e+059 -3.845146e+059 -4.094528e+059 -3.953483e+059 -3.400835e+059 -2.408788e+059 1.258247e+056 
2.363273e+062 -3.753750e+058 -9.916557e+058 -1.765855e+059 -2.587339e+059 -3.329124e+059 -3.891922e+059 -4.136404e+059 -3.997563e+059 -3.428774e+059 -2.433515e+059 1.290157e+056 
2.363273e+062 -3.731009e+058 -9.856985e+058 -1.759250e+059 -2.580902e+059 -3.314430e+059 -3.879102e+059 -4.124719e+059 -3.991655e+059 -3.422854e+059 -2.425995e+059 1.281380e+056 
2.363276e+062 -3.729848e+058 -9.885196e+058 -1.757706e+059 -2.579369e+059 -3.317899e+059 -3.872389e+059 -4.115720e+059 -3.989582e+059 -3.422465e+059 -2.419267e+059 1.280053e+056 
2.363273e+062 -3.681535e+058 -9.741368e+058 -1.745501e+059 -2.552765e+059 -3.299941e+059 -3.847747e+059 -4.099745e+059 -3.964795e+059 -3.394725e+059 -2.409389e+059 1.260599e+056 
2.363197e+062 -2.530388e+058 -9.559018e+058 -1.678504e+059 -2.260539e+059 -3.214442e+059 -3.814558e+059 -3.789396e+059 -3.863102e+059 -3.384156e+059 -2.290988e+059 1.117610e+056 
2.313788e+062 7.193769e+060 2.423951e+060 5.799612e+060 1.899062e+061 8.157800e+060 4.039550e+060 1.928512e+061 7.985024e+060 2.106031e+060 7.752587e+060 2.380210e+059 
2.305098e+062 6.831961e+060 5.073470e+060 8.203250e+060 1.683613e+061 1.304476e+061 7.561187e+060 1.938316e+061 7.828141e+060 6.990890e+060 7.316932e+060 2.581281e+059 
2.080638e+062 3.963187e+061 2.207599e+061 2.508354e+061 1.065458e+062 7.649175e+061 3.390308e+061 1.046010e+062 8.492029e+061 3.601772e+061 4.264417e+061 8.390956e+060 
1.827040e+062 6.637396e+061 4.713210e+061 6.209415e+061 1.810304e+062 1.823990e+062 1.205799e+062 2.175589e+062 2.191534e+062 1.451251e+062 1.272221e+062 4.240970e+061 
1.245733e+062 1.278780e+062 1.172326e+062 1.457544e+062 4.790730e+062 6.519860e+062 7.517688e+062 1.207068e+063 1.582138e+063 1.774182e+063 1.805486e+063 1.093892e+063 
1.045120e+062 1.452459e+062 1.348741e+062 2.184591e+062 6.719695e+062 1.004177e+063 1.492704e+063 2.549058e+063 3.778127e+063 5.087803e+063 5.967595e+063 4.286685e+063 
1.801473e+062 7.598345e+061 5.347365e+061 4.498147e+061 2.139809e+062 2.032888e+062 1.185023e+062 2.300142e+062 2.547796e+062 1.665154e+062 1.396472e+062 4.982467e+061 
2.303101e+062 4.976641e+060 9.856024e+060 1.474600e+061 2.032703e+061 1.169514e+061 1.203819e+060 7.003903e+060 1.386076e+061 1.422365e+061 7.646023e+060 2.876237e+059 
2.348399e+062 -1.592745e+060 -4.919208e+060 -8.738462e+060 -1.210172e+061 -1.723587e+061 -2.112421e+061 -2.017558e+061 -1.795925e+061 -1.498508e+061 -9.956438e+060 3.029812e+059 
2.346004e+062 -2.781828e+060 -8.764036e+060 -1.525454e+061 -2.063168e+061 -2.734286e+061 -3.133706e+061 -3.028786e+061 -2.809599e+061 -2.297807e+061 -1.470392e+061 7.848559e+059 
2.347367e+062 -2.714216e+060 -8.497509e+060 -1.477182e+061 -1.982788e+061 -2.638285e+061 -3.019333e+061 -2.905835e+061 -2.710185e+061 -2.236922e+061 -1.420903e+061 7.311186e+059 
2.344836e+062 -2.290179e+060 -8.184626e+060 -1.443729e+061 -1.837477e+061 -2.543334e+061 -3.022979e+061 -2.828426e+061 -2.619789e+061 -2.218077e+061 -1.384997e+061 6.796621e+059 
2.350861e+062 -2.622661e+060 -7.191382e+060 -1.242588e+061 -1.724297e+061 -2.271261e+061 -2.626717e+061 -2.584384e+061 -2.355500e+061 -1.921569e+061 -1.244080e+061 5.508664e+059 
2.354062e+062 -2.367536e+060 -5.661362e+060 -9.596449e+060 -1.405442e+061 -1.842280e+061 -2.133973e+061 -2.167991e+061 -1.949897e+061 -1.551154e+061 -1.030517e+061 3.654690e+059 
2.356207e+062 -2.130040e+060 -5.425723e+060 -9.378350e+060 -1.343013e+061 -1.697433e+061 -1.926306e+061 -1.967346e+061 -1.806863e+061 -1.464201e+061 -9.761949e+060 3.173002e+059 
2.357652e+062 -1.773183e+060 -4.590273e+060 -8.011225e+060 -1.150526e+061 -1.450344e+061 -1.646762e+061 -1.698365e+061 -1.584429e+061 -1.306255e+061 -8.856780e+060 2.352958e+059 
2.358255e+062 -1.395741e+060 -3.421880e+060 -5.813713e+060 -8.376008e+060 -1.073298e+061 -1.233823e+061 -1.272804e+061 -1.180657e+061 -9.745912e+060 -6.729530e+060 1.302289e+059 
2.359235e+062 -1.205634e+060 -3.036163e+060 -5.218383e+060 -7.481498e+060 -9.486122e+060 -1.083369e+061 -1.119662e+061 -1.044530e+061 -8.638937e+060 -5.922792e+060 1.016605e+059 
2.362238e+062 -3.533395e+059 -8.849258e+059 -1.505465e+060 -2.137201e+060 -2.691224e+060 -3.055464e+060 -3.144960e+060 -2.932942e+060 -2.436774e+060 -1.687579e+060 8.192195e+057 
2.362815e+062 -1.799755e+059 -4.596369e+059 -7.886491e+059 -1.111435e+060 -1.374930e+060 -1.537504e+060 -1.566435e+060 -1.454617e+060 -1.201744e+060 -8.242123e+059 2.101201e+057 
2.363070e+062 -8.472905e+058 -2.208903e+059 -3.843212e+059 -5.536342e+059 -6.997730e+059 -8.007042e+059 -8.359347e+059 -7.956366e+059 -6.732131e+059 -4.709778e+059 5.601975e+056 
2.362716e+062 -2.001419e+059 -5.238336e+059 -9.222027e+059 -1.337225e+060 -1.703200e+060 -1.961414e+060 -2.055255e+060 -1.955470e+060 -1.647468e+060 -1.144315e+060 3.299804e+057 
2.363020e+062 -1.270003e+059 -3.320718e+059 -5.851147e+059 -8.488035e+059 -1.082008e+060 -1.246169e+060 -1.306854e+060 -1.244836e+060 -1.049694e+060 -7.302207e+059 1.331995e+057 
2.363083e+062 -9.433642e+058 -2.479017e+059 -4.372277e+059 -6.354259e+059 -8.140048e+059 -9.400635e+059 -9.901673e+059 -9.475472e+059 -8.038541e+059 -5.621949e+059 7.577402e+056 
2.363142e+062 -7.022472e+058 -1.844104e+059 -3.274078e+059 -4.785240e+059 -6.127117e+059 -7.112325e+059 -7.520156e+059 -7.221568e+059 -6.149900e+059 -4.320305e+059 4.322821e+056 
2.363190e+062 -7.209482e+058 -1.897033e+059 -3.355220e+059 -4.889889e+059 -6.275039e+059 -7.264206e+059 -7.674174e+059 -7.362502e+059 -6.264047e+059 -4.398049e+059 4.518136e+056 
2.363226e+062 -5.590331e+058 -1.473783e+059 -2.613170e+059 -3.830862e+059 -4.918784e+059 -5.713702e+059 -6.057759e+059 -5.819823e+059 -4.976037e+059 -3.504224e+059 2.787672e+056 
2.363265e+062 -3.843059e+058 -1.013380e+059 -1.808164e+059 -2.646543e+059 -3.420119e+059 -3.978894e+059 -4.234980e+059 -4.095365e+059 -3.507169e+059 -2.484430e+059 1.351781e+056 
