1.000000e-030   2.049589e-001   3.923649e-244   1.000000e-030   1.000000e-030   1.000000e-030   1.000000e-030   1.000000e-030   1.000000e-030   1.000000e-030   1.000000e-030   1.000000e-030   1.000000e-030   3.074384e-001   1.000000e-030   1.000000e-030   1.000000e-030   1.801643e-001   8.369580e-245   1.000000e-030   1.000000e-030   3.074384e-001   1.000000e-030   1.000000e-030   1.000000e-030   1.000000e-030   1.000000e-030   1.000000e-030   1.000000e-030   2.119779e-228   1.000000e-030   1.000000e-030   

1.000000e-030   1.000000e-030   3.084566e-001   1.000000e-030   1.000000e-030   1.000000e-030   1.000000e-030   1.000000e-030   1.000000e-030   1.000000e-030   1.000000e-030   1.000000e-030   1.000000e-030   1.871503e-245   5.361928e-238   8.348518e-240   3.084566e-001   7.463009e-002   3.084566e-001   1.000000e-030   1.000000e-030   8.379978e-227   1.000000e-030   1.000000e-030   1.000000e-030   1.000000e-030   1.000000e-030   1.000000e-030   1.000000e-030   1.000000e-030   1.000000e-030   1.531955e-145   

1.000000e-030   1.000000e-030   1.974689e-235   1.000000e-030   1.000000e-030   1.000000e-030   1.000000e-030   2.924797e-236   1.000000e-030   1.000000e-030   1.000000e-030   1.000000e-030   1.000000e-030   1.000000e-030   2.222222e-001   4.444444e-001   7.222174e-242   1.000000e-030   1.000000e-030   1.000000e-030   1.000000e-030   3.018605e-227   1.000000e-030   1.000000e-030   1.000000e-030   1.000000e-030   1.000000e-030   1.000000e-030   1.000000e-030   1.000000e-030   1.000000e-030   3.333333e-001   

1.000000e-030   4.416797e-231   4.000000e-001   1.000000e-030   1.000000e-030   1.000000e-030   1.000000e-030   4.000000e-001   1.000000e-030   1.000000e-030   1.000000e-030   1.000000e-030   2.000000e-001   1.207933e-228   9.665863e-266   8.265435e-268   1.000000e-030   1.093157e-229   1.000000e-030   1.000000e-030   1.000000e-030   5.433488e-227   1.000000e-030   1.000000e-030   1.000000e-030   1.000000e-030   1.000000e-030   1.000000e-030   1.000000e-030   5.162804e-229   1.000000e-030   4.419488e-236   

1.000000e-030   1.111111e-001   1.000000e-030   1.000000e-030   1.000000e-030   1.000000e-030   1.000000e-030   1.000000e-030   1.000000e-030   1.000000e-030   1.000000e-030   1.000000e-030   2.910304e-162   2.222222e-001   4.109891e-301   8.832709e-299   1.000000e-030   2.222222e-001   1.000000e-030   1.000000e-030   1.000000e-030   1.111111e-001   1.000000e-030   1.000000e-030   1.000000e-030   1.000000e-030   1.000000e-030   1.000000e-030   1.000000e-030   3.333333e-001   1.000000e-030   3.592250e-300   

