0
0
0
-1
0
1
0
0
0
0
0
0
0
0
-1
0
0
0
0
0
0
0
0
1
0
-1
0
1
0
0
-1
0
0
0
0
-1
0
0
0
0
1
0
0
0
0
0
0
0
0
-1
0
0
0
0
0
0
0
0
0
1
0
0
0
0
0
1
0
0
1
0
1
-1
0
0
0
0
0
0
0
0
-1
0
-1
-1
0
0
0
0
0
0
0
0
0
0
-1
0
-1
0
0
0
0
0
0
-1
0
0
0
0
0
0
0
0
0
0
0
0
0
0
0
0
0
1
1
0
-1
0
0
0
0
0
0
0
0
0
0
0
0
0
0
0
0
1
0
0
0
0
0
1
0
0
0
0
0
0
0
-1
-1
0
0
0
0
0
-1
-1
0
0
0
-1
1
0
0
-1
0
0
0
0
0
0
0
0
0
0
0
0
0
0
0
0
1
0
0
-1
0
0
0
0
0
0
1
0
0
-1
-1
0
0
0
0
-1
0
0
0
0
0
1
0
0
1
0
1
0
0
0
0
0
0
-1
0
0
0
0
0
0
1
0
0
0
0
0
0
-1
-1
0
-1
0
0
0
0
0
0
0
0
0
0
0
0
0
0
-1
0
0
0
0
1
0
0
0
0
0
0
0
0
0
0
-1
1
-1
0
0
0
0
0
0
0
0
1
0
1
0
0
0
1
-1
0
0
0
0
0
0
0
0
0
0
-1
0
0
0
0
1
1
0
1
0
0
0
0
0
0
0
0
0
0
-1
-1
-1
-1
0
0
0
0
0
-1
0
0
0
0
0
-1
0
-1
0
1
0
0
1
0
0
-1
0
-1
0
0
0
-1
0
1
-1
0
0
0
0
-1
0
1
0
-1
1
1
0
1
-1
0
0
1
0
0
-1
1
0
0
1
0
0
0
0
1
0
0
0
0
1
0
-1
0
-1
0
1
0
1
-1
0
1
0
0
0
0
0
-1
0
0
0
0
0
0
0
0
0
0
-1
0
1
0
1
0
-1
0
0
1
0
0
0
0
0
0
-1
0
-1
0
0
0
0
0
0
0
1
0
1
0
0
0
0
0
-1
0
0
0
0
0
-1
0
0
0
0
0
0
1
0
0
0
0
1
0
0
0
0
0
0
0
0
0
-1
0
1
0
0
0
0
0
0
0
0
0
0
0
0
0
0
0
-1
1
0
0
0
-1
0
0
0
1
0
0
0
-1
0
0
0
0
1
1
0
1
0
0
-1
0
-1
0
0
0
0
0
0
0
0
0
0
0
0
0
1
0
0
0
0
0
0
0
0
0
0
0
0
0
0
0
0
0
0
1
0
0
0
1
0
0
0
0
0
0
0
0
1
1
0
0
1
0
0
0
0
0
1
0
0
-1
1
0
-1
-1
0
0
0
0
0
1
0
1
0
0
0
1
0
-1
0
-1
0
0
-1
0
0
0
-1
0
0
0
0
0
0
0
0
1
-1
0
0
0
0
-1
0
0
0
0
0
1
0
0
0
0
0
0
0
0
1
1
0
0
0
0
0
0
0
0
0
1
0
-1
0
0
0
0
0
0
0
0
0
0
1
0
1
1
1
0
0
0
0
0
0
0
0
0
0
0
0
-1
0
0
0
-1
0
-1
0
0
0
0
0
0
0
-1
1
0
1
0
0
0
0
1
1
0
-1
0
1
-1
0
0
0
0
0
0
0
0
0
0
0
0
0
1
-1
0
0
0
0
0
0
0
-1
0
-1
0
0
0
0
0
-1
0
1
0
0
0
1
0
0
0
0
0
0
0
0
0
0
0
0
0
0
1
0
1
0
-1
-1
-1
0
0
0
0
0
0
0
-1
0
0
1
-1
0
1
0
0
0
0
0
0
0
-1
0
0
0
0
0
0
0
0
0
0
0
0
0
0
0
0
0
0
0
0
0
0
1
0
1
0
0
0
1
0
0
-1
1
0
-1
0
0
-1
0
0
0
0
-1
0
0
0
0
1
0
0
0
1
0
0
1
-1
0
0
0
0
0
0
-1
0
1
0
0
0
1
-1
0
0
0
-1
0
0
0
-1
0
1
0
-1
0
0
-1
-1
0
0
0
0
-1
-1
-1
0
0
0
0
0
0
0
0
0
1
0
-1
0
1
0
1
0
0
0
-1
0
0
0
0
0
0
-1
1
0
0
0
0
1
0
0
0
-1
0
1
0
0
0
0
0
0
0
0
0
0
-1
1
-1
0
1
0
0
0
0
0
0
0
0
0
0
0
0
0
0
0
1
0
0
0
0
-1
1
0
0
0
0
0
0
0
0
0
0
0
0
-1
0
0
0
-1
0
0
1
1
0
0
0
0
-1
0
1
0
-1
0
0
0
0
-1
0
0
0
0
0
-1
-1
0
0
0
0
1
0
0
0
0
-1
0
0
0
0
0
0
0
0
1
0
-1
0
0
-1
0
0
0
0
0
0
0
0
0
0
0
1
0
0
0
0
-1
-1
0
-1
0
0
0
-1
0
0
0
0
1
1
-1
0
0
-1
-1
0
0
-1
0
0
-1
0
0
-1
1
-1
0
0
-1
0
0
0
0
0
0
0
1
0
0
-1
1
1
0
0
0
0
0
0
0
0
0
1
0
0
0
0
0
0
-1
0
0
-1
0
0
1
0
0
1
0
0
0
1
0
0
0
0
0
0
1
-1
0
0
0
1
0
-1
0
0
0
0
0
-1
0
0
0
0
1
0
0
1
0
0
0
1
0
0
0
0
0
1
0
0
0
0
0
0
0
1
0
0
0
0
-1
0
0
-1
-1
0
-1
0
0
0
1
1
0
0
0
-1
1
0
0
0
0
1
0
1
0
0
1
1
0
0
0
0
0
-1
0
0
0
-1
0
0
1
0
0
0
0
1
0
1
0
0
0
0
-1
0
0
0
0
0
-1
0
0
0
1
1
0
0
-1
0
0
1
0
0
-1
1
0
0
0
0
-1
0
0
0
0
0
0
0
0
0
0
0
1
0
0
0
-1
0
1
0
0
1
-1
0
-1
-1
0
0
0
0
0
0
0
0
-1
0
-1
1
0
1
1
0
0
0
0
0
0
0
0
0
0
0
0
0
0
1
0
-1
0
0
0
0
0
0
-1
0
0
-1
0
0
0
0
0
0
0
1
1
0
0
0
0
0
0
0
-1
0
0
0
0
0
0
-1
-1
0
0
0
0
0
1
0
1
-1
0
0
-1
0
0
0
1
0
0
0
0
0
0
0
1
0
1
0
0
0
-1
-1
0
0
0
0
1
0
-1
0
0
0
0
1
0
-1
0
0
0
0
0
1
0
0
0
0
0
0
0
0
0
0
1
0
0
0
0
0
0
0
0
0
0
0
0
0
-1
-1
0
0
0
0
0
0
-1
0
0
-1
0
0
0
0
0
0
0
0
0
0
0
0
0
0
0
0
0
-1
0
0
1
0
0
-1
1
0
0
0
0
0
0
0
0
0
0
-1
1
0
0
-1
0
0
0
1
0
-1
0
0
0
0
0
0
0
1
-1
0
-1
0
-1
-1
0
0
0
1
0
0
0
0
0
1
0
-1
-1
0
0
0
0
0
0
0
-1
0
-1
0
1
0
0
0
0
1
0
0
0
0
0
-1
-1
0
0
0
0
-1
0
1
0
1
0
0
0
0
-1
0
0
0
-1
0
0
0
0
0
0
0
0
-1
0
0
0
1
0
1
0
-1
0
1
0
0
-1
0
0
0
0
0
0
1
0
1
0
0
0
0
0
1
0
1
0
0
0
1
0
0
0
0
0
-1
0
0
0
0
0
0
0
0
0
-1
0
0
0
0
0
0
0
0
0
0
1
0
1
0
0
1
0
0
1
0
0
1
0
0
1
0
0
0
0
0
0
0
0
0
0
0
1
0
0
-1
0
0
-1
0
-1
0
0
1
1
0
0
0
-1
0
0
0
0
0
0
1
0
0
-1
0
0
0
0
-1
0
1
0
0
0
0
0
-1
0
0
0
0
0
0
0
1
0
0
0
0
0
-1
0
0
0
0
0
1
0
0
0
0
0
0
0
1
0
-1
0
-1
1
0
0
0
0
-1
0
-1
0
0
0
0
-1
1
0
0
0
1
0
-1
0
1
1
0
-1
0
0
0
0
0
0
0
0
-1
0
0
0
0
1
-1
0
0
-1
0
0
0
0
0
1
1
0
0
0
-1
-1
0
0
0
1
0
0
0
0
0
0
1
0
0
-1
0
0
1
0
0
0
0
0
1
0
0
-1
0
0
0
0
0
0
0
0
1
0
0
0
0
0
0
0
0
1
0
0
0
0
0
0
-1
0
0
0
0
1
0
0
1
0
0
0
1
-1
0
-1
0
0
0
1
0
0
0
0
0
0
1
0
0
0
0
0
0
0
0
0
-1
0
0
0
1
0
0
0
1
0
0
0
0
0
0
0
0
0
0
1
0
1
0
-1
0
0
-1
0
0
0
-1
0
0
0
-1
0
-1
1
-1
1
0
0
0
0
0
1
0
1
0
0
0
0
0
0
0
0
0
0
0
1
0
0
-1
0
0
0
0
0
0
0
0
0
0
-1
0
0
1
0
0
-1
0
0
0
0
0
0
0
0
-1
0
1
0
0
0
0
1
0
0
0
0
0
-1
0
0
-1
0
0
0
0
0
0
0
0
0
0
0
1
1
1
1
0
0
-1
1
0
0
0
0
0
0
0
0
0
0
0
0
1
0
0
1
0
1
0
0
1
0
0
0
0
1
0
0
-1
0
0
1
1
0
0
-1
0
-1
-1
0
0
0
1
1
0
-1
0
1
0
0
0
0
1
0
1
-1
0
1
0
0
0
-1
0
0
0
1
0
-1
0
-1
-1
0
0
1
0
0
0
1
1
0
0
1
1
-1
0
-1
0
0
0
1
0
0
0
0
-1
0
0
-1
0
0
-1
-1
1
0
0
0
0
-1
0
1
0
0
0
-1
1
0
1
0
1
-1
0
0
0
-1
0
0
0
0
0
0
0
0
0
0
0
0
0
0
0
0
0
1
0
0
0
0
1
0
0
0
0
0
0
0
0
0
0
0
0
0
0
0
0
0
0
0
0
1
0
0
0
0
-1
0
0
1
0
0
0
0
0
-1
0
0
0
0
0
0
-1
0
0
-1
0
0
0
-1
0
0
0
0
-1
0
0
0
0
0
0
0
0
0
0
0
0
0
0
0
-1
0
0
0
-1
0
-1
0
-1
0
0
0
0
1
0
0
0
0
-1
1
0
0
0
0
0
1
0
0
0
0
0
0
1
0
0
0
0
-1
0
-1
0
0
0
0
0
0
0
0
0
0
0
0
0
0
0
0
0
1
0
1
1
0
1
0
0
0
0
0
1
0
1
0
0
0
1
0
0
-1
0
0
1
0
-1
0
0
0
0
-1
-1
1
0
0
1
0
0
1
0
0
0
-1
1
0
0
0
0
0
0
-1
0
0
0
0
0
0
0
0
-1
0
0
1
0
0
0
-1
-1
-1
0
-1
-3
-1
-1
-1
-2
-1
-1
-1
0
0
0
1
0
1
-1
-1
0
3
4
1
1
-1
-5
-6
-2
-3
0
5
4
5
4
2
-2
-6
-8
-2
0
2
3
-2
-3
-5
-1
0
-2
-3
-9
-5
0
6
10
1
1
8
11
15
11
5
7
8
2
4
-1
-7
0
-5
-5
-5
-11
-12
-9
1
-3
-2
-9
-12
-7
-6
-4
-1
6
14
17
10
5
-8
-13
5
1
-10
-18
-22
-20
-10
-2
-6
-3
-13
-8
-4
-14
1
10
10
10
1
1
13
14
18
21
4
-8
-7
3
2
3
4
-6
-13
-10
-2
-10
-16
-3
-4
-15
-5
-6
-1
16
16
7
10
18
23
26
25
16
8
19
10
0
-2
-25
-24
-13
0
11
10
-7
-15
-8
4
25
17
-2
2
2
6
8
-10
-21
-19
-4
26
30
8
-6
-13
-10
6
1
-10
-3
9
23
24
8
-10
-23
-27
-5
1
-13
-18
-11
2
3
-1
-15
-16
0
16
16
11
14
26
27
16
5
-16
-25
-13
-7
-3
-4
-9
1
2
17
21
6
4
-7
0
26
18
1
0
-5
6
18
18
0
-21
-22
-9
14
31
17
3
-6
-15
-18
-9
-24
-32
-19
-15
0
0
-5
-14
-17
-3
4
2
17
16
7
12
9
-1
-5
-4
3
13
5
-5
2
7
15
18
13
3
5
15
24
20
5
1
0
4
16
11
3
6
-5
-15
-11
-2
7
15
-1
-1
6
-1
8
3
5
15
16
11
17
25
15
12
10
8
10
19
18
11
0
-6
1
1
2
4
-10
-17
-17
-16
-15
-11
4
5
12
6
-13
-11
2
13
7
-3
14
23
14
19
6
1
6
2
15
20
8
-1
-15
-19
-9
15
-3
-20
-19
-21
-8
4
-2
-29
-26
-5
15
26
5
-10
-20
-31
-21
-24
-12
0
11
1
-40
-47
-34
-12
22
39
6
-12
-1
20
31
10
-11
2
-1
12
5
-44
-72
-78
-50
-13
14
-6
-47
-70
-51
-4
15
6
-24
-47
-28
-7
-10
-31
-37
-13
5
-2
-7
-12
-33
-11
7
15
30
33
22
6
16
11
-5
2
-2
1
2
-10
-12
-5
-1
9
-4
-19
-20
-29
-21
-14
17
10
-20
-20
-11
33
39
23
0
20
64
47
21
10
33
42
52
38
-4
-22
-18
29
61
46
-10
-53
-38
-26
-24
-2
-13
-47
-41
-24
13
16
0
-14
-44
0
28
35
19
-9
-31
-43
7
37
37
-1
-20
4
39
59
41
25
13
-2
-2
5
-36
-75
-51
-34
-9
0
-21
-8
-18
11
33
14
6
-1
15
5
2
-8
-19
14
24
49
38
5
-12
-15
7
13
28
11
1
-4
-25
-32
-41
-27
14
30
45
43
1
5
12
19
20
-3
-3
17
43
55
46
2
-35
-12
4
35
42
-13
-49
-8
33
27
9
-34
-61
-38
36
65
24
-48
-103
-81
-26
26
12
-21
-58
-75
-16
37
31
0
-26
-40
-1
11
-15
-20
-37
-53
-39
-13
-19
-14
-11
-3
21
37
74
59
13
-21
-5
19
13
7
14
33
-4
-53
-21
-27
-21
18
23
25
16
25
25
45
45
33
25
-7
3
60
59
-1
-25
-43
-17
-3
-38
-49
-39
-16
17
35
-26
-108
-115
-87
-28
14
18
-11
-44
-43
-21
-17
-28
-33
-17
36
31
-5
-25
-23
22
56
64
32
49
65
34
42
27
6
13
16
63
63
-15
-51
-46
-15
23
10
-90
-113
-102
-51
-1
-38
-10
36
68
88
42
-10
-36
23
69
106
126
45
-15
-47
-11
47
70
14
-8
38
37
31
82
-27
-83
-83
-84
-41
42
87
5
0
14
21
-31
-71
-102
-102
-3
89
98
15
-4
17
-48
-40
23
38
56
51
18
-6
-29
-46
-15
-7
-40
-38
-55
-62
-65
-101
-99
-68
-18
31
29
20
-25
-64
-16
1
0
20
-13
-54
-47
-4
39
96
81
46
9
-77
-85
-41
5
24
36
20
10
23
3
-24
-60
-79
20
120
104
23
-63
-24
89
132
-12
-144
-125
-46
-4
8
47
-8
-43
-17
-3
4
15
-12
-9
49
70
33
-14
-80
-109
-72
-41
-6
-17
-58
-125
-83
28
55
36
-66
-66
34
103
124
58
16
31
84
84
82
77
38
57
71
69
69
57
47
46
68
84
69
26
-26
-8
63
115
141
100
63
76
34
-52
-58
-25
-8
18
9
-41
-52
-32
-31
-8
25
-21
-31
-7
9
70
89
125
87
49
86
88
57
5
-35
-13
-36
-34
-14
-39
-19
8
47
11
0
-27
-63
42
41
-15
-20
8
23
33
60
-13
-16
-24
-57
-70
-108
-105
-108
-77
-65
-77
-62
-40
-35
-26
-7
-8
33
98
66
30
29
-47
-82
-54
-31
3
33
13
31
57
51
11
-7
-41
-20
29
34
34
-2
-27
-57
-36
-14
-30
-32
-21
-63
-78
-76
-57
-45
-67
-84
-102
-51
1
1
14
15
16
59
97
145
76
-15
-18
47
99
39
-8
-28
-72
-64
-43
7
95
100
67
39
57
46
-19
0
36
57
16
-30
-59
-19
77
81
96
57
-25
-26
-10
-4
3
-85
-227
-151
-69
-50
-9
-66
-96
-122
-85
8
59
77
24
-42
4
138
131
39
-55
-112
-81
9
36
1
-71
-154
-90
-47
-78
-146
-161
-122
-70
-31
-62
-69
-73
-67
10
31
52
65
33
65
115
67
64
91
46
59
69
65
98
103
118
128
138
59
-63
-51
-42
-49
-112
-99
-16
59
89
8
-54
-117
-32
68
152
185
82
-17
-1
108
94
46
-16
-19
53
26
15
-56
-121
-127
-81
64
116
84
59
30
-4
74
120
114
51
-53
29
61
35
4
-39
-49
-50
35
-13
-47
-106
-101
-7
-23
38
-8
-76
-117
-92
-35
-35
-61
-181
-219
-166
-62
3
23
6
-40
0
43
48
-16
-46
-38
-6
6
-24
25
-50
-116
-100
-46
-32
-62
7
0
-23
-99
-173
-91
5
-17
-35
-16
-25
-25
-54
-27
29
57
85
116
125
77
49
14
12
90
97
28
-22
0
1
46
78
-17
-8
17
14
47
85
-27
-110
-24
58
94
93
20
-56
-42
-10
66
171
212
93
-25
-60
-19
-1
-24
-6
-46
-80
-60
-32
1
71
81
32
61
139
125
134
124
98
78
98
79
36
58
33
4
-16
-23
-19
67
114
102
46
-43
-39
-2
40
65
-9
-72
-89
-28
43
73
28
-92
-112
-75
-22
68
74
-34
-22
51
42
76
88
31
11
30
-11
-6
-29
-72
-12
-53
-163
-195
-208
-134
-50
-17
-56
-70
-50
-22
52
74
45
-47
-28
-36
-37
23
-13
-64
-115
-124
-70
-2
32
88
129
91
32
-17
1
70
85
48
20
-17
-26
-11
-3
-24
-13
17
39
78
95
83
21
12
33
31
48
42
57
34
16
6
-11
-8
20
-35
-87
-9
-62
-53
-15
-77
-61
-83
-89
-70
-44
-43
-35
-4
-30
-11
-10
7
36
-2
0
-4
-48
-53
-80
-109
-109
-94
-28
21
4
7
-59
-111
-38
5
35
-27
-95
-112
-93
-27
-17
44
26
5
31
-7
-7
-1
75
174
154
108
72
67
4
-27
-9
20
57
21
-16
-14
-8
-21
43
39
35
85
41
38
68
34
-4
65
125
113
141
116
64
60
67
48
34
23
0
-47
-45
0
20
-28
-114
-126
-79
-5
15
5
15
-9
29
82
99
56
-64
-71
8
41
39
26
-54
-118
-33
10
2
-3
-26
1
17
62
10
-100
-138
-149
-86
4
63
53
-3
-48
-90
-39
25
24
3
1
-27
-53
36
54
32
-1
-40
-36
13
33
-11
-102
-209
-169
-52
75
86
-35
-138
-153
-120
-38
24
6
-35
-44
16
36
-23
-14
32
25
48
96
66
79
70
-29
-60
-89
-62
54
67
-32
-85
-56
-25
48
107
45
-28
-74
-40
24
90
122
106
73
50
44
44
29
-10
-28
12
21
72
156
161
121
61
50
56
89
128
77
30
-5
29
68
131
73
-7
79
75
111
63
19
-33
-16
43
-10
11
-21
-90
-95
-41
3
-29
-65
-121
-89
8
-8
10
50
13
-41
-57
-54
-47
-10
22
-8
-44
-21
49
100
61
-1
-53
-97
-64
72
38
-37
-52
-135
-90
-34
-90
-118
-45
-21
-76
-69
-64
-32
-44
-10
48
6
20
20
-28
-21
-41
-63
-45
2
-15
-60
-45
-88
-81
9
30
-11
-34
-29
-40
-38
-20
-36
9
27
-16
-60
-70
-68
-40
3
-23
-27
-51
-47
45
93
128
123
56
34
51
73
70
73
-25
-123
-52
-15
-57
-69
-84
-98
-81
-98
-125
-125
-117
-48
-49
-91
-72
-63
-43
-44
-54
-64
-33
-2
17
63
-9
-115
-83
-50
-31
28
4
-36
-64
-120
-123
-58
25
64
39
26
6
-9
64
62
8
6
10
33
53
41
4
-44
-63
-10
91
121
66
2
-5
28
97
95
-16
-18
1
53
149
156
114
77
60
1
29
68
68
79
76
85
41
35
6
-19
18
-17
4
89
69
30
32
-18
-52
13
23
56
103
40
-2
3
-6
26
58
18
33
69
58
-3
1
75
78
84
78
24
-31
37
103
25
-19
-56
-24
38
84
37
-41
-79
-95
-2
-2
-16
-35
-57
60
156
150
69
-26
-88
-89
25
111
50
-1
-1
6
-5
-8
-13
-54
-39
-23
54
112
77
9
-75
-61
-40
3
102
97
53
-2
-58
-62
-26
9
27
34
5
0
29
61
69
20
-68
-64
23
102
131
58
-85
-143
-114
-119
-84
-84
-99
-49
-44
-71
-116
-153
-114
28
146
170
101
-58
-95
-21
-5
37
30
-66
-56
-23
28
17
-73
-89
-119
-67
6
52
48
21
-16
-45
61
70
31
-7
-101
-114
-78
-19
9
-59
-129
-115
-72
-13
78
9
-75
-62
-47
11
60
69
-10
-6
74
28
-1
8
-26
-73
-49
9
9
87
73
-6
-37
-55
44
105
146
98
15
16
-20
3
83
122
18
-9
30
-28
19
-3
-39
-12
-22
13
-42
-33
48
103
124
58
37
1
-3
11
-24
1
4
11
15
-5
22
-4
-19
-24
-38
4
-4
25
95
81
14
-24
-10
5
81
141
67
13
-3
-18
-20
12
50
54
39
30
45
43
63
65
36
56
-9
-34
-9
-54
-34
-52
-65
-68
-54
-15
-15
6
-7
-14
-31
-38
28
37
70
61
-56
-104
-47
32
37
-5
-28
-50
-10
32
-9
-85
-84
-40
-7
48
69
21
-61
-68
-61
-28
-1
-21
-7
10
22
5
12
21
-26
-15
-25
21
45
25
29
-43
-73
-109
-96
-45
-8
-15
-28
-12
-30
5
-21
-36
-6
-4
44
38
43
6
-53
-52
-48
39
93
98
-2
-73
-35
18
115
46
-87
-142
-126
-48
-48
-41
-97
-117
-73
-50
2
-18
-34
-27
6
26
1
-38
-53
-36
-42
-17
-17
-57
-14
44
53
54
58
17
-27
-36
14
57
27
-61
-148
-100
14
87
50
-56
-100
-89
-37
-19
10
26
3
-49
-116
-38
34
26
30
38
58
53
50
79
79
57
3
-82
-83
30
97
72
-7
-94
-44
38
67
57
17
29
20
40
72
33
-30
-84
-42
36
113
113
5
-29
42
74
56
36
50
76
38
-8
11
88
97
79
37
-27
16
55
53
33
-41
-9
59
48
71
55
8
-10
2
42
76
90
47
25
29
14
-23
-37
-72
-99
-30
58
106
18
-45
-26
-22
42
31
-26
-64
-75
11
25
-18
-26
2
20
31
56
-3
-16
-5
-22
-8
-40
-32
-86
-133
-151
-140
-71
-83
-60
-24
-50
-31
13
9
-34
-39
-2
-20
-88
-105
-43
-17
4
8
-19
-21
-16
48
64
-2
-20
-51
9
99
81
27
4
-11
-49
-25
7
-21
-48
-23
20
91
109
68
35
31
52
63
47
20
12
0
2
-38
-113
-104
-54
-36
-40
-69
-89
-78
-22
28
-3
-46
-48
-15
49
71
46
40
41
85
119
93
45
-26
-17
56
28
-21
17
43
34
2
-33
-72
-116
-141
-145
-109
-75
-78
-80
-49
-30
2
36
19
-33
-69
-24
33
64
52
-3
7
56
119
127
28
19
68
93
102
75
83
96
99
53
3
38
14
-28
-63
-122
-93
-56
-64
-46
-55
-52
-49
-33
10
19
67
69
82
106
91
127
102
57
52
46
90
80
-12
-37
-20
-9
16
-23
-62
-28
8
-3
-75
-80
-63
-44
-19
-84
-49
-9
-39
6
-27
-104
-78
-5
80
122
27
-80
-131
-93
24
51
-45
-136
-134
-125
-55
16
3
-43
-92
-38
38
24
11
-54
-106
-21
24
37
56
-42
-125
-88
-28
44
92
81
-8
-53
-23
6
26
-33
-43
20
18
32
35
49
129
99
-3
-37
11
138
188
121
48
-28
-24
60
89
69
37
-30
-68
0
13
-43
-26
-6
-2
33
25
-31
-32
24
29
25
11
17
42
17
-8
-48
-48
-51
-37
-2
31
62
33
66
58
17
-14
-56
-7
31
5
-23
-53
-77
-29
36
23
19
-2
-24
-7
-14
19
37
14
-19
-37
-37
-47
-29
-26
9
29
26
33
15
51
52
22
12
26
56
39
-6
-38
-57
-22
20
-21
-29
-25
1
80
84
70
39
13
22
-18
-4
44
55
48
-5
-57
-91
-17
59
23
-13
-40
-14
0
-42
-43
-25
9
49
9
-61
-34
17
9
9
-8
-40
-45
-30
-28
-6
17
47
44
-4
-41
-45
10
23
9
-10
-9
40
41
9
-25
-15
13
-9
-36
-47
-8
30
55
14
-45
-10
-2
17
65
45
15
-11
-57
-40
3
-25
-44
-30
12
29
-13
-14
10
23
74
33
-41
-18
35
0
-47
18
13
-33
-5
-24
-33
17
17
-1
-10
24
25
6
18
-5
-33
-8
1
-12
9
-24
-82
-35
32
14
-8
-55
-66
-29
-6
-12
-3
15
-10
-30
-37
-21
-45
-40
-7
-9
21
55
11
-7
45
37
-33
-43
-28
-7
-4
-16
-39
-38
-44
-39
-12
24
77
54
-3
-8
16
33
33
8
26
42
36
-25
-58
-46
-74
-40
-7
24
55
9
-24
11
30
21
-24
-55
-51
-22
-25
-56
-45
6
36
6
-23
-40
-1
48
42
19
9
55
50
21
31
17
15
4
-31
-18
-36
-52
-23
-11
-1
23
19
37
82
60
3
-16
-5
-11
-4
-12
-13
10
57
20
-29
6
26
29
28
20
32
16
-18
-26
2
27
-13
11
41
-2
-28
-50
-64
-34
40
69
35
14
14
4
-16
1
5
-12
-29
-100
-72
-6
-1
-12
-3
39
78
99
54
6
19
19
26
22
-22
-41
-7
5
44
59
-7
-51
-50
-16
8
-15
-36
-49
-10
47
40
14
-6
-1
-12
-20
-14
-19
-18
2
17
52
35
15
20
26
28
9
13
0
-28
-69
-61
-16
14
43
36
34
38
82
66
-21
-32
-49
-62
-36
-21
-14
-15
5
22
39
19
-12
-17
-21
45
41
2
-19
-25
28
41
4
-29
-31
-1
-19
-38
-56
-42
11
40
34
14
31
20
6
33
-34
-66
-32
-6
-12
-38
-34
-32
27
75
61
33
-21
-61
-40
11
-22
-71
-50
-51
-10
5
7
13
19
36
21
15
5
-22
-13
36
64
42
4
-24
-28
-11
-20
-61
-89
-23
48
43
10
-17
-7
3
24
33
-8
-2
15
0
-1
-4
2
42
52
28
11
-35
-64
-28
7
11
5
2
-18
-28
7
27
38
29
-11
-25
-13
21
29
19
10
10
35
10
-54
-85
-51
-10
2
27
11
-6
7
4
4
22
26
-16
-32
-17
-4
-4
-15
-53
-31
19
20
37
27
13
-6
-13
18
21
22
15
-7
-29
-29
-3
-9
9
30
24
6
-9
-33
-37
3
-8
-23
5
18
39
48
17
-24
-57
-49
-24
19
24
-6
12
28
0
4
17
-5
-28
-13
9
34
43
44
31
16
11
-2
-8
0
-4
-15
-5
-24
-20
-7
-37
-30
-31
-26
7
5
11
-4
-25
10
17
25
60
59
48
31
20
30
30
30
37
32
12
-1
29
28
-6
-6
-17
-10
14
16
-10
-27
-19
-23
-27
2
23
-18
-8
13
-10
-7
21
46
12
6
7
-24
-5
-31
-21
3
-14
34
34
3
-10
-25
-14
-12
5
-3
-49
-47
8
18
-23
-19
-3
25
62
27
-10
-3
-1
-13
-7
28
25
-24
-12
21
19
25
-3
-38
-20
-5
-34
-19
0
-9
27
24
-3
-2
24
51
40
12
-15
-11
15
15
-1
-4
-21
-13
-13
-23
-16
-20
-23
-28
-8
6
1
-18
-25
-1
6
25
26
5
-8
-23
-11
-10
13
13
-35
-47
-46
-26
1
-9
-20
-9
-12
-25
-13
-4
-30
-30
-10
-17
-16
4
-1
-40
-34
8
11
20
32
4
10
16
6
9
23
-1
-18
9
3
-36
-33
-2
-9
-19
-21
-53
-28
31
49
26
11
29
11
4
47
48
9
6
8
-16
-19
-9
-14
3
38
33
7
-12
-39
-16
36
3
-26
3
14
-12
-7
1
-19
-14
18
-1
0
21
11
3
12
39
29
24
12
-17
-18
-18
-22
-11
-19
-37
-30
1
5
15
20
-22
-73
-43
23
19
12
23
18
1
11
-20
-65
-27
3
-4
-6
-11
-33
-37
-33
-41
-10
46
44
-7
-18
-22
-28
15
20
11
13
12
-12
-30
6
-1
-32
9
32
-12
4
2
-14
18
18
4
6
40
38
-5
3
6
8
33
19
-1
9
10
-6
-14
-14
-6
-6
7
9
-17
-11
4
-10
-19
-16
-12
-5
21
13
-26
-37
12
43
32
40
13
19
57
37
9
4
12
23
43
30
-12
0
8
-21
-10
34
14
-4
11
-20
-29
-16
-8
-19
5
54
18
-26
-17
10
33
36
32
21
1
5
24
30
27
12
6
15
9
23
0
-38
-32
-5
12
-13
8
10
-24
-11
-11
-26
-25
9
42
14
-7
-12
-20
1
26
23
16
8
13
11
5
16
5
16
34
9
-3
-5
-11
0
12
-18
-25
3
0
-4
-11
-19
-24
-17
-1
-19
-34
-28
-30
-15
-5
-37
-32
-18
-35
-19
5
-15
-17
13
10
-5
-7
-26
-3
25
6
-17
-46
-39
2
29
13
-26
-26
-7
6
16
16
7
-10
-6
-7
7
2
-32
-42
-38
-19
-24
-30
-23
-14
4
-8
-10
1
3
23
18
-8
-14
-21
-17
7
-6
-31
-18
-17
-8
16
14
16
20
9
-17
2
33
26
28
-5
-23
8
6
-6
10
-2
-14
5
-3
-5
-8
-14
1
-7
-16
-9
-4
7
-4
-22
-11
12
38
32
7
-2
-14
2
27
16
-21
-35
-32
-1
24
15
24
32
-4
-42
-19
-7
13
45
26
-8
-33
-35
-18
-4
-5
-5
18
21
-5
0
-30
-42
5
40
63
74
23
-6
-19
-49
-14
27
53
67
25
-14
-7
2
28
32
18
17
5
3
7
-1
6
5
-17
0
-1
-2
30
15
11
3
-29
1
13
-6
3
8
-12
0
14
4
7
11
7
0
-12
5
22
19
32
1
-30
-6
10
12
15
-5
-18
-18
-18
4
7
18
33
14
-3
-17
-42
-21
9
0
12
-9
-23
-2
-10
-8
2
-3
4
-24
-28
-9
-25
-6
8
-14
-13
-5
-3
11
-1
-14
-23
-12
15
7
6
0
-3
4
2
-6
-18
-26
-15
14
16
12
17
-4
-5
-2
-5
6
38
44
22
0
-16
-4
-22
-17
21
3
3
-4
-8
27
20
-6
-14
-16
-6
28
30
13
5
-9
-17
-11
-12
-8
-1
5
25
21
-5
-35
-38
-35
-9
22
15
9
-5
-31
-31
-18
-6
13
20
-1
-33
-43
-20
12
27
23
26
30
22
25
24
13
9
7
13
10
8
6
-3
14
15
-4
5
8
15
25
2
-19
-19
-24
-20
-7
2
12
3
-5
5
9
-2
5
11
8
3
-11
-2
26
34
20
13
0
9
24
-3
-3
-15
-14
12
6
10
-4
-35
-40
-18
-4
12
2
-24
-6
-4
-14
-23
-32
-30
-2
20
15
37
38
-4
-16
-16
-21
-15
23
20
16
14
0
26
14
-2
-6
-3
23
-21
-50
-17
-11
-16
-40
-36
-23
-18
8
6
5
-8
-20
13
19
17
22
0
-8
-1
-2
10
18
0
-2
9
13
-4
-2
12
26
18
3
12
-13
-24
-39
-73
-44
-18
2
27
-3
-27
-29
-16
-4
-5
14
33
42
12
-16
-22
-27
-34
7
31
4
0
16
28
12
-8
-25
-23
4
15
17
19
-10
-38
-29
-11
14
6
-25
-17
-3
3
10
0
-14
-17
-17
-12
-10
-27
-17
4
14
14
-13
12
46
32
11
4
3
11
4
-3
14
10
4
-16
-26
1
4
-4
-8
1
10
10
13
-7
-11
-30
-28
21
22
29
15
-13
-4
14
18
4
20
31
42
58
41
18
2
1
13
16
6
-6
3
9
-1
-4
-8
-4
-11
-15
-13
-18
-6
4
-3
-22
-45
-21
24
57
40
-15
-19
11
33
22
4
-3
13
25
12
20
-13
-34
-25
-12
5
-2
-9
-20
-16
-9
4
36
40
9
-10
-20
-5
31
35
-3
-24
-7
16
19
12
5
-4
5
11
7
-8
-23
-31
-8
28
25
7
-4
2
-14
-28
-3
-1
-1
-6
-17
-11
-15
-13
-26
-29
-13
8
18
2
-15
-23
-11
1
8
15
-3
-23
6
21
-7
-28
-27
-16
-1
-19
-35
-24
-1
7
2
15
6
5
17
8
2
0
1
1
14
19
-4
-6
4
16
1
-33
-16
24
24
-6
5
18
-1
-6
13
22
-10
-21
-10
-3
6
-1
-22
-13
24
20
-8
-7
15
21
-5
-21
-8
-2
-16
-12
25
27
-17
-20
-3
-7
-4
23
21
7
5
-14
2
26
28
-16
-35
-3
7
5
1
6
-6
-20
-3
6
-5
-23
-18
1
11
-3
-23
-15
1
-4
-29
-34
0
36
27
-14
-22
-20
-17
-2
21
28
19
2
-4
11
18
20
5
-15
-8
5
-5
-12
-16
-41
-35
-6
3
7
-5
-21
-26
-20
-2
-5
0
36
38
7
-14
1
-9
-16
3
-2
3
-17
-24
9
24
4
-19
2
22
16
11
-4
-11
7
6
-26
-15
19
15
-24
-29
7
27
20
23
25
28
-4
-36
-9
10
-3
-16
14
47
26
-6
-22
-6
21
21
11
8
24
26
-4
0
9
2
-8
-7
38
57
25
-1
-4
1
-18
-25
4
11
-5
0
19
30
4
-38
-40
-5
11
14
8
0
19
18
19
32
18
-9
-16
17
29
3
-20
4
23
19
5
-8
-3
9
5
-22
-12
11
12
6
0
0
-10
-1
7
-6
-16
-23
-9
22
32
4
-6
-4
-2
23
8
1
12
-9
-29
-31
-7
-7
-4
6
5
20
13
5
2
-16
-30
-21
-1
18
12
-1
9
-1
1
-11
-31
-24
-10
-9
-21
2
-1
-4
-2
1
7
-7
15
5
-21
-23
-12
2
-10
-7
-8
-3
3
-7
-22
-32
-21
-1
14
-12
-31
-17
-3
4
-7
-3
-1
-5
-11
-8
5
4
-14
-21
4
-14
-38
-16
-4
-17
-37
-12
12
16
25
9
-15
-19
-12
-6
-3
0
-15
-27
-5
3
7
14
7
7
4
-10
-2
4
5
4
-6
6
14
8
7
-10
3
3
5
8
1
11
14
26
33
14
6
13
5
8
3
3
17
10
-10
-23
-19
-4
-3
7
14
18
30
20
-16
-33
-12
6
10
0
-14
2
11
15
19
2
-5
11
18
19
2
2
23
24
27
2
-21
-12
2
19
3
-12
-4
3
21
16
-8
-10
-8
-4
0
-17
-4
19
21
16
-9
-19
-14
-9
-10
-23
-12
9
12
17
8
19
31
14
12
1
-20
-24
13
38
5
-25
-29
0
17
-1
0
9
15
15
-5
-28
-5
20
33
23
-1
-3
11
23
3
-19
-22
15
41
10
-10
-15
-3
23
4
-31
-32
-10
9
9
-19
-36
-8
31
39
0
-33
-51
-28
26
6
-20
-24
-3
24
4
-7
-16
0
11
-14
-13
9
34
34
17
5
-3
4
8
-3
-25
-19
-9
-10
-10
-13
-4
9
30
16
-26
-48
-36
3
12
-13
-33
-20
18
22
-1
-9
-3
4
15
20
3
0
13
14
5
-17
-6
25
26
8
-12
-4
-6
-5
10
-2
-18
-7
17
10
3
6
12
20
4
-13
-4
11
15
10
2
-7
-1
18
12
-8
-11
27
50
19
-8
-12
6
19
-2
-11
-2
6
-2
-12
-3
-7
-6
-8
6
-4
-26
-17
-4
6
-22
-35
-29
-13
1
-8
-5
-5
6
11
3
-8
-4
27
20
7
-7
