2.363105e+062 -3.231956e+058 -8.338684e+058 -1.563664e+059 -2.292510e+059 -3.030173e+059 -3.720356e+059 -3.980870e+059 -3.807564e+059 -3.243290e+059 -2.322779e+059 1.084851e+056 
2.363033e+062 -4.434938e+058 -1.040427e+059 -1.687399e+059 -2.585623e+059 -3.533965e+059 -4.176986e+059 -4.373740e+059 -4.080567e+059 -3.383312e+059 -2.376844e+059 1.379048e+056 
2.363077e+062 -3.542119e+058 -7.783606e+058 -1.374919e+059 -2.309395e+059 -3.129359e+059 -3.735041e+059 -3.878271e+059 -3.726503e+059 -3.273892e+059 -2.368443e+059 1.063982e+056 
2.362983e+062 -2.899734e+058 -4.906764e+058 -9.134889e+058 -1.984679e+059 -3.291689e+059 -3.938775e+059 -3.603544e+059 -3.127676e+059 -2.855767e+059 -2.265075e+059 8.459140e+055 
2.363078e+062 -3.670463e+058 -7.986733e+058 -1.298246e+059 -2.054560e+059 -2.921977e+059 -3.596113e+059 -3.898939e+059 -3.719980e+059 -3.151984e+059 -2.237172e+059 9.915708e+055 
2.363061e+062 -3.828282e+058 -8.084343e+058 -1.394137e+059 -2.138584e+059 -3.053037e+059 -3.741122e+059 -3.931807e+059 -3.694038e+059 -3.129963e+059 -2.271897e+059 1.047491e+056 
2.362980e+062 -4.767581e+058 -8.709639e+058 -1.170673e+059 -1.633195e+059 -2.165627e+059 -2.849447e+059 -3.238091e+059 -3.415500e+059 -3.114817e+059 -2.322842e+059 8.423655e+055 
2.362924e+062 -4.643800e+058 -7.648753e+058 -9.978328e+058 -1.477493e+059 -2.224000e+059 -3.123165e+059 -3.515837e+059 -3.428368e+059 -2.963246e+059 -2.181589e+059 7.889652e+055 
2.363055e+062 -3.851767e+058 -8.197385e+058 -1.245971e+059 -1.839655e+059 -2.705708e+059 -3.543214e+059 -3.892650e+059 -3.761095e+059 -3.259962e+059 -2.306549e+059 9.623026e+055 
2.362965e+062 -3.337575e+058 -7.510835e+058 -1.063734e+059 -1.860545e+059 -2.490207e+059 -3.372953e+059 -3.653666e+059 -3.550546e+059 -3.168063e+059 -2.192766e+059 8.391641e+055 
2.360417e+062 -5.611193e+059 -1.294263e+060 -2.014352e+060 -2.780413e+060 -3.292767e+060 -3.490449e+060 -3.353876e+060 -2.941260e+060 -2.385438e+060 -1.599836e+060 1.152857e+058 
2.332195e+062 -7.531468e+060 -1.611364e+061 -2.221932e+061 -2.539418e+061 -2.685772e+061 -2.767876e+061 -2.789207e+061 -2.622074e+061 -2.148329e+061 -1.396074e+061 1.094874e+060 
2.345619e+062 -4.396394e+060 -9.575459e+060 -1.369174e+061 -1.647317e+061 -1.866354e+061 -2.075389e+061 -2.235873e+061 -2.217303e+061 -1.898704e+061 -1.282569e+061 5.595347e+059 
2.306149e+062 -1.094159e+061 -1.693590e+061 -1.019079e+061 5.848293e+060 1.997048e+061 2.299204e+061 1.260399e+061 -3.840663e+060 -1.503262e+061 -1.531148e+061 6.471210e+059 
2.350634e+062 -3.037456e+060 -6.772136e+060 -9.666773e+060 -1.166229e+061 -1.348470e+061 -1.512763e+061 -1.676640e+061 -1.742631e+061 -1.559746e+061 -1.114219e+061 3.101322e+059 
2.351139e+062 -2.392217e+060 -6.754621e+060 -1.043581e+061 -1.392889e+061 -1.804563e+061 -1.929402e+061 -1.988428e+061 -1.963702e+061 -1.588981e+061 -1.090527e+061 3.707037e+059 
2.353277e+062 -2.295246e+060 -6.390326e+060 -1.059621e+061 -1.476473e+061 -1.905082e+061 -2.102421e+061 -2.145154e+061 -2.042374e+061 -1.651613e+061 -1.109280e+061 3.969124e+059 
2.354259e+062 -2.648983e+060 -6.888792e+060 -1.184680e+061 -1.674865e+061 -2.094388e+061 -2.345601e+061 -2.390464e+061 -2.215183e+061 -1.803868e+061 -1.205100e+061 4.875820e+059 
2.354233e+062 -2.803214e+060 -7.253282e+060 -1.255211e+061 -1.783699e+061 -2.226348e+061 -2.496608e+061 -2.543854e+061 -2.346215e+061 -1.906487e+061 -1.270953e+061 5.489866e+059 
2.355533e+062 -2.431433e+060 -6.295059e+060 -1.095303e+061 -1.564865e+061 -1.960262e+061 -2.210013e+061 -2.264045e+061 -2.097697e+061 -1.714780e+061 -1.150784e+061 4.273400e+059 
2.357511e+062 -1.825105e+060 -4.735928e+060 -8.273642e+060 -1.187642e+061 -1.495709e+061 -1.696910e+061 -1.749867e+061 -1.633188e+061 -1.346951e+061 -9.132835e+060 2.503012e+059 
2.346682e+062 -4.811171e+060 -1.248841e+061 -2.160136e+061 -3.019140e+061 -3.685616e+061 -4.061955e+061 -4.028848e+061 -3.572175e+061 -2.792287e+061 -1.778554e+061 1.459020e+060 
2.345832e+062 -5.040703e+060 -1.315410e+061 -2.282796e+061 -3.179731e+061 -3.889271e+061 -4.304978e+061 -4.268204e+061 -3.782350e+061 -2.968192e+061 -1.901448e+061 1.634846e+060 
2.344353e+062 -5.857736e+060 -1.503451e+061 -2.581910e+061 -3.617870e+061 -4.420166e+061 -4.836859e+061 -4.776375e+061 -4.233755e+061 -3.287852e+061 -2.077028e+061 2.090801e+060 
2.343352e+062 -6.155107e+060 -1.577928e+061 -2.705875e+061 -3.786303e+061 -4.617572e+061 -5.040923e+061 -4.964935e+061 -4.387980e+061 -3.395000e+061 -2.134861e+061 2.277031e+060 
2.346580e+062 -5.156638e+060 -1.320693e+061 -2.267644e+061 -3.183520e+061 -3.899262e+061 -4.278915e+061 -4.242193e+061 -3.780127e+061 -2.953306e+061 -1.878973e+061 1.630624e+060 
2.354399e+062 -2.622748e+060 -6.681734e+060 -1.147864e+061 -1.620103e+061 -1.998105e+061 -2.211498e+061 -2.208745e+061 -1.984352e+061 -1.568586e+061 -1.014523e+061 4.260030e+059 
2.359857e+062 -8.850592e+059 -2.216370e+060 -3.752718e+060 -5.341424e+060 -6.724770e+060 -7.651261e+060 -7.823677e+060 -7.210213e+060 -5.906966e+060 -3.993922e+060 5.055055e+058 
2.356808e+062 -1.853286e+060 -4.677927e+060 -7.942212e+060 -1.113268e+061 -1.362658e+061 -1.493561e+061 -1.474544e+061 -1.305646e+061 -1.012950e+061 -6.418073e+060 1.930839e+059 
2.360625e+062 -6.774621e+059 -1.682281e+060 -2.842032e+060 -4.015129e+060 -4.973639e+060 -5.521447e+060 -5.487900e+060 -4.915362e+060 -3.861571e+060 -2.483289e+060 2.597043e+058 
2.358461e+062 -1.296844e+060 -3.172233e+060 -5.188054e+060 -6.970655e+060 -8.176960e+060 -8.539007e+060 -7.966970e+060 -6.625325e+060 -4.798092e+060 -2.834539e+060 6.383648e+058 
2.362002e+062 -2.814903e+059 -6.919646e+059 -1.136191e+060 -1.627543e+060 -2.075636e+060 -2.301429e+060 -2.278362e+060 -2.018045e+060 -1.547149e+060 -1.006149e+060 4.357072e+057 
2.354818e+062 -2.430199e+060 -5.983183e+060 -9.767459e+060 -1.284538e+061 -1.445451e+061 -1.423613e+061 -1.226950e+061 -9.093039e+060 -5.506386e+060 -2.366370e+060 1.661638e+059 
2.350711e+062 -3.575718e+060 -8.708324e+060 -1.398999e+061 -1.804193e+061 -1.980550e+061 -1.888936e+061 -1.558184e+061 -1.079038e+061 -5.801141e+060 -1.882801e+060 2.870975e+059 
2.361900e+062 -3.128082e+059 -7.288013e+059 -1.188958e+060 -1.615028e+060 -1.895201e+060 -1.968514e+060 -1.789363e+060 -1.438434e+060 -9.992840e+059 -5.626221e+059 3.215288e+057 
2.361554e+062 -3.832909e+059 -8.743350e+059 -1.338808e+060 -1.729611e+060 -1.969293e+060 -2.008595e+060 -1.876725e+060 -1.622458e+060 -1.231663e+060 -7.558602e+059 3.997836e+057 
2.362566e+062 -1.008837e+059 -1.919281e+059 -2.896936e+059 -4.484178e+059 -5.875416e+059 -6.084820e+059 -5.466540e+059 -4.725294e+059 -3.951452e+059 -2.884000e+059 3.147536e+056 
2.361693e+062 -4.114797e+059 -1.017175e+060 -1.690130e+060 -2.310792e+060 -2.745981e+060 -2.901936e+060 -2.757700e+060 -2.355950e+060 -1.747380e+060 -1.034249e+060 7.298568e+057 
