2.363267e+062 -4.286417e+058 -1.132958e+059 -2.007149e+059 -2.938941e+059 -3.788282e+059 -4.401633e+059 -4.675137e+059 -4.522192e+059 -3.868593e+059 -2.731086e+059 1.658736e+056 
2.363285e+062 -3.831773e+058 -1.007105e+059 -1.789218e+059 -2.621770e+059 -3.370193e+059 -3.933034e+059 -4.181450e+059 -4.048763e+059 -3.468887e+059 -2.455294e+059 1.323309e+056 
2.363283e+062 -3.788106e+058 -1.000100e+059 -1.776932e+059 -2.601048e+059 -3.357715e+059 -3.909780e+059 -4.157320e+059 -4.025638e+059 -3.446435e+059 -2.442016e+059 1.306403e+056 
2.363284e+062 -3.789888e+058 -9.999165e+058 -1.773845e+059 -2.601515e+059 -3.349404e+059 -3.903956e+059 -4.161173e+059 -4.021022e+059 -3.449300e+059 -2.444575e+059 1.305079e+056 
2.363283e+062 -3.800834e+058 -1.004526e+059 -1.784670e+059 -2.615390e+059 -3.368537e+059 -3.931518e+059 -4.183562e+059 -4.039200e+059 -3.467922e+059 -2.456983e+059 1.319101e+056 
2.363277e+062 -3.718416e+058 -9.914902e+058 -1.768258e+059 -2.597374e+059 -3.335751e+059 -3.896150e+059 -4.153193e+059 -4.012222e+059 -3.438435e+059 -2.435022e+059 1.294029e+056 
2.363281e+062 -3.779496e+058 -1.005316e+059 -1.777893e+059 -2.605425e+059 -3.361000e+059 -3.920207e+059 -4.163618e+059 -4.027184e+059 -3.456597e+059 -2.445254e+059 1.310540e+056 
2.363285e+062 -3.812796e+058 -1.003120e+059 -1.784299e+059 -2.608726e+059 -3.360390e+059 -3.915669e+059 -4.165741e+059 -4.028833e+059 -3.450954e+059 -2.444564e+059 1.312333e+056 
2.363280e+062 -3.850974e+058 -1.018146e+059 -1.804590e+059 -2.647616e+059 -3.408879e+059 -3.967557e+059 -4.224184e+059 -4.075933e+059 -3.493318e+059 -2.471994e+059 1.346783e+056 
2.361392e+062 2.067972e+059 3.280836e+059 -2.163158e+058 -2.152902e+059 4.171587e+059 3.264525e+059 -2.861818e+059 -2.815988e+059 4.790864e+058 4.935400e+058 8.268152e+055 
2.264254e+062 1.290539e+061 2.415380e+061 8.998995e+060 2.124518e+060 3.546863e+061 4.161467e+061 1.297560e+061 6.256406e+060 2.022450e+061 1.668212e+061 1.132948e+060 
2.159450e+062 2.714075e+061 4.514033e+061 1.742133e+061 1.532285e+061 7.389558e+061 8.155393e+061 3.661659e+061 2.389396e+061 4.439061e+061 3.746019e+061 5.100714e+060 
2.013377e+062 4.280006e+061 4.649516e+061 4.003366e+061 8.389203e+061 1.275823e+062 7.807181e+061 8.547821e+061 1.129335e+062 8.004009e+061 5.288994e+061 1.252030e+061 
1.842189e+062 6.304991e+061 7.999820e+061 5.694409e+061 1.172015e+062 1.930576e+062 1.758871e+062 1.757390e+062 1.785486e+062 1.633609e+062 1.266565e+062 4.103099e+061 
1.970063e+062 4.450356e+061 5.244339e+061 5.422279e+061 8.734256e+061 1.312040e+062 1.032592e+062 1.171773e+062 1.127892e+062 9.266031e+061 7.138220e+061 1.752648e+061 
1.661730e+062 6.958515e+061 8.003315e+061 1.066586e+062 2.072187e+062 2.343844e+062 2.219962e+062 2.965593e+062 2.931131e+062 2.691792e+062 2.403106e+062 9.089943e+061 
1.512084e+062 9.454962e+061 1.297637e+062 9.591598e+061 2.370862e+062 3.803914e+062 3.902355e+062 4.702544e+062 5.465654e+062 5.445612e+062 4.792997e+062 2.271095e+062 
2.299168e+062 6.616176e+060 8.767836e+060 8.925667e+060 1.607958e+061 1.999605e+061 1.322984e+061 1.109247e+061 1.078345e+061 1.158002e+061 7.576163e+060 3.124133e+059 
2.339032e+062 -4.278001e+060 -8.949414e+060 -1.299471e+061 -1.528379e+061 -1.581265e+061 -1.629154e+061 -1.702791e+061 -1.647155e+061 -1.371530e+061 -9.363536e+060 3.889372e+059 
2.251038e+062 -1.823574e+061 -2.469112e+061 -1.662852e+061 -7.002910e+060 -5.518838e+060 -1.093261e+061 -1.688867e+061 -1.954234e+061 -1.912725e+061 -1.595800e+061 1.128803e+060 
2.256386e+062 -1.970205e+061 -3.187116e+061 -2.929716e+061 -1.587219e+061 7.406252e+059 1.077437e+061 7.232414e+060 -6.040850e+060 -1.701622e+061 -1.760057e+061 1.093262e+060 
2.282524e+062 -1.628286e+061 -2.848398e+061 -2.932580e+061 -2.111450e+061 -1.073328e+061 -4.872355e+060 -6.317509e+060 -1.211794e+061 -1.625497e+061 -1.464656e+061 1.015518e+060 
2.267220e+062 -1.965251e+061 -3.480398e+061 -3.623357e+061 -2.516359e+061 -8.864285e+060 2.803275e+060 2.970043e+060 -6.063066e+060 -1.475635e+061 -1.548675e+061 1.033833e+060 
2.241837e+062 -2.262887e+061 -3.722094e+061 -3.526714e+061 -1.947484e+061 2.777813e+060 1.875361e+061 1.754161e+061 2.809176e+060 -1.059701e+061 -1.330752e+061 6.842063e+059 
2.250784e+062 -1.713502e+061 -2.378570e+061 -1.924844e+061 -1.008967e+061 1.192925e+060 9.576172e+060 8.092104e+060 -9.243807e+059 -7.942703e+060 -8.670799e+060 4.015807e+059 
2.292581e+062 -1.054538e+061 -1.427368e+061 -1.182458e+061 -9.819153e+060 -1.001823e+061 -9.902208e+060 -8.150994e+060 -6.364774e+060 -6.615370e+060 -7.522454e+060 3.048501e+059 
2.343981e+062 -3.789343e+060 -6.692668e+060 -7.587376e+060 -7.468364e+060 -7.421338e+060 -7.538673e+060 -7.586335e+060 -7.685881e+060 -7.775350e+060 -6.833097e+060 1.382056e+059 
2.347746e+062 -3.391623e+060 -6.410016e+060 -7.480120e+060 -6.817192e+060 -5.685363e+060 -5.216120e+060 -5.765124e+060 -6.888847e+060 -7.573185e+060 -6.612861e+060 1.144848e+059 
2.355953e+062 -1.896304e+060 -4.191172e+060 -6.158752e+060 -7.569073e+060 -8.557114e+060 -9.300896e+060 -9.785837e+060 -9.753695e+060 -8.788471e+060 -6.516476e+060 1.126873e+059 
2.359881e+062 -1.077509e+060 -2.751783e+060 -4.739812e+060 -6.736679e+060 -8.449984e+060 -9.618607e+060 -1.002731e+061 -9.521158e+060 -8.028056e+060 -5.581836e+060 8.306612e+058 
2.360648e+062 -8.420639e+059 -2.188837e+060 -3.838981e+060 -5.545244e+060 -7.043388e+060 -8.084475e+060 -8.461791e+060 -8.037934e+060 -6.763303e+060 -4.688022e+060 5.673455e+058 
2.362088e+062 -3.696717e+059 -9.643601e+059 -1.698359e+060 -2.462854e+060 -3.139776e+060 -3.616627e+060 -3.798357e+060 -3.620100e+060 -3.056767e+060 -2.127517e+060 1.126654e+058 
2.362921e+062 -1.309221e+059 -3.427895e+059 -6.043676e+059 -8.796252e+059 -1.123942e+060 -1.299774e+060 -1.370522e+060 -1.311752e+060 -1.113334e+060 -7.791173e+059 1.451184e+057 
2.362970e+062 -1.246883e+059 -3.262898e+059 -5.760066e+059 -8.380655e+059 -1.071640e+060 -1.238911e+060 -1.306234e+060 -1.250173e+060 -1.060418e+060 -7.418280e+059 1.317435e+057 
2.363161e+062 -7.917885e+058 -2.072920e+059 -3.668718e+059 -5.343579e+059 -6.847365e+059 -7.933743e+059 -8.379098e+059 -8.041852e+059 -6.840623e+059 -4.801409e+059 5.394262e+056 
2.363295e+062 -3.922299e+058 -1.032044e+059 -1.831429e+059 -2.679421e+059 -3.451672e+059 -4.018694e+059 -4.275751e+059 -4.133585e+059 -3.544145e+059 -2.507540e+059 1.383901e+056 
2.363284e+062 -3.800577e+058 -1.005535e+059 -1.786028e+059 -2.612844e+059 -3.368989e+059 -3.922515e+059 -4.174782e+059 -4.035739e+059 -3.462028e+059 -2.449484e+059 1.316722e+056 
2.363284e+062 -3.779255e+058 -9.967563e+058 -1.769750e+059 -2.593919e+059 -3.342604e+059 -3.896205e+059 -4.144418e+059 -4.005632e+059 -3.435743e+059 -2.433485e+059 1.297087e+056 
2.363278e+062 -3.776953e+058 -9.962488e+058 -1.767577e+059 -2.593526e+059 -3.344933e+059 -3.898251e+059 -4.151409e+059 -4.009635e+059 -3.442151e+059 -2.437688e+059 1.298384e+056 
2.363280e+062 -3.734993e+058 -9.887167e+058 -1.760638e+059 -2.575033e+059 -3.318809e+059 -3.870357e+059 -4.119813e+059 -3.983039e+059 -3.415314e+059 -2.419700e+059 1.279604e+056 
2.363283e+062 -3.804734e+058 -1.003265e+059 -1.781197e+059 -2.612614e+059 -3.366808e+059 -3.920701e+059 -4.172908e+059 -4.037195e+059 -3.459761e+059 -2.450361e+059 1.315114e+056 
2.363285e+062 -3.755081e+058 -9.878321e+058 -1.760110e+059 -2.580714e+059 -3.317817e+059 -3.873120e+059 -4.118260e+059 -3.982051e+059 -3.417617e+059 -2.419691e+059 1.280982e+056 
