-14
15
11
-10
2
-6
-10
13
-7
-6
5
-13
8
18
10
19
7
-16
6
0
-8
15
-3
-5
3
-2
0
10
-13
4
1
-17
16
8
2
22
7
-4
20
9
0
18
-4
4
17
-2
5
5
-4
7
1
-1
16
11
3
-12
-13
-3
4
7
-5
-5
2
-13
0
2
-9
16
1
-1
11
-2
8
5
2
3
-5
7
13
2
5
-15
11
34
1
12
-7
-13
10
-19
-12
-3
-23
9
-5
-11
13
-2
1
-3
-17
-12
-2
-1
9
10
9
7
7
5
-5
-4
-15
-5
-9
-12
5
-1
11
-6
-21
-12
-29
-17
-9
-21
17
10
-12
6
-22
-19
12
-7
2
1
-18
9
14
-5
-8
-12
-8
2
-4
-14
-12
-4
-17
-18
-10
-11
15
6
-18
-16
-22
-12
3
-13
-9
8
1
5
6
-13
-8
15
10
6
12
-8
5
14
-15
14
15
5
29
-9
-22
12
-3
23
18
-23
11
-5
-15
10
-17
5
24
-8
2
-1
-5
26
22
13
12
5
14
13
9
10
0
5
13
3
2
1
-1
9
11
6
18
16
6
-9
-17
-2
12
8
4
-12
-20
2
-10
-12
-1
-8
11
26
1
-5
-5
-19
8
16
16
22
11
-2
-9
-14
-14
5
5
10
21
12
12
21
-4
-24
-12
-12
4
19
2
4
10
-18
-13
-12
-25
6
7
7
21
13
14
16
6
-2
0
5
7
-1
-14
0
16
7
8
6
-13
6
0
-24
-16
-29
-18
7
-7
-2
-5
-26
-14
-22
-25
0
-12
-3
14
-7
0
3
-8
-8
-16
-12
-1
-9
-7
-1
-9
-10
-1
2
-3
8
-1
-10
-6
-20
-15
-9
-12
0
-7
-10
7
-9
-3
1
-10
16
-5
-22
6
-7
3
35
-5
-6
1
-15
19
23
5
16
5
-9
10
-6
-8
22
1
11
33
2
8
13
-24
0
6
-7
18
-3
-13
13
-2
-1
12
-6
3
11
2
8
-1
-1
23
27
21
19
10
3
4
-10
-12
2
5
13
17
9
8
1
-14
-11
-22
-10
21
17
19
18
-3
1
4
-9
-12
-3
10
15
16
-3
-2
3
-16
1
0
-9
11
-11
-20
-7
-21
-8
15
1
4
3
-15
-12
-20
-26
1
16
14
24
7
-15
-5
-6
-14
2
-6
-6
12
-8
-4
12
0
6
7
-7
-3
1
-7
0
15
16
25
21
-2
-7
-19
-24
-1
-1
4
20
4
-8
4
-8
2
16
0
8
2
-9
2
-12
-16
-1
-5
-3
6
3
-13
-11
-13
-25
-11
-6
1
6
-2
-1
-1
-11
-4
2
-12
4
7
2
10
-3
-4
3
-4
-4
5
14
21
-3
-21
-16
-10
8
19
9
8
3
-10
-8
-4
-6
2
8
3
19
14
-3
-1
-13
-17
-6
-2
8
18
-8
-5
8
0
18
11
-9
6
3
-8
7
-2
-11
-1
-14
-14
-3
0
-2
-8
-17
-9
-4
-5
6
4
-6
5
4
1
6
-8
0
7
-6
-6
-6
-3
7
12
8
6
3
2
-1
1
7
6
2
0
5
8
8
3
8
10
5
-1
-2
-1
-2
8
4
5
12
12
17
11
3
1
-7
3
17
9
7
5
-3
9
10
5
9
1
0
-1
-6
-3
-4
-7
-1
-4
0
5
-3
-11
-17
-19
-13
-7
-7
-7
-7
-14
-15
-8
-11
-16
2
8
7
15
6
4
4
-5
0
0
3
17
14
2
5
2
-3
2
-2
-4
8
4
-6
-9
-10
3
4
-1
2
-5
-8
-2
0
-4
3
4
-1
-5
-7
-5
-1
-1
-3
-4
-12
-12
-10
-13
-6
-12
-16
-12
-17
-15
-8
-15
-12
-7
-7
2
2
-3
-1
-5
-5
2
-3
-9
-9
-6
-2
-1
-3
-9
-10
-4
-3
-2
-1
-2
-2
0
0
2
0
-4
3
6
2
3
4
4
3
0
6
8
7
2
2
13
13
12
9
2
5
10
13
15
6
4
5
10
20
22
11
2
6
2
4
6
6
11
15
14
13
18
10
2
7
0
13
21
16
16
4
-3
3
8
14
6
-3
-1
-1
1
-1
-4
-10
-7
-9
-7
0
-5
-6
-7
-10
-13
-19
-25
-16
-7
-6
-4
-7
-5
-1
-9
-7
-4
-7
-4
-3
-1
3
-1
1
4
0
-1
-3
-4
-7
-7
-5
1
0
4
1
0
-1
-8
-8
-6
-1
3
3
-4
-7
1
5
3
0
-7
-9
-7
-10
-8
-4
-4
-2
-2
-5
-7
-8
-8
-3
-1
-3
6
8
7
4
-1
2
2
-1
-2
0
4
9
11
0
-6
-9
-7
0
2
-1
-6
-7
-3
-1
2
2
-3
-5
-8
-3
1
2
5
3
4
11
14
11
6
4
3
2
-4
1
4
7
8
3
-2
-1
-1
-1
-2
-2
3
6
6
-1
-6
-5
3
6
6
8
6
4
5
3
-1
-1
4
9
12
10
8
5
3
4
-1
1
2
0
-5
-8
0
6
9
4
-2
-2
1
1
-2
-3
-1
7
10
7
3
1
1
0
1
0
-6
-2
1
-1
-3
-1
4
7
5
1
-1
1
-3
-9
-7
-1
7
6
8
5
-2
-1
-3
-5
-6
-4
-1
-3
-4
-1
5
4
2
-3
-7
-3
-1
-3
-7
-10
-4
2
3
0
-5
-4
1
3
6
2
-4
-7
-4
-1
-4
-9
-7
1
0
-4
-6
-6
-5
-7
-7
-1
-2
-11
-14
-12
-6
-1
-4
-8
-8
-5
-4
-8
-12
-11
-10
-7
1
0
1
-2
-4
-7
-8
-2
-3
-3
3
2
0
2
6
7
3
1
2
1
5
5
-3
-3
2
4
8
8
5
3
2
6
7
4
6
7
8
9
6
2
-1
-4
-5
-1
2
4
3
1
4
4
5
8
6
8
7
9
16
12
9
9
5
4
5
6
12
12
6
-2
-2
1
3
2
0
1
0
0
1
4
0
-3
5
9
8
7
2
0
6
8
4
1
3
4
0
1
0
-4
-4
-5
-4
-1
1
0
-4
-4
2
7
3
-1
-1
-2
-1
3
2
-2
-2
-3
-4
-6
-7
-9
-7
2
7
6
0
-2
-5
-7
-4
-4
1
7
4
0
-5
-6
-4
-2
-6
-11
-8
-2
2
-1
-3
-9
-11
-4
-2
-2
-4
-5
-5
-3
-2
-3
-10
-9
-6
-3
-2
-4
-6
-6
-5
-1
-4
-6
-7
-5
0
2
0
-1
-2
0
2
0
1
2
-1
-5
-5
-7
-2
5
3
1
0
1
2
2
3
5
1
0
2
2
2
-3
-5
-1
2
3
-1
-2
2
1
1
5
7
5
2
5
11
11
9
3
0
2
8
7
5
7
6
7
2
3
6
5
3
5
9
8
4
-2
-2
5
12
9
5
2
0
0
3
7
4
-3
-4
0
1
5
6
4
4
5
6
4
8
5
-1
1
2
0
2
-2
-6
-6
-3
-2
-4
-6
-7
-8
-6
-10
-12
-6
-3
-1
-3
-6
-2
-2
-4
-11
-13
-6
-6
-4
-2
-4
-1
1
2
5
4
3
1
1
4
5
1
0
2
2
-2
-4
-5
-5
-4
-3
-4
-5
-3
-5
-5
-3
-2
-1
-1
-1
-1
2
4
8
7
7
5
1
-1
-2
1
5
1
-6
-11
-5
0
0
-7
-10
-5
1
7
2
-2
-7
-8
-1
7
4
-2
-2
-2
3
-2
-6
-4
-2
-2
1
-1
-5
-3
-1
2
3
1
1
0
2
4
4
5
5
7
8
1
-3
-4
-1
2
-1
-4
-7
-7
-4
2
4
1
-1
-3
2
5
0
-2
-4
0
10
13
7
0
-6
-6
1
6
8
0
-4
-1
5
10
6
-2
-3
-2
4
9
3
-3
-6
-6
3
10
7
-1
-5
-1
1
8
7
-1
-4
-1
5
9
7
1
-4
-4
-2
-2
-4
-9
-11
-11
-5
0
-2
-2
0
6
4
0
-2
-3
-1
1
4
3
2
4
3
-2
-5
-4
-2
1
0
-4
-8
-7
-3
-1
3
0
-4
-5
-2
2
2
0
-3
-3
-3
2
4
0
-3
-6
-3
3
6
4
-2
-6
-3
0
0
-2
-9
-8
-5
-5
-6
-8
-8
-7
-5
-4
-3
-4
-9
-8
-4
-7
-10
-7
-5
-1
0
-3
-7
-6
-2
1
2
3
2
-1
2
5
5
3
0
-2
-1
8
10
3
-1
3
1
1
4
3
2
4
6
4
1
0
-3
-1
2
4
1
0
0
-2
6
6
0
2
-1
-3
3
4
1
-5
-5
3
2
5
7
4
-1
4
7
0
-3
-5
-4
-1
3
7
-1
-7
-6
-4
-1
4
4
4
5
8
11
7
5
7
5
9
12
10
6
7
6
8
5
-3
-2
-1
0
3
2
0
-5
-4
-4
0
4
1
-1
-1
0
-1
0
-1
-4
-4
2
5
6
3
-3
-3
-1
2
5
2
2
3
4
2
1
-3
-2
3
3
1
-1
-2
-2
0
2
0
-2
0
-2
-3
-4
-1
0
1
-1
-2
1
1
-1
-1
-3
-2
-2
-3
-5
-9
-9
-6
-4
-1
0
-1
-3
-5
-5
-6
-8
-6
-5
-6
-7
-4
-4
-1
0
1
0
-5
-2
1
4
3
3
-1
0
4
6
6
-1
-7
-2
4
5
3
1
-4
-2
3
2
1
-4
-6
-5
-1
2
4
1
-3
-5
-4
-2
1
0
2
0
1
0
-2
-3
-4
-4
-1
2
1
1
5
3
0
-4
-4
-3
-1
2
-5
-7
-9
-6
-2
0
0
-5
-6
-3
2
4
4
0
-2
-4
-1
5
4
3
5
4
2
-2
-5
-5
-5
0
5
6
6
6
3
2
3
3
1
-2
-2
0
0
2
1
-1
-1
-4
-3
0
0
-1
0
-3
-3
1
0
-3
-4
-5
-1
6
9
7
2
0
0
2
5
5
2
-1
2
4
-1
-2
-1
1
4
5
3
-1
-1
5
8
8
10
9
7
6
5
8
4
5
10
7
4
1
-3
-2
0
1
1
1
0
0
-1
2
1
-1
0
5
8
6
5
5
2
1
0
2
7
3
-1
-3
-6
0
1
0
-1
-8
-8
-3
3
6
6
4
-2
-4
-2
-4
-2
-3
-4
-7
-9
-8
-6
-4
-6
-5
-3
0
-5
-8
-12
-14
-8
0
2
-3
-6
-7
-4
-1
-2
-4
-6
-6
-4
-1
5
2
-2
-2
0
1
0
-3
-4
-3
2
3
0
2
3
1
4
1
4
10
9
8
5
3
5
5
6
11
11
3
-1
5
9
10
9
7
8
9
6
1
-4
-4
1
5
10
7
2
-1
-3
0
3
3
3
3
2
2
2
0
-2
-2
0
1
-1
-1
-1
-4
-5
-2
0
-2
-1
2
2
-2
-1
3
6
7
2
0
1
2
1
2
5
5
1
2
4
1
-1
-2
-4
-3
0
3
6
0
-1
2
1
2
2
0
-1
2
3
5
2
-4
-3
-5
-3
-4
-9
-8
-6
-4
-2
-2
-2
-2
-7
-7
-5
-9
-6
-3
-3
-4
-7
-8
-6
-1
1
-1
-2
-3
-3
-3
-2
-2
-4
-2
2
3
-1
-3
-9
-11
-3
5
8
4
0
-5
-7
-5
-5
-3
-3
-3
-2
-2
1
-2
-6
-4
-3
-1
0
-1
-2
-5
-6
-5
-4
-5
-7
-3
0
2
2
5
3
-3
-1
0
0
2
2
2
3
3
1
4
4
3
3
4
5
3
0
0
4
3
3
3
7
4
2
0
-7
-7
-5
2
4
1
1
2
1
-2
-2
-2
-1
1
7
6
3
2
2
3
4
7
7
8
8
6
6
6
7
5
6
9
7
6
3
-1
-4
-5
-3
0
-2
0
1
-2
-3
-4
-5
1
3
-2
-2
-1
1
3
-4
-4
2
3
2
2
-1
-5
-6
-5
-3
-5
-1
0
2
0
-4
-6
-7
-2
-3
-2
-1
2
3
2
1
2
-3
0
3
4
5
2
-1
-4
-6
-3
-1
-1
4
3
1
-1
-3
-6
-8
-1
3
3
-1
0
-3
-6
-5
-4
-3
-3
-1
2
-1
-2
-1
3
1
-1
1
4
6
3
-5
-8
-5
-3
2
3
2
0
-4
-2
-2
0
1
-3
0
0
-4
-4
-1
-1
-5
-1
-1
-5
-4
-2
-4
-3
-1
-2
-1
-1
-1
2
-1
-3
-4
-2
1
-1
0
1
1
-1
-2
-1
-4
-1
-2
-3
0
-2
-2
2
1
-1
1
4
5
3
4
4
-1
-2
3
9
6
1
0
0
4
8
8
2
-4
-2
4
9
9
0
-4
-6
-3
2
4
-4
-9
-4
-1
1
0
-6
-8
-4
1
6
2
-1
-4
-4
0
1
4
2
2
1
2
6
7
4
0
-4
-3
0
6
6
2
-1
1
3
0
-4
-4
-2
-1
0
1
3
1
0
-1
5
6
6
5
3
4
2
4
7
5
5
3
3
2
3
8
5
-3
-4
0
0
0
3
0
-3
-5
-5
-5
-3
-1
-3
-3
0
-5
-4
-2
-3
-4
-1
0
-2
-1
3
3
-1
1
5
1
-4
-6
-5
-3
0
0
0
-3
-6
-6
-4
-2
-3
0
0
-2
-2
1
2
1
7
5
0
3
3
2
0
0
0
-1
2
3
0
-3
-2
0
0
3
5
6
1
-2
-2
-2
3
4
-1
-1
0
4
5
-2
-7
-3
0
-3
-2
-2
-6
-6
-3
-1
-3
-3
0
-1
-3
-2
-1
1
3
6
4
1
-1
2
7
5
2
1
4
6
9
11
3
-1
2
2
4
3
-3
-6
-3
1
3
3
0
-6
-7
-2
1
-2
-5
-5
0
4
3
1
-3
-6
-3
4
3
3
4
4
0
-3
0
2
0
-2
1
3
3
1
-5
-5
-3
2
8
4
3
-2
-1
-1
0
4
5
5
3
5
2
1
0
0
-3
-1
1
2
-1
-5
-5
-5
-7
-4
-2
-2
-2
-1
3
0
2
2
3
2
2
7
3
3
6
5
2
4
2
-2
-2
0
0
-4
-4
0
-2
1
3
3
0
2
4
2
-2
-2
0
0
0
1
4
3
-1
-2
-2
0
1
3
5
4
1
-2
1
5
1
0
1
2
6
3
-1
-4
-5
-5
-4
-6
-7
-6
-6
-3
1
4
1
-2
-2
-2
0
2
3
2
0
-3
0
2
-1
-2
-3
-1
-1
1
0
-2
-4
-6
-2
3
2
-4
-5
-4
-1
0
-4
-7
-5
-1
1
-1
-2
-4
-2
-1
0
-1
2
-2
-2
0
2
1
-3
-4
-3
-1
1
0
-2
0
-1
0
4
5
2
0
1
4
2
0
1
2
1
1
-1
-2
-1
2
1
1
0
-6
-7
-5
-6
-3
-2
-2
-2
-2
0
3
4
5
4
3
0
1
1
-1
-2
2
1
-1
1
0
0
-2
-2
1
1
1
-1
-2
0
6
8
6
2
3
-1
4
10
9
10
8
7
10
13
14
10
6
4
4
2
1
5
5
2
3
3
7
7
4
3
2
4
3
3
3
1
1
3
2
0
-1
-3
-2
0
2
0
0
-1
-2
2
3
4
3
0
-5
-8
-3
-2
-4
-7
-11
-9
-7
-6
-5
-4
-6
-7
-7
-3
-2
-3
-3
-2
0
4
4
-2
-3
-5
-6
-3
-1
2
1
-3
-3
-4
-2
-5
-7
-8
-10
-8
-7
-10
-8
-4
-6
-6
0
-6
-10
-6
-3
0
2
-4
-12
-9
-4
1
2
0
-4
-4
-4
-4
0
-1
2
3
2
0
-1
2
1
1
1
-2
-2
-4
-6
-3
-1
1
2
7
5
1
-1
0
6
10
9
5
9
8
9
9
5
4
5
4
3
4
-3
-5
-1
1
0
0
-1
-2
-3
0
3
6
5
2
1
-1
2
1
2
0
-2
1
3
4
5
4
1
-3
0
8
9
0
0
1
-1
3
5
0
-5
-6
-1
5
6
0
-5
-4
0
3
2
-3
-8
-8
-4
4
5
0
-4
-5
-5
-1
2
0
-3
-4
-7
-4
2
0
-1
-1
3
8
7
3
-2
-6
-4
-1
-1
2
0
-1
1
5
5
2
-1
-7
-7
-1
4
5
2
1
-1
0
2
5
-1
-2
-1
-5
-3
1
0
-5
-6
-9
-9
-5
-4
-6
-2
2
3
2
1
-3
-8
-4
-5
-8
-4
-2
-2
1
3
5
-1
-1
-5
-8
-1
-1
-1
-5
-5
-4
-1
2
3
2
2
1
0
0
-2
0
0
3
5
2
0
-2
-2
-1
0
3
2
3
-1
-5
-4
-5
2
7
5
2
-1
0
2
4
4
2
1
4
4
4
0
-1
-3
-3
-2
-3
-2
1
1
1
2
1
1
0
-3
-3
0
0
0
0
-3
-4
-2
2
-1
-4
-9
-8
-4
-1
4
5
1
-2
-4
-6
-3
-1
-1
-4
-8
-10
-5
-4
-7
-8
-4
0
2
4
2
-6
-7
3
4
1
1
0
0
5
5
3
2
-1
-3
-4
3
7
3
5
6
4
8
12
9
2
-9
-10
-9
-4
6
14
9
6
8
4
4
4
3
2
6
5
2
1
1
-1
2
8
4
2
-5
-7
-7
-1
5
0
-5
-5
-1
4
6
-2
-7
-9
-11
-6
1
6
8
7
2
-5
-4
-3
2
3
6
11
6
2
1
-5
-5
-9
-15
-18
-15
-7
0
-3
-3
-4
-8
-13
-11
-13
-9
-2
1
18
29
33
26
20
15
11
15
17
23
22
13
5
1
3
6
8
12
11
6
-2
-2
8
14
17
17
11
5
8
12
18
20
27
19
14
15
6
0
1
4
10
25
33
42
39
29
4
-14
-24
-31
-22
-7
7
-2
-17
-35
-43
-38
-27
-25
-24
-27
-21
-21
-9
10
16
14
9
-5
-23
-32
-43
-41
-52
-61
-80
-89
-91
-78
-63
-54
-43
-48
-49
-60
-45
-19
22
52
56
59
44
40
29
21
16
17
22
22
27
30
35
41
32
41
51
79
124
148
167
172
179
177
183
179
163
151
130
108
94
95
98
116
111
95
65
46
48
68
84
97
104
105
108
114
121
119
107
86
52
15
-5
-13
-6
-13
-37
-81
-129
-163
-175
-171
-162
-165
-190
-214
-232
-249
-263
-274
-287
-299
-327
-345
-374
-393
-425
-425
-419
-417
-418
-433
-440
-471
-466
-459
-434
-428
-407
-375
-321
-257
-206
-187
-171
-114
-37
68
180
296
387
479
551
613
667
737
797
842
845
811
743
662
593
541
506
456
401
324
230
156
103
95
123
177
238
292
326
343
352
356
357
361
360
334
295
231
147
67
-5
-70
-124
-188
-244
-285
-288
-287
-265
-222
-182
-160
-146
-123
-79
-37
-15
-40
-106
-201
-322
-419
-492
-546
-585
-651
-743
-845
-945
-995
-1003
-960
-925
-890
-863
-857
-848
-800
-703
-625
-514
-453
-411
-381
-353
-283
-195
-75
45
198
415
711
1014
1274
1393
1369
1216
1052
981
1039
1150
1286
1303
1136
798
362
-50
-363
-540
-589
-569
-526
-471
-423
-327
-197
-76
-10
25
32
68
170
354
566
720
755
656
431
174
-51
-181
-177
-92
20
98
169
209
240
280
360
424
458
499
515
569
638
714
746
679
544
308
42
-184
-355
-434
-472
-485
-521
-596
-686
-759
-813
-806
-760
-717
-677
-623
-592
-575
-546
-529
-522
-548
-593
-645
-687
-699
-652
-614
-577
-569
-586
-618
-603
-577
-542
-493
-467
-468
-469
-451
-458
-407
-406
-405
-351
-240
21
394
803
1120
1247
1167
966
798
778
970
1303
1606
1672
1443
958
397
-73
-358
-426
-365
-304
-268
-249
-223
-152
-34
48
108
126
109
134
248
466
696
856
855
722
446
129
-128
-300
-269
-130
38
176
269
297
303
300
283
278
298
346
451
595
730
853
902
825
665
425
160
-52
-212
-287
-329
-361
-390
-442
-553
-715
-878
-1014
-1077
-1098
-1072
-969
-845
-748
-695
-715
-809
-883
-957
-987
-966
-866
-749
-551
-449
-417
-496
-659
-804
-902
-853
-749
-508
-354
-210
-241
-334
-532
-584
-573
-379
33
514
980
1289
1371
1209
1035
826
851
1054
1407
1697
1829
1611
1185
628
150
-153
-242
-242
-174
-125
-151
-135
-112
-25
79
173
186
188
166
226
394
600
769
873
790
537
228
-68
-235
-226
-118
57
190
225
215
193
166
207
272
341
417
470
527
593
649
678
653
535
386
200
13
-127
-193
-251
-262
-303
-402
-550
-700
-838
-949
-985
-1004
-963
-950
-936
-936
-944
-966
-954
-960
-980
-1006
-1035
-1022
-967
-912
-858
-781
-769
-751
-773
-760
-774
-670
-591
-466
-346
-295
-253
-260
-290
-338
-309
-274
-71
211
652
1041
1327
1401
1288
1106
991
1067
1349
1789
2155
2339
2173
1703
1045
465
81
-20
68
237
316
292
143
-64
-241
-332
-314
-242
-121
-48
27
109
232
335
425
433
343
118
-124
-286
-304
-136
154
424
556
557
393
205
68
46
153
392
585
682
667
559
435
349
335
342
340
261
160
35
-80
-155
-182
-228
-349
-526
-783
-1028
-1212
-1307
-1281
-1170
-1048
-959
-978
-1124
-1264
-1353
-1360
-1239
-1049
-892
-765
-717
-715
-716
-709
-683
-642
-605
-646
-639
-693
-676
-604
-458
-351
-256
-267
-424
-505
-554
-433
-139
370
759
1122
1226
1078
827
649
666
962
1471
1910
2217
2135
1759
1195
666
267
193
309
537
739
770
627
364
60
-176
-214
-165
-5
168
270
282
270
206
150
138
108
79
58
-13
-63
-74
-36
99
274
415
496
476
329
200
105
91
204
409
607
758
799
677
505
331
193
160
190
205
222
178
47
-124
-306
-483
-617
-719
-831
-944
-1039
-1085
-1116
-1130
-1110
-1081
-1054
-999
-966
-991
-1013
-1009
-986
-930
-808
-719
-646
-592
-596
-659
-746
-820
-826
-746
-640
-511
-435
-438
-468
-563
-652
-676
-617
-440
-143
155
380
510
510
468
457
542
708
991
1316
1563
1682
1623
1384
1096
882
752
754
845
969
1061
1085
1020
862
657
503
453
485
588
708
778
785
737
627
460
290
149
51
4
-8
-37
-74
-89
-95
-93
-81
-99
-153
-227
-271
-269
-247
-166
-65
9
104
186
195
183
152
100
82
119
141
150
141
76
-7
-53
-100
-154
-193
-253
-319
-391
-471
-539
-564
-560
-521
-505
-523
-577
-700
-818
-921
-995
-1033
-1059
-1058
-1056
-1051
-1077
-1121
-1170
-1192
-1154
-1106
-1042
-986
-964
-926
-865
-876
-875
-821
-786
-604
-298
-82
129
245
202
219
317
428
722
1122
1430
1676
1754
1570
1361
1216
1095
1161
1299
1392
1507
1546
1444
1322
1076
826
751
704
717
811
820
793
780
663
515
382
196
88
86
33
-7
-27
-85
-90
-40
-49
-99
-152
-268
-354
-387
-427
-380
-258
-109
38
117
101
58
24
23
71
145
195
271
334
313
253
171
90
73
68
-7
-95
-191
-269
-351
-419
-489
-577
-627
-647
-696
-787
-907
-1027
-1074
-1061
-1031
-1042
-1103
-1146
-1203
-1268
-1316
-1340
-1345
-1322
-1278
-1228
-1176
-1158
-1166
-1171
-1166
-1143
-1076
-918
-681
-416
-211
-116
-66
-47
57
270
507
814
1123
1316
1464
1533
1433
1384
1400
1404
1500
1574
1588
1621
1628
1590
1514
1362
1200
1101
1022
980
981
954
905
879
774
599
440
255
123
71
1
-25
7
4
15
20
-50
-133
-187
-253
-285
-290
-322
-250
-143
-98
-45
-47
-84
-73
-73
-44
61
117
163
240
228
165
143
85
47
48
-11
-96
-151
-212
-275
-321
-394
-455
-487
-533
-592
-705
-829
-921
-986
-1041
-1093
-1159
-1246
-1264
-1260
-1310
-1373
-1453
-1547
-1563
-1541
-1560
-1545
-1471
-1400
-1337
-1309
-1325
-1292
-1139
-861
-580
-397
-288
-211
-117
44
260
462
729
1078
1377
1564
1633
1573
1510
1550
1598
1662
1757
1810
1867
1923
1893
1763
1584
1430
1369
1339
1312
1283
1216
1170
1117
934
709
491
281
161
111
36
-54
-94
-133
-191
-255
-337
-425
-470
-456
-438
-430
-419
-364
-314
-241
-190
-206
-174
-71
3
52
133
152
168
270
304
252
240
186
141
191
152
22
-42
-99
-161
-198
-275
-368
-422
-444
-479
-577
-700
-796
-899
-981
-1029
-1125
-1205
-1194
-1204
-1272
-1349
-1484
-1618
-1627
-1603
-1587
-1532
-1497
-1489
-1483
-1495
-1485
-1398
-1225
-971
-726
-550
-423
-353
-278
-101
99
299
573
887
1154
1356
1452
1429
1433
1499
1544
1615
1709
1779
1881
1948
1897
1773
1606
1469
1398
1345
1297
1293
1269
1233
1152
933
672
457
296
207
137
23
-87
-120
-127
-136
-192
-300
-392
-411
-356
-305
-303
-306
-232
-151
-88
-60
-129
-163
-91
-4
49
120
137
127
197
254
213
188
224
185
160
159
45
-37
-37
-66
-146
-235
-327
-436
-503
-562
-682
-806
-851
-895
-995
-1080
-1183
-1298
-1325
-1309
-1375
-1470
-1541
-1607
-1593
-1537
-1528
-1522
-1511
-1511
-1489
-1472
-1479
-1404
-1238
-1037
-797
-595
-494
-435
-358
-234
-67
129
392
706
981
1188
1306
1318
1337
1430
1527
1608
1686
1758
1860
1983
1985
1867
1728
1608
1520
1480
1421
1349
1323
1314
1268
1119
877
635
460
343
292
218
98
33
9
-32
-56
-101
-200
-252
-242
-296
-354
-351
-318
-241
-142
-57
-62
-87
-38
-27
-39
50
113
153
300
366
298
310
296
212
228
216
92
54
72
6
-35
-105
-242
-333
-400
-510
-636
-727
-781
-812
-877
-946
-1046
-1183
-1233
-1261
-1343
-1354
-1353
-1415
-1429
-1440
-1535
-1578
-1527
-1480
-1418
-1365
-1392
-1419
-1346
-1201
-1012
-836
-699
-567
-466
-375
-239
-69
129
427
752
993
1165
1283
1340
1384
1497
1613
1719
1830
1941
2013
2022
1978
1885
1764
1676
1605
1521
1472
1428
1366
1299
1204
1032
833
662
521
362
224
142
71
59
75
22
-74
-138
-217
-319
-388
-453
-505
-515
-445
-357
-310
-275
-257
-272
-287
-252
-256
-254
-107
18
49
136
133
-2
19
56
-42
-39
8
-88
-118
-93
-211
-316
-316
-392
-485
-481
-522
-624
-671
-680
-773
-879
-923
-1031
-1153
-1158
-1195
-1311
-1337
-1359
-1459
-1476
-1454
-1512
-1503
-1442
-1439
-1422
-1363
-1335
-1285
-1114
-926
-760
-589
-477
-441
-379
-253
-60
225
544
846
1069
1219
1320
1341
1391
1506
1601
1722
1871
1964
2002
2023
1958
1850
1794
1726
1634
1569
1493
1417
1405
1359
1232
1074
880
674
513
404
308
236
186
137
73
22
-59
-181
-278
-339
-361
-374
-372
-369
-375
-352
-324
-328
-312
-282
-304
-310
-245
-203
-190
-114
-53
-46
10
44
1
-24
-42
-82
-89
-70
-78
-81
-93
-142
-223
-290
-373
-485
-538
-552
-602
-656
-686
-774
-910
-994
-1056
-1124
-1131
-1134
-1205
-1229
-1218
-1266
-1288
-1252
-1255
-1256
-1203
-1185
-1223
-1211
-1153
-1048
-863
-688
-596
-542
-469
-400
-266
-58
146
380
663
877
1013
1094
1136
1196
1321
1473
1581
1668
1752
1804
1819
1768
1662
1559
1493
1458
1423
1382
1320
1257
1194
1099
932
724
561
461
393
341
284
196
137
94
21
-75
-161
-233
-278
-296
-323
-351
-349
-339
-314
-271
-296
-342
-342
-337
-314
-225
-151
-103
-35
-16
-50
-68
-75
-80
-41
-5
-30
-62
-78
-111
-135
-136
-175
-248
-285
-343
-437
-482
-485
-509
-521
-541
-656
-801
-889
-956
-1025
-1056
-1085
-1134
-1145
-1147
-1208
-1284
-1320
-1335
-1329
-1317
-1329
-1323
-1273
-1163
-1005
-861
-752
-660
-587
-515
-420
-270
-89
155
443
701
887
1001
1042
1091
1211
1326
1420
1531
1641
1726
1795
1808
1730
1645
1609
1569
1502
1418
1338
1281
1265
1244
1143
976
821
695
584
501
425
328
272
273
217
114
0
-99
-162
-183
-225
-278
-294
-292
-257
-226
-251
-307
-316
-305
-275
-221
-202
-189
-132
-84
-91
-109
-143
-184
-162
-105
-103
-137
-143
-162
-225
-270
-298
-354
-372
-350
-411
-502
-542
-571
-604
-601
-624
-716
-793
-859
-951
-1024
-1074
-1138
-1153
-1114
-1105
-1137
-1188
-1243
-1282
-1282
-1274
-1285
-1259
-1176
-1073
-947
-827
-748
-680
-588
-491
-379
-245
-74
147
393
614
774
884
966
1040
1134
1230
1302
1385
1488
1565
1626
1649
1602
1532
1491
1463
1399
1333
1290
1247
1196
1147
1058
917
791
687
570
457
354
270
216
198
175
82
-31
-120
-199
-256
-293
-335
-362
-314
-237
-212
-221
-234
-270
-283
-224
-174
-172
-129
-72
-46
-4
26
-17
-70
-40
-16
-39
-62
-83
-123
-121
-90
-132
-211
-249
-280
-334
-368
-445
-537
-565
-568
-597
-664
-752
-858
-948
-992
-1028
-1075
-1106
-1106
-1100
-1089
-1112
-1164
-1191
-1185
-1168
-1132
-1083
-1027
-942
-812
-700
-630
-559
-508
-446
-300
-129
32
227
438
600
751
874
931
974
1077
1204
1296
1398
1499
1548
1597
1647
1611
1535
1498
1456
1395
1356
1297
1218
1166
1130
1049
926
799
653
506
408
327
217
137
114
77
33
-8
-91
-202
-277
-320
-356
-369
-349
-326
-290
-250
-248
-276
-285
-260
-250
-232
-181
-137
-96
-51
-49
-68
-65
-68
-72
-72
-90
-122
-138
-154
-181
-214
-266
-321
-345
-381
-447
-513
-557
-584
-618
-681
-753
-837
-914
-957
-1008
-1065
-1104
-1145
-1176
-1172
-1181
-1228
-1244
-1232
-1232
-1208
-1172
-1147
-1085
-962
-838
-752
-659
-577
-501
-392
-261
-119
42
260
478
631
754
862
934
1027
1153
1242
1319
1403
1470
1520
1564
1566
1512
1466
1446
1425
1378
1316
1244
1168
1112
1049
934
807
703
601
511
436
338
236
166
133
93
18
-64
-143
-196
-206
-201
-224
-236
-210
-196
-186
-178
-194
-207
-177
-142
-122
-90
-59
-57
-28
15
8
-6
-14
-44
-58
-56
-71
-104
-127
-146
-176
-211
-236
-286
-366
-406
-448
-511
-553
-571
-625
-698
-740
-809
-891
-925
-961
-1021
-1048
-1066
-1095
-1100
-1101
-1130
-1141
-1128
-1116
-1091
-1036
-957
-872
-771
-663
-582
-531
-462
-366
-245
-95
86
262
430
596
707
776
843
910
1002
1121
1230
1308
1376
1438
1470
1474
1455
1409
1349
1318
1290
1236
1181
1130
1066
997
929
836
720
619
509
390
309
238
173
131
97
38
-23
-69
-122
-175
-213
-244
-278
-289
-275
-243
-213
-191
-181
-177
-146
-121
-128
-134
-122
-109
-69
-29
-28
-41
-36
-33
-52
-72
-112
-167
-190
-197
-220
-262
-298
-333
-369
-399
-453
-523
-575
-619
-668
-727
-782
-830
-874
-908
-944
-982
-1005
-1018
-1025
-1037
-1061
-1085
-1083
-1052
-1011
-959
-909
-850
-772
-676
-589
-513
-446
-366
-246
-117
11
148
294
449
603
708
788
866
947
1026
1116
1196
1261
1330
1388
1411
1411
1382
1324
1274
1237
1200
1157
1099
1043
982
909
831
730
627
533
455
383
313
253
184
128
85
46
-11
-67
-111
-146
-159
-165
-177
-179
-161
-149
-140
-127
-126
-125
-113
-110
-106
-91
-74
-51
-33
-25
-33
-52
-78
-97
-118
-141
-168
-187
-201
-222
-261
-309
-359
-410
-453
-494
-544
-604
-643
-681
-727
-768
-812
-863
-915
-950
-976
-997
-1014
-1031
-1051
-1056
-1048
-1040
-1023
-988
-950
-907
-851
-776
-688
-597
-505
-424
-335
-225
-108
15
141
276
412
535
644
746
835
912
988
1069
1135
1193
1241
1275
1305
1315
1299
1271
1235
1193
1152
1107
1052
989
938
881
806
721
639
551
468
395
323
252
192
144
90
38
-4
-43
-74
-100
-126
-146
-157
-160
-167
-170
-160
-137
-125
-121
-117
-123
-119
-107
-109
-114
-109
-105
-107
-111
-118
-128
-151
-185
-216
-251
-291
-328
-358
-391
-428
-471
-526
-574
-613
-658
-712
-759
-808
-851
-886
-921
-953
-986
-1013
-1030
-1029
-1025
-1028
-1037
-1035
-1013
-981
-942
-897
-844
-776
-701
-622
-538
-454
-366
-262
-148
-40
85
207
332
459
578
694
795
884
974
1063
1142
1204
1261
1298
1321
1343
1354
1344
1324
1298
1266
1224
1180
1125
1060
991
915
831
749
673
596
520
444
367
296
230
172
113
59
11
-30
-65
-95
-121
-143
-156
-159
-158
-160
-150
-143
-150
-150
-141
-124
-108
-103
-105
-102
-100
-107
-108
-116
-134
-159
-185
-210
-241
-268
-299
-343
-385
-425
-469
-516
-562
-612
-663
-704
-743
-786
-833
-870
-904
-931
-953
-973
-989
-996
-993
-989
-980
-963
-937
-910
-874
-823
-764
-700
-630
-554
-478
-394
-314
-224
-118
-17
87
200
319
429
534
628
711
795
873
943
1010
1067
1117
1161
1204
1235
1251
1244
1229
1217
1191
1159
1118
1069
1025
979
923
857
786
710
627
552
480
411
338
262
196
137
87
40
-5
-50
-95
-132
-154
-174
-193
-211
-222
-221
-217
-207
-204
-209
-211
-202
-191
-187
-188
-196
-205
-208
-208
-214
-225
-241
-256
-274
-299
-332
-380
-417
-448
-488
-528
-569
-605
-641
-689
-737
-774
-805
-843
-873
-896
-921
-949
-958
-957
-954
-940
-924
-911
-897
-865
-822
-775
-724
-672
-609
-534
-446
-358
-271
-188
-105
-10
98
203
299
391
485
576
661
743
815
873
936
997
1043
1074
1104
1128
1135
1132
1124
1113
1089
1061
1029
990
943
891
837
778
714
657
594
526
458
396
335
273
214
159
115
71
27
-14
-50
-81
-106
-124
-141
-160
-169
-169
-167
-164
-162
-163
-161
-163
-167
-168
-165
-162
-157
-153
-162
-179
-194
-207
-223
-242
-264
-291
-319
-355
-393
-426
-463
-499
-533
-568
-610
-644
-675
-712
-743
-769
-784
-795
-802
-806
-811
-811
-803
-791
-772
-746
-716
-679
-639
-590
-534
-473
-412
-338
-273
-208
-130
-54
24
107
190
265
342
419
487
560
629
689
741
785
821
856
887
914
938
950
957
954
941
919
896
876
852
819
780
744
701
657
612
561
513
466
421
371
315
265
223
186
149
113
82
52
19
-10
-32
-53
-73
-92
-113
-128
-143
-153
-156
-170
-184
-194
-209
-226
-233
-241
-257
-264
-272
-283
-299
-318
-340
-357
-374
-392
-408
-429
-453
-475
-497
-516
-532
-553
-577
-594
-605
-614
-620
-623
-630
-642
-646
-643
-632
-620
-607
-593
-573
-547
-520
-485
-457
-424
-373
-329
-282
-232
-184
-127
-71
-7
56
114
176
231
291
347
403
458
508
555
600
649
685
718
749
771
790
806
819
819
817
810
801
795
780
761
742
720
690
648
609
569
530
493
454
413
363
322
275
227
183
139
100
60
26
-14
-52
-79
-110
-137
-159
-177
-201
-228
-249
-266
-274
-289
-303
-318
-335
-344
-354
-363
-377
-387
-392
-399
-407
-415
-425
-434
-441
-440
-446
-454
-457
-461
-462
-459
-454
-457
-457
-448
-438
-430
-427
-419
-409
-398
-385
-372
-364
-356
-341
-321
-301
-284
-268
-245
-221
-196
-169
-141
-113
-80
-45
-1
45
87
127
169
216
264
308
351
393
437
476
514
552
583
613
635
662
684
689
696
700
699
693
684
677
670
646
625
612
581
549
522
491
451
417
390
346
312
283
255
223
188
150
100
60
26
-9
-39
-69
-101
-131
-161
-194
-226
-257
-280
-309
-333
-353
-383
-404
-419
-438
-451
-461
-470
-480
-485
-482
-478
-469
-464
-461
-451
-449
-456
-459
-453
-440
-430
-420
-414
-418
-415
-404
-402
-402
-396
-393
-390
-384
-376
-371
-365
-355
-347
-324
-295
-282
-265
-241
-207
-162
-124
-91
-60
-19
36
84
123
177
231
282
326
360
395
428
460
492
530
562
572
584
602
605
606
605
597
598
592
571
557
547
532
517
505
493
476
449
422
392
372
359
343
324
303
288
267
233
184
137
107
81
59
39
15
-17
-41
-66
-93
-114
-133
-152
-159
-159
-153
-146
-150
-156
-162
-160
-157
-158
-149
-133
-127
-153
-193
-228
-286
-358
-423
-483
-542
-609
-691
-789
-905
-1025
-1133
-1209
-1268
-1298
-1311
-1333
-1349
-1344
-1301
-1238
-1164
-1058
-892
-704
-501
-292
-107
74
260
468
711
940
1134
1321
1482
1611
1740
1852
1910
1921
1912
1890
1834
1750
1644
1497
1306
1120
935
723
477
229
0
-222
-453
-657
-832
-1031
-1210
-1328
-1412
-1489
-1536
-1520
-1471
-1411
-1320
-1171
-997
-816
-615
-391
-153
78
309
547
770
976
1160
1322
1456
1552
1612
1650
1665
1629
1558
1460
1327
1157
966
770
561
335
99
-143
-378
-604
-816
-1018
-1209
-1377
-1527
-1648
-1750
-1842
-1904
-1931
-1945
-1931
-1882
-1806
-1708
-1597
-1469
-1333
-1202
-1050
-869
-698
-512
-312
-128
49
236
416
595
771
900
1056
1192
1269
1374
1459
1488
1522
1538
1543
1524
1460
1411
1340
1212
1097
979
821
664
501
326
168
-15
-170
-292
-447
-580
-682
-781
-855
-901
-933
-938
-941
-927
-853
-776
-705
-586
-462
-330
-173
-25
142
302
436
596
732
844
968
1056
1129
1189
1200
1192
1181
1140
1073
988
873
754
613
462
316
139
-33
-190
-343
-484
-611
-739
-853
-962
-1046
-1093
-1118
-1150
-1152
-1133
-1117
-1077
-1029
-987
-936
-872
-808
-729
-666
-608
-526
-455
-400
-328
-282
-242
-184
-142
-86
-45
-23
16
56
102
167
228
271
335
398
445
505
555
591
637
673
727
774
777
793
798
786
785
756
698
648
577
507
440
347
262
174
88
16
-54
-115
-176
-246
-297
-324
-356
-378
-372
-373
-356
-321
-286
-226
-172
-114
-34
27
68
127
197
257
302
342
378
395
402
420
413
386
353
324
284
221
161
103
26
-50
-121
-184
-262
-345
-415
-484
-546
-614
-683
-745
-804
-843
-873
-910
-944
-972
-982
-979
-974
-949
-927
-911
-882
-824
-746
-673
-588
-498
-410
-308
-205
-84
43
162
297
444
577
698
820
940
1047
1139
1216
1292
1342
1367
1388
1385
1350
1298
1243
1169
1068
947
821
685
540
393
239
86
-56
-179
-285
-389
-493
-574
-638
-680
-700
-706
-693
-677
-650
-591
-517
-436
-329
-220
-120
-14
102
214
309
390
471
552
610
648
683
699
691
667
629
585
522
441
356
259
148
35
-73
-199
-337
-457
-577
-695
-796
-885
-976
-1061
-1131
-1196
-1242
-1272
-1294
-1301
-1291
-1267
-1224
-1172
-1112
-1034
-939
-826
-714
-601
-467
-325
-185
-39
123
278
423
571
719
859
983
1089
1184
1272
1346
1408
1432
1445
1439
1407
1361
1302
1221
1117
1001
867
716
573
425
264
112
-27
-159
-280
-391
-496
-590
-661
-703
-734
-752
-760
-747
-714
-666
-610
-541
-459
-371
-272
-165
-64
34
129
220
315
395
457
513
556
574
585
582
563
539
494
432
362
288
211
120
20
-89
-209
-321
-422
-519
-614
-711
-811
-899
-984
-1053
-1108
-1161
-1202
-1225
-1224
-1213
-1201
-1166
-1123
-1071
-1003
-921
-822
-707
-584
-462
-325
-177
-33
109
264
419
574
725
864
994
1116
1224
1315
1390
1467
1522
1548
1537
1513
1483
1425
1348
1242
1118
987
842
685
532
374
208
55
-92
-236
-362
-470
-567
-652
-707
-742
-764
-766
-757
-723
-676
-617
-541
-447
-352
-252
-143
-33
74
176
277
378
468
539
608
659
684
698
702
684
651
605
549
474
386
295
193
73
-49
-173
-293
-419
-554
-679
-805
-911
-999
-1076
-1153
-1229
-1291
-1333
-1343
-1344
-1339
-1315
-1282
-1219
-1141
-1058
-964
-857
-738
-600
-443
-296
-150
3
155
316
469
613
747
867
986
1097
1190
1265
1326
1360
1376
1377
1364
1336
1289
1232
1161
1080
984
875
760
637
513
387
271
160
59
-35
-127
-214
-298
-356
-397
-429
-463
-483
-482
-474
-452
-432
-401
-358
-311
-254
-190
-132
-80
-27
31
89
146
186
205
216
226
224
211
187
146
95
34
-45
-129
-219
-320
-422
-527
-641
-752
-857
-963
-1054
-1130
-1208
-1271
-1320
-1349
-1357
-1342
-1305
-1257
-1192
-1107
-1011
-896
-761
-617
-458
-291
-122
57
242
422
605
777
935
1080
1205
1318
1410
1469
1507
1526
1519
1493
1444
1369
1275
1161
1036
903
758
608
465
323
180
47
-81
-195
-295
-378
-444
-490
-517
-524
-517
-492
-448
-384
-305
-219
-125
-25
77
189
293
381
471
554
623
682
727
749
760
761
743
711
663
592
500
408
312
206
93
-37
-172
-305
-436
-558
-679
-788
-892
-987
-1070
-1134
-1176
-1218
-1244
-1253
-1251
-1231
-1200
-1160
-1090
-1018
-937
-848
-759
-651
-537
-419
-303
-193
-74
50
171
280
371
452
533
610
674
723
755
769
786
793
779
757
719
671
618
561
500
433
367
300
231
163
100
39
-7
-42
-72
-88
-97
-92
-78
-59
-31
2
45
97
154
218
278
338
391
439
481
516
549
563
559
549
525
491
442
376
306
226
133
39
-67
-180
-301
-416
-531
-643
-753
-865
-961
-1046
-1128
-1188
-1232
-1264
-1281
-1286
-1272
-1237
-1194
-1139
-1069
-984
-888
-789
-676
-555
-430
-294
-155
-22
110
244
382
516
637
753
857
944
1018
1089
1154
1189
1200
1201
1193
1167
1119
1060
988
900
803
708
608
484
355
243
131
13
-94
-193
-291
-373
-431
-477
-516
-546
-552
-538
-511
-465
-403
-339
-274
-190
-97
-1
100
198
288
378
461
539
610
662
699
717
723
719
694
643
577
503
422
327
213
88
-48
-189
-315
-447
-583
-706
-822
-919
-1005
-1080
-1144
-1191
-1220
-1222
-1204
-1172
-1125
-1071
-992
-895
-787
-673
-557
-426
-287
-148
-2
143
271
401
529
642
743
837
913
964
1006
1024
1026
1015
981
942
884
814
731
636
544
437
327
216
112
18
-69
-161
-256
-341
-401
-435
-464
-487
-494
-491
-467
-422
-371
-319
-256
-177
-92
-3
81
162
246
322
395
467
527
562
591
616
622
609
588
556
500
428
353
263
160
49
-68
-185
-309
-423
-533
-646
-757
-859
-942
-1007
-1057
-1086
-1108
-1123
-1113
-1079
-1033
-976
-904
-819
-720
-602
-471
-329
-186
-40
108
259
409
549
681
795
896
995
1083
1139
1168
1189
1190
1178
1144
1089
1017
929
833
729
615
478
332
202
78
-48
-181
-313
-426
-518
-594
-662
-727
-790
-826
-832
-821
-801
-771
-726
-663
-578
-487
-396
-304
-206
-95
16
122
222
311
391
466
531
585
630
652
658
657
632
593
539
471
393
308
222
127
17
-106
-218
-325
-424
-519
-613
-699
-774
-831
-877
-914
-938
-945
-940
-910
-862
-806
-740
-659
-569
-458
-341
-222
-96
25
157
292
419
539
651
757
847
927
1003
1053
1080
1097
1101
1089
1058
1011
947
878
797
703
602
490
381
264
152
37
-75
-183
-290
-382
-467
-540
-601
-650
-680
-699
-698
-684
-664
-626
-586
-539
-478
-403
-320
-243
-165
-84
3
90
165
228
284
335
383
422
448
452
447
436
410
375
329
269
207
140
65
-13
-97
-186
-269
-344
-417
-492
-563
-620
-669
-705
-723
-740
-745
-731
-705
-669
-616
-554
-480
-396
-307
-212
-112
-8
97
196
295
387
471
551
626
694
745
779
804
812
806
790
766
735
686
627
556
477
392
300
200
96
-2
-102
-193
-276
-359
-439
-514
-571
-611
-645
-673
-690
-689
-670
-643
-613
-570
-514
-456
-392
-316
-233
-154
-82
-7
69
143
211
263
302
340
369
386
402
407
405
392
368
346
312
267
219
164
106
50
-12
-79
-135
-185
-232
-280
-325
-354
-378
-396
-404
-408
-401
-384
-356
-323
-287
-248
-199
-139
-79
-22
41
103
165
226
281
334
381
423
465
500
525
542
550
547
546
530
505
474
431
388
345
298
245
179
122
70
10
-53
-109
-161
-211
-252
-297
-332
-364
-390
-402
-407
-411
-410
-401
-381
-360
-331
-295
-262
-225
-181
-136
-97
-56
-18
17
48
77
109
133
155
169
174
175
178
180
173
162
142
112
92
70
50
27
-6
-43
-72
-92
-116
-147
-172
-189
-203
-205
-200
-199
-195
-182
-165
-134
-105
-80
-41
-5
35
76
106
142
186
227
262
297
332
363
390
417
432
437
438
440
431
423
403
373
348
310
273
230
187
134
81
35
-13
-61
-111
-157
-201
-240
-280
-318
-349
-374
-398
-412
-422
-433
-442
-441
-431
-417
-391
-372
-347
-312
-279
-242
-208
-176
-137
-96
-60
-32
-3
26
54
78
103
123
130
136
148
152
156
156
145
137
123
106
94
77
56
36
22
6
-11
-23
-28
-35
-38
-35
-38
-39
-33
-28
-19
-5
10
18
37
57
79
104
127
147
174
201
225
249
267
287
303
319
326
319
309
298
284
267
250
224
192
162
128
99
58
22
-13
-55
-94
-139
-176
-214
-248
-280
-309
-335
-363
-376
-389
-401
-401
-396
-389
-382
-363
-346
-337
-323
-299
-272
-245
-214
-180
-153
-126
-91
-53
-26
1
31
58
84
107
127
141
153
165
169
174
173
169
167
162
151
139
133
131
130
124
113
112
104
96
89
80
80
78
84
88
85
81
77
81
85
92
102
111
116
123
135
146
151
152
150
152
159
161
157
146
131
115
110
102
87
64
41
18
-2
-18
-43
-75
-105
-130
-151
-173
-186
-199
-221
-240
-250
-257
-265
-277
-285
-285
-270
-259
-253
-242
-237
-226
-210
-186
-163
-150
-135
-110
-90
-74
-51
-32
-15
-3
10
24
35
43
47
51
47
46
48
46
41
36
26
13
6
6
7
11
8
-3
-5
-4
8
19
24
30
35
53
72
93
113
126
144
165
188
214
233
245
258
274
285
290
289
282
274
259
253
243
220
198
161
128
105
79
55
20
-16
-51
-81
-107
-134
-166
-199
-227
-247
-259
-271
-286
-299
-303
-300
-292
-281
-274
-264
-244
-218
-191
-166
-144
-125
-102
-75
-45
-19
8
28
39
59
79
95
103
106
109
108
115
120
110
95
76
65
53
40
23
-1
-21
-37
-54
-71
-82
-96
-111
-108
-111
-116
-119
-122
-117
-106
-92
-78
-60
-43
-21
5
31
55
74
95
118
145
175
193
204
217
231
236
240
241
239
237
230
221
214
202
185
167
150
126
100
82
62
39
15
-2
-16
-31
-39
-52
-65
-68
-69
-73
-75
-69
-64
-55
-44
-32
-19
-3
7
14
34
55
70
81
93
101
115
122
121
122
123
119
107
93
75
59
42
30
13
-17
-45
-74
-98
-120
-139
-159
-189
-214
-234
-250
-260
-274
-287
-299
-304
-299
-294
-285
-278
-268
-257
-238
-212
-189
-166
-149
-131
-104
-71
-43
-20
1
21
44
65
85
106
122
136
149
155
160
162
163
160
157
154
146
135
123
116
103
91
77
60
48
36
20
7
-4
-11
-15
-17
-20
-25
-22
-18
-14
-13
-11
1
19
35
43
52
61
75
92
105
119
133
140
149
157
159
161
167
169
161
147
134
126
119
110
95
73
51
31
9
-12
-32
-57
-83
-109
-129
-150
-170
-192
-212
-223
-235
-247
-257
-262
-266
-274
-272
-263
-249
-236
-227
-216
-202
-184
-162
-141
-122
-101
-78
-53
-28
-7
13
33
57
77
91
105
117
131
144
152
154
158
165
166
165
162
159
154
150
148
136
126
116
109
108
105
94
83
77
68
58
54
52
48
46
45
43
39
44
46
46
46
51
52
52
55
58
60
57
53
48
50
53
49
40
32
26
19
10
-1
-15
-23
-35
-45
-55
-65
-75
-88
-103
-115
-127
-136
-141
-145
-156
-165
-172
-171
-175
-176
-169
-167
-166
-165
-162
-159
-151
-143
-134
-120
-104
-88
-74
-64
-58
-50
-40
-30
-20
-11
2
11
15
23
30
38
40
41
43
47
53
59
59
56
56
63
71
76
77
77
76
79
78
75
79
84
86
86
82
82
87
86
83
80
82
88
90
90
88
83
74
71
70
67
62
59
56
49
42
36
26
17
14
13
8
0
-9
-17
-27
-35
-38
-39
-45
-53
-57
-61
-69
-73
-77
-79
-83
-81
-74
-72
-72
-70
-69
-67
-66
-65
-61
-56
-49
-43
-40
-38
-40
-41
-35
-26
-18
-12
-10
-10
-5
-2
-3
-4
-1
5
7
6
1
1
6
10
10
9
8
5
10
12
12
11
14
16
20
24
25
23
26
29
30
28
28
30
34
38
41
47
51
49
43
40
45
47
47
42
42
44
45
48
42
35
33
29
26
24
19
14
11
5
-3
-7
-5
-5
-12
-22
-27
-29
-28
-28
-30
-32
-33
-35
-36
-37
-37
-34
-33
-29
-24
-27
-30
-31
-28
-25
-23
-17
-13
-13
-14
-15
-7
-4
-3
-2
5
8
10
10
11
16
17
16
15
16
17
17
17
12
3
2
6
7
3
1
2
1
-4
-7
-9
-12
-17
-16
-19
-21
-23
-25
-22
-23
-26
-25
-23
-23
-18
-16
-16
-17
-15
-13
-8
2
5
4
5
7
6
10
15
16
11
16
19
17
15
16
19
20
25
26
27
24
18
13
15
19
19
19
14
11
11
14
18
10
5
1
2
5
6
3
-5
-6
0
7
10
5
0
0
3
8
9
11
10
6
10
13
16
16
13
13
15
21
23
19
15
15
14
13
18
16
10
4
1
3
3
1
-4
-6
-10
-13
-16
-14
-18
-24
-28
-28
-28
-30
-34
-34
-32
-32
-31
-30
-32
-32
-27
-26
-23
-19
-21
-19
-12
-2
0
-4
-4
-5
0
5
5
1
-1
6
14
17
17
19
18
20
21
21
22
25
26
25
26
25
23
23
23
19
15
14
12
8
4
6
6
5
4
2
-2
0
3
0
-6
-11
-7
-4
1
4
-3
-7
-2
3
5
-5
-15
-20
-15
-11
-9
-10
-15
-19
-20
-20
-18
-16
-18
-24
-27
-25
-20
-21
-24
-23
-26
-27
-24
-21
-20
-21
-23
-22
-19
-22
-23
-23
-21
-12
-12
-15
-13
-10
-7
-8
-8
-7
-4
2
6
4
3
8
11
15
20
20
16
12
20
24
23
19
12
9
15
23
24
19
19
16
13
15
20
16
15
16
13
15
21
25
20
16
19
14
12
18
19
19
13
6
6
10
11
10
5
6
9
11
9
4
0
-3
-2
2
2
7
3
-1
4
5
1
-1
0
0
-5
-4
0
1
-4
-6
-11
-18
-15
-10
-9
-14
-19
-18
-14
-11
-13
-17
-18
-16
-11
-7
-5
-3
-5
-9
-4
-2
-7
-6
0
0
-1
-4
-5
-3
0
2
4
5
2
2
8
5
1
2
1
4
6
8
8
5
3
2
6
9
3
0
1
5
10
13
13
10
2
0
7
11
11
8
4
8
11
11
12
12
8
7
7
11
14
9
4
2
6
9
7
3
0
-2
-1
-4
-8
-9
-12
-8
-9
-13
-15
-15
-13
-12
-9
-3
-9
-18
-19
-13
-12
-14
-15
-18
-13
-6
-7
-9
-11
-13
-10
-7
-5
-3
-4
-6
-9
-5
3
0
0
-2
0
2
1
0
3
4
2
-2
-2
-3
1
6
3
-1
0
0
-2
-2
-3
0
3
2
-3
-3
-3
-2
0
-1
1
3
5
1
3
2
1
1
3
5
4
6
8
12
14
9
3
5
15
22
23
22
14
12
17
17
20
21
18
15
17
13
10
8
3
0
2
2
2
2
-3
-9
-10
-5
-2
-2
-7
-12
-12
-14
-10
-10
-10
-9
-10
-11
-10
-10
-15
-15
-12
-12
-10
-7
-4
-3
-6
-10
-7
-5
-4
0
2
-2
-3
-3
-6
-4
3
6
4
2
1
-1
6
11
3
-6
-10
-6
-1
0
1
1
-7
-7
-5
-5
-1
-2
-4
-6
-4
1
2
2
2
-2
-4
-4
0
3
3
-1
-1
3
8
10
8
6
-1
-1
4
7
7
3
-2
-8
-6
0
6
2
-4
-4
-1
0
-2
-2
-1
2
3
3
0
0
1
1
1
1
-3
-8
-4
1
2
2
-5
-7
-4
-4
-4
-2
-3
0
4
-1
-4
-5
-5
1
5
3
-3
-5
-5
-3
2
0
-3
-7
-8
-7
-2
0
-5
-6
-10
-11
-8
-4
-6
-10
-11
-4
2
5
3
-5
-10
-2
8
8
6
1
-2
1
5
8
10
8
2
-1
4
6
6
6
6
7
10
11
9
8
8
4
4
9
12
14
15
11
4
0
-1
8
15
10
5
-4
-6
-3
-3
-4
-5
-2
2
4
5
4
3
1
-3
-4
-1
6
12
8
0
-5
-8
-5
2
6
-2
-11
-13
-7
-2
-4
-6
-10
-10
-5
-6
-1
-1
-8
-14
-17
-17
-13
-9
-1
-5
-8
-6
-9
-7
-4
-1
-3
-6
-6
-6
1
0
0
-1
-4
-2
2
0
0
3
4
1
-2
-4
-3
1
2
3
1
0
0
3
9
6
0
3
7
5
4
5
4
1
1
1
0
3
4
7
8
4
0
-2
2
5
7
8
7
6
6
10
12
5
-2
-4
4
6
9
9
6
2
-2
-2
-1
5
6
5
0
-4
-5
-3
0
1
0
-5
-3
-8
-14
-10
-10
-3
-1
-3
-5
-9
-10
-10
-13
-14
-8
-4
-2
-2
-3
-5
-7
-5
-2
0
-3
-4
0
3
5
4
3
0
1
4
8
10
4
-1
-3
-1
5
3
-1
-4
1
8
9
7
5
2
-2
0
4
10
10
3
1
-5
3
14
13
10
2
-2
2
5
5
5
4
2
9
9
7
4
-1
2
5
6
5
1
-5
-3
0
-1
3
-2
-7
-9
-8
-7
-7
-6
-3
-6
-11
-8
-6
-4
-2
-6
-7
-7
-4
-1
0
-4
-3
-3
-7
-7
-3
-4
-5
-4
-1
-2
-1
0
3
3
4
1
1
5
3
5
10
8
-1
-2
3
6
12
9
4
5
2
5
6
6
3
1
-4
-2
5
6
7
6
3
2
0
4
8
8
10
8
3
5
6
8
9
4
1
1
5
8
9
5
1
-2
-1
6
5
-1
-4
-7
-4
-5
-3
-4
-9
-13
-11
-12
-10
-11
-12
-10
-13
-13
-13
-9
-4
-5
-4
-13
-15
-11
-7
-6
-10
-11
-13
-11
-8
-8
-9
-13
-9
-9
-11
-5
0
0
-2
-1
0
1
0
2
0
2
4
5
5
3
2
3
-1
-1
3
6
8
6
4
0
3
6
5
1
2
6
7
8
10
9
10
7
8
11
10
10
10
9
11
9
6
8
10
13
13
10
8
9
8
4
-1
-3
1
5
5
2
0
-1
3
5
3
0
-4
-4
-2
-1
1
-5
-8
-3
1
2
6
3
0
-2
-6
-7
-5
-5
-1
3
3
2
0
-1
-2
-2
-1
0
-2
-1
4
4
1
3
2
-1
3
7
6
2
3
-1
-4
0
1
3
3
6
5
4
1
-1
5
6
6
5
6
10
9
2
1
2
1
0
-3
3
9
6
0
-4
0
5
6
4
1
3
4
3
1
0
-3
-8
-8
-7
-4
-3
-6
-5
-1
-2
-9
-11
-6
-5
-3
-6
-10
-11
-10
-8
-7
-4
-7
-10
-10
-9
-6
-7
-6
-4
-5
-2
-2
1
0
1
-1
-3
-3
-3
-2
0
-1
-2
0
-2
-4
-4
-2
-4
-5
-3
-2
-2
-1
-4
-3
1
2
3
1
3
1
2
3
1
1
1
3
1
1
2
2
1
-1
-4
-2
2
5
3
4
2
0
1
1
1
-3
-5
-4
1
4
2
-3
-7
-4
1
3
4
0
-6
-8
-8
-5
-4
-4
-4
-3
-4
-2
-3
-8
-9
-10
-7
-4
-5
-3
-6
-4
0
-1
-2
-3
-3
-4
-3
0
1
-3
-2
-2
-2
6
9
7
7
3
-2
3
8
8
4
3
4
7
9
6
1
-2
-1
1
3
4
5
4
5
5
4
6
4
4
6
8
9
5
1
-1
-2
0
3
7
7
5
3
2
3
3
1
-5
-1
1
4
3
0
-4
-8
-9
-5
0
-1
-7
-9
-7
-2
-2
-4
-8
-11
-8
-3
0
-3
-5
-6
-4
-4
-5
-9
-10
-9
-6
-1
0
1
-2
-6
-7
-9
-8
-7
-4
-3
-3
-1
-3
-1
1
-2
-2
-2
0
2
3
5
2
2
1
-2
0
3
4
3
2
0
2
-1
-4
-3
4
7
8
4
1
1
1
2
4
6
-1
-3
-2
1
1
-1
0
1
4
7
7
2
1
3
0
1
3
4
2
0
-2
-2
-1
0
0
-4
-4
1
4
2
4
1
-3
-2
1
4
-1
-6
-4
0
3
4
-1
-7
-8
-3
-1
-2
-2
-3
-3
4
7
4
1
-3
0
1
3
0
-4
-9
-8
0
5
8
5
1
0
1
4
8
8
8
5
5
8
8
7
10
11
11
12
7
4
3
0
4
6
5
0
-1
2
5
5
5
2
-1
1
2
4
-1
-5
-4
-2
1
2
1
-4
-4
-4
-5
-3
2
4
2
0
-1
-2
1
-2
-3
1
0
-2
-4
-7
-5
-2
-2
-5
-4
0
4
4
3
-2
-6
-6
-2
5
8
5
0
-2
-2
0
1
-1
1
-1
0
-1
-3
1
5
5
3
1
-1
0
-1
-2
-3
-1
-1
-2
-2
-1
3
2
3
1
-2
-1
0
-2
-6
-6
-5
-4
0
4
3
-1
-5
-6
-4
-6
-5
-2
-3
-6
-7
-7
-8
-4
2
1
-1
-4
-4
-2
-2
-1
1
1
2
4
3
-2
-1
4
7
1
-5
-5
-2
3
4
0
-2
-4
-5
0
5
6
2
-1
-2
3
8
10
5
-3
-6
-1
1
-2
-2
0
0
-1
3
3
-1
-4
-4
-1
5
4
3
5
4
2
6
8
6
3
-2
0
2
5
5
-1
-1
1
0
0
-1
1
2
2
-1
-1
-1
3
4
1
-1
-1
1
-1
2
2
1
2
4
4
5
4
2
1
1
1
1
1
3
4
8
7
3
1
-1
-6
-11
-8
1
3
4
0
-1
0
0
-1
0
1
2
1
3
3
3
2
2
3
1
1
-2
-4
1
5
6
1
-3
0
0
0
3
4
5
2
0
-1
0
3
2
1
-3
-5
-2
0
0
-7
-9
-8
-6
-1
3
-2
-4
-2
0
3
-1
-4
-5
-3
0
0
1
-1
-1
2
-2
-5
-7
-7
-2
2
0
-2
-1
5
7
5
2
-3
-1
2
2
-1
-3
-4
-1
2
1
1
-3
-3
-2
-1
0
0
0
-2
-4
-2
1
4
3
1
-1
-7
-7
-5
-3
-3
-4
-2
1
-2
-8
-12
-9
-4
3
4
-1
-7
-4
-1
-3
-4
-5
-7
-5
-4
-5
-9
-7
-3
-7
-9
-4
-2
-2
3
4
4
2
-1
0
1
-1
0
2
2
1
1
2
7
6
-1
-6
-4
3
8
10
7
-2
-4
2
6
7
5
-1
-1
2
3
1
-1
4
8
7
6
3
1
4
10
7
3
4
4
9
12
8
2
-1
3
7
14
17
13
4
0
1
3
3
1
0
-3
-3
0
2
-2
-10
-7
-3
-2
0
-2
-4
-5
-8
-6
-4
-2
-2
1
4
3
2
-6
-10
-7
-3
2
2
-2
-3
-4
-2
3
4
2
-1
3
4
0
3
4
3
0
-3
-1
3
5
4
1
-3
-4
0
3
3
1
2
2
-1
0
-1
-4
-3
-3
-1
0
0
-1
-1
-3
-3
1
1
3
0
-8
-9
-2
3
0
0
-2
-3
-4
-3
-3
-3
-2
-3
-4
-1
2
6
5
0
-2
4
6
6
6
2
0
-6
-4
1
-2
-3
-8
-12
-9
-7
-5
-5
-4
-7
-6
-7
-8
-4
4
7
4
0
-4
-3
2
6
6
3
3
4
4
5
4
-2
-5
0
6
7
8
7
8
9
6
1
5
6
6
7
6
6
5
5
3
4
4
5
9
5
1
-2
1
2
2
6
2
-2
-1
1
3
1
-4
-5
-4
-4
-6
-3
-1
-6
-3
2
2
-5
-7
-4
-2
1
-3
-5
-3
-7
-5
-2
-1
1
-3
-5
-4
-3
-1
-4
-6
-6
-6
-1
0
-2
-3
-6
-3
3
3
-5
-8
-8
-3
-1
-3
-4
-3
-4
-2
-4
-8
-8
-8
-6
-6
-5
-4
-4
-1
4
3
1
1
1
0
3
4
1
-1
-2
-1
-1
-2
-5
-5
-3
-3
-1
4
3
1
0
-1
3
4
6
7
0
2
5
6
3
0
-5
-3
3
3
-2
-3
0
5
10
10
4
-2
-6
-2
3
6
2
-3
-4
-7
-4
-3
-6
-6
-5
-5
-3
2
4
-1
-2
-2
-3
-3
6
8
3
-1
-2
1
3
0
-1
0
0
2
-1
-2
-1
3
7
4
1
-2
-3
2
4
4
6
3
-2
4
8
5
6
5
6
7
3
3
4
4
4
5
3
-1
-3
-2
-2
-3
-1
2
-2
-6
-8
-7
-3
-1
-1
1
1
4
3
1
3
2
3
6
2
0
1
6
8
10
9
2
2
5
10
10
0
-7
-6
0
4
5
3
-1
-5
-3
0
2
2
-1
-4
-2
5
8
4
-3
-4
-2
5
5
5
1
-3
-1
3
1
1
1
2
-2
-5
-3
-4
-2
-6
-8
-4
-4
-4
-5
-4
2
5
5
7
2
-2
-1
4
5
0
3
-1
-2
3
5
7
4
0
0
-1
3
6
4
2
-2
-5
-1
3
-1
-5
-6
-3
-5
-2
-3
-9
-7
-3
0
1
-1
-9
-10
-5
-1
-2
-4
-9
-12
-4
-1
-1
-4
-5
-6
-3
-2
-6
-5
-5
-5
-5
-1
-1
-4
-2
1
-1
-6
-1
2
-1
0
3
5
5
4
3
4
7
7
6
3
2
-1
1
6
2
-2
-1
2
2
2
1
-1
-1
-2
-1
-3
-1
1
3
4
-1
-5
-3
-1
1
-1
-4
-4
-4
-4
-3
-3
-4
-4
-1
3
1
0
0
2
0
-2
4
5
3
1
2
6
5
1
-3
-4
-4
-1
-1
-1
-1
-3
1
4
2
-1
-2
-3
-5
4
6
6
6
4
5
0
-1
-2
0
2
2
-3
-6
-3
0
3
0
1
2
3
4
-1
-3
-7
0
2
-4
-4
0
7
7
9
7
2
3
5
8
7
8
8
8
9
13
15
14
10
6
4
3
7
9
6
-3
-6
-2
8
11
6
-3
-4
0
3
5
2
0
1
-1
1
3
3
-1
-3
-5
-3
4
8
7
-2
-3
1
1
2
-1
-1
-3
-2
-1
0
-1
0
2
-4
-8
-5
-1
0
0
1
-1
-2
-2
-4
-7
-11
-10
-6
-6
-7
-6
-6
-4
-3
-3
-4
-4
-4
-5
-7
-6
-7
-9
-6
-6
-5
-2
-4
0
-2
-7
-6
-4
-5
-2
3
4
4
3
-1
-2
-2
-2
0
1
-4
-6
-5
0
2
1
1
1
7
7
5
1
6
9
10
8
-1
-2
4
6
6
1
-2
0
4
3
-4
-5
-3
-4
-1
-3
-8
-8
-1
6
0
-1
0
-6
-6
-5
1
-2
-6
-5
-4
-2
-2
-3
0
-1
0
6
6
3
1
-1
4
9
7
3
-1
1
-4
-5
-1
1
2
4
3
4
8
3
6
5
3
2
4
4
6
9
4
-1
-1
3
4
2
3
5
5
6
6
5
-4
-3
1
-2
-2
-3
-5
-6
-5
-3
-2
1
4
0
3
5
0
1
3
4
6
7
6
-5
-9
-4
-1
-6
-9
-7
-5
0
11
8
-1
-5
-4
5
13
8
-1
-5
0
-2
-8
-4
-3
-4
1
5
-1
-2
-8
-13
-11
-10
-5
1
0
-5
-7
-4
-5
-9
-5
-2
4
2
0
-8
-13
-10
-5
-1
1
0
-5
-4
-2
-6
-8
-5
-3
2
5
3
-1
2
0
-1
2
6
3
1
1
3
5
4
-2
-2
2
6
6
2
-1
-4
-2
-1
-4
-17
-20
-15
-9
-1
-3
-8
-13
-15
-8
-3
-6
-6
1
6
6
1
-4
-7
-5
4
8
5
4
-2
0
2
-3
1
1
0
6
7
7
2
-6
-1
7
8
12
8
0
1
7
10
9
6
1
5
11
8
5
2
-1
1
5
7
8
7
6
9
11
12
9
3
3
4
6
5
4
3
2
0
0
-3
-4
0
-4
-8
-5
-4
-3
1
-4
-6
-2
3
4
8
5
0
2
1
4
3
0
-2
-5
-5
-2
4
4
0
-1
-2
0
1
-1
-3
-4
-2
3
8
3
-6
-11
-6
1
0
-2
-6
-9
-2
1
-1
-4
-7
-5
1
2
0
-3
-4
-4
-1
1
-5
-9
-7
-6
-1
3
-3
-8
-10
-6
1
-1
-5
-4
-2
-3
-2
-2
-5
-6
