4.736317e-234   1.000000e-030   1.000000e-030   1.000000e-030   1.000000e-030   1.000000e-030   1.000000e-030   1.203908e-265   1.000000e-030   1.000000e-030   1.000000e-030   1.000000e-030   1.000000e-030   1.000000e-030   1.000000e-030   1.000000e-001   1.000000e-030   1.000000e-030   1.000000e-030   1.000000e-030   1.000000e-030   1.000000e-030   1.083518e-295   1.000000e-030   1.000000e-030   1.000000e-030   1.000000e-030   1.000000e-030   1.000000e-030   1.000000e-030   9.000000e-001   1.000000e-030   

1.000000e-030   1.000000e-030   1.000000e-030   1.000000e-030   1.000000e-030   1.000000e-030   1.000000e-030   1.000000e+000   1.000000e-030   1.000000e-030   1.000000e-030   1.000000e-030   1.000000e-030   1.000000e-030   1.000000e-030   1.000000e-030   1.000000e-030   1.000000e-030   1.000000e-030   4.554265e-244   1.000000e-030   1.000000e-030   2.664985e-247   1.000000e-030   1.000000e-030   1.000000e-030   1.000000e-030   1.000000e-030   1.000000e-030   1.000000e-030   8.912217e-233   1.000000e-030   

1.000000e-030   1.000000e-030   1.000000e-030   1.000000e-030   1.000000e-030   2.106543e-245   1.000000e-030   1.665616e-248   1.000000e-030   1.000000e-030   1.000000e-030   1.000000e-030   1.000000e-030   1.000000e-030   1.000000e-030   1.000000e-030   1.000000e-030   1.000000e-030   5.000000e-001   1.636689e-244   1.000000e-030   1.000000e-030   5.000000e-001   1.000000e-030   1.000000e-030   1.000000e-030   1.000000e-030   1.000000e-030   1.000000e-030   1.000000e-030   4.456108e-233   1.000000e-030   

2.175834e-236   1.000000e-030   5.036653e-239   1.000000e-030   1.000000e-030   6.250000e-001   1.000000e-030   1.000000e-030   1.000000e-030   1.000000e-030   1.000000e-030   1.000000e-030   1.000000e-030   1.000000e-030   1.000000e-030   1.000000e-030   1.250000e-001   1.000000e-030   2.072766e-247   1.250000e-001   1.000000e-030   1.000000e-030   1.250000e-001   1.000000e-030   2.553567e-187   5.508839e-240   1.000000e-030   1.000000e-030   2.115394e-237   1.000000e-030   1.157544e-233   1.000000e-030   

8.333333e-002   1.000000e-030   8.333333e-002   1.000000e-030   1.000000e-030   1.000000e-030   1.000000e-030   1.000000e-030   1.000000e-030   1.000000e-030   1.000000e-030   1.000000e-030   1.000000e-030   1.000000e-030   1.000000e-030   1.000000e-030   1.003785e-119   1.000000e-030   1.000000e-030   1.000000e-030   1.000000e-030   1.000000e-030   9.177461e-149   1.000000e-030   1.666667e-001   2.500000e-001   1.000000e-030   1.000000e-030   1.666667e-001   1.000000e-030   2.500000e-001   1.000000e-030   

