64
72
78
84
89
95
100
104
109
113
117
119
119
120
120
118
117
114
110
105
102
97
93
87
79
74
67
61
54
45
37
30
22
15
8
-3
-12
-21
-29
-36
-43
-49
-55
-62
-71
-77
-84
-89
-94
-97
-99
-101
-103
-106
-108
-110
-109
-107
-106
-101
-101
-98
-93
-88
-83
-78
-74
-69
-62
-55
-47
-38
-30
-23
-16
-10
-3
5
15
22
31
39
45
51
59
65
71
75
79
84
88
90
92
95
95
96
97
98
96
94
91
87
84
81
78
74
69
62
55
48
41
35
29
23
17
9
3
-5
-12
-18
-23
-32
-38
-43
-48
-53
-57
-62
-68
-71
-76
-79
-80
-84
-87
-88
-89
-87
-86
-85
-83
-83
-81
-79
-75
-73
-68
-63
-60
-56
-52
-45
-39
-34
-27
-22
-16
-8
-1
7
13
21
28
35
41
46
53
58
62
69
72
77
82
88
92
94
96
98
98
100
100
100
99
98
97
96
94
91
88
82
78
73
68
63
57
50
43
38
31
26
20
12
6
0
-6
-12
-19
-24
-30
-35
-42
-49
-54
-61
-68
-72
-77
-79
-82
-84
-87
-90
-93
-94
-95
-94
-90
-91
-89
-87
-86
-84
-82
-78
-75
-68
-63
-57
-52
-45
-40
-35
-30
-24
-18
-11
-4
3
8
13
18
25
29
35
41
44
48
52
54
58
63
66
69
70
71
71
71
69
69
69
69
68
67
64
61
57
52
49
46
40
36
32
28
23
17
13
6
0
-5
-10
-15
-19
-23
-28
-32
-35
-40
-44
-50
-55
-60
-61
-63
-62
-65
-66
-69
-71
-73
-74
-74
-74
-73
-71
-69
-67
-66
-63
-61
-59
-57
-53
-50
-44
-38
-34
-31
-23
-19
-15
-10
-6
0
5
11
17
22
29
33
37
41
47
52
56
60
62
66
69
71
75
79
79
79
78
76
77
77
80
78
78
75
72
69
65
61
57
54
50
47
44
39
35
29
23
18
12
8
2
-3
-8
-13
-19
-23
-28
-34
-40
-47
-52
-59
-62
-64
-67
-71
-74
-78
-80
-82
-82
-83
-84
-85
-85
-84
-81
-81
-79
-76
-74
-72
-68
-64
-60
-56
-52
-48
-45
-39
-33
-28
-20
-13
-6
-1
3
11
18
24
28
33
37
43
48
53
58
63
67
71
74
76
78
80
81
81
81
81
84
83
83
80
80
77
75
73
71
69
66
63
58
52
47
42
35
31
27
22
17
10
5
-2
-8
-14
-21
-25
-29
-35
-40
-46
-51
-57
-60
-64
-68
-70
-75
-77
-80
-81
-81
-80
-82
-82
-82
-82
-82
-80
-79
-76
-71
-67
-64
-60
-55
-52
-47
-42
-37
-33
-27
-23
-17
-12
-7
-2
4
8
14
17
22
28
33
38
43
48
51
54
59
63
67
69
70
72
75
76
76
76
74
74
73
74
73
71
67
65
63
59
58
54
51
45
41
37
36
30
24
20
15
9
3
-2
-6
-10
-15
-22
-25
-30
-34
-36
-40
-42
-45
-49
-52
-54
-56
-58
-58
-59
-59
-60
-59
-59
-58
-56
-56
-55
-53
-52
-49
-47
-44
-43
-39
-35
-32
-28
-25
-20
-17
-12
-12
-9
-5
-2
2
6
9
9
11
14
17
21
24
27
27
29
30
31
34
35
37
38
38
40
41
41
40
39
39
40
39
38
36
32
32
30
29
28
26
24
22
17
13
11
9
7
6
3
1
-2
-5
-8
-13
-16
-18
-20
-22
-23
-24
-25
-25
-27
-28
-29
-29
-30
-31
-31
-32
-31
-31
-33
-33
-32
-32
-31
-30
-29
-28
-27
-26
-25
-23
-22
-20
-19
-17
-14
-12
-10
-8
-6
-4
-4
-3
-2
-1
0
2
3
4
3
4
3
5
7
9
10
11
13
15
17
18
17
17
18
20
20
21
22
22
24
24
24
24
24
24
23
24
23
24
24
24
23
22
21
21
19
19
18
18
19
16
14
11
9
8
8
6
4
1
-1
-2
-4
-4
-6
-7
-6
-8
-8
-9
-11
-12
-13
-13
-12
-12
-12
-12
-14
-15
-14
-12
-13
-12
-11
-12
-13
-13
-12
-11
-10
-10
-8
-8
-8
-9
-9
-10
-9
-9
-8
-8
-8
-9
-8
-6
-5
-4
-4
-3
-3
-3
-2
0
1
1
3
4
6
6
7
8
10
10
12
11
10
13
15
15
16
16
17
17
16
14
15
17
16
15
13
13
11
12
10
8
8
6
5
4
2
0
-1
-2
-3
-4
-4
-6
-6
-7
-7
-8
-8
-9
-10
-11
-13
-12
-11
-10
-10
-11
-11
-10
-10
-11
-11
-10
-10
-10
-9
-9
-10
-10
-11
-8
-7
-7
-8
-9
-8
-8
-8
-8
-8
-6
-6
-6
-7
-7
-6
-6
-5
-4
-4
-4
-2
-2
-2
-1
0
1
3
5
6
7
8
10
12
12
13
14
14
14
14
16
16
18
18
15
15
15
12
12
14
13
11
11
10
10
8
7
6
4
4
4
2
2
1
0
0
-1
-2
-2
-4
-5
-5
-6
-6
-5
-6
-4
-4
-3
-3
-3
-3
-3
-3
-3
-2
-1
-1
-2
-1
-1
-2
-2
-2
0
0
0
-1
-3
-1
-3
-3
-2
-2
-1
0
-1
0
-1
-1
-2
-3
-1
-2
-3
-1
0
2
1
2
2
2
2
2
3
3
3
4
3
3
4
5
4
4
4
3
3
3
3
2
2
1
0
1
0
0
-1
-3
-3
-3
-3
-3
-4
-4
-4
-4
-6
-7
-9
-9
-10
-11
-10
-8
-9
-7
-8
-7
-7
-5
-2
-4
-2
-3
-1
-3
-2
-3
-3
-1
-3
-3
-3
-3
-2
0
1
2
2
3
3
4
4
3
3
3
2
2
3
2
2
2
2
2
1
3
2
4
5
6
6
6
5
4
3
3
3
3
2
0
0
0
0
0
1
1
1
2
2
3
2
1
0
0
-2
-2
-2
-4
-2
-4
-4
-3
-3
-1
-1
-2
-1
-2
1
2
0
0
-2
-2
-4
-5
-4
-4
-7
-4
-4
-2
-1
1
1
2
6
5
2
0
6
-1
9
5
3
1
-9
-10
-16
-6
2
5
2
7
7
12
15
16
20
9
5
-4
-10
-9
-8
-8
-7
-7
-11
-9
-2
5
9
10
9
7
7
6
2
5
6
6
1
-5
-7
-9
-11
-7
-2
-1
1
1
0
2
0
-2
-6
-8
-9
-9
-10
-10
-13
-14
-14
-13
-7
-2
1
5
7
5
6
4
3
2
1
-1
-4
-7
-7
-7
-7
-5
-3
-2
-1
1
5
7
6
6
4
5
4
5
6
5
4
3
1
1
1
0
1
1
3
2
1
1
1
1
0
-2
-1
-2
-2
-4
-4
-5
-3
-2
-2
-3
-3
-3
-3
0
2
3
3
5
3
2
0
-3
-5
-7
-5
-5
-3
-4
-3
-3
-1
0
0
2
2
2
3
3
3
3
0
-1
-3
-2
-1
0
2
4
4
3
1
2
3
5
6
5
7
6
8
8
7
5
2
3
0
1
0
0
1
1
2
4
5
5
6
5
5
3
4
2
-1
-3
-3
-2
-3
-1
2
3
5
6
4
4
3
2
-2
-3
-3
-5
-6
-7
-8
-6
-5
-4
-3
-4
-2
-3
-4
-6
-5
-7
-7
-10
-10
-11
-11
-9
-8
-5
-4
-2
-1
1
2
2
2
2
2
2
2
1
2
0
0
3
5
5
5
1
3
2
2
1
1
3
2
4
4
5
7
4
1
1
0
0
0
1
0
0
1
1
2
3
4
3
3
0
0
0
-1
-2
-2
-3
-3
-3
-4
-4
-7
-8
-8
-8
-7
-6
-7
-6
-6
-7
-6
-3
0
1
4
5
7
7
6
6
6
5
3
2
1
2
3
4
6
5
5
5
3
5
5
6
7
4
1
0
-2
-2
-2
0
2
2
1
3
5
7
7
8
7
6
3
6
5
4
6
4
5
3
3
0
2
0
-1
1
3
5
4
5
5
3
2
1
1
2
1
-2
-5
-7
-6
-7
-5
-4
-2
-2
0
2
1
0
-2
-4
-4
-4
-5
-7
-10
-11
-11
-5
-4
-3
0
-1
0
-1
1
-2
-1
1
3
3
1
-2
-8
-7
-4
-3
-1
-1
-4
-8
-13
-18
-15
-11
-6
0
-2
-4
-8
-9
-6
-4
2
5
7
6
3
-2
-5
-5
0
6
6
8
6
4
6
1
-2
-4
-2
1
2
4
6
5
6
4
1
3
3
1
1
1
4
5
6
5
4
3
4
8
10
8
9
8
7
6
5
8
6
5
2
0
-4
-7
-12
-10
-8
-5
1
2
4
1
-2
-5
-7
-6
-2
-1
-2
-4
-6
-9
-10
-12
-10
-6
-3
-2
-6
-5
-5
-6
-6
-3
1
2
4
0
-5
-8
-11
-10
-8
-2
3
6
6
4
3
1
1
-4
-3
-2
1
6
7
7
8
8
3
3
3
3
2
4
6
6
7
6
5
5
10
14
14
13
10
6
2
3
8
14
15
12
7
4
0
1
5
9
11
10
8
5
2
-1
-4
1
5
7
9
7
4
-1
-6
-12
-14
-11
-9
-12
-10
-8
-8
-4
-2
-3
-2
-4
-2
-1
-1
-1
-6
-9
-12
-14
-11
-7
-1
1
0
-3
-5
-8
-8
-6
3
8
13
11
8
8
8
7
5
9
9
12
14
14
14
11
7
6
7
7
7
7
6
8
11
12
17
16
15
13
7
5
2
1
-1
1
6
14
14
8
5
-6
-13
-16
-14
-5
1
5
8
5
-1
-5
-6
-4
-2
-2
-6
-10
-15
-20
-26
-28
-28
-22
-24
-26
-23
-19
-19
-24
-23
-24
-21
-13
-15
-21
-21
-17
-17
-20
-23
-21
-19
-15
-12
-4
5
11
12
10
9
10
9
4
3
4
4
2
2
1
-2
2
6
12
13
14
9
3
2
1
0
3
7
11
9
6
-5
-9
-9
-8
4
12
16
7
-6
-15
-6
9
16
10
22
21
6
-23
-37
-41
-23
6
26
54
12
-22
-78
-94
-52
38
104
113
66
8
-33
-79
-70
-57
-27
-33
-34
-30
-7
21
28
32
40
54
47
11
-41
-57
-51
-19
22
44
39
25
5
-10
-2
9
19
15
24
39
32
32
26
24
12
2
-7
-7
12
19
24
32
42
58
53
40
27
4
-16
-41
-53
-51
-39
-16
4
13
23
35
38
40
37
28
17
3
-12
-28
-39
-38
-26
-11
2
12
11
5
1
-9
-15
-20
-26
-29
-27
-19
-13
-8
-8
-11
-11
-12
-9
-8
-8
-9
-14
-15
-14
-13
-13
-12
-15
-14
-11
-11
-3
2
4
4
0
-7
-11
-13
-8
-6
-2
-2
-1
0
3
5
4
5
1
-1
-1
1
0
1
0
3
6
9
9
1
-2
4
5
2
9
-1
-3
-6
-7
0
-1
-1
-2
3
-5
-3
-2
1
8
7
2
-3
-5
0
-7
-7
-5
-8
-2
-4
-7
-4
5
15
11
10
-6
-4
3
-1
-11
-7
-2
-12
6
8
10
11
10
-6
-8
12
3
2
3
-2
10
7
-2
-4
-3
16
20
18
9
-3
1
1
4
12
12
9
-1
-9
-10
-15
-13
-19
-16
1
17
28
32
31
23
12
4
1
0
3
5
3
0
1
0
-1
-2
-8
-10
-11
-11
-8
-1
4
4
3
0
2
6
8
3
-3
-2
-1
2
0
-2
-4
-4
-2
1
11
16
8
0
0
3
5
0
-9
-28
-39
-16
13
23
10
-6
-21
-13
13
28
11
-9
-13
-8
-7
-5
-6
-13
-13
-16
-21
-10
18
32
26
13
-4
-17
-14
-2
4
4
0
-2
-5
-12
-15
-13
-10
-6
-1
6
12
11
5
-6
-21
-27
-19
-5
-1
-1
-6
-6
6
17
19
14
6
0
-10
-13
-15
-13
-9
-10
-7
-5
-2
4
4
-4
-13
-21
-17
-12
-13
-11
-10
-4
5
14
21
19
10
0
-3
-10
-12
-9
-8
2
8
10
12
18
15
7
9
3
5
16
21
20
19
11
3
-3
-6
-8
0
6
14
19
19
24
22
21
12
5
-2
-6
-1
-3
-2
0
2
0
3
11
17
21
17
3
-2
-5
-8
-14
-20
-21
-16
-5
3
10
10
10
5
9
10
11
11
5
-2
-3
-2
-10
-10
-10
-13
-12
-14
-12
-2
14
23
24
22
12
-5
-18
-26
-27
-17
-8
-3
3
8
5
6
10
15
21
21
24
15
6
-1
-13
-20
-17
-9
-6
-4
-7
-7
-5
-2
-2
-6
1
-5
-9
-13
-14
-15
-14
-6
-7
-10
-7
-15
-13
3
10
13
10
5
0
0
-2
-4
-4
0
0
2
2
0
0
-4
-6
-5
0
4
10
9
-1
-5
-7
-12
-6
3
6
10
4
-3
-11
-5
-4
1
12
16
7
-3
-13
-18
-4
2
7
11
12
6
-4
-12
-11
-5
1
-2
-9
-16
-23
-21
-5
18
29
25
7
-11
-19
-21
-9
-5
-2
-1
-8
-15
-18
-10
-12
-6
-2
1
5
8
10
19
27
27
28
18
14
7
1
-4
-12
-2
-4
-10
-13
-24
-20
-19
-17
-15
-20
-9
-17
-24
-29
-30
-12
2
17
23
19
11
8
15
23
28
22
8
-5
-12
-14
-16
-12
-7
1
8
6
6
1
5
8
17
26
21
13
-1
-9
-9
-11
-14
-12
-13
-18
-24
-23
-23
-16
-7
-5
-4
-1
0
-8
-13
-15
-10
-2
4
5
9
12
13
8
7
5
7
10
10
15
15
18
14
18
25
23
23
16
13
8
2
7
4
10
6
4
1
-2
2
-4
-1
2
11
15
14
9
0
3
6
8
11
2
-2
-4
-2
9
19
25
28
24
12
3
-11
-10
-13
-4
-1
10
8
8
18
16
24
13
1
-8
-11
-22
-23
-31
-17
-11
-10
-6
-16
-10
-14
-12
-15
-2
-2
2
9
8
9
8
3
-7
-6
-6
-4
0
2
4
11
13
21
17
18
16
10
5
-6
-10
-9
-7
0
5
11
8
4
-1
-5
4
9
10
4
-2
-11
-10
-22
-17
-10
-10
5
-5
-10
-6
-7
-9
-15
-14
-9
-10
-18
-15
-13
-3
8
10
15
16
20
17
19
9
11
6
2
4
-2
2
-1
2
-5
5
1
-1
4
-8
-8
-20
-23
-25
-31
-28
-23
-22
-19
-8
-4
5
5
8
17
17
16
12
11
6
5
2
-1
7
8
5
13
8
18
21
16
24
21
21
18
11
7
6
-4
-5
-8
-10
3
-1
-3
-3
-6
-4
0
5
6
11
9
2
-6
-18
-20
-17
-19
-10
-8
-7
-3
-1
9
10
9
11
15
5
7
2
-1
4
3
5
12
9
4
4
-2
2
3
9
13
23
17
15
6
-4
-4
-13
-13
-9
-12
-11
-7
-15
-5
-5
-5
0
2
6
8
7
0
2
-3
-2
-8
-8
-7
-10
-17
-17
-10
-13
6
4
11
13
7
12
10
12
4
1
-2
-3
-6
-6
3
4
4
2
-10
-10
-9
-10
-3
-4
3
-3
-2
-4
-2
-6
-7
-6
-9
-9
-10
-15
-7
0
-5
2
0
3
5
-4
-7
2
9
14
19
14
8
8
6
-1
7
13
19
15
8
8
5
10
3
-2
-4
-1
-4
-7
-14
-14
-11
-1
-1
6
8
-1
4
-9
-7
-5
-10
-1
-4
-7
1
-1
-2
-3
-4
3
7
2
1
2
-2
-1
-6
-12
-7
-3
-4
-3
-9
1
0
-8
-1
-5
-5
-5
-10
-6
-1
6
0
-10
-9
-29
-16
-13
-15
-2
-13
-11
3
5
0
9
3
3
6
-4
0
8
7
11
10
14
21
0
9
2
0
16
7
16
7
4
-11
-4
-5
-4
3
-7
6
3
-6
-17
-13
-14
-13
-1
3
7
6
-3
-11
-15
-13
-10
-10
-6
-11
-19
-15
-8
-8
3
8
5
9
3
-4
-5
-3
3
4
1
8
0
3
3
-2
-5
-9
-4
-1
10
13
15
7
10
7
-1
6
6
2
3
3
-5
1
3
-6
-7
-4
-8
2
6
4
12
17
29
19
15
16
14
19
9
14
5
9
10
7
11
10
9
3
5
3
9
16
11
9
4
7
5
6
2
-7
-3
-3
-3
-6
-8
-12
-13
-12
-8
-3
3
2
1
3
2
5
10
2
8
8
5
7
1
0
-7
-10
-18
-13
-9
-14
-11
-14
-11
-7
-6
2
-1
0
6
1
1
0
-2
-3
-1
-4
-4
2
1
-1
-9
-5
1
0
-5
-13
-6
7
2
-4
3
5
4
33
15
6
-8
7
2
0
13
-16
10
-8
13
-36
-20
22
3
-43
-27
20
32
46
-25
-48
-16
29
42
-22
16
28
-12
-35
-42
-34
-42
23
37
-22
-41
8
24
-29
-40
7
17
25
45
20
0
4
-10
-26
-32
-16
-19
-30
-22
-9
15
20
29
23
19
12
3
-8
-22
-11
0
-1
-2
16
11
12
1
-19
-14
-9
-2
8
9
4
-2
1
-14
-45
-43
-29
-16
-7
-5
-21
-21
-12
-31
-38
-15
-3
-7
-1
0
1
6
3
6
-9
-17
-26
-37
-43
-44
-35
-33
-25
-24
-30
-32
-19
-12
-8
-2
5
2
1
15
11
6
-4
2
7
13
12
-1
6
-5
-2
-2
-10
4
12
2
-11
0
9
5
19
29
23
20
35
26
14
22
18
16
20
24
7
8
10
14
20
11
8
9
7
-5
-2
16
19
6
15
17
-3
14
14
4
-3
-9
-4
2
10
-8
-3
-8
-2
10
11
15
11
21
5
4
17
18
-9
-3
5
-10
10
13
3
6
28
-1
-14
26
11
-11
9
20
-6
10
19
3
0
11
-10
-27
15
-5
-6
11
1
-2
14
29
-5
-5
4
-1
12
17
-9
-11
10
22
25
-13
14
-5
-16
14
7
-16
-15
12
-28
-28
-1
-14
-35
22
7
-53
3
5
-38
-16
32
-19
-17
58
0
-47
16
32
-47
11
37
2
9
45
33
-29
26
28
-10
-34
35
7
-24
25
6
-49
-26
66
-33
-30
15
-18
-34
40
45
-56
-17
5
-20
-29
10
-5
-34
-3
29
0
-31
12
-20
-39
-7
23
-40
-34
28
-16
-14
28
23
-37
-4
25
-31
16
28
4
-10
21
29
1
9
15
14
0
27
16
20
23
42
60
26
72
59
34
25
43
47
5
32
9
-1
7
19
-12
6
6
17
75
-32
38
145
91
28
166
124
41
238
183
-9
108
241
57
84
187
11
14
160
69
-79
13
-20
-118
-89
-124
-205
-203
-198
-275
-310
-329
-304
-322
-399
-364
-396
-439
-408
-360
-454
-451
-347
-412
-419
-357
-373
-430
-299
-276
-336
-245
-144
-202
-226
-32
-15
-18
111
129
76
206
379
334
326
442
448
420
552
593
491
521
597
539
509
586
549
440
467
462
352
327
355
255
160
192
143
60
56
51
-37
-30
-4
-135
-141
-106
-180
-218
-145
-178
-190
-104
-132
-181
-115
-47
-110
-30
6
-49
33
84
58
45
113
91
116
163
113
74
65
25
-20
-23
-79
-96
-165
-234
-279
-318
-374
-451
-453
-556
-593
-607
-618
-720
-716
-684
-771
-717
-651
-566
-699
-632
-452
-416
-345
-216
-117
-218
40
275
210
213
488
585
507
795
887
774
822
1045
952
848
1092
1060
857
885
959
769
745
854
666
481
519
509
314
276
264
61
-4
12
-66
-259
-196
-191
-510
-364
-308
-445
-446
-337
-483
-553
-260
-327
-479
-291
-197
-390
-184
-31
-232
-144
4
-34
-90
94
56
-19
87
85
27
65
78
-1
-58
-97
-55
-113
-189
-226
-272
-382
-401
-369
-549
-604
-539
-640
-719
-665
-688
-838
-771
-702
-798
-763
-640
-568
-688
-555
-358
-293
-227
-136
-29
-76
161
462
393
337
625
748
677
895
1054
897
852
1151
1087
916
1136
1134
899
893
1031
877
775
882
752
501
539
572
379
273
260
117
-14
27
-98
-267
-295
-254
-319
-427
-408
-448
-485
-410
-418
-465
-394
-382
-325
-305
-289
-194
-202
-126
-87
-92
-37
23
32
15
37
24
3
15
0
-84
-119
-101
-163
-221
-230
-269
-370
-358
-402
-487
-502
-584
-633
-692
-695
-744
-755
-804
-836
-816
-783
-825
-799
-555
-738
-766
-454
-333
-426
-256
12
-184
5
487
428
217
612
867
609
869
1155
966
847
1207
1246
954
1165
1305
1045
921
1136
1025
833
952
904
635
544
693
520
295
319
255
52
45
130
-132
-310
-197
-267
-386
-346
-316
-505
-494
-314
-431
-439
-317
-294
-390
-255
-177
-219
-127
-87
-93
-145
-35
48
-10
-27
-24
-33
-66
-8
-27
-177
-203
-153
-238
-327
-313
-427
-543
-481
-531
-709
-731
-697
-832
-891
-867
-955
-996
-977
-995
-1073
-1010
-1013
-791
-792
-987
-689
-462
-399
-391
-73
-130
-120
372
580
378
454
874
787
828
1152
1186
1003
1094
1411
1181
1149
1348
1318
1096
1077
1224
1000
951
1033
874
645
699
746
532
419
354
260
132
173
103
-112
-199
-183
-194
-356
-287
-290
-441
-422
-300
-346
-390
-195
-246
-355
-198
-95
-173
-85
27
-105
-56
99
12
-78
54
3
-129
-12
-46
-188
-190
-144
-295
-355
-319
-454
-524
-530
-581
-693
-684
-714
-830
-883
-909
-925
-978
-932
-1002
-1061
-1019
-996
-1029
-1018
-733
-905
-978
-592
-409
-511
-392
-27
-144
-10
517
592
310
620
977
865
997
1282
1278
1089
1299
1556
1338
1351
1477
1408
1207
1263
1366
1193
1120
1079
989
767
799
831
605
430
379
357
197
155
82
-112
-259
-236
-191
-382
-510
-435
-495
-566
-443
-446
-612
-556
-345
-382
-491
-272
-238
-381
-198
-70
-226
-209
-12
-95
-203
-54
-76
-200
-129
-113
-259
-278
-212
-397
-468
-422
-471
-570
-539
-606
-774
-725
-740
-795
-859
-874
-934
-957
-970
-1000
-1009
-966
-960
-840
-792
-979
-704
-379
-359
-462
-164
-71
-70
375
625
414
402
884
993
907
1185
1327
1149
1141
1480
1426
1268
1423
1469
1286
1222
1361
1307
1139
1091
1039
946
851
878
777
563
423
447
380
204
126
-2
-176
-270
-146
-374
-452
-389
-592
-552
-539
-436
-538
-541
-503
-560
-405
-332
-285
-334
-305
-381
-184
-133
-209
-83
-193
-169
-148
-110
-206
-219
-216
-288
-312
-334
-359
-460
-431
-558
-584
-562
-659
-711
-803
-839
-950
-869
-909
-1018
-1066
-1086
-1063
-1075
-1026
-1026
-928
-1113
-960
-600
-455
-511
-477
-221
-220
78
474
414
270
544
852
865
980
1161
1182
1051
1251
1459
1365
1372
1412
1389
1225
1315
1458
1323
1174
1081
1051
991
986
948
791
552
529
552
357
237
153
-11
-182
-112
-108
-390
-323
-269
-580
-557
-274
-327
-551
-362
-395
-613
-244
-21
-384
-359
-125
-284
-212
43
-144
-273
-106
-87
-263
-127
-69
-334
-264
-183
-382
-406
-339
-496
-646
-565
-630
-743
-709
-805
-919
-938
-897
-960
-1021
-1054
-1144
-1101
-1098
-1073
-1081
-915
-1033
-1143
-693
-456
-514
-503
-245
-255
-110
405
558
270
472
889
863
968
1200
1255
1110
1190
1533
1433
1420
1537
1553
1417
1387
1554
1506
1376
1241
1194
1130
1092
1115
963
726
613
631
590
382
239
128
-125
-140
-31
-137
-447
-345
-304
-501
-381
-269
-464
-612
-357
-318
-488
-334
-162
-444
-388
-159
-220
-264
-224
-194
-351
-266
-171
-263
-317
-289
-386
-425
-317
-410
-559
-595
-630
-686
-675
-685
-830
-931
-885
-939
-1027
-1034
-1026
-1156
-1242
-1151
-1222
-1252
-1060
-866
-1188
-1236
-685
-469
-578
-498
-272
-342
-52
575
549
207
490
962
925
1031
1264
1232
1109
1276
1632
1525
1443
1551
1580
1439
1468
1598
1614
1430
1276
1243
1241
1257
1206
1091
762
627
726
640
425
269
110
-60
-125
-29
-270
-412
-333
-491
-549
-455
-326
-488
-544
-540
-546
-415
-277
-347
-477
-450
-450
-270
-223
-402
-380
-410
-411
-316
-250
-465
-525
-475
-516
-544
-530
-616
-781
-746
-750
-853
-868
-827
-980
-1045
-1003
-1060
-1051
-1092
-1191
-1279
-1279
-1194
-1207
-1175
-970
-1212
-1324
-805
-439
-591
-698
-358
-375
-197
460
538
155
372
956
920
996
1333
1349
1122
1325
1654
1582
1576
1629
1606
1471
1498
1626
1665
1527
1292
1239
1308
1254
1221
1124
873
729
734
822
533
334
310
65
-17
59
16
-362
-351
-196
-439
-415
-151
-366
-722
-319
-198
-568
-390
-170
-571
-542
-119
-260
-469
-239
-249
-549
-319
-191
-467
-493
-383
-568
-628
-419
-574
-754
-733
-759
-823
-812
-807
-940
-991
-1008
-991
-1017
-1034
-1058
-1184
-1169
-1190
-1153
-1134
-940
-911
-1326
-954
-441
-382
-583
-347
-165
-282
270
699
431
236
788
963
941
1231
1378
1280
1187
1495
1630
1589
1559
1645
1558
1456
1487
1627
1616
1336
1214
1285
1260
1147
1186
981
662
680
777
628
350
362
186
-79
42
97
-217
-292
-10
-534
-606
-70
-123
-504
-412
-267
-683
-265
120
-455
-699
-138
-278
-478
40
-269
-640
-343
-79
-450
-434
-249
-686
-675
-483
-585
-796
-679
-783
-1028
-870
-839
-957
-1018
-1074
-1252
-1170
-1064
-1110
-1159
-1344
-1312
-1273
-1153
-1115
-896
-1078
-1334
-843
-386
-377
-602
-217
-217
-228
401
785
420
361
879
968
954
1302
1463
1204
1209
1519
1589
1554
1633
1621
1475
1408
1495
1595
1552
1294
1090
1209
1178
1139
1080
869
614
591
739
495
287
233
58
-164
32
35
-296
-404
-185
-326
-512
-128
-291
-556
-370
-127
-448
-403
-128
-346
-463
-246
-204
-479
-250
-283
-539
-445
-361
-486
-565
-446
-672
-747
-621
-755
-910
-889
-861
-987
-1022
-1008
-1040
-1158
-1115
-1146
-1187
-1174
-1212
-1185
-1282
-1263
-1221
-1066
-830
-1122
-1172
-698
-301
-433
-437
-139
-236
-6
618
716
274
593
1142
1013
1064
1378
1457
1197
1424
1655
1516
1503
1647
1648
1438
1499
1535
1563
1484
1250
1235
1212
1145
1088
1048
818
656
737
702
514
309
321
148
88
41
-146
-205
-106
-149
-310
-282
-261
-221
-246
-152
-287
-350
-141
-82
-265
-329
-233
-259
-304
-251
-256
-497
-456
-303
-502
-572
-561
-612
-714
-753
-785
-940
-923
-879
-1064
-1119
-1055
-1101
-1147
-1193
-1228
-1267
-1230
-1269
-1326
-1259
-1291
-1211
-861
-1148
-1325
-837
-467
-535
-591
-228
-255
-147
484
650
247
431
989
1023
995
1227
1337
1194
1226
1571
1514
1388
1491
1556
1435
1385
1441
1419
1379
1235
1153
1136
1101
992
945
818
635
619
601
496
276
392
169
-13
150
57
-193
-165
-31
-302
-239
39
-151
-436
-109
-45
-319
-140
47
-266
-356
-25
-122
-316
-166
-156
-446
-433
-234
-463
-562
-486
-700
-824
-724
-745
-951
-1005
-959
-1119
-1160
-1027
-1151
-1243
-1196
-1216
-1202
-1207
-1178
-1265
-1231
-1129
-1047
-813
-1070
-1182
-735
-365
-473
-469
-144
-143
-35
501
704
319
538
1024
973
950
1242
1424
1113
1273
1509
1374
1366
1511
1533
1212
1184
1284
1309
1232
1062
985
950
888
843
879
674
488
543
555
315
269
350
19
-26
126
53
-105
-29
-22
-294
-183
67
-116
-169
14
-122
-182
80
100
-57
-68
-24
-85
-90
-2
-120
-260
-313
-325
-352
-452
-469
-576
-746
-805
-756
-838
-1032
-1079
-1101
-1242
-1188
-1138
-1289
-1356
-1342
-1267
-1390
-1319
-1295
-1349
-1324
-1170
-910
-1201
-1172
-671
-476
-664
-488
-139
-255
-38
490
490
210
661
1039
896
948
1221
1303
1152
1367
1438
1277
1296
1375
1416
1277
1156
1184
1245
1123
979
944
909
798
728
715
552
435
461
408
223
140
208
133
-121
-82
7
-117
-136
-59
-178
-287
-44
101
-149
-115
96
-115
-71
223
100
-115
108
167
-104
-27
127
-144
-278
-101
-331
-523
-394
-441
-718
-779
-727
-917
-940
-931
-1099
-1209
-1143
-1182
-1245
-1324
-1322
-1276
-1338
-1315
-1294
-1259
-1268
-1016
-1016
-1255
-925
-476
-471
-597
-299
-190
-98
353
679
357
329
895
1040
1050
1142
1294
1245
1233
1526
1515
1377
1324
1393
1344
1216
1194
1258
1212
955
937
957
861
799
793
605
336
412
492
331
174
200
35
-49
157
119
-93
-145
-55
-135
-59
133
-8
-132
18
81
83
177
180
92
54
164
177
144
137
17
-5
-62
-77
-110
-253
-399
-517
-550
-623
-702
-780
-932
-1038
-1003
-1041
-1108
-1180
-1259
-1291
-1313
-1226
-1264
-1325
-1289
-1268
-1142
-936
-1067
-1161
-809
-590
-633
-560
-307
-268
-119
385
484
285
591
967
945
994
1201
1230
1129
1236
1311
1214
1187
1267
1290
1160
1095
1077
1113
1035
840
771
701
634
612
511
337
277
185
159
74
23
10
-200
-136
-88
-142
-138
-87
-191
-272
-41
94
-58
-33
150
-46
70
379
266
105
230
310
164
285
291
28
-19
104
-100
-180
-141
-383
-516
-513
-597
-819
-815
-884
-1086
-1095
-1146
-1237
-1329
-1303
-1358
-1446
-1370
-1398
-1420
-1339
-1290
-1184
-1079
-1209
-1012
-628
-548
-538
-382
-212
-127
201
568
458
349
743
969
958
1091
1193
1142
1129
1350
1388
1244
1231
1254
1157
1051
1029
991
923
758
692
649
548
492
432
302
119
124
154
118
-62
-149
-125
-196
-105
-68
-174
-260
-134
-54
-122
-51
71
-4
-39
159
182
178
284
282
154
129
273
264
213
76
-63
-90
-68
-119
-235
-410
-607
-587
-587
-658
-884
-960
-1042
-1158
-1088
-1167
-1246
-1370
-1340
-1333
-1334
-1268
-1263
-1247
-1093
-998
-1098
-835
-534
-440
-476
-284
-102
-14
357
590
480
463
809
999
1059
1165
1195
1163
1165
1349
1399
1304
1224
1200
1131
1048
1061
1011
894
717
572
575
508
430
317
147
47
80
97
-51
-116
-139
-188
-127
-24
-137
-235
-77
-21
-98
-23
95
-23
56
239
162
148
301
355
295
337
381
274
255
337
247
129
76
19
-64
-195
-281
-400
-536
-597
-663
-799
-965
-984
-1032
-1172
-1221
-1214
-1273
-1349
-1300
-1263
-1279
-1225
-1062
-967
-1037
-938
-639
-421
-399
-303
-129
-10
220
547
627
553
709
972
1078
1133
1261
1299
1268
1307
1405
1430
1338
1297
1259
1139
1007
987
945
776
597
513
402
284
256
148
-55
-109
-152
-242
-274
-299
-340
-381
-386
-428
-372
-291
-239
-276
-210
-135
-84
51
79
101
150
238
282
319
264
290
358
322
271
205
154
41
62
2
-161
-274
-331
-449
-571
-634
-783
-900
-986
-1064
-1196
-1256
-1323
-1365
-1362
-1400
-1422
-1397
-1340
-1167
-1073
-1148
-1014
-699
-529
-537
-339
-151
-76
204
538
512
472
803
1037
1057
1182
1317
1307
1319
1438
1488
1439
1372
1390
1343
1164
1077
1047
965
793
649
551
386
302
269
96
-65
-135
-234
-250
-289
-376
-444
-470
-469
-455
-390
-349
-393
-350
-238
-206
-134
-29
2
32
139
230
265
275
324
330
338
332
308
245
137
134
36
-69
-165
-263
-383
-498
-540
-653
-779
-863
-965
-1081
-1083
-1165
-1233
-1251
-1301
-1350
-1310
-1229
-1231
-1060
-999
-1068
-916
-552
-395
-438
-215
-71
18
322
661
587
583
915
1093
1163
1253
1410
1355
1328
1491
1505
1437
1397
1415
1291
1143
1127
1133
973
776
640
524
448
398
322
78
-135
-111
-72
-136
-229
-348
-479
-467
-281
-279
-435
-436
-366
-347
-232
-132
-210
-175
-31
48
28
80
198
166
155
219
193
151
196
160
-32
-79
-65
-135
-298
-384
-497
-636
-603
-722
-831
-1006
-1046
-1096
-1123
-1124
-1249
-1281
-1295
-1238
-1227
-1061
-1038
-1123
-999
-714
-556
-534
-333
-231
-154
142
490
481
478
724
891
976
1150
1324
1261
1263
1414
1433
1412
1419
1409
1263
1199
1185
1096
994
892
767
622
542
475
382
213
47
48
16
-105
-165
-210
-346
-378
-236
-303
-446
-363
-286
-351
-306
-159
-212
-241
-69
-24
-79
11
100
50
48
102
47
-26
17
4
-132
-198
-218
-289
-370
-390
-501
-640
-668
-701
-830
-924
-942
-1040
-1091
-1074
-1094
-1195
-1203
-1147
-1170
-1086
-920
-952
-994
-778
-531
-461
-357
-194
-115
15
337
494
434
584
826
900
954
1094
1167
1161
1225
1276
1258
1230
1254
1228
1136
1035
970
950
848
740
641
593
500
397
347
257
180
107
73
-60
-87
-83
-105
-159
-224
-222
-243
-171
-181
-236
-231
-163
-113
-85
-36
-127
-119
-11
14
-61
-53
-54
-166
-129
-128
-254
-324
-326
-424
-558
-509
-580
-711
-730
-809
-955
-951
-909
-1048
-1089
-1051
-1105
-1114
-983
-986
-1042
-858
-737
-771
-643
-396
-315
-262
-40
47
84
315
548
544
564
748
845
912
1001
1061
1030
1026
1139
1135
1059
1034
1041
999
941
893
816
724
669
640
571
443
396
425
341
235
192
183
106
101
179
16
-110
14
60
-11
41
41
-63
-18
121
77
-26
20
7
-63
-1
-16
-157
-195
-190
-266
-365
-371
-430
-563
-636
-665
-721
-794
-804
-850
-951
-1013
-916
-924
-1034
-1005
-982
-982
-973
-830
-835
-843
-714
-579
-544
-486
-286
-198
-59
75
169
222
381
549
640
727
752
823
881
971
996
956
970
962
956
920
879
800
763
721
668
613
529
524
376
365
410
337
262
247
228
134
253
273
124
75
212
186
104
276
198
93
192
287
172
155
260
140
77
157
129
-57
-6
-32
-230
-272
-270
-381
-520
-527
-660
-781
-796
-782
-927
-1041
-1020
-1121
-1124
-1088
-1115
-1194
-1147
-1082
-1076
-1013
-927
-876
-803
-614
-545
-449
-264
-123
-41
132
320
384
535
695
760
792
939
1027
999
1051
1065
1031
999
997
943
847
800
742
658
576
511
451
387
287
250
250
183
104
102
49
14
88
96
6
4
60
46
82
156
131
88
174
210
177
237
253
168
149
194
151
99
64
-15
-142
-187
-189
-310
-420
-523
-616
-692
-733
-786
-916
-989
-1038
-1049
-1078
-1079
-1099
-1133
-1072
-1028
-980
-935
-828
-755
-665
-517
-426
-279
-130
33
134
258
412
552
696
790
854
891
1000
1061
1082
1089
1046
1020
990
984
921
837
762
705
637
565
537
436
343
325
273
194
163
152
46
-2
39
5
-100
-72
-36
-142
-105
-33
-102
-151
-62
-45
-132
-96
-73
-161
-178
-129
-198
-293
-284
-359
-433
-430
-475
-569
-651
-655
-731
-762
-771
-829
-887
-905
-893
-921
-898
-916
-894
-881
-825
-758
-698
-623
-551
-433
-343
-208
-90
58
178
280
413
533
673
769
850
885
956
1011
1067
1082
1052
1039
1016
1008
973
937
851
795
757
708
636
584
547
468
406
359
299
223
232
192
88
38
48
13
-28
-7
-54
-109
-89
-55
-113
-133
-101
-144
-194
-178
-191
-295
-304
-352
-454
-489
-488
-547
-654
-687
-746
-804
-810
-832
-925
-967
-963
-1000
-985
-983
-992
-990
-935
-903
-863
-771
-707
-615
-521
-414
-308
-157
-9
116
257
370
509
645
783
863
942
1014
1071
1145
1176
1197
1171
1163
1159
1154
1121
1068
1046
970
889
868
834
728
654
606
488
435
424
330
192
170
121
25
16
-23
-123
-165
-130
-184
-240
-233
-254
-296
-284
-271
-355
-369
-358
-399
-445
-454
-506
-572
-586
-637
-706
-754
-773
-841
-906
-936
-988
-1028
-1037
-1040
-1087
-1097
-1078
-1049
-1025
-987
-933
-892
-820
-710
-603
-511
-383
-257
-145
-4
146
269
381
510
632
732
847
941
1010
1072
1134
1176
1203
1228
1244
1248
1226
1213
1191
1142
1103
1068
1015
938
877
805
717
662
605
521
432
367
292
223
172
91
19
-17
-50
-92
-137
-176
-227
-259
-276
-314
-354
-401
-425
-470
-495
-516
-545
-595
-662
-683
-739
-766
-794
-837
-903
-937
-941
-989
-976
-1001
-1034
-1055
-1023
-1009
-989
-909
-894
-867
-785
-681
-649
-533
-416
-361
-249
-116
11
80
232
314
368
471
576
635
683
771
788
823
881
912
903
898
908
897
897
890
876
838
816
818
780
729
695
669
609
582
557
492
435
423
382
315
292
255
192
163
142
75
33
10
-35
-78
-106
-156
-208
-231
-274
-322
-357
-395
-442
-473
-505
-558
-588
-619
-657
-681
-701
-733
-755
-760
-776
-792
-781
-783
-768
-748
-724
-685
-634
-583
-536
-467
-408
-329
-250
-175
-112
-31
57
107
181
256
292
326
381
412
426
461
485
476
479
490
481
469
480
471
440
440
436
415
402
404
386
362
361
363
349
344
341
316
308
321
318
309
294
274
254
252
244
223
199
175
146
122
115
76
53
31
-8
-40
-55
-82
-131
-141
-175
-217
-238
-242
-278
-322
-323
-367
-378
-377
-394
-419
-430
-413
-422
-391
-393
-381
-360
-319
-291
-277
-232
-231
-172
-135
-99
-82
-49
-16
-13
24
19
35
39
54
45
33
38
19
20
1
0
-29
-32
-41
-55
-59
-75
-58
-78
-70
-64
-54
-54
-40
-18
-33
1
27
39
43
82
91
90
141
153
145
163
208
190
201
235
214
215
255
269
239
266
278
249
261
287
262
240
270
252
222
235
234
190
186
194
157
135
139
116
76
83
75
43
34
34
7
-12
-8
-14
-42
-51
-55
-79
-94
-93
-113
-150
-167
-182
-214
-248
-257
-289
-340
-353
-378
-422
-449
-453
-486
-527
-529
-543
-573
-569
-558
-565
-567
-534
-531
-525
-488
-459
-433
-406
-360
-327
-287
-243
-194
-152
-115
-50
-3
37
90
143
183
223
294
327
353
408
453
469
497
551
540
557
595
597
595
621
630
593
618
626
598
586
599
573
534
560
530
487
486
475
424
402
402
341
310
293
244
189
158
130
59
30
-11
-78
-125
-164
-216
-280
-312
-377
-429
-476
-521
-565
-613
-646
-696
-722
-749
-769
-797
-818
-827
-838
-832
-830
-822
-814
-795
-763
-732
-691
-650
-597
-542
-478
-413
-355
-280
-208
-133
-54
29
107
190
270
341
412
479
548
604
665
707
746
793
818
848
877
899
895
911
912
903
904
897
875
841
844
807
773
745
708
664
629
609
541
502
459
406
349
316
256
192
159
105
50
-7
-40
-111
-154
-195
-257
-316
-361
-399
-472
-503
-553
-606
-656
-693
-745
-797
-818
-870
-903
-927
-938
-973
-985
-984
-993
-984
-966
-943
-927
-881
-833
-786
-733
-666
-601
-532
-449
-367
-287
-204
-106
-19
72
159
251
331
412
499
562
632
690
754
794
841
880
898
923
932
940
926
927
912
881
857
828
798
752
721
670
623
580
522
468
406
353
289
235
180
115
66
19
-37
-95
-143
-192
-233
-262
-303
-344
-382
-404
-432
-456
-473
-501
-511
-528
-547
-570
-582
-598
-616
-631
-646
-665
-677
-687
-704
-712
-715
-710
-712
-694
-691
-669
-640
-610
-570
-532
-471
-430
-363
-309
-239
-176
-104
-26
29
113
173
259
319
397
453
510
581
622
680
701
755
767
800
815
821
830
815
825
787
785
748
734
695
656
622
565
530
463
427
347
300
236
185
125
68
28
-41
-73
-123
-153
-201
-218
-251
-281
-289
-305
-315
-332
-324
-350
-345
-349
-346
-353
-351
-347
-364
-351
-358
-351
-366
-349
-360
-357
-351
-347
-336
-339
-318
-322
-296
-289
-271
-265
-248
-228
-215
-173
-156
-121
-98
-60
-32
8
43
72
107
145
190
222
276
300
334
368
400
418
443
462
471
491
500
509
498
507
485
478
459
445
417
389
371
319
301
247
205
129
84
36
-14
-44
-100
-131
-189
-210
-260
-286
-311
-337
-359
-398
-409
-444
-455
-481
-502
-503
-480
-442
-418
-378
-347
-315
-282
-248
-210
-170
-109
-54
-6
46
85
126
139
153
136
124
101
75
43
-1
-27
-69
-87
-119
-132
-150
-154
-149
-147
-130
-118
-79
-46
2
49
96
145
188
230
255
281
301
305
303
295
286
263
250
224
196
175
152
132
106
86
57
37
22
11
-8
-7
-23
-41
-57
-73
-91
-111
-112
-134
-132
-132
-116
-118
-96
-77
-62
-36
-29
-4
-5
31
35
60
73
85
100
105
126
112
126
115
116
103
87
75
47
31
-7
-34
-73
-101
-130
-172
-201
-238
-258
-281
-299
-309
-318
-308
-305
-289
-280
-259
-235
-205
-175
-156
-124
-105
-69
-50
-14
17
51
101
131
182
216
277
312
368
396
427
466
476
493
480
483
455
431
382
347
285
240
189
120
67
-4
-45
-113
-150
-209
-246
-281
-307
-324
-352
-355
-361
-349
-348
-317
-300
-277
-243
-216
-189
-155
-116
-89
-60
-43
-17
-4
16
24
25
19
25
18
14
12
-1
-1
-3
8
-6
0
-5
-1
-1
-5
-10
-23
-3
-5
4
9
27
39
58
79
84
107
124
140
144
159
175
198
228
242
268
285
314
332
352
362
361
361
340
322
280
247
201
149
103
47
5
-55
-100
-152
-195
-232
-272
-300
-338
-352
-385
-393
-412
-421
-425
-423
-405
-402
-367
-361
-337
-323
-302
-286
-275
-245
-234
-201
-175
-132
-93
-46
3
51
110
162
216
252
296
324
345
354
352
349
337
335
319
306
290
277
261
242
231
211
207
195
177
158
132
115
82
68
37
18
4
-2
-14
-32
-28
-47
-45
-60
-62
-78
-87
-95
-128
-141
-170
-171
-196
-198
-208
-209
-200
-195
-179
-187
-166
-166
-146
-142
-125
-120
-119
-111
-118
-107
-114
-106
-118
-106
-109
-93
-80
-69
-59
-64
-60
-71
-62
-80
-78
-82
-68
-56
-40
-15
7
45
71
104
126
162
182
206
216
229
229
232
226
213
208
188
187
162
152
129
115
90
65
36
2
-16
-55
-80
-123
-151
-192
-221
-255
-282
-290
-303
-295
-290
-266
-249
-210
-181
-142
-98
-53
-2
45
102
146
198
235
281
314
346
375
391
400
393
380
351
317
268
219
159
100
36
-28
-80
-128
-169
-212
-237
-256
-258
-260
-250
-245
-234
-214
-194
-174
-154
-126
-105
-75
-47
-18
9
39
72
93
115
141
161
177
188
188
178
175
165
144
116
89
54
14
-20
-58
-95
-118
-135
-161
-174
-180
-179
-175
-161
-150
-140
-120
-105
-86
-76
-51
-29
0
25
53
81
106
138
159
187
206
229
238
239
236
224
213
188
173
148
134
114
102
87
80
75
56
49
29
16
-3
-13
-35
-51
-64
-79
-84
-91
-90
-91
-78
-74
-61
-63
-61
-67
-77
-84
-101
-109
-128
-138
-156
-162
-179
-195
-206
-213
-218
-231
-234
-248
-252
-265
-267
-270
-261
-239
-219
-187
-165
-122
-87
-47
-11
17
48
67
84
87
96
101
110
116
120
128
135
158
168
191
200
217
227
234
230
210
196
167
159
150
146
136
136
138
139
152
157
171
187
203
211
216
224
225
226
221
216
211
208
199
180
156
129
100
60
18
-35
-85
-133
-182
-221
-262
-292
-317
-339
-358
-376
-389
-400
-406
-419
-423
-429
-429
-425
-418
-407
-386
-352
-319
-277
-233
-174
-116
-58
-1
48
99
133
166
184
206
226
247
261
269
286
292
306
301
307
296
290
274
244
215
166
126
73
40
-5
-37
-62
-87
-99
-111
-104
-101
-78
-69
-55
-52
-50
-43
-46
-44
-58
-65
-78
-83
-88
-85
-75
-61
-40
-19
13
35
59
83
104
117
133
140
144
136
127
121
110
107
94
83
66
59
47
36
30
20
11
3
-5
-16
-24
-32
-41
-50
-53
-57
-57
-59
-62
-66
-70
-75
-84
-92
-101
-120
-141
-156
-172
-184
-196
-207
-221
-226
-227
-231
-233
-231
-225
-223
-216
-214
-208
-200
-193
-189
-182
-167
-149
-126
-108
-84
-60
-25
12
41
75
115
155
189
223
249
283
316
341
364
381
398
412
416
417
414
415
410
402
388
377
364
355
345
319
300
285
269
241
207
167
133
107
67
20
-28
-66
-102
-136
-169
-200
-221
-239
-253
-273
-279
-279
-280
-283
-288
-289
-284
-277
-280
-286
-288
-283
-279
-278
-283
-284
-277
-263
-255
-253
-246
-231
-213
-204
-194
-178
-159
-138
-122
-105
-88
-67
-43
-28
-12
9
36
59
76
92
111
136
160
180
195
211
230
241
247
248
254
261
260
254
242
230
216
201
186
169
157
145
133
117
101
88
76
56
41
23
7
-8
-27
-46
-65
-75
-85
-90
-98
-100
-98
-94
-86
-85
-78
-73
-63
-60
-58
-56
-56
-49
-51
-48
-47
-46
-43
-40
-37
-31
-24
-16
-11
-9
-7
-6
-13
-21
-29
-41
-44
-53
-64
-76
-82
-86
-87
-81
-75
-64
-55
-44
-31
-16
-1
15
29
42
58
73
89
105
119
135
153
168
181
190
199
205
209
211
208
200
191
180
161
149
133
119
104
87
73
58
46
37
27
21
16
11
10
7
7
5
6
7
7
8
7
10
11
13
14
17
15
15
12
10
8
0
-9
-20
-34
-52
-67
-84
-104
-119
-138
-155
-172
-185
-198
-210
-215
-221
-221
-220
-218
-217
-214
-210
-208
-198
-190
-178
-162
-142
-122
-106
-89
-70
-48
-28
-4
13
31
44
54
64
70
80
85
91
95
99
106
109
119
123
131
137
141
141
143
140
139
136
130
131
124
115
109
104
102
98
100
97
95
94
86
77
69
57
45
33
21
4
-10
-24
-37
-44
-51
-55
-59
-62
-63
-65
-62
-62
-65
-66
-69
-75
-81
-84
-89
-90
-92
-93
-93
-90
-89
-88
-85
-84
-84
-86
-87
-90
-93
-94
-98
-96
-98
-99
-93
-83
-75
-67
-59
-51
-43
-34
-25
-18
-13
-5
2
13
28
42
59
73
93
113
134
153
171
187
198
207
213
215
213
208
205
202
196
190
181
175
171
168
163
162
156
145
131
110
88
65
38
10
-19
-46
-71
-92
-111
-123
-130
-134
-132
-129
-127
-122
-117
-108
-104
-102
-106
-110
-113
-119
-124
-129
-129
-129
-131
-130
-126
-118
-113
-109
-105
-102
-98
-92
-90
-89
-88
-82
-75
-69
-61
-53
-43
-33
-23
-13
-4
5
17
26
38
45
52
61
71
82
94
103
108
113
116
116
117
115
112
104
96
87
79
72
62
54
45
41
36
31
27
24
15
8
0
-6
-15
-26
-34
-41
-48
-55
-59
-59
-59
-55
-52
-49
-46
-44
-41
-38
-37
-35
-37
-39
-44
-47
-48
-51
-50
-52
-51
-51
-48
-42
-40
-39
-39
-43
-49
-52
-56
-61
-66
-68
-71
-75
-77
-76
-71
-68
-60
-55
-51
-40
-33
-24
-19
-10
-6
2
8
16
26
36
50
63
77
87
98
109
120
127
131
136
136
138
137
134
132
129
127
126
123
125
124
124
122
120
117
114
110
104
97
88
79
71
60
49
37
27
21
17
8
2
-2
-6
-8
-11
-16
-24
-32
-42
-49
-58
-63
-67
-72
-75
-77
-79
-80
-80
-79
-77
-76
-74
-70
-69
-63
-62
-60
-60
-60
-60
-61
-61
-64
-63
-63
-61
-59
-56
-54
-52
-53
-49
-47
-42
-38
-34
-29
-24
-18
-10
-1
7
17
25
34
46
58
72
81
90
97
105
110
113
113
117
118
120
117
112
108
101
91
85
76
67
60
50
40
30
20
9
2
-6
-13
-20
-27
-32
-37
-38
-39
-40
-39
-40
-41
-41
-38
-38
-37
-35
-41
-43
-49
-53
-57
-63
-67
-72
-78
-83
-90
-91
-93
-96
-99
-100
-99
-99
-99
-100
-102
-102
-102
-100
-97
-89
-81
-70
-58
-45
-34
-20
-4
10
24
37
49
61
73
86
98
110
117
127
136
143
145
150
155
160
163
164
162
158
154
146
140
134
127
115
105
94
84
73
62
49
35
21
7
-7
-19
-31
-43
-55
-64
-77
-88
-95
-104
-111
-118
-124
-130
-133
-136
-139
-139
-140
-138
-135
-130
-125
-119
-118
-112
-110
-107
-105
-102
-94
-92
-87
-83
-78
-73
-67
-60
-53
-44
-32
-23
-10
0
11
21
29
36
41
50
59
69
78
89
96
104
112
116
124
127
130
132
132
133
130
127
122
116
108
100
89
78
68
58
47
39
29
20
8
-3
-16
-30
-38
-46
-55
-60
-68
-73
-79
-86
-92
-96
-98
-99
-101
-102
-100
-99
-96
-94
-95
-95
-95
-96
-96
-96
-96
-94
-93
-94
-93
-92
-92
-90
-89
-86
-83
-75
-66
-58
-51
-44
-36
-27
-14
-3
13
27
40
54
68
81
94
105
117
130
143
156
167
177
183
187
190
191
189
188
187
182
176
169
162
155
144
128
112
98
85
69
53
37
23
8
-6
-22
-37
-46
-58
-69
-79
-89
-96
-102
-104
-108
-112
-112
-113
-112
-111
-109
-105
-99
-96
-91
-83
-75
-67
-60
-53
-42
-31
-22
-13
-9
-4
1
8
13
21
26
30
33
39
43
46
50
51
53
54
55
57
58
57
57
54
52
50
50
47
46
49
48
45
43
41
38
35
32
29
26
21
18
15
11
6
1
-3
-4
-7
-10
-14
-20
-22
-25
-26
-26
-28
-28
-29
-28
-29
-28
-26
-23
-23
-24
-23
-26
-25
-27
-28
-28
-27
-26
-25
-24
-26
-28
-29
-28
-26
-22
-23
-22
-21
-21
-20
-19
-18
-17
-16
-17
-15
-12
-8
-4
0
6
9
12
15
18
21
26
28
31
36
39
41
42
42
40
40
38
39
36
35
34
30
29
26
22
19
15
8
5
2
-1
-4
-5
-5
-3
-1
0
1
3
6
10
12
14
18
18
23
24
24
25
25
24
22
18
14
9
3
-3
-11
-17
-23
-32
-40
-47
-56
-60
-65
-69
-71
-73
-75
-76
-78
-78
-78
-78
-75
-72
-69
-65
-60
-56
-53
-51
-47
-41
-39
-36
-34
-30
-28
-26
-23
-20
-17
-15
-12
-10
-5
-1
0
2
5
11
17
24
31
38
47
58
68
76
82
94
100
107
114
117
122
124
126
126
125
125
122
115
110
102
93
88
78
68
58
48
37
25
13
0
-10
-21
-35
-47
-57
-67
-76
-83
-89
-95
-99
-101
-104
-104
-104
-101
-98
-96
-92
-87
-83
-77
-71
-66
-60
-54
-47
-43
-40
-38
-35
-32
-32
-29
-27
-26
-25
-26
-24
-21
-20
-17
-16
-13
-10
-4
3
10
17
23
31
36
42
47
53
60
66
70
73
75
74
72
69
66
64
62
55
48
43
38
34
28
24
20
18
13
10
10
10
13
14
17
17
19
23
26
27
27
28
28
26
26
21
17
11
3
-4
-12
-20
-29
-37
-45
-55
-62
-68
-75
-80
-83
-86
-89
-90
-88
-85
-83
-79
-78
-75
-72
-68
-65
-61
-56
-51
-47
-41
-36
-30
-24
-17
-8
-2
2
9
15
20
28
35
43
49
55
60
63
69
71
77
79
80
81
79
77
72
68
65
59
54
48
43
39
32
27
21
16
14
13
11
8
8
8
11
13
16
19
20
23
24
25
24
22
20
16
9
1
-5
-10
-18
-22
-29
-35
-40
-47
-52
-56
-59
-62
-63
-62
-61
-58
-55
-48
-45
-39
-33
-28
-20
-13
-8
-2
3
8
12
14
17
19
18
18
17
14
14
11
6
2
-2
-8
-12
-16
-21
-24
-28
-32
-33
-34
-37
-39
-40
-41
-42
-43
-44
-44
-44
-43
-43
-42
-41
-39
-37
-33
-27
-22
-14
-8
2
10
20
30
42
55
65
76
86
95
104
110
115
119
124
127
125
123
119
114
107
100
91
82
72
62
51
41
30
20
11
6
2
-2
-7
-13
-19
-25
-28
-32
-37
-43
-48
-56
-64
-71
-78
-84
-89
-94
-103
-110
-116
-121
-125
-127
-127
-127
-126
-123
-120
-111
-101
-89
-77
-64
-49
-34
-19
-4
9
24
38
52
63
73
82
87
91
93
94
93
92
88
83
78
73
67
59
54
48
42
38
36
33
30
27
24
23
21
19
18
15
14
14
14
12
10
4
3
2
-1
-4
-9
-13
-17
-21
-22
-22
-23
-22
-23
-22
-19
-17
-18
-16
-14
-12
-9
-8
-7
-7
-7
-5
-7
-9
-12
-15
-21
-28
-33
-38
-41
-45
-48
-50
-54
-51
-51
-49
-47
-41
-38
-32
-28
-26
-21
-16
-11
-9
-5
-1
3
6
10
12
13
14
12
13
12
13
10
10
12
18
25
32
41
48
52
61
69
75
87
91
97
102
108
112
115
114
111
104
98
89
78
66
53
39
25
10
-7
-22
-37
-51
-63
-73
-82
-89
-95
-100
-102
-101
-99
-96
-93
-90
-85
-80
-72
-61
-51
-45
-34
-30
-25
-23
-21
-20
-18
-14
-14
-11
-12
-12
-11
-11
-10
-11
-7
-4
-3
0
1
3
6
12
15
17
21
22
24
23
24
23
23
23
20
16
14
14
13
13
14
17
18
20
21
24
25
29
29
32
35
37
41
45
50
53
57
57
54
50
44
38
33
24
16
11
3
-2
-11
-19
-26
-30
-37
-43
-48
-51
-56
-58
-59
-59
-58
-54
-50
-47
-40
-33
-27
-20
-13
-10
-7
-7
-6
-8
-7
-7
-7
-6
-10
-11
-12
-12
-13
-10
-9
-6
0
5
10
15
22
31
35
41
47
50
53
54
50
47
43
38
30
18
12
2
-9
-16
-27
-33
-37
-41
-44
-45
-45
-43
-37
-28
-19
-9
3
17
29
41
55
64
71
75
78
79
82
79
74
64
54
43
30
17
4
-11
-26
-39
-51
-61
-68
-72
-78
-79
-77
-72
-64
-55
-46
-39
-29
-23
-13
-7
-1
4
5
5
2
1
-3
-3
-7
-12
-19
-25
-30
-34
-38
-38
-35
-32
-28
-23
-16
-8
1
14
24
36
42
50
55
57
59
59
57
52
46
36
27
18
8
-1
-9
-19
-26
-32
-37
-40
-43
-42
-40
-35
-31
-26
-20
-14
-8
-3
3
7
12
17
16
19
18
16
17
14
14
12
11
12
11
12
15
16
22
25
30
35
39
47
51
58
62
69
73
76
75
73
67
61
53
41
29
15
1
-15
-30
-41
-52
-60
-67
-74
-79
-81
-81
-77
-74
-69
-65
-57
-51
-43
-34
-27
-17
-13
-9
-8
-8
-8
-7
-10
-14
-16
-20
-21
-25
-28
-29
-32
-31
-29
-27
-20
-13
-9
2
11
18
23
28
33
39
42
44
47
48
48
44
38
35
26
18
11
4
-4
-10
-15
-20
-23
-25
-24
-21
-16
-10
-2
6
12
24
33
41
49
56
65
67
70
68
68
61
57
46
35
21
10
-2
-15
-25
-36
-41
-51
-51
-56
-54
-52
-49
-43
-40
-33
-27
-21
-14
-12
-4
-2
0
-1
-3
-4
-12
-16
-24
-31
-42
-46
-52
-56
-57
-58
-52
-52
-48
-43
-36
-28
-21
-9
0
15
22
33
37
47
52
52
55
50
50
43
40
31
23
15
4
-4
-11
-14
-17
-21
-23
-23
-19
-19
-11
-11
-3
4
14
19
24
30
31
36
30
36
28
33
25
29
22
18
17
6
6
-9
-6
-22
-17
-27
-26
-31
-31
-24
-29
-20
-26
-14
-16
-2
0
10
15
19
25
21
29
20
24
12
11
0
0
-10
-14
-17
-26
-26
-35
-32
-40
-38
-41
-34
-34
-26
-21
-12
-5
0
12
14
24
25
33
33
35
34
32
31
26
25
18
20
13
13
4
3
0
-2
0
-7
-5
-10
-6
-9
-6
-6
-1
3
11
15
17
20
19
17
14
11
4
-2
-10
-18
-21
-30
-33
-38
-43
-43
-48
-46
-48
-40
-43
-31
-33
-15
-7
2
11
17
26
28
39
35
44
35
39
28
29
23
18
13
3
4
-10
-7
-21
-15
-24
-22
-22
-22
-15
-17
-10
-16
-4
-11
6
0
12
9
14
11
6
6
-7
-1
-14
-2
-18
-8
-13
-7
-8
-4
1
2
11
13
24
27
38
34
48
39
47
43
45
37
31
30
12
14
-1
0
-18
-19
-32
-41
-45
-55
-49
-66
-47
-63
-48
-51
-45
-39
-42
-21
-28
-6
-19
1
-2
8
14
8
21
10
18
4
6
-6
-10
-11
-19
-18
-19
-13
-14
-4
-3
14
19
27
33
40
47
58
70
75
85
87
93
94
90
90
82
87
78
77
65
57
48
37
31
11
16
-8
-6
-24
-36
-47
-58
-63
-76
-81
-98
-90
-106
-103
-106
-103
-92
-90
-79
-77
-66
-61
-47
-45
-34
-25
-23
-20
-11
-9
6
9
18
19
25
19
20
15
15
17
13
13
9
2
8
1
6
0
3
4
2
13
2
18
7
21
14
16
25
6
26
-1
19
-4
7
1
-6
23
-6
34
-2
34
10
27
31
23
48
23
56
31
56
43
47
55
33
48
20
37
12
14
-3
-21
-17
-50
-42
-77
-62
-78
-65
-65
-61
-48
-50
-21
-27
-4
-6
10
10
12
8
7
0
2
-4
-19
-22
-36
-36
-49
-49
-62
-57
-67
-65
-62
-50
-38
-27
-6
0
28
35
58
72
83
100
96
114
109
117
117
107
108
92
90
64
64
37
33
14
1
-5
-20
-22
-38
-36
-48
-45
-52
-52
-48
-51
-41
-51
-37
-44
-37
-39
-37
-27
-30
-15
-27
-13
-17
-14
-4
-19
6
-16
19
6
40
39
50
73
61
95
68
103
82
94
86
73
76
47
54
14
15
-13
-23
-39
-62
-67
-97
-92
-117
-110
-120
-122
-121
-122
-116
-115
-109
-103
-92
-72
-66
-51
-43
-29
-18
-5
4
4
17
10
35
18
41
32
53
55
60
71
59
82
64
91
71
91
85
90
90
85
85
80
85
72
72
51
54
33
36
18
11
4
-2
0
-13
-14
-24
-28
-33
-44
-50
-52
-54
-50
-53
-52
-47
-50
-48
-55
-56
-63
-59
-60
-66
-57
-65
-50
-50
-38
-33
-28
-16
-17
7
4
23
25
27
41
32
50
40
49
41
39
48
37
41
23
17
4
2
2
-12
-5
-17
-5
-7
-2
2
-2
11
2
18
0
9
5
0
6
-6
7
-3
5
0
10
12
15
25
11
27
16
36
35
49
51
53
57
62
64
62
59
50
49
43
40
24
20
-1
-7
-30
-35
-52
-54
-70
-71
-72
-76
-73
-73
-64
-67
-52
-41
-30
-20
-5
0
16
21
34
32
31
22
16
10
-5
-9
-26
-35
-51
-57
-69
-73
-74
-72
-72
-74
-66
-65
-48
-42
-25
-16
-6
9
14
30
26
37
28
38
30
36
28
28
30
22
32
16
28
18
31
29
40
42
42
52
52
68
60
76
70
72
68
65
62
53
51
32
23
3
-9
-26
-38
-53
-72
-84
-96
-90
-99
-89
-94
-83
-80
-73
-57
-50
-34
-31
-17
-11
5
14
23
26
27
30
26
21
15
8
3
-8
-7
-22
-16
-25
-18
-13
-22
-8
-27
2
-12
11
5
10
20
13
33
20
39
33
46
47
47
50
42
40
35
36
33
32
32
26
20
16
10
8
7
10
4
2
-1
-4
-10
-16
-22
-27
-33
-36
-41
-36
-37
-26
-20
-13
-5
-5
3
8
21
24
39
41
54
59
63
68
74
68
72
62
62
61
50
49
25
26
2
2
-18
-25
-38
-54
-50
-70
-58
-74
-68
-76
-79
-74
-84
-67
-80
-62
-67
-59
-53
-56
-40
-47
-34
-34
-24
-12
-12
1
-3
8
4
11
19
18
32
28
43
37
48
48
46
48
40
44
35
42
37
46
38
44
36
36
35
31
31
28
28
22
25
24
32
28
39
36
41
36
41
33
33
26
18
18
6
2
-20
-27
-47
-54
-72
-78
-85
-88
-87
-96
-87
-91
-82
-84
-73
-72
-54
-46
-34
-22
-13
-3
-2
5
7
16
20
27
29
30
35
36
38
38
36
42
42
41
40
36
30
27
20
14
7
4
-3
-3
-14
-20
-25
-26
-27
-28
-30
-32
-36
-33
-35
-29
-26
-22
-19
-18
-11
-9
7
12
24
27
34
40
47
57
58
64
64
70
70
71
68
62
57
42
34
16
1
-14
-30
-41
-56
-65
-80
-83
-88
-92
-87
-87
-78
-71
-60
-53
-45
-34
-26
-17
-12
-5
-3
7
15
15
20
14
14
11
10
6
4
4
0
4
0
0
-5
-4
-6
-10
-9
-12
-12
-14
-17
-17
-15
-12
-7
-2
5
14
27
39
56
65
79
93
96
104
105
106
106
99
95
82
72
60
47
36
23
15
5
0
-8
-11
-17
-24
-33
-43
-45
-50
-55
-63
-71
-76
-81
-83
-83
-84
-83
-82
-69
-55
-40
-21
-7
12
28
40
53
61
69
71
71
68
61
51
41
29
13
-1
-11
-20
-25
-27
-30
-26
-21
-19
-16
-13
-9
-9
-6
-5
-6
-10
-10
-12
-17
-16
-23
-29
-31
-28
-23
-15
-3
7
17
29
41
51
64
68
71
68
64
58
45
29
15
-3
-18
-33
-49
-62
-70
-76
-74
-73
-72
-65
-56
-48
-38
-28
-18
-11
-4
-4
-3
-2
-4
-4
-11
-10
-14
-13
-14
-12
-6
-1
6
10
17
22
21
20
16
13
5
0
-8
-17
-23
-29
-32
-38
-41
-41
-39
-31
-24
-16
-6
2
12
19
24
27
32
36
39
39
38
37
34
30
26
25
23
22
19
18
15
16
14
12
9
3
-1
-11
-17
-25
-32
-38
-44
-46
-52
-51
-51
-44
-35
-25
-10
4
22
36
47
58
61
62
57
53
48
35
29
13
0
-11
-20
-24
-30
-29
-28
-18
-5
5
21
38
52
61
65
64
57
46
26
6
-15
-36
-56
-76
-91
-105
-115
-119
-116
-108
-93
-76
-51
-25
1
26
50
74
89
101
107
112
108
98
85
66
47
25
1
-21
-38
-51
-57
-56
-56
-49
-43
-31
-14
1
14
28
41
48
55
55
48
41
26
10
-8
-24
-34
-41
-45
-45
-43
-39
-32
-26
-19
-9
-3
-2
0
0
5
7
7
10
7
7
6
3
3
0
-2
-3
-7
-9
-11
-13
-19
-20
-21
-21
-21
-21
-19
-18
-15
-12
-7
0
6
14
18
24
33
41
48
52
61
65
68
71
71
65
57
44
31
13
-9
-31
-55
-71
-87
-97
-102
-102
-97
-85
-71
-53
-30
-9
12
30
41
49
52
53
51
45
36
24
12
3
-6
-11
-13
-12
-7
2
11
21
31
42
55
63
68
71
72
67
57
44
28
6
-13
-32
-50
-67
-83
-97
-104
-107
-109
-105
-96
-83
-63
-41
-17
2
20
36
42
47
45
39
29
17
5
-8
-18
-30
-35
-38
-38
-35
-30
-23
-17
-8
1
10
21
30
34
36
36
34
31
28
23
18
14
9
5
6
11
15
17
20
21
22
23
21
17
10
3
-3
-7
-13
-16
-22
-26
-29
-30
-28
-27
-24
-21
-14
-4
7
16
23
33
36
37
34
27
18
7
-9
-22
-36
-49
-59
-62
-63
-57
-51
-42
-30
-13
5
26
47
68
87
98
109
108
103
92
73
51
27
3
-20
-42
-63
-81
-90
-95
-95
-89
-80
-62
-42
-20
0
18
34
45
51
52
51
45
38
26
19
8
-6
-20
-32
-41
-47
-53
-51
-44
-35
-23
-11
2
13
23
31
36
40
44
49
50
47
41
35
26
16
5
-2
-6
-8
-7
-5
-6
-6
-10
-17
-23
-28
-33
-36
-37
-38
-40
-44
-51
-56
-60
-60
-60
-50
-36
-19
0
18
33
42
47
44
39
32
22
10
-4
-15
-27
-40
-53
-66
-78
-87
-88
-78
-62
-41
-18
5
31
56
76
95
107
116
120
123
120
113
102
85
68
49
31
16
5
-4
-8
-10
-10
-9
-10
-11
-14
-15
-19
-22
-26
-29
-32
-40
-47
-59
-71
-80
-84
-84
-79
-70
-60
-45
-27
-14
2
16
25
38
49
58
66
71
70
68
62
52
42
32
22
13
8
5
6
8
14
17
21
25
26
29
28
28
26
19
10
-1
-16
-30
-46
-58
-66
-68
-64
-54
-42
-21
-2
17
35
51
65
74
86
92
92
91
80
63
41
13
-11
-38
-62
-81
-96
-106
-111
-107
-101
-89
-77
-63
-46
-28
-4
15
35
49
59
64
64
63
58
52
45
40
34
31
31
29
28
26
28
26
27
25
24
21
17
12
4
-7
-21
-36
-51
-66
-79
-88
-91
-91
-89
-84
-80
-74
-65
-55
-42
-28
-13
1
12
22
30
36
40
41
43
46
47
46
48
49
55
58
59
62
57
53
50
47
40
32
18
-1
-15
