2
0
0
0
-1
-1
-1
-1
-1
0
0
1
0
0
1
0
1
1
-2
-1
0
-1
-2
0
0
0
0
1
0
-1
1
1
0
0
-1
-1
0
0
-1
-1
0
1
1
1
1
1
0
1
0
1
1
0
1
1
1
2
2
1
1
2
0
0
0
1
2
0
0
1
1
1
1
1
1
1
1
-1
0
0
0
-1
0
0
-1
0
0
0
-1
-1
0
-1
0
-1
0
0
-1
-1
0
0
-1
0
-1
0
0
0
0
-1
0
-2
-2
-1
-1
-1
-1
-1
-1
-1
-1
-1
-1
-2
-2
-2
-1
-1
-1
0
1
-1
-1
0
-1
-1
-1
-1
0
0
-2
-1
-1
0
-1
-1
0
0
-1
-1
-1
0
0
1
-1
1
0
-1
0
-1
-1
0
-1
-1
-1
0
0
0
1
1
0
0
0
1
0
0
1
0
0
-1
0
-1
-1
0
0
0
-1
-1
-1
-2
-2
-3
-2
-2
-1
-1
0
-1
0
-1
-1
-1
-2
-1
-1
0
-1
-2
-1
-3
-2
-2
-1
-1
-2
-2
0
0
1
0
0
2
2
0
1
1
1
0
0
0
0
1
1
1
2
1
2
2
2
3
2
1
1
2
3
1
0
0
-1
0
-1
1
-1
0
-1
-1
-1
-1
-1
-1
0
-1
0
0
0
-1
0
-1
0
0
0
0
1
1
-1
0
-1
0
-1
0
0
-1
1
-2
-1
0
-1
0
1
0
0
0
1
1
1
1
1
1
2
1
2
1
2
1
2
1
1
2
2
2
1
2
3
3
2
4
4
3
4
4
4
4
3
3
3
2
3
3
2
2
2
2
3
3
2
3
2
2
1
2
2
2
1
1
1
1
0
1
2
0
0
1
1
0
1
2
0
1
1
1
0
1
1
-1
-1
-1
-1
0
-1
-1
0
0
-1
0
0
-1
-1
-3
-2
-2
-1
-1
-1
-2
0
-1
0
0
0
-1
-1
-1
0
-2
-1
0
0
1
0
-1
0
0
1
2
1
1
0
1
2
1
1
0
1
-1
-1
-1
-1
-2
-3
-2
-3
-3
-3
-3
-3
-4
-3
-3
-4
-2
-4
-5
-4
-4
-4
-4
-4
-4
-4
-4
-4
-5
-3
-4
-4
-4
-4
-3
-4
-4
-3
-3
-4
-3
-3
-4
-3
-2
-3
-3
-2
-2
-2
-2
-2
-2
-1
0
0
0
1
1
2
1
1
2
1
2
1
1
1
2
2
3
3
2
3
2
3
3
3
3
2
3
3
2
3
2
2
2
1
2
1
2
2
1
3
1
1
1
1
2
2
2
2
2
1
1
0
0
0
0
0
-1
0
-1
-1
-1
-2
-2
-1
-2
-2
-2
-2
-2
-3
-2
-2
-2
-2
-1
-2
-1
-1
-1
-1
-1
-1
0
1
1
1
1
1
2
2
2
3
2
4
3
4
4
4
4
2
3
4
4
4
4
3
3
4
3
2
4
3
2
1
3
1
1
1
0
1
1
0
0
0
0
-1
-1
-1
-1
0
0
0
0
0
-1
-1
-2
-1
-1
-1
-2
-2
-1
-3
-3
-2
-4
-2
-2
-2
-3
-3
-2
-3
-3
-1
-1
-3
-1
-1
-2
-1
-2
-2
-3
-3
-3
-1
-1
-1
-1
1
0
-1
-1
0
1
1
1
1
2
1
0
1
0
1
1
1
1
1
1
2
0
1
1
1
1
2
1
0
2
1
1
1
2
1
2
3
2
2
2
2
2
1
0
0
0
0
1
1
1
0
0
1
0
-1
0
-2
-2
-1
-1
-2
-2
-2
-3
-4
-3
-5
-3
-3
-3
-3
-3
-2
-3
-2
-4
-2
-2
-4
-4
-4
-3
-3
-2
-3
-2
-1
0
-1
1
2
2
4
2
2
3
3
3
2
4
3
3
5
3
4
4
5
4
4
4
5
4
5
5
4
5
4
4
4
3
3
2
2
1
2
2
1
0
0
0
0
-1
1
-1
-2
-1
-3
-2
-2
-2
-1
-1
-1
-1
-2
-1
-1
0
-1
-1
0
0
0
-1
0
-1
-2
-1
-2
-2
-2
-3
-3
-3
-2
-3
-4
-3
-4
-4
-5
-5
-5
-4
-5
-4
-5
-4
-5
-5
-4
-4
-3
-2
-3
-3
-3
-1
-2
-2
-3
0
-1
-1
1
2
1
2
3
2
3
2
3
3
4
4
5
4
3
3
5
4
3
3
1
1
2
2
1
1
1
-1
0
0
-1
0
-1
0
-1
-1
0
-1
-1
0
-1
-1
-2
-1
-1
-1
-2
0
-1
-2
-2
-1
-1
0
-1
-2
-1
-2
-1
-1
0
-1
-2
-1
-2
-2
-3
-2
-2
-2
-2
-2
-2
-2
-2
-3
-3
-3
-3
-2
-2
-2
-2
-3
-2
-1
-2
-1
0
-1
0
1
-1
0
0
0
1
1
1
1
1
1
2
1
1
1
2
1
2
2
1
3
3
2
2
1
1
1
1
1
1
1
2
1
2
2
1
2
1
-1
0
0
-2
0
-1
-2
-1
-2
-2
-1
-1
-2
-1
-1
-1
-2
-1
-1
-1
-2
-3
-1
-1
0
0
0
0
0
-1
-1
-1
1
0
-2
-1
-1
-1
0
-1
0
0
0
1
1
0
0
1
2
1
1
3
2
2
1
1
1
2
1
1
2
1
1
2
1
2
1
0
1
2
0
2
1
1
1
0
1
0
0
0
0
-1
0
-1
-2
-2
-1
-2
-2
-1
-1
-2
-2
-1
-4
-3
-3
-3
-3
-2
-2
-3
-1
-1
-3
-3
-2
-2
-2
-1
-2
-2
-1
-2
-2
0
-1
-1
-1
-1
-1
-1
0
1
-1
0
0
0
-1
0
-2
1
1
1
0
1
1
1
1
2
1
1
2
1
2
1
2
1
1
0
1
1
0
1
1
2
2
1
2
1
2
2
2
2
2
2
1
1
2
3
1
2
2
2
3
2
1
2
2
2
2
1
0
1
1
0
1
2
1
0
0
0
0
0
1
-1
0
0
0
0
1
0
1
1
-1
1
1
1
2
2
2
1
2
1
2
2
1
0
1
1
0
1
1
2
3
3
3
2
1
3
1
1
1
1
2
2
1
-1
0
1
0
0
-1
0
-1
-1
-2
-1
0
-1
0
0
0
1
1
0
-1
-1
0
0
1
0
0
0
0
-1
0
-1
-1
0
-1
-1
-1
-1
0
1
0
0
0
0
0
0
1
-1
-1
-2
-1
-2
-2
-1
0
-1
-1
1
1
2
2
1
1
2
1
2
3
2
2
1
2
2
3
3
3
3
4
3
3
2
1
3
2
3
3
3
3
2
2
2
1
0
1
0
0
0
-1
-1
0
-1
-1
0
0
0
-1
-1
0
1
0
0
1
1
-2
0
-1
0
0
0
0
-1
0
0
-1
0
-1
-1
-1
0
0
0
0
0
0
-1
-1
0
0
-1
0
-1
0
0
0
0
1
0
-1
-1
0
1
1
0
0
1
-1
1
-2
-2
-2
-2
-2
-1
-2
-1
-1
-1
-1
-2
-2
-2
-1
-2
-3
-2
-3
-2
-2
-3
-3
-3
-4
-4
-4
-4
-4
-5
-4
-4
-4
-3
-2
-2
-4
-2
-2
-2
-2
-3
-3
-4
-3
-3
-3
-3
-3
-3
-3
-2
-2
-1
-2
-2
-2
-3
-4
-3
-3
-3
-2
-2
-2
-1
-3
-1
-1
0
-1
-1
-1
-1
0
-1
1
1
0
0
1
2
2
2
2
3
3
3
2
2
3
3
3
3
3
2
3
2
3
4
2
3
2
4
1
1
2
2
2
2
1
1
2
0
-2
0
0
0
-2
0
0
-1
1
-1
-1
0
1
0
1
1
0
1
1
-1
0
1
2
1
1
2
3
3
3
3
1
0
2
1
2
2
1
2
1
2
2
2
2
3
3
1
2
2
2
3
2
3
3
3
3
3
4
4
4
3
3
2
2
1
1
1
1
2
2
1
2
1
2
3
2
2
3
3
3
1
1
1
0
0
0
-1
0
0
-1
0
0
0
1
0
0
0
-2
-1
1
-1
-1
-2
-2
-1
-2
-2
-2
-2
-2
-3
-2
-5
-3
-3
-3
-4
-4
-4
-3
-6
-5
-5
-5
-5
-4
-5
-5
-4
-5
-4
-4
-4
-3
-3
-2
-3
-2
-1
-1
1
1
1
1
3
4
4
4
3
4
4
4
4
3
4
5
4
4
4
3
3
4
2
2
3
2
2
0
0
1
0
-1
-1
-2
-2
-2
-2
-4
-4
-5
-4
-4
-6
-5
-5
-4
-5
-4
-4
-3
-2
-1
-3
-2
-1
-1
-2
-2
-1
-1
-1
0
-1
-1
0
1
0
-2
-1
-1
-2
-1
-2
-2
-2
-2
-2
-1
-2
-2
-1
-2
-3
-1
-3
-3
-2
-4
-5
-5
-4
-4
-5
-5
-6
-5
-4
-4
-5
-4
-2
-1
-1
0
0
0
1
1
3
2
3
4
4
2
3
2
3
4
4
3
2
4
4
2
3
3
3
3
2
2
2
2
2
2
0
1
2
0
1
0
0
0
0
0
-2
-2
-2
-3
-2
-4
-4
-2
-2
-3
-3
-3
-3
-2
-4
-5
-5
-4
-4
-3
-2
-2
-1
1
2
2
4
5
7
7
7
9
7
8
7
7
7
8
8
8
9
10
9
9
8
9
9
9
10
8
6
6
7
8
6
5
4
4
5
3
3
1
2
1
0
-1
-2
-1
-1
-1
-2
-2
-2
-1
1
0
-1
0
1
1
1
2
1
2
2
3
2
2
4
4
3
2
3
2
3
3
1
1
2
2
0
-1
-1
0
-1
-1
-1
-2
-1
1
-2
-2
-3
-3
-3
-3
-4
-5
-4
-4
-4
-5
-5
-6
-4
-4
-5
-5
-6
-4
-3
-5
-5
-5
-3
-3
-3
-2
0
1
3
4
4
3
6
6
6
5
5
6
7
7
5
3
6
6
6
4
2
2
1
0
-3
-5
-5
-6
-8
-10
-11
-10
-9
-10
-10
-11
-11
-9
-11
-13
-15
-16
-16
-15
-17
-18
-17
-14
-12
-11
-9
-7
-3
-1
0
0
3
5
6
7
6
7
10
13
12
13
14
17
18
19
19
17
20
19
16
14
11
9
8
4
2
1
0
0
0
-1
-3
-4
-4
-6
-8
-13
-14
-15
-16
-19
-21
-22
-22
-20
-21
-22
-20
-16
-15
-16
-16
-14
-11
-10
-11
-12
-12
-8
-6
-4
-3
0
7
11
14
16
20
24
27
28
23
24
25
22
22
19
17
18
19
16
14
15
17
16
12
6
4
3
1
-5
-13
-13
-13
-14
-17
-20
-23
-19
-17
-18
-20
-22
-21
-18
-20
-23
-24
-21
-16
-16
-16
-16
-10
-5
-1
2
6
10
14
19
16
18
19
22
24
22
23
24
27
29
30
28
27
29
27
25
22
21
18
16
12
9
4
1
0
-3
-6
-9
-13
-12
-11
-12
-15
-18
-19
-17
-17
-21
-24
-23
-21
-20
-21
-23
-23
-19
-17
-16
-16
-13
-7
-5
-4
-4
-1
5
11
13
13
19
25
30
31
32
33
37
37
36
33
32
33
31
27
24
23
24
24
20
15
13
11
8
4
-5
-9
-11
-15
-21
-26
-27
-27
-30
-32
-35
-35
-31
-32
-34
-37
-35
-31
-29
-31
-31
-30
-24
-20
-19
-17
-11
-4
1
4
7
11
16
21
21
21
25
27
30
31
31
32
35
35
35
32
31
31
26
24
20
15
10
9
6
1
-2
-4
-5
-7
-10
-12
-13
-14
-17
-21
-23
-25
-28
-30
-32
-35
-35
-32
-32
-30
-28
-26
-25
-22
-18
-19
-18
-17
-16
-15
-14
-13
-9
-2
3
6
12
19
26
28
32
34
36
40
39
38
32
32
32
28
25
21
18
14
13
7
2
-1
-5
-10
-15
-21
-25
-31
-37
-45
-50
-51
-52
-55
-56
-55
-51
-48
-45
-44
-41
-37
-33
-32
-31
-27
-22
-15
-10
-6
2
12
19
25
30
35
43
48
50
50
53
51
52
51
48
47
47
45
41
40
38
36
33
30
26
22
18
14
9
4
0
-4
-6
-11
-15
-16
-18
-19
-19
-19
-21
-22
-24
-27
-31
-31
-34
-33
-34
-34
-32
-33
-30
-30
-27
-26
-21
-19
-15
-11
-10
-7
-5
0
4
8
14
16
21
26
29
31
34
40
43
43
43
43
42
40
35
32
28
27
24
19
14
11
8
4
-3
-7
-11
-14
-15
-21
-25
-27
-27
-26
-29
-32
-30
-26
-24
-19
-21
-19
-12
-10
-9
-8
-5
3
9
10
10
14
18
23
25
24
26
31
34
32
31
32
34
33
29
24
23
25
24
20
15
14
14
12
10
4
2
2
1
-5
-8
-10
-11
-12
-14
-16
-19
-17
-17
-21
-24
-25
-26
-28
-29
-31
-33
-29
-27
-29
-27
-23
-20
-14
-15
-11
-9
-5
-1
0
4
8
11
15
19
20
23
26
27
30
34
35
37
39
38
37
32
30
25
20
18
13
8
4
-2
-8
-12
-17
-22
-26
-30
-35
-38
-41
-44
-46
-47
-47
-48
-47
-43
-40
-36
-31
-28
-24
-21
-15
-13
-8
-5
-2
1
5
9
11
15
18
23
26
29
30
33
37
37
36
34
32
31
27
24
20
18
17
15
13
9
6
6
5
2
-1
-7
-9
-10
-15
-21
-25
-27
-30
-33
-36
-38
-36
-37
-36
-37
-38
-36
-36
-35
-36
-36
-36
-35
-35
-31
-31
-28
-24
-20
-15
-10
-5
1
7
10
14
17
20
25
26
28
30
34
39
42
43
44
44
46
46
45
43
40
40
32
29
23
19
14
8
1
-7
-11
-13
-19
-24
-29
-32
-34
-36
-38
-39
-40
-39
-40
-39
-39
-37
-34
-29
-27
-23
-18
-12
-8
-3
-1
4
10
13
16
16
20
24
27
29
32
34
37
39
39
39
40
40
38
35
34
29
28
26
21
18
16
16
13
12
9
7
4
3
0
-3
-3
-5
-9
-10
-13
-15
-14
-15
-15
-15
-18
-17
-17
-18
-20
-20
-20
-18
-19
-20
-19
-17
-15
-13
-11
-8
-3
-1
2
5
4
9
13
15
18
20
23
27
30
32
33
35
35
37
36
37
36
33
33
27
22
17
11
6
-1
-7
-14
-19
-22
-26
-30
-34
-36
-38
-39
-40
-46
-48
-48
-51
-50
-48
-48
-44
-39
-35
-32
-26
-19
-13
-9
-5
1
7
15
17
19
23
25
29
35
37
37
40
43
45
46
44
44
41
39
35
29
27
23
21
18
14
11
11
10
6
3
-1
-5
-9
-13
-18
-25
-28
-31
-34
-37
-37
-37
-36
-33
-32
-31
-31
-33
-33
-36
-39
-41
-42
-41
-39
-36
-31
-26
-17
-10
-3
6
11
17
21
26
28
30
32
31
32
33
37
40
43
46
50
53
53
50
46
40
32
24
17
7
-1
-8
-17
-23
-29
-34
-37
-41
-42
-45
-48
-50
-55
-59
-60
-63
-62
-60
-55
-51
-46
-38
-32
-23
-16
-12
-2
6
12
17
21
27
30
32
35
39
44
48
51
51
52
52
51
49
45
40
38
34
32
27
22
18
15
12
8
5
1
0
-4
-9
-16
-21
-25
-31
-34
-38
-42
-43
-43
-43
-43
-42
-40
-41
-41
-42
-45
-44
-45
-47
-46
-44
-40
-34
-27
-19
-11
-1
12
19
27
34
41
43
46
48
47
47
46
47
47
49
52
55
56
57
56
54
49
43
33
23
14
3
-9
-20
-28
-36
-41
-45
-48
-50
-54
-55
-58
-64
-68
-74
-78
-79
-80
-78
-76
-69
-60
-50
-41
-30
-19
-8
2
9
13
17
21
22
23
24
30
34
42
49
55
61
67
71
70
69
65
58
53
47
39
34
28
24
21
22
24
24
26
26
21
15
12
6
-4
-13
-22
-28
-32
-34
-34
-31
-25
-20
-17
-10
-5
-3
-4
-8
-12
-17
-18
-21
-23
-23
-18
-8
5
18
31
44
56
66
72
77
79
77
72
64
58
53
47
45
39
35
32
31
31
28
24
18
12
6
-2
-11
-20
-27
-33
-40
-44
-49
-50
-51
-57
-62
-67
-70
-74
-78
-85
-91
-92
-93
-90
-86
-80
-70
-58
-45
-31
-21
-8
2
9
16
21
26
30
31
34
36
41
50
56
63
66
68
70
70
65
55
45
35
25
16
6
-3
-8
-9
-11
-12
-14
-14
-15
-17
-22
-29
-33
-37
-43
-51
-58
-59
-57
-52
-49
-45
-39
-32
-26
-27
-30
-34
-40
-46
-53
-58
-63
-61
-58
-53
-39
-27
-11
10
25
42
53
61
69
72
72
67
60
57
57
54
54
58
61
65
69
71
71
74
72
60
47
35
20
7
-9
-25
-39
-49
-54
-58
-62
-58
-59
-58
-56
-57
-61
-61
-62
-62
-59
-57
-48
-38
-27
-13
3
16
34
46
57
68
73
80
77
77
77
73
77
70
74
73
68
80
78
83
83
72
69
49
48
48
30
27
9
-4
-9
-8
-5
-15
-14
-16
-26
-17
-11
-13
-22
-26
-36
-44
-39
-43
-47
-53
-58
-59
-65
-58
-64
-67
-67
-71
-59
-58
-56
-58
-55
-43
-40
-22
-15
-6
15
32
56
68
80
84
86
93
96
96
90
84
80
70
65
64
54
51
43
31
25
15
7
-5
-26
-37
-55
-78
-81
-82
-89
-85
-86
-95
-83
-79
-66
-62
-63
-58
-67
-55
-48
-50
-44
-39
-39
-43
-34
-32
-14
-2
6
-8
-17
23
23
50
58
28
31
29
66
72
61
68
44
51
80
84
77
80
62
55
61
60
74
51
52
37
7
28
-5
-2
-18
-41
-32
-63
-50
-68
-76
-69
-87
-68
-91
-94
-78
-74
-57
-57
-56
-69
-63
-43
-48
-40
-41
-48
-46
-45
-16
-18
-13
-2
-19
-9
5
29
40
23
43
44
43
97
94
78
71
64
83
55
70
65
-3
22
22
-8
-6
6
-13
-56
-31
-28
-64
-43
-25
-78
-98
-53
-78
-86
-54
-79
-108
-101
-54
-90
-96
-45
-101
-85
-47
-63
-57
-49
-18
-33
-14
33
8
21
55
50
52
59
60
42
54
69
60
60
63
48
48
57
44
54
41
38
41
30
43
54
41
4
21
-1
-3
14
-26
-34
-63
-42
-32
-51
-11
-31
-60
-37
-18
-16
-20
1
-51
-71
-1
-30
0
-11
-88
-30
-78
-4
27
-59
-15
-100
-9
30
28
105
-12
36
58
118
203
168
215
105
133
234
245
311
268
226
174
223
271
233
248
126
54
40
33
79
17
9
-74
-133
-74
-118
-91
-145
-206
-254
-324
-283
-326
-305
-336
-392
-385
-428
-354
-340
-341
-344
-385
-362
-344
-286
-262
-282
-272
-279
-262
-218
-173
-149
-165
-137
-105
-84
-2
55
64
87
119
145
208
282
294
309
326
369
425
442
483
475
462
514
534
545
555
531
500
489
499
490
475
454
433
414
376
387
371
340
312
258
202
165
127
61
25
-19
-65
-99
-143
-137
-155
-172
-176
-217
-213
-227
-219
-190
-201
-211
-235
-222
-217
-209
-206
-243
-241
-259
-251
-261
-282
-295
-372
-395
-438
-454
-487
-558
-590
-661
-656
-683
-730
-755
-836
-780
-838
-714
-637
-767
-661
-695
-476
-298
-200
-52
-209
-11
238
408
648
646
673
651
824
1111
1114
1148
1076
944
996
1074
1177
1077
948
869
742
738
753
712
550
415
302
163
155
105
34
-63
-192
-270
-359
-323
-348
-352
-375
-555
-427
-441
-422
-265
-310
-279
-306
-175
-95
-47
128
86
79
138
255
242
259
368
177
160
215
143
132
92
24
-124
-160
-181
-299
-318
-412
-534
-608
-660
-645
-753
-821
-834
-945
-927
-916
-955
-964
-989
-933
-915
-903
-841
-845
-799
-761
-611
-362
-577
-579
-289
-115
194
260
339
224
253
845
981
965
1012
906
826
980
1454
1421
1104
1113
989
934
1169
1356
1170
808
811
800
677
799
836
490
240
299
155
56
166
23
-220
-366
-390
-455
-530
-395
-471
-699
-674
-564
-663
-511
-333
-508
-432
-378
-255
-167
-72
146
9
66
230
273
320
383
432
285
309
392
303
302
305
212
106
42
56
-34
-164
-188
-336
-510
-524
-575
-738
-804
-843
-1018
-1072
-1091
-1140
-1160
-1191
-1182
-1240
-1282
-1135
-1087
-1083
-743
-921
-997
-551
-377
-85
-20
125
169
138
762
999
973
1044
1041
1058
1163
1651
1710
1346
1387
1335
1275
1484
1618
1491
1097
1037
1085
938
1004
1037
723
387
378
278
136
202
56
-182
-375
-429
-450
-519
-430
-548
-723
-787
-791
-708
-618
-495
-579
-639
-587
-456
-271
-161
-80
-129
-96
1
156
316
281
308
273
260
397
424
412
368
300
241
184
194
131
9
-66
-183
-301
-381
-431
-537
-647
-712
-832
-920
-990
-1027
-1091
-1161
-1179
-1252
-1325
-1279
-1260
-1200
-1236
-1073
-878
-1214
-897
-560
-470
-213
-186
24
-103
197
805
680
757
904
901
938
1276
1676
1438
1292
1438
1348
1447
1657
1736
1463
1189
1326
1284
1201
1272
1161
800
600
636
466
375
338
178
-51
-292
-270
-376
-507
-423
-590
-838
-848
-868
-850
-802
-739
-613
-1057
-944
-528
-666
-270
-269
-463
-541
-301
176
19
208
231
-88
8
362
562
312
350
249
-68
167
393
231
6
-31
-203
-313
-149
-181
-355
-596
-660
-714
-917
-785
-814
-1085
-1107
-1152
-1236
-1235
-1145
-1176
-1207
-1242
-1095
-808
-1133
-906
-556
-511
-211
-192
5
-56
111
763
737
740
896
956
1003
1268
1777
1575
1303
1525
1487
1585
1781
1804
1554
1236
1392
1450
1320
1328
1200
837
656
742
611
503
393
150
-13
-245
-245
-252
-449
-478
-611
-778
-825
-786
-766
-787
-921
-792
-822
-1122
-677
-675
-676
-469
-576
-535
-630
-162
-12
-203
64
-98
-203
23
359
322
140
248
44
6
329
361
180
62
-28
-157
-89
1
-106
-298
-487
-499
-638
-640
-514
-816
-912
-1012
-1131
-1077
-1054
-1051
-1200
-1199
-1163
-843
-950
-1042
-641
-614
-300
-239
-206
-51
-105
481
758
633
737
817
944
1114
1558
1645
1278
1362
1475
1558
1754
1784
1663
1311
1283
1478
1377
1296
1201
911
643
651
608
470
358
95
-61
-245
-337
-306
-469
-597
-679
-855
-912
-887
-854
-917
-930
-751
-1043
-929
-710
-646
-411
-464
-299
-490
-314
133
119
214
191
187
48
349
663
445
431
330
215
251
442
519
193
64
-16
-84
-68
-68
-109
-535
-647
-623
-809
-698
-798
-1002
-1149
-1279
-1195
-1281
-1277
-1257
-1441
-1452
-1483
-1127
-982
-1349
-1055
-870
-661
-450
-349
-100
-298
95
679
603
706
864
961
1037
1398
1719
1479
1449
1609
1659
1825
1892
1900
1695
1547
1687
1665
1559
1400
1227
1022
871
839
702
572
295
133
32
-209
-233
-357
-568
-682
-818
-906
-971
-1014
-1005
-1121
-938
-1029
-1165
-887
-965
-701
-611
-522
-480
-607
-155
-29
71
192
167
94
170
566
498
483
474
294
333
417
534
381
186
102
-27
-54
-68
-103
-421
-653
-711
-894
-848
-907
-1129
-1263
-1402
-1458
-1490
-1489
-1490
-1662
-1691
-1699
-1357
-1216
-1472
-1130
-975
-698
-498
-455
-138
-317
118
758
708
807
1011
1173
1252
1699
2043
1720
1682
1902
1949
2088
2232
2208
1875
1770
1941
1842
1747
1653
1369
1080
1000
951
792
682
375
112
-22
-232
-243
-354
-540
-718
-934
-1014
-1049
-1129
-1087
-1233
-1216
-1008
-1462
-1132
-882
-966
-628
-729
-673
-826
-423
43
-155
30
-2
-98
24
516
635
325
409
279
200
491
673
460
194
111
-22
11
118
-19
-335
-656
-690
-690
-772
-653
-972
-1281
-1298
-1387
-1316
-1315
-1335
-1518
-1634
-1530
-1122
-1152
-1368
-942
-891
-713
-437
-304
-168
-241
316
732
635
801
1030
1121
1292
1788
1934
1639
1738
1931
1983
2156
2229
2138
1845
1789
2003
1882
1712
1624
1328
1050
1028
964
774
606
297
125
-50
-217
-198
-433
-647
-797
-993
-1103
-1087
-1112
-1154
-1285
-1291
-1052
-1421
-1112
-882
-1055
-711
-801
-630
-762
-462
15
-293
-46
16
-90
43
414
483
192
327
250
152
392
487
263
65
43
-78
-85
-11
-160
-446
-643
-666
-735
-831
-719
-1020
-1258
-1143
-1314
-1275
-1212
-1319
-1365
-1500
-1184
-967
-1316
-1013
-732
-621
-410
-257
-81
-199
186
772
826
797
902
1154
1192
1566
1998
1746
1592
1753
1900
1989
2061
2124
1781
1516
1713
1829
1659
1486
1396
1026
837
927
780
611
371
161
-29
-268
-224
-280
-518
-722
-857
-962
-1058
-1046
-1047
-1184
-1301
-1147
-1196
-1142
-1024
-1016
-878
-920
-630
-582
-601
-316
-228
-76
-56
102
109
91
326
329
348
267
279
291
254
358
274
110
22
9
-68
-145
-163
-432
-614
-652
-770
-798
-859
-1018
-1158
-1261
-1213
-1237
-1234
-1294
-1340
-1368
-1148
-870
-1197
-972
-677
-544
-252
-179
29
-94
177
762
838
913
954
1164
1231
1512
2013
1796
1632
1804
1843
1984
2036
2074
1850
1568
1716
1736
1582
1470
1309
990
822
824
662
503
248
37
-109
-335
-374
-461
-621
-815
-939
-982
-1159
-1119
-1048
-1158
-1249
-1144
-1041
-1096
-922
-773
-876
-860
-584
-539
-548
-269
-182
-251
-138
124
156
132
294
270
181
319
374
287
280
272
208
98
90
130
-33
-107
-206
-367
-422
-508
-514
-709
-848
-889
-1054
-1073
-1097
-1098
-1133
-1263
-1255
-1079
-944
-1135
-1022
-782
-680
-447
-342
-216
-212
25
519
563
620
770
861
985
1283
1633
1546
1459
1563
1650
1844
1907
1921
1788
1513
1589
1719
1651
1499
1376
1116
866
874
806
662
405
202
56
-234
-235
-255
-489
-669
-826
-936
-1056
-1017
-967
-1129
-1232
-1205
-1221
-1181
-1003
-957
-988
-981
-853
-708
-572
-355
-325
-319
-247
-118
75
175
243
217
228
287
361
450
440
324
261
215
160
175
112
-8
-173
-311
-358
-473
-559
-606
-769
-925
-972
-1018
-1111
-1137
-1109
-1241
-1288
-1258
-1022
-1045
-1224
-850
-789
-638
-422
-339
-175
-254
211
533
503
692
827
982
1054
1463
1677
1473
1517
1627
1705
1811
1895
1918
1634
1515
1648
1600
1494
1393
1199
917
809
786
670
526
289
162
-58
-276
-262
-375
-518
-709
-839
-921
-1039
-939
-917
-1045
-1111
-1087
-1100
-1010
-790
-759
-781
-781
-663
-523
-387
-184
-220
-242
-121
-60
94
251
250
153
167
230
249
353
333
225
145
110
140
94
60
-38
-200
-314
-359
-377
-495
-570
-690
-840
-867
-943
-950
-1077
-1127
-1096
-1244
-1192
-883
-1009
-1151
-827
-714
-608
-423
-214
-229
-260
275
563
483
649
866
861
1023
1484
1528
1375
1472
1572
1654
1786
1876
1798
1560
1536
1675
1636
1519
1432
1200
967
915
847
741
551
310
183
-55
-190
-132
-295
-515
-665
-785
-847
-944
-869
-863
-1119
-1078
-969
-1014
-889
-757
-755
-869
-734
-503
-501
-397
-242
-248
-273
-42
87
13
143
207
140
173
245
249
202
224
192
104
75
49
-62
-164
-172
-302
-437
-495
-596
-695
-734
-826
-961
-991
-1101
-1158
-1136
-1200
-1165
-1239
-1210
-922
-1051
-1059
-770
-695
-503
-360
-252
-194
-144
269
549
507
580
802
854
1021
1443
1453
1318
1402
1535
1660
1746
1846
1752
1498
1504
1646
1590
1473
1419
1163
938
979
905
765
597
359
182
-3
-40
-51
-211
-425
-522
-645
-760
-705
-758
-803
-888
-926
-902
-922
-798
-707
-767
-822
-715
-645
-584
-398
-327
-354
-308
-174
-101
-40
57
53
7
48
126
127
157
201
104
26
23
-3
-74
-113
-152
-331
-429
-466
-542
-589
-673
-785
-931
-1004
-1025
-1058
-1075
-1105
-1170
-1264
-1054
-958
-1110
-903
-765
-663
-517
-352
-157
-196
74
421
447
494
700
890
906
1238
1505
1353
1372
1533
1635
1665
1759
1793
1576
1482
1623
1671
1511
1453
1339
1005
947
957
813
660
449
274
82
-48
-49
-164
-397
-565
-667
-796
-777
-765
-850
-896
-1108
-958
-896
-902
-723
-829
-843
-861
-622
-463
-508
-404
-426
-387
-308
-30
24
-100
31
-3
20
145
212
132
32
85
16
28
44
-18
-119
-255
-203
-325
-440
-437
-597
-659
-675
-735
-887
-910
-949
-1018
-982
-1034
-1019
-1046
-913
-960
-1008
-709
-607
-533
-434
-294
-220
-89
327
463
450
569
727
822
1008
1359
1348
1209
1330
1473
1592
1708
1791
1659
1475
1530
1647
1647
1544
1471
1241
1019
1054
1013
881
685
497
312
125
97
66
-100
-300
-442
-610
-718
-706
-689
-773
-913
-963
-962
-893
-770
-752
-787
-860
-811
-651
-538
-446
-452
-458
-432
-344
-155
-97
-112
-113
-115
-81
-3
83
67
18
-28
-55
-67
-69
-52
-161
-259
-289
-395
-460
-503
-580
-642
-723
-804
-889
-943
-926
-934
-981
-986
-956
-973
-993
-816
-614
-534
-421
-345
-279
-154
159
447
466
457
567
675
868
1170
1288
1191
1160
1252
1407
1548
1646
1612
1410
1330
1426
1485
1490
1402
1197
980
897
895
864
728
539
328
163
92
49
-3
-131
-281
-465
-584
-572
-565
-579
-644
-777
-895
-846
-709
-661
-647
-712
-770
-738
-595
-384
-380
-441
-458
-462
-358
-208
-127
-196
-293
-263
-179
-108
-39
-89
-212
-276
-235
-179
-201
-251
-318
-435
-458
-421
-476
-510
-591
-685
-743
-775
-747
-771
-792
-794
-879
-757
-661
-798
-749
-617
-469
-358
-227
-152
-198
6
331
482
498
549
611
679
962
1209
1215
1116
1145
1225
1323
1503
1513
1407
1291
1258
1361
1361
1347
1243
1027
885
830
811
729
606
430
260
160
93
55
-3
-136
-277
-385
-459
-427
-406
-471
-539
-661
-695
-621
-538
-474
-530
-601
-622
-582
-443
-289
-285
-376
-422
-407
-277
-144
-119
-204
-333
-306
-222
-130
-88
-173
-292
-347
-284
-250
-255
-283
-427
-518
-518
-503
-492
-549
-626
-701
-756
-748
-705
-710
-749
-749
-756
-613
-583
-667
-538
-404
-275
-155
-35
-12
6
289
541
600
588
668
726
796
1121
1278
1139
1098
1196
1252
1319
1489
1464
1255
1206
1278
1276
1212
1230
1100
850
810
777
649
559
480
322
141
88
65
-44
-154
-201
-347
-483
-424
-434
-514
-522
-561
-654
-683
-579
-525
-591
-596
-564
-617
-568
-426
-424
-483
-462
-445
-456
-369
-277
-323
-361
-335
-313
-300
-278
-270
-344
-374
-334
-354
-366
-357
-394
-445
-461
-476
-504
-506
-571
-628
-622
-617
-618
-643
-619
-656
-603
-481
-556
-526
-388
-287
-229
-158
-39
-56
51
283
369
378
456
551
576
770
945
908
884
939
993
1029
1117
1135
1039
1015
1052
1042
1013
1016
947
827
822
788
687
630
567
445
332
303
221
108
71
-3
-130
-159
-133
-192
-242
-275
-352
-409
-374
-361
-448
-476
-474
-512
-504
-427
-428
-496
-466
-471
-522
-465
-410
-452
-500
-489
-486
-508
-469
-431
-496
-549
-515
-509
-518
-477
-479
-548
-572
-549
-537
-529
-540
-557
-574
-572
-526
-504
-503
-466
-428
-410
-344
-294
-263
-163
-71
22
77
95
156
237
370
511
563
543
573
661
748
854
898
861
816
821
908
953
954
940
872
813
846
893
837
774
696
601
573
559
565
489
382
346
275
255
256
212
139
74
42
-16
-33
-38
-65
-101
-137
-155
-180
-162
-165
-190
-222
-267
-297
-314
-299
-343
-368
-391
-459
-454
-447
-468
-509
-540
-546
-606
-614
-579
-638
-689
-672
-689
-730
-692
-685
-728
-719
-693
-682
-678
-644
-611
-636
-604
-530
-516
-458
-335
-306
-298
-180
-59
52
164
245
287
331
476
639
699
726
764
755
781
906
966
951
940
905
893
940
976
960
877
779
722
681
664
658
561
468
428
347
326
325
253
166
118
86
58
74
77
12
-24
-16
-22
-23
-2
0
-43
-35
4
-18
-7
31
-35
-87
-79
-94
-121
-150
-167
-231
-310
-318
-368
-443
-484
-525
-582
-641
-652
-660
-702
-733
-739
-766
-808
-799
-801
-836
-828
-798
-788
-792
-763
-731
-713
-671
-606
-570
-524
-448
-363
-312
-258
-173
-115
-57
28
121
177
252
357
444
508
569
635
673
722
778
795
805
821
845
845
830
848
832
787
778
751
725
708
669
616
543
488
445
392
363
316
237
191
165
122
102
59
10
-31
-68
-61
-91
-92
-82
-104
-113
-127
-153
-174
-156
-168
-194
-217
-260
-302
-361
-392
-446
-529
-596
-680
-739
-764
-774
-814
-875
-895
-943
-964
-949
-952
-962
-968
-969
-955
-905
-812
-723
-631
-617
-609
-458
-255
-61
72
167
190
242
501
734
786
780
792
786
866
1100
1179
1055
965
933
909
955
1031
924
709
590
557
530
497
440
237
49
12
-11
-28
-44
-108
-214
-235
-191
-159
-94
-92
-109
-93
-36
92
185
261
289
298
360
452
568
635
671
638
618
685
692
719
698
569
466
419
368
311
237
80
-89
-219
-314
-372
-489
-631
-772
-905
-959
-990
-1049
-1128
-1224
-1297
-1296
-1253
-1242
-1212
-1199
-1189
-1098
-1001
-914
-823
-746
-650
-576
-441
-288
-184
-77
27
121
185
300
417
481
559
642
693
718
773
820
833
834
831
809
763
752
743
710
676
634
560
492
452
417
385
336
284
237
183
163
151
121
88
32
-17
-18
4
16
10
0
-18
-14
20
57
79
74
70
73
89
135
160
140
114
95
71
85
109
72
18
-42
-103
-148
-177
-232
-326
-419
-500
-537
-594
-625
-671
-765
-810
-859
-889
-905
-921
-929
-941
-924
-907
-865
-829
-766
-692
-623
-528
-462
-358
-231
-93
48
147
237
315
433
563
662
746
775
795
830
882
944
953
910
850
799
775
774
734
641
563
478
411
373
339
298
228
174
133
113
84
76
61
5
7
23
8
24
50
40
28
56
74
87
108
126
135
130
174
191
152
143
105
44
2
-40
-104
-178
-226
-304
-369
-401
-465
-531
-595
-659
-698
-724
-753
-788
-830
-834
-843
-848
-806
-795
-797
-772
-714
-666
-591
-503
-462
-406
-323
-223
-156
-71
30
83
155
247
340
407
475
535
567
618
673
703
711
713
711
695
683
669
645
595
539
497
454
427
388
336
279
222
201
165
122
83
32
-1
-20
-18
-23
-31
-25
-27
3
28
41
52
50
60
50
67
82
71
68
46
31
-1
-12
-36
-91
-131
-194
-241
-275
-301
-337
-402
-449
-506
-547
-577
-600
-623
-671
-673
-684
-676
-647
-620
-596
-597
-548
-505
-456
-378
-315
-251
-194
-103
-27
53
161
237
296
364
451
517
575
634
652
665
700
727
722
711
698
662
641
633
596
535
481
435
382
350
315
250
190
147
104
60
35
2
-35
-50
-59
-62
-58
-44
-41
-38
-13
1
20
37
54
64
79
105
104
97
102
86
70
56
21
-10
-55
-106
-158
-211
-250
-310
-365
-429
-481
-513
-538
-549
-594
-622
-643
-667
-657
-648
-647
-647
-627
-593
-555
-484
-424
-390
-341
-268
-191
-113
-12
64
121
193
274
342
402
470
500
524
561
591
618
633
651
640
614
604
595
581
549
501
452
413
388
359
318
271
221
189
164
145
119
73
35
7
-3
-10
-26
-54
-76
-85
-89
-89
-92
-103
-110
-107
-99
-98
-101
-99
-110
-117
-126
-157
-197
-225
-249
-279
-311
-344
-377
-404
-409
-423
-452
-467
-489
-491
-495
-497
-489
-498
-494
-488
-467
-455
-452
-425
-410
-364
-311
-274
-228
-193
-122
-75
-14
42
83
140
192
270
317
358
398
420
458
495
525
531
534
537
547
560
551
532
492
454
437
418
405
382
345
305
286
275
262
232
185
147
118
117
122
101
75
51
37
13
7
-2
-42
-70
-92
-91
-90
-82
-94
-133
-146
-154
-159
-180
-194
-221
-248
-248
-253
-264
-277
-293
-316
-326
-316
-329
-338
-341
-349
-347
-342
-322
-324
-322
-303
-300
-280
-254
-223
-209
-200
-174
-165
-136
-100
-71
-44
-19
12
38
80
115
144
162
173
204
226
255
287
290
296
302
324
337
344
354
348
349
355
362
354
350
342
330
326
321
310
287
273
263
249
247
226
194
169
157
149
130
105
62
22
-12
-31
-51
-85
-122
-161
-182
-189
-191
-206
-238
-266
-287
-287
-290
-299
-307
-321
-329
-318
-307
-297
-301
-300
-301
-287
-254
-237
-223
-221
-209
-187
-171
-146
-146
-148
-145
-126
-101
-83
-63
-71
-61
-38
-19
13
19
29
23
32
59
61
77
73
71
79
100
133
142
154
163
171
194
208
220
217
227
241
253
280
279
286
289
298
310
304
304
293
293
302
306
306
285
270
255
247
239
211
184
148
119
93
64
38
-8
-40
-81
-114
-134
-162
-187
-223
-242
-263
-288
-304
-323
-334
-346
-349
-350
-350
-334
-321
-314
-296
-286
-271
-249
-226
-202
-194
-176
-158
-138
-119
-110
-100
-103
-87
-69
-58
-41
-31
-20
-13
5
27
33
45
53
60
73
92
109
106
110
109
106
108
122
124
117
123
119
125
138
146
141
126
122
115
111
120
125
118
111
110
111
110
112
104
86
75
69
57
53
50
33
8
-15
-31
-45
-60
-77
-108
-134
-149
-155
-160
-170
-182
-198
-211
-206
-194
-187
-186
-186
-183
-174
-158
-137
-124
-118
-105
-93
-76
-51
-30
-14
-4
4
11
14
22
34
40
40
43
45
50
59
65
69
61
52
51
56
72
87
90
90
92
97
108
127
133
128
123
120
129
140
148
148
132
123
121
120
125
123
113
98
89
87
90
88
82
70
61
60
67
65
60
50
35
29
26
21
10
-6
-17
-28
-27
-32
-46
-64
-81
-91
-102
-113
-126
-140
-149
-152
-152
-155
-159
-166
-172
-167
-156
-147
-141
-131
-120
-101
-77
-56
-40
-35
-26
-15
0
20
30
33
35
44
57
73
87
86
79
76
86
101
107
110
104
97
102
115
122
120
121
118
122
133
140
136
126
117
107
100
97
85
69
55
47
36
25
13
-8
-28
-42
-53
-67
-78
-87
-99
-103
-99
-106
-111
-114
-115
-118
-115
-100
-95
-93
-92
-85
-81
-73
-69
-80
-86
-88
-86
-80
-76
-78
-81
-84
-81
-76
-71
-70
-73
-73
-67
-53
-41
-38
-35
-35
-28
-19
-6
3
13
23
32
50
59
70
73
76
76
78
85
89
94
96
99
99
97
98
96
92
88
88
89
91
94
93
93
91
82
73
66
56
49
42
33
27
20
10
-1
-16
-27
-43
-54
-66
-80
-87
-93
-99
-111
-120
-126
-136
-139
-140
-144
-144
-140
-135
-133
-131
-129
-129
-128
-125
-123
-125
-120
-113
-107
-102
-98
-98
-99
-96
-92
-85
-78
-68
-60
-46
-28
-16
-3
7
14
23
31
47
62
81
98
109
121
138
152
162
173
177
180
189
197
202
203
203
197
191
186
178
166
157
148
137
128
120
108
102
91
80
69
61
56
47
40
30
19
8
-3
-17
-29
-38
-51
-62
-67
-75
-80
-90
-100
-111
-120
-130
-145
-152
-159
-164
-168
-172
-170
-173
-173
-171
-169
-160
-156
-149
-139
-128
-112
-96
-85
-71
-57
-42
-22
-4
12
23
34
46
59
72
87
98
109
120
131
141
147
153
155
151
150
155
157
164
168
172
173
174
175
169
170
169
166
168
170
176
182
188
192
188
182
174
169
161
155
150
143
136
129
121
111
94
76
56
34
13
-10
-29
-51
-72
-95
-118
-137
-158
-181
-199
-218
-236
-254
-269
-280
-291
-297
-304
-312
-316
-316
-312
-309
-304
-294
-286
-274
-259
-242
-224
-202
-179
-157
-131
-108
-85
-64
-40
-17
6
33
59
86
111
134
152
168
183
196
209
219
225
235
241
248
251
251
244
235
227
215
207
192
178
165
150
136
123
110
97
81
71
63
55
47
39
28
19
13
6
0
-7
-13
-17
-21
-26
-31
-36
-42
-52
-60
-72
-81
-92
-105
-118
-133
-143
-157
-172
-186
-198
-214
-222
-234
-247
-253
-260
-269
-277
-284
-288
-292
-291
-291
-289
-285
-274
-265
-253
-237
-221
-202
-177
-151
-124
-94
-64
-35
-9
22
50
79
107
135
169
200
235
262
286
312
333
352
367
378
384
390
391
390
386
378
363
345
326
308
288
265
240
215
185
161
136
109
83
58
35
14
-3
-20
-39
-56
-69
-84
-96
-107
-116
-121
-122
-124
-127
-127
-130
-131
-135
-141
-146
-153
-159
-169
-174
-181
-190
-199
-209
-215
-224
-230
-242
-251
-257
-261
-265
-266
-266
-266
-261
-255
-249
-241
-233
-221
-206
-189
-170
-153
-128
-103
-73
-44
-13
17
46
73
100
127
154
176
199
219
241
263
284
300
309
321
329
336
340
340
339
334
330
319
306
293
277
258
240
221
201
182
163
140
119
102
81
63
45
26
12
-2
-18
-34
-49
-60
-74
-84
-95
-105
-115
-124
-129
-134
-140
-143
-152
-159
-165
-169
-174
-181
-188
-199
-207
-216
-222
-227
-237
-241
-242
-244
-242
-241
-240
-240
-237
-235
-232
-222
-216
-204
-188
-172
-153
-135
-115
-94
-77
-56
-37
-12
16
43
69
98
127
154
179
204
226
246
263
278
295
310
324
331
338
344
346
348
346
340
333
324
314
300
284
268
250
229
210
191
171
150
129
106
82
61
39
22
4
-13
-27
-47
-60
-74
-91
-105
-119
-136
-151
-164
-174
-183
-189
-197
-204
-214
-220
-227
-237
-244
-255
-262
-266
-273
-275
-278
-279
-282
-283
-283
-280
-271
-265
-255
-243
-234
-217
-201
-184
-165
-150
-129
-110
-86
-64
-41
-16
11
37
62
90
115
138
161
182
203
221
241
256
269
282
292
299
306
314
316
315
313
309
302
295
287
277
266
255
242
229
217
199
179
158
140
120
102
85
68
52
37
22
7
-8
-19
-34
-46
-60
-69
-80
-90
-98
-109
-117
-126
-133
-144
-150
-160
-168
-174
-182
-191
-199
-206
-214
-220
-225
-231
-234
-240
-244
-246
-249
-251
-252
-251
-246
-238
-229
-219
-207
-188
-171
-152
-132
-113
-90
-65
-38
-15
11
36
63
87
113
135
157
178
198
216
231
245
258
268
272
277
280
278
276
270
266
258
254
242
230
221
205
193
180
167
154
140
130
118
107
95
86
75
68
59
50
42
33
27
18
7
-1
-9
-15
-21
-27
-34
-41
-51
-62
-73
-85
-96
-112
-124
-135
-146
-156
-164
-174
-181
-189
-196
-202
-209
-216
-220
-225
-226
-225
-223
-217
-208
-196
-186
-174
-162
-150
-139
-127
-114
-102
-88
-71
-53
-33
-13
3
20
34
47
60
71
80
91
105
116
129
142
152
162
169
173
174
175
176
177
179
182
186
190
190
194
193
188
185
180
174
167
162
158
155
148
144
137
128
119
108
95
84
70
57
45
33
21
6
-6
-19
-34
-49
-65
-81
-97
-111
-127
-142
-153
-164
-175
-185
-195
-204
-211
-220
-226
-231
-233
-235
-238
-238
-234
-232
-226
-218
-212
-202
-193
-180
-167
-153
-136
-121
-103
-86
-67
-49
-31
-13
1
18
35
51
65
79
94
105
116
125
136
142
149
155
159
166
169
169
167
166
162
160
155
149
144
138
130
123
115
108
100
92
84
77
70
64
56
48
41
34
25
21
15
11
5
-2
-6
-10
-14
-20
-25
-30
-33
-38
-43
-48
-51
-57
-64
-69
-74
-79
-85
-89
-94
-98
-102
-107
-112
-118
-121
-127
-131
-134
-137
-139
-141
-140
-139
-137
-134
-129
-123
-116
-108
-100
-92
-83
-74
-63
-53
-41
-29
-19
-8
2
12
21
32
41
49
57
64
70
73
77
80
83
83
85
86
88
86
87
85
86
84
81
81
80
83
81
81
79
80
80
82
84
84
84
84
83
82
82
80
79
77
74
72
68
62
56
49
41
35
27
22
16
9
3
-3
-9
-16
-25
-31
-38
-45
-49
-53
-55
-58
-57
-58
-60
-58
-57
-56
-55
-53
-50
-48
-43
-41
-38
-30
-26
-22
-18
-14
-12
-9
-7
-5
-4
-2
1
1
2
3
3
2
1
-1
-3
-4
-7
-9
-12
-12
-13
-13
-14
-16
-17
-19
-19
-19
-21
-20
-19
-16
-14
-9
-6
-3
1
5
9
13
17
19
26
29
31
34
35
39
41
41
43
43
42
42
39
35
33
29
23
18
14
9
3
-4
-9
-14
-20
-25
-31
-35
-38
-39
-41
-43
-43
-43
-44
-43
-42
-41
-41
-41
-40
-38
-37
-35
-37
-35
-33
-31
-27
-26
-25
-21
-20
-19
-17
-15
-16
-16
-16
-17
-17
-15
-16
-15
-15
-14
-14
-14
-15
-13
-13
-14
-15
-14
-13
-14
-15
-17
-16
-16
-13
-15
-13
-13
-12
-10
-10
-9
-8
-6
-2
1
7
13
20
27
32
37
41
44
48
51
55
60
62
69
72
78
81
82
83
82
82
78
74
71
67
64
60
55
53
50
42
36
32
25
19
13
9
5
3
3
0
-3
-5
-8
-13
-16
-21
-22
-22
-24
-24
-23
-24
-24
-26
-28
-32
-37
-42
-46
-52
-53
-56
-58
-61
-62
-64
-67
-71
-74
-76
-78
-82
-83
-82
-79
-74
-69
-63
-58
-55
-52
-49
-47
-46
-45
-39
-35
-29
-25
-19
-12
-7
-3
2
4
5
9
10
13
19
25
31
32
39
45
50
52
52
51
55
64
76
89
97
96
91
87
83
83
86
87
85
86
88
92
95
94
91
85
78
69
58
48
40
34
28
22
20
15
10
5
0
-4
-6
-8
-12
-18
-25
-33
-39
-44
-46
-47
-47
-48
-49
-50
-49
-46
-48
-50
-53
-58
-62
-63
-64
-64
-64
-66
-65
-65
-66
-66
-67
-68
-69
-71
-72
-72
-72
-74
-75
-72
-69
-64
-59
-56
-50
-44
-40
-35
-29
-28
-24
-18
-13
-9
-1
9
18
28
42
55
67
76
86
96
105
111
117
121
126
129
133
136
139
143
146
148
150
151
148
144
135
127
118
104
93
83
71
60
48
37
26
18
8
-4
-14
-26
-35
-46
-56
-64
-74
-82
-89
-95
-100
-101
-101
-102
-101
-96
-93
-88
-85
-82
-78
-79
-78
-76
-75
-72
-68
-63
-58
-52
-45
-41
-39
-36
-37
-40
-43
-45
-47
-51
-52
-52
-49
-47
-46
-43
-43
-41
-41
-42
-40
-39
-36
-35
-31
-28
-24
-21
-15
-7
0
8
17
27
38
45
56
65
74
86
91
97
104
107
112
117
121
124
127
130
133
133
132
126
118
111
102
92
81
71
61
49
38
26
14
1
-12
-26
-39
-50
-60
-73
-84
-94
-104
-113
-120
-125
-129
-129
-126
-123
-122
-120
-117
-115
-111
-107
-103
-99
-93
-85
-78
-71
-65
-56
-53
-47
-41
-35
-29
-23
-15
-11
-6
-4
-3
-1
-3
-4
-4
-4
-4
-3
1
1
4
7
9
12
13
16
18
21
27
32
37
43
48
56
67
78
87
96
105
113
118
121
128
132
137
142
147
153
155
156
152
144
138
130
123
116
111
105
97
90
81
67
54
41
23
9
-2
-13
-22
-29
-38
-49
-61
-74
-87
-100
-109
-116
-122
-127
-131
-135
-140
-143
-146
-148
-148
-146
-142
-135
-130
-125
-119
-111
-104
-94
-85
-74
-59
-45
-29
-13
-1
13
22
30
39
45
49
53
59
61
63
63
61
59
55
51
47
41
38
35
30
28
24
22
21
23
25
32
41
49
57
66
74
81
88
98
105
114
124
131
135
139
137
132
128
121
114
106
101
92
83
71
56
40
23
5
-15
-33
-48
-63
-77
-92
-105
-119
-132
-147
-157
-165
-172
-175
-179
-180
-181
-181
-179
-176
-172
-166
-157
-145
-132
-119
-106
-94
-85
-76
-67
-58
-48
-36
-23
-10
2
14
23
30
39
47
55
64
72
80
87
94
98
100
99
95
91
86
84
80
74
70
64
55
42
30
18
10
2
-5
-8
-11
-13
-15
-16
-16
-15
-12
-6
3
12
23
33
43
48
53
57
60
63
66
69
70
72
69
59
50
38
25
12
0
-11
-20
-28
-40
-52
-63
-75
-90
-106
-115
-122
-127
-129
-129
-129
-128
-128
-131
-131
-129
-125
-117
-106
-94
-78
-64
-50
-38
-24
-12
0
16
31
46
62
75
83
88
92
94
97
98
99
102
102
101
97
92
86
77
69
62
57
51
46
45
43
36
30
23
18
10
7
4
2
6
7
7
6
7
7
7
8
10
13
18
21
25
27
31
33
33
34
33
35
33
29
24
15
7
-1
-10
-18
-27
-36
-44
-54
-62
-71
-81
-89
-93
-96
-97
-97
-94
-87
-78
-73
-69
-63
-59
-55
-47
-38
-27
-15
-6
1
6
9
15
17
19
24
30
37
47
53
58
61
63
63
61
59
56
54
51
49
45
39
31
21
12
0
-9
-17
-22
-24
-29
-30
-31
-31
-30
-29
-27
-22
-15
-9
-2
8
16
22
27
29
31
32
31
28
27
26
24
21
17
13
13
9
5
2
-1
-2
-2
0
2
4
5
4
-3
-8
-13
-19
-20
-25
-29
-33
-35
-37
-36
-38
-40
-40
-39
-36
-30
-26
-17
-5
5
15
24
32
38
42
45
46
48
46
46
40
34
30
20
13
3
-7
-15
-20
-26
-31
-31
-29
-26
-19
-16
-12
-7
-1
4
8
9
11
15
17
16
16
15
9
2
-6
-16
-22
-27
-33
-39
-42
-44
-43
-40
-38
-37
-34
-32
-29
-25
-22
-21
-17
-12
-11
-8
-9
-10
-13
-16
-19
-22
-20
-19
-17
-14
-11
-6
-4
0
5
10
18
26
36
43
46
51
54
53
50
46
41
33
25
17
9
7
3
2
0
-4
-9
-15
-16
-16
-14
-7
-1
4
8
10
12
14
14
11
8
7
3
-2
-8
-12
-17
-21
-27
-32
-35
-39
-36
-31
-24
-15
-7
0
4
12
18
28
36
39
43
44
47
45
42
39
34
26
19
8
-2
-8
-13
-17
-22
-21
-26
-31
-37
-38
-38
-38
-33
-33
-27
-25
-25
-26
-28
-25
-26
-24
-24
-26
-26
-25
-22
-18
-11
-7
1
8
14
20
29
37
45
53
59
62
64
64
61
58
55
53
47
40
29
18
5
-5
-12
-17
-17
-18
-20
-22
-21
-20
-16
-11
-8
-2
1
5
11
20
26
26
27
23
18
10
5
1
0
-1
-2
-3
-6
-10
-14
-18
-20
-20
-17
-15
-12
-7
-4
-3
-2
-2
-8
-12
-18
-24
-29
-29
-32
-34
-35
-37
-40
-47
-51
-50
-48
-41
-30
-20
-9
3
10
15
15
17
17
20
22
23
26
27
26
20
15
7
1
-9
-15
-19
-19
-12
-6
2
9
15
19
22
24
27
29
35
42
50
58
62
65
61
54
45
35
25
16
10
4
6
4
4
1
-4
-7
-14
-19
-22
-22
-20
-14
-11
-9
-4
-2
-2
-5
-10
-14
-20
-25
-26
-28
-27
-31
-36
-41
-46
-55
-62
-68
-73
-74
-73
-69
-65
-61
-57
-56
-53
-51
-49
-45
-41
-33
-23
-13
-4
3
12
20
28
33
39
45
52
61
69
80
86
94
100
102
104
101
100
99
99
95
95
94
91
85
74
62
51
38
23
11
-4
-13
-22
-32
-41
-50
-60
-65
-71
-78
-84
-85
-82
-76
-72
-65
-59
-53
-43
-40
-38
-34
-29
-24
-18
-14
-8
0
3
3
1
-3
-7
-8
-10
-11
-12
-10
-6
-5
-2
-3
-2
-4
-8
-13
-11
-8
-6
-5
-6
-5
-7
-5
-7
-6
-4
-6
-4
-1
4
12
19
30
37
44
51
60
66
73
82
88
94
98
97
93
87
82
74
64
53
40
26
14
-1
-15
-27
-39
-50
-62
-69
-74
-79
-80
-78
-75
-70
-66
-63
-56
-52
-48
-44
-39
-35
-30
-29
-27
-27
-25
-23
-23
-23
-24
-24
-22
-23
-25
-24
-18
-14
-9
-2
4
11
17
20
24
26
26
27
26
25
24
24
21
18
15
10
7
2
-3
-6
-3
0
4
10
15
18
22
24
27
27
29
29
33
36
39
39
40
41
33
27
19
9
0
-7
-10
-9
-7
-7
-7
-7
-7
-9
-12
-13
-15
-19
-20
-18
-17
-17
-20
-27
-32
-42
-56
-67
-76
-83
-86
-82
-79
-73
-67
-61
-58
-54
-47
-37
-23
-4
15
31
51
66
78
86
90
91
90
89
86
83
83
80
74
64
53
43
29
18
6
-1
-5
-2
-3
-3
0
0
-1
-4
-9
-16
-18
-17
-15
-12
-10
-9
-10
-13
-17
-22
-26
-26
-27
-27
-22
-19
-16
-12
-8
-4
-4
-1
2
4
5
7
6
5
4
-8
-14
-17
-24
-27
-34
-35
-36
-34
-31
-31
-29
-26
-22
-17
-12
-5
2
13
22
28
28
30
26
21
18
15
10
9
7
6
5
2
-1
-4
-8
-9
-9
-3
4
11
21
30
36
44
49
47
42
40
38
32
28
22
14
6
-4
-18
-27
-34
-42
-47
-49
-48
-45
-41
-35
-24
-16
-6
6
17
27
38
50
61
70
71
69
64
61
49
33
18
7
-3
-14
-25
-40
-48
-56
-64
-71
-77
-76
-75
-69
-62
-54
-43
-33
-24
-19
-18
-17
-14
-11
-11
-11
-7
-5
-5
-4
-6
-10
-12
-14
-13
-7
-1
8
16
25
34
42
46
52
57
58
57
55
56
56
53
49
42
30
17
2
-10
-22
-32
-37
-39
-39
-37
-38
-39
-39
-35
-29
-26
-23
-17
-8
-3
5
12
20
23
24
22
19
17
15
14
16
20
21
23
27
26
22
17
16
19
22
23
23
26
25
20
11
3
-8
-19
-28
-37
-46
-52
-55
-57
-53
-56
-64
-65
-64
-61
-53
-43
-24
-2
15
32
44
54
61
60
59
57
60
61
61
58
55
49
40
32
18
4
-12
-21
-31
-36
-36
-32
-24
-18
-16
-18
-21
-21
-20
-21
-17
-7
5
13
15
12
8
2
-7
-17
-23
-24
-21
-18
-10
0
10
20
30
30
28
26
25
29
32
38
45
54
59
56
51
44
35
24
16
10
3
-1
-7
-15
-25
-35
-43
-48
-49
-49
-48
-44
-38
-28
-19
-17
-18
-22
-29
-37
-46
-48
-46
-40
-22
-8
1
12
18
23
24
26
22
21
25
28
34
39
47
52
55
55
51
46
38
30
22
14
9
0
-8
-20
-34
-48
-57
-63
-66
-67
-59
-48
-36
-25
-19
-13
-10
-12
-13
-16
-16
-14
-10
-5
3
10
18
24
24
22
17
12
11
11
7
8
11
15
23
29
33
38
42
45
49
48
49
48
43
38
29
17
2
-9
-19
-27
-35
-36
-36
-42
-45
-51
-58
-64
-68
-75
-82
-82
-79
-75
-67
-57
-44
-31
-21
-14
-14
-8
-6
-8
-5
-2
2
7
15
19
26
30
37
46
51
58
60
61
61
54
43
34
30
20
11
6
-1
-3
-8
-12
-15
-17
-17
-22
-25
-27
-32
-37
-37
-38
-32
-23
-12
4
17
30
40
46
49
49
46
38
31
23
20
15
9
10
11
13
15
14
12
8
3
2
-3
-9
-11
-13
-14
-15
-20
-22
-24
-25
-29
-29
-28
-26
-23
-22
-25
-33
-41
-47
-52
-54
-51
-46
-36
-21
-11
3
19
28
34
36
39
33
32
28
25
26
25
30
29
33
30
23
21
20
20
13
15
16
16
14
11
7
2
4
6
9
13
20
28
33
37
37
31
27
21
9
-6
-16
-23
-28
-33
-31
-27
-24
-23
-27
-30
-28
-24
-19
-13
-7
-4
-3
1
1
2
6
9
11
14
17
18
19
22
21
16
10
0
-13
-24
-31
-32
-32
-26
-16
-6
2
4
3
2
3
-2
-3
-5
-5
-4
-7
-3
-1
-1
-2
0
1
2
3
6
10
14
20
21
19
16
13
11
11
17
24
29
37
43
49
48
43
38
27
14
0
-16
-29
-41
-47
-50
-48
-49
-52
-56
-61
-62
-62
-59
-54
-46
-39
-34
-31
-30
-25
-20
-13
-5
6
17
29
40
43
47
48
47
41
36
30
23
23
25
25
27
31
35
35
35
29
23
17
13
4
-3
-9
-16
-22
-30
-34
-41
-45
-46
-41
-37
-32
-28
-24
-23
-22
-26
-28
-25
-20
-10
-3
6
16
24
26
27
30
30
25
15
8
1
-6
-11
-18
-16
-10
-11
-13
-12
-9
-9
-3
3
10
19
20
17
15
17
17
14
21
30
36
36
33
30
27
23
16
8
3
-1
-13
-19
-22
-23
-19
-9
0
8
15
14
14
13
13
14
13
11
10
3
0
1
0
5
9
15
19
18
10
3
0
-2
-3
-3
-3
1
4
7
10
11
12
14
12
9
2
-12
-24
-33
-44
-54
-61
-60
-57
-58
-62
-60
-54
-42
-31
-24
-13
-4
1
1
3
12
23
35
45
56
62
64
66
63
58
52
41
31
20
6
-12
-24
-25
-25
-24
-22
-18
-12
-12
-16
-21
-22
-20
-19
-22
-24
-22
-25
-27
-26
-16
-4
5
9
15
20
16
12
9
16
24
28
28
31
34
38
37
41
45
48
43
31
21
9
-3
-17
-29
-39
-55
-69
-79
-83
-81
-78
-70
-56
-44
-38
-36
-35
-31
-23
-16
-7
8
21
32
37
43
49
48
47
47
43
38
31
21
18
17
14
6
4
3
4
3
2
8
18
30
34
29
27
25
16
2
-3
-7
-8
-8
-7
-2
1
-1
-3
-1
5
-1
-9
-9
-3
-1
-1
0
5
10
9
7
11
15
20
14
6
2
-5
-16
-27
-29
-29
-36
-45
-44
-37
-29
-21
-14
4
22
29
22
19
24
30
31
27
35
47
45
35
20
18
13
4
-4
-7
-8
-17
-34
-48
-50
-50
-51
-49
-35
-23
-21
-23
-20
-10
0
1
3
8
13
7
-9
-12
-3
5
5
9
20
34
34
22
18
24
30
27
27
37
43
38
23
21
28
33
24
14
16
10
-8
-30
-41
-38
-38
-50
-55
-53
-51
-58
-66
-60
-42
-28
-23
-18
-6
4
1
-7
-1
11
22
22
23
27
26
17
5
5
16
19
12
7
5
5
0
-6
-3
14
23
19
16
16
15
5
-5
-2
8
14
11
3
1
-4
-18
-28
-24
-12
-12
-19
-25
-25
-23
-27
-29
-19
-4
4
-3
-5
0
1
-2
-1
9
17
19
9
-1
-7
-12
-22
-23
-9
5
12
16
20
22
18
13
10
20
29
27
24
23
27
22
17
15
20
23
19
10
-2
-10
-18
-27
-24
-18
-18
-23
-24
-26
-29
-31
-31
-23
-7
6
8
6
11
14
11
7
11
19
18
12
7
9
15
17
17
22
29
29
19
4
-3
-6
-5
-6
-4
-1
-7
-18
-28
-29
-30
-35
-34
-31
-28
-30
-36
-38
-32
-24
-17
-11
-1
9
6
3
14
30
44
48
52
52
48
35
18
9
8
9
7
5
5
-4
-14
-22
-23
-17
-14
-17
-18
-13
-17
-25
-30
-23
-7
7
11
7
13
18
13
8
12
23
27
22
15
10
10
5
-1
8
21
26
23
22
22
23
22
21
23
22
11
-11
-25
-28
-28
-34
-38
-37
-34
-33
-43
-52
-47
-39
-31
-19
-13
-14
-26
-35
-31
-22
-10
-5
4
20
28
20
5
5
13
25
24
16
14
13
7
-7
-13
0
16
18
17
19
22
18
11
9
15
20
12
1
3
1
-11
-25
-24
-6
3
-6
-25
-31
-18
-13
-27
-34
-26
-17
-19
-31
-35
-28
-17
-13
-9
1
12
11
12
19
26
27
25
28
33
39
29
27
35
48
59
51
46
47
45
33
21
16
16
16
7
-10
-20
-34
-51
-66
-68
-60
-64
-75
-83
-85
-86
-89
-91
-81
-54
-31
-22
-18
-8
8
20
32
44
60
71
72
69
65
68
62
62
66
68
62
46
34
37
40
30
15
9
17
15
-9
-31
-33
-22
-17
-25
-38
-40
-39
-41
-49
-55
-49
-42
-39
-39
-45
-56
-56
-41
-20
-2
10
21
34
42
41
36
40
57
73
75
67
55
43
32
24
20
20
22
21
16
7
-8
-20
-28
-23
-14
-16
-21
-27
-22
-20
-23
-24
-20
-8
0
-5
-15
-17
-10
-5
-11
-18
-20
-18
-11
-7
-2
8
20
29
35
39
38
40
45
54
58
46
32
20
13
5
-9
-18
-20
-18
-26
-48
-67
-79
-82
-78
-74
-65
-57
-46
-40
-43
-41
-32
-10
15
37
47
47
40
34
28
30
34
33
32
27
21
7
-5
-7
3
17
29
32
26
19
14
11
13
21
32
40
39
29
10
-8
-14
-10
-2
-4
-16
-24
-30
-47
-67
-80
-74
-49
-30
-30
-38
-37
-32
-23
-18
-10
7
27
37
27
2
-5
3
19
30
25
22
26
22
6
-17
-22
-1
23
28
13
7
16
28
26
20
28
45
57
42
13
-5
-11
-10
-15
