1.000000e-030   1.111111e-001   1.000000e-030   2.222222e-001   1.000000e-030   1.000000e-030   1.000000e-030   1.000000e-030   1.000000e-030   1.000000e-030   1.000000e-030   2.222222e-001   1.000000e-030   2.222222e-001   1.000000e-030   1.000000e-030   2.131733e-241   1.111111e-001   1.000000e-030   1.000000e-030   1.000000e-030   1.111111e-001   1.000000e-030   1.000000e-030   1.000000e-030   1.000000e-030   1.000000e-030   1.000000e-030   2.548761e-150   3.245766e-227   1.000000e-030   7.407567e-242   

1.000000e-030   1.172637e-260   1.666667e-001   1.203349e-261   1.000000e-030   1.000000e-030   1.000000e-030   1.000000e-030   1.000000e-030   1.000000e-030   1.000000e-030   5.295236e-156   1.000000e-030   2.287723e-262   1.000000e-030   1.000000e-030   3.333333e-001   1.187295e-259   1.000000e-030   1.000000e-030   1.000000e-030   1.000000e-030   1.000000e-030   1.000000e-030   4.277114e-237   3.505940e-238   1.000000e-030   1.000000e-030   1.666667e-001   4.868650e-227   1.000000e-030   3.333333e-001   

1.000000e-030   1.193574e-290   1.439440e-188   1.201836e-291   1.000000e-030   1.000000e-030   2.237892e-235   1.000000e-030   1.000000e-030   1.000000e-030   1.000000e-030   4.542858e-294   3.492253e-234   1.164285e-292   1.000000e-030   1.000000e-030   1.000000e-030   1.000000e-030   1.000000e-030   1.000000e-030   1.000000e-030   1.000000e-030   1.000000e-030   1.000000e-030   8.042309e-001   1.957691e-001   1.000000e-030   1.000000e-030   1.000000e-030   2.936639e-227   1.000000e-030   2.071265e-267   

1.000000e-030   5.935077e-190   2.467547e-001   5.081857e-228   1.000000e-030   1.000000e-030   2.467547e-001   1.000000e-030   1.000000e-030   1.000000e-030   1.000000e-030   4.940656e-324   2.467547e-001   3.013800e-322   1.000000e-030   1.000000e-030   1.317586e-298   7.259796e-229   2.467547e-001   1.000000e-030   1.000000e-030   1.037114e-229   1.000000e-030   1.000000e-030   4.087895e-237   1.298139e-002   1.000000e-030   1.000000e-030   1.000000e-030   7.208595e-227   1.000000e-030   3.999868e-298   

1.000000e-030   2.857143e-001   9.345478e-175   1.428571e-001   1.000000e-030   1.000000e-030   2.645183e-205   1.000000e-030   1.000000e-030   1.000000e-030   1.000000e-030   1.000000e-030   1.737014e-145   1.000000e-030   1.000000e-030   1.000000e-030   1.000000e-030   1.428571e-001   3.228532e-116   1.000000e-030   1.000000e-030   1.428571e-001   1.000000e-030   1.000000e-030   6.722235e-274   1.000000e-030   1.000000e-030   1.000000e-030   1.000000e-030   2.857143e-001   1.000000e-030   1.000000e-030   

