2.362649e+062 -9.451728e+058 -1.733389e+059 -1.896999e+059 -1.956371e+059 -2.173298e+059 -2.596982e+059 -2.612791e+059 -2.684213e+059 -2.519739e+059 -1.935959e+059 1.111858e+056 
2.362898e+062 -6.914821e+058 -1.199843e+059 -1.507065e+059 -1.772131e+059 -2.104112e+059 -2.763497e+059 -3.204758e+059 -3.229263e+059 -2.867081e+059 -2.089898e+059 9.896843e+055 
2.362732e+062 -6.609462e+058 -1.262931e+059 -1.583677e+059 -1.274128e+059 -1.240500e+059 -2.267012e+059 -2.954921e+059 -2.797663e+059 -2.651607e+059 -2.148387e+059 8.343644e+055 
2.362891e+062 -5.926276e+058 -1.023075e+059 -1.339427e+059 -1.907337e+059 -2.968550e+059 -4.009146e+059 -4.424882e+059 -4.250304e+059 -3.526214e+059 -2.377065e+059 1.253305e+056 
2.362889e+062 -6.549337e+058 -1.065625e+059 -1.239739e+059 -1.619950e+059 -2.461145e+059 -3.471009e+059 -4.006036e+059 -3.925719e+059 -3.345487e+059 -2.404341e+059 1.111788e+056 
2.362955e+062 -5.885701e+058 -9.999148e+058 -1.136455e+059 -1.538384e+059 -2.350519e+059 -3.234011e+059 -3.798863e+059 -3.838010e+059 -3.250469e+059 -2.289130e+059 9.876733e+055 
2.362973e+062 -5.358724e+058 -9.492726e+058 -1.302363e+059 -1.894934e+059 -2.685592e+059 -3.183754e+059 -3.197861e+059 -3.157055e+059 -2.957083e+059 -2.226271e+059 9.490433e+055 
2.362938e+062 -5.937071e+058 -1.079645e+059 -1.390433e+059 -1.820435e+059 -2.425726e+059 -2.964016e+059 -3.234883e+059 -3.297853e+059 -3.079655e+059 -2.347534e+059 1.001143e+056 
2.362758e+062 -8.237559e+058 -1.373777e+059 -1.697937e+059 -2.290974e+059 -2.849650e+059 -2.943447e+059 -2.718355e+059 -2.657068e+059 -2.708133e+059 -2.258480e+059 1.150353e+056 
2.362947e+062 -7.631103e+058 -1.730171e+059 -2.721163e+059 -3.708413e+059 -4.708240e+059 -5.642840e+059 -6.157123e+059 -5.991655e+059 -5.074906e+059 -3.542450e+059 3.017255e+056 
2.362638e+062 -1.247005e+059 -3.068191e+059 -5.184344e+059 -7.455574e+059 -9.839999e+059 -1.171337e+060 -1.232279e+060 -1.147808e+060 -9.508419e+059 -6.524961e+059 1.119410e+057 
2.357384e+062 -1.832267e+060 -4.733514e+060 -8.234298e+060 -1.177211e+061 -1.476297e+061 -1.668675e+061 -1.712944e+061 -1.590443e+061 -1.303379e+061 -8.767718e+060 2.425276e+059 
2.360872e+062 -7.049141e+059 -1.767385e+060 -3.015823e+060 -4.279776e+060 -5.364604e+060 -6.107486e+060 -6.349584e+060 -5.984505e+060 -4.995219e+060 -3.426279e+060 3.325217e+058 
2.362825e+062 -8.551795e+058 -1.956157e+059 -3.161141e+059 -4.323056e+059 -5.575795e+059 -6.823243e+059 -7.362691e+059 -6.967310e+059 -5.869493e+059 -4.101966e+059 4.104909e+056 
2.362982e+062 -5.514246e+058 -1.353301e+059 -2.307333e+059 -3.236366e+059 -4.134369e+059 -4.964409e+059 -5.317991e+059 -5.058754e+059 -4.331367e+059 -3.076103e+059 2.148433e+056 
2.363049e+062 -5.015374e+058 -1.158805e+059 -1.862459e+059 -2.633175e+059 -3.382805e+059 -4.180874e+059 -4.732063e+059 -4.553172e+059 -3.843196e+059 -2.717815e+059 1.577969e+056 
2.362939e+062 -7.041392e+058 -1.450385e+059 -2.086236e+059 -2.810159e+059 -3.589624e+059 -4.271766e+059 -4.668153e+059 -4.639836e+059 -4.066084e+059 -2.937807e+059 1.899858e+056 
2.362878e+062 -5.648857e+058 -1.088810e+059 -1.786835e+059 -2.781183e+059 -3.563036e+059 -4.092214e+059 -4.192940e+059 -3.972605e+059 -3.404384e+059 -2.373210e+059 1.458537e+056 
2.318755e+062 -3.412839e+060 -5.712811e+060 -1.471722e+061 -3.019390e+061 -3.485546e+061 -2.714400e+061 -2.057242e+061 -1.940037e+061 -1.729288e+061 -8.901311e+060 6.709980e+059 
2.341362e+062 -6.115645e+060 -1.551911e+061 -2.627989e+061 -3.705396e+061 -4.516093e+061 -4.952722e+061 -4.890173e+061 -4.322504e+061 -3.324757e+061 -2.074645e+061 2.189991e+060 
2.340985e+062 -6.620591e+060 -1.695205e+061 -2.898421e+061 -4.059795e+061 -4.920292e+061 -5.359801e+061 -5.254939e+061 -4.631978e+061 -3.560174e+061 -2.224978e+061 2.586107e+060 
2.341065e+062 -6.511113e+060 -1.679808e+061 -2.870853e+061 -4.027568e+061 -4.892501e+061 -5.330193e+061 -5.248524e+061 -4.636877e+061 -3.565318e+061 -2.237763e+061 2.559644e+060 
2.341377e+062 -6.514059e+060 -1.669816e+061 -2.867189e+061 -4.014423e+061 -4.865600e+061 -5.310994e+061 -5.219002e+061 -4.611052e+061 -3.546278e+061 -2.225307e+061 2.537415e+060 
