2.363240e+062 -4.336263e+058 -1.142687e+059 -2.029282e+059 -2.972651e+059 -3.820180e+059 -4.451427e+059 -4.721375e+059 -4.560769e+059 -3.903886e+059 -2.756261e+059 1.691872e+056 
2.363260e+062 -4.124999e+058 -1.083272e+059 -1.916211e+059 -2.808683e+059 -3.612719e+059 -4.200742e+059 -4.472295e+059 -4.314154e+059 -3.699161e+059 -2.613246e+059 1.515000e+056 
2.363279e+062 -3.761954e+058 -9.958588e+058 -1.768578e+059 -2.600075e+059 -3.343072e+059 -3.895460e+059 -4.141682e+059 -4.011047e+059 -3.440061e+059 -2.438136e+059 1.297407e+056 
2.363281e+062 -3.762668e+058 -9.940441e+058 -1.765604e+059 -2.591410e+059 -3.340459e+059 -3.887989e+059 -4.140919e+059 -4.005580e+059 -3.428099e+059 -2.433530e+059 1.293135e+056 
2.363279e+062 -3.801157e+058 -1.009462e+059 -1.788045e+059 -2.625390e+059 -3.379051e+059 -3.941450e+059 -4.193129e+059 -4.049248e+059 -3.473187e+059 -2.461582e+059 1.325897e+056 
2.363282e+062 -3.727062e+058 -9.932542e+058 -1.760568e+059 -2.578363e+059 -3.325350e+059 -3.876456e+059 -4.127495e+059 -3.986974e+059 -3.420895e+059 -2.426402e+059 1.283444e+056 
2.363281e+062 -3.793194e+058 -1.000182e+059 -1.782852e+059 -2.611049e+059 -3.361974e+059 -3.917184e+059 -4.167552e+059 -4.029284e+059 -3.459239e+059 -2.448007e+059 1.312055e+056 
2.363278e+062 -3.729283e+058 -9.859894e+058 -1.770087e+059 -2.592822e+059 -3.335547e+059 -3.894424e+059 -4.134291e+059 -4.009403e+059 -3.431380e+059 -2.433559e+059 1.290691e+056 
2.363264e+062 -3.668613e+058 -9.905964e+058 -1.772479e+059 -2.594180e+059 -3.352668e+059 -3.929669e+059 -4.159335e+059 -4.016428e+059 -3.447876e+059 -2.443256e+059 1.298155e+056 
2.347477e+062 2.412336e+060 1.308102e+060 6.953463e+059 5.397560e+060 4.159311e+060 1.406046e+059 4.166225e+060 3.765011e+060 4.836014e+059 1.231574e+060 1.344447e+058 
2.189673e+062 2.299971e+061 1.573932e+061 1.828009e+061 5.498067e+061 4.901650e+061 2.132268e+061 5.358020e+061 4.407504e+061 2.147275e+061 2.008292e+061 2.474663e+060 
1.512779e+062 1.041885e+062 1.218009e+062 7.668122e+061 2.550985e+062 4.479772e+062 3.954328e+062 4.556437e+062 6.433880e+062 6.296899e+062 5.004638e+062 2.432452e+062 
1.147212e+062 1.357493e+062 1.967074e+062 1.661183e+062 4.716618e+062 9.238137e+062 1.215019e+063 1.787327e+063 2.668127e+063 3.419375e+063 3.708962e+063 2.481885e+063 
1.430740e+062 1.158308e+062 1.400583e+062 7.856314e+061 3.023479e+062 5.394310e+062 5.043740e+062 6.222640e+062 8.822533e+062 9.146515e+062 7.770380e+062 4.070916e+062 
1.974565e+062 5.054486e+061 5.530200e+061 2.366178e+061 9.703516e+061 1.731611e+062 8.221833e+061 8.154157e+061 1.446775e+062 1.163295e+062 4.689075e+061 1.446740e+061 
2.186246e+062 2.373247e+061 1.925240e+061 1.490946e+061 5.240144e+061 5.786677e+061 2.256489e+061 4.805762e+061 4.661017e+061 2.573554e+061 2.056380e+061 2.505229e+060 
2.057501e+062 4.085583e+061 6.459633e+061 1.685193e+061 3.510802e+061 1.325978e+062 1.135143e+062 5.205975e+061 5.568809e+061 8.816509e+061 5.925737e+061 1.300577e+061 
2.263640e+062 1.390570e+061 1.113721e+061 6.551541e+060 2.963889e+061 3.642148e+061 5.626406e+060 2.160873e+061 3.235064e+061 1.106048e+061 6.359307e+060 5.452201e+059 
2.304554e+062 6.553036e+060 1.030348e+061 5.274963e+060 9.568505e+060 2.187644e+061 1.117300e+061 1.002093e+061 9.172871e+060 1.156346e+061 5.588912e+060 2.525060e+059 
2.339656e+062 1.371157e+060 2.847824e+060 4.878004e+060 4.304297e+060 4.014066e+060 -1.847832e+060 1.496255e+060 3.234053e+060 1.478142e+060 9.116719e+059 1.124882e+058 
2.351612e+062 -2.457754e+060 -6.071191e+060 -1.043195e+061 -1.530527e+061 -1.998222e+061 -2.332708e+061 -2.332846e+061 -2.081997e+061 -1.673365e+061 -1.112302e+061 4.264236e+059 
2.349546e+062 -3.415696e+060 -8.339047e+060 -1.414187e+061 -2.076181e+061 -2.666928e+061 -3.049866e+061 -3.072560e+061 -2.749750e+061 -2.196856e+061 -1.440934e+061 7.644825e+059 
2.348753e+062 -3.525339e+060 -8.429818e+060 -1.450972e+061 -2.154385e+061 -2.800353e+061 -3.172428e+061 -3.147262e+061 -2.798800e+061 -2.236829e+061 -1.489302e+061 8.126208e+059 
2.347518e+062 -3.825762e+060 -9.174831e+060 -1.575762e+061 -2.344221e+061 -3.031607e+061 -3.423699e+061 -3.394768e+061 -3.014521e+061 -2.409573e+061 -1.594704e+061 9.530234e+059 
2.348667e+062 -4.068531e+060 -1.010846e+061 -1.738164e+061 -2.508088e+061 -3.173171e+061 -3.557860e+061 -3.556893e+061 -3.187819e+061 -2.531246e+061 -1.656766e+061 1.073853e+060 
2.349450e+062 -4.022627e+060 -1.016313e+061 -1.752251e+061 -2.509104e+061 -3.140164e+061 -3.500862e+061 -3.501728e+061 -3.147658e+061 -2.503009e+061 -1.633842e+061 1.056928e+060 
2.351085e+062 -3.517077e+060 -8.833616e+060 -1.521174e+061 -2.181450e+061 -2.743188e+061 -3.068792e+061 -3.072585e+061 -2.761369e+061 -2.194326e+061 -1.435762e+061 8.039440e+059 
2.354596e+062 -2.603963e+060 -6.629556e+060 -1.147166e+061 -1.641595e+061 -2.058061e+061 -2.307000e+061 -2.330947e+061 -2.122648e+061 -1.708022e+061 -1.129762e+061 4.583931e+059 
2.357542e+062 -1.729809e+060 -4.413814e+060 -7.670606e+060 -1.107321e+061 -1.408396e+061 -1.610045e+061 -1.663675e+061 -1.549655e+061 -1.275794e+061 -8.662994e+060 2.220090e+059 
2.359051e+062 -1.349611e+060 -3.509249e+060 -6.159695e+060 -8.903922e+060 -1.129981e+061 -1.293531e+061 -1.347151e+061 -1.271966e+061 -1.063376e+061 -7.322500e+060 1.447971e+059 
2.361162e+062 -7.163934e+059 -1.862158e+060 -3.261824e+060 -4.714802e+060 -5.967052e+060 -6.830721e+060 -7.096827e+060 -6.693206e+060 -5.584046e+060 -3.835285e+060 4.015743e+058 
2.362048e+062 -4.148942e+059 -1.077393e+060 -1.885152e+060 -2.720167e+060 -3.453446e+060 -3.969760e+060 -4.164275e+060 -3.967766e+060 -3.350307e+060 -2.329588e+060 1.370339e+058 
2.362931e+062 -1.101086e+059 -2.821375e+059 -4.860747e+059 -6.938062e+059 -8.726008e+059 -9.985475e+059 -1.043573e+060 -9.966650e+059 -8.426062e+059 -5.858307e+059 8.849079e+056 
2.362452e+062 -2.904367e+059 -7.571931e+059 -1.331645e+060 -1.927366e+060 -2.452765e+060 -2.817509e+060 -2.949876e+060 -2.802227e+060 -2.357467e+060 -1.634167e+060 6.832676e+057 
2.362615e+062 -2.509634e+059 -6.553445e+059 -1.154060e+060 -1.672673e+060 -2.131332e+060 -2.452956e+060 -2.571710e+060 -2.447519e+060 -2.062978e+060 -1.432889e+060 5.170172e+057 
2.362958e+062 -1.401172e+059 -3.667728e+059 -6.455626e+059 -9.349456e+059 -1.192243e+060 -1.371548e+060 -1.437898e+060 -1.368199e+060 -1.153821e+060 -8.018049e+059 1.615349e+057 
2.362721e+062 -2.022035e+059 -5.285584e+059 -9.312904e+059 -1.351559e+060 -1.723597e+060 -1.986439e+060 -2.085561e+060 -1.987895e+060 -1.679486e+060 -1.168974e+060 3.388935e+057 
2.362828e+062 -1.886743e+059 -4.932149e+059 -8.677977e+059 -1.259768e+060 -1.606059e+060 -1.849868e+060 -1.943068e+060 -1.851375e+060 -1.563767e+060 -1.088585e+060 2.942099e+057 
2.363206e+062 -7.273471e+058 -1.906082e+059 -3.366644e+059 -4.898534e+059 -6.273395e+059 -7.259287e+059 -7.660663e+059 -7.343766e+059 -6.243283e+059 -4.378889e+059 4.521668e+056 
2.363230e+062 -5.011912e+058 -1.327368e+059 -2.337807e+059 -3.431355e+059 -4.401254e+059 -5.101504e+059 -5.416266e+059 -5.202115e+059 -4.450802e+059 -3.132751e+059 2.232968e+056 
2.363268e+062 -3.840075e+058 -1.016075e+059 -1.797050e+059 -2.644652e+059 -3.395377e+059 -3.963699e+059 -4.209920e+059 -4.076313e+059 -3.493382e+059 -2.470323e+059 1.341475e+056 
2.363276e+062 -3.819440e+058 -1.010774e+059 -1.783852e+059 -2.615537e+059 -3.359556e+059 -3.910688e+059 -4.155444e+059 -4.011844e+059 -3.441349e+059 -2.436084e+059 1.311471e+056 
2.363281e+062 -3.856931e+058 -1.011814e+059 -1.798482e+059 -2.628641e+059 -3.373998e+059 -3.918268e+059 -4.149025e+059 -4.008320e+059 -3.430707e+059 -2.424962e+059 1.316983e+056 
2.363278e+062 -3.776546e+058 -9.981582e+058 -1.767360e+059 -2.594481e+059 -3.347949e+059 -3.895548e+059 -4.147578e+059 -4.009894e+059 -3.440972e+059 -2.437808e+059 1.298618e+056 
2.363275e+062 -3.790821e+058 -9.992326e+058 -1.771620e+059 -2.599934e+059 -3.349430e+059 -3.891794e+059 -4.132307e+059 -4.002613e+059 -3.429436e+059 -2.430974e+059 1.297772e+056 
