9.844812e-258   1.000000e-030   1.111111e-001   1.000000e-030   1.000000e-030   1.000000e-030   1.000000e-030   1.000000e-030   1.000000e-030   1.000000e-030   1.000000e-030   1.000000e-030   1.000000e-030   1.000000e-030   1.000000e-030   8.750944e-288   7.777778e-001   1.000000e-030   1.000000e-030   1.000000e-030   1.000000e-030   1.000000e-030   1.000000e-030   1.000000e-030   1.000000e-030   1.000000e-030   2.046417e-245   1.000000e-030   9.357815e-224   1.000000e-030   1.000000e-030   1.111111e-001   

8.872586e-210   1.000000e-030   1.000000e-030   1.000000e-030   1.000000e-030   1.000000e-030   1.000000e-030   1.000000e-030   1.000000e-030   1.000000e-030   3.578237e-233   1.000000e-030   1.000000e-030   1.000000e-030   1.000000e-030   4.243449e-245   1.585002e-222   1.000000e-030   1.000000e-030   1.000000e-030   1.000000e-030   1.000000e-030   1.000000e-030   1.000000e-030   1.000000e-030   1.000000e-030   2.652156e-244   1.000000e-030   1.000000e-030   1.000000e-030   1.000000e-030   1.000000e+000   

2.000000e-001   1.000000e-030   1.000000e-030   1.000000e-030   2.000000e-001   1.000000e-030   1.000000e-030   1.000000e-030   1.000000e-030   1.204207e-241   1.281858e-216   1.000000e-030   1.000000e-030   1.000000e-030   1.000000e-030   2.000000e-001   2.436374e-223   1.000000e-030   1.000000e-030   1.000000e-030   1.208291e-239   1.000000e-030   1.000000e-030   1.000000e-030   7.119335e-237   1.414049e-230   2.000000e-001   1.000000e-030   1.000000e-030   1.000000e-030   1.000000e-030   2.000000e-001   

1.111111e-001   1.000000e-030   4.563614e-227   1.000000e-030   3.235265e-243   8.081497e-229   1.252757e-227   1.000000e-030   1.000000e-030   5.555556e-002   2.777778e-001   1.000000e-030   1.000000e-030   1.000000e-030   1.000000e-030   2.491968e-259   6.767705e-224   1.000000e-030   1.000000e-030   1.000000e-030   1.111111e-001   1.000000e-030   1.000000e-030   1.000000e-030   2.222222e-001   2.222222e-001   1.000000e-030   1.000000e-030   6.905822e-226   1.000000e-030   1.000000e-030   6.379438e-261   

1.000000e-030   1.000000e-030   2.857143e-001   1.000000e-030   1.000000e-030   1.428571e-001   1.428571e-001   1.000000e-030   1.000000e-030   1.000000e-030   2.030074e-270   1.000000e-030   1.000000e-030   1.000000e-030   1.000000e-030   1.000000e-030   1.428571e-001   1.000000e-030   1.000000e-030   1.000000e-030   1.000000e-030   1.000000e-030   1.000000e-030   1.000000e-030   4.729935e-267   1.405978e-170   3.559954e-290   1.000000e-030   2.857143e-001   1.000000e-030   1.000000e-030   1.000000e-030   

