2.363291e+062 -3.838563e+058 -1.006927e+059 -1.785453e+059 -2.610341e+059 -3.361214e+059 -3.914486e+059 -4.162695e+059 -4.023434e+059 -3.449734e+059 -2.442170e+059 1.313880e+056 
2.363291e+062 -3.833851e+058 -1.004785e+059 -1.782465e+059 -2.606485e+059 -3.356282e+059 -3.909320e+059 -4.157757e+059 -4.018569e+059 -3.446193e+059 -2.439901e+059 1.310255e+056 
2.363291e+062 -3.836472e+058 -1.006325e+059 -1.784388e+059 -2.609671e+059 -3.360905e+059 -3.915323e+059 -4.163873e+059 -4.024223e+059 -3.450258e+059 -2.442226e+059 1.313622e+056 
2.363291e+062 -3.843666e+058 -1.007991e+059 -1.787357e+059 -2.613546e+059 -3.365777e+059 -3.920651e+059 -4.169653e+059 -4.030192e+059 -3.456633e+059 -2.447147e+059 1.317779e+056 
2.363291e+062 -3.832486e+058 -1.005046e+059 -1.782068e+059 -2.606761e+059 -3.356601e+059 -3.909450e+059 -4.157875e+059 -4.018433e+059 -3.446321e+059 -2.439771e+059 1.310265e+056 
2.363291e+062 -3.834876e+058 -1.006113e+059 -1.784077e+059 -2.609948e+059 -3.360949e+059 -3.914230e+059 -4.163108e+059 -4.023466e+059 -3.450314e+059 -2.442790e+059 1.313334e+056 
2.363291e+062 -3.826804e+058 -1.003770e+059 -1.779969e+059 -2.603117e+059 -3.351840e+059 -3.904369e+059 -4.152262e+059 -4.013103e+059 -3.441871e+059 -2.436797e+059 1.306795e+056 
2.363291e+062 -3.826879e+058 -1.003985e+059 -1.780189e+059 -2.604999e+059 -3.354265e+059 -3.906733e+059 -4.154462e+059 -4.014719e+059 -3.443403e+059 -2.437707e+059 1.307970e+056 
2.363291e+062 -3.834249e+058 -1.005661e+059 -1.783462e+059 -2.608410e+059 -3.358824e+059 -3.912352e+059 -4.160937e+059 -4.021635e+059 -3.448550e+059 -2.441739e+059 1.312086e+056 
2.363291e+062 -3.839694e+058 -1.007098e+059 -1.785360e+059 -2.610389e+059 -3.360146e+059 -3.912633e+059 -4.160143e+059 -4.020646e+059 -3.447428e+059 -2.440776e+059 1.313072e+056 
2.363321e+062 -3.910882e+058 -1.023334e+059 -1.810311e+059 -2.639988e+059 -3.391415e+059 -3.946817e+059 -4.194885e+059 -4.053565e+059 -3.476441e+059 -2.461799e+059 1.341640e+056 
2.356574e+062 -1.376693e+060 -2.352083e+060 -2.155246e+060 -8.797596e+059 7.021203e+059 1.661670e+060 1.497602e+060 3.921285e+059 -9.266262e+059 -1.556419e+060 5.010633e+057 
2.337674e+062 -4.079912e+060 -5.192512e+060 -1.881954e+060 3.530553e+060 8.051614e+060 1.012809e+061 9.618447e+060 6.905000e+060 2.882280e+060 -5.166075e+059 1.835779e+058 
2.241754e+062 -1.718725e+061 -1.982359e+061 -6.321339e+060 1.423078e+061 3.547073e+061 4.986343e+061 4.914610e+061 3.289133e+061 1.071672e+061 -4.154937e+060 5.506512e+059 
2.197250e+062 -2.205381e+061 -1.963472e+061 7.707957e+060 3.769320e+061 5.686508e+061 6.020507e+061 4.747145e+061 2.417745e+061 1.914033e+060 -7.465968e+060 1.936190e+060 
2.144592e+062 -2.918858e+061 -2.278746e+061 2.049292e+061 6.510497e+061 8.595495e+061 7.775157e+061 4.882157e+061 1.467176e+061 -8.429850e+060 -1.194314e+061 4.210499e+060 
2.218105e+062 -1.248669e+061 2.724121e+060 3.322778e+061 4.763810e+061 4.010616e+061 2.414589e+061 1.364445e+061 9.616793e+060 6.602761e+060 3.377225e+060 5.058133e+059 
2.270681e+062 -4.322926e+060 9.856514e+060 2.752802e+061 2.603028e+061 1.105508e+061 -1.712510e+060 -1.199235e+059 9.283599e+060 1.306668e+061 8.191993e+060 1.104395e+059 
2.302664e+062 -2.677116e+060 7.102088e+060 1.901566e+061 1.698718e+061 3.912311e+060 -6.586999e+060 -3.980226e+060 6.345488e+060 1.123606e+061 6.789878e+060 4.034678e+058 
2.324965e+062 -1.856163e+060 4.109248e+060 1.141371e+061 9.740258e+060 5.116282e+059 -6.629890e+060 -4.541935e+060 3.036359e+060 6.752240e+060 3.875933e+060 5.140932e+057 
2.341436e+062 -1.047405e+060 2.056735e+060 5.211606e+060 3.169560e+060 -1.985845e+060 -4.411215e+060 -1.650065e+060 2.497694e+060 3.248226e+060 9.006281e+059 8.534171e+057 
2.350333e+062 -5.126351e+059 7.836214e+059 2.318655e+060 1.035325e+060 -6.217602e+059 -1.721373e+060 -1.060859e+060 4.509451e+059 4.606864e+059 -2.690024e+059 8.583013e+056 
2.361879e+062 -2.928096e+059 -5.990223e+059 -8.846717e+059 -1.198576e+060 -1.492031e+060 -1.725835e+060 -1.802019e+060 -1.665521e+060 -1.380578e+060 -9.795181e+059 2.902377e+057 
2.362925e+062 -9.946612e+058 -2.182790e+059 -3.614174e+059 -5.384980e+059 -7.169097e+059 -8.562725e+059 -9.118873e+059 -8.583040e+059 -7.126746e+059 -5.005738e+059 6.059695e+056 
2.363229e+062 -6.613887e+058 -1.708064e+059 -3.010387e+059 -4.408706e+059 -5.657157e+059 -6.571664e+059 -6.957149e+059 -6.675875e+059 -5.678794e+059 -3.985266e+059 3.694398e+056 
2.363300e+062 -4.130799e+058 -1.080948e+059 -1.914671e+059 -2.799522e+059 -3.601824e+059 -4.194661e+059 -4.458232e+059 -4.306254e+059 -3.687984e+059 -2.607572e+059 1.508662e+056 
2.363293e+062 -3.832933e+058 -1.005310e+059 -1.783240e+059 -2.608761e+059 -3.359130e+059 -3.912971e+059 -4.160978e+059 -4.020919e+059 -3.447504e+059 -2.440229e+059 1.311807e+056 
2.363290e+062 -3.832154e+058 -1.005182e+059 -1.781839e+059 -2.606307e+059 -3.356871e+059 -3.910260e+059 -4.159049e+059 -4.019914e+059 -3.447350e+059 -2.440409e+059 1.310589e+056 
2.363292e+062 -3.825849e+058 -1.003959e+059 -1.781065e+059 -2.604546e+059 -3.354424e+059 -3.907366e+059 -4.154935e+059 -4.015475e+059 -3.443798e+059 -2.437896e+059 1.308194e+056 
2.363291e+062 -3.829117e+058 -1.004754e+059 -1.781855e+059 -2.606351e+059 -3.356778e+059 -3.910516e+059 -4.158457e+059 -4.019171e+059 -3.446455e+059 -2.440001e+059 1.310188e+056 
2.363291e+062 -3.842708e+058 -1.008044e+059 -1.788116e+059 -2.615302e+059 -3.368001e+059 -3.923842e+059 -4.172844e+059 -4.032827e+059 -3.458465e+059 -2.448011e+059 1.319154e+056 
2.363291e+062 -3.836129e+058 -1.006177e+059 -1.785238e+059 -2.611240e+059 -3.362835e+059 -3.917353e+059 -4.166260e+059 -4.026759e+059 -3.452890e+059 -2.444295e+059 1.314917e+056 
2.363291e+062 -3.837546e+058 -1.006874e+059 -1.785978e+059 -2.612349e+059 -3.363975e+059 -3.919364e+059 -4.168609e+059 -4.028231e+059 -3.454424e+059 -2.445524e+059 1.316130e+056 
2.363292e+062 -3.832708e+058 -1.005584e+059 -1.783550e+059 -2.609338e+059 -3.360104e+059 -3.913763e+059 -4.162370e+059 -4.022689e+059 -3.449558e+059 -2.442096e+059 1.312632e+056 
2.363292e+062 -3.834967e+058 -1.006551e+059 -1.785415e+059 -2.611186e+059 -3.362611e+059 -3.917774e+059 -4.166258e+059 -4.026245e+059 -3.452708e+059 -2.444343e+059 1.314941e+056 
