36
37
38
37
37
37
38
38
37
35
34
33
31
30
30
28
26
24
23
21
20
17
14
14
11
9
5
5
3
1
-2
-3
-5
-4
-6
-9
-10
-12
-13
-13
-14
-15
-16
-18
-19
-19
-19
-20
-19
-17
-18
-18
-17
-15
-12
-10
-9
-7
-5
-4
-4
-3
-2
-1
1
1
2
2
3
3
5
7
10
11
12
12
14
14
15
15
14
14
13
14
12
12
11
9
8
8
8
7
6
4
3
2
-1
1
-1
-2
-2
-4
-3
-5
-6
-7
-7
-8
-9
-9
-10
-12
-12
-14
-14
-14
-15
-13
-14
-14
-13
-13
-11
-10
-12
-12
-11
-9
-8
-8
-8
-7
-5
-5
-3
-2
-2
-2
0
2
4
4
4
6
5
5
7
8
7
7
7
8
7
7
8
7
8
9
9
9
7
5
6
5
3
3
1
-1
-5
-5
-7
-9
-8
-9
-11
-13
-12
-15
-16
-15
-14
-15
-12
-13
-14
-15
-16
-17
-17
-16
-15
-14
-13
-11
-11
-10
-10
-10
-8
-7
-5
-3
1
4
5
7
8
8
10
11
14
17
19
22
25
26
28
28
30
31
33
34
34
36
35
38
38
37
36
36
35
33
32
31
30
30
26
24
21
19
18
14
11
10
8
4
1
-3
-6
-8
-10
-13
-17
-22
-24
-24
-26
-29
-31
-34
-36
-39
-38
-41
-42
-43
-44
-45
-47
-47
-45
-44
-44
-46
-44
-43
-41
-40
-40
-38
-37
-34
-30
-28
-25
-22
-20
-16
-13
-9
-6
-4
-1
2
5
7
11
14
18
20
22
23
25
29
31
34
35
37
37
39
39
43
44
45
44
42
42
41
40
39
39
38
38
36
34
33
31
28
25
23
20
18
16
12
10
6
4
2
-1
-3
-7
-10
-14
-16
-16
-17
-20
-22
-24
-27
-29
-30
-31
-31
-32
-34
-35
-33
-33
-32
-29
-28
-28
-28
-27
-27
-25
-24
-21
-18
-15
-14
-12
-11
-9
-6
-4
-1
0
2
5
5
6
9
12
15
18
19
19
21
23
24
26
27
28
30
33
33
33
33
33
32
32
31
31
31
30
30
28
26
24
25
23
22
20
17
15
14
14
13
11
9
6
4
2
-2
-2
-3
-7
-9
-11
-12
-12
-14
-16
-17
-18
-18
-21
-22
-23
-25
-25
-26
-25
-26
-27
-27
-27
-26
-27
-27
-25
-24
-23
-21
-21
-19
-19
-17
-16
-16
-14
-14
-14
-12
-11
-9
-9
-7
-7
-6
-7
-5
-2
-1
-2
-1
-2
-1
1
1
3
2
3
2
3
4
5
5
3
2
2
2
2
1
0
1
1
1
3
3
2
1
-1
-1
0
0
-1
-2
-2
-1
-2
1
1
1
2
1
0
0
-1
-1
-1
0
0
0
0
-1
-1
0
0
1
0
1
1
2
3
3
4
4
4
3
5
7
7
7
7
8
7
7
7
6
6
5
4
5
6
8
7
8
6
6
7
6
7
7
9
8
8
8
10
11
8
7
5
5
6
5
7
9
9
9
9
7
4
3
4
2
2
3
3
2
3
3
0
1
-1
-2
-1
-3
-2
-1
-1
-3
-2
-2
-3
-4
-4
-4
-4
-3
-3
-4
-5
-2
-4
-4
-3
-4
-5
-5
-5
-4
-5
-5
-6
-5
-4
-4
-4
-4
-5
-4
-2
-4
-3
-4
-4
-3
-4
-4
-6
-5
-5
-4
-3
-3
-4
-3
-3
-3
-1
-2
-1
-2
-2
-1
0
0
-1
-3
-4
-3
-2
-1
-1
-1
-2
-2
-2
-1
-3
-1
-2
-1
-1
-1
0
0
-1
0
1
1
2
1
2
1
2
1
1
2
2
4
3
4
3
4
5
4
5
3
4
5
4
4
3
3
2
0
1
1
3
3
3
3
2
2
3
4
5
3
3
2
1
2
2
2
3
4
4
3
3
1
-1
-1
-1
0
0
3
4
3
4
3
2
2
2
2
3
1
1
-1
-1
-2
-1
0
-1
-1
-1
-2
-2
-1
-2
-1
-2
-3
-2
-2
-1
-1
-1
-1
0
0
0
-2
-1
-3
-3
-2
-3
-2
-2
-3
-2
-3
-1
-1
-1
-1
-2
-3
-4
-5
-4
-2
-1
-2
-2
-3
-4
-4
-4
-2
-3
-2
-2
-2
-1
0
-1
-3
-2
-4
-3
-1
0
1
0
-2
-1
0
2
1
0
0
1
0
1
0
0
-1
-1
0
-1
1
0
1
0
-2
-1
0
0
1
1
2
2
1
1
2
4
3
1
0
1
2
3
4
3
4
3
3
3
2
1
-1
-2
-3
-3
-2
-4
-6
-6
-6
-5
-4
-2
1
1
0
-1
-4
-5
-4
-2
-1
2
3
0
-1
-1
-1
0
2
2
1
0
-2
-3
-5
-3
1
5
8
7
5
5
4
1
0
2
2
4
4
2
-2
-4
-5
-2
1
4
4
4
1
0
1
2
-1
-1
0
-1
-1
0
1
3
1
2
-1
-3
-3
-4
0
2
2
-1
-1
-5
-11
-10
-9
-6
-6
-4
-6
-8
-11
-13
-12
-11
-8
-6
-5
-10
-12
-15
-14
-10
-7
-1
1
1
-2
-5
-4
-2
1
3
4
2
6
5
2
3
3
7
10
12
12
13
12
11
13
14
14
15
16
16
18
19
21
18
16
13
13
14
15
21
20
20
16
10
10
10
11
14
14
16
14
11
6
1
0
-1
3
5
4
7
0
-4
-5
-9
-8
-8
-8
-5
-6
-8
-9
-12
-13
-10
-11
-10
-12
-17
-16
-15
-14
-16
-14
-11
-13
-10
-14
-12
-8
-7
-5
-5
-4
-6
-8
-5
-6
-4
0
2
1
1
-2
-6
-2
-2
2
7
8
7
7
5
3
7
8
10
11
10
6
4
3
2
1
-2
-3
-1
-2
-5
-3
-3
-4
-3
-3
-7
-8
-9
-9
-10
-12
-14
-15
-17
-18
-18
-16
-15
-16
-19
-22
-25
-28
-24
-24
-25
-23
-21
-24
-20
-21
-23
-25
-21
-18
-10
-6
-10
-17
-19
-21
-21
-5
-21
-13
-6
-10
10
18
-18
-24
-8
-8
19
6
14
10
18
15
-1
2
-12
10
25
32
39
31
10
13
22
13
20
27
16
28
27
18
16
5
11
17
32
36
34
27
20
16
4
14
8
12
20
10
8
5
3
-1
7
11
9
13
4
3
2
0
2
-1
-1
-3
-7
-7
-8
-8
-11
-14
-12
-11
-8
-8
-8
-12
-12
-10
-8
-8
-10
-10
-9
-5
-4
-3
-5
-2
-3
-4
-2
-3
3
1
4
4
7
10
8
11
11
12
11
12
12
13
12
8
10
9
11
14
16
16
15
14
12
13
12
12
13
13
9
7
6
3
1
1
-1
1
1
3
3
0
-1
-8
-10
-12
-12
-13
-13
-12
-14
-15
-16
-16
-21
-18
-20
-21
-20
-19
-20
-19
-17
-16
-15
-17
-14
-15
-14
-12
-11
-9
-10
-10
-12
-8
-5
-3
1
1
1
1
2
5
8
11
10
14
14
16
15
14
15
13
13
16
16
17
16
12
12
10
13
17
20
21
22
19
18
17
15
15
15
16
15
14
11
8
8
8
6
2
1
-2
-1
-2
-4
-6
-5
-5
-8
-6
-6
-8
-10
-11
-12
-11
-12
-13
-15
-15
-17
-12
-13
-14
-13
-15
-13
-15
-13
-11
-9
-6
-4
-3
-4
-4
-8
-6
-5
-6
-3
-2
0
2
4
2
1
3
4
4
7
7
11
12
12
11
13
11
11
16
14
18
18
19
20
20
20
17
15
15
14
15
15
13
12
10
7
6
6
6
9
10
8
5
1
-2
-4
-2
-2
1
1
-1
-4
-8
-10
-11
-8
-10
-10
-9
-10
-12
-15
-15
-16
-13
-11
-11
-13
-16
-16
-16
-11
-8
-7
-7
-8
-10
-10
-9
-10
-11
-10
-9
-5
-6
-5
-6
-2
0
0
1
0
1
3
3
4
3
1
3
3
6
6
7
6
4
5
6
7
5
9
7
6
6
4
4
3
3
4
5
8
9
7
5
5
3
5
4
5
6
6
5
4
3
0
1
1
3
1
0
0
1
1
2
2
2
1
0
0
-1
0
-2
-3
-1
-1
0
-2
-3
-4
-5
-6
-6
-5
-4
-3
-3
-2
-2
-1
-1
1
0
2
1
0
-1
-3
-1
0
2
2
0
2
2
2
3
3
4
5
8
6
9
9
5
4
4
6
8
8
8
8
8
5
5
5
4
3
2
3
2
3
3
3
3
1
2
1
1
2
2
3
3
2
0
-1
-4
-6
-5
-4
-4
-6
-6
-5
-6
-8
-7
-7
-9
-8
-8
-8
-8
-10
-8
-9
-8
-9
-10
-10
-10
-7
-6
-5
-6
-7
-7
-7
-5
-5
-5
-6
-7
-6
-5
-4
-5
-4
-4
-4
-3
-4
-3
-5
-5
-3
-3
0
1
4
3
1
0
0
2
3
5
6
6
6
6
5
5
5
7
7
6
6
5
5
5
3
4
3
3
2
1
0
-1
-1
-1
0
0
-1
-2
-6
-7
-6
-5
-6
-5
-5
-5
-5
-8
-8
-10
-9
-9
-9
-8
-5
-7
-5
-5
-7
-7
-8
-9
-8
-7
-7
-5
-4
-2
-2
-3
-2
-3
-1
-3
-1
-3
-2
-1
-2
0
0
1
1
1
1
0
1
3
4
5
9
8
8
8
6
5
5
5
7
8
9
8
7
6
6
5
6
5
4
4
4
5
6
7
7
6
5
5
6
5
5
4
5
4
1
1
1
0
1
1
0
1
0
0
0
-1
-1
-1
-2
-4
-2
-2
-2
-2
-1
-1
-1
-2
-3
-2
-1
-2
0
0
-1
0
0
2
4
4
3
2
4
3
5
6
3
3
3
3
4
4
4
4
3
1
0
1
3
3
4
4
3
3
1
1
1
-1
0
-2
0
-1
-2
-3
-1
-1
-3
-2
-4
-6
-7
-7
-7
-5
-6
-8
-8
-9
-9
-9
-10
-8
-7
-6
-5
-7
-8
-10
-10
-13
-11
-11
-11
-11
-12
-11
-9
-8
-7
-8
-8
-9
-8
-9
-9
-8
-7
-6
-4
-4
-3
-4
-5
-3
-1
2
3
3
2
3
2
1
0
1
2
4
4
5
4
4
5
5
7
8
9
8
7
6
6
6
6
7
6
8
6
9
9
9
10
9
7
6
4
4
6
7
7
7
7
5
5
6
6
5
4
5
6
6
5
3
2
1
1
0
0
0
-1
-2
-4
-3
-1
-1
0
0
0
0
-1
0
1
2
3
3
2
2
2
1
1
1
1
0
-1
2
1
1
1
0
1
3
3
3
4
1
1
0
0
0
0
-1
-2
-1
-2
0
1
1
2
0
1
1
1
0
-1
-3
-2
-3
-3
-4
-4
-3
-3
-2
-5
-6
-5
-5
-5
-5
-4
-4
-4
-6
-8
-6
-7
-6
-6
-4
-4
-2
-3
-4
-4
-5
-3
-5
-6
-5
-6
-8
-7
-5
-5
-5
-4
-4
-2
-2
-3
-4
-4
-5
-4
-5
-6
-6
-4
-3
-5
-4
-4
-3
-2
-4
-2
-1
-1
0
-2
-2
-1
-1
1
1
3
3
3
5
3
4
4
3
4
4
3
3
2
2
1
2
3
5
4
4
3
4
4
5
5
5
5
5
3
2
2
1
1
2
3
4
3
4
5
5
5
4
4
3
3
1
2
1
2
3
3
4
3
2
1
1
1
1
1
1
2
2
-1
-1
0
0
1
0
2
2
2
3
2
3
2
3
2
2
1
1
1
-1
1
3
3
2
2
1
0
2
2
3
3
2
2
1
0
0
0
0
0
1
2
2
2
2
-1
0
-1
0
1
1
1
1
1
0
0
1
0
-1
-1
-2
-2
0
-2
0
-2
-3
-2
-4
-4
-4
-3
-2
-4
-4
-5
-4
-4
-3
-4
-4
-5
-6
-5
-6
-6
-5
-4
-4
-4
-3
-3
-2
-1
0
0
-1
0
1
2
2
2
2
3
3
2
0
0
-2
-2
-1
0
1
1
0
1
1
2
2
1
3
2
2
0
1
1
0
1
1
0
-1
-1
-2
0
1
2
3
2
3
3
4
2
3
1
0
1
0
0
-2
1
0
-1
1
1
1
1
3
2
2
1
-1
0
-2
0
-1
0
-1
-1
1
0
1
0
0
0
0
-1
-2
0
0
0
0
0
0
0
0
0
1
2
1
-1
-2
-3
-4
-1
-1
0
1
1
0
0
3
3
4
5
4
5
4
5
4
3
2
2
2
3
5
4
5
5
3
2
2
2
4
2
2
2
2
1
-1
-1
-2
-1
-1
-1
0
1
1
3
1
3
3
2
2
0
1
0
-1
0
1
0
1
0
-1
-1
-1
0
1
2
2
2
1
1
0
-1
-1
0
1
-1
1
1
3
2
4
4
3
4
4
3
1
1
1
2
5
4
4
3
3
2
3
3
3
4
4
3
1
0
-1
-1
1
0
0
0
-2
-2
-1
-1
-1
-1
-1
-2
-3
-3
-3
-2
-3
-2
-3
-3
-3
-3
-3
-5
-3
-3
-3
-2
-2
-2
-2
-2
-3
-3
-4
-2
-1
-2
-1
-1
-1
-1
-1
-2
-3
-3
-5
-4
-3
-2
0
1
0
-1
1
2
3
3
2
3
3
2
0
0
0
2
0
-1
0
1
0
0
-1
-1
0
1
0
0
1
-1
-1
-2
-2
-2
-2
-4
-6
-7
-7
-6
-6
-4
-3
-5
-4
-6
-4
-3
-1
-1
-2
-3
-4
-4
-3
-2
0
0
-1
-2
-2
-2
-2
-1
-2
-1
-3
-2
-1
1
2
1
1
0
2
3
4
5
4
3
2
3
5
4
4
3
3
2
3
2
2
3
3
5
4
3
6
6
6
6
6
6
4
4
2
2
1
1
1
1
4
4
4
2
4
4
2
1
1
0
0
0
2
1
0
-1
0
-1
0
0
0
1
0
1
0
1
1
0
-1
-2
-3
-2
-3
-3
-3
-3
-3
-1
-2
-2
-3
-4
-4
-3
-2
-3
-1
-2
-3
-2
-1
-3
-2
-2
-3
-3
-3
-2
-2
-2
-1
-3
-2
-4
-4
-5
-3
-4
-3
-4
-2
-3
-3
-3
-3
-1
-2
0
0
0
0
1
1
-1
-2
-3
-3
-5
-4
-2
-3
-4
-2
-1
-4
-1
-1
-1
2
1
1
1
0
-1
-1
-1
1
0
-2
-2
-3
-2
-2
-4
-3
-2
-1
-2
0
-1
0
1
1
0
0
0
0
0
0
0
1
0
1
1
2
2
5
5
4
4
1
4
4
3
6
4
4
2
3
1
3
2
-1
3
0
4
6
4
5
6
4
0
4
1
3
6
4
5
6
5
3
7
4
4
4
2
5
3
4
3
4
5
5
5
1
2
-2
0
-1
1
3
0
3
0
0
-3
-1
-2
-2
3
-1
2
0
-1
-2
1
2
-2
3
-3
-1
-1
-1
-1
1
2
-2
4
-3
-2
-1
-4
-2
-3
-3
-5
-1
-2
-1
0
-3
0
-2
-1
0
2
1
0
2
-3
2
-1
-3
-2
-3
-1
-3
2
-2
-1
1
-2
0
-1
0
-1
-1
-2
-4
-3
-6
-4
-7
-4
-2
-2
-1
-2
0
-5
1
1
-1
1
2
2
-5
3
-2
-5
5
-3
-2
-3
-2
-9
-2
0
-6
2
-3
-1
0
3
0
4
5
-2
4
-4
-2
0
-5
-3
0
-4
-7
1
-7
-3
5
0
-1
10
0
-3
12
1
2
10
3
-3
2
5
-4
8
5
5
2
4
7
-2
10
10
4
4
11
5
4
14
3
-1
11
5
-1
7
9
0
9
8
4
4
5
4
1
8
7
4
-2
6
-2
-2
11
1
2
5
0
-1
7
3
-3
6
-3
-3
1
-3
-5
1
-1
-1
5
-6
-3
-5
-4
-9
1
-6
-14
4
-8
-8
3
6
-12
3
11
-21
1
9
-10
-2
17
0
-11
16
2
-16
6
4
-20
-6
9
-14
-9
12
-2
-14
11
2
-11
5
7
-11
-3
8
-12
-3
4
-5
-8
9
-5
-8
7
-13
-11
2
-5
-13
2
0
-20
2
2
-17
-2
2
-16
-17
-1
-13
-24
0
-9
-28
-7
-8
-25
-21
-3
-24
-19
3
-10
-13
-5
1
-18
-5
5
-18
-1
-8
-6
-8
-4
2
-18
4
-14
0
-12
-10
3
-21
4
-7
0
-10
2
5
-18
11
-6
-6
-7
0
-5
-14
17
-10
-4
3
4
-7
3
13
-9
2
16
-1
-3
20
3
-2
3
12
-9
-2
15
-17
-3
-5
4
-21
-10
6
-32
5
-12
-6
-23
1
-7
-24
10
-23
1
-15
-6
-1
-16
3
-10
8
-25
8
6
-19
10
0
-6
-12
25
-5
-5
22
2
3
4
14
8
-17
24
24
-9
24
37
-1
-2
65
-7
-5
58
5
-7
33
37
-25
33
31
-19
10
32
9
-24
32
4
-26
16
5
-18
-22
16
-25
-29
4
-15
-41
-16
-4
-44
-30
-2
-30
-42
-8
-13
-37
-13
8
-35
-21
17
-14
-16
15
20
-20
16
29
-5
11
40
19
-5
46
34
7
38
53
16
28
65
28
24
59
38
14
44
43
9
29
54
-2
20
47
-5
8
30
-1
-21
26
0
-20
24
-5
-25
-12
-12
-48
-33
-12
-59
-30
-30
-45
-51
-41
-56
-76
-34
-65
-53
-47
-50
-58
-42
-45
-55
-37
-45
-41
-43
-21
-42
-27
-24
-8
-25
-9
11
-17
-3
9
9
-14
48
14
5
48
27
17
37
50
11
60
44
28
56
38
42
42
53
23
47
35
9
51
22
18
24
33
0
24
38
-9
26
17
10
-4
19
1
-13
14
-2
-6
-14
9
-15
-24
1
-20
-16
-5
0
-18
-17
10
-34
-21
-11
-16
-22
-4
4
-39
-1
-9
-27
-11
-15
-8
-35
4
-16
-20
-8
-8
5
-32
13
-9
-3
-5
9
21
-27
36
6
-5
1
40
6
-11
61
4
7
31
50
6
29
78
28
38
82
78
33
75
97
48
76
126
71
54
104
71
43
93
96
36
76
95
42
49
79
44
8
51
55
6
12
40
-10
-27
45
-3
-51
7
-14
-72
-36
-17
-92
-77
-32
-87
-92
-56
-100
-147
-96
-113
-157
-136
-141
-164
-183
-132
-156
-202
-152
-174
-183
-186
-156
-185
-200
-133
-170
-151
-132
-115
-145
-106
-72
-87
-59
-24
-23
-16
40
65
65
112
124
149
172
204
228
237
262
288
301
315
343
343
329
367
352
348
375
355
312
356
327
281
295
289
221
219
233
136
135
123
68
27
22
3
-50
-50
-111
-149
-157
-168
-203
-251
-255
-311
-332
-346
-361
-403
-412
-404
-455
-460
-490
-501
-521
-495
-512
-541
-511
-532
-530
-484
-479
-504
-453
-416
-428
-326
-284
-322
-214
-89
-109
-75
98
97
111
278
325
302
421
556
528
571
718
726
714
779
834
800
859
889
844
826
835
840
786
777
737
684
635
623
564
464
438
400
307
225
230
148
54
48
-6
-65
-94
-107
-178
-224
-229
-264
-277
-305
-328
-364
-379
-395
-446
-449
-473
-506
-524
-535
-584
-579
-597
-670
-682
-677
-725
-757
-749
-794
-836
-798
-848
-879
-829
-812
-885
-651
-802
-954
-493
-355
-636
-574
-25
-347
-330
255
185
-122
213
679
353
358
844
826
583
778
1083
911
947
1066
1044
920
975
1150
1032
892
862
917
852
726
745
642
511
446
503
349
195
261
146
-6
-26
35
-122
-221
-133
-252
-341
-235
-185
-401
-381
-246
-310
-323
-223
-220
-348
-236
-120
-219
-213
-94
-134
-215
-75
-57
-185
-131
-82
-204
-229
-141
-232
-346
-319
-362
-482
-467
-490
-641
-685
-689
-758
-811
-857
-912
-958
-838
-1018
-921
-804
-1030
-815
-576
-591
-874
-379
-254
-501
-138
90
-39
-84
381
445
304
551
779
712
638
969
1010
1006
1028
1058
1167
1084
1156
1188
1135
1033
1050
1122
997
934
904
884
746
685
681
519
483
413
295
200
227
170
20
28
7
-84
-86
-1
-162
-263
-101
-148
-248
-176
-120
-244
-242
-135
-189
-202
-166
-184
-248
-189
-136
-203
-204
-231
-287
-279
-252
-326
-374
-389
-475
-511
-506
-570
-704
-699
-726
-848
-876
-824
-904
-1006
-980
-889
-770
-1091
-895
-538
-643
-861
-520
-216
-604
-279
105
-67
-260
218
482
141
295
666
642
481
686
899
860
835
847
1030
932
899
1054
1109
951
839
1036
1013
785
823
894
722
604
732
607
417
445
453
251
192
282
136
3
106
52
-120
-28
68
-160
-189
-29
-134
-270
-114
-108
-329
-225
-101
-265
-307
-180
-284
-374
-250
-294
-393
-367
-376
-449
-481
-452
-552
-606
-612
-697
-703
-775
-834
-897
-967
-997
-1033
-1066
-1088
-1099
-1166
-1194
-917
-953
-1328
-853
-534
-776
-929
-339
-354
-649
-93
140
-184
-161
442
429
200
507
788
708
576
854
993
1020
1003
1034
1204
1095
1098
1237
1300
1054
1018
1275
1171
953
973
1049
850
731
841
709
566
542
560
388
346
365
262
210
167
131
70
125
125
-24
-22
26
-12
-71
-29
-75
-176
-145
-107
-195
-261
-200
-234
-308
-293
-318
-357
-414
-432
-486
-517
-557
-621
-670
-752
-764
-796
-879
-974
-1027
-1086
-1149
-1153
-1207
-1254
-1325
-1306
-1302
-1070
-1297
-1462
-919
-761
-1016
-1008
-379
-584
-633
-91
2
-266
-46
500
376
257
611
873
762
681
956
1139
1150
1020
1173
1350
1213
1242
1418
1426
1147
1245
1472
1309
1090
1151
1234
1009
904
942
840
677
585
573
466
397
337
239
181
153
57
36
83
-38
-163
-24
-63
-221
-130
-91
-265
-318
-184
-208
-340
-340
-347
-413
-385
-395
-492
-502
-567
-604
-619
-602
-730
-798
-792
-869
-968
-993
-959
-1133
-1153
-1137
-1142
-1281
-1289
-1187
-1344
-1327
-1196
-885
-1408
-1262
-629
-665
-948
-670
-114
-553
-308
221
190
-30
367
782
547
567
894
1103
979
933
1219
1378
1341
1128
1402
1500
1277
1315
1508
1420
1094
1301
1473
1186
991
1060
1062
787
746
771
678
486
406
378
245
180
116
32
-84
-91
-151
-168
-138
-269
-320
-221
-239
-362
-339
-246
-367
-428
-328
-318
-433
-453
-428
-456
-488
-472
-469
-537
-605
-566
-573
-646
-720
-726
-797
-827
-795
-823
-891
-927
-931
-1044
-987
-1040
-1090
-1080
-1102
-1119
-915
-806
-1247
-840
-427
-608
-837
-291
-89
-443
41
369
155
65
581
702
472
678
952
986
852
921
1132
1241
1122
985
1246
1204
1034
1115
1296
1045
841
1130
1114
795
732
868
755
514
568
536
364
236
295
205
70
110
70
-50
-135
-47
-124
-111
-51
-181
-194
-100
-75
-158
-125
-76
-129
-150
-77
-46
-153
-112
-106
-137
-179
-180
-171
-279
-314
-313
-351
-421
-467
-496
-613
-641
-661
-719
-822
-882
-905
-958
-1002
-1057
-1059
-1097
-1122
-1162
-877
-988
-1331
-815
-493
-789
-962
-282
-280
-555
-36
217
-25
-33
507
560
388
570
864
845
699
828
1045
1145
904
880
1156
1079
921
1038
1196
885
777
1053
1035
731
667
835
704
507
547
545
410
261
342
273
137
170
169
56
-14
57
27
25
26
-60
-40
38
53
-23
-27
37
9
-59
26
45
-85
-73
-20
-79
-190
-107
-101
-332
-307
-228
-380
-506
-455
-532
-698
-655
-688
-801
-893
-901
-985
-1030
-1046
-1169
-1125
-1164
-1239
-1198
-859
-1178
-1424
-737
-653
-1012
-974
-274
-527
-653
-47
33
-212
-40
462
380
295
533
786
761
639
790
1024
1084
806
864
1183
1027
878
1038
1170
826
808
1092
990
714
719
866
690
504
574
601
445
284
388
372
165
101
290
162
-42
101
211
19
-28
202
51
-82
142
166
-46
61
219
29
-17
160
39
-109
69
57
-202
-118
-23
-252
-307
-150
-287
-471
-382
-402
-635
-653
-597
-731
-904
-900
-880
-1003
-1150
-1130
-1096
-1247
-1291
-1177
-992
-1371
-1365
-779
-786
-1108
-954
-381
-673
-631
-120
-96
-325
-89
357
302
215
429
711
642
537
720
984
987
714
852
1118
955
859
1029
1111
809
819
1048
939
686
703
872
711
528
573
599
443
277
390
381
223
237
302
151
96
243
196
118
157
195
119
161
288
138
103
254
156
56
218
198
-28
37
147
-37
-151
24
-74
-334
-224
-211
-424
-483
-424
-552
-700
-649
-717
-872
-967
-930
-1040
-1116
-1141
-1222
-1203
-1254
-1312
-1196
-1070
-1458
-1187
-733
-868
-1155
-749
-375
-731
-413
-39
-121
-252
175
420
272
375
640
739
659
651
851
1040
942
742
998
1116
924
907
1096
985
749
975
1073
855
710
820
820
628
579
605
558
403
349
409
330
214
233
295
132
93
208
180
53
141
222
120
144
274
194
113
241
224
127
219
215
89
111
215
63
-27
65
-57
-186
-133
-166
-333
-394
-366
-497
-624
-618
-645
-819
-933
-937
-1017
-1061
-1174
-1184
-1230
-1260
-1330
-1108
-1147
-1501
-1059
-772
-980
-1171
-600
-526
-776
-308
-105
-265
-228
250
312
180
348
585
652
588
644
812
969
818
667
963
993
816
872
1037
825
718
955
961
731
660
820
766
615
590
596
542
397
386
416
340
238
303
294
119
201
292
238
170
257
267
167
245
317
197
205
326
239
162
243
194
78
102
138
-21
-86
-10
-145
-306
-254
-277
-456
-508
-463
-613
-709
-698
-746
-924
-1017
-918
-1018
-1179
-1216
-1153
-1262
-1338
-1197
-1078
-1445
-1301
-818
-918
-1202
-915
-472
-786
-604
-218
-240
-365
-70
201
137
173
361
521
530
505
590
808
820
577
757
993
818
740
935
947
678
813
1009
855
646
753
818
662
603
651
594
465
382
447
407
297
277
374
261
138
289
316
177
162
317
248
142
301
302
178
230
310
222
184
252
198
122
141
131
-28
-30
-23
-182
-248
-201
-346
-469
-479
-518
-638
-705
-747
-828
-898
-992
-1013
-1072
-1169
-1241
-1192
-1207
-1388
-1148
-1201
-1452
-1113
-848
-1040
-1168
-634
-620
-763
-397
-200
-358
-248
165
161
134
336
514
515
573
677
787
900
830
786
979
1034
912
920
1078
917
845
1029
1014
817
793
917
802
689
708
692
598
514
529
509
409
347
404
381
275
322
370
347
285
343
355
325
328
361
368
317
349
348
290
275
258
255
189
133
80
3
-22
-83
-202
-259
-308
-428
-489
-536
-632
-743
-797
-850
-958
-1042
-1052
-1135
-1239
-1242
-1276
-1279
-1371
-1255
-1255
-1452
-1100
-960
-1077
-1166
-739
-685
-782
-418
-293
-397
-307
121
153
82
247
476
477
494
611
748
798
698
743
931
902
835
858
947
820
792
988
959
744
710
875
786
636
655
670
553
443
485
520
385
288
364
395
236
245
377
261
136
314
360
227
230
319
254
213
299
252
175
214
174
94
115
86
-54
-67
-46
-132
-265
-286
-308
-495
-540
-518
-659
-806
-791
-872
-995
-1024
-1092
-1175
-1280
-1291
-1353
-1328
-1345
-1372
-1440
-1455
-1131
-1118
-1169
-1167
-834
-806
-745
-426
-409
-409
-240
115
167
164
330
486
503
574
752
895
905
783
875
1058
1001
1012
1028
1043
892
912
1077
996
817
780
889
800
656
670
631
526
433
489
459
354
264
264
350
264
182
282
290
102
216
349
225
111
235
244
134
207
268
84
48
138
57
15
67
-41
-153
-145
-177
-299
-362
-354
-472
-626
-611
-660
-802
-884
-964
-1011
-1085
-1131
-1202
-1281
-1337
-1255
-1244
-1337
-1337
-1388
-1091
-1011
-1101
-1090
-847
-650
-737
-417
-274
-305
-267
65
189
138
346
542
492
467
700
912
904
796
833
1027
1036
1017
1055
1043
948
915
1089
1024
870
832
861
765
682
685
648
534
421
413
442
357
244
215
262
204
179
236
186
82
189
337
177
150
306
251
178
264
310
216
181
260
192
84
164
143
-12
-45
-25
-100
-195
-261
-328
-412
-507
-534
-642
-769
-824
-882
-940
-1003
-1126
-1195
-1217
-1211
-1196
-1269
-1245
-1346
-1201
-978
-1039
-1106
-931
-659
-757
-572
-370
-340
-323
-106
110
104
200
415
442
382
549
730
799
768
695
858
946
877
925
946
910
822
938
1000
847
716
840
797
610
652
684
552
416
411
413
363
291
215
271
196
121
196
259
123
64
292
238
43
169
300
137
146
287
207
86
165
226
82
55
84
-6
-53
-93
-151
-231
-272
-398
-490
-494
-572
-714
-797
-810
-913
-1045
-1012
-1104
-1237
-1285
-1204
-1184
-1297
-1337
-1347
-1078
-1057
-1192
-1097
-854
-823
-828
-513
-422
-498
-321
-28
-16
16
260
391
376
414
613
760
756
740
809
978
947
904
1014
1041
899
894
1059
947
756
824
879
726
619
672
559
453
483
449
341
308
305
117
170
268
135
69
221
160
2
207
268
76
96
285
215
88
228
230
79
116
213
81
25
62
-36
-92
-105
-121
-246
-332
-400
-468
-465
-560
-676
-784
-792
-850
-959
-1004
-1066
-1101
-1186
-1135
-1094
-1268
-1356
-1039
-953
-1214
-1063
-758
-862
-894
-473
-353
-545
-371
-5
-7
-8
228
384
361
396
531
725
780
653
726
943
905
818
958
1020
851
822
1018
1003
786
742
807
739
648
653
656
483
365
429
447
335
250
169
212
209
136
175
215
62
13
268
240
60
158
237
90
124
316
211
67
167
205
101
153
159
-23
-33
22
-52
-142
-146
-267
-426
-380
-424
-606
-664
-685
-826
-930
-885
-965
-1069
-1109
-1060
-972
-1178
-1262
-910
-810
-1087
-1047
-665
-730
-825
-458
-345
-541
-381
9
8
-77
128
363
366
313
430
705
754
576
649
882
860
765
917
990
767
766
1012
957
690
713
858
738
584
645
652
441
376
489
466
317
262
297
292
202
175
247
200
94
147
245
151
106
198
190
110
131
236
177
97
113
87
96
109
31
-50
-85
-121
-134
-168
-292
-399
-402
-433
-551
-615
-640
-752
-829
-820
-877
-976
-973
-964
-942
-1022
-1169
-932
-737
-909
-1002
-701
-612
-752
-487
-304
-486
-431
-48
22
-121
28
278
284
248
366
511
574
527
526
688
720
658
735
818
669
636
817
781
588
584
652
578
502
510
449
344
317
307
270
203
152
115
134
93
54
80
93
29
60
136
82
70
105
128
96
126
190
123
89
121
126
103
79
55
24
-46
-110
-96
-129
-239
-315
-336
-411
-520
-535
-554
-678
-751
-733
-768
-833
-891
-851
-778
-960
-1007
-743
-641
-844
-818
-556
-605
-608
-323
-244
-417
-270
36
19
-1
165
283
288
319
459
582
580
542
601
671
693
705
760
708
618
683
772
702
590
574
566
559
516
417
397
379
315
289
280
214
162
192
138
56
100
141
73
56
70
61
98
103
53
72
134
105
101
121
39
36
106
96
-46
-67
7
-78
-191
-215
-205
-285
-354
-411
-445
-481
-587
-569
-607
-697
-721
-630
-597
-772
-790
-565
-460
-653
-623
-396
-414
-463
-236
-115
-264
-217
54
115
43
137
289
286
267
351
496
515
442
497
586
557
537
628
598
489
506
605
560
442
452
439
414
379
305
307
272
224
208
210
135
116
158
73
25
72
93
9
6
32
-32
22
88
15
-55
20
19
-5
35
-26
-72
-21
-29
-131
-115
-75
-170
-243
-207
-244
-360
-366
-360
-464
-493
-455
-497
-580
-606
-584
-563
-528
-565
-641
-561
-410
-412
-445
-317
-262
-270
-111
16
-42
-26
185
278
210
288
429
431
408
477
546
569
544
518
523
545
535
527
538
429
376
433
454
286
232
288
203
166
171
131
32
19
38
2
-19
-25
-61
-104
-108
-104
-94
-111
-154
-152
-116
-132
-119
-106
-157
-163
-109
-115
-148
-142
-149
-203
-205
-187
-209
-235
-251
-320
-355
-304
-344
-409
-415
-439
-478
-447
-427
-509
-518
-451
-419
-441
-403
-364
-338
-238
-219
-174
-101
-18
22
87
164
187
278
376
379
403
514
566
545
563
597
623
632
631
602
564
547
550
526
436
400
393
352
274
236
172
110
106
54
2
-11
-40
-105
-117
-104
-165
-137
-104
-164
-195
-140
-139
-203
-143
-106
-155
-153
-90
-116
-181
-135
-121
-172
-181
-149
-193
-225
-211
-226
-267
-285
-312
-348
-358
-381
-444
-472
-431
-474
-520
-489
-476
-501
-500
-433
-432
-425
-331
-261
-219
-182
-87
-50
50
135
191
285
373
416
469
586
630
659
742
780
755
795
869
833
802
813
766
743
749
659
577
587
514
405
377
326
178
159
128
0
-31
-7
-109
-188
-139
-192
-280
-228
-236
-346
-314
-222
-290
-341
-256
-251
-313
-287
-217
-254
-273
-223
-255
-314
-261
-231
-297
-321
-299
-355
-421
-387
-403
-512
-499
-454
-578
-642
-555
-572
-674
-595
-564
-613
-563
-462
-527
-515
-325
-294
-280
-179
-90
-85
76
220
189
275
463
513
517
652
763
771
834
891
901
946
1018
1011
977
947
939
958
904
825
780
741
661
602
533
431
397
366
232
125
119
52
-48
-46
-96
-188
-187
-178
-285
-313
-272
-313
-343
-335
-349
-383
-353
-343
-393
-383
-359
-398
-429
-393
-438
-475
-457
-483
-531
-536
-541
-599
-611
-641
-672
-713
-725
-735
-747
-728
-747
-748
-730
-686
-693
-624
-573
-558
-457
-392
-330
-257
-107
-62
10
146
234
299
398
520
537
616
751
822
864
906
969
987
1027
1028
1038
1063
1016
992
976
952
849
833
818
680
601
617
528
371
359
344
196
142
173
43
-88
-41
-60
-216
-208
-147
-242
-341
-276
-293
-399
-361
-317
-425
-472
-384
-441
-549
-510
-497
-593
-614
-571
-661
-727
-664
-683
-812
-806
-742
-841
-885
-848
-867
-916
-865
-831
-887
-868
-789
-746
-751
-674
-589
-544
-455
-357
-263
-183
-73
24
106
213
329
456
517
582
681
770
846
906
974
1017
1032
1060
1087
1093
1086
1092
1080
1050
1003
984
959
873
787
777
736
615
576
556
450
343
387
344
212
212
220
99
30
116
58
-54
-33
-24
-127
-153
-92
-189
-266
-214
-235
-344
-357
-347
-451
-502
-486
-536
-638
-649
-673
-781
-823
-813
-869
-946
-953
-953
-1004
-1019
-1002
-1017
-1028
-997
-950
-928
-872
-815
-767
-694
-602
-492
-390
-282
-203
-90
38
143
254
352
470
559
645
726
810
877
924
979
1020
1053
1064
1083
1082
1037
1033
1042
1011
927
886
884
810
739
743
719
580
552
587
458
358
430
407
233
266
329
190
134
245
168
22
137
148
-24
-22
54
-80
-169
-85
-176
-323
-308
-324
-481
-549
-535
-658
-750
-784
-851
-943
-985
-1034
-1131
-1166
-1194
-1204
-1221
-1247
-1266
-1229
-1198
-1193
-1135
-1073
-1004
-928
-838
-730
-631
-519
-410
-286
-185
-69
68
186
265
368
519
601
669
753
824
869
909
962
981
995
990
1002
1003
955
928
921
888
810
809
780
677
649
652
550
514
562
483
408
461
442
328
376
419
318
306
376
319
246
320
302
210
232
243
153
102
104
23
-58
-83
-145
-235
-296
-346
-474
-563
-636
-694
-780
-871
-928
-1013
-1080
-1132
-1141
-1233
-1248
-1221
-1258
-1284
-1231
-1170
-1192
-1115
-1038
-999
-894
-751
-692
-647
-495
-374
-256
-118
-15
53
194
333
384
476
581
648
725
807
845
857
922
918
906
922
932
911
921
884
782
820
834
758
678
716
636
581
638
581
442
447
533
426
376
422
393
316
360
376
260
273
305
243
168
195
167
81
62
-2
-87
-122
-114
-232
-357
-391
-437
-529
-611
-647
-777
-839
-845
-897
-996
-1032
-1037
-1116
-1124
-1116
-1121
-1127
-1046
-1051
-1056
-934
-833
-807
-735
-603
-554
-454
-284
-203
-171
-47
117
177
249
356
431
482
550
636
667
711
748
792
776
775
801
812
783
738
755
692
707
679
613
574
581
555
497
546
469
428
456
480
415
419
478
421
417
444
447
397
434
424
355
362
349
318
266
236
160
118
97
22
-79
-156
-209
-299
-364
-437
-542
-617
-683
-756
-833
-869
-926
-972
-1004
-1040
-1053
-1045
-1043
-1071
-1037
-978
-957
-901
-821
-778
-736
-614
-517
-458
-360
-244
-180
-115
-1
85
143
213
290
349
392
457
502
514
531
578
605
591
626
634
561
571
633
567
523
591
546
447
533
558
414
415
525
411
347
479
442
303
377
442
296
324
423
317
227
310
283
159
207
198
67
39
85
-4
-111
-96
-164
-265
-282
-295
-419
-492
-474
-552
-632
-641
-645
-731
-753
-737
-775
-781
-746
-727
-757
-723
-672
-634
-575
-538
-509
-439
-350
-307
-254
-183
-131
-66
8
62
94
157
215
240
264
312
358
364
373
382
389
396
429
417
356
369
412
385
337
366
328
278
335
362
270
270
358
309
261
333
345
277
329
384
310
321
408
365
302
340
338
277
285
274
180
140
160
96
4
-21
-71
-155
-201
-242
-337
-403
-413
-467
-558
-595
-607
-652
-692
-691
-725
-745
-712
-687
-706
-695
-622
-576
-542
-481
-425
-374
-286
-214
-171
-93
-14
47
105
150
206
270
334
345
359
398
415
436
462
429
400
441
430
378
388
367
296
294
305
225
204
241
183
127
158
161
109
141
159
107
129
194
183
152
201
218
200
243
258
214
211
251
221
191
198
167
121
85
59
8
-23
-57
-123
-191
-240
-261
-309
-348
-404
-443
-463
-482
-500
-530
-533
-538
-514
-500
-496
-474
-429
-374
-332
-277
-220
-159
-96
-34
25
90
164
224
270
309
359
412
445
457
464
469
484
496
479
460
437
410
374
341
303
251
219
189
124
66
47
11
-34
-48
-77
-113
-112
-99
-124
-129
-92
-88
-81
-41
-26
-30
9
46
36
53
88
93
95
112
102
81
98
92
45
21
0
-40
-71
-89
-146
-196
-213
-249
-299
-342
-367
-409
-428
-433
-451
-457
-446
-435
-429
-409
-383
-338
-295
-260
-215
-159
-96
-40
18
70
119
183
234
270
308
342
371
399
422
425
428
434
420
395
374
345
305
266
223
178
142
105
57
9
-28
-68
-94
-118
-146
-167
-177
-183
-187
-176
-166
-151
-126
-114
-101
-75
-48
-32
-1
26
37
54
74
87
90
106
110
96
91
79
46
30
21
-10
-41
-65
-96
-137
-157
-180
-221
-250
-269
-287
-305
-305
-310
-314
-302
-278
-258
-245
-213
-170
-137
-103
-55
-18
17
63
110
135
167
222
253
271
297
321
319
326
332
315
298
300
282
239
219
197
159
128
101
63
28
9
-21
-53
-74
-81
-91
-104
-105
-102
-96
-88
-70
-60
-50
-19
2
18
39
69
87
104
132
146
148
157
171
162
162
165
154
137
123
107
78
57
31
2
-28
-59
-91
-119
-144
-170
-184
-202
-221
-221
-223
-244
-244
-222
-220
-213
-182
-158
-156
-118
-76
-71
-45
7
25
33
76
99
98
121
151
148
146
174
170
149
144
140
116
99
99
74
52
40
26
-1
-24
-29
-48
-59
-60
-58
-68
-66
-52
-49
-38
-19
3
8
27
51
68
87
120
151
159
180
200
209
212
228
238
231
233
234
223
199
197
184
154
136
117
86
55
36
7
-26
-43
-60
-85
-113
-124
-138
-161
-167
-169
-180
-186
-180
-184
-189
-179
-166
-163
-156
-141
-135
-133
-120
-110
-108
-104
-92
-96
-99
-90
-91
-97
-97
-105
-121
-125
-130
-139
-146
-153
-160
-164
-165
-166
-166
-163
-161
-159
-149
-133
-112
-92
-75
-58
-33
-13
15
49
76
106
137
165
184
212
242
260
281
307
318
324
341
344
336
339
333
316
302
289
258
236
221
193
159
136
110
69
45
18
-20
-49
-66
-94
-125
-137
-159
-175
-185
-194
-207
-216
-215
-225
-232
-227
-221
-226
-224
-216
-217
-215
-208
-208
-211
-205
-196
-199
-203
-198
-199
-206
-206
-211
-219
-220
-216
-218
-217
-209
-210
-209
-194
-180
-172
-154
-131
-117
-95
-63
-38
-12
25
60
90
126
163
193
225
261
293
326
360
388
408
429
450
465
474
484
489
485
477
469
458
439
424
407
377
346
322
285
247
218
184
141
107
79
35
-1
-23
-59
-95
-118
-142
-172
-192
-203
-230
-254
-258
-275
-297
-297
-301
-319
-325
-326
-341
-346
-340
-343
-353
-344
-339
-345
-343
-336
-336
-337
-324
-316
-312
-299
-284
-274
-264
-245
-230
-212
-187
-160
-139
-115
-83
-56
-30
3
37
60
98
138
166
194
233
262
280
313
342
359
380
404
416
425
440
449
447
444
441
430
418
408
388
366
347
324
292
263
232
198
164
128
92
57
21
-8
-41
-76
-106
-137
-167
-194
-220
-247
-271
-285
-305
-327
-340
-353
-368
-379
-384
-392
-397
-393
-393
-397
-392
-387
-387
-378
-370
-359
-346
-332
-319
-310
-293
-276
-256
-238
-215
-196
-176
-149
-122
-95
-65
-34
-5
24
52
85
115
148
184
215
243
274
300
321
343
366
387
406
424
435
442
449
453
450
445
436
425
412
395
372
354
330
302
275
243
213
183
153
120
89
59
23
-6
-34
-66
-98
-120
-145
-172
-189
-206
-224
-241
-250
-266
-282
-288
-295
-301
-302
-302
-308
-310
-303
-304
-305
-299
-295
-294
-288
-279
-273
-268
-255
-247
-240
-227
-212
-201
-186
-169
-151
-132
-109
-88
-69
-50
-26
-1
23
48
74
95
117
142
161
182
204
226
240
256
269
278
287
293
296
298
300
294
283
277
267
252
242
227
210
193
176
152
133
112
92
69
49
31
6
-12
-34
-52
-70
-83
-98
-116
-127
-141
-152
-162
-167
-172
-179
-186
-192
-195
-200
-199
-201
-202
-201
-202
-203
-203
-198
-197
-194
-190
-182
-179
-175
-166
-158
-147
-138
-128
-119
-105
-90
-75
-58
-42
-25
-9
9
25
42
61
77
92
111
127
142
155
166
176
182
191
201
205
209
211
211
208
207
202
199
192
185
176
165
153
143
133
123
111
97
86
72
58
51
39
28
24
17
6
-2
-8
-14
-19
-24
-27
-32
-35
-41
-46
-49
-48
-51
-52
-50
-53
-54
-56
-58
-59
-58
-54
-54
-57
-58
-59
-60
-56
-53
-50
-48
-44
-40
-35
-29
-23
-15
-9
1
9
17
26
36
42
52
64
75
85
93
102
107
114
118
123
125
126
126
123
122
118
115
111
105
99
89
75
61
50
37
27
18
6
-8
-19
-32
-47
-58
-68
-74
-81
-88
-96
-102
-105
-107
-108
-108
-105
-102
-96
-92
-85
-79
-72
-64
-54
-49
-41
-36
-32
-23
-20
-15
-10
-6
-6
-7
-6
-6
-6
-5
-6
-7
-10
-12
-15
-17
-14
-13
-13
-12
-10
-9
-6
-1
4
8
12
20
27
30
36
39
43
50
55
62
68
72
73
76
75
77
81
80
77
72
64
56
47
38
24
13
-1
-16
-29
-41
-54
-69
-78
-88
-98
-107
-114
-123
-128
-131
-132
-132
-129
-126
-124
-119
-111
-105
-92
-81
-71
-64
-55
-44
-34
-21
-7
3
12
21
27
32
42
50
56
61
61
60
61
60
62
62
59
57
55
52
48
48
51
50
53
54
54
55
59
60
61
69
73
76
82
85
87
88
90
93
95
97
94
89
86
79
71
67
61
54
44
35
18
1
-10
-25
-36
-50
-63
-77
-90
-99
-111
-118
-125
-130
-132
-136
-135
-137
-135
-131
-127
-116
-106
-94
-85
-76
-64
-50
-35
-20
-5
7
20
32
42
53
64
75
84
90
94
94
96
97
99
101
100
97
91
87
83
78
77
74
69
66
62
60
55
55
56
54
56
57
54
52
53
54
57
62
65
65
68
69
71
71
75
75
73
71
63
57
50
44
37
29
22
8
-3
-15
-26
-35
-45
-52
-64
-75
-85
-96
-103
-109
-115
-121
-125
-128
-132
-133
-132
-129
-124
-120
-114
-110
-105
-95
-87
-76
-63
-53
-42
-34
-26
-18
-11
-2
3
10
17
23
26
29
32
35
35
37
39
37
37
36
31
31
31
29
30
31
30
28
26
24
20
23
26
27
27
30
29
31
33
34
36
39
39
37
36
35
35
33
33
32
29
22
18
11
9
5
-3
-11
-20
-27
-34
-38
-41
-47
-53
-58
-64
-69
-74
-77
-77
-77
-76
-73
-69
-63
-58
-54
-48
-42
-35
-27
-19
-13
-4
5
12
20
29
37
43
46
49
53
58
61
65
67
68
66
63
63
61
59
56
52
49
46
41
38
36
36
37
38
39
41
38
35
37
39
40
45
46
49
50
53
54
56
58
59
59
59
57
55
52
50
46
41
38
31
23
14
5
-1
-7
-16
-25
-35
-43
-51
-58
-64
-68
-69
-73
-75
-77
-78
-79
-77
-76
-72
-69
-65
-58
-52
-47
-40
-31
-23
-17
-10
-3
2
9
16
21
25
28
30
32
33
31
31
29
29
27
25
22
17
15
12
9
6
3
-1
-5
-5
-9
-10
-10
-10
-12
-12
-12
-13
-11
-10
-8
-4
0
2
5
7
10
13
16
19
19
19
20
19
19
19
17
17
15
12
9
8
6
4
3
1
-3
-5
-9
-13
-14
-14
-16
-15
-16
-17
-17
-18
-16
-15
-12
-11
-8
-6
-6
-3
1
2
5
5
6
7
8
9
9
9
10
10
7
5
3
0
0
-3
-7
-10
-15
-19
-22
-25
-27
-29
-30
-31
-33
-32
-32
-31
-32
-31
-30
-29
-25
-21
-19
-18
-18
-15
-13
-9
-6
-6
-2
-2
-3
-2
-2
-1
-1
1
1
-1
-1
-4
-6
-7
-8
-9
-12
-14
-20
-19
-19
-21
-20
-23
-23
-23
-21
-19
-17
-14
-9
-8
-3
2
5
9
15
18
23
29
33
39
43
46
51
53
56
59
61
61
62
61
60
60
57
54
51
46
40
35
31
27
23
20
14
10
5
0
-4
-8
-10
-15
-20
-24
-28
-29
-32
-34
-34
-35
-37
-37
-38
-39
-39
-37
-36
-34
-32
-32
-31
-31
-31
-30
-29
-27
-27
-25
-24
-25
-25
-23
-24
-23
-23
-23
-22
-19
-17
-15
-11
-11
-9
-6
-3
0
5
10
13
18
22
25
27
31
34
36
41
43
44
46
46
47
51
51
53
53
54
52
50
49
47
44
40
38
33
29
25
20
16
10
7
1
-3
-7
-11
-15
-18
-20
-24
-28
-29
-33
-37
-39
-41
-43
-45
-49
-49
-52
-53
-54
-56
-55
-55
-55
-54
-55
-56
-56
-54
-54
-53
-52
-52
-51
-48
-46
-43
-40
-36
-33
-29
-26
-22
-18
-13
-11
-7
-2
3
9
14
19
22
28
33
38
44
50
56
60
62
66
69
72
75
76
79
80
80
81
82
81
81
80
76
74
71
69
65
62
58
53
51
44
37
32
27
22
17
12
6
0
-2
-10
-15
-22
-27
-32
-36
-41
-45
-49
-52
-57
-61
-66
-70
-74
-77
-81
-86
-86
-87
-88
-88
-87
-89
-89
-87
-87
-84
-81
-79
-77
-74
-72
-68
-63
-58
-53
-49
-45
-41
-35
-30
-22
-15
-7
-1
6
14
21
28
35
41
48
52
57
63
68
73
79
82
82
84
87
87
89
92
94
93
93
92
89
87
84
81
79
75
70
67
61
55
51
46
41
35
27
19
12
6
-1
-4
-12
-17
-24
-32
-40
-48
-54
-58
-61
-65
-71
-76
-82
-87
-90
-92
-94
-96
-98
-100
-100
-101
-100
-99
-97
-95
-94
-91
-90
-86
-82
-76
-69
-63
-56
-49
-42
-34
-25
-18
-11
-3
3
12
21
29
37
45
51
59
66
73
80
86
91
96
103
109
111
114
114
117
120
122
122
122
121
118
115
110
107
102
99
95
89
82
76
68
59
52
44
36
28
19
9
1
-7
-16
-22
-29
-39
-48
-57
-65
-70
-77
-83
-89
-96
-101
-106
-111
-114
-117
-120
-120
-122
-123
-123
-124
-121
-118
-115
-111
-107
-105
-100
-97
-91
-84
-77
-68
-61
-53
-47
-40
-32
-24
-14
-4
6
15
22
28
35
42
49
59
67
74
80
86
91
96
100
102
106
108
110
113
115
117
118
117
115
114
111
108
105
100
96
90
85
78
71
64
58
50
43
36
28
20
13
4
-4
-12
-21
-29
-38
-47
-55
-63
-71
-78
-84
-88
-95
-102
-109
-114
-120
-122
-122
-123
-123
-123
-125
-126
-123
-122
-118
-113
-109
-105
-100
-96
-91
-85
-77
-71
-63
-54
-44
-36
-26
-16
-7
3
12
23
30
39
47
54
61
68
79
86
96
101
104
111
115
120
123
127
130
131
133
136
137
137
136
135
130
129
123
118
115
108
103
97
90
81
72
67
59
51
44
34
24
15
5
-3
-12
-20
-31
-41
-51
-61
-72
-81
-87
-93
-97
-102
-106
-112
-115
-120
-125
-126
-128
-129
-130
-130
-129
-127
-122
-118
-113
-109
-105
-101
-95
-89
-80
-73
-66
-57
-49
-41
-33
-25
-18
-11
-2
9
19
28
37
45
54
61
68
73
79
84
90
95
101
105
110
113
115
115
115
115
114
112
110
111
108
104
100
95
91
86
80
74
68
60
51
43
35
27
20
12
2
-6
-14
-24
-33
-40
-47
-54
-62
-68
-77
-83
-88
-92
-96
-99
-105
-107
-111
-113
-114
-115
-113
-114
-110
-108
-108
-106
-103
-98
-94
-86
-80
-75
-70
-64
-57
-47
-39
-29
-23
-17
-11
-4
7
14
23
32
39
46
53
57
64
71
78
82
85
90
92
97
100
103
106
107
109
108
109
109
108
107
104
102
98
94
91
87
83
80
75
69
61
56
51
46
41
35
27
21
17
10
4
-3
-12
-21
-26
-31
-37
-43
-47
-55
-62
-66
-70
-74
-75
-77
-80
-83
-84
-84
-86
-86
-86
-86
-87
-86
-84
-81
-78
-74
-69
-67
-63
-58
-54
-48
-44
-39
-34
-29
-23
-18
-12
-8
-2
1
7
12
17
23
28
33
36
39
42
45
47
47
50
52
54
56
60
62
61
60
58
56
57
57
58
56
53
48
46
42
39
37
36
33
28
25
22
17
13
7
2
-2
-6
-9
-13
-17
-19
-21
-23
-26
-27
-30
-32
-34
-37
-39
-41
-43
-42
-44
-43
-44
-47
-45
-43
-41
-39
-37
-37
-36
-34
-29
-27
-24
-23
-22
-18
-15
-13
-10
-6
-2
0
1
3
5
6
8
10
14
15
18
19
19
21
23
26
26
29
28
27
28
26
26
24
24
22
24
24
23
21
19
18
17
16
14
11
8
7
5
4
3
1
-1
-4
-4
-6
-8
-11
-10
-9
-9
-10
-14
-15
-15
-15
-14
-13
-15
-15
-16
-15
-14
-14
-12
-12
-13
-13
-13
-12
-10
-9
-7
-7
-8
-9
-8
-6
-4
-2
-2
-2
-2
-2
1
1
2
2
3
3
4
4
5
6
7
8
8
8
7
6
5
5
5
5
4
5
3
1
2
2
2
2
3
1
-2
-1
-3
-4
-2
-2
-3
-5
-6
-7
-8
-6
-7
-6
-3
-4
-3
-5
-5
-5
-5
-5
-6
-7
-7
-8
-7
-7
-6
-6
-3
-2
-3
-5
-5
-6
-5
-3
-1
0
0
-1
-3
-4
-3
1
2
4
3
4
4
3
4
6
10
10
10
9
5
5
7
10
10
10
9
7
6
6
7
6
9
8
8
7
6
5
6
5
5
6
4
3
5
5
6
5
5
4
3
1
0
0
-2
2
1
0
-2
-3
-4
-2
-2
-2
-3
-4
-3
-3
-3
-2
-3
-4
-3
-3
-3
-2
-1
-2
-2
-2
-3
-3
-5
-4
-2
-1
0
-1
-1
-1
2
3
5
3
3
4
3
5
4
5
6
6
7
5
4
5
6
6
7
6
4
3
3
2
4
5
5
3
4
6
3
3
2
1
-1
-1
-2
-3
-3
-3
-4
-4
-4
-4
-5
-6
-7
-7
-6
-7
-7
-8
-8
-8
-10
-9
-11
-9
-11
-12
-12
-11
-11
-8
-8
-9
-10
-11
-10
-10
-10
-9
-8
-9
-7
-7
-8
-6
-6
-3
-2
-2
-2
-2
-4
-1
-2
0
3
3
5
4
3
2
3
3
6
8
7
8
6
7
8
7
8
9
9
7
8
8
10
11
9
10
8
5
4
3
4
5
7
5
5
2
1
0
0
2
4
4
3
2
1
-2
-3
-2
0
2
0
-3
-6
-7
-7
-6
-4
-4
-4
-3
-5
-6
-8
-7
-7
-6
-6
-6
-6
-6
-6
-4
-1
0
0
-4
-5
-6
-5
-3
-1
-2
-2
-4
-4
-3
-3
-3
-2
0
1
2
3
3
3
2
2
2
3
3
2
1
2
1
2
4
6
6
5
4
3
3
4
5
5
7
7
7
6
5
5
4
5
5
4
2
3
2
3
2
2
3
2
-1
-3
-3
-4
-3
-3
-4
-3
-4
-5
-6
-6
-6
-6
-6
-6
-6
-9
-10
-10
-10
-8
-7
-7
-8
-7
-8
-8
-8
-7
-6
-6
-6
-7
-7
-6
-6
-6
-7
-5
-4
-2
-1
-1
-2
-1
-2
-1
0
2
2
4
4
4
5
5
4
3
0
-1
0
1
4
4
6
4
4
6
5
6
6
6
4
3
5
3
6
5
4
3
3
4
4
5
6
5
5
4
3
1
1
0
1
3
3
2
2
2
1
1
0
-2
0
0
-1
0
-1
-2
-2
-3
-2
-4
-3
-3
-3
-2
-1
0
1
1
0
0
0
0
1
1
2
1
1
2
0
0
2
3
5
4
3
2
2
2
3
4
4
4
3
3
4
4
4
4
4
5
4
4
4
4
3
2
1
2
3
3
3
2
2
3
5
4
4
2
0
-1
1
2
3
3
0
-2
-4
-6
-4
-4
-3
-4
-6
-5
-6
-5
-4
-3
-4
-6
-5
-6
-5
-4
-3
-3
-4
-5
-5
-4
-5
-5
-4
-3
-4
-2
-3
-3
-1
-3
-4
-4
-4
-2
1
1
1
0
-1
-1
-1
0
-1
0
-1
-1
-1
-1
1
2
0
-1
-2
0
0
1
2
0
1
1
4
3
1
1
1
-1
1
1
1
2
1
3
3
2
2
1
0
-1
-1
-2
-2
-1
-1
-2
-2
-2
-2
-2
-2
-1
-2
-2
-3
-3
-3
-4
-4
-3
-3
-4
-4
-4
-5
-4
-3
-2
-2
-3
-3
-4
-3
-2
-2
1
2
0
0
-1
-1
-1
-2
1
0
-1
0
-1
-3
0
1
2
2
1
0
0
3
5
5
5
5
3
2
3
5
4
4
4
4
3
2
0
-1
1
3
4
4
5
5
3
2
2
1
2
2
1
1
0
-1
-2
0
1
0
1
-1
-2
-1
-1
0
1
1
1
0
1
0
0
0
0
1
-1
1
-2
0
0
0
0
-1
0
0
1
1
1
1
0
3
3
2
2
1
-1
1
3
2
2
1
0
2
1
2
2
1
3
1
1
0
1
1
2
2
1
1
0
1
1
1
3
4
1
-1
-1
1
-1
-1
-2
0
-1
0
2
1
0
-2
-2
-2
-1
0
-1
-1
-2
-2
-5
-4
-3
-2
-2
-3
-3
-2
0
1
0
1
-1
0
1
0
1
0
0
0
0
0
0
0
3
4
4
5
3
4
3
1
2
3
3
2
2
1
2
3
3
2
2
1
2
3
2
3
4
4
6
5
5
3
3
3
3
2
2
2
0
-1
0
0
1
2
1
2
2
1
0
-1
-1
0
0
1
1
0
-2
-2
-3
-1
-2
-3
-4
-2
-2
-1
-1
-1
-1
-3
-4
-4
-3
-1
0
-1
-1
-2
-2
-3
-4
-4
-3
-3
-4
-1
0
0
0
0
0
-1
1
0
1
1
1
0
0
1
1
2
2
1
-1
-2
0
-1
1
1
2
3
1
-1
0
0
1
1
0
1
0
0
1
0
1
0
-1
1
-1
-2
-3
-2
-1
-3
-3
-3
-3
-3
-2
-2
-2
-1
-2
0
-2
-1
-1
-1
-1
0
-1
-3
-3
-3
-2
-2
-1
-1
-1
-1
-2
-2
-2
1
3
4
4
3
3
5
4
4
5
5
3
4
4
3
3
3
4
3
3
2
3
3
3
4
5
6
4
5
3
4
2
2
4
3
4
2
2
1
2
2
2
3
2
1
-1
0
0
0
0
-1
-3
-3
-2
-3
-2
-1
-3
-1
-2
-2
-3
-1
-2
-2
-1
-2
-4
-3
-4
-3
-4
-5
-5
-4
-3
-2
-3
-3
-2
-1
1
2
2
2
1
-1
-2
0
-1
0
0
0
0
-1
-1
1
1
1
2
3
3
4
3
4
5
4
4
4
3
4
5
2
2
2
2
2
2
3
4
2
3
2
3
4
3
2
1
2
1
1
2
0
-1
-1
-3
-3
-3
-4
-5
-4
-2
-2
-3
-4
-3
-4
-3
-1
-2
-1
-1
-3
-3
-3
-3
-3
-4
-4
-3
-4
-3
-1
-1
-1
-1
-3
-3
-2
-1
1
1
2
3
2
2
3
3
4
6
5
5
4
4
4
5
4
4
3
3
2
4
5
4
4
4
2
0
3
3
5
4
4
3
3
3
1
-1
-2
-2
-3
-1
0
1
0
0
0
0
0
1
1
-1
-1
-3
-4
-3
-4
-3
-3
-5
-5
-6
-6
-4
-3
-4
-4
-4
-3
-3
-3
-3
-5
-5
-4
-5
-4
-4
-4
-4
-4
-2
-1
-1
-2
-2
-5
-6
-4
-3
0
1
0
-1
-1
-2
-1
-1
-1
0
-1
-2
-3
-3
-2
-2
-2
-3
-4
-3
-4
-3
-1
-1
1
1
1
0
-2
-1
-2
-1
-2
-1
-1
-2
-3
-5
-6
-6
-6
-3
-3
-3
-3
-3
-4
-4
-2
-1
0
0
0
-1
-2
-2
-2
-2
-2
-2
-2
-4
-5
-4
-3
-3
-1
0
0
1
2
4
4
4
1
1
1
1
2
1
1
0
0
0
1
2
2
1
1
1
2
2
3
3
3
3
4
5
4
6
4
4
3
3
3
4
4
5
4
5
4
4
3
4
3
3
2
3
3
2
2
1
1
0
1
1
2
3
2
1
1
1
0
-2
-1
-2
-3
-2
-2
-1
0
0
1
0
-1
0
-2
-1
0
-2
-2
-2
-2
-1
-2
-4
-5
-4
-3
-2
-1
0
-1
0
-1
-2
-1
-1
0
-1
0
-1
-1
0
-2
-2
-2
-1
-2
-1
0
1
1
3
3
2
1
1
1
0
2
3
4
4
3
2
-1
0
1
1
1
2
2
1
2
1
2
2
2
2
3
2
0
1
0
1
0
1
-1
-1
-3
-3
-3
-3
-2
-2
0
-1
-1
-2
-3
-5
-5
-4
-3
-2
-2
-2
-2
-2
-2
-2
-2
-2
-2
-1
-2
0
-3
-3
-2
-2
-3
-4
-5
-4
-6
-4
-3
-1
0
-3
-3
-2
-2
-3
-1
1
2
2
1
2
2
1
1
0
2
1
-1
1
1
0
1
0
1
2
1
-1
-1
-1
1
1
2
2
2
1
1
1
-1
-1
0
-1
-1
0
-1
1
-1
0
-2
-2
-2
-2
-2
-2
0
-1
-1
-1
-2
-1
-1
-2
-1
-1
-2
-4
-5
-3
-3
-3
-2
0
-1
-1
-1
1
2
3
2
2
0
-1
0
-1
0
1
0
-1
-1
-2
0
0
0
2
3
3
4
3
4
3
3
3
3
3
3
4
1
1
-3
-2
0
1
1
2
0
0
-2
-2
0
3
5
4
4
3
2
1
1
2
1
0
-1
0
-1
-2
-3
-3
-4
-6
-5
-5
-5
-3
-2
-2
-1
-1
-1
-1
-2
-2
-2
-1
-2
-1
-1
-1
-3
-3
-4
-4
-3
-3
-1
-1
0
0
0
2
3
3
4
3
3
3
1
1
0
0
1
1
0
-2
-2
-1
0
1
2
1
1
2
2
2
2
1
1
1
3
3
4
4
3
3
2
2
4
4
2
1
2
2
2
2
2
2
1
2
2
3
4
3
2
1
2
1
2
1
2
2
2
1
1
1
-1
0
0
0
0
0
-1
-1
-2
-1
0
0
0
0
-1
0
2
1
1
0
1
1
2
3
3
3
4
4
3
1
2
3
5
6
5
4
5
4
4
5
3
4
3
2
1
2
3
3
3
4
1
2
1
1
2
1
1
0
2
4
4
4
2
2
0
1
1
2
1
1
-1
-2
-2
-3
-3
-3
-4
-4
-4
-4
-6
-7
-5
-5
-5
-5
-6
-6
