4
10
14
16
17
12
8
2
-4
-8
-9
-5
0
5
8
10
7
5
3
0
-3
-6
-9
-12
-12
-10
-5
0
2
5
6
5
3
1
-1
-5
-7
-12
-17
-22
-24
-22
-16
-10
-8
-12
-16
-19
-16
-11
0
10
20
25
21
14
4
-3
-7
-11
-13
-13
-15
-15
-13
-10
-5
-2
-1
-3
-5
-3
4
13
23
30
32
27
21
10
2
-5
-12
-16
-20
-21
-20
-17
-10
-3
0
0
-3
-4
0
9
24
35
42
37
26
14
4
-3
-7
-10
-10
-12
-12
-12
-11
-12
-11
-10
-9
-4
5
14
23
30
33
31
24
17
11
4
0
-2
-4
-8
-13
-20
-20
-19
-11
-4
-1
-2
-4
-6
-7
-2
6
15
21
20
16
9
4
-3
-12
-17
-21
-22
-21
-17
-12
-8
-6
-8
-15
-19
-19
-12
1
14
24
31
31
24
14
4
-4
-10
-15
-17
-17
-16
-12
-9
-5
-4
-3
-9
-11
-12
-9
-1
7
15
17
14
7
-3
-9
-12
-12
-12
-10
-8
-8
-6
-7
-9
-8
-6
-6
-5
-4
-2
2
6
5
1
-5
-11
-13
-10
-5
2
8
10
8
2
0
-2
-3
-2
-1
0
3
4
4
1
-3
-6
-9
-10
-9
-7
-3
5
14
16
14
8
-2
-9
-14
-13
-8
-1
4
7
7
4
-2
-11
-17
-19
-15
-6
4
12
15
14
9
1
-6
-10
-10
-6
-3
3
8
12
14
14
9
4
-1
-5
-2
4
9
15
19
18
14
10
8
8
8
9
12
15
17
16
15
12
9
5
1
1
2
5
10
12
12
12
7
5
2
3
6
12
15
18
17
13
6
-1
-5
-9
-6
-1
2
4
3
2
0
-1
-1
0
1
3
4
4
7
7
5
2
-3
-8
-11
-11
-7
-1
1
2
0
-7
-14
-19
-23
-20
-10
-1
7
12
12
9
4
-4
-12
-15
-13
-6
3
7
10
7
1
-8
-18
-22
-24
-20
-12
0
9
17
20
18
12
8
5
1
-2
-4
-4
-3
-6
-9
-14
-18
-19
-20
-20
-18
-12
-6
1
9
15
18
16
11
7
4
1
-1
-3
-7
-11
-14
-17
-19
-21
-21
-22
-19
-14
-6
5
12
18
20
17
14
9
4
2
-1
-2
-2
-5
-8
-11
-16
-19
-21
-19
-15
-9
-4
4
13
20
23
21
16
9
4
0
-2
-2
-2
-4
-8
-13
-16
-20
-22
-22
-18
-11
-1
7
13
17
19
18
16
12
9
5
1
-3
-5
-4
-3
-2
-1
0
-3
-4
-4
-4
-1
4
9
13
14
14
11
9
6
6
5
4
5
6
7
10
9
5
1
-5
-5
-4
0
2
3
2
-1
-6
-9
-10
-9
-4
4
8
13
15
14
10
8
6
5
2
-1
-5
-7
-8
-10
-9
-13
-15
-19
-19
-16
-12
-6
0
6
11
14
16
16
15
13
10
5
-2
-7
-11
-13
-14
-14
-16
-19
-23
-24
-20
-14
-6
3
13
18
21
22
21
21
18
13
5
-2
-10
-15
-18
-20
-18
-17
-16
-16
-15
-12
-6
6
16
23
28
27
26
25
23
21
16
10
5
-4
-11
-18
-23
-21
-18
-17
-12
-7
0
8
18
27
35
37
35
32
28
22
18
11
3
-5
-11
-18
-23
-26
-24
-19
-10
0
11
19
24
27
26
26
25
22
20
13
5
-6
-13
-20
-24
-25
-25
-21
-16
-10
-3
2
5
10
14
17
18
18
15
12
7
-2
-9
-14
-19
-22
-23
-23
-20
-15
-10
-5
2
7
12
13
11
10
9
9
8
6
2
-5
-12
-18
-22
-24
-22
-19
-15
-12
-8
-2
3
10
14
17
21
19
19
15
10
1
-7
-14
-19
-22
-21
-20
-18
-14
-9
-5
-1
3
3
6
9
11
14
14
15
14
8
2
-4
-10
-15
-19
-22
-23
-20
-16
-10
-4
-1
1
0
-1
1
6
11
14
15
15
11
3
-5
-12
-17
-20
-21
-19
-15
-10
-7
-3
-3
0
3
3
5
8
11
12
9
4
-3
-8
-10
-8
-7
-6
-7
-10
-11
-13
-9
-2
5
8
10
10
9
9
5
4
2
2
1
1
1
0
1
0
-1
-5
-6
-7
-5
1
4
7
7
7
7
6
8
7
6
7
6
5
4
1
-2
-3
-6
-7
-9
-6
-3
2
6
7
5
2
-1
-2
-1
-1
-1
0
0
-2
-1
0
-1
-1
-3
-5
-5
-3
0
4
8
10
9
9
5
0
-3
-3
-4
-7
-8
-8
-9
-7
-6
-5
-4
-3
-1
0
4
7
8
7
7
2
2
1
0
0
1
3
3
-1
-6
-11
-14
-14
-10
-3
5
13
16
16
13
9
9
10
8
8
7
7
7
6
6
2
-2
-7
-9
-12
-11
-7
0
8
11
12
11
10
10
10
14
18
20
18
15
8
2
-5
-8
-14
-18
-21
-21
-19
-16
-11
-4
2
8
12
14
16
18
17
16
13
8
2
-4
-12
-16
-19
-19
-19
-19
-17
-16
-13
-9
-5
0
6
9
13
15
16
14
10
8
6
3
0
-4
-10
-14
-18
-20
-19
-19
-20
-19
-16
-9
-2
5
11
14
17
17
17
16
13
10
8
3
-2
-7
-12
-17
-19
-21
-20
-17
-13
-10
-4
2
8
11
14
15
15
16
14
13
10
6
2
-2
-8
-13
-14
-14
-12
-11
-10
-8
-7
-6
-3
1
7
14
18
18
13
8
3
-1
-5
-8
-8
-6
-7
-8
-12
-16
-16
-15
-11
-7
-6
-1
1
2
2
3
2
1
-3
-5
-7
-7
-4
0
1
3
4
4
0
-4
-5
-4
0
2
3
2
2
1
-1
-2
-4
-4
-2
-2
0
3
7
11
12
13
9
8
7
8
10
11
9
8
2
-6
-9
-11
-10
-7
-4
1
5
10
11
9
9
12
15
18
21
23
24
21
15
9
1
-6
-13
-15
-14
-11
-5
-1
1
2
2
3
5
10
15
20
23
24
22
18
11
0
-7
-12
-14
-15
-16
-17
-16
-14
-12
-11
-9
-5
0
6
12
14
15
13
7
1
-3
-6
-8
-10
-13
-15
-18
-20
-20
-20
-20
-16
-13
-10
-5
3
11
17
16
11
6
3
-1
-2
-4
-4
-4
-4
-6
-9
-9
-10
-8
-7
-9
-6
-2
1
4
8
10
10
9
8
6
4
2
3
4
4
2
-1
-6
-9
-12
-13
-12
-6
-2
5
10
12
11
6
2
1
3
8
11
13
11
6
0
-5
-10
-11
-10
-5
-1
2
1
1
0
-1
-2
-3
-1
0
3
6
7
6
4
0
-3
-4
-5
-3
-1
0
0
0
-1
-1
-2
-1
0
1
0
1
1
3
3
3
1
1
-1
0
3
4
3
3
2
0
-2
-1
3
8
10
11
10
6
3
0
0
1
4
7
6
6
4
2
1
1
3
3
3
2
5
6
9
10
9
7
5
4
4
4
3
2
1
0
-1
-2
-4
-3
-5
-2
-1
0
2
2
2
1
1
-1
-4
-6
-6
-5
-2
1
4
4
3
1
-1
-3
-5
-6
-6
-6
-7
-6
-4
-4
-4
-5
-7
-7
-7
-5
-1
3
9
11
8
2
-2
-7
-7
-4
-2
0
2
2
0
-2
-1
-1
1
2
1
0
-1
0
-1
1
0
-1
-4
-6
-7
-6
-4
-1
1
6
6
5
1
-2
-5
-8
-10
-11
-10
-9
-6
-3
-3
-1
-3
-4
-5
-5
-4
-1
3
4
4
2
-2
-6
-10
-13
-14
-12
-6
-1
2
4
4
3
0
-5
-9
-10
-8
-2
5
8
10
8
3
-5
-11
-14
-13
-8
-4
1
8
11
8
4
-3
-5
-4
-1
2
2
2
1
0
0
-1
-2
-5
-4
-4
-3
3
6
9
13
13
11
7
1
-1
-4
-4
-2
2
5
4
4
4
3
1
-2
-2
1
6
11
15
16
15
13
8
3
0
-3
-1
2
6
9
10
7
6
5
3
5
6
5
6
7
7
8
9
10
8
6
2
0
0
-1
0
0
0
-2
-5
-5
-6
-5
-2
1
3
3
4
5
7
7
6
6
2
0
-3
-7
-8
-8
-7
-7
-6
-7
-7
-6
-6
-5
-5
-4
-5
-4
-3
0
2
3
3
3
1
0
-2
-5
-6
-7
-10
-10
-11
-11
-11
-7
-3
0
3
3
4
4
2
2
0
0
-1
0
2
1
-1
-4
-8
-12
-14
-14
-12
-8
-2
1
5
8
7
6
3
1
-1
-1
1
4
4
4
2
-2
-2
-6
-6
-6
-6
-4
-1
4
5
7
10
10
10
5
1
-2
-6
-9
-10
-10
-9
-8
-7
-4
-2
-1
-1
2
3
4
5
5
3
1
0
-2
-6
-8
-8
-8
-9
-8
-6
-5
-2
0
2
6
6
4
2
-1
-3
-8
-9
-9
-9
-8
-7
-5
-4
-4
-5
-6
-8
-6
1
7
13
14
11
6
0
-4
-7
-7
-6
-4
-2
0
1
0
1
1
2
2
3
5
6
8
8
7
6
6
5
4
0
-1
-4
-6
-6
-6
-3
1
4
5
5
5
5
5
7
9
11
13
14
14
10
6
1
-3
-6
-9
-7
-4
1
2
4
3
2
0
0
1
1
2
5
8
6
5
1
-3
-5
-5
-5
-6
-6
-5
-5
-3
0
0
3
4
6
8
8
7
5
3
0
-1
-1
-3
-5
-6
-6
-3
0
3
3
0
-2
-2
-1
3
5
7
5
3
1
-2
-4
-5
-7
-8
-6
-6
-4
1
5
10
11
10
6
1
-4
-5
-5
-2
2
6
7
7
5
1
-5
-9
-11
-9
-5
1
8
11
10
7
3
-2
-4
-5
-5
-1
3
4
2
-2
-7
-10
-9
-8
-6
-3
0
2
5
6
9
7
5
2
-2
-3
-5
-7
-8
-9
-8
-7
-8
-8
-8
-8
-9
-8
-5
-3
3
6
9
9
8
5
2
-2
-5
-5
-6
-4
-3
-4
-4
-2
0
1
4
6
7
10
11
12
13
10
9
7
5
4
4
4
2
-2
-5
-9
-10
-10
-7
-1
5
6
5
5
5
5
6
6
4
3
2
2
2
2
0
-3
-9
-12
-13
-12
-7
0
5
10
13
13
11
8
3
-1
-2
0
3
5
6
7
5
1
-4
-8
-12
-14
-12
-7
1
8
15
18
14
9
4
-2
-4
-5
-2
-1
0
1
0
-1
-4
-8
-12
-16
-17
-13
-6
1
7
9
7
3
-4
-8
-9
-8
-6
-3
-2
-2
-5
-6
-8
-6
-5
-3
2
4
4
4
1
-2
-3
-4
-3
-1
1
4
5
1
-2
-6
-8
-8
-5
-1
4
7
7
6
4
4
1
1
1
1
1
2
1
2
3
2
2
0
-1
-1
-1
2
4
5
6
4
3
2
2
2
1
-1
-5
-8
-8
-6
-2
-1
-1
0
-3
-2
-1
-2
1
2
4
4
2
0
-4
-7
-6
-4
0
1
2
0
-1
-3
-2
0
3
5
6
3
-2
-7
-10
-8
-5
-2
1
2
2
3
0
1
2
2
4
5
4
4
4
3
1
-3
-6
-6
-6
-4
0
6
9
9
7
3
0
-2
-1
0
3
3
5
3
3
5
4
6
4
0
-3
-6
-4
-1
5
10
9
8
3
-2
-6
-8
-7
-5
-2
-1
1
3
3
3
2
0
-1
-3
-4
-3
1
3
5
6
3
-1
-6
-10
-12
-12
-10
-6
-3
1
3
3
3
3
-1
-1
-3
-3
-2
-3
-2
-2
-3
-5
-6
-6
-4
-4
-1
-1
0
0
-1
-2
1
5
9
9
6
4
1
-1
-1
-2
0
2
2
2
3
2
1
1
-1
0
1
4
6
8
10
10
8
3
0
-1
-2
0
1
2
2
2
1
-1
2
7
10
10
9
4
4
6
7
9
10
11
9
4
0
-3
-6
-6
-5
-3
-2
-1
-1
-1
-2
-2
-3
-2
-1
1
6
11
14
15
9
5
-2
-9
-15
-20
-21
-21
-16
-13
-11
-7
-3
-1
1
4
5
7
8
8
3
0
-4
-8
-11
-14
-17
-20
-22
-22
-21
-18
-13
-5
2
8
12
15
15
12
8
2
-2
-4
-7
-8
-10
-15
-15
-18
-20
-19
-16
-10
-4
1
6
11
15
18
19
17
13
7
1
-5
-12
-17
-21
-21
-19
-18
-14
-12
-8
-4
1
7
12
18
22
25
25
21
15
6
-3
-14
-20
-24
-24
-21
-17
-12
-8
-3
2
6
12
18
24
27
29
27
24
16
9
1
-7
-14
-20
-23
-24
-23
-20
-15
-8
1
9
17
24
32
34
36
33
29
22
13
5
-4
-12
-19
-26
-29
-30
-28
-23
-16
-6
2
11
22
27
34
38
39
37
32
22
12
1
-10
-20
-25
-29
-31
-31
-28
-23
-16
-8
2
12
23
33
40
41
38
30
21
12
4
-3
-12
-21
-26
-30
-32
-31
-28
-24
-17
-8
2
11
21
28
35
37
35
28
20
10
-1
-11
-18
-25
-28
-31
-31
-29
-24
-16
-8
0
6
12
14
15
19
23
24
26
22
13
4
-6
-16
-23
-26
-26
-22
-20
-17
-12
-5
1
5
9
12
12
14
16
16
16
15
15
11
6
-5
-13
-21
-26
-25
-21
-17
-11
-6
-1
4
7
10
12
14
16
16
12
9
4
1
-4
-7
-9
-12
-13
-13
-13
-10
-4
2
5
8
9
10
11
11
8
5
0
-4
-8
-9
-8
-7
-4
-3
-4
-4
-6
-8
-7
-5
-3
2
7
9
10
8
4
-2
-6
-9
-11
-11
-8
-4
-1
0
1
-3
-6
-7
-9
-7
0
7
13
17
16
14
9
3
-2
-4
-4
-4
-3
-4
-5
-6
-6
-7
-5
-3
0
3
7
8
8
6
5
2
1
3
3
3
1
-1
-6
-8
-9
-6
-3
1
4
5
2
-4
-10
-13
-14
-10
-6
-1
2
4
5
6
6
5
6
7
5
4
2
1
1
0
-2
-2
-3
-6
-7
-10
-11
-11
-8
-4
0
7
12
18
20
19
15
11
4
1
-2
-3
0
-1
-3
-8
-14
-19
-21
-20
-15
-11
-6
-2
1
5
10
14
16
14
9
5
0
-4
-5
-7
-9
-11
-13
-15
-14
-13
-9
-7
-4
-2
0
2
6
11
14
17
16
13
10
6
2
0
-5
-7
-8
-8
-6
-5
-6
-7
-6
-3
2
7
12
11
11
11
10
11
11
13
12
8
5
0
-4
-6
-7
-8
-7
-7
-3
0
3
6
8
7
7
7
10
14
16
18
15
10
3
-2
-5
-7
-7
-6
-8
-11
-11
-13
-12
-9
-3
2
9
14
17
20
20
16
12
6
1
-4
-7
-7
-6
-6
-8
-11
-14
-15
-12
-6
0
5
9
12
14
15
16
17
17
13
6
-2
-7
-13
-17
-16
-14
-11
-9
-8
-11
-13
-12
-7
0
8
12
15
16
14
10
7
4
0
-5
-9
-13
-16
-16
-15
-16
-16
-14
-10
-4
2
7
12
16
15
13
8
5
5
3
1
-1
-7
-13
-19
-22
-23
-21
-16
-7
-1
4
7
10
13
14
14
11
10
6
3
0
-2
-5
-8
-11
-16
-20
-23
-19
-14
-8
-2
3
7
9
12
13
14
12
11
8
3
-2
-6
-10
-13
-15
-17
-16
-12
-9
-5
-3
3
7
13
17
19
22
20
16
11
6
0
-5
-10
-16
-21
-21
-20
-16
-9
-3
5
12
16
21
22
23
21
18
15
9
4
-2
-7
-11
-16
-21
-22
-22
-19
-14
-8
1
12
21
27
32
34
32
29
26
22
16
8
-1
-10
-17
-24
-28
-31
-31
-28
-22
-13
-1
10
18
26
31
34
35
35
34
28
21
12
4
-6
-15
-23
-29
-34
-36
-33
-28
-16
-5
5
15
24
31
33
33
32
28
23
15
9
1
-10
-20
-28
-35
-41
-43
-40
-33
-24
-13
-3
8
17
22
26
27
24
18
13
6
2
-3
-8
-15
-22
-30
-38
-38
-34
-29
-20
-10
-2
5
6
8
11
12
16
17
17
14
8
2
-5
-10
-15
-19
-22
-21
-17
-14
-9
-3
0
0
1
1
5
10
15
18
18
10
2
-6
-10
-15
-14
-13
-10
-7
-9
-8
-8
-7
-5
1
5
8
8
6
3
1
0
-4
-4
-5
-4
-4
-4
-1
2
4
7
9
10
11
11
11
10
10
7
3
1
-2
-2
-4
-4
-4
-4
-4
-4
-3
2
5
9
11
14
14
12
10
8
8
8
8
8
3
-3
-7
-9
-8
-9
-7
-5
-3
0
2
4
8
10
11
11
13
15
12
10
9
6
-2
-8
-9
-8
-9
-9
-4
-1
0
-3
0
1
3
5
8
12
11
12
15
14
10
10
7
3
3
1
-2
-4
-1
-1
-1
-1
-3
-3
-5
-5
-5
-6
-5
-1
5
5
3
6
2
-4
-10
-10
-6
-5
-4
1
4
5
7
6
-1
-6
-8
-6
-5
-7
-4
3
2
-2
-1
-4
-12
-13
-11
-12
-14
-11
-4
5
11
10
9
7
1
-11
-18
-17
-14
-11
-14
-7
4
5
-3
-5
2
2
-4
-8
-5
3
10
17
24
25
18
7
-3
-10
-5
-3
-7
-2
12
13
4
2
5
7
-4
-11
-8
-3
-8
-7
1
2
-4
-10
-8
-12
-13
-8
2
3
6
8
-2
-8
-9
-4
-11
-21
-10
-7
-14
-15
-9
-10
-23
-24
-15
-11
-6
-1
9
10
0
-1
5
-6
-23
-20
-11
-9
-5
5
9
5
2
-3
-15
-19
-8
13
15
10
20
36
26
-2
-12
-10
-13
-15
-14
1
7
-13
-22
-13
-5
-3
-5
-9
8
15
11
10
18
15
-9
-9
-4
-10
-20
-20
-8
9
13
-9
-22
-3
10
-2
-15
3
41
37
-27
-19
127
178
36
-55
28
102
17
-81
-45
50
30
-67
-20
87
50
-60
-61
16
15
-49
-68
-17
2
-38
-66
-32
-16
-57
-64
-33
-2
-5
-29
-23
9
16
-1
-3
13
-6
-11
17
5
-13
-8
29
45
17
-1
15
29
12
-19
-36
9
42
29
15
9
36
68
32
-51
-2
100
17
-33
12
45
73
43
-9
4
31
12
17
-10
-77
40
101
-61
-84
52
41
-94
-110
13
116
-54
-158
68
143
-116
-129
132
104
-115
-122
67
162
-97
-183
106
148
-142
-154
117
78
-106
-59
54
88
5
-62
4
88
85
10
-63
10
146
65
-186
-81
183
61
-219
-140
170
125
-203
-190
195
243
-147
-215
182
212
-93
-134
78
144
-17
-118
-16
75
24
-97
-109
-1
46
31
-113
-138
124
167
-117
-170
135
225
-83
-214
75
281
-8
-314
-34
290
27
-247
-124
94
134
-98
-249
-21
238
48
-259
-60
313
213
-193
-261
245
397
-172
-473
127
463
-101
-568
-32
476
-43
-539
-116
424
152
-417
-175
402
226
-251
-198
260
267
-192
-267
118
258
-98
-334
36
232
-74
-283
-101
248
154
-262
-133
307
242
-186
-171
227
233
-95
-191
74
240
-45
-291
-50
142
5
-226
-123
123
87
-101
-118
64
154
-25
-66
88
103
52
-55
9
61
0
-41
-93
-5
16
-53
-45
-71
-22
68
21
-59
-26
133
121
-100
-78
157
136
-135
-123
153
157
-140
-193
75
195
-133
-293
66
297
-8
-272
38
323
151
-215
-101
337
231
-243
-231
261
334
-293
-366
241
354
-254
-463
183
446
-95
-405
36
511
109
-410
-50
412
202
-316
-296
249
314
-257
-454
189
440
-226
-518
112
471
-66
-538
-3
572
112
-528
-125
539
227
-515
-331
487
370
-481
-411
403
473
-288
-538
242
532
-165
-576
77
586
-42
-485
-118
451
291
-490
-291
453
278
-326
-301
255
243
-132
-213
32
311
-26
-320
36
225
21
-218
-132
238
122
-196
-151
139
214
-72
-208
-43
181
113
-210
-192
137
185
-81
-348
-21
383
10
-445
-43
467
45
-470
-130
498
146
-522
-197
507
219
-539
-253
455
217
-378
-315
328
344
-314
-341
217
382
-212
-425
273
360
-185
-285
188
353
-156
-366
122
434
-50
-532
46
652
43
-588
-131
565
270
-541
-345
505
478
-411
-530
445
593
-384
-566
337
616
-233
-581
195
565
-84
-536
98
544
-107
-479
118
419
-16
-403
36
490
28
-438
13
494
33
-463
19
374
12
-317
-35
298
59
-348
-58
257
4
-265
21
279
14
-177
39
222
-5
-109
8
150
41
-191
-45
173
-21
-230
-49
246
20
-280
-105
238
190
-255
-190
280
226
-168
-243
198
343
-260
-389
276
356
-330
-513
216
468
-219
-525
32
492
-49
-557
-9
448
31
-420
-101
483
124
-557
-222
455
276
-564
-363
479
271
-441
-395
338
311
-408
-376
258
418
-271
-424
243
407
-131
-453
65
398
-76
-393
27
370
-83
-289
-33
188
101
-243
-168
218
230
-248
-300
237
272
-186
-243
110
326
-81
-304
80
287
-51
-336
-70
419
104
-464
-149
435
216
-448
-209
401
202
-361
-266
435
250
-408
-204
301
329
-244
-398
360
422
-350
-349
356
295
-364
-172
309
222
-177
-262
287
294
-360
-167
402
110
-272
-130
226
215
-168
-233
197
317
-91
-247
116
167
52
-186
-97
291
108
-230
-77
297
131
-268
-171
324
277
-347
-230
469
292
-342
-210
294
140
-178
-197
233
208
-326
-28
336
132
-291
-194
380
199
-273
-183
326
297
-351
-121
257
151
-82
-356
176
384
-260
-230
252
174
-158
-173
213
227
-180
-304
253
520
-312
-430
398
383
-260
-470
227
533
-327
-658
386
600
-488
-581
434
516
-425
-532
377
528
-336
-520
429
589
-491
-642
475
617
-568
-699
386
668
-361
-819
349
623
-345
-622
214
800
-319
-684
362
680
-181
-763
154
736
-264
-826
104
941
-227
-1070
189
967
-197
-1055
113
983
-58
-1020
106
1219
-196
-1114
66
1046
66
-1091
-212
983
249
-1007
-364
1015
243
-1116
-232
980
291
-1016
-305
1093
385
-1044
-542
1099
579
-1287
-642
1282
639
-1326
-543
1172
579
-1085
-846
1147
866
-1188
-899
1145
1018
-1175
-845
1136
835
-905
-976
910
973
-1029
-822
891
852
-798
-962
800
852
-730
-944
746
1045
-823
-851
797
978
-863
-974
930
953
-788
-1108
726
1214
-705
-1175
473
1173
-528
-1196
607
1050
-432
-994
443
1076
-267
-986
195
931
-75
-1056
157
1072
-340
-983
248
970
-226
-949
86
787
62
-911
-11
1051
-126
-1067
201
1199
-172
-1192
160
1004
-42
-1024
-19
1047
-67
-1008
-15
1055
19
-1112
-22
1038
25
-974
-14
977
-112
-884
202
810
-159
-717
110
830
-96
-930
133
991
-161
-994
189
864
-56
-869
40
885
-229
-873
301
814
-376
-563
366
375
-199
-256
88
212
-77
-195
69
245
-100
-282
219
219
-350
-82
376
-158
-210
250
200
-292
-62
190
-16
-65
1
151
-145
-98
262
-1
-360
145
411
-245
-538
489
541
-358
-666
252
952
-240
-1044
327
1145
-391
-1071
631
981
-753
-695
595
710
-349
-643
301
531
-246
-344
391
138
-500
53
613
-43
-678
211
847
-552
-708
852
658
-952
-666
1165
467
-964
-452
958
439
-1077
-200
1116
-92
-1018
351
851
-355
-827
531
764
-562
-625
594
595
-671
-491
847
300
-932
-206
770
175
-695
-80
594
-183
-398
277
193
-497
-104
728
29
-1025
178
1033
-303
-964
339
1015
-753
-768
774
752
-965
-748
1001
420
-805
-360
570
272
-615
-154
776
-163
-1036
283
1047
-263
-1076
211
773
-444
-378
263
88
-329
-99
497
-121
-288
221
-141
-194
193
229
-98
-639
133
838
-360
-732
243
616
-254
-847
471
761
-473
-713
348
659
-439
-454
430
230
-467
112
362
-158
-420
276
460
-649
-314
650
144
-615
-106
511
236
-587
-314
738
397
-816
-198
704
134
-367
-173
161
290
10
-279
-115
277
20
-185
150
-40
-56
-126
171
368
-289
-230
229
285
-233
-212
247
252
-316
-102
232
115
23
-245
-163
305
142
-407
-112
436
-67
-326
55
221
337
-381
-337
423
371
-310
-625
483
584
-452
-502
226
453
-231
-270
309
-42
-333
293
147
-76
-247
86
414
-302
-77
379
-38
-169
115
93
63
-281
95
362
-200
-358
206
453
-331
-334
455
-5
-131
226
-387
147
572
-68
-665
-64
1102
0
-922
-124
704
416
-804
-330
702
231
-759
-126
738
190
-993
9
971
-213
-727
94
835
-4
-1016
244
858
-119
-860
-129
1032
-47
-715
-171
453
233
-464
-402
559
427
-764
-319
813
260
-636
85
204
-57
-12
1
-16
118
-91
-237
392
-82
-291
363
-394
-103
602
-158
-457
-91
702
-51
-242
-87
12
320
-279
28
223
-395
-31
359
-302
-88
241
-143
-179
167
39
-123
19
-127
173
169
-174
-93
274
-50
-278
436
39
-364
-120
265
167
-399
-25
185
-42
-187
319
88
-441
-126
518
194
-590
34
388
-61
-199
141
22
-170
316
-121
-556
575
193
-439
-174
539
-13
-661
425
255
-145
-336
17
365
56
-270
-307
321
488
-511
-416
554
-33
-189
-144
-50
233
98
-494
-32
687
-232
-408
151
62
145
117
-287
-88
349
-3
-511
230
409
-308
-349
-70
533
9
-424
61
261
2
-403
63
627
-189
-598
351
256
-293
160
-112
-160
18
1
193
-314
-67
76
293
-332
-54
499
-541
-69
536
-227
-198
100
-119
105
213
-187
-183
337
-377
-117
565
-112
-360
-25
316
208
-327
37
-19
175
4
-463
99
428
75
-742
-30
914
-228
-757
335
577
-228
-543
295
324
-216
61
78
-422
373
168
-154
-194
-135
445
24
-417
-161
541
272
-699
-102
431
290
-188
-572
375
621
-515
-239
633
-326
-248
400
-44
-301
193
75
-124
-52
340
-68
-211
85
149
-99
-190
614
15
-719
219
634
-106
-413
-15
353
-51
-121
-126
337
176
-722
179
667
-202
-411
72
477
-309
-232
626
-254
-290
18
333
230
-567
257
329
-451
74
175
-77
7
135
47
-452
292
517
-323
-391
113
628
-125
-716
173
931
-286
-1029
395
986
-434
-1106
727
858
-716
-663
627
463
-357
-585
429
633
-651
-259
320
422
-374
-318
320
-21
295
-348
-421
518
326
-417
-511
581
351
-481
-202
200
572
-436
-611
836
230
-716
-162
631
262
-737
-250
691
66
-617
-54
601
-56
-704
689
101
-353
56
-102
462
-82
-665
288
788
-526
-630
711
268
-521
-270
387
371
-325
-410
271
620
-587
-284
419
232
-238
-497
341
381
-101
-740
287
601
-663
-6
322
68
-354
186
205
-436
420
-70
-397
250
112
-49
-203
10
155
-100
-20
-231
109
248
-563
425
102
-387
156
39
198
11
-380
83
270
54
-529
271
258
-534
166
230
-344
36
259
-263
21
252
-148
-239
193
-48
-13
239
-396
-101
393
-73
-233
-32
199
-230
60
4
11
7
-217
457
-94
-707
514
366
-662
105
204
-197
130
132
-541
253
593
-706
-286
690
-133
-423
308
143
-364
-240
592
-6
-727
440
172
-376
116
344
-274
-99
482
-240
-378
505
41
-521
129
206
265
-648
62
617
-397
-315
451
275
-572
-24
641
-227
-275
392
-2
-417
229
378
-414
-211
435
-120
-257
473
72
-483
196
319
-166
-208
208
309
-315
-202
375
87
-375
163
240
-296
-46
332
-187
-224
538
-289
-361
608
107
-660
50
956
-377
-914
775
481
-683
-320
611
153
-540
73
265
-76
-79
-28
-147
221
190
-349
-103
540
-2
-663
274
776
-579
-455
708
110
-602
179
353
-373
11
269
-223
20
205
-134
-69
112
6
-72
75
-13
70
59
-108
349
-228
-64
307
-267
7
143
-73
-143
438
-319
-282
536
-43
-473
150
333
-331
3
295
-350
30
322
-147
-173
153
130
-411
239
216
-438
43
363
-295
-207
353
-103
-298
337
7
-357
270
153
-193
-149
270
7
-289
181
200
-295
-57
281
-180
-170
449
-176
-549
649
192
-629
116
472
-248
-50
59
-1
-11
210
-67
-374
440
35
-359
12
422
-276
-239
464
-40
-364
359
4
-377
235
138
-243
-66
169
-34
-97
-21
216
-199
-75
168
-12
-136
-38
144
-58
20
17
-259
163
149
-275
163
-43
13
-51
-51
166
-165
21
69
-107
89
58
20
-182
-190
364
-205
-111
124
6
-32
-104
96
58
86
-121
-104
36
273
-239
-65
239
-62
-134
121
-40
-69
-37
-49
-26
-54
168
-197
63
92
-147
28
118
-24
-228
140
338
-371
-273
553
-144
-423
280
94
-410
47
268
-262
-40
102
-92
-63
227
-95
-293
414
62
-305
90
140
-70
-304
236
-59
-218
105
-65
-110
213
-120
-156
177
-3
1
31
-150
89
302
-143
-235
428
111
-580
327
102
-403
177
40
-229
157
163
-342
381
27
-452
328
277
-407
30
470
-435
-29
520
-154
-280
305
91
-353
48
271
-192
-16
50
-62
-10
100
72
-265
179
111
-124
-19
269
121
-415
126
475
-292
-193
356
-124
-101
166
-19
-213
209
38
-284
263
22
-137
155
-84
121
137
-209
169
74
-198
118
346
-236
-199
312
-78
-105
143
-94
148
-105
-188
215
239
-277
-169
350
29
-193
142
-40
57
69
-45
-183
157
129
-351
67
147
-137
-56
59
-36
13
-83
2
122
-80
-163
297
14
-415
182
224
-231
-56
33
8
-76
47
-41
-2
13
-141
12
174
-131
29
55
-99
-24
110
104
-293
155
64
-169
-55
134
-118
-54
47
-192
-62
158
58
-223
85
98
38
-208
132
230
-122
-88
26
111
28
-47
-42
48
43
-272
100
258
-203
-159
136
-37
-174
330
-230
-135
331
-109
-251
182
294
-325
2
231
-161
-30
115
-38
-37
-90
119
67
-90
156
-129
-9
103
-31
-123
128
180
-188
9
193
9
-158
127
23
-102
-151
281
54
-241
146
-46
-56
105
-109
-23
183
-2
-40
-16
198
-34
-9
50
-46
39
-38
71
86
-45
-85
63
-25
20
-82
52
-101
-93
203
-130
7
62
39
41
-133
157
25
-121
116
-27
-94
-38
132
-37
-175
192
-178
-192
339
-199
-158
149
2
-70
-19
159
16
-71
-116
113
58
-129
59
-18
-99
78
-121
-151
170
1
-244
148
223
-322
-50
236
-72
-238
134
-44
-74
112
22
-112
-4
91
-107
-41
5
34
15
-40
-25
152
-31
-49
73
7
-67
47
44
-148
57
-39
-109
4
56
-80
-36
16
8
-16
9
-48
-51
108
-66
-2
256
-80
-88
173
21
-158
0
175
-159
-79
154
-3
-11
57
-91
2
-1
30
58
-58
147
45
-107
-24
169
43
-244
96
244
-127
-44
190
32
-139
-2
62
-57
190
54
-36
171
19
-42
85
-15
-87
67
167
-35
50
261
-35
-36
29
40
5
19
72
41
100
33
-37
30
34
-44
71
29
41
69
31
84
-1
-162
-67
147
58
23
76
-15
-74
-11
65
-36
-90
61
41
-9
123
189
-43
-171
31
20
-6
144
128
43
-26
3
-7
-75
46
-20
-84
149
128
-61
27
50
-167
-165
85
-7
-6
146
34
-37
49
29
-108
-151
-31
-42
-84
21
-13
-100
-123
-172
-105
-81
-134
-11
-3
-122
-140
-44
-65
-172
-79
15
-68
-105
-5
-17
-176
-154
-41
-136
-154
33
93
5
-32
-24
-122
-108
-37
-52
1
92
12
-39
69
-71
-194
-53
-8
-108
-49
123
54
-77
-26
18
-50
-86
-18
7
46
54
33
66
-9
-80
-100
-28
11
-23
37
0
-30
-77
-105
-29
-53
4
62
27
27
31
72
3
-59
65
42
-8
56
90
31
-46
31
12
-89
1
84
47
84
126
121
36
43
101
65
141
183
145
121
142
149
20
-14
71
-3
-8
67
89
84
17
8
-48
-132
-59
-38
-95
-24
7
-101
-135
-132
-170
-219
-209
-250
-328
-273
-197
-251
-257
-201
-276
-350
-263
-110
-129
-196
-126
-99
-178
-151
-80
-85
-93
-144
-105
-55
-24
-107
-54
26
-90
-55
90
164
65
43
153
110
47
87
84
128
89
90
114
135
218
209
191
217
181
178
273
275
341
407
423
378
448
568
530
503
537
554
517
528
616
621
589
511
414
419
426
362
311
343
350
255
237
266
205
110
20
24
35
-31
-65
-56
-159
-263
-319
-341
-340
-383
-346
-294
-308
-359
-412
-425
-481
-572
-597
-587
-633
-664
-696
-793
-909
-968
-1004
-1019
-1014
-952
-904
-994
-1033
-1013
-897
-845
-904
-811
-772
-757
-703
-664
-664
-841
-963
-761
-473
-308
102
993
1597
1565
1128
648
676
1003
1290
1541
1629
1639
1644
1761
1875
1482
737
196
98
289
568
968
1041
510
-217
-689
-813
-798
-663
-404
-231
-5
215
263
309
177
-43
21
466
1125
1651
1862
1663
1318
1080
895
791
627
527
508
276
63
7
-201
-689
-1055
-947
-701
-632
-571
-451
-493
-751
-907
-681
-449
-494
-469
-211
26
-74
-254
-160
-151
-313
-317
-25
134
-196
-478
-571
-722
-1029
-1233
-1126
-1209
-1477
-1553
-1496
-1526
-1770
-1917
-1889
-1923
-1905
-1833
-1587
-1353
-1407
-1439
-1252
-394
1158
2510
2822
1707
399
283
1100
2073
2434
2303
2186
2202
2617
2881
2373
1095
-424
-887
-297
713
1689
1736
848
-651
-1931
-2117
-1679
-1075
-581
-186
265
492
558
461
116
-302
-442
170
1311
2335
2770
2449
1667
673
3
93
632
1205
1331
952
402
-177
-666
-1062
-1413
-1496
-1325
-971
-483
-150
-223
-859
-1498
-1566
-1158
-473
172
608
724
478
110
-88
-135
-222
-255
-48
283
413
247
-189
-706
-1122
-1295
-1091
-740
-603
-774
-1084
-1390
-1682
-1927
-1954
-1763
-1573
-1533
-1347
-1054
-1082
-1514
-2078
-2147
-1802
-1352
-839
-343
654
2000
2955
2786
1422
352
497
1651
2788
2998
2803
2586
2572
2746
2528
1859
638
-435
-509
137
1107
1580
1184
118
-1263
-2056
-1983
-1388
-668
-204
168
515
681
590
267
45
-25
208
1015
2025
2675
2625
1984
1093
180
-276
-38
576
1008
788
258
-259
-782
-1243
-1547
-1545
-1442
-1310
-989
-518
-313
-709
-1190
-1313
-1181
-718
-34
508
615
313
-11
-153
-194
-226
-227
-142
-4
55
13
-117
-496
-1081
-1384
-1201
-860
-608
-618
-862
-1224
-1563
-1669
-1693
-1658
-1416
-1271
-1256
-1212
-1084
-993
-1216
-1522
-1583
-1372
-1081
-864
-399
553
1915
3149
3206
1963
549
392
1525
2561
2738
2385
2155
2296
2606
2690
2127
846
-505
-1038
-476
612
1372
1269
283
-1085
-2154
-2300
-1662
-844
-189
197
440
625
544
252
48
109
390
965
1855
2623
2732
2035
914
-128
-681
-468
279
911
839
125
-609
-1053
-1288
-1461
-1484
-1281
-1021
-739
-387
-122
-315
-879
-1229
-1045
-405
315
808
978
719
202
-161
-176
-30
56
141
238
211
-24
-342
-659
-1051
-1348
-1293
-1002
-732
-602
-633
-901
-1267
-1518
-1535
-1387
-1144
-821
-628
-655
-951
-1207
-1180
-1166
-1266
-1200
-813
-476
-411
-261
319
1510
2594
2725
1884
808
603
1270
2089
2512
2329
2024
1892
2008
2052
1573
802
-131
-690
-500
116
837
967
363
-626
-1594
-1943
-1715
-979
-130
388
658
603
421
228
161
419
690
1019
1444
1866
2052
1623
883
81
-557
-666
-340
168
331
-59
-615
-974
-978
-865
-837
-893
-959
-865
-636
-274
-2
-173
-602
-765
-321
298
531
447
228
-41
-267
-252
29
170
-51
-418
-636
-654
-686
-787
-869
-960
-1047
-1103
-980
-745
-744
-885
-986
-1017
-912
-798
-753
-745
-855
-1043
-1223
-1314
-1368
-1470
-1320
-988
-744
-698
-564
635
2435
3422
2781
1020
193
763
1907
2837
2876
2707
2386
2087
2104
1921
1421
188
-849
-825
-239
659
932
530
-478
-1872
-2429
-2167
-1174
-107
370
701
643
545
397
265
668
954
1290
1690
2126
2509
2081
1342
462
-353
-693
-735
-126
442
270
-401
-1207
-1411
-1362
-1308
-1067
-896
-693
-703
-585
-85
60
-199
-569
-479
91
466
680
658
419
48
-347
-249
71
163
-70
-526
-733
-823
-923
-1022
-1134
-1083
-1081
-1055
-903
-756
-717
-911
-1111
-1129
-1032
-866
-713
-580
-633
-1076
-1562
-1741
-1608
-1243
-912
-749
-797
-890
-96
1656
3176
3137
1387
-84
-20
1255
2562
2898
2763
2226
1624
1412
1423
1590
879
-390
-1078
-978
-103
537
711
281
-1007
-2146
-2586
-1870
-559
360
948
953
741
390
121
506
916
1236
1335
1417
1817
1859
1606
961
13
-791
-1380
-1086
-216
381
226
-752
-1609
-1899
-1524
-747
-208
-17
-252
-479
-319
22
438
491
199
-31
86
696
1178
1153
679
-10
-486
-539
-132
294
290
-55
-514
-842
-1045
-1117
-982
-813
-707
-712
-684
-507
-360
-343
-459
-626
-711
-589
-356
-294
-546
-903
-1120
-1306
-1496
-1588
-1508
-1353
-1403
-1404
-1190
-601
658
2083
3057
2734
1383
501
608
1505
2178
2342
2553
2512
2365
1994
1505
994
-84
-981
-1289
-824
159
609
637
5
-1112
-2145
-2757
-2166
-994
222
1165
1421
1325
673
153
207
551
1200
1630
2103
2460
2300
1799
810
-46
-627
-978
-783
-326
232
270
-326
-1072
-1747
-1781
-1329
-720
-158
12
52
-41
-120
-70
-98
-49
16
252
690
943
955
572
20
-456
-774
-560
-60
375
380
-193
-838
-1436
-1721
-1535
-1138
-682
-518
-531
-578
-712
-829
-1013
-1155
-1228
-1151
-787
-367
-166
-374
-963
-1582
-1961
-2032
-1775
-1340
-906
-613
-539
-83
1018
2219
2732
2071
1075
578
844
1559
2074
2528
2701
2450
2022
1490
1223
714
-87
-746
-1121
-752
-136
442
697
179
-798
-2035
-2643
-2187
-1037
510
1552
1925
1573
757
305
196
565
1091
1460
1844
1937
1878
1584
1011
344
-491
-1062
-1176
-799
-121
199
6
-633
-1325
-1607
-1477
-979
-441
-98
35
-85
-221
-227
-125
-29
-11
20
143
356
592
661
424
-21
-466
-611
-406
-100
38
-118
-476
-914
-1307
-1423
-1247
-959
-756
-708
-690
-664
-675
-777
-884
-924
-940
-943
-931
-858
-764
-832
-1054
-1364
-1676
-1762
-1567
-1141
-629
79
1176
2317
2904
2495
1529
895
860
1223
1664
2199
2758
2990
2830
2271
1552
729
-234
-953
-1203
-794
-56
521
759
409
-433
-1530
-2339
-2370
-1721
-581
549
1360
1726
1517
1067
589
345
457
770
1254
1638
1820
1775
1474
990
272
-491
-1089
-1318
-1106
-747
-460
-363
-462
-689
-966
-1140
-1179
-1071
-865
-660
-466
-243
-7
84
-59
-309
-468
-414
-245
-102
18
125
149
30
-166
-328
-437
-528
-658
-828
-903
-829
-698
-638
-671
-718
-783
-886
-977
-1013
-951
-855
-813
-831
-893
-921
-936
-980
-1089
-1245
-1309
-1290
-1164
-879
-389
509
1671
2624
2826
2272
1627
1234
1148
1229
1454
1983
2565
2938
2908
2562
2050
1195
177
-668
-958
-615
-61
496
792
711
245
-571
-1305
-1685
-1537
-968
-243
541
1130
1466
1515
1321
1053
786
643
637
774
1007
1212
1324
1233
957
494
-102
-715
-1208
-1426
-1411
-1190
-892
-661
-523
-561
-666
-824
-962
-998
-1016
-899
-658
-289
73
266
369
287
57
-231
-432
-328
-71
212
409
470
465
302
53
-237
-477
-558
-571
-514
-416
-284
-163
-214
-436
-701
-871
-949
-998
-994
-931
-810
-693
-630
-673
-850
-1078
-1297
-1371
-1277
-1136
-939
-608
61
986
1831
2207
1958
1435
992
755
705
841
1236
1713
2056
2134
1927
1582
1061
405
-252
-712
-806
-690
-439
-176
-6
24
-264
-732
-1194
-1446
-1366
-1093
-668
-204
216
570
795
958
1013
932
768
557
426
406
461
568
690
765
633
230
-325
-842
-1199
-1348
-1313
-1140
-848
-527
-274
-209
-298
-462
-693
-913
-1012
-873
-503
-67
293
504
583
571
476
389
339
294
246
238
346
506
610
576
401
137
-156
-393
-518
-487
-353
-238
-233
-302
-373
-417
-425
-438
-460
-502
-602
-746
-832
-825
-808
-832
-870
-880
-818
-693
-576
-407
-63
486
1079
1481
1598
1509
1357
1172
942
734
707
859
1087
1274
1346
1362
1237
919
432
-131
-564
-785
-776
-591
-322
-113
-110
-323
-644
-898
-930
-758
-487
-233
-30
141
290
478
678
846
909
837
678
472
302
175
79
27
-22
-85
-174
-259
-342
-461
-609
-772
-885
-870
-720
-520
-356
-267
-277
-391
-517
-546
-435
-238
-18
215
451
629
706
699
634
548
451
377
378
429
462
403
262
121
40
31
38
3
-96
-273
-469
-573
-559
-457
-343
-302
-341
-467
-633
-808
-941
-1008
-1021
-987
-919
-794
-659
-546
-474
-402
-226
152
696
1213
1456
1392
1170
899
678
527
509
658
900
1112
1178
1149
1072
864
509
68
-304
-509
-551
-452
-302
-189
-168
-246
-363
-414
-354
-228
-102
-23
11
37
108
285
535
785
943
943
816
585
313
50
-136
-197
-164
-86
-3
20
-55
-224
-483
-738
-911
-938
-839
-665
-472
-340
-279
-231
-212
-225
-243
-259
-215
-87
160
454
684
784
720
572
431
334
292
269
254
246
222
193
132
44
-76
-214
-317
-374
-379
-367
-355
-361
-407
-485
-597
-701
-763
-807
-822
-823
-829
-864
-932
-1001
-1020
-987
-907
-782
-593
-280
155
581
838
867
740
581
455
361
312
402
630
882
1028
1021
942
804
616
374
96
-146
-327
-427
-438
-362
-218
-94
-65
-101
-159
-169
-125
-77
-23
31
120
253
427
636
806
883
833
658
418
170
-19
-97
-80
-4
27
-16
-111
-261
-432
-594
-702
-746
-727
-631
-478
-301
-132
-57
-57
-81
-73
-13
56
153
247
356
460
527
549
530
480
387
277
179
117
66
25
-6
-27
-53
-81
-109
-133
-135
-165
-234
-345
-459
-529
-553
-536
-543
-588
-653
-720
-783
-874
-992
-1098
-1149
-1103
-985
-857
-756
-663
-465
-91
399
832
1026
987
847
730
688
682
718
820
958
1076
1118
1112
1068
954
729
402
50
-230
-367
-347
-188
27
196
229
132
0
-79
-47
68
203
298
367
432
528
666
813
898
863
717
513
317
169
67
0
-36
-78
-149
-251
-353
-432
-482
-498
-480
-435
-383
-346
-312
-247
-139
-36
15
32
23
14
-1
-1
36
108
192
248
274
256
214
158
96
55
40
34
17
-11
-39
-54
-62
-77
-114
-168
-239
-329
-414
-491
-542
-598
-681
-785
-908
-1022
-1120
-1192
-1226
-1209
-1167
-1145
-1146
-1131
-1031
-754
-269
332
859
1144
1170
1046
886
753
648
605
636
748
905
1042
1150
1184
1079
799
360
-104
-461
-625
-568
-358
-94
120
193
146
50
-6
6
54
119
186
271
390
561
774
993
1117
1078
863
532
200
-63
-221
-260
-204
-102
-38
-45
-95
-164
-240
-341
-464
-561
-578
-493
-317
-96
117
235
221
98
-78
-223
-285
-240
-115
54
224
338
356
291
172
53
-27
-54
-30
-4
8
-13
-41
-40
-18
-6
-50
-149
-273
-405
-495
-547
-596
-669
-794
-944
-1087
-1191
-1252
-1276
-1281
-1278
-1257
-1205
-1148
-1063
-898
-589
-110
447
926
1183
1205
1075
900
728
597
548
580
677
815
960
1101
1179
1080
753
266
-221
-574
-720
-652
-424
-141
73
146
106
40
19
39
65
83
96
139
250
459
750
1037
1214
1179
925
533
127
-171
-321
-319
-219
-92
16
56
30
-51
-187
-359
-536
-638
-601
-427
-163
96
287
352
269
83
-132
-286
-343
-304
-178
-8
157
267
299
263
198
132
78
34
-3
-25
-31
-16
27
84
118
86
-31
-192
-354
-480
-569
-634
-689
-756
-842
-941
-1045
-1142
-1233
-1318
-1382
-1409
-1376
-1282
-1105
-800
-340
266
855
1238
1323
1168
933
720
598
582
681
863
1042
1158
1214
1220
1141
911
513
30
-389
-646
-688
-531
-247
33
182
164
50
-63
-102
-64
3
82
174
324
544
835
1144
1358
1376
1156
776
357
25
-139
-145
-46
84
175
193
157
102
41
-31
-118
-210
-272
-266
-179
-14
180
342
399
327
162
-27
-177
-253
-250
-184
-81
5
58
77
78
59
13
-53
-132
-199
-242
-251
-217
-154
-109
-115
-189
-301
-414
-500
-560
-613
-677
-770
-899
-1063
-1213
-1320
-1383
-1424
-1460
-1496
-1494
-1409
-1198
-800
-207
474
1023
1270
1221
1021
796
603
478
491
652
876
1067
1174
1222
1168
948
519
-40
-548
-859
-923
-762
-441
-73
184
231
103
-68
-165
-164
-99
2
141
330
557
821
1102
1326
1373
1181
799
346
-47
-297
-374
-305
-125
82
236
286
245
166
70
-36
-142
-194
-157
-36
120
273
385
421
340
158
-62
-274
-409
-463
-420
-309
-189
-96
-75
-125
-213
-301
-364
-420
-467
-492
-486
-423
-326
-222
-155
-167
-261
-425
-574
-663
-693
-708
-768
-873
-1018
-1158
-1260
-1344
-1405
-1451
-1484
-1457
-1301
-904
-230
579
1247
1512
1380
1057
746
546
465
525
720
975
1191
1320
1398
1410
1240
795
144
-482
-864
-916
-669
-245
224
548
606
430
184
23
-21
-6
40
153
369
659
970
1259
1447
1433
1152
665
137
-275
-481
-481
-298
-11
260
407
402
298
176
56
-69
-172
-208
-131
28
227
409
528
520
334
24
-289
-487
-539
-470
-330
-179
-94
-112
-233
-391
-518
-599
-655
-713
-746
-736
-667
-566
-482
-434
-458
-547
-679
-795
-822
-754
-637
-572
-637
-823
-1080
-1325
-1495
-1561
-1526
-1431
-1286
-1059
-654
16
846
1536
1772
1516
1049
650
455
444
587
878
1199
1425
1503
1496
1441
1221
747
104
-471
-740
-663
-305
208
705
1010
987
721
413
206
110
55
76
238
544
906
1191
1352
1346
1128
720
232
-143
-339
-408
-385
-252
15
304
470
457
319
159
13
-101
-113
7
218
390
444
402
318
203
39
-146
-291
-358
-362
-316
-236
-137
-98
-196
-420
-690
-884
-964
-938
-828
-670
-537
-508
-591
-722
-846
-947
-1016
-1050
-1003
-873
-723
-636
-675
-830
-1093
-1417
-1710
-1868
-1854
-1711
-1502
-1213
-735
21
942
1696
1958
1651
1059
534
251
216
358
664
1048
1383
1589
1651
1569
1231
584
-202
-812
-973
-679
-108
550
1095
1369
1266
876
450
167
60
50
130
355
692
1034
1222
1209
1030
704
284
-161
-495
-632
-625
-513
-304
-8
280
379
241
-27
-247
-319
-272
-112
124
363
525
552
492
375
176
-106
-414
-621
-634
-477
-237
-33
55
-21
-261
-581
-855
-991
-993
-914
-784
-617
-442
-335
-349
-460
-619
-788
-942
-1058
-1097
-1042
-938
-866
-901
-1050
-1284
-1537
-1752
-1854
-1800
-1617
-1333
-947
-359
505
1472
2170
2270
1814
1187
707
469
403
500
802
1203
1567
1790
1845
1708
1242
500
-250
-674
-590
-141
457
1033
1442
1575
1351
918
504
227
117
133
316
676
1087
1373
1405
1204
859
427
-2
-371
-601
-673
-654
-511
-254
68
319
331
110
-219
-474
-534
-398
-110
211
461
589
576
473
288
25
-282
-577
-728
-672
-441
-150
30
30
-157
-454
-731
-920
-973
-916
-793
-633
-478
-331
-259
-317
-490
-721
-894
-985
-1010
-987
-944
-894
-906
-1018
-1216
-1462
-1693
-1851
-1896
-1800
-1587
-1247
-757
-50
860
1701
2122
1939
1367
824
513
431
483
657
974
1336
1644
1813
1783
1473
852
121
-424
-553
-246
285
862
1339
1590
1576
1290
873
450
100
-73
-34
253
683
1075
1299
1266
1008
608
158
-216
-494
-644
-671
-600
-396
-129
122
257
168
-96
-438
-685
-718
-581
-337
-87
120
275
337
315
163
-107
-395
-623
-677
-562
-352
-127
-22
-62
-206
-408
-601
-798
-942
-957
-826
-572
-319
-164
-173
-365
-630
-856
-966
-953
-909
-870
-864
-876
-903
-997
-1154
-1363
-1563
-1677
-1695
-1600
-1382
-1012
-417
384
1226
1782
1805
1380
827
431
276
305
482
790
1162
1533
1821
1961
1826
1334
627
-11
-324
-234
159
711
1263
1644
1750
1554
1153
680
231
-70
-119
111
529
946
1225
1282
1125
804
382
-40
-396
-631
-698
-586
-301
81
417
572
450
102
-329
-689
-855
-811
-607
-343
-97
102
218
212
50
-231
-521
-724
-782
-668
-415
-122
87
150
76
-106
-359
-642
-884
-1003
-949
-740
-475
-249
-157
-228
-431
-682
-879
-996
-1047
-1050
-1029
-981
-934
-930
-986
-1120
-1295
-1457
-1547
-1528
-1387
-1084
-588
107
853
1395
1528
1248
786
383
144
102
237
503
828
1136
1422
1643
1686
1436
930
390
26
-57
140
521
971
1317
1452
1374
1140
834
501
216
65
89
268
519
760
932
972
877
662
357
6
-351
-612
-696
-562
-247
123
400
468
293
-27
-374
-614
-686
-630
-497
-343
-181
-31
58
35
-121
-379
-647
-824
-829
-652
-371
-95
74
103
12
-163
-379
-595
-746
-784
-704
-543
-364
-228
-185
-264
-434
-622
-773
-857
-889
-880
-848
-816
-789
-796
-831
-904
-1003
-1089
-1141
-1113
-964
-652
-171
388
843
1037
948
699
442
277
251
352
556
773
958
1141
1325
1458
1430
1199
856
537
364
401
638
980
1260
1366
1289
1078
820
568
367
249
236
325
481
665
816
872
818
662
440
185
-72
-276
-380
-355
-196
48
285
384
286
27
-276
-505
-589
-533
-396
-250
-150
-91
-68
-84
-157
-280
-436
-586
-674
-640
-462
-206
38
182
207
122
-56
-283
-498
-640
-685
-632
-505
-351
-227
-194
-272
-421
-590
-747
-881
-986
-1057
-1088
-1085
-1032
-946
-877
-876
-951
-1066
-1168
-1200
-1120
-905
-572
-232
-2
53
-44
-194
-305
-305
-185
9
204
360
489
640
817
969
1032
971
830
692
672
814
1081
1349
1501
1479
1286
998
698
463
332
304
361
484
648
807
906
917
843
702
516
298
105
-13
-22
84
276
483
606
563
354
34
-277
-487
-561
-515
-405
-274
-158
-67
-16
-17
-90
-249
-465
-668
-770
-739
-578
-362
-156
-16
6
-95
-294
-526
-738
-872
-908
-850
-728
-596
-508
-482
-501
-540
-590
-675
-795
-941
-1075
-1137
-1101
-981
-835
-738
-726
-779
-819
-780
-621
-370
-124
24
32
-43
-102
-66
89
297
478
572
597
619
696
837
985
1072
1060
993
946
1010
1208
1477
1697
1761
1641
1379
1067
776
559
447
428
466
536
622
718
797
819
757
612
415
207
35
-54
-28
109
302
472
549
495
323
72
-194
-415
-555
-599
-568
-472
-334
-182
-62
-17
-69
-206
-392
-573
-692
-702
-597
-409
-193
-2
109
107
-21
-239
-487
-705
-857
-922
-900
-818
-713
-619
-559
-539
-567
-641
-756
-887
-1003
-1079
-1089
-1034
-935
-830
-755
-725
-708
-680
-603
-467
-314
-202
-183
-233
-287
-265
-132
87
317
483
556
575
601
675
783
869
887
851
816
861
1029
1290
1552
1696
1659
1448
1143
839
607
487
473
528
601
675
738
790
810
775
668
493
284
97
-14
-22
74
236
401
511
522
432
262
46
-179
-370
-492
-532
-489
-388
-249
-112
-24
-6
-80
-221
-398
-575
-692
-715
-617
-423
-189
9
116
88
-62
-288
-528
-723
-856
-916
-910
-850
-767
-697
-655
-657
-710
-809
-941
-1085
-1210
-1290
-1309
-1266
-1177
-1064
-963
-878
-804
-722
-616
-485
-370
-314
-343
-419
-461
-398
-216
51
315
498
577
583
576
600
657
721
764
795
853
978
1179
1416
1611
1676
1583
1356
1065
791
597
520
546
634
733
813
855
851
797
695
548
367
184
48
-3
37
154
302
422
460
395
243
41
-160
-330
-433
-464
-427
-355
-282
-230
-218
-243
-301
-389
-493
-593
-671
-694
-631
-482
-285
-99
19
39
-37
-175
-324
-453
-551
-621
-668
-688
-667
-615
-548
-498
-485
-525
-617
-745
-885
-1000
-1070
-1080
-1032
-944
-833
-707
-582
-455
-333
-222
-154
-156
-219
-294
-310
-219
-20
241
489
661
752
771
759
738
721
710
705
736
825
999
1227
1459
1621
1664
1571
1363
1102
855
690
637
686
788
888
948
953
901
805
669
502
307
118
-19
-55
25
180
345
443
429
302
112
-91
-260
-375
-439
-456
-440
-392
-334
-291
-291
-341
-435
-558
-680
-778
-818
-792
-696
-554
-406
-280
-210
-199
-235
-299
-367
-434
-497
-557
-601
-614
-598
-571
-543
-532
-553
-615
-706
-811
-910
-1002
-1076
-1119
-1122
-1087
-1018
-912
-776
-622
-475
-355
-292
-301
-363
-427
-439
-355
-183
43
267
443
557
615
620
590
535
478
449
480
597
802
1061
1318
1505
1574
1509
1327
1084
848
687
645
716
855
995
1087
1102
1038
908
735
538
335
155
41
29
127
297
472
575
561
424
200
-44
-247
-364
-390
-341
-254
-165
-107
-96
-141
-240
-383
-550
-716
-847
-904
-869
-748
-580
-419
-312
-285
-323
-398
-473
-520
-541
-540
-528
-513
-502
-495
-497
-513
-542
-582
-642
-716
-787
-849
-882
-893
-887
-884
-884
-881
-855
-778
-645
-473
-303
-182
-142
-167
-217
-238
-196
-74
103
294
462
588
679
725
730
692
630
565
536
574
701
907
1149
1361
1474
1459
1320
1105
877
703
631
667
776
906
1012
1066
1048
953
789
571
332
112
-34
-68
14
187
383
531
575
489
300
53
-181
-344
-410
-380
-286
-172
-77
-32
-51
-132
-273
-453
-643
-806
-897
-891
-791
-634
-473
-356
-319
-360
-459
-578
-679
-737
-739
-695
-631
-565
-517
-498
-506
-543
-599
-674
-757
-838
-897
-915
-892
-845
-804
-780
-771
-755
-713
-622
-495
-351
-221
-142
-115
-118
-119
-85
0
129
285
438
566
665
731
761
751
706
644
595
591
660
801
995
1189
1326
1363
1292
1139
953
793
701
696
764
872
980
1058
1081
1033
906
716
487
262
87
9
41
167
340
492
563
516
362
137
-89
-267
-359
-366
-302
-203
-108
-37
-17
-61
-173
-341
-537
-715
-833
-861
-800
-678
-537
-430
-387
-419
-509
-617
-709
-754
-745
-696
-626
-559
-510
-481
-480
-508
-566
-648
-736
-811
-848
-841
-797
-737
-685
-654
-649
-651
-637
-589
-500
-373
-230
-99
-10
31
42
51
89
163
264
379
489
586
668
727
756
735
670
580
506
487
542
662
818
966
1060
1079
1024
914
779
654
577
559
594
667
743
803
817
770
658
487
289
100
-40
-91
-48
65
200
306
348
304
187
24
-145
-280
-359
-371
-321
-228
-129
-63
-49
-102
-219
-380
-555
-700
-785
-790
-724
-611
-489
-398
-361
-385
-455
-549
-637
-690
-699
-659
-586
-498
-418
-367
-357
-392
-464
-554
-637
-696
-717
-702
-662
-608
-557
-524
-505
-491
-473
-439
-378
-291
-187
-79
21
97
148
188
231
283
349
425
502
573
634
674
687
670
624
573
538
535
576
645
728
800
842
845
806
731
641
553
496
482
511
568
622
652
637
575
472
336
194
69
-11
-34
-5
64
134
177
177
130
44
-59
-160
-229
-254
-230
-165
-86
-22
4
-24
-96
-200
-317
-426
-510
-551
-546
-509
-459
-422
-414
-439
-491
-553
-608
-640
-647
-627
-580
-520
-461
-424
-417
-436
-473
-514
-545
-558
-552
-527
-495
-466
-444
-431
-427
-424
-410
-377
-317
-236
-143
-46
49
129
188
228
255
287
334
397
479
564
641
695
719
715
686
640
596
564
559
583
627
672
706
719
701
658
598
535
479
443
436
456
489
513
515
486
427
345
256
174
112
74
64
78
98
107
90
46
-14
-81
-140
-179
-194
-186
-160
-124
-95
-88
-110
-160
-224
-290
-342
-375
-386
-379
-360
-343
-343
-368
-420
-489
-557
-607
-627
-620
-595
-560
-522
-492
-475
-475
-493
-526
-560
-578
-575
-547
-504
-452
-404
-370
-350
-344
-348
-351
-344
-312
-258
-186
-107
-30
40
101
150
184
203
218
241
282
338
402
465
516
549
559
555
539
516
494
486
495
519
550
579
595
592
575
544
507
465
427
401
392
397
408
414
408
386
348
302
250
199
155
120
98
86
80
73
62
43
16
-14
-49
-82
-110
-127
-133
-135
-139
-147
-164
-191
-220
-250
-280
-306
-329
-345
-354
-360
-368
-383
-406
-430
-457
-480
-498
-509
-514
-510
-498
-485
-477
-473
-477
-483
-488
-489
-483
-470
-449
-422
-389
-353
-317
-284
-254
-228
-200
-168
-129
-86
-39
7
49
92
134
176
220
264
306
344
376
406
433
454
471
484
494
504
515
528
543
559
568
568
559
536
511
481
457
441
428
424
417
405
388
361
328
286
247
206
171
140
116
96
79
64
44
20
-11
-48
-89
-127
-155
-173
-179
-181
-184
-190
-203
-221
-244
-269
-294
-317
-333
-343
-348
-349
-348
-351
-356
-368
-386
-405
-424
-438
-442
-438
-428
-415
-404
-396
-390
-387
-385
-382
-375
-362
-344
-318
-291
-263
-237
-215
-194
-172
-148
-122
-93
-60
-20
23
65
105
143
177
206
233
262
291
324
355
389
420
448
467
480
485
486
486
487
490
494
501
509
513
512
501
482
459
436
415
396
382
370
356
342
325
302
273
239
204
169
137
109
87
68
51
35
14
-11
-41
-73
-107
-138
-163
-178
-189
-196
-203
-212
-226
-247
-268
-291
-314
-334
-348
-356
-362
-363
-365
-367
-372
-384
-396
-411
-423
-429
-431
-425
-415
-402
-390
-376
-367
-361
-355
-349
-340
-328
-313
-295
-272
-247
-223
-197
-169
-144
-121
-98
-76
-53
-29
-2
29
62
98
131
163
190
212
235
255
274
294
310
329
348
365
382
398
409
414
416
415
413
410
404
398
393
388
383
375
364
350
334
316
298
280
260
240
219
201
183
161
138
112
85
57
28
1
-24
-46
-69
-89
-110
-129
-150
-170
-189
-207
-222
-239
-252
-265
-277
-285
-297
-306
-318
-325
-332
-338
-338
-339
-339
-336
-333
-332
-329
-326
-323
-317
-306
-293
-276
-258
-240
-224
-208
-194
-183
-171
-156
-139
-119
-96
-70
-45
-19
6
27
43
58
73
86
104
125
148
174
200
226
247
263
276
283
287
292
298
311
323
338
352
366
374
377
373
360
347
333
322
315
312
312
310
306
299
283
267
244
220
197
174
156
141
129
115
99
83
62
36
9
-21
-47
-72
-93
-110
-123
-136
-148
-160
-176
-193
-209
-226
-241
-257
-267
-272
-278
-283
-288
-290
-292
-297
-299
-303
-307
-308
-309
-306
-300
-295
-287
-282
-275
-267
-256
-245
-232
-219
-205
-192
-179
-167
-154
-141
-127
-110
-93
-75
-56
-38
-22
-7
5
20
33
46
61
76
92
111
128
144
160
173
183
192
199
205
214
222
231
241
251
259
264
268
268
269
266
263
260
257
256
255
256
252
250
244
234
223
214
203
194
184
175
165
154
142
129
115
100
84
68
53
38
23
12
-1
-16
-30
-44
-60
-74
-88
-101
-112
-123
-134
-147
-160
-173
-185
-196
-204
-210
-218
-224
-230
-235
-241
-246
-251
-256
-260
-264
-266
-268
-265
-263
-258
-252
-246
-241
-236
-232
-226
-219
-211
-201
-189
-178
-166
-155
-143
-132
-123
-113
-103
-91
-77
-62
-47
-33
-18
-5
5
17
27
40
51
65
77
89
101
112
122
130
138
146
153
159
165
170
175
180
183
185
185
185
183
182
182
182
184
185
185
183
181
174
168
161
152
144
136
129
123
116
110
101
93
83
71
59
47
35
26
19
11
5
-1
-11
-20
-34
-46
-56
-67
-77
-85
-92
-98
-104
-111
-116
-122
-129
-135
-143
-148
-153
-155
-155
-153
-150
-149
-147
-144
-144
-143
-141
-137
-131
-126
-117
-108
-99
-90
-81
-73
-63
-56
-48
-38
-26
-13
-1
12
23
34
44
54
63
73
84
96
108
118
128
136
143
149
156
162
167
173
177
182
187
190
191
192
190
186
185
184
182
181
179
178
175
171
166
158
151
142
135
126
118
111
103
94
85
77
65
52
40
30
18
8
-1
-10
-18
-27
-38
-50
-61
-72
-82
-92
-100
-109
-117
-126
-134
-142
-149
-155
-162
-168
-176
-181
-186
-189
-192
-194
-196
-197
-197
-196
-195
-193
-191
-189
-185
-179
-174
-166
-159
-152
-145
-138
-131
-124
-116
-109
-99
-89
-78
-67
-55
-45
-34
-26
-14
-4
5
16
27
38
49
60
69
79
88
93
100
107
114
121
127
132
138
142
145
148
151
152
154
157
158
159
160
161
160
159
157
156
153
149
145
140
136
131
127
123
118
110
102
96
87
81
75
68
61
53
46
37
29
19
11
2
-9
-19
-29
-38
-48
-57
-66
-74
-82
-91
-100
-110
-117
-124
-130
-138
-143
-149
-153
-158
-161
-164
-166
-168
-170
-170
-170
-171
-169
-168
-166
-161
-155
-150
-144
-138
-132
-125
-120
-113
-106
-97
-88
-76
-64
-54
-43
-33
-22
-12
-3
7
16
26
37
48
58
66
75
83
90
97
105
111
119
125
130
135
141
145
147
150
153
157
159
161
161
161
160
159
156
152
149
144
140
136
129
123
117
109
102
95
86
78
67
59
51
43
34
23
14
5
-4
-15
-25
-35
-45
-55
-62
-71
-79
-88
-95
-104
-112
-119
-125
-131
-136
-141
-145
-149
-153
-155
-156
-158
-157
-156
-154
-153
-150
-147
-143
-139
-133
-130
-125
-120
-114
-106
-100
-90
-81
-74
-64
-56
-47
-37
-27
-17
-5
6
19
28
39
48
55
64
71
79
86
92
100
107
113
118
123
128
133
136
141
142
144
146
147
148
149
148
148
147
143
139
136
131
128
124
118
113
106
99
92
86
79
71
64
55
45
36
30
21
13
4
-3
-11
-21
-30
-39
-48
-56
-64
-71
-78
-86
-92
-99
-104
-110
-118
-121
-126
-129
-132
-133
-134
-136
-137
-137
-139
-137
-136
-135
-133
-129
-126
-121
-117
-113
-109
-103
-98
-92
-88
-82
-76
-68
-60
-53
-43
-35
-27
-18
-9
-1
9
19
27
36
46
57
64
73
80
88
94
101
106
113
119
125
131
135
140
141
144
144
146
148
148
150
150
149
148
144
142
139
134
130
126
121
115
108
102
94
86
80
71
60
51
43
32
23
14
5
-4
-14
-25
-34
-44
-55
-63
-72
-84
-93
-103
-112
-119
-126
-133
-140
-147
-151
-157
-161
-164
-168
-171
-172
-174
-174
-175
-173
-172
-170
-167
-164
-159
-154
-149
-142
-134
-128
-120
-113
-104
-95
-85
-76
-67
-56
-47
-36
-24
-14
-4
8
20
31
42
53
64
75
84
94
104
111
117
124
130
138
145
151
156
161
165
168
169
170
169
169
169
170
169
167
163
159
156
152
147
140
135
128
121
113
107
98
90
82
72
62
51
41
30
21
12
2
-8
-18
-27
-37
-46
-55
-64
-73
-80
-90
-98
-105
-112
-120
-125
-130
-136
-140
-145
-149
-152
-153
-156
-156
-156
-156
-156
-153
-151
-148
-144
-141
-136
-131
-126
-121
-114
-106
-99
-92
-82
-75
-68
-60
-51
-40
-31
-23
-14
-6
5
14
23
31
41
50
59
67
75
81
87
95
100
107
112
116
121
124
128
130
134
134
136
137
136
135
134
132
131
128
126
123
120
115
111
107
101
95
89
83
77
71
63
57
50
43
35
26
19
12
3
-5
-13
-21
-31
-39
-48
-56
-62
-70
-79
-86
-92
-101
-108
-114
-119
-123
-126
-132
-136
-140
-143
-146
-147
-148
-147
-147
-146
-146
-144
-142
-140
-135
-134
-129
-125
-117
-111
-104
-96
-89
-81
-75
-68
-57
-47
-37
-28
-18
-9
0
10
19
28
36
46
56
65
77
85
95
102
110
116
123
129
136
142
147
150
152
154
155
156
157
158
157
158
157
153
152
149
146
141
136
132
125
119
113
104
96
88
79
71
62
51
41
31
21
11
1
-8
-18
-28
-38
-49
-58
-67
-76
-84
-92
-100
-108
-115
-123
-129
-135
-140
-146
-150
-154
-158
-162
-165
-166
-167
-166
-164
-163
-161
-158
-154
-151
-145
-142
-136
-131
-124
-115
-108
-99
-90
-83
-77
-68
-59
-52
-41
-31
-20
-9
1
11
20
30
38
47
56
64
73
81
89
99
107
113
119
124
128
133
137
142
145
148
149
150
151
151
149
149
147
143
140
137
136
132
128
123
118
112
106
100
91
84
76
68
59
51
44
35
25
16
6
-3
-11
-19
-25
-33
-41
-48
-55
-61
-68
-75
-81
-89
-94
-101
-106
-109
-112
-114
-118
-120
-123
-124
-123
-123
-122
-121
-120
-119
-117
-113
-110
-107
-104
-101
-96
-90
-84
-78
-72
-66
-59
-53
-46
-40
-33
-26
-19
-10
-4
2
10
17
24
30
36
41
49
54
59
65
71
76
82
87
92
96
98
103
105
108
110
113
113
114
114
114
113
112
111
108
106
103
100
96
93
90
85
81
77
72
66
61
55
46
39
33
26
21
15
8
1
-7
-15
-21
-27
-34
-40
-46
-51
-57
-61
-66
-72
-77
-82
-86
-89
-92
-94
-97
-101
-105
-106
-108
-108
-108
-108
-108
-107
-106
-103
-100
-98
-96
-93
-91
-87
-82
-76
-71
-65
-60
-55
-51
-45
-40
-34
-27
-20
-13
-6
0
7
11
18
23
26
31
35
41
45
50
55
61
64
68
71
75
76
78
82
84
86
86
87
87
87
87
85
84
82
80
77
76
73
72
70
68
64
60
57
52
49
44
40
36
31
28
24
20
14
10
4
-1
-7
-12
-15
-20
-24
-27
-30
-33
-36
-41
-44
-47
-50
-52
-54
-54
-55
-57
-60
-61
-62
-63
-63
-64
-63
-62
-61
-61
-59
-59
-59
-57
-55
-52
-49
-44
-41
-38
-38
-36
-35
-31
-29
-26
-21
-19
-15
-12
-9
-6
-4
-2
1
4
6
9
11
13
14
16
17
20
20
21
24
26
28
28
29
28
28
27
26
27
26
27
26
26
25
25
23
22
20
20
20
19
21
20
19
17
16
14
11
11
10
10
10
9
8
9
6
6
5
3
2
1
0
0
-1
-2
-4
-4
-8
-8
-9
-8
-8
-11
-11
-11
-12
-12
-12
-13
-12
-11
-11
-12
-12
-13
-14
-15
-14
-14
-13
-12
-12
-12
-10
-9
-9
-9
-8
-7
-6
-5
-3
-2
1
0
1
2
2
3
1
3
4
6
9
9
8
10
11
12
13
14
15
15
16
16
16
19
18
19
19
17
18
16
17
17
17
16
18
17
17
17
16
16
14
14
13
12
11
10
10
10
8
6
6
4
2
0
1
0
-1
-2
-2
-3
-5
-6
-9
-9
-12
-12
-13
-14
-15
-16
-16
-18
-18
-21
-20
-19
-19
-20
-20
-19
-21
-21
-22
-22
-21
-21
-22
-21
-21
-20
-20
-18
-18
-17
-15
-15
-13
-13
-11
-10
-10
-9
-8
-6
-5
-3
-2
0
2
3
4
5
6
6
7
8
10
11
11
10
11
10
12
11
12
14
16
15
16
16
17
18
18
18
17
16
16
15
14
13
13
11
12
11
11
12
12
11
11
9
8
6
5
5
3
3
1
-1
-1
-3
-5
-6
-6
-8
-7
-8
-7
-8
-9
-10
-11
-11
-14
-15
-17
-17
-17
-18
-17
-16
-15
-15
-15
-16
-18
-16
-14
-13
-13
-12
-11
-11
-10
-10
-12
-11
-10
-9
-8
-7
-6
-5
-3
-2
0
0
0
1
2
4
5
5
7
7
9
8
9
8
9
10
11
13
13
14
15
16
17
20
17
18
19
18
18
19
18
20
18
18
17
16
15
15
14
14
11
11
11
11
10
8
8
8
7
7
6
7
5
3
2
2
0
-1
-2
-5
-6
-7
-7
-10
-9
-10
-9
-10
-10
-10
-11
-14
-16
-17
-18
-18
-19
-17
-19
-18
-18
-18
-19
-18
-18
-19
-17
-16
-15
-14
-15
-14
-13
-12
-12
-13
-11
-11
-10
-9
-7
-5
-5
-3
-2
-1
1
3
4
6
7
7
7
9
9
10
11
12
13
13
14
14
15
16
16
18
19
21
21
20
21
20
20
21
20
20
18
17
16
17
15
15
13
12
12
11
11
10
10
10
9
9
7
5
4
1
1
-2
-3
-4
-4
-6
-6
-8
-9
-9
-9
-10
-12
-12
-11
-12
-13
-14
-16
-16
-16
-18
-17
-18
-19
-18
-18
-19
-17
-18
-16
-15
-14
-14
-13
-13
-12
-13
-12
-11
-11
-9
-10
-8
-7
-6
-6
-5
-4
-2
-2
-2
1
1
4
5
5
5
6
6
7
7
8
9
9
9
10
9
10
10
9
10
12
11
13
12
12
13
12
12
13
12
11
9
10
10
9
8
8
7
6
5
5
4
3
3
3
3
3
2
1
0
-1
-1
-2
-3
-4
-5
-6
-8
-10
-11
-12
-11
-11
-11
-10
-12
-11
-12
-12
-12
-12
-12
-12
-12
-12
-12
-13
-14
-14
-14
-15
-13
-13
-12
-11
-11
-9
-7
-8
-6
-5
-6
-4
-3
-3
-1
-1
0
0
1
2
3
4
5
7
9
9
10
10
11
12
11
12
12
13
13
14
14
14
16
16
15
15
15
15
14
14
14
15
14
15
13
13
13
12
12
10
10
9
8
8
7
6
5
3
4
3
2
2
0
0
-2
-1
-2
-3
-3
-4
-5
-6
-7
-8
-8
-9
-9
-9
-10
-10
-11
-11
-11
-10
-11
-10
-12
-13
-12
-13
-11
-12
-11
-11
-11
-12
-11
-11
-11
-11
-11
-11
-10
-8
-8
-7
-5
-5
-5
-5
-4
-3
-2
-1
-1
0
1
1
1
1
2
3
3
5
6
7
8
8
8
8
9
9
8
9
10
11
11
11
11
12
10
10
9
9
8
8
8
7
8
7
7
6
5
5
6
5
4
5
3
5
3
2
0
-2
-1
-3
-4
-3
-5
-5
-6
-5
-7
-6
-6
-7
-7
-6
-8
-7
-7
-9
-9
-10
-9
-11
-11
-12
-11
-11
-11
-11
-10
-11
-11
-10
-10
-9
-8
-6
-5
-5
-4
-3
-3
-3
-2
-1
-1
0
0
0
0
1
2
3
5
5
6
6
8
8
8
9
10
10
10
10
10
12
11
9
9
8
9
10
10
11
12
14
14
12
13
12
11
11
10
11
10
8
8
6
6
6
4
5
5
4
4
4
4
2
2
2
1
-1
-1
-2
-2
-4
-4
-5
-6
-7
-7
-7
-7
-8
-7
-8
-8
-8
-8
-9
-10
-10
-10
-10
-11
-12
-11
-11
-12
-13
-12
-12
-12
-13
-12
-12
-13
-11
-10
-11
-11
-11
-9
-7
-6
-6
-7
-6
-6
-7
-5
-4
-3
-3
-3
-3
0
0
2
1
3
4
5
5
4
6
5
6
5
6
6
5
5
6
6
6
6
5
6
5
6
7
8
9
9
9
7
6
6
5
6
5
5
5
4
4
2
2
1
2
3
2
2
2
2
2
2
0
1
1
0
1
-1
0
-1
-1
0
-2
-1
-2
-2
-1
0
-1
-1
0
-1
0
-1
-1
-1
-2
-2
-1
-1
-2
-3
-1
0
-1
0
0
1
1
1
2
1
3
3
4
4
4
2
2
2
2
3
2
1
3
2
3
4
5
6
5
6
5
6
6
5
6
6
7
5
7
5
5
5
4
5
5
5
5
5
4
4
4
2
2
2
1
1
3
2
1
1
1
-1
-1
-1
-2
-2
-1
-3
-1
-2
-2
-2
-2
-4
-4
-4
-4
-6
-6
-5
-6
-6
-7
-8
-8
-8
-8
-7
-7
-6
-6
-7
-6
-8
-6
-6
-7
-7
-6
-7
-7
-8
-9
-10
-10
-10
-10
-8
-8
-7
-5
-4
-4
-4
-5
-4
-3
-3
-1
-2
-2
-1
-3
-2
-1
-2
-2
-1
-1
1
1
2
2
4
4
3
3
3
4
4
5
6
5
5
5
4
4
4
4
4
3
4
4
4
3
4
4
4
4
3
3
4
3
3
3
3
3
2
3
2
2
2
2
2
0
0
0
0
0
1
0
0
0
1
0
-1
-2
-3
-3
-1
-2
-1
-2
-2
-2
-2
-2
-2
-2
-2
-1
-1
0
-1
-2
-1
-3
-2
-1
-2
0
0
1
1
1
2
2
1
2
2
2
4
3
3
3
3
2
2
1
2
1
1
2
2
2
3
3
3
4
4
4
4
4
3
4
3
3
2
2
1
1
-1
-1
-1
1
1
2
2
2
2
2
2
2
1
1
1
0
-1
-1
-2
-2
-3
-3
-3
-3
-4
-3
-4
-4
-3
-4
-4
-4
-5
-4
-5
-5
-5
-5
-5
-5
-7
-6
-5
-5
-5
-4
-3
-4
-4
-4
-6
-6
-5
-5
-5
-6
-5
-5
-4
-5
-3
-3
-3
-1
-2
-2
-2
-1
-2
-1
-1
-1
-1
-1
0
-1
0
0
2
3
1
2
2
2
4
3
4
4
4
3
4
4
4
3
3
4
3
4
3
4
5
5
5
4
5
5
4
4
4
4
4
5
6
5
5
4
4
4
4
4
4
3
3
3
2
2
2
0
1
1
1
0
0
0
-1
-1
0
0
-2
-1
-1
0
-1
-1
-2
-2
-2
-3
-3
-3
-3
-3
-4
-3
-4
-5
-4
-3
-3
-3
-3
-2
-3
-3
-2
-3
-3
-3
-3
-3
-3
-4
-4
-3
-3
-4
-3
-4
-3
-3
-2
-3
-2
-3
-3
-1
-2
-2
-2
-2
-2
-2
-1
-1
0
0
1
0
0
-1
0
-1
1
1
0
-1
1
2
2
3
3
3
4
3
3
3
3
2
3
2
3
3
3
3
3
4
3
2
2
4
3
3
3
1
2
0
1
0
1
-1
-1
-2
-2
-1
-2
-1
-2
-1
-1
0
0
-1
-1
-3
-2
-2
-3
-3
-3
-2
-2
-2
-2
-2
-2
-2
-1
-1
0
1
0
1
1
0
1
-1
0
0
0
1
0
1
2
2
2
2
2
3
3
4
3
3
3
3
2
3
4
2
3
3
2
3
2
3
2
3
2
2
3
3
1
2
3
4
4
5
5
3
2
1
1
1
0
0
2
0
1
0
2
2
1
1
0
1
0
0
-1
-1
-2
-3
-3
-4
-4
-4
-5
-5
-4
-5
-3
-3
-3
-3
-2
-3
-4
-5
-5
-5
-5
-5
-5
-5
-6
-5
-5
-6
-5
-4
-6
-3
-3
-3
-2
-2
-3
-3
-4
-3
-3
-4
-2
-2
-2
-2
-1
-2
-1
-1
0
0
1
2
2
3
3
3
5
4
5
5
5
5
5
4
3
4
4
4
4
4
6
6
6
6
7
6
6
7
7
6
6
5
5
3
4
4
4
3
3
3
4
3
4
5
5
6
4
3
3
3
3
2
2
2
0
0
0
0
1
0
-1
0
-1
-2
-2
-2
-4
-4
-4
-4
-5
-5
-3
-4
-3
-3
-4
-5
-5
-6
-5
-4
-4
-4
-5
-4
-3
-3
-4
-4
-4
-4
-4
-3
-1
-3
-2
-1
-2
-1
-3
-2
-3
-3
-2
-2
-1
-2
-1
0
-1
1
0
1
1
0
1
2
1
1
2
0
2
2
1
0
1
2
1
1
0
0
0
0
1
1
1
1
0
0
-1
-2
-2
-2
-2
-2
-1
0
-1
-1
-2
-2
-2
-2
-2
-3
-2
-1
-2
-2
-3
-3
-4
-4
-5
-5
-3
-3
-3
-4
-3
-3
-3
-4
-4
-3
-3
-2
-2
-2
-3
-2
-3
-2
-2
-1
0
-2
0
-1
0
0
1
2
2
2
3
3
5
4
5
3
3
3
3
4
4
5
5
5
4
4
3
4
3
3
5
4
4
5
6
5
5
4
3
3
3
3
3
4
3
3
2
2
2
2
3
4
4
4
3
4
3
2
2
1
1
1
0
0
1
-1
0
0
1
1
1
0
-1
-1
0
-2
-1
-1
-1
-2
-1
-1
-2
-2
-2
-1
-1
0
0
0
0
0
0
-1
-1
-2
-3
-3
-2
-2
-3
-2
-1
-2
-1
-1
-1
-2
-3
-1
-1
0
0
0
-1
0
0
1
0
-1
-1
-1
0
2
2
3
4
4
3
2
2
3
2
2
4
3
4
4
4
4
3
3
2
2
2
1
1
0
0
0
-1
-1
-2
-1
-1
-2
-1
-1
-2
-3
-2
-1
-1
-2
-1
-1
-2
-3
-4
-5
-5
-4
-5
-4
-3
-4
-4
-4
-3
-5
-4
-5
-5
-4
-3
-3
-3
-4
-4
-3
-4
-4
-5
-4
-4
-4
-2
-2
-2
-1
0
-1
-2
-1
-2
0
1
0
1
0
1
1
1
1
1
1
1
2
3
2
4
6
5
5
4
3
2
3
3
2
4
4
3
3
4
3
2
2
3
3
4
5
5
6
6
5
3
3
2
2
3
3
3
3
2
1
1
0
0
0
1
1
1
2
1
2
1
0
0
-1
0
0
0
0
0
-2
-3
-1
-1
-1
-3
-2
-1
-2
-2
-2
-3
-2
-2
-3
-2
-4
-4
-3
-2
-1
-2
-2
-2
-3
-3
-4
-4
-3
-3
-3
-3
-4
-4
-3
-3
-2
-2
-2
-1
0
0
0
0
1
0
0
-2
-2
-1
-1
-1
0
1
1
0
1
0
1
2
1
1
2
1
1
3
2
1
2
2
3
3
2
3
4
4
4
4
4
2
2
2
2
2
1
1
1
1
2
2
1
1
0
-1
-1
-1
-1
0
0
