1.000000e-030   1.000000e-030   1.000000e-030   1.417542e-218   1.000000e-030   1.000000e-030   1.000000e-030   1.000000e-030   1.000000e-030   1.000000e-030   1.000000e-030   9.281129e-249   2.522677e-248   1.000000e-030   1.000000e-030   1.000000e-030   1.000000e-030   1.000000e-030   2.880074e-044   1.000000e-030   1.000000e-030   1.000000e-030   1.000000e-030   1.000000e+000   1.000000e-030   1.000000e-030   1.000000e-030   1.000000e-030   1.000000e-030   1.000000e-030   1.000000e-030   1.000000e-030   

7.966729e-244   1.000000e-030   1.000000e-030   6.075181e-219   1.000000e-030   1.000000e-030   1.000000e-030   1.000000e-030   1.000000e-030   1.000000e-030   3.748667e-243   4.285714e-001   2.857143e-001   1.000000e-030   1.000000e-030   1.542795e-234   1.000000e-030   1.000000e-030   2.857143e-001   1.000000e-030   1.000000e-030   1.000000e-030   1.000000e-030   8.265306e-251   1.000000e-030   1.000000e-030   1.000000e-030   1.000000e-030   1.000000e-030   1.000000e-030   1.000000e-030   9.831122e-148   

3.456148e-001   1.000000e-030   1.000000e-030   4.899235e-219   1.000000e-030   1.298632e-229   8.071027e-231   1.000000e-030   1.000000e-030   9.124173e-240   4.608197e-001   4.450537e-251   3.966008e-246   1.000000e-030   1.000000e-030   1.177113e-233   2.417223e-231   1.000000e-030   1.000000e-030   1.000000e-030   1.000000e-030   1.000000e-030   1.000000e-030   1.000000e-030   1.846783e-236   1.744393e-238   1.000000e-030   1.000000e-030   1.000000e-030   1.000000e-030   1.000000e-030   1.935655e-001   

1.000000e-030   1.000000e-030   7.247866e-226   2.775899e-219   1.000000e-030   6.527494e-002   3.263747e-001   1.264661e-226   1.000000e-030   6.527494e-002   2.641280e-242   2.644135e-282   2.626536e-283   1.000000e-030   1.000000e-030   1.305499e-001   6.527494e-002   1.811967e-221   7.247866e-225   2.174360e-223   1.000000e-030   1.811967e-222   1.000000e-030   1.000000e-030   1.305499e-001   1.305499e-001   1.000000e-030   1.000000e-030   1.000000e-030   1.000000e-030   1.000000e-030   8.615088e-002   

1.000000e-030   1.000000e-030   1.000000e-001   1.000000e-001   1.000000e-030   3.670686e-256   6.832474e-227   3.000000e-001   1.000000e-030   1.000000e-030   1.000000e-030   1.933770e-313   8.074961e-314   1.000000e-030   1.000000e-030   8.196982e-267   1.000000e-030   1.000000e-001   1.000000e-001   2.000000e-001   1.000000e-030   1.000000e-001   1.000000e-030   1.000000e-030   1.804400e-264   1.000000e-030   1.000000e-030   1.000000e-030   1.000000e-030   1.000000e-030   1.000000e-030   1.087855e-268   

