2.363276e+062 -4.067424e+058 -1.050586e+059 -1.840282e+059 -2.675871e+059 -3.445311e+059 -4.020615e+059 -4.280886e+059 -4.139242e+059 -3.550393e+059 -2.514227e+059 1.397320e+056 
2.363286e+062 -3.848788e+058 -9.991931e+058 -1.755284e+059 -2.556258e+059 -3.297709e+059 -3.854797e+059 -4.112835e+059 -3.983386e+059 -3.417462e+059 -2.417044e+059 1.280306e+056 
2.363282e+062 -3.813304e+058 -9.913080e+058 -1.741980e+059 -2.538911e+059 -3.259981e+059 -3.792063e+059 -4.030709e+059 -3.896046e+059 -3.340985e+059 -2.364218e+059 1.243680e+056 
2.363275e+062 -3.968233e+058 -1.025846e+059 -1.797668e+059 -2.613403e+059 -3.363376e+059 -3.917731e+059 -4.162137e+059 -4.016635e+059 -3.441142e+059 -2.434197e+059 1.325181e+056 
2.363274e+062 -3.910821e+058 -1.013367e+059 -1.779041e+059 -2.592638e+059 -3.337299e+059 -3.896199e+059 -4.149041e+059 -4.008364e+059 -3.433372e+059 -2.426805e+059 1.307517e+056 
2.363273e+062 -3.855922e+058 -1.000689e+059 -1.754319e+059 -2.556666e+059 -3.295524e+059 -3.849493e+059 -4.104809e+059 -3.976073e+059 -3.412924e+059 -2.417395e+059 1.278884e+056 
2.363271e+062 -4.023361e+058 -1.044492e+059 -1.831920e+059 -2.659732e+059 -3.411089e+059 -3.971463e+059 -4.228700e+059 -4.094850e+059 -3.515206e+059 -2.487717e+059 1.371539e+056 
2.363274e+062 -3.987064e+058 -1.039494e+059 -1.835544e+059 -2.680164e+059 -3.447879e+059 -4.020462e+059 -4.279047e+059 -4.136576e+059 -3.543926e+059 -2.505774e+059 1.389534e+056 
2.363278e+062 -3.954024e+058 -1.022829e+059 -1.795323e+059 -2.609137e+059 -3.348267e+059 -3.898733e+059 -4.153178e+059 -4.019946e+059 -3.449971e+059 -2.442552e+059 1.320753e+056 
2.363282e+062 -3.967135e+058 -1.031777e+059 -1.815803e+059 -2.644079e+059 -3.394607e+059 -3.953921e+059 -4.205829e+059 -4.061655e+059 -3.481064e+059 -2.461379e+059 1.350118e+056 
2.362191e+062 -8.780048e+058 -9.068698e+057 9.749280e+058 -7.106209e+058 -4.096090e+059 -7.318944e+059 -7.533772e+059 -5.259931e+059 -3.092829e+059 -1.915451e+059 1.017942e+056 
2.276224e+062 -2.456179e+060 1.310322e+061 2.942288e+061 2.303684e+061 2.920961e+058 -2.088597e+061 -2.153004e+061 -4.829949e+060 9.047937e+060 8.023991e+060 -1.581592e+059 
2.237209e+062 -3.035451e+060 1.757635e+061 3.839942e+061 2.865376e+061 5.101910e+060 -2.030006e+061 -2.599487e+061 -1.216056e+061 4.305954e+060 9.310796e+060 -4.466111e+059 
2.208643e+062 -7.279316e+060 1.787978e+061 5.167497e+061 4.940415e+061 1.369813e+061 -2.760327e+061 -3.846294e+061 -1.692427e+061 7.243362e+060 1.221675e+061 -1.183343e+060 
2.209372e+062 -7.361510e+060 1.769620e+061 5.260384e+061 5.054114e+061 1.436579e+061 -2.838900e+061 -3.811414e+061 -1.505763e+061 8.495603e+060 1.222819e+061 -1.155715e+060 
2.179939e+062 -8.761319e+060 2.268256e+061 6.758990e+061 6.735926e+061 2.404244e+061 -2.739195e+061 -3.745867e+061 -8.035044e+060 1.955443e+061 2.078348e+061 -1.376366e+060 
2.107149e+062 -1.505815e+061 2.684426e+061 9.239206e+061 9.869104e+061 4.226138e+061 -2.960157e+061 -4.747834e+061 -1.064527e+061 2.584800e+061 2.817662e+061 -3.182436e+060 
2.058986e+062 -2.126453e+061 2.783770e+061 1.092597e+062 1.213209e+062 5.009974e+061 -3.737414e+061 -5.681876e+061 -1.108273e+061 3.182723e+061 3.192441e+061 -5.178049e+060 
2.215527e+062 -7.466022e+060 1.702489e+061 5.267500e+061 5.362162e+061 1.915364e+061 -2.139226e+061 -3.096738e+061 -8.964579e+060 1.268917e+061 1.457169e+061 -9.419194e+059 
2.235397e+062 -5.939549e+060 1.456383e+061 3.924080e+061 3.880166e+061 1.541180e+061 -1.064458e+061 -2.314521e+061 -1.655620e+061 -2.098894e+059 7.698924e+060 -7.018009e+059 
2.346566e+062 -1.576023e+060 -1.909979e+059 2.560573e+060 2.281809e+060 -2.396057e+060 -8.177476e+060 -1.051542e+061 -8.289171e+060 -4.364808e+060 -1.867872e+060 -4.272627e+057 
2.360288e+062 -6.648418e+059 -1.457934e+060 -2.304194e+060 -3.302340e+060 -4.430856e+060 -5.416365e+060 -5.884123e+060 -5.593237e+060 -4.555943e+060 -3.019458e+060 2.463965e+058 
2.360630e+062 -6.876453e+059 -1.650367e+060 -2.788715e+060 -4.046636e+060 -5.252978e+060 -6.118185e+060 -6.363960e+060 -5.886621e+060 -4.779993e+060 -3.213198e+060 3.103887e+058 
2.362212e+062 -2.400579e+059 -5.979827e+059 -1.046756e+060 -1.528159e+060 -1.974772e+060 -2.297357e+060 -2.402872e+060 -2.267375e+060 -1.907879e+060 -1.338777e+060 4.434990e+057 
2.332699e+062 7.183563e+059 7.296798e+060 1.209885e+061 1.011540e+061 3.086819e+060 -2.908593e+060 -9.980646e+059 6.685773e+060 9.604071e+060 4.670116e+060 8.007189e+058 
2.361489e+062 -1.682011e+059 -1.373805e+059 -1.408984e+059 -5.111859e+059 -1.207323e+060 -1.785671e+060 -1.804085e+060 -1.374791e+060 -9.405028e+059 -6.937354e+059 1.167615e+057 
2.363158e+062 -5.974508e+058 -1.499174e+059 -2.686870e+059 -3.947492e+059 -5.037715e+059 -5.881814e+059 -6.250778e+059 -5.968383e+059 -5.011664e+059 -3.515173e+059 2.936947e+056 
2.363267e+062 -4.449247e+058 -1.153280e+059 -2.036602e+059 -2.955046e+059 -3.771383e+059 -4.383757e+059 -4.651016e+059 -4.467647e+059 -3.810120e+059 -2.694888e+059 1.662246e+056 
2.363277e+062 -4.163421e+058 -1.080528e+059 -1.892539e+059 -2.751435e+059 -3.532060e+059 -4.102386e+059 -4.351405e+059 -4.182601e+059 -3.572719e+059 -2.526700e+059 1.453301e+056 
2.363275e+062 -4.266353e+058 -1.105152e+059 -1.943277e+059 -2.832909e+059 -3.643273e+059 -4.247094e+059 -4.514736e+059 -4.354112e+059 -3.725905e+059 -2.631245e+059 1.551934e+056 
2.363270e+062 -3.869248e+058 -9.797778e+058 -1.710105e+059 -2.529017e+059 -3.289184e+059 -3.856197e+059 -4.104847e+059 -3.963626e+059 -3.399636e+059 -2.408952e+059 1.262328e+056 
2.363139e+062 -3.342934e+058 -9.250186e+058 -1.459378e+059 -2.687424e+059 -2.966164e+059 -3.991757e+059 -4.052166e+059 -3.892323e+059 -3.533503e+059 -2.330396e+059 1.181138e+056 
2.362810e+062 -3.146208e+058 -1.000585e+059 -1.250187e+059 -3.540122e+059 -3.272751e+059 -5.029005e+059 -5.064147e+059 -4.590818e+059 -4.635390e+059 -2.800889e+059 1.606627e+056 
2.361491e+062 7.726739e+058 2.620600e+058 4.192452e+059 -2.462435e+059 3.453816e+059 -1.292860e+059 -1.731727e+059 1.124771e+059 -3.269111e+059 2.207061e+058 1.675559e+055 
2.361988e+062 2.522056e+058 -3.506490e+058 1.513738e+059 -3.309234e+059 1.351368e+058 -3.717985e+059 -3.989937e+059 -2.101633e+059 -4.442870e+059 -1.473231e+059 2.739375e+055 
2.362594e+062 -1.515128e+058 -1.035308e+059 -7.065146e+058 -3.669261e+059 -2.551536e+059 -4.513175e+059 -5.228651e+059 -3.909175e+059 -4.763997e+059 -2.651383e+059 1.336986e+056 
2.361493e+062 7.176666e+058 3.805228e+058 3.739592e+059 -2.701881e+059 3.562122e+059 -1.824997e+059 -1.295537e+059 5.335945e+058 -3.252954e+059 1.894517e+058 -4.113639e+054 
