2.363273e+062 -3.719300e+058 -9.818490e+058 -1.765588e+059 -2.567110e+059 -3.267956e+059 -3.834821e+059 -4.117342e+059 -3.981012e+059 -3.397858e+059 -2.413020e+059 1.267577e+056 
2.363142e+062 -2.996547e+058 -7.997703e+058 -1.536841e+059 -2.294085e+059 -2.974255e+059 -3.547294e+059 -3.762359e+059 -3.715927e+059 -3.108999e+059 -2.229732e+059 1.013822e+056 
2.362580e+062 2.357282e+058 1.020741e+058 -1.274813e+058 -1.405857e+059 -1.734404e+059 -2.643773e+059 -2.611030e+059 -2.634288e+059 -2.378755e+059 -1.570421e+059 1.443006e+055 
2.360367e+062 6.368011e+058 4.027850e+059 8.695889e+059 6.677572e+059 1.006266e+059 -2.161101e+059 -9.235936e+057 3.021391e+059 3.762004e+059 1.523438e+059 2.142385e+056 
2.358672e+062 2.944860e+059 4.735564e+059 1.079984e+060 7.913685e+059 5.829761e+059 4.093805e+059 5.724903e+059 6.082326e+059 3.628549e+059 2.800110e+059 7.084307e+056 
2.359409e+062 2.031053e+059 5.115951e+059 6.745696e+059 5.939428e+059 3.984624e+059 1.792948e+059 5.816995e+059 5.868968e+059 3.598575e+059 1.067364e+059 4.319560e+056 
2.358256e+062 2.991826e+059 5.081830e+059 9.371358e+059 7.840861e+059 9.165498e+059 9.077499e+059 6.841678e+059 5.267551e+059 4.484712e+059 4.073109e+059 9.248499e+056 
2.359412e+062 1.394201e+059 1.947260e+059 4.977448e+059 3.666220e+059 8.151774e+059 8.256052e+059 7.679632e+059 7.251462e+059 2.991843e+059 1.383857e+059 4.590831e+056 
2.357599e+062 2.690172e+059 3.299799e+059 1.056628e+060 7.630023e+059 1.091030e+060 7.832463e+059 1.070012e+060 1.152522e+060 6.212172e+059 4.189836e+059 1.258079e+057 
2.358326e+062 1.525511e+059 1.599429e+059 5.769087e+059 8.131158e+059 8.901286e+059 1.200361e+060 1.418109e+060 8.866287e+059 4.852719e+059 2.647633e+059 9.133795e+056 
2.362382e+062 -1.290964e+059 -2.243785e+059 -1.874681e+059 -1.126752e+059 1.910227e+058 4.750293e+058 5.090188e+058 3.015388e+057 -1.146328e+059 -1.643065e+059 5.490903e+055 
2.319435e+062 -1.106741e+061 -2.494719e+061 -3.742301e+061 -4.477734e+061 -4.414270e+061 -3.609825e+061 -2.452297e+061 -1.335884e+061 -4.794381e+060 5.240576e+058 1.143467e+060 
2.276485e+062 -2.182771e+061 -4.715307e+061 -6.494422e+061 -6.785034e+061 -5.410805e+061 -3.046217e+061 -8.313834e+060 4.564568e+060 7.806480e+060 5.248443e+060 4.425949e+059 
2.271125e+062 -2.145806e+061 -4.436839e+061 -5.874868e+061 -5.863106e+061 -4.369094e+061 -2.299756e+061 -8.579485e+060 -4.088088e+060 -4.448530e+060 -4.492017e+060 1.151719e+060 
2.277813e+062 -1.768082e+061 -3.415333e+061 -4.266427e+061 -4.089401e+061 -2.971834e+061 -1.814619e+061 -1.430323e+061 -1.632116e+061 -1.647691e+061 -1.160919e+061 1.534956e+060 
2.314553e+062 -7.641978e+060 -1.300406e+061 -1.629144e+061 -1.963494e+061 -2.137229e+061 -2.315110e+061 -2.358515e+061 -1.967229e+061 -1.188536e+061 -4.635193e+060 5.829647e+059 
2.330082e+062 -4.059398e+060 -6.997889e+060 -8.822647e+060 -1.426287e+061 -1.790790e+061 -2.144295e+061 -2.153505e+061 -1.588924e+061 -9.395910e+060 -4.080943e+060 3.216422e+059 
2.347363e+062 -2.611399e+060 -5.242562e+060 -8.235643e+060 -1.221002e+061 -1.531317e+061 -1.765826e+061 -1.761875e+061 -1.475727e+061 -1.010042e+061 -5.607818e+060 2.420061e+059 
2.352623e+062 -1.778994e+060 -3.459293e+060 -5.129090e+060 -7.563957e+060 -9.699392e+060 -1.174018e+061 -1.193544e+061 -1.027308e+061 -7.265686e+060 -4.165289e+060 1.058558e+059 
2.358791e+062 -1.013187e+060 -2.406298e+060 -3.984857e+060 -5.580758e+060 -6.757342e+060 -7.558233e+060 -7.624012e+060 -6.706237e+060 -5.091442e+060 -3.185504e+060 4.947446e+058 
2.361477e+062 -5.031376e+059 -1.270371e+060 -2.161242e+060 -3.030532e+060 -3.690256e+060 -4.080715e+060 -4.089198e+060 -3.675548e+060 -2.903665e+060 -1.879360e+060 1.454608e+058 
2.362581e+062 -2.328417e+059 -6.048001e+059 -1.056261e+060 -1.526366e+060 -1.924726e+060 -2.202062e+060 -2.289063e+060 -2.155458e+060 -1.799716e+060 -1.234574e+060 4.175258e+057 
2.363168e+062 -6.588754e+058 -1.719756e+059 -3.006722e+059 -4.390842e+059 -5.537122e+059 -6.411425e+059 -6.716558e+059 -6.390036e+059 -5.406738e+059 -3.745428e+059 3.527825e+056 
2.363278e+062 -4.128666e+058 -1.082934e+059 -1.914520e+059 -2.795995e+059 -3.595236e+059 -4.184011e+059 -4.439497e+059 -4.281641e+059 -3.665223e+059 -2.589405e+059 1.500636e+056 
2.363289e+062 -3.873649e+058 -1.015234e+059 -1.800257e+059 -2.634057e+059 -3.390879e+059 -3.948674e+059 -4.200104e+059 -4.058514e+059 -3.480721e+059 -2.463338e+059 1.337028e+056 
2.363291e+062 -3.823485e+058 -1.003223e+059 -1.779587e+059 -2.603850e+059 -3.353899e+059 -3.905384e+059 -4.154229e+059 -4.014250e+059 -3.441713e+059 -2.436645e+059 1.307028e+056 
2.363289e+062 -3.823183e+058 -1.003937e+059 -1.781862e+059 -2.606823e+059 -3.355774e+059 -3.909013e+059 -4.157780e+059 -4.018052e+059 -3.445618e+059 -2.439825e+059 1.309373e+056 
2.363289e+062 -3.837310e+058 -1.008194e+059 -1.788573e+059 -2.615283e+059 -3.367179e+059 -3.925133e+059 -4.172876e+059 -4.033853e+059 -3.458375e+059 -2.448811e+059 1.319165e+056 
2.363289e+062 -3.838165e+058 -1.007711e+059 -1.786443e+059 -2.614480e+059 -3.366548e+059 -3.923441e+059 -4.172739e+059 -4.032923e+059 -3.460071e+059 -2.448752e+059 1.318501e+056 
2.363288e+062 -3.825049e+058 -1.003752e+059 -1.782600e+059 -2.607924e+059 -3.358047e+059 -3.912852e+059 -4.161945e+059 -4.023121e+059 -3.450272e+059 -2.442633e+059 1.311361e+056 
2.363289e+062 -3.841703e+058 -1.008562e+059 -1.788053e+059 -2.617782e+059 -3.371503e+059 -3.928198e+059 -4.178098e+059 -4.038325e+059 -3.463327e+059 -2.451328e+059 1.321542e+056 
2.363291e+062 -3.828931e+058 -1.006400e+059 -1.786853e+059 -2.612268e+059 -3.364160e+059 -3.920288e+059 -4.169688e+059 -4.030698e+059 -3.457213e+059 -2.447551e+059 1.316433e+056 
2.363291e+062 -3.812724e+058 -1.002331e+059 -1.777675e+059 -2.601851e+059 -3.352045e+059 -3.904507e+059 -4.152060e+059 -4.013573e+059 -3.441423e+059 -2.435951e+059 1.305281e+056 
