1.000000e-030   3.000000e-001   1.000000e-030   1.000000e-001   1.000000e-030   1.000000e-030   1.000000e-030   1.000000e-030   1.000000e-030   1.000000e-030   1.000000e-030   1.000000e-030   1.000000e-030   2.268368e-228   1.000000e-030   1.000000e-030   1.000000e-030   3.000000e-001   1.000000e-030   1.000000e-030   1.000000e-030   2.000000e-001   1.000000e-030   1.000000e-030   1.000000e-030   1.000000e-030   1.000000e-030   1.000000e-030   1.000000e-030   1.000000e-001   1.000000e-030   1.000000e-030   

1.000000e-030   1.000000e-030   1.000000e-030   3.307281e-260   1.000000e-030   1.000000e-030   1.000000e-030   1.000000e-030   1.000000e-030   1.000000e-030   1.000000e-030   1.000000e-030   1.000000e-030   2.268368e-227   1.000000e-030   1.521602e-240   1.000000e-030   1.000000e-030   1.000000e+000   1.000000e-030   1.000000e-030   6.834871e-259   1.000000e-030   1.000000e-030   1.000000e-030   1.000000e-030   1.000000e-030   1.000000e-030   1.000000e-030   1.000000e-030   1.000000e-030   1.641388e-239   

1.000000e-030   1.000000e-030   5.174058e-238   1.000000e-030   1.000000e-030   1.000000e-030   1.000000e-030   4.013815e-239   1.000000e-030   1.000000e-030   1.000000e-030   1.000000e-030   1.000000e-030   2.268368e-228   1.467909e-239   3.000000e-001   1.000000e-030   1.000000e-030   7.966589e-244   1.000000e-030   1.000000e-030   1.000000e-030   1.000000e-030   1.000000e-030   1.000000e-030   1.000000e-030   1.000000e-030   1.000000e-030   1.000000e-030   2.976553e-292   1.000000e-030   7.000000e-001   

1.000000e-030   5.444084e-230   4.000000e-001   1.959870e-233   1.000000e-030   1.000000e-030   1.000000e-030   2.000000e-001   1.000000e-030   1.000000e-030   1.000000e-030   1.000000e-030   2.000000e-001   4.542246e-228   2.000000e-001   3.035260e-267   1.000000e-030   2.738374e-229   1.000000e-030   1.000000e-030   1.000000e-030   1.959870e-234   1.000000e-030   1.000000e-030   1.000000e-030   1.000000e-030   1.000000e-030   1.000000e-030   1.000000e-030   3.097580e-099   1.000000e-030   2.203738e-239   

1.000000e-030   1.000000e-001   1.000000e-030   1.000000e-001   1.000000e-030   1.000000e-030   1.000000e-030   8.830318e-272   1.000000e-030   1.000000e-030   1.000000e-030   1.000000e-030   3.716491e-208   3.000000e-001   1.000000e-030   2.870490e-298   1.000000e-030   2.000000e-001   1.000000e-030   1.000000e-030   1.000000e-030   1.000000e-001   1.000000e-030   1.000000e-030   1.000000e-030   1.000000e-030   1.000000e-030   1.000000e-030   1.000000e-030   2.000000e-001   1.000000e-030   1.647706e-299   

