-3
-6
-7
-8
-6
-5
-4
0
1
-1
-4
-4
-2
0
2
0
0
0
0
2
-1
-1
-4
-4
-2
1
1
-1
-5
-3
2
2
4
1
1
2
5
6
1
3
2
2
1
3
8
8
6
1
3
4
5
6
0
0
2
6
3
-3
-3
-4
1
4
2
1
1
-3
-5
-4
1
0
-3
-1
1
3
2
-1
-7
-4
0
2
3
-1
-2
-3
1
3
2
-2
-4
-3
-1
-1
-3
-5
-7
-5
-3
-2
-5
-5
-2
-2
-4
-3
-2
-1
-7
-5
-3
-1
-2
-3
-5
-6
-5
-3
-1
-1
-2
-3
-3
-1
1
0
1
3
0
1
4
5
4
4
2
2
2
6
7
7
5
4
6
6
6
4
1
2
3
5
4
4
2
-4
-3
-2
-1
3
1
4
4
0
-2
-5
-2
5
4
-1
-1
-2
-4
-7
-4
-6
-3
-2
-7
-7
-4
-5
-5
-7
-9
-5
-1
2
0
-3
-4
-4
0
2
3
1
-2
-3
-4
-4
-2
-3
-6
-9
-5
-2
0
-2
-7
-9
-8
-6
-5
-4
-5
-4
-3
-2
-6
-4
-1
-3
-3
-3
0
2
3
4
5
5
3
4
6
10
12
9
6
7
7
8
8
6
4
3
5
8
7
6
3
4
8
8
8
5
1
1
0
3
5
3
1
2
1
4
3
3
0
-1
2
4
3
0
-3
-6
-4
-1
1
0
-4
-10
-7
-4
-3
-6
-9
-7
-8
-7
-3
-3
-4
-5
-6
-6
-7
-7
-6
-5
-5
-5
-5
-5
-7
-8
-6
-1
1
-1
-2
-1
0
4
0
-1
2
2
1
2
1
1
1
1
2
4
4
4
6
7
7
6
3
3
4
5
5
6
7
8
9
10
8
8
5
4
5
3
2
3
2
2
1
-2
-3
-3
-2
-2
-1
-2
-5
-2
-2
-1
0
2
3
0
-1
0
2
-1
-1
0
0
-1
0
1
0
-1
-5
-6
-4
-4
-9
-12
-8
-8
-10
-8
-6
-8
-10
-12
-13
-9
-8
-13
-12
-11
-8
-3
-5
-9
-12
-11
-5
-1
-3
-7
-3
-4
-2
2
2
-1
-5
-1
4
3
4
3
2
4
5
5
4
3
4
6
8
8
9
10
11
11
7
5
7
10
9
9
6
5
5
4
5
3
-1
-2
0
1
2
1
-1
-2
-2
0
3
1
-4
-2
-1
-1
-1
2
2
0
0
1
6
5
1
0
3
3
4
4
3
2
-1
0
-1
-3
-4
-4
-6
-9
-8
-5
-2
-4
-7
-5
-3
-6
-6
-6
-7
-4
-6
-6
-4
-5
-6
-4
-1
0
-2
-4
-4
-5
-1
0
2
5
4
5
4
4
6
6
4
2
4
9
15
12
10
8
7
8
10
12
8
4
5
5
8
8
3
-1
-2
2
2
4
6
5
2
0
4
8
2
-2
0
4
5
4
3
1
-2
-3
-3
1
1
0
0
-3
1
0
0
0
-5
-9
-10
-11
-10
-11
-13
-16
-12
-9
-6
-8
-12
-11
-5
-3
-2
-3
-5
-5
-5
0
0
-2
-6
-7
-6
-5
-2
-1
-3
-4
-3
-4
-3
2
3
3
-1
2
6
4
6
7
4
4
6
8
6
4
6
6
6
6
7
4
6
7
9
8
6
4
4
8
7
6
3
1
0
3
4
0
-1
-2
0
1
1
3
5
3
2
2
1
5
4
4
4
5
5
6
1
-2
-2
-3
-1
-4
-4
-5
-4
-4
-2
-3
-8
-12
-13
-11
-10
-5
-5
-6
-8
-8
-10
-9
-6
-5
-7
-5
-5
-6
-6
-6
-3
-5
-7
-3
-1
0
0
-3
-5
-2
1
5
5
3
0
2
1
3
5
2
2
4
5
8
8
7
6
6
7
5
2
4
3
3
4
2
2
1
0
0
0
-1
-3
-2
-2
-2
-2
-3
0
3
1
-1
1
3
6
7
3
0
0
2
4
6
5
3
2
1
2
4
2
0
-2
-4
-2
-5
-6
-6
-8
-7
-11
-8
-5
-7
-12
-16
-16
-11
-7
-3
-5
-7
-5
-1
3
1
-1
-5
-5
-5
-5
-1
1
-3
-2
3
6
7
6
4
5
7
9
9
12
12
10
10
8
8
9
11
10
7
6
4
1
2
0
-5
-6
-3
-1
-3
-8
-7
-5
-2
0
-1
-4
-6
-1
5
2
1
-1
1
6
4
6
4
2
1
1
5
5
6
6
5
2
0
-1
1
-3
-7
-4
-8
-8
-5
-4
-7
-11
-7
-5
-5
-5
-5
-1
0
1
3
5
7
7
3
3
6
8
7
5
2
-1
-1
1
2
2
-1
-4
-5
-3
-3
-1
-2
-2
-3
-2
2
2
2
3
6
11
11
9
7
9
12
16
14
9
8
8
8
6
0
-4
-5
-6
-5
-7
-8
-10
-9
-8
-9
-7
-2
2
1
0
2
4
5
4
7
8
9
8
6
4
6
10
10
9
3
-3
-5
0
0
-6
-9
-13
-18
-17
-12
-12
-15
-15
-14
-10
-7
-5
-4
-5
-2
2
4
7
7
6
7
6
5
5
6
7
5
-1
-2
0
-1
0
-2
-6
-5
-5
-4
-4
-6
-7
-9
-7
-4
-2
2
2
0
-1
2
7
8
6
4
9
9
7
6
6
9
5
2
0
0
1
0
-3
0
-1
-2
-4
-5
-4
1
1
0
2
3
4
1
1
3
6
9
10
8
7
10
12
11
7
4
1
0
-3
-5
-6
-9
-12
-12
-13
-11
-9
-16
-15
-13
-13
-13
-12
-12
-9
-4
-1
3
3
0
1
3
5
6
3
1
3
-1
-5
-2
0
-8
-11
-11
-12
-14
-17
-18
-17
-15
-12
-8
-5
0
5
6
8
13
17
24
27
25
25
28
26
24
19
16
12
10
9
4
-2
-8
-13
-18
-19
-20
-20
-20
-21
-19
-16
-14
-10
-5
2
7
8
11
15
19
23
24
25
26
25
22
20
23
18
9
2
-4
-12
-16
-19
-24
-29
-35
-36
-38
-38
-35
-32
-27
-19
-15
-9
-3
5
9
13
16
17
20
22
19
18
20
20
20
15
4
-4
-8
-11
-12
-15
-19
-25
-28
-26
-24
-21
-18
-14
-9
-7
-2
6
9
15
22
26
30
37
38
36
34
27
23
18
13
9
0
-8
-15
-20
-27
-30
-34
-36
-37
-38
-32
-26
-22
-15
-7
-4
4
14
24
31
36
39
43
48
48
45
43
38
37
35
26
15
2
-12
-20
-29
-34
-41
-52
-58
-56
-52
-51
-52
-51
-44
-33
-20
-11
-7
-1
10
23
34
40
45
47
49
50
47
45
42
35
25
18
10
-2
-13
-24
-32
-37
-42
-46
-48
-49
-47
-44
-41
-35
-28
-17
-8
-1
7
14
24
34
38
39
43
47
46
45
38
30
22
17
12
5
-5
-16
-24
-31
-32
-29
-29
-31
-29
-28
-19
-12
-8
2
12
17
24
31
34
34
38
42
43
41
35
32
29
16
5
-5
-15
-23
-32
-41
-45
-47
-50
-54
-53
-48
-40
-31
-25
-15
-2
9
17
27
38
44
48
52
56
58
57
50
39
30
19
9
0
-14
-30
-43
-56
-64
-69
-75
-82
-82
-80
-77
-69
-61
-51
-42
-27
-7
10
24
37
48
58
68
77
82
83
81
77
73
64
54
42
27
14
0
-13
-25
-32
-42
-53
-57
-56
-52
-49
-46
-38
-28
-18
-9
0
5
13
25
35
40
44
43
43
43
41
37
30
20
11
1
-9
-18
-26
-35
-39
-41
-41
-40
-40
-34
-26
-18
-8
0
15
24
34
43
54
60
60
64
62
59
52
42
35
28
16
2
-15
-32
-46
-59
-67
-75
-83
-88
-92
-91
-88
-82
-76
-63
-51
-41
-25
-9
6
24
38
53
66
74
81
86
87
85
79
72
64
50
38
26
14
5
-7
-17
-25
-38
-45
-44
-47
-42
-40
-37
-28
-19
-10
-1
8
15
21
29
37
42
40
36
36
39
35
26
19
11
-1
-10
-22
-36
-42
-50
-56
-52
-50
-48
-52
-47
-36
-25
-10
1
10
24
34
43
56
65
68
70
68
67
65
55
44
37
26
9
-6
-22
-40
-54
-67
-80
-88
-95
-101
-104
-105
-100
-96
-88
-76
-59
-43
-28
-10
5
16
33
48
61
74
80
83
87
91
86
81
72
59
48
39
30
23
8
-7
-15
-19
-23
-29
-31
-32
-29
-23
-17
-14
-12
-9
-5
6
17
24
26
23
21
21
22
18
11
4
-6
-13
-21
-31
-38
-41
-46
-51
-53
-57
-53
-46
-40
-30
-19
-8
5
19
29
41
51
62
68
71
72
76
77
74
65
55
44
29
17
5
-12
-30
-48
-64
-75
-81
-91
-99
-102
-103
-100
-97
-92
-83
-69
-52
-38
-23
-10
5
23
37
49
56
62
74
81
77
73
69
63
58
50
44
36
25
12
1
-6
-10
-14
-19
-23
-25
-25
-20
-12
-7
-3
-2
-1
1
6
13
18
18
18
18
21
20
14
8
0
-9
-15
-18
-23
-29
-33
-36
-34
-30
-32
-34
-29
-21
-13
-9
-3
6
18
29
38
45
50
53
57
54
50
49
48
43
34
22
11
2
-7
-14
-24
-36
-46
-56
-64
-67
-69
-71
-72
-71
-67
-59
-53
-46
-37
-25
-19
-11
-5
2
11
20
28
37
39
42
44
45
44
43
42
38
38
38
36
34
32
29
22
20
17
16
17
14
12
13
12
10
6
5
3
1
3
2
-2
-6
-12
-15
-21
-25
-24
-28
-33
-34
-36
-36
-40
-40
-37
-38
-33
-25
-18
-13
-4
8
14
21
29
37
39
44
47
50
52
56
58
55
49
41
31
24
17
7
-4
-11
-21
-33
-43
-50
-58
-65
-69
-72
-73
-72
-70
-70
-66
-59
-52
-41
-28
-18
-11
-3
6
12
17
22
28
35
40
45
50
51
52
50
45
44
47
44
39
36
34
31
24
22
22
23
23
19
10
3
0
-2
-6
-9
-14
-19
-20
-22
-25
-28
-32
-35
-39
-40
-38
-38
-41
-42
-38
-33
-27
-18
-12
-5
1
8
14
21
31
38
46
51
55
55
54
53
53
54
52
51
44
35
26
16
5
-2
-12
-25
-33
-40
-47
-54
-60
-66
-72
-75
-78
-73
-71
-69
-63
-58
-48
-40
-35
-28
-20
-13
-3
6
12
19
26
34
38
42
49
53
54
51
50
54
55
54
53
51
45
43
41
38
33
27
21
17
10
3
-4
-11
-14
-17
-18
-20
-28
-36
-37
-37
-41
-43
-41
-39
-36
-33
-32
-34
-33
-29
-27
-21
-13
-6
0
5
14
21
25
28
32
33
36
40
42
40
36
35
36
35
27
18
9
5
2
-1
-9
-20
-29
-31
-33
-33
-36
-45
-53
-57
-55
-50
-51
-54
-53
-51
-43
-35
-30
-26
-23
-18
-10
-4
0
6
14
22
31
39
43
47
48
51
52
58
60
58
56
52
52
50
46
40
30
20
18
15
10
4
-4
-15
-22
-25
-25
-28
-32
-35
-39
-36
-35
-35
-37
-36
-33
-27
-21
-15
-10
-8
-3
8
14
21
25
32
38
46
50
51
53
54
56
58
59
53
44
41
40
33
24
18
11
3
-3
-10
-21
-30
-41
-46
-53
-59
-65
-74
-79
-79
-77
-73
-75
-77
-74
-70
-62
-56
-50
-41
-32
-24
-15
-5
5
11
16
21
31
42
50
51
52
54
59
63
60
57
53
51
52
48
42
34
24
18
13
8
4
2
-5
-14
-19
-24
-25
-25
-28
-33
-35
-35
-32
-29
-25
-22
-17
-12
-8
1
7
15
24
29
36
41
48
52
54
58
61
61
62
60
57
52
46
42
38
33
29
22
13
3
-9
-17
-28
-38
-48
-57
-65
-75
-85
-95
-100
-103
-104
-103
-106
-105
-99
-96
-91
-85
-76
-68
-58
-46
-36
-24
-12
-2
8
16
26
34
46
58
64
72
78
80
84
88
87
86
83
82
80
78
70
63
52
44
38
31
21
10
3
-5
-10
-14
-19
-25
-32
-38
-40
-40
-39
-40
-40
-39
-39
-34
-25
-21
-19
-13
-8
0
6
9
15
18
22
29
33
34
33
30
28
28
26
23
19
14
10
3
-3
-11
-18
-23
-29
-35
-43
-50
-57
-61
-66
-71
-76
-77
-75
-79
-76
-75
-73
-68
-64
-57
-51
-46
-37
-23
-12
-3
5
12
23
34
40
48
56
59
66
75
79
83
86
88
89
89
86
83
78
74
70
66
60
55
50
40
31
23
14
6
-3
-9
-12
-17
-20
-26
-33
-35
-35
-35
-34
-31
-29
-31
-29
-24
-17
-10
-5
-3
-1
5
11
15
20
23
24
24
26
24
22
18
12
8
4
-1
-6
-15
-23
-32
-41
-46
-54
-58
-60
-66
-73
-77
-82
-85
-89
-88
-90
-89
-85
-83
-74
-67
-65
-57
-48
-40
-27
-13
-2
7
18
28
39
48
57
64
68
77
88
94
98
100
101
104
107
105
104
99
94
94
90
83
74
64
55
49
42
34
26
17
10
6
2
-4
-9
-16
-20
-22
-23
-23
-25
-26
-26
-27
-24
-17
-15
-15
-14
-11
-6
-5
-3
-1
-4
-2
0
3
2
-2
-8
-16
-21
-22
-28
-35
-39
-44
-49
-55
-64
-69
-75
-81
-84
-89
-89
-89
-92
-95
-95
-93
-93
-90
-89
-81
-71
-63
-55
-48
-36
-23
-16
-7
3
14
28
42
50
56
62
71
81
86
91
94
98
103
106
111
112
110
105
98
93
89
87
79
71
64
56
48
39
32
27
19
11
5
1
-2
-5
-12
-18
-20
-16
-13
-16
-18
-19
-17
-12
-9
-7
-6
-4
-2
1
0
2
4
6
4
4
3
0
-4
-7
-13
-20
-26
-33
-41
-50
-55
-58
-66
-75
-81
-86
-91
-95
-100
-103
-104
-106
-105
-103
-102
-99
-96
-90
-84
-77
-70
-58
-46
-35
-27
-18
-6
10
24
37
48
59
69
76
88
94
99
107
115
121
122
121
122
120
114
112
105
99
91
83
76
67
59
50
41
30
22
17
11
5
1
-5
-12
-13
-14
-18
-21
-22
-23
-21
-18
-12
-9
-10
-9
-5
-3
0
7
11
14
13
11
12
10
6
4
2
-4
-8
-16
-25
-31
-38
-46
-52
-58
-65
-71
-77
-81
-87
-93
-98
-100
-103
-104
-103
-100
-98
-96
-93
-87
-76
-67
-61
-56
-49
-38
-26
-12
1
11
24
32
45
56
64
77
84
92
96
100
108
113
116
117
116
114
110
107
101
93
86
81
74
68
61
50
37
26
20
13
5
-3
-14
-22
-25
-24
-25
-30
-30
-30
-26
-25
-25
-23
-21
-17
-14
-9
-3
-3
0
4
6
12
12
7
7
5
2
-1
-4
-10
-17
-22
-27
-31
-39
-51
-59
-66
-68
-71
-74
-81
-89
-92
-92
-87
-89
-91
-91
-85
-79
-77
-71
-65
-61
-54
-47
-36
-22
-12
-4
5
12
24
33
42
52
60
70
76
83
91
93
96
103
105
106
106
104
102
94
91
86
81
76
65
57
50
39
30
20
11
4
-1
-8
-19
-27
-28
-29
-32
-37
-41
-43
-41
-41
-39
-34
-29
-24
-20
-15
-10
-2
4
6
8
12
17
18
20
22
20
15
13
12
9
2
-4
-13
-20
-24
-32
-36
-43
-50
-54
-57
-62
-66
-69
-70
-71
-70
-72
-70
-70
-71
-68
-62
-54
-45
-37
-31
-24
-13
-5
6
14
20
30
38
46
51
58
67
71
73
77
78
80
79
77
75
76
77
74
65
57
48
39
32
26
20
12
4
-6
-13
-20
-29
-35
-41
-48
-48
-47
-43
-41
-42
-42
-41
-35
-31
-27
-19
-10
-5
-1
8
16
23
27
27
31
37
44
44
40
38
36
35
33
26
20
14
11
8
-1
-9
-18
-26
-28
-34
-42
-49
-51
-52
-54
-57
-61
-61
-59
-58
-56
-54
-49
-43
-34
-25
-18
-15
-12
0
11
18
22
26
36
40
43
51
59
66
67
68
70
69
68
68
64
64
58
54
49
41
30
18
12
6
-6
-17
-25
-30
-40
-51
-62
-70
-72
-74
-72
-72
-76
-75
-74
-71
-63
-55
-50
-41
-34
-29
-20
-10
2
11
19
27
33
41
48
53
53
57
60
64
62
58
55
47
42
37
33
28
19
12
1
-3
-9
-16
-21
-28
-33
-36
-39
-47
-50
-49
-45
-43
-41
-39
-37
-34
-29
-24
-15
-8
-1
8
18
27
32
38
46
54
64
69
76
79
79
84
85
86
84
82
82
81
82
76
67
60
55
50
43
31
23
13
0
-11
-16
-21
-31
-42
-51
-59
-64
-71
-74
-79
-80
-79
-76
-74
-75
-74
-75
-73
-69
-68
-65
-61
-57
-50
-50
-51
-49
-44
-41
-38
-33
-33
-33
-33
-30
-31
-32
-32
-37
-38
-38
-35
-29
-28
-28
-29
-26
-22
-21
-18
-16
-11
-4
-2
-2
3
6
15
24
25
32
37
43
46
53
62
70
73
71
73
79
88
93
93
91
89
93
98
97
98
97
95
92
92
89
88
85
78
70
65
63
55
47
37
27
24
23
16
1
-9
-14
-18
-20
-26
-30
-33
-41
-46
-50
-53
-54
-59
-68
-80
-80
-80
-82
-86
-91
-94
-99
-102
-101
-106
-111
-113
-112
-110
-111
-110
-116
-121
-117
-111
-107
-108
-106
-98
-94
-90
-79
-72
-66
-61
-56
-45
-31
-20
-17
-13
-8
1
8
16
26
31
35
43
51
60
64
67
72
81
91
95
98
102
102
105
110
113
118
124
125
130
129
126
124
125
126
124
122
121
118
115
110
103
98
96
94
87
81
75
76
76
68
58
53
45
36
31
25
21
16
9
4
-6
-15
-22
-29
-40
-48
-54
-63
-69
-75
-86
-92
-100
-107
-115
-126
-129
-133
-139
-147
-154
-159
-162
-166
-168
-170
-173
-171
-167
-169
-172
-170
-164
-162
-152
-146
-143
-136
-126
-114
-108
-103
-93
-81
-67
-55
-42
-31
-19
-4
11
25
39
53
64
78
93
107
123
135
143
157
170
179
185
182
182
188
193
196
191
190
191
189
186
188
190
189
186
186
189
191
193
186
180
176
172
175
178
176
175
164
153
149
142
128
119
111
102
89
76
61
43
30
10
-11
-30
-48
-64
-80
-95
-114
-127
-140
-160
-180
-198
-217
-234
-245
-252
-259
-275
-294
-308
-318
-327
-334
-346
-359
-370
-378
-385
-387
-388
-393
-395
-395
-395
-394
-392
-389
-373
-357
-341
-322
-299
-275
-259
-244
-225
-196
-164
-137
-107
-75
-43
-13
15
47
82
118
161
208
247
285
324
362
409
464
513
556
594
618
638
650
662
677
687
692
691
684
664
638
613
582
552
527
494
461
431
399
372
343
314
290
259
226
199
167
136
110
78
44
13
-14
-44
-68
-94
-122
-150
-175
-188
-195
-201
-212
-223
-225
-234
-248
-261
-277
-288
-304
-325
-355
-387
-416
-446
-481
-514
-545
-577
-609
-638
-660
-678
-690
-691
-694
-696
-704
-710
-711
-707
-697
-682
-670
-666
-661
-653
-645
-629
-601
-563
-522
-477
-419
-355
-283
-197
-100
6
127
255
378
492
609
715
814
913
1011
1097
1161
1189
1186
1166
1137
1115
1083
1036
977
898
808
724
640
561
487
414
337
264
214
169
125
93
59
22
-14
-51
-84
-106
-120
-113
-103
-105
-110
-116
-110
-82
-47
-13
17
50
86
126
174
220
262
291
299
295
285
276
253
232
206
166
115
48
-26
-101
-172
-237
-303
-369
-432
-498
-559
-615
-657
-694
-740
-783
-816
-838
-850
-853
-846
-837
-832
-828
-817
-803
-782
-757
-736
-706
-661
-605
-557
-522
-495
-477
-462
-434
-393
-355
-317
-281
-234
-185
-124
-46
49
152
246
317
376
433
502
608
734
864
974
1032
1027
986
948
929
929
925
907
855
781
701
616
556
509
446
374
296
220
163
133
126
133
129
101
50
-12
-66
-98
-95
-82
-73
-65
-76
-82
-80
-76
-60
-33
2
44
95
149
199
245
273
289
287
283
281
276
270
259
229
181
129
68
8
-55
-117
-183
-256
-328
-385
-433
-461
-480
-502
-542
-597
-659
-719
-756
-776
-780
-774
-767
-762
-752
-737
-712
-703
-705
-713
-712
-682
-627
-557
-493
-455
-435
-429
-424
-402
-362
-317
-280
-255
-230
-197
-135
-36
94
235
348
424
461
484
540
647
822
1015
1162
1224
1198
1134
1081
1065
1071
1064
1030
955
866
786
716
658
588
503
408
301
206
152
143
155
169
145
85
-9
-111
-181
-219
-225
-225
-233
-258
-305
-339
-347
-333
-307
-292
-283
-263
-229
-163
-71
26
116
175
204
213
219
231
256
286
292
284
265
221
170
118
53
-19
-105
-193
-264
-312
-341
-367
-403
-460
-532
-601
-657
-687
-692
-701
-722
-742
-752
-738
-711
-682
-666
-669
-687
-698
-677
-613
-532
-464
-423
-421
-440
-461
-451
-398
-321
-248
-211
-203
-203
-168
-73
81
260
397
475
500
497
537
661
855
1073
1234
1287
1233
1117
1013
965
962
957
933
866
750
632
525
441
371
272
155
40
-48
-83
-62
-16
10
-8
-64
-152
-240
-287
-275
-231
-203
-201
-223
-276
-310
-292
-238
-173
-133
-126
-135
-118
-54
54
182
297
368
390
382
355
349
357
370
372
347
309
260
210
161
107
30
-66
-165
-245
-291
-312
-321
-345
-389
-454
-534
-599
-637
-647
-655
-669
-696
-735
-757
-755
-728
-695
-674
-674
-690
-684
-661
-612
-545
-490
-444
-418
-425
-427
-407
-364
-304
-267
-261
-258
-254
-211
-114
37
201
307
344
331
313
378
534
753
992
1129
1153
1070
939
866
862
905
953
951
866
747
631
547
489
440
381
299
219
155
121
111
120
153
157
113
54
-11
-58
-63
-65
-75
-95
-137
-162
-167
-160
-141
-129
-129
-135
-129
-101
-26
82
180
246
266
248
239
265
309
359
389
375
326
243
170
135
130
123
93
21
-84
-176
-241
-267
-271
-289
-332
-396
-467
-528
-576
-612
-627
-649
-687
-719
-763
-783
-773
-761
-762
-783
-802
-795
-760
-709
-658
-619
-589
-587
-590
-582
-558
-501
-450
-409
-385
-399
-391
-335
-231
-72
98
216
273
279
278
353
514
733
956
1096
1123
1072
987
934
947
982
988
951
853
756
693
635
591
518
397
278
185
117
100
122
139
153
124
38
-52
-134
-172
-161
-145
-141
-167
-217
-263
-271
-238
-186
-132
-106
-95
-84
-58
20
136
262
381
461
491
490
490
495
526
545
533
503
446
396
354
296
227
143
41
-72
-171
-255
-310
-323
-357
-423
-527
-650
-740
-782
-783
-789
-824
-873
-920
-956
-956
-946
-947
-949
-953
-946
-907
-857
-795
-736
-704
-677
-648
-618
-589
-528
-488
-441
-378
-341
-299
-248
-191
-107
38
219
383
466
472
466
531
720
973
1207
1332
1307
1207
1093
1056
1095
1145
1167
1094
971
851
764
707
654
559
449
358
272
233
214
201
188
159
126
85
21
-39
-77
-86
-97
-109
-135
-186
-208
-210
-198
-168
-138
-124
-125
-113
-77
-1
117
230
327
379
399
405
393
391
397
407
403
390
337
276
209
130
57
-27
-126
-250
-368
-456
-510
-539
-562
-604
-683
-762
-824
-863
-882
-912
-945
-958
-956
-945
-906
-874
-864
-855
-857
-859
-831
-766
-702
-631
-580
-553
-522
-502
-473
-426
-374
-307
-245
-215
-207
-199
-186
-129
21
201
376
489
520
493
493
592
775
1022
1214
1292
1271
1184
1113
1127
1160
1169
1137
1036
903
803
736
692
648
555
436
324
230
176
162
147
138
110
50
1
-39
-86
-126
-169
-229
-261
-266
-275
-288
-298
-298
-267
-241
-233
-233
-222
-172
-89
24
139
248
313
331
343
345
348
364
382
374
335
278
226
194
149
79
-24
-171
-292
-368
-413
-428
-459
-509
-570
-656
-734
-777
-800
-820
-847
-866
-864
-843
-811
-787
-794
-802
-801
-774
-721
-659
-595
-560
-535
-507
-486
-444
-408
-384
-356
-331
-289
-242
-195
-170
-167
-140
-63
96
296
442
513
506
483
545
705
920
1144
1281
1299
1234
1139
1096
1121
1145
1132
1067
969
865
782
720
646
546
417
292
200
141
113
100
69
28
-9
-48
-94
-161
-257
-315
-337
-343
-324
-320
-339
-369
-385
-366
-320
-263
-205
-159
-109
-22
81
194
300
370
405
435
458
465
479
489
473
436
369
305
252
185
110
4
-139
-265
-359
-435
-480
-517
-580
-652
-730
-796
-839
-863
-897
-936
-966
-985
-979
-958
-938
-917
-903
-887
-851
-819
-782
-736
-707
-663
-594
-535
-473
-421
-398
-378
-338
-271
-193
-127
-94
-97
-115
-104
-9
175
374
536
608
587
537
565
705
936
1187
1327
1332
1232
1107
1067
1107
1137
1138
1067
930
801
694
622
575
499
399
295
186
115
80
59
55
54
31
-17
-73
-147
-196
-219
-242
-229
-199
-202
-215
-241
-278
-269
-235
-196
-146
-90
-42
35
122
211
316
412
442
447
449
431
446
464
469
456
392
311
235
141
48
-37
-161
-296
-393
-483
-558
-613
-676
-752
-837
-909
-948
-956
-964
-968
-967
-966
-939
-894
-863
-830
-800
-787
-740
-682
-626
-541
-482
-453
-411
-368
-339
-307
-290
-286
-259
-218
-165
-110
-99
-117
-112
-74
37
218
367
457
472
427
442
563
764
1008
1205
1271
1238
1155
1082
1092
1123
1124
1104
1009
874
776
699
625
572
474
347
234
108
17
-7
-14
0
20
-9
-56
-103
-170
-223
-239
-252
-242
-228
-232
-226
-215
-188
-155
-131
-140
-133
-99
-50
43
147
239
317
359
383
401
405
415
432
435
433
424
373
312
232
120
18
-69
-138
-217
-313
-424
-520
-618
-703
-750
-822
-887
-925
-970
-993
-990
-990
-987
-967
-958
-936
-888
-859
-821
-762
-705
-628
-555
-511
-457
-426
-419
-396
-364
-335
-285
-234
-204
-169
-165
-168
-135
-83
23
188
320
414
473
467
494
618
792
1033
1263
1343
1321
1240
1136
1123
1154
1158
1137
1046
894
769
685
604
533
440
278
145
26
-75
-90
-81
-71
-50
-71
-117
-134
-167
-210
-219
-226
-223
-185
-173
-169
-139
-132
-142
-136
-136
-105
-42
26
115
189
244
301
344
373
417
450
461
472
450
414
371
312
254
189
105
22
-80
-203
-301
-392
-482
-545
-618
-705
-770
-836
-887
-899
-914
-926
-931
-953
-948
-920
-893
-842
-785
-761
-744
-698
-679
-632
-552
-501
-426
-350
-327
-307
-312
-335
-307
-258
-218
-175
-177
-198
-162
-84
42
224
363
415
423
409
453
625
867
1131
1333
1387
1337
1241
1141
1122
1146
1136
1088
980
826
694
592
514
439
323
184
52
-69
-123
-91
-37
4
26
-3
-42
-67
-92
-79
-46
-37
-41
-63
-103
-105
-81
-72
-60
-69
-97
-77
-31
32
134
218
278
338
367
397
454
500
526
535
501
455
418
353
284
212
116
24
-70
-173
-278
-379
-478
-552
-625
-715
-794
-867
-926
-937
-941
-947
-956
-983
-1005
-984
-941
-893
-843
-818
-791
-757
-731
-679
-616
-564
-502
-460
-443
-413
-395
-380
-351
-332
-315
-285
-253
-214
-124
11
179
344
429
447
440
455
569
791
1043
1263
1376
1361
1278
1168
1092
1068
1043
1008
945
833
702
586
471
362
254
128
6
-76
-115
-111
-92
-82
-73
-93
-133
-149
-156
-138
-93
-77
-108
-146
-194
-221
-181
-119
-76
-54
-70
-94
-60
12
120
245
321
369
393
407
445
493
527
543
549
507
444
369
264
185
111
10
-83
-187
-307
-400
-484
-571
-636
-697
-767
-825
-864
-898
-912
-928
-972
-999
-1022
-1026
-965
-899
-852
-822
-834
-859
-835
-786
-705
-599
-527
-479
-452
-449
-427
-381
-331
-272
-221
-220
-230
-220
-171
-23
182
372
501
527
488
480
562
752
1012
1256
1385
1394
1296
1169
1119
1110
1115
1104
1004
851
692
550
466
400
297
175
45
-90
-164
-166
-130
-55
7
-8
-47
-104
-155
-124
-63
-9
31
5
-48
-73
-89
-87
-42
-7
-11
-9
6
45
131
249
359
442
489
510
532
541
549
563
561
532
473
396
300
201
107
-1
-121
-258
-402
-529
-619
-684
-731
-779
-852
-931
-1003
-1056
-1074
-1063
-1045
-1041
-1040
-1030
-1019
-983
-929
-881
-841
-808
-781
-742
-681
-609
-532
-475
-427
-394
-370
-336
-293
-244
-204
-191
-177
-121
-27
131
332
496
591
611
580
611
740
952
1219
1424
1503
1472
1347
1234
1189
1158
1145
1108
984
820
657
518
425
332
225
122
2
-103
-149
-137
-96
-31
11
9
-18
-84
-128
-95
-51
0
42
11
-49
-103
-137
-131
-97
-71
-55
-37
-16
34
123
219
311
391
435
465
487
499
508
498
472
426
362
302
224
128
17
-104
-238
-378
-526
-680
-774
-819
-837
-830
-870
-955
-1024
-1078
-1111
-1091
-1060
-1040
-993
-958
-935
-881
-836
-796
-751
-730
-721
-679
-638
-599
-526
-472
-436
-396
-365
-336
-294
-259
-222
-164
-105
4
182
363
518
629
677
704
792
947
1174
1421
1572
1618
1569
1450
1360
1314
1267
1219
1124
953
770
589
432
323
219
102
-24
-156
-264
-311
-284
-200
-100
-42
-27
-55
-106
-109
-59
-5
43
49
-5
-68
-119
-138
-108
-73
-55
-50
-75
-84
-33
63
179
297
385
441
502
555
596
644
650
619
573
482
368
272
177
76
-25
-165
-331
-493
-641
-751
-828
-894
-949
-986
-1009
-1029
-1063
-1090
-1106
-1116
-1094
-1051
-1003
-952
-925
-912
-899
-881
-839
-796
-754
-708
-664
-614
-574
-544
-499
-442
-361
-274
-216
-171
-129
-62
102
324
536
681
714
687
718
875
1122
1399
1602
1667
1617
1496
1403
1346
1286
1226
1135
1002
864
722
542
356
191
48
-66
-184
-292
-360
-391
-348
-250
-160
-105
-100
-143
-169
-128
-62
0
27
15
-17
-36
-34
-17
-18
-50
-75
-76
-32
44
127
197
259
334
428
517
566
585
606
617
626
626
578
483
362
232
114
17
-93
-236
-382
-519
-636
-732
-828
-928
-1005
-1067
-1101
-1109
-1125
-1143
-1150
-1148
-1121
-1064
-1022
-1009
-1011
-1009
-959
-890
-818
-766
-750
-744
-726
-680
-610
-530
-477
-449
-423
-382
-312
-218
-105
47
250
431
585
686
716
786
942
1164
1449
1673
1735
1689
1575
1468
1444
1436
1384
1269
1060
831
662
535
430
310
124
-60
-192
-283
-303
-281
-251
-205
-155
-125
-91
-61
-53
-25
16
39
68
64
21
3
-6
-12
-6
-22
-52
-70
-69
-26
72
188
293
387
456
518
579
613
627
638
628
620
601
543
465
349
191
11
-159
-309
-453
-589
-719
-814
-884
-943
-979
-1027
-1088
-1155
-1215
-1232
-1200
-1133
-1053
-1007
-1011
-1034
-1045
-1015
-965
-932
-923
-944
-962
-950
-909
-838
-752
-680
-633
-590
-550
-502
-399
-235
-6
271
507
665
749
800
908
1124
1392
1643
1807
1844
1791
1707
1650
1624
1591
1497
1325
1116
913
742
605
479
328
154
-25
-194
-300
-331
-318
-271
-213
-172
-160
-176
-202
-196
-134
-60
-3
15
-6
-36
-47
-36
-13
-3
-26
-56
-69
-40
29
124
213
287
349
407
489
554
601
633
624
601
564
498
424
340
235
108
-31
-187
-355
-508
-646
-776
-899
-1014
-1092
-1112
-1126
-1147
-1170
-1215
-1243
-1228
-1201
-1159
-1111
-1079
-1067
-1057
-1031
-1004
-993
-1019
-1037
-1029
-1012
-966
-897
-851
-801
-736
-677
-601
-498
-324
-83
159
380
563
676
772
946
1205
1489
1753
1897
1896
1821
1734
1705
1716
1692
1621
1450
1206
993
821
673
527
351
170
13
-106
-172
-188
-182
-169
-144
-126
-118
-124
-123
-91
-30
32
59
53
16
-22
-26
-8
24
38
23
0
-11
25
87
149
206
260
327
417
486
535
566
562
547
535
517
487
435
347
234
107
-36
-173
-308
-439
-549
-665
-775
-878
-963
-1021
-1056
-1076
-1102
-1119
-1136
-1130
-1101
-1091
-1081
-1056
-1020
-969
-937
-936
-956
-981
-1004
-1003
-983
-952
-905
-858
-836
-811
-744
-644
-464
-220
-8
178
349
468
623
859
1136
1462
1748
1895
1941
1897
1823
1810
1801
1731
1643
1484
1263
1092
943
791
642
450
239
65
-81
-156
-152
-150
-125
-77
-72
-66
-61
-81
-79
-43
-20
-2
-23
-69
-78
-76
-60
-33
-45
-78
-83
-81
-66
7
81
144
238
328
415
503
559
582
563
508
474
451
393
330
257
154
21
-113
-234
-368
-503
-626
-733
-823
-885
-911
-941
-968
-981
-1002
-1003
-998
-1020
-1060
-1083
-1066
-1022
-980
-951
-943
-997
-1087
-1154
-1179
-1149
-1063
-971
-922
-922
-929
-916
-842
-649
-367
-112
83
215
276
396
625
917
1238
1515
1682
1726
1701
1676
1685
1691
1665
1600
1431
1202
1010
869
742
616
481
296
116
-26
-109
-134
-123
-71
-14
11
20
21
-1
11
64
87
91
64
13
-16
-17
26
66
63
43
21
7
37
119
208
277
313
354
410
442
466
473
445
402
359
297
195
77
-47
-158
-254
-354
-450
-564
-697
-789
-822
-849
-889
-928
-983
-1015
-1003
-944
-885
-865
-880
-916
-934
-949
-922
-894
-918
-933
-940
-941
-917
-886
-883
-880
-864
-844
-791
-731
-612
-390
-152
54
208
280
308
439
691
1004
1321
1502
1544
1506
1454
1481
1541
1546
1491
1374
1169
984
867
746
646
529
404
283
149
50
0
-15
27
114
165
186
194
178
184
217
242
245
209
158
126
114
114
125
102
55
45
60
107
207
297
345
371
397
458
538
568
566
531
442
350
260
158
56
-68
-220
-365
-502
-655
-780
-892
-983
-1011
-1004
-1026
-1070
-1109
-1128
-1092
-1020
-934
-855
-830
-837
-842
-844
-832
-801
-770
-763
-762
-771
-774
-771
-755
-728
-722
-700
-664
-601
-473
-279
-64
104
216
284
342
459
670
935
1178
1345
1410
1374
1294
1257
1250
1207
1147
1050
893
734
589
468
364
253
163
69
-16
-76
-100
-72
13
125
205
246
246
241
272
324
371
388
368
330
296
275
275
293
265
222
221
233
278
351
432
507
563
620
680
705
670
640
602
527
458
373
244
90
-83
-263
-435
-616
-785
-918
-1040
-1124
-1165
-1218
-1278
-1308
-1312
-1295
-1245
-1182
-1138
-1113
-1100
-1069
-1022
-974
-919
-880
-857
-841
-840
-837
-825
-807
-782
-741
-675
-578
-455
-307
-115
96
270
418
525
607
739
929
1161
1378
1517
1560
1496
1386
1289
1187
1074
957
806
622
444
285
147
22
-94
-192
-281
-351
-374
-351
-300
-207
-90
9
102
161
181
219
263
313
369
384
363
342
332
345
376
400
439
472
472
491
552
632
724
821
894
943
946
908
850
757
659
561
434
284
120
-67
-258
-449
-646
-830
-1000
-1139
-1262
-1364
-1431
-1456
-1459
-1453
-1418
-1396
-1396
-1397
-1391
-1357
-1302
-1215
-1133
-1116
-1110
-1096
-1087
-1056
-975
-898
-840
-760
-684
-591
-469
-292
-43
218
459
676
851
967
1094
1266
1469
1702
1889
1949
1894
1768
1610
1456
1309
1157
980
751
506
292
93
-97
-269
-426
-560
-641
-652
-616
-538
-416
-293
-195
-95
-6
56
125
192
255
308
328
336
323
299
305
337
352
370
394
383
405
492
610
747
887
1010
1092
1113
1077
1036
980
893
806
707
580
433
240
-5
-250
-481
-698
-883
-1050
-1212
-1355
-1460
-1517
-1539
-1541
-1524
-1501
-1493
-1480
-1442
-1409
-1368
-1321
-1277
-1243
-1239
-1244
-1234
-1210
-1166
-1090
-1022
-979
-919
-818
-666
-436
-143
157
415
627
802
975
1202
1474
1754
1988
2124
2158
2089
1956
1819
1684
1535
1382
1180
907
636
383
152
-43
-215
-384
-545
-660
-691
-646
-569
-472
-368
-298
-248
-191
-125
-60
2
70
125
137
135
156
167
192
236
255
252
261
287
349
451
586
713
811
888
936
975
993
993
975
899
791
676
539
387
224
36
-174
-401
-621
-804
-963
-1109
-1223
-1307
-1364
-1402
-1426
-1445
-1478
-1484
-1455
-1396
-1333
-1284
-1236
-1218
-1228
-1244
-1262
-1268
-1239
-1170
-1095
-1035
-987
-926
-838
-693
-469
-207
76
335
543
729
944
1212
1499
1772
1986
2091
2096
2059
2002
1918
1805
1659
1475
1244
1008
800
588
364
141
-69
-269
-431
-512
-521
-484
-427
-363
-306
-272
-254
-237
-194
-125
-47
8
26
22
24
48
98
131
127
104
85
87
138
250
375
487
586
652
690
710
715
719
708
677
633
554
443
322
183
37
-102
-264
-444
-632
-801
-925
-1013
-1071
-1114
-1169
-1220
-1254
-1290
-1316
-1316
-1292
-1262
-1239
-1209
-1175
-1162
-1153
-1148
-1148
-1125
-1065
-992
-933
-864
-785
-678
-521
-334
-120
100
304
496
686
881
1096
1314
1508
1668
1776
1807
1791
1757
1701
1633
1528
1371
1176
966
783
619
460
310
160
11
-122
-217
-255
-246
-223
-200
-168
-153
-144
-103
-52
-17
19
43
40
34
32
36
70
114
144
161
159
178
236
308
389
470
524
552
573
583
580
572
544
477
376
267
166
50
-82
-210
-347
-498
-642
-767
-866
-945
-1000
-1042
-1081
-1117
-1140
-1153
-1153
-1121
-1074
-1020
-990
-991
-1002
-1017
-1013
-984
-962
-955
-948
-931
-904
-860
-793
-698
-578
-418
-228
-38
145
336
550
773
987
1211
1423
1597
1733
1805
1806
1768
1713
1639
1535
1388
1216
1042
855
655
463
287
146
30
-68
-145
-197
-214
-199
-154
-108
-53
7
46
72
90
108
118
121
112
114
113
114
120
116
104
101
127
168
229
290
326
354
390
427
456
468
464
433
362
271
163
33
-111
-250
-391
-541
-671
-797
-929
-1054
-1158
-1214
-1251
-1277
-1275
-1265
-1244
-1197
-1143
-1090
-1042
-989
-942
-899
-865
-835
-807
-795
-783
-761
-732
-698
-664
-640
-602
-536
-421
-272
-98
83
250
432
622
821
1022
1215
1393
1533
1619
1667
1673
1641
1591
1514
1402
1252
1084
902
712
526
360
214
83
-28
-103
-150
-167
-151
-108
-60
-23
15
61
109
162
214
249
250
245
237
208
177
156
142
126
127
135
131
143
190
239
278
311
346
371
374
376
367
328
279
211
98
-44
-190
-326
-464
-603
-743
-893
-1040
-1152
-1233
-1286
-1324
-1343
-1327
-1302
-1256
-1184
-1110
-1042
-966
-891
-823
-756
-704
-664
-642
-627
-618
-611
-598
-597
-589
-564
-518
-450
-358
-230
-89
63
234
419
595
765
961
1146
1292
1404
1496
1560
1574
1556
1514
1424
1304
1173
1035
877
717
585
475
353
239
154
81
32
27
49
73
100
139
167
177
196
233
252
249
241
214
171
145
140
125
106
111
125
124
129
153
192
227
267
307
331
328
317
304
269
213
142
50
-75
-213
-353
-501
-640
-753
-866
-983
-1085
-1165
-1219
-1244
-1237
-1219
-1197
-1153
-1093
-1029
-969
-904
-839
-780
-721
-672
-649
-645
-628
-612
-600
-590
-571
-552
-528
-484
-414
-339
-255
-137
6
149
304
471
624
773
924
1065
1175
1268
1351
1401
1410
1395
1364
1293
1196
1102
998
885
778
679
574
473
408
364
314
276
269
258
237
244
262
268
266
271
274
248
217
201
159
103
69
55
19
-18
-33
-61
-82
-65
-31
-15
-5
23
45
48
39
34
13
-31
-75
-131
-217
-317
-404
-496
-601
-686
-765
-849
-931
-1003
-1054
-1093
-1103
-1079
-1063
-1046
-1013
-968
-928
-894
-840
-795
-761
-719
-683
-658
-642
-618
-585
-558
-527
-496
-479
-445
-384
-312
-236
-145
-41
76
199
308
420
540
651
766
880
964
1025
1084
1136
1164
1173
1175
1157
1104
1050
996
923
857
794
729
671
611
559
511
464
436
410
397
396
379
355
332
320
309
299
283
246
206
173
136
101
72
47
21
-4
-22
-45
-62
-78
-84
-83
-87
-100
-120
-144
-172
-195
-219
-260
-314
-380
-438
-501
-569
-630
-693
-752
-796
-830
-867
-897
-907
-911
-914
-907
-892
-868
-833
-800
-764
-721
-680
-648
-610
-570
-527
-480
-433
-386
-351
-319
-263
-217
-182
-123
-49
22
82
143
206
287
372
443
500
554
618
677
725
761
791
823
840
848
853
840
814
809
813
797
779
773
760
728
717
716
693
653
624
604
567
541
510
465
413
369
331
279
235
194
140
88
52
18
-4
-14
-29
-53
-75
-96
-115
-134
-160
-174
-195
-237
-274
-297
-327
-386
-442
-485
-520
-566
-619
-664
-702
-730
-748
-765
-784
-798
-803
-796
-788
-784
-774
-762
-736
-716
-718
-695
-663
-637
-619
-588
-552
-525
-484
-430
-373
-316
-248
-192
-130
-75
-27
34
92
147
202
259
303
331
363
399
424
447
471
490
511
552
601
634
673
723
746
756
779
794
793
803
803
781
750
713
667
612
562
502
447
398
357
315
264
231
207
191
168
140
119
105
107
96
68
37
18
-13
-47
-71
-102
-137
-151
-160
-195
-242
-290
-316
-325
-318
-311
-340
-398
-443
-461
-472
-478
-493
-530
-565
-568
-565
-591
-620
-624
-599
-584
-571
-571
-583
-593
-579
-519
-480
-441
-423
-411
-405
-390
-329
-271
-201
-153
-119
-101
-76
-27
31
101
172
231
253
273
302
339
391
448
500
513
503
516
522
511
523
545
544
515
490
459
406
368
353
350
340
324
303
270
254
248
256
245
235
235
225
221
218
214
174
151
138
118
89
70
67
59
53
31
15
-4
-18
-20
-24
-9
1
0
-31
-74
-91
-105
-124
-149
-194
-244
-275
-305
-338
-384
-411
-432
-462
-495
-516
-508
-524
-525
-525
-517
-512
-501
-498
-525
-488
-431
-368
-349
-344
-339
-317
-267
-233
-190
-161
-107
-58
-31
14
50
81
119
167
229
280
287
309
346
384
441
473
493
459
440
424
407
428
419
427
386
349
317
260
210
176
184
190
230
253
225
182
179
205
233
249
250
222
196
195
179
143
96
76
40
6
-7
-15
-11
13
58
66
54
43
33
35
35
66
71
44
11
-49
-97
-152
-171
-199
-255
-307
-339
-350
-381
-350
-313
-322
-333
-344
-361
-388
-371
-347
-352
-306
-272
-262
-294
-299
-270
-282
-243
-195
-131
-142
-144
-136
-202
-204
-174
-110
-97
-46
9
-9
-4
27
123
171
262
350
371
370
328
350
295
304
334
312
267
180
155
133
173
207
204
183
178
197
208
209
263
337
372
380
343
285
195
156
119
97
68
22
-6
-63
-44
-56
-76
-86
-134
-137
-124
-49
-11
-34
-49
-75
-91
-122
-110
-117
-140
-154
-148
-152
-211
-243
-246
-221
-188
-180
-187
-243
-296
-301
-283
-231
-200
-166
-192
-234
-293
-311
-269
-212
-121
-150
-211
-311
-329
-287
-225
-126
-110
-113
-117
-75
-22
48
143
217
214
170
195
224
247
258
243
189
61
2
0
14
67
129
162
178
187
198
243
268
331
339
342
338
343
377
384
405
345
291
241
206
180
214
308
343
337
198
43
-42
8
129
175
200
119
38
-34
-17
24
-4
-17
-84
-96
-178
-176
-162
-170
-175
-233
-237
-293
-276
-212
-104
-81
-105
-137
-240
-274
-330
-328
-331
-352
-332
-363
-353
-347
-377
-332
-263
-201
-170
-116
-40
-3
25
12
-45
-132
-134
-93
-58
-55
-119
-158
-142
-57
58
91
130
142
126
186
274
325
283
243
168
123
118
180
243
180
140
96
117
176
271
314
277
251
258
290
254
291
300
297
268
150
127
112
218
300
276
249
161
123
113
179
218
209
163
144
64
45
86
41
52
28
26
14
11
22
23
-7
-94
-111
-174
-185
-217
-219
-211
-272
-316
-400
-403
-410
-349
-341
-333
-322
-278
-202
-205
-187
-289
-350
-330
-201
-165
-242
-286
-371
-353
-313
-182
-126
-180
-247
-257
-218
-139
-21
47
67
23
26
-11
-11
53
124
148
222
236
190
126
79
114
83
77
102
120
160
184
196
198
173
178
252
274
286
288
251
183
105
69
71
182
230
255
157
77
67
104
263
310
337
260
213
206
170
228
174
176
152
159
212
167
99
-68
-115
-103
-28
-31
-102
-172
-283
-315
-338
-271
-251
-275
-309
-291
-271
-282
-250
-273
-297
-376
-333
-254
-194
-227
-346
-411
-415
-300
-269
-224
-185
-164
-106
-157
-152
-224
-241
-146
-83
-15
-106
-130
-194
-199
-156
-128
-20
65
72
112
100
80
119
152
305
389
351
262
182
207
282
335
396
366
321
292
305
378
353
326
245
275
360
356
331
213
162
142
176
258
289
232
183
129
81
57
61
139
151
136
130
52
-1
-7
-8
63
83
57
-62
-174
-168
-157
-78
-59
-66
-176
-255
-218
-239
-202
-197
-196
-224
-253
-204
-291
-315
-303
-363
-414
-442
-386
-338
-258
-321
-404
-459
-436
-327
-240
-145
-161
-216
-361
-382
-270
-131
-39
-96
-212
-308
-284
-119
54
128
93
-11
-26
-6
63
200
219
189
143
165
204
192
212
178
219
253
218
216
265
267
265
252
273
305
284
335
285
281
328
394
422
407
320
263
251
188
228
198
223
204
157
137
96
95
50
66
38
79
139
163
105
-28
-93
-141
-45
-6
34
-32
-100
-130
-166
-104
-69
-31
-109
-194
-247
-310
-261
-237
-188
-213
-248
-269
-319
-276
-275
-193
-173
-240
-278
-351
-309
-256
-174
-120
-204
-279
-316
-269
-161
-72
-33
-60
-59
-45
-121
-67
-8
-7
-5
-5
94
29
-33
-26
-20
19
50
111
93
164
229
212
145
67
69
65
180
318
323
217
147
119
77
141
233
256
222
212
244
248
213
233
241
176
167
220
202
184
216
211
211
202
213
110
75
40
-7
65
64
96
10
-45
-31
-34
-54
-55
-21
8
46
48
-18
-131
-187
-193
-145
-177
-223
-315
-390
-411
-394
-279
-234
-184
-221
-246
-276
-240
-108
-70
-130
-245
-271
-226
-140
-81
-70
-277
-392
-383
-278
-117
-68
-20
-158
-247
-269
-204
-37
104
170
102
8
-40
-58
45
230
333
302
188
53
9
1
82
105
96
105
66
25
33
135
180
188
135
163
213
269
324
308
241
104
45
119
234
277
243
213
138
114
153
184
199
198
197
132
47
43
89
110
49
96
107
22
27
-17
-21
-137
-125
-19
18
87
25
-26
-79
-85
-90
-104
-76
-36
-134
-207
-160
-105
-95
-141
-161
-278
-391
-352
-265
-148
-70
-131
-288
-388
-372
-283
-179
-11
34
-85
-166
-180
-121
-146
-51
24
-27
-110
-141
-136
-155
-90
-8
81
108
178
196
113
90
90
88
62
79
68
18
-46
-49
-17
-47
63
155
173
121
104
180
186
255
294
241
177
200
365
419
324
260
92
24
95
224
324
164
63
-54
-110
-70
-40
26
-43
21
59
35
48
62
82
18
55
70
34
6
48
63
0
9
-36
-45
-57
-21
-16
-129
-147
-112
-100
-88
-102
-121
-119
-123
-23
2
59
-9
-158
-165
-199
-197
-224
-214
-236
-308
-391
-380
-310
-235
-129
-50
18
-20
7
84
98
85
5
5
9
-31
16
41
-12
-140
-176
-102
-59
7
93
80
34
-32
-38
13
41
89
78
106
119
123
79
77
103
116
183
280
323
206
87
66
117
188
248
223
68
-90
-23
73
115
186
123
28
-71
-85
24
107
181
123
-1
-74
-127
-81
5
81
87
-15
-60
-38
5
43
74
24
-43
-148
-176
-134
-75
-19
-103
-157
-215
-200
-114
-15
12
-71
-112
-154
-148
-116
-61
-64
-100
-110
-100
-62
-66
-16
9
-13
-44
-40
-78
-131
-145
-133
-109
-96
-51
-86
-183
-164
-110
-38
-13
46
124
78
73
73
29
36
62
94
79
56
18
12
50
75
42
-52
-29
34
99
148
146
59
-10
20
149
212
145
97
9
-10
81
171
238
161
87
10
-13
53
123
151
74
28
-24
-43
1
36
37
25
39
41
-20
-5
53
-7
-26
-21
47
17
-60
-9
-23
-9
-28
-6
-37
-102
-72
-70
-75
-77
-85
-105
-78
-51
-24
-1
18
55
-8
3
63
60
18
39
37
-70
-101
-84
-43
-66
-106
-73
-101
-99
-61
-51
-22
-34
25
-36
-11
-6
14
-12
-74
-45
-74
-3
-21
0
12
8
-21
-33
40
61
99
44
4
-36
-32
32
31
78
56
52
33
41
97
98
100
65
47
22
-13
21
24
43
73
29
30
67
63
21
3
58
75
60
64
51
-15
-79
-71
-32
-12
7
20
14
-23
-33
-30
-43
20
34
30
17
-25
-55
-78
-64
-68
-90
-86
-40
-37
-8
1
-35
-70
-42
52
67
48
-19
-83
-120
-55
-1
27
20
-38
-57
-65
-38
-52
-10
15
8
-60
-90
-68
-94
-59
-30
7
-49
-104
-25
51
112
87
71
65
44
32
51
58
37
-14
-55
-50
-41
-18
-19
36
46
41
56
45
60
71
82
61
46
46
57
51
58
49
45
90
63
33
19
49
27
-26
11
-16
-63
-86
-33
61
26
12
-7
-10
2
29
111
101
58
13
-12
24
-12
2
-3
2
-8
-68
-36
-9
36
34
23
14
-64
-84
-39
-22
1
-42
-86
-98
-109
-59
-5
16
34
-36
-34
-20
-36
-4
-19
16
-33
-76
-103
-116
-46
24
16
-24
-54
-48
-36
1
45
49
-30
-73
-49
-67
-44
-6
40
-25
-46
32
46
-9
-8
26
5
-12
-11
16
-49
-62
9
30
36
-38
-49
-24
47
113
98
60
-43
-59
-27
57
65
-21
-32
-57
-26
-15
50
121
99
81
87
98
54
53
79
83
28
-24
-15
-34
-35
-9
31
16
19
46
56
48
37
40
23
11
2
-35
-37
-19
-43
-39
-39
-32
-66
-33
69
86
37
-59
-62
-24
1
9
-26
-124
-204
-173
-58
-6
-2
-27
-62
-36
19
123
101
-34
-114
-91
9
41
-4
-66
-146
-152
-67
57
91
51
32
-23
10
80
93
67
-9
26
4
-28
-16
-70
-32
-31
-19
29
-3
-38
-51
3
56
79
86
86
32
9
-9
18
2
-13
53
82
120
60
2
-49
-39
54
122
169
92
29
-21
-4
93
156
174
109
24
-33
-62
0
55
58
44
-12
-18
-19
-36
-23
-36
-6
25
24
64
26
-27
-86
-86
-27
14
85
96
3
-114
-135
-73
-87
-63
13
20
-61
-121
-93
-95
-60
10
48
-6
-71
-53
-38
0
17
-6
-94
-160
-114
-9
42
34
-5
-101
-117
-87
-11
21
-24
-19
-26
-22
50
67
74
5
-61
-56
-84
-32
2
54
50
-10
-48
-79
-19
-6
28
66
59
11
-28
31
60
100
59
65
52
-5
27
55
97
81
57
56
28
10
24
51
116
135
81
66
26
1
-27
-11
38
44
45
34
14
-42
-50
12
75
77
47
18
-24
-13
10
73
67
5
-54
-111
-75
-51
-8
-8
-19
-34
-75
-57
-36
-11
-21
-43
-12
-65
-100
-111
-88
-63
-45
-17
-23
-59
-59
-35
-6
21
2
11
8
37
17
-44
-48
-105
-61
-17
42
44
-60
-75
-70
-30
35
75
74
38
0
28
25
25
9
15
10
-4
-17
-26
1
36
65
45
52
47
43
71
96
105
84
99
148
117
66
36
12
9
7
25
37
29
-5
-16
-19
-21
50
94
99
78
5
-25
-53
-30
0
-4
13
-63
-71
-86
-56
11
-13
35
24
3
-61
-95
-66
-95
-70
-71
-40
-57
-67
-44
-73
-60
-70
-46
-13
-5
-23
-55
-99
-84
-70
-56
-41
-44
-39
-57
-42
-41
-7
1
13
6
-59
-41
-12
34
12
-23
-21
-62
-58
-21
25
18
17
53
40
4
28
43
24
50
61
38
-6
4
42
28
62
81
64
32
32
65
61
81
80
59
19
23
56
37
77
104
135
132
82
35
-11
3
75
92
59
6
-49
-56
-49
-9
27
41
11
-23
-54
-69
-64
-40
10
14
-11
-43
-76
-37
0
-7
-68
-96
-110
-97
-6
30
6
-58
-101
-66
-5
66
40
-29
-65
-51
-26
24
45
-27
-85
-37
10
1
-41
-80
-71
-73
1
14
31
-30
-62
-44
-24
27
6
14
-8
-16
18
40
38
40
14
5
36
45
56
37
34
56
14
-15
-40
-8
18
56
75
52
31
-24
5
47
84
117
112
90
-4
-72
-18
61
117
80
-8
-54
-102
-11
101
142
88
-72
-115
-94
42
137
131
35
-118
-149
-112
7
41
-3
-63
-84
-25
-7
-39
-111
-123
-70
-11
54
34
-41
-121
-105
-26
44
42
-11
-16
-29
-12
-28
-54
-84
-56
4
68
42
-48
-121
-100
25
91
116
-21
-105
-105
-39
67
81
57
-71
-121
-87
-1
80
109
79
-8
-25
-27
26
64
93
78
31
26
-9
-3
-22
6
41
27
28
36
78
75
56
27
-8
16
69
122
62
8
7
4
29
53
83
45
-34
-21
1
60
72
33
-4
-28
-10
-24
16
-38
-47
-29
15
20
-64
-58
-89
-64
-19
29
54
-8
-26
-16
9
-26
-72
-15
10
-8
-38
-28
-53
-131
-105
-34
-2
-30
-60
-65
-63
-61
0
25
13
5
7
20
15
31
17
-1
12
3
-54
-67
-39
-26
-8
-15
6
14
-15
-23
-38
20
53
60
64
56
32
-39
-35
1
6
-16
6
19
0
-30
-16
36
66
77
57
58
20
-6
7
32
39
16
2
-25
-28
-13
10
23
51
32
-4
-13
0
29
12
64
72
34
-18
-47
-27
-23
11
18
0
-31
-71
-73
-22
11
7
11
23
1
-91
-86
-21
-18
-20
-39
-36
-56
-43
-12
-3
16
-5
-6
-21
-11
-7
-16
-21
-26
-11
15
10
-29
-58
-56
-22
30
58
12
-26
-71
-66
-2
51
64
35
21
-2
-8
-1
48
44
-3
27
27
13
-28
10
51
17
11
8
22
-19
-32
4
7
-4
-19
40
78
44
-4
-16
35
40
30
79
54
-12
-17
24
50
42
52
17
-33
-35
28
83
66
24
-16
-20
-39
-44
-1
33
31
-5
-7
-29
-52
-46
14
92
68
21
-48
-82
-73
-15
85
71
4
-88
-119
-57
-19
36
77
23
-82
-122
-39
36
20
19
2
-48
-67
-34
17
21
26
10
-6
-33
-58
-30
-7
45
49
16
-28
-80
-41
19
81
75
-17
-77
-63
-33
12
62
62
17
-30
-32
-34
-22
-21
4
29
49
49
10
-10
-49
-20
22
76
91
25
-11
-40
-18
24
57
49
26
19
-16
-31
-14
30
44
58
17
-58
-49
-19
37
74
83
32
-35
-43
-30
6
25
33
54
31
-10
-50
-65
-24
21
54
23
-57
-120
-133
-55
41
114
76
-54
-107
-79
20
82
90
37
-66
-110
-92
-18
42
67
33
-28
-43
-40
-9
46
70
26
-23
-33
-32
-22
28
75
39
-21
-60
-62
-25
27
48
34
-9
-42
-46
-28
27
53
51
37
0
-36
-47
-12
21
46
42
15
-15
-43
-34
11
55
69
48
16
-6
-36
-27
14
54
51
9
2
-38
-46
-33
-9
36
8
-1
-12
-29
-25
-33
1
15
10
6
-23
-34
-46
-31
15
15
14
-13
-39
-52
-66
-19
19
34
17
-26
-48
-71
-53
18
59
44
-24
-84
-72
-42
11
64
73
7
-74
-55
-2
30
39
47
33
-31
-72
-68
-17
31
32
35
16
-29
-51
-25
57
89
87
45
-8
-24
-34
4
39
49
24
-4
-6
-21
-1
9
23
16
-13
-5
-7
25
32
22
-5
-21
14
41
42
35
26
-5
-3
12
23
17
-7
-10
-4
17
-2
-14
4
2
3
-23
0
19
5
7
0
-20
-69
-61
3
39
17
-17
-39
-65
-54
4
51
40
11
-14
-25
-15
14
34
36
12
-26
-48
-48
-4
25
8
-9
-35
-49
-51
-25
8
9
5
6
-2
-12
-22
-19
6
21
33
30
9
-6
-8
0
1
10
16
19
20
26
20
18
9
2
12
2
11
15
17
8
-8
-3
3
-12
-17
6
17
31
11
15
29
1
0
5
23
2
-8
-3
-14
-10
-17
10
19
-11
-19
-8
14
12
19
20
-7
-15
-12
-2
-2
-1
12
-6
-21
-24
-21
-8
-12
-5
-13
-26
-18
-18
-10
-6
-5
-8
-8
-1
-11
-16
5
22
19
13
6
-7
-18
-5
8
6
-3
-7
12
14
9
1
-9
-10
-10
2
2
-13
-21
-5
13
11
4
11
23
14
14
29
36
23
17
29
27
2
-36
-12
4
4
19
18
-1
-36
-19
4
15
12
8
15
-2
-15
-13
9
3
-7
0
-4
-16
-33
-11
17
22
5
2
0
-25
-25
-1
31
22
-14
-20
-15
-17
-27
-7
13
-9
-34
-18
5
-4
-12
-2
5
-2
-3
0
3
-18
-22
-3
1
-21
-44
-24
0
3
5
-3
-17
-36
-42
-7
23
17
0
3
10
-10
-10
-4
1
0
5
27
22
0
-18
-18
-9
-1
9
12
5
-16
-25
-16
-5
-5
-10
-5
-7
-5
2
10
4
9
13
2
4
5
14
18
27
36
22
10
-7
-6
1
-6
-1
12
8
-5
-13
-10
7
12
12
2
-2
-15
-12
26
36
9
-7
5
11
10
4
11
11
-10
-7
8
12
-7
-12
11
8
-3
-6
-4
-9
-9
-1
15
17
3
3
-1
-6
-6
9
27
24
16
4
10
11
0
6
16
12
-3
-2
13
4
-7
-4
-4
-14
-21
-8
-2
-2
-3
9
26
19
13
5
-6
1
19
31
23
3
-8
-11
-1
9
7
5
1
-8
-11
-2
6
1
-10
-7
-4
-8
-10
-7
-3
-7
-4
0
-4
-6
-6
1
2
9
12
11
14
11
8
0
-2
-6
-10
-11
-10
-2
-4
-1
-3
-9
-11
-9
-2
-5
-7
-9
-11
-15
-5
4
1
3
1
1
-5
2
16
16
10
6
-2
-11
-4
2
3
-2
-6
-9
-18
-14
-3
1
-4
-3
-2
-7
-3
7
10
1
3
2
-4
1
4
-1
-8
-3
-1
0
-2
-3
0
1
6
10
10
1
-1
5
-3
-5
0
2
3
5
4
-3
-3
8
6
2
6
8
11
8
2
2
-1
-12
-3
6
1
0
4
4
2
5
5
6
8
3
2
8
8
1
-5
-6
-9
-14
-16
-4
3
-5
-16
-16
-7
-5
8
8
-3
-7
-7
-6
-7
-3
2
1
4
1
2
4
3
3
1
4
4
6
1
-8
-4
-3
-1
3
4
2
-3
-3
-2
4
0
-9
-12
-10
-12
-10
0
0
-5
-9
3
10
7
6
1
1
3
8
6
-1
0
1
4
2
2
0
-4
0
6
4
2
2
-6
-9
-5
0
-3
-5
-5
-6
-5
-4
1
-2
-6
-7
0
2
0
-1
-6
-4
-3
-5
-7
-10
-10
-3
1
0
-6
-15
-10
-4
-3
-2
-1
-2
-9
-7
-4
-8
-12
-7
-4
-3
-6
-3
-1
1
3
5
13
13
14
7
2
7
6
11
11
8
5
3
5
7
5
6
11
4
0
4
12
9
-1
0
-1
-2
-2
-1
2
-1
0
7
10
5
1
4
3
10
10
8
5
0
-2
-3
-5
-5
-1
-4
0
3
-2
-1
-2
-3
0
3
4
1
-3
-5
1
-2
-3
-5
-2
3
-1
2
6
3
0
-3
-2
3
-2
-3
-7
-15
-13
-12
-5
-4
-9
-9
-6
-6
-3
-4
-7
-7
-2
1
-2
-5
-9
-7
-5
-6
-6
-5
-9
-5
-1
-5
2
10
11
5
-2
-2
-1
-2
-3
-2
-3
-1
3
3
-2
-6
-2
3
2
9
11
5
6
7
12
9
3
6
7
8
7
9
9
4
4
4
3
1
-1
0
0
0
-5
-8
-4
-1
1
2
-5
-4
-1
-3
-2
0
-2
-6
-3
-1
2
2
-1
0
0
2
4
-1
-4
-2
-5
-2
-2
-8
-6
-9
-5
-3
-6
-10
-13
-5
-2
-1
-7
-15
-8
3
9
2
-5
-8
-10
-2
6
6
2
-2
-3
-2
1
9
8
5
2
-3
2
3
2
1
-2
-2
2
6
9
9
4
2
2
4
6
4
2
6
5
7
6
5
3
-1
1
7
7
4
2
-3
5
13
14
9
4
2
5
8
10
7
5
3
1
3
3
6
1
1
6
8
1
-8
-8
-9
-4
4
5
-3
-10
-11
-10
-7
-3
-5
-11
-14
-10
4
7
2
-4
-6
-2
3
6
5
3
-2
-4
1
5
6
1
2
-1
-4
3
3
1
-4
-5
0
-2
-8
-7
-1
0
2
0
-1
-4
-1
7
8
12
9
6
5
2
7
6
5
6
5
8
13
14
7
4
7
10
12
10
8
7
8
10
9
3
-2
-2
-3
-3
-5
-1
1
3
4
0
-3
-4
1
4
-1
-1
2
-1
-5
-6
-8
-8
-6
-4
-13
-16
-11
-10
-11
-8
-14
-17
-10
-6
-4
-5
-6
-5
-5
-5
-4
-1
-4
-4
-2
-7
-5
-4
-3
-6
-6
-4
-8
-7
-6
-7
-7
-11
-12
-11
-7
-6
-2
1
5
11
7
-1
-2
3
7
12
12
4
4
4
5
3
1
3
5
7
8
7
2
-3
-2
-2
3
4
2
-5
-5
1
2
3
0
1
4
6
10
12
11
3
3
8
6
9
8
4
5
3
-5
-5
-1
-3
-2
1
-3
-1
3
-1
-4
-5
-3
-4
-1
-3
-7
-4
1
3
-2
-4
0
1
1
-3
-2
4
6
3
-3
-7
-5
-1
-3
-7
-14
-14
-2
1
-2
-3
-3
-3
5
8
3
0
0
-1
-2
-3
-7
-3
3
-1
-4
0
-1
-3
-3
-5
-2
6
2
0
-1
-2
0
2
2
2
2
3
5
2
-2
-2
1
3
3
5
5
1
2
2
-3
0
5
3
2
7
9
2
1
2
1
0
3
8
6
0
0
-1
0
1
1
0
-3
3
4
0
0
-3
-1
2
6
6
-1
-3
0
3
2
1
1
-3
-6
-3
-3
-6
-4
0
-2
-5
-7
-4
-7
-5
1
-1
-1
-1
-3
-3
-2
-5
-6
-3
-3
1
5
2
2
1
0
-1
0
-1
-4
0
3
6
2
-1
-1
-1
0
0
5
5
2
1
2
1
2
3
1
1
3
1
5
6
0
3
6
2
8
11
4
2
3
1
0
1
2
2
3
-1
-3
0
0
4
7
1
-5
-5
-5
-2
2
1
-3
-1
0
-1
-1
-3
-2
-2
-5
-6
-4
-3
-3
-3
-5
-4
0
2
-2
0
1
-2
-5
-6
-9
-10
-7
-6
-5
-2
-2
-5
-6
-6
-3
3
1
-2
-4
-5
-4
-4
-3
-1
0
1
-1
-3
-5
-5
-1
-1
-1
2
3
6
5
-1
1
2
7
8
0
-3
-3
-2
1
4
5
6
3
2
1
2
3
2
1
-1
3
2
-2
-3
-3
-1
2
0
-4
-1
0
5
10
3
0
2
4
8
9
8
4
5
6
4
1
-4
-3
0
2
3
4
1
-2
-1
-3
-3
2
3
1
1
-2
-3
0
0
0
1
-2
-3
-2
2
7
10
8
3
2
4
6
8
6
1
-1
-2
-3
-1
-2
-3
-3
-2
-3
-2
0
-1
-3
-1
1
0
-3
-3
-7
-6
-3
-4
-2
0
1
0
2
1
-2
-1
-4
-1
5
0
1
1
1
2
1
2
5
6
2
1
4
3
3
3
3
3
3
4
1
0
1
1
3
4
1
2
0
-1
-2
-1
2
4
3
-2
-3
-1
-2
0
4
-3
-9
-3
3
5
2
-6
-12
-9
-4
-2
-2
-3
-4
-1
0
1
2
-1
-5
-3
-1
-1
3
0
-7
-9
-9
-6
-2
-5
-4
-1
0
0
3
0
2
6
7
3
2
4
3
4
1
-2
-5
-5
-1
-3
-7
-8
-7
-6
-3
-4
-6
-7
-5
3
1
-1
0
0
0
0
4
0
-2
4
7
5
3
1
0
3
3
4
-1
-4
2
1
2
5
2
-3
-5
-5
-3
-1
-1
0
-2
-4
-2
1
2
3
3
1
0
1
4
2
-2
-2
0
3
0
-5
-8
-9
-2
4
3
1
-3
-10
-6
-1
1
4
0
-3
-4
-3
-1
0
0
-2
-2
-3
-3
-3
-2
0
1
0
-3
-3
-6
-7
-4
-6
-7
-6
-2
1
0
2
3
3
1
1
3
1
4
5
4
2
1
-2
-2
-3
-5
-2
0
-1
0
2
3
1
3
1
-1
5
10
10
6
4
4
6
8
6
3
5
8
8
5
1
4
5
2
2
0
-3
2
3
4
4
3
2
2
6
4
3
3
2
3
3
4
4
3
3
2
0
-1
-1
0
-4
1
4
1
3
0
0
0
-2
-2
0
-3
-3
-1
-1
-4
-4
3
1
3
3
-1
0
3
3
2
-4
-5
-4
2
3
-1
-4
-4
1
1
3
-1
-5
-6
-3
3
2
2
1
-4
-3
-2
-1
-1
-4
-3
-5
-4
1
5
6
6
3
1
2
1
2
2
-1
-4
-4
-2
-3
-2
3
0
2
5
5
3
0
5
5
3
5
2
-2
1
3
0
-3
-2
1
-1
2
1
-1
4
7
7
4
3
3
3
0
2
2
3
2
-3
-5
-3
1
0
1
4
-1
-4
-1
2
2
4
4
1
-1
1
1
1
-1
-2
1
4
2
0
-2
-2
1
2
2
-3
-7
-10
-8
-5
-2
-3
-4
-5
-5
-5
-6
-3
-3
-3
-4
-3
-5
-6
-4
-2
-1
-2
-3
-6
-1
2
2
4
0
-1
2
3
2
1
-2
-2
2
1
-4
-6
-9
-3
-1
1
-1
-4
-5
-1
5
4
4
0
-4
-3
1
-1
-1
0
-1
-4
-2
1
-2
-4
-6
-4
-2
2
2
-1
0
3
3
1
-1
-2
-3
-5
-5
-5
-3
-3
-1
-1
-2
-3
1
2
2
0
-1
0
-1
0
1
3
0
-2
0
1
0
0
0
-2
-3
0
0
2
5
-1
-1
1
-2
-3
-5
-7
-7
-5
0
1
1
-2
-1
0
1
3
4
5
6
4
-1
1
7
8
5
5
6
5
4
1
-3
-3
1
0
1
-2
-4
-2
-4
1
3
-2
-4
-4
-2
-1
3
0
-4
-1
4
6
7
5
0
4
5
4
3
2
2
0
-4
-1
1
1
-2
-2
-2
1
3
1
1
0
-1
3
6
4
5
2
0
