2.363268e+062 -3.718466e+058 -9.891338e+058 -1.751313e+059 -2.573781e+059 -3.303679e+059 -3.870868e+059 -4.107392e+059 -3.970914e+059 -3.421593e+059 -2.422363e+059 1.274865e+056 
2.363268e+062 -3.806051e+058 -1.004652e+059 -1.770481e+059 -2.590771e+059 -3.340905e+059 -3.899906e+059 -4.162838e+059 -4.050388e+059 -3.474070e+059 -2.464548e+059 1.309192e+056 
2.363240e+062 -4.094715e+058 -1.033741e+059 -1.725577e+059 -2.428929e+059 -3.095299e+059 -3.657277e+059 -3.983715e+059 -3.973386e+059 -3.483730e+059 -2.483616e+059 1.245885e+056 
2.363210e+062 -4.636290e+058 -1.070543e+059 -1.657272e+059 -2.235538e+059 -2.755674e+059 -3.342980e+059 -3.784894e+059 -3.914853e+059 -3.523434e+059 -2.523488e+059 1.185431e+056 
2.363250e+062 -4.007505e+058 -1.027607e+059 -1.736210e+059 -2.478912e+059 -3.154010e+059 -3.676854e+059 -3.950762e+059 -3.897973e+059 -3.409168e+059 -2.433119e+059 1.238218e+056 
2.363235e+062 -4.095843e+058 -1.081420e+059 -1.819640e+059 -2.558909e+059 -3.201257e+059 -3.652371e+059 -3.876225e+059 -3.764729e+059 -3.283307e+059 -2.377786e+059 1.250284e+056 
2.363248e+062 -4.272495e+058 -1.113654e+059 -1.940872e+059 -2.796752e+059 -3.534131e+059 -4.039858e+059 -4.233499e+059 -4.035835e+059 -3.419961e+059 -2.389129e+059 1.431934e+056 
2.363245e+062 -4.229152e+058 -1.120873e+059 -1.956702e+059 -2.828488e+059 -3.585305e+059 -4.114944e+059 -4.287986e+059 -4.091378e+059 -3.449328e+059 -2.409864e+059 1.461997e+056 
2.363259e+062 -3.829164e+058 -1.023394e+059 -1.801038e+059 -2.651086e+059 -3.390141e+059 -3.972013e+059 -4.180054e+059 -4.045558e+059 -3.458962e+059 -2.436218e+059 1.335114e+056 
2.362860e+062 -1.328578e+058 -7.062964e+058 -5.918265e+058 -2.434744e+059 -2.057091e+059 -3.308454e+059 -3.562286e+059 -3.129314e+059 -3.149598e+059 -2.017848e+059 6.825125e+055 
2.358549e+062 2.564708e+059 1.351036e+059 9.165976e+059 -1.964305e+059 6.370863e+059 -1.380196e+059 -1.156018e+059 3.070091e+059 -4.616312e+059 1.360184e+058 5.827273e+055 
2.326731e+062 2.421618e+059 -6.035734e+060 -1.427398e+061 -1.307734e+061 -2.034314e+061 -3.275647e+061 -2.738085e+061 -2.106494e+061 -2.214591e+061 -1.465726e+061 4.757891e+059 
2.316848e+062 2.621012e+060 -1.941623e+060 -9.447132e+060 -3.627286e+060 -9.262057e+060 -2.648229e+061 -2.094850e+061 -1.198757e+061 -1.596687e+061 -1.171600e+061 9.076070e+058 
2.303122e+062 5.352001e+060 -1.685405e+059 -1.096341e+061 -3.578452e+059 -3.683430e+060 -2.613675e+061 -1.912428e+061 -7.500737e+060 -1.513715e+061 -1.289368e+061 -7.116069e+058 
2.331545e+062 1.077940e+060 -3.171603e+060 -1.104795e+061 -9.451005e+060 -1.212711e+061 -2.348237e+061 -2.194531e+061 -1.501937e+061 -1.543464e+061 -1.223916e+061 2.044620e+059 
2.330304e+062 1.335887e+060 -2.620715e+060 -1.078641e+061 -8.698476e+060 -1.065293e+061 -2.290231e+061 -2.191787e+061 -1.393951e+061 -1.439233e+061 -1.209583e+061 1.699120e+059 
2.344541e+062 -2.234162e+059 -3.297981e+060 -8.245340e+060 -8.999536e+060 -1.232094e+061 -1.866618e+061 -1.741214e+061 -1.371716e+061 -1.317464e+061 -9.672470e+060 1.800553e+059 
2.346597e+062 -1.032110e+060 -4.165792e+060 -8.676297e+060 -1.065812e+061 -1.490768e+061 -2.084645e+061 -1.994336e+061 -1.625134e+061 -1.430766e+061 -1.012048e+061 2.541264e+059 
2.348093e+062 -3.631688e+060 -9.621067e+060 -1.690502e+061 -2.363341e+061 -2.937551e+061 -3.330983e+061 -3.266981e+061 -2.918175e+061 -2.325491e+061 -1.509577e+061 9.290867e+059 
2.347786e+062 -3.371396e+060 -9.158651e+060 -1.617221e+061 -2.236038e+061 -2.790088e+061 -3.193669e+061 -3.117900e+061 -2.764142e+061 -2.216138e+061 -1.437386e+061 8.390640e+059 
2.354973e+062 -1.901505e+060 -5.179064e+060 -9.147861e+060 -1.286737e+061 -1.656483e+061 -1.928574e+061 -1.939806e+061 -1.796100e+061 -1.490533e+061 -1.007270e+061 3.044195e+059 
2.357299e+062 -1.038859e+060 -3.152707e+060 -5.736295e+060 -7.842472e+060 -1.035963e+061 -1.248325e+061 -1.242160e+061 -1.175432e+061 -1.007492e+061 -6.918050e+060 1.210585e+059 
2.351245e+062 -5.554444e+059 -2.839925e+060 -5.175093e+060 -6.576386e+060 -1.045262e+061 -1.340721e+061 -1.209008e+061 -1.178796e+061 -1.023903e+061 -6.949915e+060 1.081587e+059 
2.358199e+062 -1.557899e+060 -4.056884e+060 -7.102621e+060 -1.023774e+061 -1.297333e+061 -1.478871e+061 -1.531208e+061 -1.438279e+061 -1.194763e+061 -8.164456e+060 1.891145e+059 
2.360711e+062 -8.119178e+059 -2.110980e+060 -3.706261e+060 -5.360191e+060 -6.787303e+060 -7.782972e+060 -8.082178e+060 -7.646459e+060 -6.374391e+060 -4.386946e+060 5.207944e+058 
2.361014e+062 -7.267079e+059 -1.892307e+060 -3.315767e+060 -4.775064e+060 -6.041046e+060 -6.896356e+060 -7.159105e+060 -6.738406e+060 -5.611762e+060 -3.846129e+060 4.102747e+058 
2.361649e+062 -5.538567e+059 -1.442427e+060 -2.528698e+060 -3.648344e+060 -4.622148e+060 -5.282910e+060 -5.496135e+060 -5.184723e+060 -4.328202e+060 -2.974803e+060 2.405420e+058 
2.362668e+062 -2.156895e+059 -5.636727e+059 -9.901964e+059 -1.432405e+060 -1.818322e+060 -2.086505e+060 -2.177085e+060 -2.062933e+060 -1.729869e+060 -1.194681e+060 3.737305e+057 
2.362167e+062 -3.732939e+059 -9.738045e+059 -1.714156e+060 -2.485374e+060 -3.162010e+060 -3.633655e+060 -3.803142e+060 -3.612390e+060 -3.039657e+060 -2.105704e+060 1.135161e+058 
2.362990e+062 -1.341974e+059 -3.519690e+059 -6.212423e+059 -9.033767e+059 -1.151736e+060 -1.328336e+060 -1.396369e+060 -1.332029e+060 -1.125574e+060 -7.841788e+059 1.513097e+057 
2.363118e+062 -8.116930e+058 -2.134067e+059 -3.781660e+059 -5.505275e+059 -7.037609e+059 -8.153454e+059 -8.602531e+059 -8.226294e+059 -6.988853e+059 -4.891866e+059 5.685141e+056 
2.363184e+062 -6.280388e+058 -1.653658e+059 -2.915956e+059 -4.269360e+059 -5.465667e+059 -6.334032e+059 -6.694871e+059 -6.427887e+059 -5.476360e+059 -3.845905e+059 3.436322e+056 
2.363280e+062 -3.734754e+058 -9.917106e+058 -1.757212e+059 -2.594787e+059 -3.324546e+059 -3.889809e+059 -4.133994e+059 -3.986240e+059 -3.432525e+059 -2.422388e+059 1.286771e+056 
2.363267e+062 -3.726053e+058 -9.891131e+058 -1.756004e+059 -2.562195e+059 -3.307708e+059 -3.856610e+059 -4.101676e+059 -3.966882e+059 -3.402098e+059 -2.406684e+059 1.270739e+056 
2.363269e+062 -3.802887e+058 -9.951994e+058 -1.773745e+059 -2.607449e+059 -3.352064e+059 -3.897293e+059 -4.137730e+059 -4.002519e+059 -3.429905e+059 -2.426602e+059 1.299417e+056 
2.363240e+062 -4.531395e+058 -1.183080e+059 -2.066850e+059 -2.989837e+059 -3.780806e+059 -4.346647e+059 -4.530806e+059 -4.293827e+059 -3.609336e+059 -2.510543e+059 1.625921e+056 
2.363229e+062 -4.672907e+058 -1.231965e+059 -2.157997e+059 -3.111052e+059 -3.947864e+059 -4.513246e+059 -4.685953e+059 -4.443238e+059 -3.728328e+059 -2.575832e+059 1.750531e+056 
