-133
-202
-400
-414
-444
-431
-348
-307
-245
-259
-202
-117
16
193
263
279
289
260
222
253
273
256
247
176
120
69
90
108
91
316
317
317
418
295
371
425
471
559
529
479
294
140
136
26
-20
-53
-266
-379
-533
-656
-691
-719
-717
-755
-711
-679
-666
-646
-687
-668
-641
-579
-454
-380
-366
-398
-501
-508
-441
-362
-244
-255
-245
-306
-365
-310
-264
-192
-155
-142
-173
-167
-176
-201
-206
-178
-161
-197
-172
-206
-234
-228
-200
-80
50
205
327
343
520
684
789
992
1066
1072
1076
1034
992
929
832
695
474
381
309
175
136
-3
-199
-322
-407
-384
-295
-231
-225
-270
-269
-238
-136
3
139
212
187
210
208
226
254
219
197
132
119
97
35
31
-35
-77
-50
190
267
340
461
255
315
345
428
576
640
573
322
159
66
-27
-75
-31
-274
-375
-533
-721
-705
-745
-729
-792
-723
-649
-626
-531
-513
-561
-532
-518
-465
-313
-295
-297
-392
-474
-444
-427
-314
-222
-213
-252
-272
-346
-275
-232
-219
-135
-243
-151
-214
-236
-150
-241
-170
-180
-168
-101
-142
-98
-140
-167
14
74
253
437
461
615
718
829
998
1062
1158
1157
1061
1081
955
862
800
599
526
414
282
208
34
-68
-181
-261
-208
-155
-95
-78
-89
-123
-101
-24
70
178
203
216
172
136
147
125
137
126
87
39
25
-26
-23
-29
-2
148
186
352
345
314
353
307
408
506
577
534
395
186
63
-55
-42
-61
-177
-261
-498
-620
-693
-689
-656
-614
-592
-583
-545
-527
-481
-479
-472
-480
-413
-367
-318
-312
-398
-467
-547
-510
-429
-330
-261
-309
-379
-396
-415
-340
-241
-173
-171
-232
-255
-274
-236
-207
-223
-270
-291
-338
-352
-326
-276
-286
-232
-71
-8
247
358
443
672
699
875
998
1057
1186
1075
1029
982
815
806
656
502
462
254
122
27
-132
-168
-230
-271
-200
-214
-179
-205
-256
-176
-202
-94
9
11
79
18
-11
0
27
30
23
24
-35
-56
-63
-65
-77
-74
-50
-12
113
322
290
354
362
229
418
483
571
635
460
294
125
40
88
25
8
-138
-390
-434
-565
-535
-463
-533
-521
-542
-501
-442
-413
-359
-444
-428
-382
-372
-198
-215
-279
-320
-411
-354
-293
-222
-183
-274
-301
-364
-394
-247
-280
-294
-261
-375
-313
-310
-315
-270
-351
-311
-339
-315
-229
-243
-204
-98
43
199
373
485
578
739
832
964
1108
1116
1143
1040
966
967
839
779
656
491
430
286
185
133
-53
-128
-218
-280
-145
-167
-163
-163
-268
-248
-201
-93
32
71
57
-13
-58
-15
12
27
77
16
-58
-80
-94
-65
-23
-2
-22
11
35
86
155
325
427
411
515
426
470
565
533
613
544
401
230
41
-18
-85
-178
-200
-388
-501
-563
-691
-600
-596
-579
-539
-533
-427
-397
-315
-314
-356
-328
-364
-281
-181
-192
-207
-347
-446
-447
-457
-339
-329
-337
-409
-550
-542
-558
-489
-433
-462
-441
-460
-445
-395
-400
-330
-381
-330
-222
-162
138
195
312
449
378
666
813
951
1233
1107
1150
1098
904
1019
873
813
799
501
475
346
149
172
-46
-132
-140
-249
-155
-173
-216
-223
-329
-296
-215
-147
-21
7
-4
-23
-42
-20
14
55
27
21
-17
-33
-17
-24
-16
-29
-16
-1
78
109
190
285
247
406
434
484
628
570
619
613
548
562
429
356
277
31
-1
-162
-317
-313
-526
-552
-603
-657
-590
-615
-542
-519
-516
-419
-398
-343
-275
-314
-273
-277
-271
-242
-288
-280
-359
-397
-405
-420
-410
-455
-475
-555
-574
-580
-567
-518
-505
-477
-473
-424
-377
-308
-273
-213
-135
-72
65
213
328
420
537
579
713
925
976
1084
1108
992
958
877
842
820
708
654
461
315
283
95
41
4
-138
-155
-167
-219
-217
-237
-271
-271
-233
-155
-128
-91
-65
-132
-112
-69
-49
4
9
-16
-63
-76
-36
-38
21
51
-8
47
41
73
119
133
265
263
392
538
523
663
646
566
625
589
575
535
390
245
-29
-181
-276
-416
-383
-468
-581
-601
-683
-692
-657
-592
-524
-472
-364
-317
-294
-265
-325
-358
-333
-309
-259
-238
-271
-370
-469
-513
-503
-472
-414
-424
-485
-500
-551
-510
-457
-422
-369
-349
-292
-222
-180
-133
-70
-40
90
283
424
594
667
662
760
840
956
1090
1104
1104
980
870
824
732
689
622
457
373
289
141
79
-52
-183
-238
-283
-235
-217
-230
-265
-368
-374
-329
-263
-150
-88
-107
-122
-135
-123
-63
-46
-4
11
-6
25
7
-14
-7
-35
-30
51
77
146
168
121
247
229
398
569
552
716
595
541
561
461
487
389
245
150
-71
-171
-271
-440
-432
-583
-614
-566
-627
-551
-590
-590
-540
-523
-385
-323
-277
-253
-342
-344
-344
-345
-294
-341
-358
-400
-485
-453
-529
-527
-522
-618
-500
-529
-480
-400
-496
-406
-398
-354
-167
-138
-29
52
15
197
315
410
636
646
738
907
904
1065
1070
986
1018
859
857
867
724
681
491
294
244
122
75
51
-112
-165
-258
-325
-252
-307
-281
-287
-337
-272
-240
-181
-133
-132
-119
-104
-51
7
30
43
10
-9
14
36
57
50
12
-32
-22
16
49
103
104
117
194
262
403
500
526
545
502
520
545
526
503
362
191
60
-119
-184
-254
-377
-420
-534
-581
-589
-610
-593
-600
-555
-499
-426
-328
-299
-309
-338
-354
-341
-275
-230
-258
-317
-400
-486
-504
-461
-506
-465
-511
-583
-512
-556
-453
-426
-420
-336
-321
-192
-109
-44
29
70
132
277
438
537
672
695
727
861
903
1002
1048
980
935
838
780
744
645
549
413
265
206
124
33
-16
-164
-263
-292
-329
-283
-287
-326
-366
-405
-373
-319
-229
-170
-146
-138
-126
-68
-27
48
46
42
76
54
129
140
116
136
55
74
109
98
186
142
193
243
224
395
346
375
462
340
440
458
360
377
204
96
30
-117
-84
-228
-295
-315
-509
-458
-494
-550
-480
-538
-503
-441
-422
-354
-376
-383
-378
-407
-305
-270
-262
-258
-380
-415
-445
-436
-367
-385
-395
-436
-502
-457
-426
-370
-289
-291
-219
-198
-137
-36
-31
37
83
145
288
415
480
528
534
544
648
747
844
882
823
750
665
604
593
545
474
409
285
209
147
29
-36
-137
-217
-207
-225
-213
-240
-327
-352
-386
-341
-232
-195
-117
-103
-130
-69
-63
1
63
57
125
114
136
173
104
121
99
87
197
188
213
225
111
161
177
213
370
308
326
332
229
332
303
277
287
127
99
23
-77
-70
-216
-287
-310
-409
-357
-380
-433
-421
-496
-447
-389
-347
-265
-301
-315
-334
-361
-308
-276
-257
-256
-314
-330
-356
-379
-346
-381
-354
-314
-347
-285
-299
-307
-256
-257
-166
-97
-58
6
7
36
117
161
291
377
398
481
472
528
617
629
702
708
685
680
626
592
547
468
415
359
294
233
130
51
-40
-110
-153
-188
-211
-251
-282
-310
-320
-298
-288
-261
-211
-193
-139
-102
-78
-32
-14
23
60
91
116
117
113
113
127
137
150
161
149
146
152
159
206
225
220
235
204
218
231
208
217
160
99
56
-19
-52
-106
-179
-220
-277
-308
-324
-363
-381
-409
-433
-414
-390
-347
-331
-328
-334
-353
-334
-334
-310
-278
-278
-262
-270
-285
-289
-324
-316
-300
-294
-219
-220
-220
-205
-260
-226
-183
-133
-43
-22
17
31
32
97
129
187
280
316
381
424
444
482
500
546
575
614
652
615
598
540
476
466
420
413
368
286
224
113
45
15
-59
-65
-106
-171
-171
-227
-242
-237
-260
-222
-192
-149
-100
-86
-57
-43
-20
29
68
100
134
127
123
135
139
151
174
179
166
187
194
196
227
213
195
200
178
192
196
166
134
68
28
-1
-48
-60
-125
-192
-218
-277
-282
-285
-331
-349
-379
-399
-383
-370
-354
-363
-383
-379
-382
-360
-330
-325
-298
-291
-290
-260
-247
-234
-224
-209
-179
-149
-107
-91
-91
-95
-94
-69
-11
35
60
79
71
79
106
140
186
217
230
244
274
289
307
315
299
307
313
333
366
364
351
316
286
285
281
287
291
242
219
186
143
143
105
73
51
17
8
3
-11
-18
-43
-58
-58
-61
-50
-51
-60
-55
-49
-46
-37
-34
-48
-49
-34
-10
42
59
64
61
39
51
62
79
103
73
50
27
-22
-21
-56
-92
-100
-152
-174
-197
-243
-271
-320
-342
-338
-344
-324
-338
-371
-378
-408
-397
-350
-347
-326
-321
-332
-320
-319
-268
-229
-221
-188
-172
-138
-86
-78
-51
-23
-5
41
81
127
155
144
146
164
190
235
263
273
263
248
240
247
261
268
262
249
229
212
204
181
152
133
125
125
123
117
94
64
46
45
66
95
109
95
78
69
74
95
124
151
151
156
161
169
183
186
186
189
193
204
210
205
194
165
149
144
136
136
112
75
40
3
-6
-22
-41
-62
-102
-139
-158
-176
-195
-214
-243
-264
-283
-293
-302
-316
-326
-343
-351
-342
-332
-328
-326
-327
-315
-299
-270
-249
-234
-216
-212
-199
-167
-142
-121
-101
-92
-77
-58
-30
-4
11
32
35
45
68
76
93
99
100
116
121
130
134
119
118
118
126
146
147
148
140
123
128
130
140
154
144
141
131
114
116
100
93
87
71
78
80
67
58
32
16
19
21
52
63
64
65
47
55
73
92
120
132
140
147
148
163
165
164
167
156
158
163
148
138
113
83
65
49
40
18
-9
-40
-75
-93
-107
-125
-145
-170
-200
-217
-231
-236
-244
-255
-271
-295
-295
-297
-296
-285
-283
-276
-257
-239
-218
-201
-188
-170
-146
-110
-73
-44
-19
-9
-4
15
38
63
91
103
112
118
127
137
148
154
156
162
170
173
175
175
161
147
138
135
127
121
112
97
83
75
68
63
62
53
48
49
48
47
47
42
42
41
38
34
27
23
10
3
2
-6
-7
-11
-24
-32
-34
-38
-35
-30
-27
-23
-18
-12
-10
-5
7
11
23
37
41
43
45
37
34
32
25
24
17
8
-2
-10
-19
-32
-38
-50
-61
-63
-67
-74
-83
-97
-112
-132
-142
-152
-166
-173
-188
-205
-212
-226
-234
-232
-226
-217
-204
-186
-169
-152
-135
-112
-91
-58
-27
-3
25
41
57
73
87
106
125
137
148
154
159
163
163
167
168
164
166
163
161
151
138
126
113
104
95
86
72
59
41
26
16
4
-4
-10
-17
-20
-25
-26
-26
-31
-30
-29
-28
-26
-28
-34
-33
-37
-40
-41
-40
-42
-43
-42
-44
-44
-40
-38
-33
-25
-20
-14
-10
-3
4
10
18
28
31
38
39
40
42
43
46
47
46
44
41
42
42
38
41
38
33
32
25
23
22
13
8
-2
-8
-17
-32
-39
-56
-70
-81
-94
-102
-110
-117
-119
-120
-118
-111
-106
-94
-82
-66
-48
-30
-15
2
17
31
44
61
73
82
93
96
103
108
111
115
118
116
109
108
102
99
95
87
83
72
60
52
40
26
15
5
-2
-8
-13
-20
-30
-39
-43
-44
-42
-37
-38
-38
-40
-39
-36
-31
-29
-29
-26
-28
-27
-30
-29
-30
-30
-35
-38
-35
-34
-31
-32
-32
-31
-29
-23
-17
-11
-6
-3
2
7
7
12
14
15
18
15
14
13
8
2
-3
-3
-7
-8
-11
-15
-19
-23
-28
-28
-30
-39
-46
-55
-62
-72
-80
-93
-106
-117
-127
-136
-142
-148
-156
-158
-158
-153
-145
-136
-121
-109
-94
-78
-60
-38
-18
1
19
35
49
66
76
83
91
94
99
103
101
103
99
95
91
83
78
69
62
50
41
33
26
17
9
5
0
0
-4
-1
-1
2
6
7
16
22
27
35
38
42
46
48
56
57
56
60
58
58
60
58
57
58
58
58
59
62
63
66
66
71
72
72
72
73
66
60
58
55
52
47
39
27
19
8
3
-1
-7
-12
-19
-24
-30
-34
-35
-38
-38
-40
-40
-43
-45
-48
-53
-56
-61
-63
-70
-75
-84
-93
-98
-104
-108
-111
-114
-116
-115
-115
-111
-104
-97
-86
-75
-62
-48
-36
-24
-10
0
15
28
40
53
60
65
70
73
79
81
80
82
75
69
65
55
48
41
33
25
20
16
9
3
-1
-7
-6
-3
-3
0
7
9
11
17
24
31
39
44
45
53
56
55
56
58
54
52
49
41
36
30
23
15
14
10
4
4
0
-4
-4
-6
-3
-4
-3
-5
-8
-11
-10
-11
-10
-13
-25
-13
-23
-26
-27
-33
-28
-34
-32
-31
-31
-25
-30
-30
-24
-22
-22
-16
-17
-16
-16
-20
-22
-25
-29
-40
-41
-49
-54
-61
-66
-72
-78
-81
-82
-81
-77
-72
-69
-61
-48
-40
-25
-11
1
12
26
38
47
56
63
67
71
72
73
71
66
61
55
51
46
39
33
26
19
14
9
8
7
8
8
4
5
8
10
13
22
27
32
38
44
49
55
61
62
66
69
69
70
70
65
63
57
53
47
42
34
25
18
10
0
-9
-19
-26
-34
-39
-45
-51
-55
-58
-61
-62
-62
-63
-61
-61
-59
-57
-54
-52
-50
-46
-42
-38
-33
-27
-21
-12
-8
-4
2
5
11
16
17
18
18
18
16
14
12
9
8
2
-1
-6
-9
-15
-16
-18
-20
-20
-21
-20
-20
-17
-14
-8
-5
1
4
8
14
16
18
22
24
27
29
27
28
28
28
27
24
27
25
24
22
21
20
20
20
20
22
24
25
27
26
29
33
34
37
41
43
47
48
49
53
51
54
53
50
47
44
40
35
29
21
15
4
-2
-11
-22
-32
-42
-52
-62
-71
-80
-86
-93
-101
-105
-107
-112
-112
-112
-110
-108
-106
-105
-100
-92
-84
-75
-66
-57
-48
-40
-28
-16
-6
6
15
26
35
44
52
57
61
64
66
68
66
63
59
55
48
43
38
30
25
19
12
5
2
-3
-7
-9
-16
-18
-19
-20
-21
-22
-22
-20
-20
-17
-15
-12
-10
-8
-4
-1
2
6
9
13
15
16
17
21
23
25
27
28
27
29
30
31
32
33
34
33
34
35
36
37
38
39
39
39
38
38
36
36
31
30
27
23
19
11
6
0
-7
-14
-21
-30
-34
-41
-46
-51
-59
-62
-67
-69
-72
-73
-74
-72
-72
-71
-69
-67
-62
-58
-53
-46
-38
-33
-25
-16
-8
1
10
18
27
37
45
50
57
63
66
70
72
73
73
73
69
64
62
55
50
45
37
29
23
15
6
0
-6
-13
-18
-26
-30
-34
-39
-43
-46
-47
-50
-51
-53
-54
-53
-52
-53
-49
-48
-46
-42
-40
-35
-34
-28
-23
-18
-13
-10
-7
-1
4
9
14
18
22
24
28
29
33
35
38
38
41
41
40
41
39
39
38
35
31
29
24
20
14
8
3
-2
-8
-12
-16
-23
-28
-32
-38
-41
-44
-46
-48
-51
-51
-53
-53
-51
-49
-47
-45
-41
-36
-33
-30
-22
-18
-12
-5
0
6
14
20
25
32
39
45
50
57
59
64
67
68
70
70
70
67
65
61
59
54
50
42
39
33
26
20
12
8
0
-4
-13
-17
-23
-27
-33
-38
-42
-46
-49
-52
-54
-57
-56
-56
-55
-51
-50
-49
-47
-43
-42
-35
-31
-27
-22
-18
-13
-7
-1
5
11
19
23
28
32
36
41
43
46
49
51
52
51
51
51
50
47
44
42
39
35
28
22
16
12
8
0
-5
-11
-17
-21
-26
-32
-37
-41
-45
-50
-51
-53
-54
-55
-56
-55
-54
-52
-50
-47
-43
-40
-35
-30
-26
-21
-17
-11
-6
0
4
11
19
24
29
34
38
43
45
48
50
51
51
51
49
48
46
42
40
35
33
30
22
17
12
9
4
-2
-6
-10
-16
-18
-21
-25
-29
-31
-33
-37
-35
-39
-40
-38
-39
-36
-36
-36
-34
-30
-27
-23
-19
-17
-13
-11
-6
-4
-1
4
7
9
13
17
20
23
25
26
28
29
29
31
32
31
30
29
27
24
24
20
17
14
10
7
3
0
-3
-5
-10
-13
-18
-19
-24
-25
-27
-30
-29
-31
-32
-33
-31
-32
-31
-30
-29
-28
-26
-22
-19
-16
-12
-9
-7
-1
1
4
9
12
15
20
23
25
30
32
33
37
39
40
41
43
41
40
39
40
37
36
32
30
27
23
20
17
13
10
9
4
1
-3
-7
-8
-12
-14
-14
-17
-20
-20
-22
-23
-22
-24
-23
-24
-23
-22
-21
-19
-18
-16
-13
-11
-11
-10
-7
-4
-4
-1
2
2
4
6
7
9
10
11
14
12
14
16
14
14
11
11
9
10
9
7
7
6
5
3
2
-2
-3
-4
-6
-7
-9
-10
-13
-14
-16
-15
-15
-17
-18
-17
-18
-17
-13
-13
-12
-10
-9
-8
-7
-3
-2
0
3
3
5
7
8
12
14
15
17
18
19
19
21
22
22
22
22
21
22
18
18
15
14
15
12
8
6
5
2
1
-2
-3
-7
-9
-9
-12
-12
-13
-14
-16
-16
-17
-17
-17
-15
-14
-16
-15
-15
-15
-12
-10
-11
-9
-5
-6
-4
-3
-3
-1
1
2
2
6
5
6
8
9
9
10
11
9
11
14
10
8
11
9
10
9
7
8
6
5
4
3
2
2
0
1
0
-1
-1
-2
-2
-3
-5
-5
-5
-7
-6
-8
-8
-9
-9
-9
-7
-6
-7
-6
-6
-6
-5
-4
-3
-3
-3
-3
-2
-3
-1
-1
-1
0
-1
0
1
2
1
2
1
2
1
1
2
0
2
1
1
1
1
-1
-1
-1
-3
-3
-4
-3
-4
-4
-4
-4
-6
-6
-8
-9
-6
-7
-6
-7
-5
-5
-5
-6
-5
-4
-3
-2
-2
-1
1
-1
1
3
4
1
2
4
5
6
6
5
7
7
5
6
5
5
4
4
3
2
2
0
-2
0
0
0
-1
-1
-4
-5
-5
-7
-8
-6
-6
-9
-12
-13
-11
-15
-15
-14
-16
-12
-11
-13
-10
-7
-4
-1
-2
-3
0
3
5
1
0
0
1
7
7
8
13
16
12
11
13
17
16
14
13
11
16
17
19
18
14
18
15
16
19
18
13
5
3
7
4
2
-7
-7
-4
-10
-7
-8
-5
-4
-8
-7
-4
3
6
-2
0
7
15
16
8
18
19
15
14
13
19
16
10
7
12
18
12
5
5
9
14
13
9
15
17
14
6
-4
3
2
5
0
-20
-17
-12
-11
-9
-16
-17
-13
-22
-20
-22
-23
-21
-29
-31
-39
-44
-38
-29
-21
-30
-27
-30
-29
-20
-9
3
3
-6
-9
-14
-7
5
7
1
-14
-11
-5
-11
-12
-11
-10
-13
-25
-28
-41
-32
0
-10
19
39
13
-11
-6
211
343
149
-38
-16
262
334
77
-104
-101
86
64
-198
-267
-158
-13
-83
-257
-192
-93
-61
-92
-134
-52
-40
-82
-69
-47
42
41
-37
-44
-2
90
105
42
54
61
60
96
82
71
40
22
57
45
47
38
-6
12
43
73
53
-19
-13
13
36
41
-36
-57
-32
-6
-4
-57
-71
-60
-49
-20
-20
-37
-41
-34
-9
-5
-11
2
3
-19
-14
10
47
28
-19
-6
23
51
36
-6
-16
-7
21
25
-13
-38
-36
-9
19
-13
-43
-37
-17
15
-3
-16
-6
-6
9
13
10
19
16
23
26
19
21
24
40
37
24
27
29
27
21
13
10
2
1
-3
-6
-5
-16
-21
-28
-29
-11
-19
-33
-21
-6
-6
-28
-30
7
23
1
-15
-5
28
38
21
4
15
42
45
17
22
46
50
27
-2
34
39
37
16
-12
24
11
20
2
-7
29
13
-5
-3
10
9
-2
-6
21
-6
-24
-3
14
17
-31
-45
-18
4
-12
-38
-45
-7
-1
-18
-4
-14
3
-14
-11
26
28
-1
-26
4
12
11
-2
5
8
2
39
29
16
24
21
37
17
21
21
16
6
-18
0
12
-1
-24
-23
18
13
-32
2
6
22
-21
-55
38
34
17
-60
-29
55
33
-7
-43
-5
16
26
-23
-20
-5
-10
-7
-20
-7
-24
-18
17
1
-47
-11
29
38
-7
-54
-5
46
48
-19
-75
23
72
35
-24
-72
19
60
33
-19
-59
22
42
11
15
-20
14
25
-8
13
17
29
-8
-23
23
13
31
3
-48
19
32
30
-50
-38
105
9
-72
-61
69
88
-90
-100
17
80
8
-89
-30
104
6
-82
-47
86
97
-93
-61
32
97
1
-122
-8
45
28
-16
-80
5
30
-14
-28
-53
40
47
-39
-34
-18
65
1
-57
-20
11
23
-36
-62
-35
28
-3
-60
-62
26
28
-55
-49
1
34
-24
-57
-17
7
28
-10
-66
-42
13
75
-9
-80
-32
76
53
-26
-38
-3
81
4
-35
-5
27
71
-39
-50
37
37
48
-16
-8
37
7
31
13
-14
51
20
-55
0
10
66
-33
-83
40
30
44
-92
-43
27
26
10
-106
-30
10
11
-51
-65
6
-11
-63
-40
-20
24
-21
-84
-29
7
-9
-38
-26
-31
6
-60
0
20
-45
24
-76
32
50
-38
-26
-32
54
40
-48
-42
11
12
56
-63
-56
62
19
16
-46
3
72
-5
-23
-18
33
63
4
-44
31
16
36
1
-43
68
-26
32
-28
-34
67
9
-14
-66
0
57
18
-63
-44
47
89
-47
-140
43
138
7
-119
-41
110
87
-29
-77
27
116
42
-109
-10
101
58
-45
-72
56
65
2
-13
6
35
36
-37
16
69
-7
-8
-83
81
69
-92
-7
-66
88
-17
-38
33
-45
50
-36
41
44
-43
35
-40
6
51
19
19
-62
-44
58
26
10
19
-55
27
10
-21
36
43
24
-102
-49
105
50
-58
-71
-1
56
-4
-42
11
41
-47
-62
63
63
24
-121
-63
121
84
-23
-143
10
103
-48
-9
2
-3
39
-66
-25
43
55
-8
-163
22
68
9
-36
-111
18
70
34
-114
-10
41
52
-37
-73
30
40
50
-90
-67
27
120
-1
-25
-101
33
153
-1
-77
-99
174
79
-81
-152
19
199
17
-125
-122
79
132
-17
-101
-16
80
55
-30
-99
64
99
15
-77
-109
118
127
-96
-102
50
76
31
-162
9
105
29
-15
-184
102
150
-52
-120
-14
174
40
-128
-122
108
190
-22
-223
-79
242
70
-114
-120
50
123
-22
-34
-40
43
39
-39
-9
18
30
-3
-42
12
19
40
7
-44
4
16
11
19
2
-38
-53
6
55
-40
-43
14
12
-7
-39
-8
60
48
-106
-56
55
82
-6
-137
13
55
35
10
-104
-26
91
55
10
-139
-4
150
3
-3
-111
-15
132
33
-5
-113
83
80
-45
-17
-44
121
-4
-43
-88
46
109
-37
-79
-80
59
89
12
-132
-96
87
162
-65
-170
-42
107
123
-85
-160
-1
141
50
-117
-114
55
96
57
-66
-119
57
94
13
-72
-40
106
42
-114
-49
54
88
32
-102
-37
51
-9
64
71
-42
-92
-18
151
56
-141
-49
104
95
-60
-144
11
107
63
-49
-128
27
87
68
-88
-100
109
115
-23
-202
34
185
51
-121
-185
92
171
4
-109
-118
52
123
12
-70
-101
28
102
71
-73
-114
40
109
21
-82
-22
66
18
-68
25
54
38
-37
-75
41
109
12
-48
-68
41
97
37
-74
-93
40
76
46
-63
-34
-77
47
72
-15
-43
-77
55
-23
2
9
1
50
-89
-74
90
52
-24
-54
-82
26
25
58
-65
-128
26
21
77
-31
-81
-81
47
92
10
-23
-130
22
-2
104
27
-111
-57
0
187
-8
-103
-71
83
141
-69
-53
-53
66
87
-76
-44
18
86
-40
-93
-1
106
57
-87
-50
-94
153
68
16
-75
-233
163
97
97
-120
-166
91
10
81
-58
-30
6
-26
-64
-15
109
48
-72
-134
38
123
47
-115
-88
106
156
-110
-108
37
140
63
-165
-6
64
84
-32
-120
80
140
23
-110
-68
62
152
114
-138
-120
44
191
65
-186
-20
84
154
-1
-208
4
180
120
-151
-126
83
118
30
-160
-45
139
143
-127
-256
64
264
59
-215
-129
78
184
-47
-174
82
92
-14
-187
11
177
0
-82
-78
28
21
24
-51
11
47
-109
-20
44
8
1
-81
51
8
-33
20
-23
-2
18
16
-52
25
-10
-26
20
-1
23
-50
-57
73
50
-22
-67
-39
109
55
-123
-77
63
110
-34
-97
-19
66
57
-78
-89
-5
161
23
-166
-106
56
179
-12
-150
-79
118
95
-69
-42
46
74
-88
-15
20
75
37
-133
-21
61
88
-99
-56
68
25
-45
-49
48
15
-39
-88
38
111
-40
-167
-55
144
78
-78
-175
-24
126
59
-18
-169
-41
92
37
-7
-73
-76
13
71
-7
-34
-30
8
-12
-33
29
50
33
-37
-98
-15
168
36
-105
-75
-5
180
34
-109
-91
0
151
28
-63
-4
-45
7
57
73
63
-98
-56
21
94
90
-42
-25
-41
3
57
58
14
-56
-26
-2
74
36
-21
-28
-7
39
-7
30
3
-7
-5
-22
68
20
-37
16
-7
37
60
-16
-10
-32
55
125
-58
-53
-14
61
96
-58
-81
-1
90
32
-11
-69
41
22
-4
34
-4
57
-63
-37
40
93
-11
-102
-18
38
31
-51
14
-19
-37
-19
-47
71
16
-32
-107
-37
143
21
-60
-107
14
100
-2
-50
-41
42
31
-51
-5
50
-6
-68
-25
88
68
-58
-105
-21
145
71
-92
-60
65
72
-58
18
67
20
-23
-88
1
135
108
-78
-190
26
185
49
-68
-148
-7
163
47
-96
-96
51
84
-60
-9
16
-16
6
-75
3
69
27
-76
-101
44
72
46
-32
-113
-50
106
115
-52
-96
-17
20
44
63
-4
-73
-32
7
62
47
-5
-74
-55
66
48
17
-23
-52
-23
21
53
-21
-30
32
-60
11
-2
11
49
-87
-24
-14
48
41
-117
-51
62
11
-16
-54
-3
19
7
-5
-9
-26
2
3
-24
67
-42
-44
-22
58
40
-69
-54
-24
54
32
-56
-52
29
14
-59
-37
31
34
-28
-68
-28
-9
80
2
-78
-51
-29
64
20
-66
-57
24
59
-11
-78
-24
32
36
17
-27
-39
-2
-14
30
50
4
-48
-115
19
76
49
-6
-91
-46
6
28
15
24
-4
-69
-89
21
113
33
-82
-105
16
78
42
-59
-31
15
37
26
-45
-19
-6
62
14
-58
-23
18
61
3
-54
-23
40
53
-36
-60
35
74
-33
-66
-18
73
59
-56
-92
-20
109
46
-58
-84
3
78
29
-36
-57
-1
45
17
-6
-7
-14
1
13
28
18
-10
-30
-8
37
30
10
-42
-13
22
10
45
14
-22
-50
14
71
47
-3
-43
-40
31
79
15
-11
-17
-5
11
37
32
-5
-20
-1
8
16
44
-18
-13
16
11
32
-7
14
-8
5
30
-10
6
10
-4
-26
31
36
14
-16
-9
19
23
53
0
-12
-12
2
26
39
20
-24
-13
-5
26
33
34
-19
-46
10
38
32
3
-33
-39
18
46
19
-39
-30
6
17
17
-18
-30
-2
6
-13
-2
24
-1
-36
-39
23
42
22
-32
-66
11
54
36
-34
-38
2
42
17
-24
-33
14
45
-14
-24
-2
10
5
3
4
4
2
8
-6
2
45
26
-10
-21
-24
47
40
5
-48
-25
43
13
-2
-24
5
1
-4
-17
-12
16
2
-33
-33
13
7
-20
-37
-13
7
13
-15
-39
-14
11
12
-25
-21
-10
-8
3
-7
-8
1
-6
-19
-8
7
6
-11
-23
-6
0
13
-1
-20
8
13
8
-11
4
13
0
14
14
9
8
3
4
10
11
9
-3
-10
2
5
20
9
-14
-14
-4
21
22
-4
-14
3
20
20
-12
2
17
13
1
-17
-2
11
10
-8
-15
0
18
-3
-6
11
10
7
-13
1
12
12
13
-5
-10
2
11
9
-6
-19
3
12
9
-1
-18
0
3
0
0
2
5
4
5
6
11
5
-3
-12
10
14
-1
-4
-8
-7
3
22
0
-11
-3
4
23
9
-13
-9
12
21
-4
-2
7
9
1
-7
3
6
18
-3
-14
3
16
5
-9
-2
17
21
-4
-20
-6
10
20
-2
-18
4
-1
-6
-10
-5
0
-17
-20
-15
-14
-2
-7
-22
-23
-18
-8
-11
-16
-26
-20
-3
-18
-26
-21
-12
-11
-24
-17
-15
-9
-2
-7
-9
-7
-7
-1
-3
4
-7
-9
-1
-2
-2
-9
7
11
0
-7
-4
3
16
5
4
-4
4
11
-3
0
-2
7
11
5
-2
11
12
16
1
-1
7
1
5
7
-1
-2
7
0
1
3
2
4
8
9
2
-4
13
14
7
2
-2
5
12
9
0
-6
9
12
9
10
3
10
12
12
8
5
11
19
6
6
5
2
14
8
6
0
9
4
-6
2
10
7
6
2
-7
6
22
14
-9
-5
4
5
5
7
-4
-5
8
2
3
0
1
-2
-5
1
-1
1
10
-10
-1
11
8
6
-5
9
4
4
3
-1
2
4
0
-5
-3
1
-2
-2
0
-5
-6
-4
-4
-2
6
1
-12
-16
2
5
4
-4
-12
-10
2
-1
-10
-10
-12
-12
-4
-2
-10
-13
-9
-8
-17
-8
-3
-6
-16
-17
-16
-6
-3
-16
-13
-4
-8
-10
-10
-6
-1
2
2
-10
-8
1
9
-3
-7
-11
-6
2
-2
-2
0
0
0
-7
-4
9
-2
-2
-7
-4
4
6
0
-5
-5
2
0
-5
-5
-7
1
-3
-3
-3
-4
-6
-10
-7
-6
-2
-10
-11
-4
-3
2
-6
-15
-12
-8
-5
-5
-3
-4
-1
6
2
-2
-5
-1
4
2
2
-4
3
1
-4
4
-1
3
-1
0
1
1
11
-1
0
2
0
5
4
5
-2
-6
2
6
2
1
-3
-1
1
5
1
1
-3
-4
3
1
2
3
0
-1
-2
5
6
-1
1
5
8
5
6
8
6
6
5
11
13
10
2
-1
12
11
7
2
5
7
8
4
4
7
4
-3
-6
6
4
2
-3
-6
6
3
-7
-5
-7
6
7
-2
-1
-3
7
1
1
1
-5
-2
2
-6
-8
3
4
-6
-5
-1
1
5
0
1
1
0
-1
2
10
4
-1
-1
12
13
0
4
10
13
7
1
5
10
8
6
1
1
11
6
1
-1
1
10
13
4
0
2
5
15
8
3
-4
2
18
6
1
-5
0
5
4
1
-6
-1
0
-3
2
5
9
-4
-2
7
8
11
-6
-9
-2
8
3
-6
-8
3
1
-6
-1
6
9
1
-9
-4
8
8
-4
-10
-2
4
2
-4
-6
-6
-1
1
-2
-5
-3
-7
-6
-6
2
-1
-6
-5
-10
-1
1
-4
-9
-5
-4
-1
-1
-4
-8
-5
-7
-7
-3
-5
-8
-7
-1
2
-4
-6
-1
5
4
-2
1
1
6
1
0
-5
0
0
7
5
-2
-11
-8
7
-2
-6
-10
0
4
-5
-6
-3
1
2
-9
-9
-6
-3
-12
-10
0
-2
-6
-6
-6
-4
3
4
-3
-11
-2
4
-4
-9
-8
1
7
-9
-10
3
6
-4
-9
0
3
3
0
-2
-4
4
7
3
-7
-9
-1
5
3
-11
-2
5
3
-3
0
11
-3
-1
-3
0
0
2
-1
-6
-1
-1
0
-3
-3
-2
0
3
0
-2
-2
-1
-1
-3
2
2
1
1
0
1
4
3
-3
-4
1
6
10
-2
-4
1
14
8
-9
-2
8
14
0
-6
3
7
3
-1
-5
2
9
-3
-5
-4
4
3
-3
-3
1
8
4
-5
-8
-3
0
0
0
-5
-4
0
1
0
3
-3
-3
2
4
10
1
-5
-5
5
9
5
-1
-6
0
3
-1
0
3
1
-6
-7
7
9
5
3
-1
5
4
3
4
3
1
-1
2
3
-2
-5
5
2
1
1
0
2
2
2
3
-1
-4
-5
1
8
-3
-6
-3
-3
-1
-2
-2
-7
-1
1
-3
-6
-3
-1
-2
-2
-5
-1
-3
-2
-4
-3
3
0
-2
3
0
-3
4
3
3
3
1
-1
0
1
-1
-5
-1
2
-1
3
0
0
6
3
0
-1
3
6
-1
1
0
-2
5
1
-4
0
1
0
3
-4
-4
1
5
-1
-5
8
5
0
0
2
7
6
2
2
4
5
5
3
1
3
4
-1
-2
4
5
-3
0
2
4
3
1
0
0
5
5
1
1
-1
-5
-2
2
0
-3
-4
0
0
-3
-4
-2
4
5
-3
-1
2
1
3
-1
-2
-3
0
1
-2
-6
-4
-1
1
-4
-5
1
4
2
-3
1
0
0
-1
1
0
2
0
0
6
4
4
1
2
-1
-2
2
-2
1
0
-1
-1
-3
-2
3
-1
-5
-3
-1
0
-2
0
-2
-1
-3
-2
-4
1
0
-7
-3
2
1
1
-1
-5
-2
7
3
-5
-1
1
5
-1
2
-1
-4
-2
0
0
-1
3
-3
-4
-4
-3
-1
3
-1
-4
-1
4
0
-2
-4
-4
0
-1
-1
0
2
-1
-1
2
7
3
-1
2
3
3
5
2
1
6
3
6
5
3
1
-1
9
6
1
2
1
3
5
6
1
2
3
6
1
2
1
4
5
-3
2
2
2
1
0
0
1
-1
0
-2
-1
2
-3
-2
-3
-3
-1
1
-4
-7
-4
-3
-5
-3
-4
-8
-4
-4
-4
-5
-5
-3
-5
-3
-2
-1
-1
0
0
-1
3
-1
-2
-1
-3
-5
-2
-3
1
1
0
3
-1
1
2
-2
0
0
-1
-1
-5
2
-5
1
2
0
-1
-5
3
-2
-2
-4
0
2
-3
-5
-1
0
-2
-1
0
-2
3
-1
0
1
-1
1
-3
2
3
-1
2
0
-1
2
-1
0
-3
-1
1
-2
2
-2
3
1
-1
2
2
0
-2
0
2
2
-1
1
0
2
3
2
2
3
2
0
3
4
3
1
1
1
0
-1
2
2
0
6
-2
2
5
4
-1
-2
4
2
2
2
1
1
3
1
4
0
-1
2
2
1
2
5
-1
-3
3
1
-1
-1
-2
-1
0
-1
-4
-2
0
-2
-2
0
-4
-5
-4
-1
-1
-1
-2
-3
-2
-6
-3
-3
-2
-2
-1
0
-7
-2
2
-2
-7
-2
0
-2
-4
1
-3
-2
2
-6
-1
1
1
0
0
0
-3
-1
2
-1
-1
-3
-2
-3
0
-1
-1
-1
3
-1
1
5
0
4
-1
1
-3
-2
-3
3
5
1
1
2
3
2
2
-1
0
0
1
-1
-1
3
0
-1
-4
0
-2
1
-1
-6
-2
1
1
0
3
-1
-2
1
-1
-2
1
-2
-2
0
2
0
-1
1
-2
0
0
0
-3
0
-6
-6
0
-3
-1
-4
2
2
-1
1
1
-1
0
-1
-3
-3
-4
-1
-2
1
1
1
4
0
2
-1
-1
0
4
8
7
5
6
2
2
8
5
3
2
0
3
-1
3
2
3
6
4
2
3
5
3
2
4
1
-2
2
-3
4
1
1
3
1
2
2
4
4
2
2
5
1
2
1
2
-3
-7
0
4
1
-1
2
-1
-1
0
2
4
5
3
-1
5
0
1
4
5
2
4
5
4
2
4
3
2
4
0
2
1
2
5
3
3
7
4
2
1
1
4
2
0
1
5
1
0
2
3
4
2
2
1
2
4
1
1
2
4
0
-3
-1
1
2
-1
0
-2
1
3
-2
-2
1
-3
-6
2
2
2
-4
-1
1
-3
-6
-5
0
-3
-2
-2
-2
-9
0
-1
-5
-5
-1
-2
-8
-1
-4
-3
-4
-3
-5
-7
-1
-3
-5
-2
0
-6
-4
-2
-4
-2
-4
-1
-4
0
-1
2
-1
-3
-3
-4
-1
-4
-2
-2
-3
0
6
0
-4
-1
2
5
-3
3
0
1
-1
-3
1
-1
1
-1
-1
1
-2
-3
1
-2
3
-3
-2
1
-4
1
-4
1
3
0
3
-3
-5
-2
-3
0
-3
-3
2
-2
1
0
-3
2
3
-1
-1
-2
-1
1
-2
-2
-2
2
1
1
6
2
3
1
2
2
2
4
-1
2
-4
3
6
6
3
4
9
3
2
1
4
2
-1
2
0
-1
-1
1
0
-2
-2
-2
-3
-5
-2
-2
0
-2
-3
-2
-1
0
1
-1
-1
1
0
-1
-1
1
-5
-2
-4
-2
-1
-3
-4
-6
-1
-1
0
0
-4
-13
-4
-4
0
-4
-2
-2
-4
1
-5
-6
-6
1
-4
4
2
4
2
-2
4
-1
5
-3
0
-2
2
5
2
-2
-3
4
1
-2
-2
6
5
3
0
0
6
1
-3
0
4
4
2
5
1
3
5
7
-1
1
3
-3
0
-2
7
5
4
2
3
6
1
-1
4
2
3
7
3
1
1
0
-1
3
2
-2
1
4
6
-2
1
2
1
3
-3
5
0
0
-1
2
2
-3
3
3
2
-4
0
0
-1
3
-1
0
3
4
4
-6
-4
-3
-3
-1
-2
0
1
-1
0
-1
-1
2
-1
1
-1
3
-2
-1
-2
1
2
1
0
-2
0
1
-3
-2
-1
1
2
-2
-2
-1
2
-1
-2
-4
0
-1
-5
-1
-7
-3
1
0
-7
-4
3
0
1
0
2
1
-2
-4
-3
-2
-5
-4
1
0
-2
-3
-2
-3
-2
0
-3
-3
-1
-6
-5
-1
2
-3
-3
-4
-1
-2
-3
-1
0
-3
0
-3
1
-3
-7
-2
-5
-3
0
-4
-4
-2
-2
-2
-3
-2
0
-2
-1
-3
-4
-1
-6
2
-1
-3
-2
-1
2
0
-3
0
-3
-3
3
-2
1
5
0
2
1
-4
-3
2
4
-2
0
0
2
-1
-3
-2
0
2
-2
1
3
2
-1
-2
-5
2
4
-2
-1
-1
2
4
3
3
2
3
0
0
5
0
3
2
1
2
0
2
4
5
0
0
4
4
2
3
-1
1
3
6
3
-1
4
2
3
-1
1
4
0
1
2
0
2
2
2
2
3
3
4
1
5
2
1
4
1
3
4
3
4
2
2
4
2
4
2
4
5
2
6
3
4
1
5
7
7
4
5
7
3
1
-1
3
1
3
1
4
4
3
2
3
3
-1
-2
1
5
-1
-1
-2
3
2
-1
3
1
0
3
6
3
1
0
0
2
2
2
-1
-1
1
-3
0
1
-3
-3
-3
-1
0
-3
-5
-2
0
2
-5
1
3
-4
-4
-4
-4
-3
-2
0
-4
-2
-1
-3
-3
-2
0
-1
-1
0
4
-1
-1
-3
-4
-2
-3
0
-3
1
-1
-3
-3
-5
-1
-1
0
-2
0
-4
-5
2
-2
-3
-1
1
-1
-5
1
-6
-3
-4
-3
0
-1
-1
-3
1
-3
-3
-1
1
-4
-4
2
-2
0
0
-4
-3
-2
-2
-1
1
2
1
-1
1
-2
1
-3
-6
-2
-1
-1
-3
-5
-5
-1
-4
-3
-4
-5
-4
-3
-2
-6
-7
-5
-3
-4
-2
-6
-2
-1
-4
-3
-3
0
1
-2
-3
-1
3
2
-1
0
3
5
-1
-4
1
4
2
5
1
-3
6
4
-1
0
2
2
2
-2
0
2
2
0
-3
5
2
0
0
2
0
3
2
-7
-6
0
-3
-7
-4
0
1
0
2
1
3
5
-2
-5
-1
-1
2
2
-3
-2
3
3
-1
-3
1
4
0
2
1
-1
2
1
-1
3
1
1
0
-2
0
1
3
2
-2
0
1
3
1
0
-1
0
0
-1
-4
-2
3
0
-3
-2
2
0
-2
-1
-1
-2
0
1
5
2
4
0
0
-3
0
1
-1
-2
0
2
-2
3
4
5
2
4
3
-2
3
2
-3
-1
4
-3
-4
0
1
0
2
5
-1
-1
0
4
0
-1
2
0
-4
-3
1
1
2
1
-2
0
0
2
1
0
4
1
0
-1
0
1
1
2
2
1
3
5
3
-1
0
4
2
1
-4
-1
0
1
2
1
5
2
0
0
0
-1
-2
-6
-3
1
6
3
-2
-1
3
1
0
-3
-3
-2
-1
2
-1
3
2
1
0
5
0
-2
-1
1
1
-1
-1
-2
0
2
4
-2
4
1
2
3
-1
-4
-4
-1
-2
-2
-2
-3
-5
-3
-2
-6
-4
-3
-3
-1
2
1
1
1
0
-1
1
-1
-5
-3
-2
-1
-5
4
3
-3
3
7
2
-2
3
-2
0
1
3
-1
5
5
6
8
5
6
4
6
-2
-2
1
1
3
4
5
2
8
5
5
3
4
0
-4
-4
-2
-4
-2
2
5
5
5
2
0
2
-3
-2
-5
1
-1
-1
-5
4
3
5
5
-2
2
2
6
-2
-1
-2
1
2
1
-3
-3
-3
-5
0
-2
-1
-5
1
0
-2
0
1
-1
-3
2
-4
-2
1
-1
-2
0
0
1
-3
-2
-1
-1
0
-6
-2
-4
0
-5
0
-4
1
1
1
2
-7
-2
-3
0
-3
2
-4
-3
1
0
1
-3
1
-4
-1
-5
0
-4
3
1
-5
4
-2
2
-6
-3
-5
-4
-2
-3
2
0
0
-3
2
0
0
-1
-1
-4
-1
3
0
-1
2
0
2
5
1
5
-1
3
4
4
5
5
6
3
3
0
6
11
10
9
7
11
1
2
5
1
3
7
10
1
7
1
3
-1
-1
4
3
6
3
2
1
2
0
5
0
-3
-4
-7
-1
-4
4
0
2
4
6
3
-1
2
-5
-2
-1
0
2
6
2
3
5
5
3
3
3
-3
-2
-1
0
1
3
5
3
6
7
3
0
0
0
2
1
5
2
1
6
2
2
3
-5
-1
-2
-1
4
3
0
-5
-5
-1
2
-6
-1
4
3
-2
-2
-2
-3
-1
-6
-5
1
2
-1
-4
-4
1
-3
-2
-7
-3
-1
-2
-7
-6
-2
-3
-3
-4
-3
-9
-5
-9
-5
-1
2
0
-6
-2
-5
-6
-7
-6
-6
-7
-5
-7
-7
-5
-7
-5
-5
-6
-3
-7
-3
-4
-6
-1
-3
-1
-6
0
-2
-7
-4
-4
-2
-3
-7
-9
-1
-8
-2
-2
-1
-1
-3
0
-5
1
0
2
-1
-4
-6
-3
-2
-4
3
6
7
3
2
4
0
-4
-9
-12
-10
-6
-7
-2
0
2
4
5
7
2
-1
-3
-7
-6
2
-3
3
4
-3
1
-3
-4
4
5
9
9
8
8
0
0
6
1
1
-5
2
4
-1
3
-3
4
-2
0
-3
0
-1
1
2
4
6
-3
7
-1
0
0
-1
1
-1
-4
-1
-1
-1
6
4
8
3
-2
2
5
