201
203
201
194
187
176
162
145
123
98
73
43
15
-15
-46
-76
-103
-128
-155
-180
-202
-220
-233
-238
-238
-232
-223
-205
-185
-162
-137
-110
-84
-51
-15
26
70
111
148
180
211
234
246
257
267
271
274
277
277
271
261
245
219
186
148
109
65
24
-17
-52
-87
-121
-154
-188
-219
-250
-280
-307
-326
-339
-346
-342
-335
-321
-303
-281
-255
-225
-191
-154
-115
-70
-26
20
66
111
153
188
223
253
282
306
322
333
333
330
320
305
288
263
236
205
170
134
92
50
4
-40
-80
-116
-148
-176
-203
-228
-251
-270
-286
-303
-312
-318
-319
-314
-309
-300
-289
-276
-262
-246
-227
-207
-185
-154
-123
-88
-50
-15
21
56
90
124
157
188
219
248
276
299
319
329
330
326
313
294
273
246
216
183
151
118
82
44
3
-37
-73
-102
-129
-148
-164
-179
-187
-192
-192
-193
-192
-190
-186
-178
-169
-158
-151
-142
-138
-135
-132
-130
-126
-118
-111
-100
-83
-64
-47
-30
-11
6
27
55
83
110
138
168
198
223
246
265
276
282
285
285
282
271
259
243
224
205
184
162
135
109
84
59
38
19
1
-17
-33
-47
-59
-69
-79
-88
-95
-103
-109
-116
-123
-129
-137
-143
-148
-153
-158
-158
-159
-163
-165
-166
-167
-164
-156
-147
-138
-125
-115
-104
-90
-75
-62
-46
-33
-14
9
34
59
82
104
122
138
154
167
178
186
195
202
210
216
219
213
205
190
174
157
137
118
100
82
65
48
30
10
-14
-36
-57
-73
-88
-99
-108
-115
-119
-120
-122
-125
-129
-135
-140
-143
-148
-150
-155
-158
-163
-168
-174
-183
-191
-199
-207
-209
-207
-202
-195
-188
-181
-171
-159
-145
-126
-105
-81
-53
-22
10
38
61
82
102
121
138
153
166
175
186
195
204
208
203
194
183
170
157
148
136
123
110
97
83
69
50
30
10
-8
-18
-23
-22
-20
-18
-16
-11
1
11
19
29
44
62
85
110
132
151
164
172
179
184
181
176
161
143
129
111
86
57
12
-39
-90
-141
-192
-239
-287
-333
-366
-393
-409
-427
-440
-451
-454
-442
-426
-395
-365
-325
-274
-214
-147
-76
-8
51
112
176
237
294
347
391
433
473
510
539
559
568
560
550
532
511
485
453
417
379
341
304
263
218
171
117
69
24
-21
-61
-100
-132
-153
-169
-176
-183
-193
-202
-210
-210
-208
-208
-208
-209
-209
-200
-190
-179
-177
-185
-194
-212
-223
-237
-256
-275
-299
-315
-320
-322
-321
-331
-349
-362
-371
-369
-364
-358
-347
-329
-293
-245
-188
-134
-93
-55
-15
30
83
134
178
224
273
331
388
440
474
490
493
491
486
477
461
436
408
380
351
321
281
234
181
120
69
18
-27
-62
-95
-119
-138
-140
-141
-141
-138
-140
-141
-135
-125
-111
-93
-74
-51
-25
8
38
65
76
80
74
65
55
40
18
-4
-21
-42
-61
-85
-122
-164
-209
-255
-308
-356
-407
-453
-484
-513
-530
-553
-569
-583
-592
-594
-598
-590
-575
-542
-490
-423
-351
-280
-200
-108
-15
83
173
257
340
433
533
627
715
779
834
885
932
966
982
975
944
902
864
817
756
687
610
528
456
390
318
244
165
83
4
-64
-115
-164
-198
-221
-240
-253
-242
-225
-205
-193
-189
-193
-173
-121
-66
-10
26
46
64
98
135
149
131
95
53
30
34
27
-10
-65
-134
-199
-249
-304
-378
-465
-551
-624
-663
-693
-727
-764
-815
-848
-855
-857
-855
-848
-848
-822
-772
-702
-633
-570
-500
-431
-344
-222
-83
30
139
251
356
485
636
768
852
919
976
1015
1079
1147
1167
1134
1093
1043
971
925
866
749
631
530
424
325
243
141
8
-90
-154
-225
-281
-318
-372
-413
-394
-367
-365
-336
-305
-285
-226
-148
-95
-59
0
64
121
181
228
225
230
274
302
303
296
256
200
172
150
94
-6
-101
-216
-315
-366
-442
-547
-652
-746
-816
-864
-896
-970
-1041
-1084
-1103
-1085
-1073
-1068
-1090
-1080
-1037
-983
-903
-847
-791
-726
-632
-517
-409
-283
-160
-10
191
356
484
600
730
878
1063
1224
1281
1294
1313
1366
1440
1515
1517
1397
1287
1216
1145
1094
1014
849
651
513
413
298
191
75
-69
-180
-227
-279
-364
-432
-487
-521
-506
-458
-456
-468
-429
-370
-305
-216
-136
-98
-30
82
178
253
327
376
398
464
513
513
484
443
393
344
317
257
143
19
-89
-203
-295
-381
-503
-635
-754
-842
-907
-969
-1011
-1080
-1171
-1211
-1236
-1228
-1199
-1189
-1214
-1241
-1214
-1147
-1055
-967
-906
-884
-822
-682
-522
-382
-260
-161
-70
111
369
544
666
800
889
1017
1242
1410
1427
1414
1414
1404
1454
1548
1535
1385
1288
1222
1116
1070
1011
817
614
494
394
281
191
100
-52
-148
-148
-190
-282
-334
-408
-465
-410
-356
-337
-333
-303
-255
-173
-70
3
36
95
163
244
340
399
466
527
585
635
660
637
573
517
475
403
327
235
89
-51
-152
-270
-403
-528
-680
-827
-949
-1027
-1116
-1206
-1275
-1355
-1404
-1376
-1363
-1363
-1355
-1375
-1334
-1268
-1188
-1094
-1055
-1051
-1002
-906
-804
-665
-550
-492
-437
-347
-199
-82
59
185
238
349
510
702
827
980
1098
1106
1217
1366
1447
1480
1507
1495
1447
1489
1529
1484
1379
1305
1204
1071
1062
1001
840
703
586
475
351
290
200
35
-43
-100
-186
-250
-281
-338
-420
-423
-405
-405
-405
-391
-388
-373
-249
-154
-108
-62
-12
47
90
218
292
251
267
271
232
255
268
166
51
-27
-132
-241
-311
-407
-556
-673
-761
-873
-952
-1009
-1100
-1176
-1227
-1249
-1266
-1283
-1266
-1237
-1232
-1181
-1145
-1128
-1058
-985
-934
-889
-816
-783
-706
-613
-480
-424
-358
-273
-229
-109
37
158
239
354
566
687
829
964
996
1076
1240
1418
1495
1548
1537
1512
1543
1638
1718
1599
1490
1398
1281
1285
1263
1160
963
780
678
555
465
353
148
-71
-187
-222
-298
-372
-467
-607
-669
-619
-582
-602
-617
-640
-627
-529
-408
-310
-278
-239
-169
-85
56
171
203
223
250
289
337
350
323
244
178
140
100
43
-42
-173
-312
-414
-484
-558
-671
-775
-893
-980
-1012
-1063
-1109
-1148
-1177
-1183
-1208
-1192
-1160
-1126
-1097
-1052
-973
-950
-903
-798
-821
-757
-614
-610
-560
-470
-408
-361
-243
-151
-116
-15
78
231
432
614
756
744
866
1084
1277
1455
1517
1462
1426
1537
1682
1789
1810
1696
1532
1419
1467
1497
1360
1212
980
775
727
680
537
326
128
-34
-133
-167
-225
-412
-597
-648
-623
-532
-507
-599
-742
-743
-593
-453
-344
-312
-355
-335
-177
27
156
196
148
158
246
399
471
414
339
266
269
277
237
130
-34
-164
-237
-292
-373
-525
-710
-864
-939
-972
-1020
-1116
-1227
-1284
-1291
-1248
-1264
-1284
-1317
-1359
-1263
-1192
-1130
-1076
-1076
-1072
-961
-884
-778
-711
-678
-609
-552
-427
-299
-193
-125
-4
279
480
675
738
801
980
1233
1551
1698
1709
1693
1717
1854
2055
2173
2062
1898
1767
1713
1730
1680
1535
1246
984
845
729
627
456
229
5
-155
-182
-245
-337
-495
-658
-675
-640
-579
-595
-661
-717
-673
-567
-490
-387
-344
-315
-244
-92
30
46
130
169
227
374
437
411
381
347
291
303
286
195
48
-75
-171
-283
-370
-522
-707
-849
-958
-1035
-1103
-1194
-1303
-1403
-1464
-1463
-1455
-1449
-1452
-1450
-1461
-1412
-1364
-1286
-1292
-1263
-1105
-1159
-1026
-926
-893
-815
-721
-638
-579
-464
-307
-290
13
656
604
512
786
944
1248
1798
1995
1805
1665
1831
2069
2269
2623
2577
2002
1913
2094
2051
2040
1992
1624
1134
1071
1164
927
646
491
129
-202
-118
-143
-495
-734
-862
-1027
-1022
-836
-902
-1199
-1155
-989
-938
-742
-543
-559
-698
-536
-230
-50
125
235
135
117
383
585
647
693
640
436
374
537
501
317
192
4
-167
-229
-302
-502
-774
-938
-1044
-1160
-1192
-1311
-1534
-1646
-1672
-1640
-1600
-1600
-1629
-1693
-1655
-1459
-1307
-1207
-1155
-1126
-1062
-931
-716
-598
-519
-445
-399
-333
-142
-22
-32
21
110
407
897
996
895
996
1153
1566
2026
2181
2056
1826
1850
2131
2389
2599
2528
2054
1837
1982
2042
2042
1875
1462
1032
863
916
773
465
198
-125
-404
-405
-401
-664
-959
-1146
-1238
-1211
-1150
-1182
-1351
-1369
-1232
-1172
-1071
-842
-732
-713
-536
-285
-29
132
305
396
463
669
799
827
890
934
838
804
836
754
642
497
371
204
67
-30
-228
-392
-534
-681
-860
-996
-1115
-1244
-1296
-1318
-1385
-1446
-1445
-1426
-1437
-1385
-1292
-1266
-1253
-1189
-1094
-1027
-878
-760
-716
-634
-507
-474
-440
-326
-283
-249
-145
-92
-94
36
350
739
739
629
756
880
1248
1725
1819
1663
1550
1593
1765
2058
2264
2106
1655
1503
1654
1633
1631
1505
1111
764
628
612
423
177
-23
-309
-513
-487
-579
-914
-1131
-1209
-1285
-1214
-1194
-1316
-1500
-1385
-1186
-1246
-1003
-927
-907
-734
-533
-344
-87
131
197
391
603
795
893
963
966
950
990
954
976
959
777
645
518
351
205
45
-136
-324
-477
-634
-823
-947
-1033
-1133
-1222
-1281
-1394
-1443
-1457
-1484
-1427
-1388
-1390
-1346
-1283
-1271
-1125
-1047
-1024
-899
-811
-748
-627
-558
-553
-427
-277
-200
-137
-28
-19
111
381
735
945
759
818
961
1212
1651
1820
1652
1499
1498
1666
1917
2102
2054
1710
1442
1564
1662
1653
1623
1259
882
709
662
600
394
135
-170
-435
-534
-542
-688
-926
-1070
-1197
-1231
-1183
-1203
-1325
-1378
-1272
-1000
-914
-812
-669
-763
-515
-106
152
287
426
480
559
843
1102
1121
1034
1075
999
1019
1166
1098
934
749
638
539
436
309
80
-144
-282
-379
-517
-670
-848
-989
-1112
-1182
-1190
-1331
-1480
-1457
-1466
-1469
-1403
-1348
-1423
-1372
-1229
-1222
-1119
-1003
-939
-930
-799
-649
-649
-526
-401
-363
-277
-164
-129
-125
83
402
713
742
671
815
966
1310
1648
1632
1517
1472
1590
1781
2039
2150
1939
1620
1565
1701
1689
1663
1486
1102
881
827
772
590
301
10
-275
-399
-400
-511
-787
-1045
-1199
-1316
-1226
-1194
-1305
-1417
-1366
-1160
-1171
-980
-799
-734
-529
-263
-99
28
265
413
595
869
1016
1001
969
1058
1099
1174
1218
1100
964
783
722
670
544
355
122
-104
-265
-340
-532
-752
-911
-1048
-1167
-1231
-1345
-1546
-1677
-1669
-1642
-1599
-1541
-1623
-1642
-1571
-1456
-1310
-1216
-1173
-1154
-1038
-922
-760
-656
-631
-485
-351
-266
-140
-81
-13
219
480
819
840
747
885
1057
1406
1800
1811
1618
1514
1540
1793
2033
2122
1972
1554
1418
1536
1561
1589
1454
1079
741
581
547
399
187
-42
-336
-525
-569
-664
-906
-1064
-1169
-1260
-1231
-1229
-1315
-1427
-1351
-1169
-1044
-879
-784
-722
-608
-299
-77
44
188
301
495
725
947
941
872
904
931
1008
1069
1010
780
581
507
497
496
323
62
-207
-381
-413
-455
-584
-786
-948
-1104
-1155
-1126
-1221
-1341
-1437
-1459
-1432
-1383
-1342
-1353
-1332
-1232
-1085
-1017
-908
-858
-821
-716
-616
-480
-405
-317
-261
-225
-121
-13
44
221
359
629
708
598
804
1012
1258
1558
1632
1488
1397
1516
1732
1945
2040
1970
1617
1433
1573
1595
1579
1476
1152
813
654
610
472
246
16
-252
-490
-608
-654
-847
-1043
-1100
-1218
-1276
-1268
-1325
-1453
-1389
-1282
-1098
-960
-930
-722
-767
-545
-146
35
160
282
378
499
753
981
1054
1013
1090
1090
1042
1215
1141
951
883
778
703
562
425
286
74
-49
-144
-353
-557
-690
-832
-938
-966
-1052
-1208
-1351
-1347
-1343
-1329
-1251
-1273
-1352
-1328
-1199
-1140
-1073
-967
-982
-986
-853
-796
-692
-569
-500
-443
-396
-227
-130
-4
256
521
690
627
770
949
1203
1525
1686
1608
1523
1570
1650
1886
2046
1984
1733
1508
1525
1533
1461
1414
1154
812
597
467
340
137
-77
-359
-594
-755
-853
-1023
-1213
-1278
-1393
-1427
-1420
-1465
-1537
-1507
-1419
-1216
-1081
-991
-782
-750
-565
-186
100
284
436
552
669
898
1141
1266
1256
1328
1308
1257
1385
1381
1235
1089
965
859
750
583
420
241
69
-70
-268
-485
-695
-848
-976
-1096
-1162
-1321
-1490
-1512
-1539
-1542
-1496
-1484
-1534
-1542
-1470
-1390
-1296
-1211
-1140
-1142
-1070
-956
-828
-672
-582
-494
-486
-353
-229
-19
243
436
690
611
675
938
1166
1420
1593
1533
1400
1435
1585
1760
1875
1854
1671
1375
1348
1397
1283
1233
1017
678
421
266
184
10
-185
-358
-602
-778
-825
-940
-1094
-1138
-1224
-1284
-1246
-1252
-1239
-1240
-1111
-974
-832
-446
-456
-405
-157
-101
254
669
739
759
936
1013
1137
1456
1558
1459
1370
1349
1246
1296
1351
1074
878
734
565
419
317
131
-161
-374
-568
-759
-885
-1052
-1226
-1347
-1461
-1518
-1511
-1635
-1679
-1579
-1617
-1539
-1457
-1488
-1456
-1346
-1244
-1159
-1037
-974
-974
-933
-738
-595
-471
-359
-315
-275
-94
201
406
711
717
683
860
1100
1418
1625
1621
1501
1439
1527
1692
1834
1810
1698
1453
1344
1407
1319
1223
1036
799
586
447
367
173
-19
-195
-368
-497
-604
-706
-907
-1012
-1043
-1046
-1010
-1025
-1086
-1124
-1073
-906
-785
-634
-381
-393
-217
19
155
465
723
778
921
1109
1139
1275
1398
1449
1415
1391
1378
1229
1226
1139
924
829
659
425
229
64
-90
-229
-403
-627
-849
-1030
-1166
-1267
-1321
-1448
-1535
-1593
-1660
-1626
-1604
-1627
-1614
-1582
-1539
-1476
-1366
-1279
-1213
-1116
-1026
-964
-874
-779
-682
-539
-423
-334
-227
-12
190
538
658
597
733
899
1176
1469
1583
1496
1398
1487
1633
1777
1862
1776
1492
1333
1405
1355
1299
1188
928
682
520
451
245
-8
-158
-350
-493
-543
-626
-843
-1046
-1087
-1119
-1063
-1002
-1062
-1161
-1130
-952
-799
-634
-477
-416
-335
-118
142
343
488
633
750
955
1189
1281
1265
1247
1292
1333
1370
1337
1172
971
828
791
728
574
332
29
-199
-290
-363
-534
-756
-1030
-1206
-1276
-1309
-1359
-1529
-1681
-1758
-1754
-1689
-1613
-1600
-1635
-1616
-1499
-1431
-1346
-1234
-1210
-1099
-989
-869
-796
-672
-541
-436
-318
-162
87
226
568
665
670
910
1074
1314
1546
1610
1563
1523
1631
1774
1867
1842
1746
1494
1348
1413
1307
1207
1034
773
615
483
441
244
-24
-229
-409
-516
-565
-614
-829
-1001
-1043
-1059
-981
-950
-995
-1060
-1069
-906
-785
-613
-456
-378
-214
-70
181
399
489
668
813
971
1184
1299
1271
1231
1244
1293
1345
1329
1233
959
748
673
579
547
344
34
-235
-447
-507
-582
-756
-942
-1138
-1295
-1379
-1434
-1490
-1580
-1634
-1672
-1673
-1602
-1543
-1538
-1503
-1421
-1354
-1300
-1261
-1172
-1087
-974
-832
-767
-683
-605
-463
-350
-122
160
389
621
558
707
986
1225
1556
1671
1593
1501
1533
1700
1877
1989
1890
1614
1359
1408
1469
1393
1285
985
695
524
473
412
187
-8
-229
-443
-485
-524
-649
-862
-968
-994
-1020
-950
-952
-1040
-1076
-948
-842
-722
-546
-419
-295
-154
118
290
486
660
731
874
1033
1178
1270
1326
1324
1278
1207
1169
1183
1065
892
691
496
355
235
138
-94
-315
-518
-726
-836
-932
-1051
-1199
-1353
-1490
-1599
-1653
-1637
-1622
-1629
-1583
-1581
-1579
-1478
-1418
-1290
-1191
-1111
-1074
-1072
-955
-867
-735
-564
-470
-414
-356
-193
126
354
685
787
708
915
1171
1421
1675
1756
1621
1515
1590
1764
1867
1861
1775
1466
1288
1364
1309
1218
1045
781
533
376
361
217
-16
-182
-360
-513
-598
-651
-837
-987
-983
-978
-979
-983
-969
-1077
-1025
-808
-748
-600
-448
-365
-223
37
283
420
573
696
796
971
1149
1226
1210
1215
1182
1148
1129
1032
928
760
599
484
322
134
-66
-240
-401
-508
-641
-844
-1020
-1136
-1254
-1337
-1374
-1498
-1633
-1676
-1691
-1663
-1603
-1576
-1547
-1545
-1464
-1346
-1239
-1163
-1053
-1052
-1026
-862
-784
-640
-532
-423
-342
-182
114
453
711
707
831
997
1257
1595
1768
1738
1647
1606
1688
1852
1976
1966
1708
1453
1436
1446
1396
1331
1077
771
582
494
398
183
-35
-241
-435
-483
-499
-641
-859
-990
-1061
-1037
-931
-927
-1043
-1110
-1010
-884
-719
-501
-402
-357
-213
24
187
443
677
698
846
979
1009
1063
1170
1202
1140
1118
1040
917
798
694
554
435
321
90
-114
-282
-414
-516
-655
-801
-961
-1119
-1253
-1320
-1377
-1491
-1524
-1539
-1578
-1566
-1524
-1451
-1408
-1312
-1221
-1226
-1111
-1045
-1016
-898
-801
-701
-654
-517
-432
-340
-219
36
283
590
788
745
919
1167
1433
1738
1847
1785
1690
1686
1845
1961
2004
1946
1694
1513
1514
1489
1408
1264
1003
723
536
458
323
63
-142
-322
-466
-506
-546
-717
-951
-1081
-1140
-1072
-1011
-1029
-1121
-1172
-1029
-936
-763
-562
-468
-361
-199
-5
249
435
559
689
813
953
1070
1067
1047
1038
1033
1026
1006
938
739
534
435
316
187
61
-150
-376
-546
-658
-766
-865
-966
-1138
-1304
-1402
-1460
-1502
-1505
-1506
-1539
-1555
-1500
-1452
-1413
-1336
-1280
-1184
-1108
-1022
-974
-896
-797
-732
-637
-519
-388
-363
-186
121
318
719
870
857
1041
1240
1491
1736
1875
1846
1775
1810
1925
1962
1911
1846
1590
1433
1475
1387
1261
1082
824
592
445
361
167
-128
-350
-512
-627
-661
-707
-921
-1094
-1182
-1198
-1128
-1066
-1056
-1128
-1124
-1026
-907
-718
-511
-371
-251
-105
57
259
443
592
730
820
899
966
1018
989
983
939
850
806
719
612
442
307
150
-24
-124
-259
-457
-629
-777
-917
-975
-1034
-1151
-1264
-1392
-1463
-1468
-1407
-1335
-1338
-1315
-1317
-1249
-1139
-1077
-973
-943
-912
-820
-752
-638
-537
-456
-396
-315
-177
67
207
458
651
655
892
1174
1408
1628
1744
1731
1699
1818
1958
2005
1970
1881
1678
1477
1491
1431
1272
1116
864
616
413
344
238
5
-195
-409
-596
-707
-714
-805
-986
-1062
-1132
-1178
-1104
-1034
-1025
-1046
-989
-884
-803
-647
-505
-395
-262
-63
100
254
425
546
687
779
858
912
900
932
950
918
832
729
606
458
353
259
88
-89
-225
-368
-494
-602
-717
-862
-955
-1039
-1133
-1186
-1210
-1231
-1247
-1232
-1214
-1158
-1130
-1077
-1016
-965
-883
-870
-830
-775
-715
-626
-567
-516
-434
-369
-292
-116
120
261
540
637
691
939
1229
1489
1632
1709
1663
1648
1827
2002
2026
1962
1862
1597
1452
1526
1432
1266
1084
858
620
470
427
242
6
-150
-330
-499
-592
-642
-796
-912
-952
-1027
-1058
-1064
-1012
-1017
-991
-866
-813
-741
-582
-431
-286
-145
18
156
247
429
564
650
776
827
795
795
789
717
644
548
436
302
189
118
-25
-153
-269
-438
-545
-635
-727
-812
-910
-1035
-1141
-1205
-1226
-1210
-1229
-1278
-1277
-1267
-1229
-1112
-1062
-1003
-951
-920
-832
-754
-684
-633
-591
-553
-452
-376
-252
-140
12
152
326
590
644
749
932
1116
1300
1501
1584
1518
1543
1653
1720
1757
1774
1661
1393
1346
1342
1181
1104
941
669
429
318
236
47
-107
-259
-462
-586
-610
-664
-818
-878
-931
-1009
-961
-851
-790
-799
-741
-641
-539
-410
-231
-154
-157
14
122
177
350
420
417
459
538
549
533
555
502
404
362
296
155
57
-49
-187
-271
-376
-529
-679
-781
-853
-890
-920
-990
-1080
-1110
-1134
-1076
-992
-969
-972
-979
-945
-878
-752
-660
-670
-639
-604
-602
-468
-366
-326
-306
-246
-169
-54
126
277
328
464
654
758
948
1144
1217
1311
1428
1499
1569
1633
1697
1663
1595
1609
1505
1383
1351
1255
1101
962
827
645
476
376
250
73
-48
-162
-309
-427
-454
-514
-621
-609
-617
-691
-631
-593
-603
-515
-447
-348
-311
-244
-137
-124
-58
34
25
45
103
85
84
98
123
111
77
68
10
-62
-102
-174
-247
-330
-444
-561
-683
-759
-795
-882
-950
-1004
-1070
-1036
-991
-950
-906
-915
-883
-825
-790
-656
-611
-601
-596
-584
-507
-420
-348
-307
-327
-311
-208
-130
-24
64
143
196
288
446
634
741
841
926
971
1120
1273
1353
1374
1362
1358
1338
1379
1443
1399
1283
1177
1089
992
940
858
702
536
417
316
186
102
4
-104
-183
-224
-255
-329
-342
-358
-368
-291
-245
-235
-272
-307
-262
-221
-138
-72
-121
-176
-184
-199
-148
-90
-108
-171
-253
-271
-268
-266
-254
-341
-413
-461
-484
-514
-586
-663
-773
-830
-840
-866
-921
-986
-1029
-1039
-962
-905
-862
-890
-921
-822
-748
-616
-515
-543
-572
-513
-454
-361
-254
-224
-264
-226
-128
-31
66
140
178
253
411
550
658
755
825
847
980
1127
1198
1247
1258
1192
1188
1272
1316
1306
1260
1167
1050
1014
1035
979
873
764
626
498
456
430
338
236
162
105
89
105
67
10
-5
6
15
22
-15
-60
-122
-110
-66
-74
-114
-197
-248
-272
-225
-207
-261
-335
-417
-488
-506
-491
-539
-612
-694
-758
-791
-835
-886
-943
-1007
-1030
-1055
-1090
-1128
-1181
-1162
-1119
-1072
-1025
-992
-1032
-969
-867
-770
-642
-599
-571
-572
-470
-365
-279
-202
-153
-159
-114
-15
58
120
205
249
321
443
575
642
686
783
862
990
1110
1182
1139
1132
1170
1193
1281
1322
1262
1134
1063
1053
1043
1078
1049
921
816
766
762
761
752
684
577
517
499
478
414
357
252
180
178
164
133
54
-22
-76
-106
-97
-128
-191
-270
-320
-359
-363
-388
-462
-539
-627
-670
-686
-716
-791
-865
-945
-1013
-1033
-1041
-1083
-1142
-1181
-1200
-1215
-1177
-1149
-1155
-1136
-1100
-1052
-1011
-917
-898
-869
-788
-731
-654
-621
-538
-482
-398
-290
-229
-167
-117
-36
44
140
242
308
372
475
561
691
777
894
948
1037
1142
1204
1282
1308
1329
1326
1368
1403
1386
1370
1324
1257
1231
1233
1219
1145
1086
1002
935
922
894
831
747
674
615
542
515
462
370
300
237
192
139
109
37
-32
-75
-116
-151
-202
-243
-315
-375
-385
-425
-461
-509
-581
-650
-705
-752
-821
-891
-970
-1065
-1124
-1163
-1196
-1233
-1292
-1340
-1360
-1359
-1337
-1304
-1309
-1312
-1326
-1269
-1207
-1146
-1076
-1051
-1037
-966
-850
-782
-653
-562
-538
-428
-311
-197
-100
4
86
137
300
396
498
575
630
699
779
894
943
977
1005
1048
1094
1133
1172
1162
1158
1174
1195
1210
1198
1184
1138
1112
1135
1135
1087
1040
989
922
899
892
838
762
693
622
541
497
446
354
276
200
114
47
3
-59
-123
-176
-219
-272
-312
-337
-371
-406
-441
-488
-532
-570
-603
-655
-720
-772
-836
-904
-938
-975
-1038
-1077
-1122
-1166
-1178
-1180
-1181
-1217
-1215
-1217
-1218
-1172
-1143
-1110
-1087
-1043
-1024
-969
-891
-838
-731
-676
-596
-499
-432
-313
-214
-75
1
72
176
251
368
493
577
608
683
762
819
914
973
970
965
996
1042
1064
1097
1087
1045
1063
1088
1114
1105
1088
1045
1023
1047
1062
1031
959
894
854
845
837
803
701
595
538
515
495
457
373
248
159
140
103
76
20
-69
-157
-195
-190
-231
-253
-300
-359
-402
-393
-395
-448
-476
-527
-564
-571
-591
-625
-698
-752
-795
-816
-826
-860
-906
-969
-1007
-1009
-997
-993
-1000
-1014
-1036
-1009
-964
-936
-899
-877
-836
-812
-731
-661
-625
-579
-506
-420
-327
-245
-196
-144
-77
19
120
193
257
304
338
407
501
580
602
645
690
717
772
825
848
836
883
897
910
956
977
950
943
973
946
935
938
910
870
839
812
754
717
693
639
577
508
439
364
325
272
197
123
52
0
-58
-104
-143
-183
-254
-294
-306
-326
-340
-369
-392
-420
-411
-402
-399
-387
-402
-424
-434
-412
-408
-427
-437
-485
-510
-522
-550
-576
-605
-627
-669
-682
-698
-736
-742
-752
-754
-751
-735
-738
-767
-738
-716
-667
-620
-596
-590
-552
-462
-395
-327
-259
-223
-166
-86
24
93
130
176
226
359
452
527
550
557
612
665
760
814
829
806
797
873
919
939
924
897
899
904
933
880
829
789
730
742
733
680
552
452
414
408
411
343
219
97
23
11
16
-9
-90
-205
-268
-292
-271
-286
-342
-409
-453
-454
-441
-435
-468
-496
-492
-483
-458
-441
-451
-465
-470
-435
-417
-405
-424
-438
-431
-418
-394
-399
-403
-419
-436
-430
-405
-389
-406
-423
-422
-411
-401
-398
-396
-392
-393
-381
-359
-328
-280
-279
-263
-212
-157
-131
-114
-73
-31
5
21
68
124
153
193
248
308
345
382
435
497
555
565
578
614
660
686
674
683
673
643
628
651
653
624
588
550
554
552
520
484
459
427
372
328
288
234
173
117
75
23
-49
-120
-153
-175
-214
-257
-298
-334
-360
-364
-375
-387
-389
-413
-427
-390
-367
-385
-401
-366
-328
-314
-283
-278
-278
-254
-224
-203
-194
-176
-190
-193
-146
-132
-128
-130
-113
-104
-104
-97
-118
-121
-125
-129
-135
-156
-182
-205
-212
-199
-191
-208
-218
-197
-166
-136
-108
-87
-64
-11
74
148
159
173
216
288
361
409
415
405
451
505
560
594
583
543
534
587
635
630
566
487
469
493
521
483
407
331
291
308
313
286
196
99
67
86
97
36
-67
-151
-181
-152
-133
-174
-263
-323
-337
-318
-274
-281
-332
-379
-378
-333
-290
-270
-297
-328
-307
-269
-252
-252
-255
-249
-225
-201
-183
-183
-178
-175
-165
-137
-143
-174
-186
-173
-157
-161
-183
-205
-209
-195
-200
-216
-233
-258
-271
-258
-236
-253
-284
-302
-277
-230
-208
-217
-238
-234
-188
-132
-86
-66
-63
-52
-8
80
151
174
174
183
235
299
350
367
356
361
383
411
442
448
422
401
396
422
433
421
387
354
339
340
342
312
266
222
186
169
156
128
87
41
5
-13
-22
-33
-71
-112
-124
-130
-138
-150
-161
-172
-180
-179
-170
-152
-142
-161
-171
-138
-104
-103
-112
-113
-102
-97
-86
-63
-58
-64
-83
-84
-63
-65
-84
-94
-80
-72
-82
-104
-116
-108
-116
-117
-118
-130
-157
-176
-164
-141
-130
-147
-165
-155
-132
-102
-83
-71
-68
-63
-30
10
50
67
69
84
124
173
207
216
226
241
275
316
343
351
342
341
362
388
393
383
361
347
345
346
335
311
277
242
222
213
195
154
120
96
77
57
32
0
-40
-75
-97
-116
-140
-177
-219
-237
-245
-252
-268
-280
-294
-316
-316
-302
-287
-292
-293
-291
-272
-248
-239
-230
-215
-199
-192
-180
-153
-141
-147
-135
-117
-103
-106
-112
-106
-95
-92
-89
-90
-96
-100
-104
-94
-79
-86
-105
-117
-107
-95
-94
-105
-109
-108
-105
-92
-77
-68
-74
-69
-44
-16
1
6
11
31
62
92
113
131
145
160
194
226
247
249
249
266
300
317
310
292
277
282
294
295
271
230
199
184
193
192
157
107
64
44
49
48
22
-19
-59
-83
-86
-81
-91
-118
-154
-173
-173
-168
-163
-168
-175
-177
-173
-161
-149
-135
-126
-116
-107
-98
-87
-64
-41
-31
-22
-19
-10
1
16
31
38
39
39
44
57
64
64
59
58
53
44
41
41
41
32
26
23
15
11
7
8
2
-2
-13
-18
-11
-6
-8
-9
-10
-9
-2
12
20
22
27
38
57
69
79
88
101
114
125
132
130
128
130
135
142
136
115
97
96
103
103
90
61
34
24
30
30
19
-5
-35
-47
-45
-38
-44
-59
-76
-87
-87
-83
-82
-92
-105
-111
-114
-115
-113
-113
-116
-118
-118
-115
-111
-102
-91
-83
-84
-81
-79
-70
-49
-34
-31
-29
-27
-21
-3
14
17
2
-2
2
9
18
16
2
-10
-13
-14
-10
-10
-24
-39
-39
-38
-42
-53
-65
-77
-83
-76
-76
-81
-91
-98
-93
-76
-66
-68
-65
-54
-37
-23
-6
11
22
34
49
68
81
92
101
112
124
128
124
123
125
122
115
107
98
87
75
68
64
50
34
23
13
9
5
0
-5
-10
-13
-15
-12
-2
-1
-1
2
6
12
23
33
40
42
42
51
58
66
66
62
59
59
63
68
68
59
42
33
34
38
38
23
6
-5
-4
-3
-7
-18
-36
-46
-48
-43
-42
-52
-68
-80
-80
-77
-81
-90
-104
-117
-121
-122
-122
-126
-131
-136
-132
-122
-115
-113
-116
-111
-101
-89
-77
-66
-53
-44
-31
-14
1
15
22
32
53
73
86
92
96
105
113
123
127
124
120
115
114
120
119
110
97
82
80
80
74
63
48
37
31
27
24
18
9
-1
-4
1
5
5
4
8
18
28
31
26
23
25
26
28
27
21
13
3
2
1
-9
-22
-35
-37
-38
-44
-51
-61
-70
-75
-75
-78
-85
-94
-100
-102
-99
-97
-105
-114
-122
-123
-116
-113
-116
-122
-127
-122
-116
-112
-112
-111
-111
-102
-92
-78
-71
-68
-58
-48
-30
-17
-7
-3
4
20
35
51
62
69
79
90
102
113
126
136
141
149
164
174
180
187
190
188
185
177
171
165
158
146
136
128
117
109
99
87
76
62
51
45
42
35
24
15
8
2
-2
-6
-13
-20
-27
-29
-28
-28
-32
-40
-46
-50
-50
-53
-59
