1.000000e-030   4.000000e-001   1.000000e-030   1.000000e-030   1.000000e-030   1.000000e-030   1.000000e-030   1.000000e-030   1.000000e-030   1.000000e-030   1.000000e-030   1.000000e-030   1.000000e-030   2.000000e-001   1.000000e-030   1.000000e-030   1.000000e-030   3.203427e-231   1.000000e-030   1.000000e-030   1.000000e-030   4.000000e-001   1.000000e-030   1.000000e-030   1.000000e-030   1.000000e-030   1.000000e-030   1.000000e-030   1.000000e-030   1.000000e-030   1.000000e-030   1.000000e-030   

1.000000e-030   7.643711e-262   1.000000e-030   1.000000e-030   1.000000e-030   1.000000e-030   1.000000e-030   1.000000e-030   1.000000e-030   1.000000e-030   1.000000e-030   1.000000e-030   1.000000e+000   3.560758e-261   1.960747e-239   3.681179e-242   1.000000e-030   1.000000e-030   1.000000e-030   1.000000e-030   1.000000e-030   8.898408e-230   1.000000e-030   1.000000e-030   1.000000e-030   1.000000e-030   1.000000e-030   1.000000e-030   1.000000e-030   1.000000e-030   1.000000e-030   3.039635e-241   

1.000000e-030   3.338443e-292   3.352625e-238   1.000000e-030   1.000000e-030   1.000000e-030   1.000000e-030   8.563008e-239   1.000000e-030   1.000000e-030   1.000000e-030   1.000000e-030   8.137521e-246   1.000000e-030   2.727273e-001   3.636364e-001   1.000000e-030   1.000000e-030   1.000000e-030   2.381062e-237   1.000000e-030   8.089462e-231   1.000000e-030   1.000000e-030   1.000000e-030   1.000000e-030   1.000000e-030   1.000000e-030   1.000000e-030   1.518421e-236   1.000000e-030   3.636364e-001   

1.000000e-030   2.435642e-232   1.695514e-001   1.000000e-030   1.000000e-030   1.000000e-030   1.000000e-030   3.391028e-001   1.000000e-030   1.000000e-030   1.000000e-030   1.000000e-030   1.000000e-030   1.522429e-001   1.000000e-030   7.476415e-268   1.000000e-030   1.080564e-231   1.000000e-030   1.695514e-001   1.000000e-030   2.155530e-230   1.000000e-030   1.000000e-030   1.000000e-030   1.000000e-030   1.000000e-030   1.000000e-030   1.000000e-030   1.695514e-001   1.000000e-030   1.111023e-238   

1.000000e-030   4.224112e-001   4.478480e-275   1.000000e-030   1.000000e-030   1.000000e-030   1.000000e-030   1.000000e-030   1.000000e-030   1.000000e-030   1.000000e-030   1.000000e-030   1.000000e-030   1.437384e-002   1.000000e-030   1.026941e-298   1.000000e-030   1.408037e-001   1.000000e-030   1.000000e-030   1.000000e-030   4.224112e-001   1.000000e-030   1.000000e-030   1.000000e-030   1.000000e-030   1.000000e-030   1.000000e-030   1.000000e-030   1.604318e-235   1.000000e-030   2.576611e-300   

