-1
-1
-2
-2
-2
-3
-3
-2
-2
-3
-3
-3
-3
-3
-4
-3
-3
-3
-3
-3
-2
-2
-2
-1
-1
-1
-2
-2
-1
-1
0
0
0
0
0
-1
-1
-1
1
-1
-1
0
0
3
2
2
3
2
1
1
0
0
-1
0
0
1
1
2
2
1
0
-2
-1
-1
-1
0
0
1
2
2
1
2
1
2
2
1
1
1
1
1
1
2
2
1
2
2
2
2
2
2
3
1
2
2
2
3
3
3
3
3
5
4
3
3
3
2
2
2
2
2
2
1
1
2
2
1
0
0
1
0
-1
0
0
2
1
1
1
2
1
1
1
1
0
-1
0
-1
-1
-2
-1
-2
-2
-2
-3
-3
-3
-3
-2
-1
-1
-1
0
0
-1
-1
0
-1
-2
-2
-1
-2
-1
-1
-1
0
0
0
1
0
1
1
2
2
1
1
1
2
1
0
1
1
1
1
0
0
1
0
0
1
0
-1
1
0
-1
0
0
0
0
-2
-2
-1
-2
-1
-1
-1
0
-1
-1
-1
-2
-3
-3
-1
-2
-3
-2
-2
-1
-1
-1
-1
-1
0
1
0
-1
0
0
1
1
1
0
0
0
1
0
3
2
3
3
2
4
3
4
4
3
2
4
4
2
3
2
2
2
2
1
1
2
2
1
2
1
2
2
0
1
0
0
0
0
0
-1
-1
0
-1
-2
-2
-2
-2
-1
-3
-2
-1
-2
-1
-2
0
-2
-2
-2
-4
-4
-5
-4
-4
-4
-4
-3
-3
-2
-1
-1
-1
-1
-1
-2
-3
-3
-2
-3
-2
-2
-3
-2
-1
-3
-2
-1
0
-1
-2
-1
-2
-2
-2
-2
-1
-1
0
0
0
-1
-1
-1
-2
-1
0
-1
-1
-1
0
1
0
0
0
-1
-1
-1
0
-1
0
0
1
0
2
1
1
1
2
2
1
0
1
0
0
0
0
-1
0
0
0
-1
-1
-1
-1
0
0
0
0
0
0
1
1
0
1
0
1
1
0
0
0
0
-1
-1
0
-1
-1
0
0
0
1
0
0
0
0
0
-1
-1
0
1
0
0
0
-1
-1
-2
0
1
1
1
0
-1
-1
0
0
0
0
0
1
2
2
1
3
3
3
3
4
4
3
3
4
4
4
4
4
4
4
3
2
2
3
2
2
3
2
4
4
2
4
2
3
4
3
4
4
4
4
4
3
2
1
1
-1
0
-1
-1
-1
-2
-2
-3
-2
-2
-2
-2
-3
-3
-3
-2
-2
-1
-2
-1
0
-2
-2
-2
-2
-3
-1
-2
-2
-1
-2
-1
0
-1
-2
-1
-1
0
-1
-1
0
-1
-1
-1
0
0
0
0
0
0
-1
-2
-3
-1
0
0
-1
-1
-2
-2
-1
-3
-2
-2
-1
0
-1
-2
-1
-1
0
0
-1
1
0
0
-1
-1
-2
-1
-1
-2
-2
-2
-3
-1
-1
0
0
-1
0
0
-2
-1
-1
0
0
0
1
1
0
1
0
-1
0
0
0
-1
0
-1
-1
1
-1
0
0
0
0
1
0
0
1
2
2
2
3
1
1
1
1
0
0
0
0
0
1
1
0
3
2
2
2
2
3
2
3
2
2
2
2
3
2
4
1
2
3
1
0
1
1
0
1
1
0
1
1
0
0
-1
0
-1
-2
-2
-1
-2
-3
-3
-3
-2
-3
-4
-3
-5
-4
-4
-4
-4
-4
-4
-5
-5
-5
-4
-5
-4
-3
-2
-2
-3
-4
-4
-4
-3
-3
-3
-4
-3
-3
-3
-2
-1
-2
-2
-1
-1
0
0
1
0
0
-1
0
-1
1
1
2
2
2
3
3
3
4
4
4
4
4
4
4
5
5
5
6
5
6
6
6
7
6
6
6
6
5
7
5
6
6
5
6
5
4
3
3
3
3
2
2
1
1
1
0
0
0
1
0
0
0
0
0
0
-1
-1
-1
-2
-1
-1
-2
-1
-2
-2
-2
-2
-3
-2
-2
-2
-1
-2
-1
0
-1
-1
-1
-3
-3
-3
-2
-3
-3
-3
-1
-2
-3
-3
-2
-3
-2
-2
-2
-3
-3
-2
-1
0
0
-1
-1
0
-1
-1
-2
-2
-1
-1
-1
-1
-1
-2
-1
-1
0
1
1
2
1
1
2
1
2
0
1
1
1
0
1
1
0
0
0
0
-1
-1
-3
-2
-2
-2
-2
0
-1
-1
0
-1
-1
0
0
0
-1
-1
0
-1
0
0
-1
-1
-1
0
-1
-1
-1
0
0
0
0
-1
0
0
-1
0
1
0
1
-2
-1
-2
-1
-1
-3
-2
-1
-1
-1
-2
-2
-2
-2
-1
-3
-2
-3
-2
-2
-1
0
1
1
1
1
1
1
1
1
1
1
2
1
1
0
-1
-1
0
-1
-1
0
1
-1
-1
-1
0
0
0
1
0
1
1
2
1
1
2
3
2
2
1
1
1
1
1
0
1
0
1
0
0
0
0
-1
-1
0
-1
0
2
1
0
0
-1
-1
0
0
-1
0
-1
0
-1
-1
0
-1
-1
0
1
1
1
1
1
1
0
0
1
0
0
0
-1
-1
-1
-1
-1
-1
0
0
0
-1
1
0
0
1
1
0
1
1
1
1
2
1
2
2
2
1
2
2
1
2
1
1
2
2
2
3
4
3
3
3
3
3
2
2
1
2
3
3
4
4
4
2
3
4
2
3
2
1
1
1
1
0
0
0
0
0
0
0
-1
-1
1
-1
-1
1
-1
0
-2
-2
-3
-3
-4
-5
-3
-3
-2
-3
-2
-1
0
0
-1
0
-2
-1
-1
-1
-1
0
-1
-1
-1
-1
0
0
0
0
1
1
1
-1
0
0
-2
-1
-1
-1
-2
-3
-1
0
-1
-2
-3
-2
-1
-2
-1
0
-1
0
-1
0
-1
-2
-1
-1
-1
0
0
1
0
0
0
1
0
0
0
-1
0
-2
0
0
0
0
0
0
-1
0
1
-1
-1
-1
-2
-1
-1
0
-1
-1
-1
0
0
-1
-1
-1
-1
-1
-2
-2
-1
-2
-1
0
-2
-1
-1
-1
-1
-1
0
0
0
0
-1
0
0
0
1
-1
-1
-1
0
0
0
1
0
1
1
2
2
1
1
1
0
1
1
1
1
0
1
2
0
1
0
0
0
1
1
-1
1
1
0
0
0
1
1
0
0
0
0
0
0
-1
-2
-2
-3
-3
-3
-4
-4
-4
-3
-4
-3
-3
-3
-3
-4
-4
-4
-4
-4
-3
-4
-1
-1
-2
0
-2
1
0
0
1
1
1
2
2
2
2
2
1
0
2
2
2
4
4
4
3
4
5
5
5
4
4
4
5
5
3
3
3
3
3
4
3
4
4
4
3
4
4
2
4
3
3
3
4
4
4
2
2
2
1
1
0
0
-1
0
0
-1
0
0
-1
0
1
-1
0
-2
0
0
-1
-1
-2
-1
-1
-2
-1
-2
-1
-2
0
-2
-2
-1
-1
-2
-1
-1
-1
-1
0
0
0
1
1
2
1
2
1
1
1
1
1
2
1
1
1
1
1
1
0
0
0
-1
-1
0
1
-1
0
-1
0
-1
-2
-1
-2
-1
-2
-2
-3
-3
-3
-4
-4
-4
-4
-5
-5
-4
-4
-3
-5
-4
-3
-3
-2
-3
-3
-3
-1
-2
-2
-2
-2
-3
-3
-4
-4
-4
-5
-4
-4
-3
-4
-4
-3
-2
-4
-3
-3
-3
-3
-2
-2
0
-2
-1
-1
0
-1
0
-1
-2
-1
-1
-1
0
-1
-1
-1
0
0
0
0
1
1
1
2
2
3
3
3
2
2
3
3
3
2
2
1
1
3
2
2
1
1
2
2
3
2
2
4
2
3
3
4
4
4
3
2
3
3
2
1
1
0
1
0
0
0
1
0
-1
0
0
0
2
2
2
2
3
2
2
1
1
0
0
0
0
0
0
-1
-2
-3
-1
-1
0
0
0
1
1
1
1
1
2
2
1
2
2
1
2
1
2
1
1
1
0
-1
-1
-1
0
-1
0
-1
-1
-1
0
0
-1
0
-1
0
-1
-1
-1
-1
-1
0
0
-1
-1
-1
-1
-1
-1
-1
-1
-2
-2
-2
-4
-2
-1
-1
0
0
-1
0
0
1
2
1
0
0
-1
0
0
1
2
0
1
2
2
2
3
3
4
5
3
4
3
5
5
5
6
4
4
4
3
3
4
4
3
4
3
3
2
4
4
3
3
3
3
2
4
5
5
5
3
5
3
3
2
3
2
2
3
3
2
2
2
2
2
1
1
1
1
1
1
1
1
1
1
0
0
0
1
1
0
1
-1
0
-1
-1
-1
-1
-2
-2
-2
-2
-2
-1
-2
-1
-2
-2
-1
-2
-2
-2
-3
-3
-2
-4
-4
-4
-5
-6
-5
-5
-5
-6
-5
-5
-5
-5
-6
-7
-6
-6
-7
-6
-6
-7
-6
-6
-7
-6
-7
-6
-6
-7
-6
-5
-6
-6
-4
-5
-4
-4
-4
-3
-3
-4
-4
-2
-2
-1
-1
0
1
0
-1
0
1
-1
1
0
1
0
1
1
1
1
1
1
0
1
1
0
2
1
1
1
0
0
1
0
-1
-1
0
0
0
1
0
2
2
0
1
2
0
2
2
2
3
3
4
4
3
2
2
2
2
2
1
0
2
2
2
1
2
2
2
2
1
0
1
0
1
2
1
2
1
1
0
0
0
0
-1
-1
0
1
0
-1
0
0
0
0
0
0
0
-1
0
1
1
2
3
2
2
2
1
3
3
3
3
4
3
3
3
3
3
3
3
4
4
3
2
2
1
1
2
1
1
1
2
1
1
1
1
-1
1
-1
-1
-3
-2
-1
-2
-1
-1
-2
-1
-1
0
-2
-2
-1
-2
-3
-3
-1
-1
-1
-1
-2
-2
-2
-2
-2
-1
-2
-1
-1
-3
-3
-3
-3
-4
-3
-2
-2
-1
-2
-2
-2
-1
-1
-1
-1
-2
-1
-2
-1
-1
-1
-1
-1
-1
1
0
0
2
2
2
2
2
1
1
0
1
0
1
0
-1
0
0
-1
0
-1
0
-1
-1
-2
0
-2
0
0
0
0
1
1
0
1
0
1
0
1
0
0
-1
-1
-1
-1
-1
0
-1
1
0
-1
-1
-1
0
1
1
2
2
1
2
0
-1
0
0
0
2
2
1
0
0
0
0
-1
-2
-3
0
-1
1
1
1
1
1
2
2
1
0
1
1
-2
-1
-1
-1
-2
-1
0
1
1
2
3
1
0
1
1
0
0
1
3
3
3
2
-2
-2
-3
-2
-1
2
3
3
5
4
3
0
-1
-1
0
0
1
2
0
2
0
0
-3
-1
-3
-1
0
0
1
0
-2
-5
-4
-3
-2
-3
-2
0
0
0
-1
-2
-2
-4
-3
0
0
0
2
4
1
1
-2
-3
-2
-3
-1
0
0
-1
-2
-1
-2
-4
-4
-2
-2
0
1
2
1
-1
0
1
2
2
3
2
0
-2
-1
-1
-2
-2
0
1
2
0
0
2
0
-1
-1
-2
-2
-2
0
2
4
3
4
3
1
-1
-2
0
1
3
4
7
5
5
4
5
5
5
5
4
5
4
4
4
3
3
3
2
3
4
4
4
4
5
4
3
1
2
1
2
2
1
-2
-3
-4
-2
0
-1
0
-1
-3
-3
-4
-4
-4
-4
0
1
1
2
3
0
-2
-5
-8
-11
-10
-7
-1
5
7
8
5
3
-1
-4
-7
-6
-4
-3
-2
3
3
4
4
3
0
-3
-3
-3
-3
-1
2
3
4
3
0
2
2
3
2
2
-2
-6
-2
1
2
3
6
7
5
2
-3
-6
-7
-5
-2
3
6
8
10
8
6
1
-3
-4
-2
0
3
5
7
4
0
-4
-6
-7
-7
-5
0
4
5
7
3
-3
-6
-12
-14
-14
-9
-1
8
16
17
12
2
-10
-19
-18
-14
-9
1
9
14
11
6
-4
-13
-17
-16
-13
-6
3
8
10
6
0
-5
-8
-9
-10
-7
-2
0
1
3
7
9
8
7
1
-5
-12
-16
-14
-11
-7
4
15
19
21
15
5
-9
-19
-22
-19
-11
-1
8
14
18
15
5
-5
-15
-20
-22
-16
-5
6
18
27
28
19
3
-14
-25
-32
-29
-16
3
19
24
25
20
3
-15
-27
-32
-26
-16
1
14
21
18
10
-3
-13
-21
-18
-9
-2
4
10
14
10
4
-3
-9
-13
-14
-9
1
13
21
24
18
10
-4
-15
-21
-23
-15
0
11
22
25
26
18
0
-15
-24
-23
-17
-6
12
27
33
26
15
0
-12
-17
-17
-8
3
15
27
27
25
16
7
-2
-12
-16
-14
-5
4
14
22
25
24
15
3
-6
-14
-17
-18
-12
1
14
23
26
20
6
-9
-19
-21
-22
-9
8
19
20
17
12
0
-9
-9
-5
-4
-3
-2
-1
0
-1
2
3
11
13
9
4
-2
-7
-10
-7
-2
8
12
15
11
6
8
7
4
1
2
3
-4
-12
-7
3
12
22
22
16
6
-8
-16
-15
-11
-3
1
0
0
1
-2
-11
-15
-4
6
10
12
12
4
-7
-16
-25
-23
-19
-6
6
11
9
11
11
-2
-6
-5
-6
-10
-14
-15
-13
-15
-11
-7
-8
-9
-12
-7
0
3
2
-3
-4
2
-3
-7
-5
-6
-16
-26
-21
-13
0
10
18
17
11
7
0
-17
-31
-29
-21
-13
-1
14
29
29
9
1
-1
-7
-16
-11
1
2
9
11
3
-14
-22
-17
-5
-2
-2
10
27
27
13
19
7
-22
-33
-19
-8
-3
11
27
22
8
8
-6
-19
-27
-18
9
22
21
14
4
-16
-27
-29
-25
-17
7
32
33
29
15
0
-11
-10
-1
-2
-11
-18
-18
-17
-10
-2
5
9
21
44
34
4
-24
-38
-38
-29
-15
-1
1
-7
-7
14
19
1
5
14
11
3
6
8
-15
-24
-14
-3
-8
1
19
21
6
-4
5
6
-2
-6
8
12
2
-3
-7
-18
-28
-14
12
30
44
53
46
24
-1
-10
-19
-32
-39
-28
5
38
51
48
25
-3
-4
16
19
-1
-4
10
9
7
-4
-1
-1
-20
-19
3
17
9
2
9
17
22
19
-5
-28
-13
14
22
-7
-31
-25
-19
-6
13
45
62
44
5
-22
-26
-22
-22
-22
4
37
59
53
26
-3
-47
-61
-52
-34
6
62
96
82
48
18
-20
-67
-65
-29
-8
4
19
28
21
1
10
8
1
3
-13
-7
10
40
46
-7
-48
-44
-20
-1
14
33
37
27
14
-28
-67
-61
-50
-52
-45
9
47
41
50
62
40
-12
-65
-82
-65
-59
-38
-20
1
32
38
24
-25
-33
-26
-46
-69
-65
-17
54
79
41
13
-27
-39
-68
-95
-104
-94
-41
-3
23
27
25
7
1
-32
-61
-52
-44
-49
-43
-6
7
4
-9
-13
-8
0
-24
-53
-61
-35
-1
13
25
2
-17
-32
-14
12
13
15
-1
-22
-56
-56
-44
-31
-18
8
41
64
67
45
-8
-46
-36
-40
-30
-19
-18
-6
21
26
35
2
-47
-14
9
15
8
14
-11
-12
4
28
24
-18
-18
-1
43
42
37
7
-15
-40
-32
-39
-42
12
70
115
106
79
43
9
-42
-74
-94
-61
-8
21
34
45
56
45
34
-12
-27
-15
29
43
20
21
30
30
5
18
0
-19
-38
-17
-14
-4
50
59
71
85
96
60
30
0
-23
-19
-1
8
30
20
-6
15
36
62
69
73
53
48
51
28
-34
-37
34
71
91
53
19
-38
-73
-44
-12
47
84
104
92
34
-57
-97
-101
-86
-30
26
81
103
103
57
-3
-66
-71
-41
-73
-73
-26
11
-13
-35
-37
-49
-20
38
59
9
-13
-34
-74
-67
-84
-98
-54
57
142
72
-48
-73
-80
-68
-72
-89
-35
65
95
52
-44
-115
-126
-112
-90
-27
80
164
184
139
43
-71
-134
-203
-163
-74
15
84
120
121
109
76
-15
-78
-106
-56
8
37
25
16
45
-4
-122
-146
-101
-36
59
141
140
88
50
-23
-116
-142
-50
52
111
92
60
21
-29
-92
-145
-112
-26
55
123
163
155
96
-35
-92
-97
-78
-59
-41
-44
-5
80
114
56
-32
-13
28
19
17
46
36
11
-10
-7
21
-20
-52
-13
6
6
55
105
83
55
4
-19
-70
-97
-60
21
51
40
27
-7
-12
-79
-43
-7
-15
7
39
78
63
-14
-58
-24
-37
-61
-91
-82
-81
-21
54
36
16
71
119
91
52
-17
-133
-207
-152
-57
66
75
52
99
80
-9
-90
-178
-123
13
113
167
87
16
65
19
-46
-35
-78
-47
4
51
62
55
25
33
1
-47
-42
-72
-101
-47
27
57
124
129
86
21
-14
-76
-81
-33
-17
31
65
90
-3
-56
-39
-59
-82
-63
-4
0
59
96
87
16
-27
-60
-31
9
-8
37
25
-39
-82
-5
-11
-42
-113
-78
15
26
104
84
52
43
69
-3
10
3
-21
-12
-82
-131
-153
-32
23
36
29
93
58
0
-36
-86
-45
51
180
154
78
-5
10
-29
-145
-240
-202
-75
-4
84
90
69
29
62
67
90
81
44
42
66
149
89
0
-116
-189
-215
-153
-130
-78
0
82
171
195
187
74
-15
-81
-134
-132
-73
-25
47
106
90
100
86
-20
-92
-96
-106
-77
40
55
38
58
64
61
60
41
-26
-66
-18
40
-20
-70
-68
-89
-74
-63
-49
-28
46
90
89
145
144
112
46
-65
-151
-114
-178
-217
-81
41
92
146
112
67
-12
-105
-29
-17
41
108
29
22
21
-82
-102
-57
-27
37
75
76
85
-24
-64
-69
-66
-41
26
41
116
74
-101
-49
-129
-119
70
107
82
81
31
2
18
-8
-20
-15
-54
-65
-121
-62
84
94
89
143
140
92
44
-64
-67
-85
-96
-8
22
-16
21
65
3
-31
-3
42
53
26
10
-102
-143
-75
-42
-16
-88
-93
-16
9
55
102
75
116
140
54
-37
-62
37
25
-20
26
4
-94
-40
-15
-48
-11
43
50
-6
13
-3
-104
-181
-89
31
23
40
91
74
35
-37
-155
-231
-84
130
165
77
90
-14
-129
-180
-124
-29
42
153
165
180
49
12
-97
-159
-140
-121
-84
-24
95
151
102
-53
-82
-150
-166
-104
-114
-43
77
160
152
90
5
-118
-168
-137
-170
-115
174
295
263
321
261
-11
-263
-328
-211
-65
61
160
146
93
-15
-164
-160
-213
-163
77
154
147
136
149
32
-131
-336
-309
-143
4
180
234
226
171
112
0
-65
-102
-103
-100
-101
-82
91
219
230
189
82
49
-50
-131
-137
-66
-51
-34
10
-15
15
77
120
109
82
67
82
15
-52
-80
34
79
30
21
-55
-64
9
73
-45
-117
5
157
233
188
81
7
-2
-75
-148
-203
-172
-137
-48
115
101
1
-94
-100
-55
35
53
11
37
113
105
34
-66
-228
-147
19
-16
12
46
75
47
77
117
92
72
95
25
-118
-132
-177
-158
-143
-68
-34
98
187
76
42
38
35
-66
-73
-54
22
78
-43
-112
-148
-122
-141
-91
-51
31
109
141
108
24
65
78
50
-31
30
32
11
1
-15
30
73
86
74
123
155
98
20
-142
-257
-245
-201
-146
-145
-25
116
197
179
227
129
19
-2
-70
-37
-20
15
-13
1
23
0
-86
-88
-94
-93
25
101
183
170
160
113
104
89
16
-62
-187
-178
-156
-109
-118
-92
102
137
59
41
31
-65
-54
-48
-71
-10
82
109
99
124
110
38
-69
-95
-127
-121
-49
-65
-54
-11
25
12
16
-32
-66
-36
-62
-17
45
117
112
174
192
112
80
34
-101
-195
-178
-142
-71
-35
10
23
63
141
231
155
-2
-4
-34
-33
-57
-144
-195
-255
-199
-106
-78
-16
96
118
79
54
-33
-115
-119
-118
-124
-93
32
115
63
-6
-56
-66
-91
-72
-23
-26
21
142
130
3
-47
-65
-125
-153
-98
-12
44
55
92
44
-3
32
6
-57
-66
-68
-70
-32
17
54
-37
-109
-82
-74
-46
22
123
204
215
158
85
14
-49
-61
-76
-84
6
90
60
37
-35
-45
-21
-38
-11
43
71
128
135
45
8
-102
-149
-91
-22
47
73
117
129
79
32
39
36
79
95
103
119
101
77
42
16
-40
-55
-73
-76
-48
1
26
50
44
-7
-51
-49
6
22
41
47
52
58
85
78
31
-7
-61
-84
-96
-75
15
81
118
126
114
88
74
65
45
55
39
45
40
15
29
-7
-59
-89
-59
-30
-38
3
1
-8
-10
-13
15
12
49
91
91
94
75
28
15
38
19
-15
-17
-56
-68
-12
33
44
20
-15
-9
14
7
25
36
25
2
-12
-14
-75
-127
-154
-173
-164
-151
-111
-65
-36
-1
20
14
-24
-63
-67
-51
-52
-91
-88
-86
-91
-53
-43
-14
-3
-14
-7
-4
4
2
-8
-55
-101
-125
-164
-170
-131
-101
-64
-7
50
44
44
38
7
-10
-47
-23
-34
-34
20
-8
-22
-53
-107
-96
-92
-67
-42
-10
31
25
16
-5
-8
-30
-38
-11
-40
-44
-36
11
38
14
31
12
-20
-51
-55
-29
-28
-25
-18
-16
22
73
109
101
85
80
42
33
2
-20
-38
-62
-22
-8
19
38
41
55
59
84
76
71
99
119
128
137
105
50
9
-15
-29
-36
-34
11
52
66
98
123
119
114
106
96
70
49
59
74
69
66
90
106
98
66
60
64
72
90
93
94
92
82
62
44
43
22
20
54
64
83
81
71
40
5
-6
-48
-56
-71
-45
-8
-1
10
-1
37
56
9
-20
-21
2
10
-23
-33
-10
7
5
5
16
37
45
43
48
1
-20
-39
-109
-133
-128
-98
-64
-35
11
30
44
39
27
21
-6
-40
-74
-50
-28
-29
-1
-3
-5
-11
-35
-29
-22
-21
-2
15
43
49
45
54
38
25
9
-15
-25
-35
-22
-36
-43
-29
-56
-38
-39
-36
8
12
48
43
18
33
32
54
73
89
109
142
188
200
217
187
159
154
124
155
153
131
153
111
91
53
-9
-3
-19
-36
-53
-89
-166
-218
-256
-338
-377
-423
-478
-518
-578
-571
-551
-548
-508
-517
-493
-446
-431
-414
-422
-446
-451
-472
-514
-509
-511
-506
-490
-478
-467
-465
-423
-390
-359
-310
-241
-186
-149
-81
-36
17
60
67
121
153
197
243
276
347
410
512
594
684
785
861
977
1039
1103
1171
1204
1251
1220
1209
1187
1129
1077
989
948
908
857
827
787
768
729
690
638
566
519
434
352
270
173
87
-2
-59
-115
-165
-205
-243
-276
-307
-336
-380
-429
-490
-573
-668
-767
-842
-916
-1006
-1043
-1058
-1072
-1083
-1089
-1074
-1098
-1144
-1182
-1213
-1238
-1250
-1281
-1335
-1362
-1417
-1446
-1499
-1566
-1592
-1624
-1622
-1575
-1515
-1385
-1173
-812
-329
127
507
865
1283
1754
2165
2402
2572
2724
2789
2764
2615
2387
2140
1832
1490
1166
907
776
672
518
410
356
335
305
195
73
-30
-178
-356
-565
-753
-871
-950
-1003
-1008
-913
-720
-476
-239
16
335
659
939
1129
1220
1303
1346
1316
1276
1198
1081
928
739
594
465
302
208
101
-41
-144
-204
-220
-275
-365
-413
-421
-455
-490
-500
-550
-574
-563
-574
-580
-644
-674
-679
-756
-802
-836
-894
-940
-1000
-1077
-1138
-1204
-1307
-1429
-1586
-1748
-1898
-2108
-2314
-2520
-2740
-2919
-3023
-3004
-2825
-2364
-1774
-1211
-704
-138
706
1466
2013
2460
2783
3139
3320
3311
3250
3062
2844
2534
2130
1754
1510
1378
1163
1000
892
872
899
773
671
517
318
135
-184
-486
-728
-924
-1073
-1234
-1296
-1210
-998
-790
-541
-202
163
607
956
1222
1463
1618
1768
1794
1710
1620
1486
1300
1083
839
620
468
308
145
-1
-88
-89
-122
-226
-301
-363
-444
-551
-684
-795
-876
-949
-994
-1027
-1063
-1046
-1030
-1043
-1024
-961
-870
-813
-830
-855
-862
-918
-1001
-1115
-1266
-1405
-1588
-1789
-1957
-2163
-2352
-2561
-2769
-2945
-3101
-3112
-2959
-2575
-2008
-1392
-784
-222
533
1403
2110
2652
3028
3411
3732
3848
3845
3717
3519
3246
2876
2487
2177
2021
1871
1669
1488
1406
1407
1277
1071
861
607
329
-43
-462
-845
-1161
-1417
-1634
-1763
-1746
-1593
-1371
-1104
-748
-330
116
530
834
1077
1298
1490
1559
1480
1409
1350
1244
1043
813
661
518
376
240
95
4
-67
-147
-266
-419
-534
-659
-809
-971
-1101
-1189
-1258
-1260
-1238
-1211
-1159
-1086
-1021
-1019
-1014
-966
-910
-839
-816
-838
-851
-853
-878
-961
-1067
-1196
-1328
-1523
-1750
-1915
-2117
-2304
-2488
-2707
-2880
-2995
-2988
-2784
-2325
-1670
-1013
-417
237
1123
2037
2709
3201
3553
3869
4093
4117
4047
3852
3578
3249
2809
2373
2075
1926
1739
1496
1294
1183
1136
960
725
482
181
-123
-529
-969
-1310
-1620
-1866
-2057
-2141
-2041
-1820
-1527
-1180
-753
-261
257
694
1025
1342
1599
1779
1820
1724
1636
1498
1299
1065
818
646
494
345
211
93
21
-16
-79
-204
-339
-449
-560
-689
-835
-958
-1044
-1110
-1124
-1123
-1126
-1062
-1000
-953
-916
-911
-856
-766
-720
-699
-726
-759
-782
-881
-1039
-1217
-1414
-1603
-1800
-2045
-2288
-2517
-2727
-2912
-3082
-3245
-3328
-3247
-2970
-2361
-1603
-931
-291
425
1407
2361
2999
3461
3776
4059
4238
4197
4075
3874
3619
3257
2792
2399
2195
2108
1911
1706
1563
1486
1429
1184
885
600
243
-140
-630
-1111
-1459
-1729
-1939
-2099
-2093
-1926
-1613
-1249
-865
-365
162
685
1075
1300
1522
1683
1741
1665
1495
1359
1201
1005
832
682
554
476
415
303
209
135
85
-13
-232
-422
-582
-763
-947
-1143
-1301
-1361
-1353
-1297
-1214
-1153
-1051
-918
-825
-756
-713
-679
-630
-613
-644
-696
-744
-792
-870
-1022
-1216
-1359
-1494
-1638
-1819
-2046
-2218
-2370
-2540
-2680
-2845
-2962
-2995
-2967
-2587
-1837
-1100
-479
73
865
1956
2765
3279
3646
3913
4237
4348
4216
4048
3809
3500
3081
2555
2165
2031
1822
1497
1210
966
915
783
451
167
-179
-516
-882
-1395
-1809
-2062
-2249
-2396
-2469
-2375
-2034
-1617
-1244
-775
-272
303
870
1202
1456
1698
1884
1975
1858
1676
1581
1451
1226
1023
852
732
630
442
327
251
121
14
-193
-421
-608
-807
-972
-1151
-1330
-1443
-1480
-1466
-1400
-1295
-1184
-1023
-889
-775
-667
-642
-585
-527
-520
-546
-604
-646
-703
-832
-1031
-1183
-1307
-1465
-1614
-1825
-1994
-2124
-2334
-2471
-2642
-2833
-2965
-3106
-3061
-2593
-1825
-1105
-529
1
912
2072
2850
3392
3756
4115
4533
4552
4438
4302
4062
3797
3286
2720
2391
2240
2009
1660
1347
1160
1139
907
534
216
-184
-472
-892
-1456
-1815
-2087
-2232
-2346
-2464
-2319
-1932
-1509
-1093
-642
-138
488
1040
1349
1589
1764
1944
2024
1859
1716
1594
1440
1253
979
793
718
636
497
361
271
213
120
-107
-332
-519
-719
-888
-1092
-1248
-1312
-1335
-1256
-1139
-1018
-847
-674
-531
-391
-284
-212
-172
-175
-154
-184
-281
-346
-413
-542
-731
-951
-1118
-1252
-1455
-1699
-1921
-2135
-2332
-2541
-2808
-3023
-3257
-3487
-3615
-3464
-2776
-1951
-1301
-782
-79
1114
2207
2921
3387
3739
4216
4484
4454
4305
4085
3866
3435
2825
2273
2021
1886
1529
1161
857
800
743
368
20
-354
-651
-949
-1513
-1992
-2330
-2513
-2621
-2777
-2736
-2431
-1914
-1418
-944
-382
258
1010
1504
1768
2010
2181
2341
2276
2063
1918
1760
1577
1329
1070
913
868
778
604
447
321
234
38
-254
-474
-709
-956
-1152
-1328
-1433
-1478
-1454
-1316
-1176
-1048
-870
-691
-510
-341
-254
-237
-237
-243
-253
-320
-450
-527
-600
-777
-978
-1181
-1313
-1443
-1741
-2015
-2262
-2459
-2661
-3026
-3276
-3519
-3740
-3898
-3972
-3423
-2514
-1684
-1006
-438
670
2019
2988
3575
3908
4400
4850
4941
4757
4516
4366
4050
3511
2837
2437
2412
2175
1809
1428
1218
1268
991
530
104
-309
-610
-1135
-1796
-2289
-2541
-2652
-2800
-2863
-2680
-2132
-1511
-999
-438
153
900
1536
1797
1964
2067
2202
2273
2020
1740
1564
1411
1292
1055
831
793
748
568
381
219
85
-115
-483
-771
-1017
-1326
-1511
-1668
-1799
-1822
-1800
-1597
-1330
-1141
-892
-678
-514
-325
-227
-229
-291
-362
-377
-395
-507
-615
-633
-699
-830
-994
-1165
-1260
-1499
-1806
-2088
-2396
-2611
-2977
-3349
-3639
-3941
-4089
-4244
-3987
-3105
-2139
-1245
-620
257
1659
2831
3623
4023
4366
4871
5099
4988
4695
4493
4311
3917
3254
2653
2603
2565
2258
1857
1463
1490
1378
895
413
-140
-505
-946
-1638
-2227
-2578
-2678
-2733
-2787
-2690
-2222
-1518
-906
-307
226
879
1622
1972
2124
2196
2234
2268
2037
1764
1644
1570
1432
1273
1191
1173
1182
1020
858
711
403
112
-270
-640
-965
-1437
-1766
-1939
-2044
-2035
-1992
-1811
-1506
-1164
-880
-662
-497
-378
-259
-325
-472
-564
-681
-731
-845
-955
-929
-954
-979
-1034
-1123
-1197
-1370
-1597
-1870
-2200
-2518
-2900
-3277
-3617
-3958
-4180
-4359
-4217
-3412
-2326
-1326
-584
254
1640
2975
3821
4261
4558
5021
5305
5157
4816
4552
4398
4078
3436
2786
2644
2724
2538
2164
1752
1665
1633
1194
602
-54
-566
-971
-1641
-2347
-2827
-2997
-2973
-2964
-2868
-2450
-1728
-965
-286
255
829
1523
1983
2141
2131
2079
2054
1874
1566
1344
1224
1122
1028
936
877
869
760
605
448
184
-172
-635
-1046
-1354
-1731
-2118
-2367
-2417
-2322
-2209
-2037
-1731
-1348
-975
-689
-506
-374
-254
-228
-347
-497
-604
-638
-664
-702
-678
-618
-571
-588
-642
-738
-920
-1167
-1463
-1810
-2185
-2582
-3003
-3364
-3696
-3992
-4193
-4231
-3609
-2470
-1422
-573
155
1352
2821
3733
4220
4465
4765
5133
5036
4656
4327
4147
3974
3465
2763
2435
2550
2545
2265
1820
1526
1527
1227
610
-95
-803
-1268
-1832
-2572
-3101
-3363
-3314
-3118
-2947
-2545
-1831
-996
-195
423
929
1499
1959
2132
2125
1971
1786
1654
1469
1341
1297
1216
1197
1180
1148
1203
1067
749
493
202
-173
-708
-1285
-1607
-1859
-2208
-2424
-2414
-2225
-1904
-1627
-1343
-979
-675
-374
-232
-287
-325
-411
-538
-645
-741
-770
-751
-724
-583
-418
-391
-392
-448
-527
-694
-1082
-1514
-1938
-2370
-2799
-3303
-3742
-4033
-4261
-4319
-3976
-2974
-1710
-676
106
1035
2452
3667
4285
4485
4586
4880
4937
4588
4187
3904
3797
3537
2990
2583
2600
2819
2778
2438
2038
1836
1643
1088
339
-514
-1227
-1782
-2474
-3059
-3392
-3413
-3144
-2857
-2426
-1763
-958
-134
549
1074
1483
1816
1904
1811
1625
1332
1060
761
679
842
899
930
941
1072
1305
1236
993
622
220
-163
-712
-1300
-1794
-2124
-2343
-2481
-2461
-2237
-1832
-1445
-1058
-664
-389
-145
-50
-76
-162
-444
-705
-871
-943
-898
-917
-877
-685
-415
-181
-117
-195
-329
-491
-772
-1189
-1721
-2265
-2753
-3185
-3600
-3933
-4141
-4261
-4118
-3457
-2186
-911
1
742
1773
3164
4050
4280
4199
4239
4521
4397
3908
3496
3361
3451
3242
2733
2460
2589
2825
2751
2363
1883
1542
1118
476
-264
-1129
-1864
-2503
-3085
-3341
-3380
-3200
-2819
-2417
-1750
-930
-162
493
930
1347
1678
1773
1576
1267
1050
882
743
541
521
707
948
1230
1335
1393
1416
1273
989
522
12
-522
-1137
-1683
-2029
-2154
-2216
-2206
-2004
-1629
-1165
-784
-479
-251
-125
-62
-143
-327
-574
-872
-1086
-1194
-1190
-1080
-942
-745
-493
-244
-96
-140
-301
-529
-835
-1238
-1781
-2332
-2793
-3218
-3508
-3743
-3885
-3890
-3887
-3364
-2150
-818
241
798
1452
2709
3760
4147
3960
3677
3912
4114
3864
3493
3220
3262
3373
3139
2854
2831
2839
2764
2471
1987
1607
1032
207
-546
-1255
-1769
-2247
-2906
-3251
-3219
-2841
-2245
-1839
-1425
-814
-150
516
977
1169
1320
1351
1199
1003
784
663
648
527
528
782
1049
1321
1400
1357
1434
1215
821
365
-188
-592
-1099
-1579
-1805
-1906
-1862
-1704
-1465
-1096
-693
-416
-205
-50
-32
-34
-158
-390
-571
-842
-1022
-1036
-1003
-815
-677
-558
-342
-231
-120
-182
-402
-673
-1045
-1385
-1820
-2214
-2621
-2926
-3095
-3301
-3287
-3336
-3308
-3001
-2233
-886
166
742
1153
1930
3112
3774
3789
3475
3444
3755
3786
3601
3358
3284
3301
3036
2738
2656
2718
2600
2109
1584
1191
865
362
-414
-1107
-1646
-2023
-2313
-2573
-2572
-2384
-2001
-1551
-1153
-621
-80
425
768
915
1086
1200
1225
1074
878
832
834
847
797
839
1014
1097
1131
1039
940
814
425
6
-370
-652
-911
-1294
-1522
-1534
-1406
-1243
-1129
-905
-691
-573
-540
-517
-438
-486
-586
-757
-891
-951
-1060
-1014
-906
-799
-720
-735
-664
-593
-588
-678
-915
-1207
-1537
-1783
-2029
-2291
-2504
-2751
-2778
-2799
-2868
-2855
-2968
-2718
-1898
-860
126
523
778
1653
2663
3405
3530
3211
3306
3570
3570
3398
3162
3100
3073
2664
2188
2140
2257
2166
1735
1147
896
655
115
-448
-977
-1318
-1616
-2052
-2283
-2202
-1930
-1546
-1230
-866
-376
74
504
821
994
1140
1146
1067
997
863
840
836
722
715
744
859
964
895
815
765
620
297
-100
-458
-646
-837
-1149
-1291
-1240
-1081
-906
-843
-625
-375
-301
-305
-403
-401
-397
-545
-672
-808
-907
-991
-1055
-940
-778
-690
-696
-711
-684
-716
-835
-1116
-1409
-1653
-1908
-2031
-2192
-2323
-2374
-2447
-2394
-2410
-2450
-2192
-1438
-330
553
914
1140
1810
2689
3261
3311
3042
3085
3275
3223
3054
2837
2848
2899
2529
2119
1984
2075
2111
1674
1084
752
538
195
-360
-882
-1137
-1243
-1494
-1689
-1568
-1225
-770
-525
-321
82
455
754
841
828
929
935
824
702
594
670
742
710
695
667
702
679
531
355
183
-6
-304
-649
-905
-988
-1018
-1098
-1115
-1031
-808
-574
-479
-386
-348
-387
-464
-642
-733
-778
-881
-1000
-1158
-1230
-1189
-1117
-1029
-964
-945
-962
-1044
-1198
-1352
-1536
-1778
-1980
-2195
-2318
-2302
-2324
-2207
-2112
-2110
-2031
-1992
-1582
-679
222
938
1187
1353
2066
2742
3135
3098
2728
2831
3025
2990
2852
2560
2561
2627
2291
1896
1718
1751
1757
1332
720
431
273
-6
-433
-945
-1114
-1070
-1174
-1202
-1094
-742
-226
-28
61
326
645
960
949
712
703
770
742
598
377
431
680
757
742
698
656
643
368
14
-166
-368
-595
-926
-1219
-1171
-1037
-943
-828
-741
-520
-282
-205
-166
-207
-311
-447
-709
-911
-973
-1002
-1085
-1235
-1322
-1214
-1033
-957
-944
-982
-1018
-1118
-1379
-1648
-1919
-2188
-2434
-2678
-2735
-2626
-2457
-2236
-2076
-1860
-1549
-1063
-244
658
1421
1878
2107
2467
2864
3067
2939
2538
2364
2547
2774
2832
2653
2510
2542
2518
2326
2052
1779
1512
1186
730
262
-151
-518
-792
-1047
-1262
-1297
-1164
-898
-563
-337
-131
121
339
565
644
565
529
492
480
464
324
284
336
411
574
661
783
891
826
640
259
-144
-464
-801
-1110
-1381
-1493
-1373
-1210
-1046
-875
-658
-389
-167
-58
-99
-224
-411
-605
-786
-1006
-1156
-1223
-1216
-1154
-1148
-1083
-942
-830
-737
-757
-858
-957
-1148
-1407
-1726
-2136
-2460
-2661
-2750
-2698
-2578
-2340
-1991
-1656
-1302
-826
-203
571
1324
1867
2283
2595
2795
2853
2583
2149
1869
1832
2073
2360
2493
2630
2754
2779
2690
2319
1796
1347
950
642
366
28
-228
-418
-630
-774
-898
-933
-740
-432
-68
288
469
532
549
467
328
120
-155
-298
-292
-240
-160
-152
-158
-77
-34
-73
-198
-417
-556
-611
-729
-848
-960
-1002
-857
-599
-312
-6
277
586
937
1202
1342
1354
1267
1115
895
616
324
72
-97
-178
-199
-161
-94
-31
-19
-52
-107
-222
-384
-582
-849
-1115
-1301
-1424
-1467
-1473
-1457
-1331
-1106
-867
-617
-383
-217
-69
38
112
196
242
282
331
369
450
548
618
687
723
753
807
814
754
659
556
456
381
313
273
292
329
392
458
486
517
540
539
510
430
330
249
198
176
176
210
272
352
425
453
482
491
461
400
262
98
-62
-230
-380
-496
-596
-646
-664
-678
-672
-665
-658
-644
-634
-651
-677
-723
-769
-813
-866
-884
-873
-846
-778
-697
-604
-525
-450
-387
-397
-448
-527
-598
-647
-708
-784
-842
-860
-799
-698
-597
-474
-343
-208
-89
-24
-4
-12
-61
-123
-168
-185
-139
-67
11
139
288
485
725
927
1100
1213
1267
1289
1256
1191
1076
923
778
659
570
506
466
425
395
371
342
361
383
358
303
207
116
25
-72
-144
-219
-282
-288
-243
-172
-107
-58
-1
74
140
164
154
125
94
58
30
16
-6
-48
-102
-155
-191
-195
-197
-218
-253
-296
-340
-383
-430
-458
-468
-458
-440
-417
-370
-321
-292
-278
-274
-250
-215
-205
-183
-175
-173
-166
-188
-193
-207
-221
-224
-260
-301
-311
-293
-262
-239
-226
-202
-157
-110
-55
-12
7
25
57
89
137
181
212
279
367
453
534
605
683
773
849
913
942
939
923
893
838
760
657
525
393
271
162
87
21
-30
-52
-55
-19
5
-5
-32
-57
-96
-150
-210
-277
-308
-311
-319
-320
-306
-257
-188
-135
-63
6
50
71
75
55
26
9
3
268
761
973
1013
912
564
279
-83
-583
-934
-1066
-724
-160
177
519
656
370
60
-348
-831
-976
-995
-799
-282
47
290
412
81
-191
-422
-768
-806
-766
-578
-84
181
362
531
272
34
-143
-468
-412
-227
-176
75
141
148
248
-16
-188
-186
-402
-342
-145
-143
95
193
93
81
-101
-16
172
18
151
399
389
504
475
274
255
172
144
227
197
229
258
126
105
78
-29
-3
-141
-158
8
-135
-343
-342
-365
-356
-358
-459
-456
-497
-427
-356
-457
-438
-372
-367
-226
-113
-61
67
56
126
259
255
204
104
24
60
61
15
66
127
264
287
87
-93
-226
-314
-286
-277
-313
-269
-246
-226
-296
-421
-396
-367
-354
-270
-213
-154
-97
-124
-134
-176
-267
-259
-211
-98
74
144
119
73
28
50
107
120
166
202
241
320
304
230
208
187
160
122
105
177
250
338
417
446
441
418
414
392
351
295
277
282
311
357
376
421
489
512
435
285
128
65
16
-73
-115
-70
14
82
72
36
14
-78
-203
-350
-434
-393
-324
-280
-229
-174
-157
-122
-95
-106
-82
-72
-80
-24
68
134
122
92
96
126
127
133
187
187
204
201
118
38
-33
-71
-48
-78
-131
-102
-144
-154
-142
-198
-242
-217
-142
-49
-5
-13
-22
-135
-281
-359
-298
-260
-223
-205
-167
-71
-49
-36
-92
-136
-96
-23
6
16
-5
-82
-118
-183
-339
-385
-274
-132
21
199
340
326
193
146
160
111
96
234
396
499
537
493
430
386
453
491
401
275
299
513
731
556
230
202
142
52
190
157
-65
4
186
234
11
-344
-601
-432
-229
-239
-429
-551
-286
-149
-111
-152
-438
-506
-154
-110
-182
-92
-165
-240
-155
-120
-213
-330
-447
-328
-76
64
-34
-207
-105
111
202
122
-6
-138
-96
92
56
-44
-29
31
113
287
345
283
289
343
399
435
349
164
29
-31
21
19
-29
-43
-49
52
174
142
28
-21
-99
-171
-185
-243
-278
-273
-259
-181
-106
-116
-110
-78
9
138
182
181
215
238
236
229
150
69
49
34
52
101
159
221
279
318
343
331
291
251
190
131
89
53
27
9
-3
-2
6
5
29
30
15
2
-15
-25
-64
-92
-124
-170
-189
-211
-247
-242
-222
-202
-177
-158
-131
-123
-115
-118
-129
-140
-147
-167
-208
-217
-230
-218
-190
-163
-126
-88
-66
-63
-63
-65
-80
-125
-168
-202
-260
-318
-339
-362
-370
-365
-346
-291
-253
-226
-193
-176
-154
-148
-170
-148
-124
-123
-89
-46
-34
22
71
104
165
188
224
281
320
352
376
393
410
408
403
400
381
373
389
389
389
415
435
462
458
454
468
446
434
420
362
316
312
304
297
242
172
147
144
124
90
31
-31
-72
-104
-134
-184
-238
-264
-250
-254
-321
-375
-414
-448
-462
-471
-460
-451
-447
-414
-341
-289
-265
-245
-246
-234
-227
-258
-295
-309
-300
-236
-200
-189
-166
-133
-84
-48
-27
-27
-54
-105
-139
-150
-173
-202
-223
-250
-231
-166
-133
-111
-75
-37
2
50
69
72
73
79
82
74
37
30
63
92
145
182
229
285
332
364
382
384
368
351
332
283
223
167
124
112
120
141
165
205
255
299
321
341
324
277
251
220
175
162
176
202
239
251
275
319
390
507
613
606
476
279
82
-87
-246
-367
-445
-432
-263
-17
172
225
184
151
97
3
-119
-218
-273
-221
-101
-44
-81
-190
-269
-273
-271
-270
-251
-252
-221
-163
-69
47
104
229
283
241
198
58
-127
-296
-423
-542
-592
-535
-313
-64
59
12
-109
-229
-300
-387
-492
-477
-452
-355
-248
-236
-295
-335
-299
-206
-62
32
43
113
240
262
196
117
40
9
114
245
230
184
169
64
-75
-116
-100
-115
-106
-28
18
-34
-104
-119
-103
-45
-28
-44
50
145
127
85
19
-97
-77
-38
-103
-73
30
28
-16
-19
-59
-146
-229
-219
-233
-295
-334
-378
-431
-395
-336
-371
-335
-260
-242
-194
-185
-206
-142
-137
-174
-218
-226
-186
-178
-173
-158
-108
-86
-75
-62
-56
-33
-30
-27
21
25
3
41
49
20
47
111
129
180
247
270
282
279
251
229
232
290
358
359
376
396
358
321
294
311
408
494
550
628
620
545
541
506
384
325
322
324
315
272
231
197
176
222
263
311
424
482
456
372
246
127
48
-24
-133
-95
-14
-9
17
-3
-50
-79
-89
-96
-128
-164
-175
-177
-187
-216
-288
-386
-407
-367
-362
-355
-337
-312
-251
-239
-294
-313
-285
-247
-207
-223
-259
-226
-191
-188
-185
-169
-111
-33
10
52
43
-30
-71
-102
-162
-207
-199
-138
-30
81
163
239
261
218
148
59
-51
-143
-167
-139
-99
-62
36
127
159
157
116
52
-10
-63
-126
-147
-148
-102
10
56
26
36
92
147
175
152
87
65
103
190
232
206
195
209
236
206
114
56
136
225
293
392
374
299
324
314
219
90
-25
-13
8
2
-21
-75
-54
-26
-62
-91
-138
-187
-135
-97
-191
-270
-251
-249
-264
-267
-270
-309
-318
-303
-314
-368
-368
-306
-211
-53
20
-17
-92
-123
-151
-230
-307
-345
-301
-154
14
71
93
71
57
34
-47
-88
-86
-27
60
126
118
77
4
13
57
83
113
154
186
190
186
127
15
-26
61
104
128
185
227
232
251
249
169
45
-24
1
27
78
133
148
153
178
173
124
68
-13
-27
-6
-1
29
39
68
139
178
202
159
99
131
173
151
89
26
-12
12
20
-9
-32
-59
-54
-46
-62
-98
-126
-131
-111
-91
-101
-106
-134
-153
-163
-186
-223
-252
-244
-218
-167
-127
-100
-82
-49
-25
-39
-45
-37
-3
20
27
43
72
89
93
96
80
77
77
77
95
108
115
124
122
118
109
89
64
45
31
21
16
-14
-31
-32
-32
-33
-18
-5
1
-3
-14
-24
-54
-71
-106
-135
-132
-123
-105
-90
-52
4
48
77
88
100
87
73
55
33
19
9
20
56
99
128
166
203
210
205
206
191
170
156
153
137
98
48
20
8
-19
-51
-84
-101
-118
-137
-137
-145
-176
-200
-203
-210
-241
-276
-306
-326
-319
-298
-290
-275
-269
-228
-180
-154
-156
-176
-183
-155
-106
-76
-49
-16
13
61
96
92
82
58
47
79
94
89
115
124
134
141
139
137
99
66
68
56
46
65
72
76
102
86
42
5
-6
-6
-24
-36
-32
-18
53
119
86
30
1
20
58
65
48
45
50
118
180
135
42
-17
49
132
144
126
97
57
84
147
121
15
-45
-34
30
124
148
150
108
122
137
124
57
-33
-87
-82
-52
-80
-60
-55
-75
-86
-48
-62
-109
-167
-189
-162
-150
-156
-174
-209
-211
-187
-193
-188
-180
-159
-132
-125
-102
-5
32
-30
-36
0
24
26
-21
-47
-9
57
74
75
75
99
124
96
70
26
6
45
37
-15
39
84
41
6
-17
-27
-37
-94
-140
-135
-135
-126
-106
-94
-62
-42
-57
-69
-90
-91
-64
-97
-144
-105
-26
25
41
37
79
98
84
79
91
116
120
159
218
244
207
195
185
167
188
196
147
113
195
275
236
149
139
157
125
60
12
2
27
47
4
-61
-106
-117
-129
-184
-239
-229
-184
-179
-187
-168
-161
-197
-209
-216
-247
-269
-264
-240
-203
-155
-112
-82
-57
-10
15
19
7
-17
-19
-10
-13
-15
-1
12
44
90
131
158
163
174
172
151
103
49
2
-23
-20
-5
33
75
106
137
149
115
55
-6
-53
-109
-137
-118
-82
-43
13
78
108
107
93
72
51
52
68
81
108
146
193
230
235
224
204
193
194
196
201
211
220
231
239
229
205
188
170
163
159
144
123
102
78
55
26
-16
-47
-88
-108
-112
-134
-164
-174
-185
-189
-194
-212
-234
-254
-262
-262
-263
-275
-270
-259
-236
-211
-203
-202
-204
-206
-197
-169
-151
-127
-95
-55
-22
-7
-2
-7
-10
-11
-6
-4
-3
14
30
33
20
4
-5
-8
-8
-5
-2
-3
-9
-25
-40
-65
-95
-122
-127
-134
-139
-131
-125
-137
-149
-147
-151
-149
-143
-110
-70
-33
-1
20
28
34
36
29
24
29
45
72
112
151
186
228
262
280
284
285
282
265
248
234
218
197
180
174
175
177
173
170
165
155
144
129
101
61
24
-17
-58
-90
-114
-133
-149
-151
-157
-168
-169
-179
-186
-191
-190
-187
-183
-175
-172
-171
-165
-163
-159
-152
-136
-112
-80
-42
-9
16
40
61
70
75
78
83
90
96
106
116
122
122
123
120
114
104
95
92
88
79
67
51
37
33
28
12
-7
-19
-25
-32
-37
-45
-50
-46
-41
-29
-19
-4
8
18
26
42
49
52
57
56
63
71
79
94
110
131
152
164
167
173
170
161
145
128
117
105
91
82
75
65
54
44
30
14
-5
-25
-52
-80
-103
-126
-152
-173
-187
-196
-206
-222
-230
-239
-243
-252
-253
-251
-244
-233
-223
-208
-197
-185
-169
-162
-158
-151
-136
-123
-102
-71
-42
-16
5
34
51
64
72
80
91
100
113
119
123
127
131
132
134
130
133
134
134
131
129
126
118
107
91
79
68
59
56
52
49
50
55
58
54
56
57
54
55
55
53
55
56
58
64
69
79
82
89
91
87
86
78
71
63
59
58
54
49
40
29
20
9
-4
-18
-26
-33
-41
-49
-60
-75
-94
-114
-130
-144
-161
-173
-178
-188
-192
-193
-198
-198
-199
-198
-190
-183
-180
-175
-170
-160
-150
-139
-126
-110
-91
-64
-39
-21
0
13
27
39
50
62
73
85
96
115
128
138
146
154
160
162
165
164
160
160
159
151
140
130
122
108
98
89
84
78
72
63
56
49
37
26
13
5
-1
-4
-6
-9
-8
-9
-8
-8
-10
-8
-7
-7
-5
-2
3
5
5
5
7
7
5
2
1
-1
-2
-8
-11
-21
-26
-31
-36
-43
-50
-54
-61
-68
-78
-86
-94
-103
-113
-118
-120
-124
-130
-134
-138
-142
-144
-145
-145
-141
-135
-128
-119
-111
-104
-97
-88
-77
-69
-58
-46
-33
-22
-10
7
18
28
41
56
68
78
89
98
107
114
119
122
124
124
127
131
132
134
135
135
131
128
126
118
111
103
95
89
80
71
62
53
45
37
31
26
22
21
17
12
9
5
-2
-11
-17
-21
-24
-29
-33
-31
-30
-30
-30
-29
-30
-35
-36
-38
-40
-44
-46
-47
-51
-56
-59
-61
-63
-65
-66
-64
-65
-67
-66
-62
-60
-65
-63
-65
-68
-67
-68
-70
-66
-66
-62
-52
-51
-44
-37
-30
-24
-22
-17
-11
-8
-5
2
5
10
16
22
27
33
40
45
49
52
58
58
61
63
65
67
71
75
80
83
84
89
88
88
86
83
81
76
73
69
67
65
62
59
56
52
47
42
37
32
25
19
14
10
4
0
-6
-11
-16
-20
-22
-26
-31
-34
-36
-38
-38
-41
-42
-46
-51
-54
-55
-55
-55
-56
-56
-53
-52
-53
-51
-53
-56
-53
-56
-59
-60
-59
-60
-58
-54
-54
-53
-52
-49
-46
-44
-40
-38
-36
-34
-30
-29
-27
-26
-22
-18
-12
-9
-3
3
9
14
16
21
27
32
35
43
48
50
52
53
53
52
53
57
61
67
70
75
75
75
75
70
65
62
59
58
57
54
55
52
51
47
43
38
33
28
23
17
11
6
0
-5
-12
-17
-21
-25
-27
-30
-33
-35
-38
-43
-49
-52
-55
-58
-56
-56
-53
-53
-53
-55
-56
-53
-55
-53
-50
-47
-43
-39
-38
-36
-35
-34
-33
-33
-30
-28
-26
-24
-22
-22
-22
-20
-20
-17
-14
-11
-8
-5
-5
-3
-4
-3
-4
-1
1
4
6
10
12
12
13
12
12
12
14
16
19
22
23
23
23
25
24
24
24
25
26
28
28
28
29
28
29
28
28
30
30
31
31
30
29
30
26
26
23
19
19
18
17
18
17
14
13
12
9
6
4
1
-2
-3
-5
-9
-9
-10
-10
-11
-12
-13
-15
-15
-16
-18
-17
-17
-17
-16
-15
-15
-14
-13
-12
-11
-10
-8
-6
-6
-5
-6
-7
-6
-6
-6
-5
-2
-2
-2
-1
1
2
3
2
3
4
3
5
1
1
2
1
2
2
-1
0
-1
-1
-1
1
1
2
3
2
-1
0
-1
-3
-3
-2
-2
-2
0
1
1
2
2
1
1
2
3
4
6
6
5
7
9
7
7
8
9
9
9
10
11
10
10
9
8
8
6
6
5
5
6
5
5
4
4
3
4
2
-1
1
-2
-2
-2
-2
-3
-3
-2
-4
-5
-5
-6
-5
-5
-5
-4
-3
-2
-2
-1
0
0
-1
-1
-1
0
1
1
2
3
3
4
6
5
6
8
8
9
11
8
7
7
6
5
5
4
5
5
6
6
7
7
7
6
6
6
5
4
2
1
1
0
-1
0
1
1
2
2
0
2
0
0
-1
-3
-3
-2
-4
-5
-7
-8
-8
-6
-5
-5
-4
-4
-5
-5
-6
-6
-8
-9
-9
-10
-10
-10
-11
-11
-10
-11
-10
-8
-9
-8
-9
-9
-8
-8
-7
-9
-11
-10
-11
-12
-12
-12
-11
-9
-8
-6
-5
-4
-3
-5
-4
-5
-8
-6
-9
-9
-7
-8
-6
-4
-3
0
2
0
2
2
2
3
2
2
1
-1
-1
1
1
0
0
3
5
5
6
6
4
6
5
4
2
3
4
3
3
4
3
4
3
6
7
9
11
11
11
9
9
7
7
6
5
6
7
9
10
11
12
11
11
11
11
11
8
9
7
6
5
6
6
5
6
5
6
6
4
4
5
4
3
3
3
1
2
1
0
0
-2
-2
-1
1
0
3
6
7
7
3
0
-6
-13
-16
-17
-16
-11
-1
5
12
14
13
11
5
-3
-7
-10
-13
-13
-10
-8
-6
-3
1
2
4
6
7
6
1
0
-3
-6
-10
-12
-11
-12
-11
-8
-4
-2
0
3
2
1
2
-1
-4
-5
-7
-10
-12
-11
-10
-7
-4
-1
3
4
6
4
2
0
-1
-4
-4
-5
-7
-4
-4
-1
0
3
2
2
2
2
-1
-2
-4
-6
-8
-10
-9
-8
-8
-5
-3
-2
-2
-2
-1
-2
-3
-5
-6
-7
-7
-8
-8
-8
-6
-5
-5
-3
-1
-1
0
1
-1
0
-2
-4
-3
-5
-5
-5
-3
-1
-1
1
2
3
3
3
5
6
5
5
4
3
3
3
4
6
7
8
9
8
9
9
9
8
7
7
7
7
8
6
7
7
8
10
9
10
10
10
10
8
9
8
7
7
6
7
7
7
8
11
9
10
10
10
10
7
6
5
4
4
3
3
2
2
3
1
1
0
1
0
0
-1
-2
-2
-4
-3
-4
-5
-5
-5
-6
-5
-5
-6
-6
-6
-6
-7
-7
-7
-6
-6
-6
-6
-4
-4
-4
-5
-6
-6
-6
-6
-6
-5
-5
-4
-4
-4
-4
-4
-3
-1
-3
-1
-1
-2
-1
-1
-3
-3
-4
-3
-4
-3
-2
-2
-1
-1
0
2
1
1
1
-1
-1
-2
-3
-1
-2
-1
-3
-1
-1
-2
-1
0
0
0
0
0
0
0
0
-1
0
1
1
2
1
2
2
1
2
1
0
-2
-2
-2
-3
-3
-3
-4
-3
-3
-3
-2
-3
-3
-3
-4
-6
-6
-6
-7
-8
-7
-7
-5
-4
-4
-3
-2
-2
-3
-3
-3
-4
-4
-4
-3
-4
-3
-3
-2
-1
1
3
4
5
5
5
5
4
3
3
5
4
4
4
6
7
6
7
7
7
9
8
7
7
7
6
6
5
6
5
6
7
6
6
5
6
5
4
4
3
2
3
4
3
2
3
2
3
3
2
3
2
3
3
3
2
1
2
2
2
1
1
1
2
2
2
0
0
0
-2
-4
-5
-7
-7
-8
-8
-7
-8
-9
-8
-8
-8
-8
-7
-6
-8
-9
-9
-9
-9
-10
-9
-9
-8
-9
-7
-7
-6
-6
-6
-5
-5
-5
-6
-6
-6
-6
-5
-6
-3
-3
-4
-3
-1
-1
-1
1
1
0
1
2
2
3
2
3
4
3
4
4
5
3
4
5
4
3
3
3
3
3
3
2
3
2
2
2
2
2
2
3
2
2
2
3
2
2
3
2
3
3
3
2
2
3
2
2
3
3
4
3
2
2
2
2
0
1
0
-1
-1
0
-2
-2
-1
-1
-1
-1
0
1
-1
0
0
0
0
-1
-1
-1
1
0
1
2
1
1
2
2
3
2
3
2
3
3
2
2
2
3
2
3
3
2
3
4
3
4
5
5
6
6
5
6
4
4
4
4
3
5
5
5
5
6
6
7
6
6
6
4
4
3
2
3
2
1
2
2
2
2
1
1
1
1
0
0
-1
-2
-1
-1
-2
-3
-2
-4
-3
-3
-2
-4
-5
-4
-5
-7
-7
-7
-8
-9
-8
-8
-9
-7
-8
-7
-9
-8
-8
-9
-8
-9
-8
-8
-7
-6
-5
-6
-5
-4
-5
-5
-4
-4
-4
-4
-4
-3
-2
-2
-2
-2
-1
-2
-1
-1
-2
0
-2
-1
0
-1
-1
1
1
1
2
1
4
3
2
3
2
1
3
2
3
4
3
4
3
4
4
4
3
3
4
3
2
2
2
2
1
2
2
2
1
3
2
2
2
3
2
2
2
2
1
2
1
2
2
2
2
2
3
3
4
3
3
2
3
2
3
3
1
1
1
1
2
0
-1
0
-1
-1
0
0
0
1
1
1
1
1
0
1
1
1
1
0
1
0
1
1
0
1
1
1
1
1
1
0
0
-1
-2
-1
-1
0
-1
0
-1
-2
-2
-2
-2
-2
-3
-2
-2
-2
-1
0
0
1
1
0
-1
0
0
-1
-1
-1
0
0
0
0
1
0
1
0
0
-1
-1
-1
0
-2
-3
-1
-2
-2
-2
-2
-2
-3
-2
-3
-4
-3
-3
-4
-4
-4
-4
-4
-4
-4
-4
-3
-4
-4
-5
-5
-6
-5
-6
-6
-5
-5
-4
-4
-3
-3
-3
-1
-2
-1
0
0
0
-1
-1
1
0
3
3
2
1
3
3
3
4
4
4
4
3
3
3
4
3
4
4
5
4
4
4
3
4
3
2
3
4
3
4
3
2
3
3
3
3
5
4
6
5
5
5
4
6
3
3
2
3
2
1
2
2
2
2
3
2
2
2
2
1
1
1
1
1
2
1
1
1
1
1
1
1
1
0
0
-1
0
-1
-1
-1
0
-1
-2
0
0
0
0
0
0
-1
-2
-2
-3
-2
-3
-3
-2
-2
-2
-1
-2
0
0
-1
-1
0
0
1
-1
1
0
0
2
2
2
2
2
2
2
2
2
1
2
0
0
0
0
1
2
1
0
0
0
0
-1
0
-1
-2
-2
-2
-1
-1
-2
-3
-3
-3
-2
-2
-2
-2
-1
-2
-2
-4
-4
-5
-5
-5
-5
-4
-5
-4
-4
-5
-5
-4
-4
-3
-3
-3
-3
-3
-4
-4
-5
-4
-4
-4
-3
-3
-3
-2
-1
-2
0
-2
-1
-1
-2
0
0
0
0
-1
0
0
0
0
1
1
1
1
1
1
0
1
1
1
2
2
3
2
2
1
1
2
2
2
1
1
2
0
1
0
1
1
1
1
2
1
0
1
1
1
1
1
1
2
1
1
2
2
2
3
3
2
2
3
1
3
3
3
4
3
3
4
4
5
4
3
5
4
5
4
3
2
3
3
1
2
2
2
2
2
1
2
0
0
0
0
-1
0
0
-2
-1
-2
-1
-2
-2
-2
-2
-1
-1
-1
-2
-3
-3
-3
-4
-3
-5
-4
-4
-5
-5
-4
-5
-5
-4
-6
-4
-4
-4
-5
-5
-5
-5
-6
-6
-5
-6
-5
-5
-5
-4
-4
-5
-4
-6
-6
-6
-5
-5
-7
-4
-4
-5
-4
-6
-5
-5
-4
-3
-3
-3
-2
-1
-2
-1
-1
-1
0
0
0
2
2
2
2
3
3
3
3
4
4
4
4
4
5
5
4
4
5
5
6
6
5
6
5
6
6
6
7
7
6
6
5
6
6
7
7
6
6
6
5
5
6
5
6
6
5
5
5
5
5
6
6
6
6
7
5
6
6
6
6
5
5
5
7
6
7
8
6
6
6
6
6
6
6
6
6
6
5
5
5
3
4
3
4
4
3
3
4
4
2
2
1
0
1
1
1
0
1
1
-1
1
1
1
0
0
0
-1
0
0
-2
-2
-1
-2
-3
-3
-4
-5
-6
-5
-6
-7
-7
-6
-7
-8
-8
-7
-8
-8
-7
-7
-7
-8
-7
-8
-8
-8
-7
-7
-8
-7
-8
-8
-7
-9
-8
-9
-9
-9
-9
-9
-9
-8
-9
-8
-10
-10
-9
-8
-8
-7
-7
-7
-6
-7
-7
-7
-7
-6
-5
-5
-6
-6
-6
-6
-5
-5
-5
-4
-4
-3
-3
-2
-1
-1
0
0
0
0
1
1
1
0
1
2
0
1
1
2
3
3
2
2
3
4
4
4
4
4
5
5
5
5
6
6
6
6
5
4
5
6
5
5
5
5
6
6
5
6
4
5
5
4
5
5
5
5
4
5
3
5
6
5
4
6
5
4
5
3
3
4
3
4
4
4
4
3
3
3
2
3
3
2
3
3
2
3
1
2
3
3
3
2
3
3
2
3
2
3
2
2
2
1
1
1
2
2
2
2
2
2
2
2
2
1
1
0
1
0
1
1
0
0
-1
-1
-1
-2
-2
-2
-3
-2
-4
-4
-3
-3
-2
-4
-5
-5
-6
-4
-5
-6
-5
-6
-6
-7
-8
-8
-6
-7
-7
-7
-8
-8
-8
-8
-8
-7
-7
-7
-6
-6
-5
-3
-4
-5
-3
-3
-2
-2
-3
-3
-2
-3
-3
-3
-2
-2
-2
0
1
0
0
1
2
2
2
2
3
2
3
3
3
2
2
3
3
4
4
5
5
5
5
6
5
5
5
4
3
4
4
4
5
4
4
5
5
5
5
5
5
5
6
6
5
5
5
5
5
6
5
4
5
3
4
4
2
3
4
4
3
3
3
2
1
0
1
1
1
0
1
0
-1
-1
-3
-2
-3
-3
-3
-3
-3
-4
-4
-4
-4
-3
-3
-4
-4
-4
-3
-4
-4
-4
-3
-4
-4
-4
-3
-4
-4
-4
-4
-3
-4
-3
-3
-2
-2
-1
-1
-1
-1
-1
-1
-1
-1
-2
-1
-2
-1
-1
-1
-1
-1
0
-1
0
0
0
-1
-1
0
-1
0
-2
-2
-2
-3
-3
-3
-2
-4
-2
-1
-3
-2
-2
-3
-4
-4
-4
-4
-4
-4
-4
-4
-5
-4
-5
-4
-3
-3
-3
-3
-4
-4
-3
-2
-2
-2
-2
-2
-1
-1
-1
-1
-1
-2
-2
-1
-2
-1
0
0
-1
0
0
2
0
0
1
1
2
0
2
2
2
3
3
2
2
3
2
3
3
4
3
2
3
2
4
3
3
4
3
3
4
5
5
3
4
3
3
4
3
2
3
3
2
2
3
1
1
0
0
1
1
2
1
2
2
2
2
2
3
3
3
2
2
1
1
2
1
1
1
1
2
1
1
2
1
3
3
1
1
1
1
1
1
2
1
1
1
2
1
1
-1
-1
-1
0
1
0
0
0
0
1
1
2
2
1
1
2
2
2
3
3
3
3
3
3
3
3
3
3
2
1
2
1
1
0
-1
0
-1
0
-1
-1
-1
0
0
-1
-1
-2
-1
-1
-1
-1
-2
-3
-3
-2
-2
-3
-2
-2
-3
-3
-2
-4
-4
-3
-3
-2
-3
-3
-3
-3
-2
-2
-2
-3
-1
-2
-3
-3
-3
-3
-3
-3
-3
-4
-3
-3
-3
-3
-2
-2
-3
-3
-1
-2
-1
-1
-2
-2
-2
-2
-2
-2
-2
-1
-1
-2
-2
-2
-1
-2
-1
-1
-2
-1
-1
-1
0
-2
0
0
-1
1
-1
-1
-1
-1
0
0
-1
1
1
1
1
1
1
0
-1
1
1
2
2
2
3
2
1
2
2
2
1
1
1
0
1
0
1
2
2
3
4
4
2
3
3
3
3
5
4
4
3
2
3
4
2
3
4
3
2
4
3
3
5
4
4
3
3
2
3
3
1
1
1
1
0
0
1
0
1
1
0
-1
0
0
-1
-2
-1
-2
-2
-1
-1
-3
-3
-1
-3
-2
-2
-2
-2
-1
0
0
0
-1
-1
0
-1
-1
0
-1
0
-1
-1
-1
0
0
-1
-1
-1
-1
-1
-2
-2
-3
-2
-1
-1
0
-1
-1
0
-1
-2
-2
-1
-1
-2
-1
-1
-1
-1
-1
0
-1
-1
-1
-1
-1
-2
-2
-2
-2
-1
-3
-1
-2
-1
0
-1
0
-1
0
0
0
0
-1
-1
-1
0
0
1
0
0
-1
-1
0
0
-1
0
0
0
1
0
1
1
0
0
0
1
1
0
0
1
2
2
3
2
2
4
3
3
5
4
3
4
4
5
6
6
5
4
4
4
4
5
5
4
5
5
5
5
5
5
5
6
5
7
5
5
6
5
5
5
4
5
5
4
5
4
3
2
2
2
2
1
1
1
1
2
1
0
0
0
-1
-1
-1
-1
-1
-2
-1
-2
-2
-3
-3
-2
-3
-2
-2
-4
-3
-2
-3
-4
-5
-5
-4
-4
-6
-6
-5
-6
-6
-5
-4
-4
-5
-6
-4
-4
-5
-4
-4
-6
-5
-6
-6
-7
-7
-6
-6
-6
-6
-6
-6
-6
-6
-5
-6
-5
-6
-5
-5
-5
-6
-6
-6
-6
-6
-6
-6
-5
-6
-6
-5
-5
-5
-4
-4
-4
-5
-4
-3
-4
-4
-4
-3
-4
-3
-3
-3
-3
-2
-2
-2
-2
-2
-1
-1
0
1
0
0
0
-1
0
1
-1
0
1
1
2
1
1
3
1
2
3
3
3
4
5
5
5
3
4
4
4
5
5
5
4
4
4
5
4
4
5
6
6
6
6
6
7
6
8
7
6
6
6
6
7
5
4
4
5
5
4
5
4
5
5
6
6
6
5
5
6
5
4
5
6
5
5
5
4
5
4
4
5
6
4
6
6
4
4
4
4
4
3
4
4
4
4
4
4
2
4
3
3
3
3
3
2
4
2
2
2
2
1
2
1
1
2
1
0
1
0
-1
-1
-2
-2
-2
-2
-2
-3
-3
-3
-3
-2
-3
-3
-4
-5
-5
-6
-5
-6
-7
-6
-6
-6
-5
-6
-6
-6
-6
-6
-6
-6
-6
-5
-6
-5
-6
-5
-6
-5
-6
-6
-5
-5
-5
-4
-5
-4
-4
-5
