-14
-31
-40
-7
17
11
0
2
14
16
30
37
34
33
32
21
-6
-11
12
22
14
3
5
-1
-7
3
0
-14
-13
3
1
-24
-24
4
13
5
-6
-9
-11
-12
-8
-18
-25
-15
0
-13
-31
-24
-26
-45
-50
-31
-21
-11
11
13
-23
-59
-40
-3
2
-3
17
45
45
25
15
19
27
31
30
33
48
59
45
31
23
3
-24
-26
-9
11
27
20
-8
-45
-54
-30
-26
-32
-8
14
-5
-38
-27
5
-4
-23
-7
24
12
-8
4
16
-9
-31
-17
11
23
12
15
19
25
23
12
13
15
28
43
50
26
-9
-21
-10
-17
-41
-26
21
40
-16
-45
-40
-57
-80
-71
-6
21
15
2
-5
0
5
24
32
36
54
87
96
66
38
51
64
44
24
33
45
40
18
-5
-19
-34
-44
-41
-21
-14
-44
-72
-73
-66
-60
-60
-63
-56
-39
-39
-53
-54
-39
-29
-30
-19
1
0
11
26
16
1
13
59
54
20
25
61
66
15
-6
14
39
40
17
-2
-12
-2
13
-9
-55
-55
-8
12
-33
-65
-26
5
-17
-58
-55
-16
-2
-1
-7
-35
-27
-4
11
-6
-15
22
38
17
-16
-2
25
33
28
24
35
38
25
13
18
24
21
12
8
10
7
1
-12
-41
-56
-38
-13
-18
-26
-16
-4
-26
-54
-34
5
16
1
7
20
20
19
34
42
41
54
62
40
16
27
51
46
8
-10
-1
-1
-19
-28
-21
-16
-28
-46
-51
-43
-30
-23
-10
-6
-17
-29
-21
-13
-15
3
24
22
4
5
27
25
11
9
16
26
30
34
33
25
31
44
40
24
24
45
56
46
37
22
12
3
-7
-8
-8
-1
-5
-26
-39
-36
-40
-47
-45
-27
-12
-15
-33
-33
-15
-9
-12
-9
12
26
27
23
20
17
14
14
14
22
32
30
18
0
-12
-5
-8
-18
-17
7
21
2
-12
-15
-5
0
-2
7
9
9
8
9
2
-13
-12
-13
-22
-22
-13
-9
-32
-45
-44
-33
-31
-30
-21
-16
-15
-20
-18
-10
4
11
21
29
34
29
17
17
13
10
21
32
29
13
4
-4
-19
-30
-30
-29
-30
-20
-4
0
-17
-31
-25
-21
-18
-6
20
29
24
22
16
0
-5
4
4
-12
-8
17
16
-11
-24
-20
-14
-21
-27
-19
-9
5
10
1
-6
-8
0
6
10
18
21
23
26
20
16
18
16
2
-11
1
13
9
-7
-19
-22
-19
-8
-13
-16
-8
4
7
0
-3
5
9
25
31
32
36
36
40
31
22
14
19
21
14
8
8
2
-18
-27
-23
-21
-17
-13
-15
-18
-24
-21
-27
-26
-19
-10
-3
-1
-2
1
5
0
-4
2
13
22
22
16
12
13
15
7
0
3
12
16
15
6
-1
-3
-7
-7
-6
2
5
6
3
-11
-15
-17
-17
-16
-7
1
-15
-18
-19
-23
-31
-31
-11
0
8
-10
-21
-4
-3
-18
-28
1
25
23
25
21
9
5
3
1
1
11
25
30
22
9
3
5
6
-7
-10
2
14
5
-9
-12
-9
-10
-12
-10
-7
-3
-3
-8
-17
-19
-8
1
5
3
-2
0
-4
-7
-2
10
25
29
27
29
27
19
9
6
10
23
30
24
15
3
-1
-3
-9
-16
-8
9
16
7
-3
-4
-9
-16
-16
-2
7
13
14
14
13
8
8
9
7
15
23
27
20
10
8
7
3
-4
-7
4
14
14
4
0
-1
-6
-5
-1
6
10
-1
-4
-13
-21
-19
-12
-5
-12
-17
-16
-13
-14
-19
-16
-10
-14
-13
-10
-10
-9
-11
-8
-7
-2
2
0
5
10
11
5
1
1
2
7
7
5
-1
-3
-2
-7
-9
-6
-2
-2
-4
-5
-10
-17
-17
-19
-13
-9
-8
-4
-6
-2
-3
-8
-9
-4
1
3
6
10
12
10
8
2
-2
-2
3
4
0
4
7
4
-6
-9
-11
-12
-11
-7
-3
-9
-6
0
-1
-7
-3
4
5
2
-1
1
-2
-3
-5
1
5
0
-2
-6
-6
-3
-7
-13
-15
-5
0
-1
0
-1
-4
-10
-10
-13
-9
1
7
7
4
2
-2
-5
-9
-5
2
5
8
8
10
8
5
1
-2
-5
-2
5
9
13
8
3
0
-2
-2
-3
5
7
3
0
-2
-2
-1
-2
1
0
2
1
-3
-7
-11
-7
-7
-3
-4
-2
-3
-7
-7
-9
-5
-5
-2
4
3
-3
-9
-8
-7
-4
-6
-3
2
3
2
-5
-9
-6
-2
0
-1
0
4
7
7
-2
-4
-4
1
5
4
7
10
7
1
2
5
6
7
6
8
4
2
4
4
2
4
9
10
5
4
4
6
1
-4
-2
-2
3
3
3
4
3
0
-2
0
3
8
6
8
7
3
4
5
6
7
11
11
9
8
10
7
5
3
3
3
6
9
5
2
3
4
2
3
4
9
8
7
6
2
4
1
0
0
5
10
9
5
0
0
1
0
-3
2
8
5
-3
-1
1
-2
-5
-4
3
2
4
1
-1
-1
0
3
-1
-3
-2
4
3
-2
-3
2
4
-3
-6
-2
-1
-2
-5
-7
-5
-4
-3
-4
-6
-1
0
-4
-6
-3
2
3
0
2
1
-1
-6
-5
-2
0
1
1
2
0
-2
-2
-2
-4
-3
-1
2
0
0
2
2
0
-1
4
6
3
3
6
7
0
-3
-1
3
-1
-3
-2
0
0
-3
-4
-4
-3
-3
-2
-4
-3
0
-2
-5
-5
-1
1
-1
-2
-3
-3
-2
-5
-4
-5
-4
-4
-4
-5
-8
-8
-8
-6
-7
-6
-6
-5
-3
-4
-2
-3
-4
-4
0
1
0
-3
-2
-1
-3
-4
-1
2
4
1
0
2
1
2
0
1
2
4
5
4
3
4
3
0
0
-2
-1
-2
-4
-3
-4
-5
-5
-6
-5
-3
-5
-5
-4
-1
0
-2
3
3
5
2
2
3
5
4
2
2
5
5
3
-1
-2
0
1
-1
-2
-2
1
0
0
-2
0
3
4
4
0
5
5
3
2
3
4
4
7
5
4
4
5
4
2
3
8
8
5
5
5
5
3
2
4
5
2
2
3
5
5
4
5
4
1
2
2
2
1
-3
-1
0
-3
-4
-2
1
-3
-2
0
-1
-1
-1
1
-2
-3
-2
1
1
-1
1
5
3
0
2
4
8
5
3
5
3
2
0
1
2
2
0
2
2
0
0
0
0
0
-1
0
1
1
2
4
2
1
0
3
4
1
0
0
2
-1
0
0
1
3
1
1
1
2
2
1
1
1
4
5
2
3
2
2
2
1
0
0
-1
-2
-2
-1
-3
-4
-5
-7
-6
-5
-7
-6
-8
-7
-7
-8
-8
-5
-2
-1
-1
-4
-2
-3
-3
-4
-2
-1
-1
0
-2
-2
-3
-2
-2
-3
-1
-1
-2
-1
-3
-3
-3
-3
-3
-4
-1
1
1
1
2
0
0
-2
-3
-2
-1
1
2
-2
-1
-2
-1
0
-4
-2
-2
-3
-3
-1
-1
-2
-2
-2
-3
-2
-3
-2
1
-1
-1
-2
-1
0
-2
-1
1
0
0
0
-1
-1
-1
-2
-2
-1
-1
-1
-2
-1
-3
-2
-1
-3
-1
-1
0
0
0
-1
-2
-3
-3
-4
-3
-5
-4
-4
-8
-8
-9
-7
-7
-6
-2
-3
-1
0
-2
-1
-1
0
3
4
4
2
4
3
-1
-2
0
1
1
3
3
4
5
5
5
5
5
4
4
2
2
2
3
1
2
3
3
1
3
4
5
3
3
3
2
1
1
2
-1
-1
0
3
2
0
2
3
4
2
2
4
5
6
4
4
3
2
2
1
1
1
1
1
0
1
0
1
1
1
2
2
2
3
4
5
3
4
3
4
3
5
4
2
5
4
4
3
3
4
1
1
-1
0
-1
-1
-2
-1
1
-1
-2
-1
-2
-2
0
1
2
2
2
1
0
-1
1
-1
-2
-3
0
0
-2
-3
-2
-3
-2
-1
0
-1
2
1
0
0
0
-1
1
1
1
1
1
2
0
-1
1
0
0
0
0
1
0
0
0
-2
-3
-3
-2
-1
-1
0
1
0
1
0
0
0
0
-1
-1
-2
-2
-1
-4
-2
-3
-3
-2
-3
-3
-3
-3
-1
-2
-1
1
1
1
2
1
1
3
1
1
2
3
3
2
1
-2
-2
-4
-5
-6
-4
-3
-3
-5
-4
-3
-4
-4
-3
-4
-4
-4
-4
-3
-3
-3
-3
-4
-3
-3
-5
-3
-2
-2
-3
-3
-3
-3
-3
-4
-3
-4
-5
-4
-3
-3
-3
-2
1
0
0
1
1
0
-1
0
0
-1
0
-1
-2
-1
-2
-1
-3
-3
-2
-2
-2
-1
-1
-2
-2
-2
-1
-1
-2
-1
-1
0
-1
-1
-3
-1
-1
-1
-2
-3
-1
-1
-1
-1
-1
-1
-1
-1
0
1
2
3
2
2
2
3
4
4
3
5
6
6
5
5
4
6
4
3
4
5
4
4
4
5
4
3
4
3
3
4
1
1
0
1
1
1
2
1
2
2
0
2
3
3
1
1
2
2
1
1
1
1
1
2
1
2
2
1
0
1
2
3
3
3
2
3
3
3
1
1
0
-2
-2
-1
-2
-1
-1
0
-1
0
1
0
0
-1
1
-1
-1
-1
0
0
1
-1
1
2
0
1
1
2
3
2
2
1
2
1
1
1
0
0
0
1
0
-1
-1
0
-1
0
-1
0
2
2
1
2
2
0
1
0
-1
-2
-3
-2
-1
0
-2
-1
1
0
-1
0
0
0
0
0
1
1
0
0
1
1
-1
0
-3
-2
-3
-4
-4
-4
-3
-3
-1
0
0
1
3
1
2
2
2
1
2
0
0
0
-1
-1
0
0
0
1
0
1
2
1
3
2
2
1
0
0
-1
-3
-4
-3
-3
-2
-3
-3
-2
-2
0
0
2
2
2
1
1
-1
0
-1
-3
-2
-1
-2
-4
-2
-4
-5
-4
-5
-6
-6
-5
-5
-5
-4
-4
-5
-3
-4
-4
-4
-4
-4
-5
-5
-5
-4
-4
-3
-2
-2
-1
-2
0
0
-1
-1
-1
-2
-2
-2
-1
-1
-1
0
0
0
1
3
3
5
3
4
3
2
3
2
1
0
-3
-1
-4
-6
-4
-4
-4
-3
-3
-2
0
1
3
0
1
3
2
3
1
-1
-1
-3
-2
-2
-2
-3
-1
-1
-1
0
1
1
1
2
2
2
2
3
1
2
0
0
-1
1
0
-2
0
0
0
0
0
1
0
2
0
0
-2
-1
-1
-2
-2
-1
-1
0
0
0
2
2
2
4
3
2
3
2
2
0
1
1
0
0
-1
-1
0
0
0
1
2
2
3
2
2
3
2
1
1
-1
0
1
0
0
-1
-1
0
1
1
1
2
2
2
2
2
2
3
1
0
0
0
0
1
1
0
0
-2
-2
-1
-1
-2
-2
-2
-1
-2
-1
0
1
1
2
0
1
1
1
1
1
2
1
2
1
3
2
3
3
3
4
4
3
1
2
0
1
0
0
0
1
2
1
2
2
1
-1
-1
0
-1
1
1
2
1
1
1
1
2
1
1
0
1
2
1
1
1
1
1
1
1
-1
2
1
1
0
-1
0
-2
0
-1
-1
0
0
0
-2
-2
-2
-3
-1
-2
-2
-2
-3
-1
-1
-2
-1
-2
-1
-2
-2
-2
-2
-2
-3
-3
-2
-2
-3
-4
-4
-2
-4
-1
-3
-2
-1
-2
-1
0
0
1
0
1
1
1
1
0
1
1
-1
0
-1
-1
-1
-1
-1
-2
-1
-1
0
0
-1
0
0
0
0
0
1
0
-1
-1
0
-1
-2
-2
-1
-3
-3
-3
-3
-2
-1
-1
-2
0
0
1
-1
-1
0
-1
-1
0
0
0
0
0
-2
-2
-3
-3
-2
-2
-2
-3
-2
-2
-1
0
1
1
-1
-1
1
1
1
1
0
2
3
3
3
4
3
3
2
1
0
-1
-2
-1
-1
0
0
0
0
2
0
1
2
3
4
4
4
5
5
4
3
3
2
3
2
2
2
2
4
3
3
3
4
4
3
4
3
3
3
1
1
0
0
-2
-1
-1
0
0
1
2
1
2
2
2
2
1
-2
-4
-3
-4
-4
-4
-3
-1
0
0
3
3
4
5
4
4
3
3
3
1
-1
0
-1
-2
-1
-1
-1
0
0
-1
-1
2
2
2
4
2
4
5
3
3
3
3
2
0
0
0
0
0
0
0
1
0
-1
1
2
2
2
2
1
2
1
0
1
-2
-3
-5
-5
-4
-3
-2
-1
-1
1
1
2
1
1
2
3
2
2
1
2
0
-1
-1
-2
-2
-1
-2
-3
-2
-1
1
1
2
2
1
1
-1
-1
-2
-4
-6
-5
-5
-5
-4
-3
-2
-2
-2
-1
0
0
1
-1
1
1
0
0
0
0
0
0
0
1
1
1
2
4
3
3
4
4
3
3
2
0
1
-1
-1
-1
0
0
-1
0
0
0
0
2
3
3
4
4
3
4
4
3
2
1
-1
-3
-4
-4
-6
-5
-6
-6
-7
-7
-5
-5
-3
-3
-2
-2
0
1
2
3
3
1
-1
-4
-7
-7
-11
-13
-13
-13
-11
-10
-7
-4
-2
1
3
5
6
7
6
5
4
2
0
0
-3
-5
-4
-5
-4
-4
-3
-3
-2
-1
1
1
2
4
5
4
3
2
2
0
0
-1
-1
-2
0
2
2
1
1
1
2
3
1
2
2
1
0
-1
0
-1
-1
-2
-1
-1
0
2
4
7
9
11
11
11
11
9
4
0
0
-4
-7
-7
-8
-8
-6
-6
-4
-1
3
5
9
10
11
12
10
10
6
5
1
-3
-6
-8
-11
-11
-12
-12
-11
-8
-5
-2
2
6
7
11
12
15
13
12
9
5
3
-2
-4
-8
-8
-11
-9
-9
-7
-3
0
3
5
8
10
13
14
13
11
9
4
0
-4
-4
-8
-8
-8
-8
-6
-4
0
1
2
3
3
4
3
2
1
-1
-3
-4
-9
-11
-12
-11
-8
-7
-3
0
3
6
6
6
6
6
3
0
-4
-7
-11
-13
-14
-15
-14
-12
-8
-3
1
6
9
14
16
16
17
14
11
6
-1
-5
-10
-15
-18
-21
-19
-20
-14
-10
-6
1
7
13
17
18
20
18
16
12
6
1
-6
-11
-18
-22
-25
-25
-22
-18
-12
-6
3
9
13
14
16
16
14
12
10
6
2
-1
-6
-8
-11
-13
-14
-11
-11
-8
-5
-1
3
5
8
9
9
8
7
3
2
0
-2
-4
-6
-7
-6
-5
-6
-3
-2
-3
0
0
1
1
2
3
3
4
3
2
2
1
1
2
3
2
2
4
5
3
4
3
2
1
-1
-3
-3
-1
1
1
3
5
5
4
5
3
3
3
2
1
-1
-2
-3
-4
-3
-3
-1
1
4
7
8
9
9
10
9
8
5
5
4
1
-1
-3
-4
-6
-7
-4
-2
1
5
7
10
10
9
8
6
5
5
2
-1
-2
-4
-3
-4
-3
-3
-3
-2
-1
1
4
5
5
7
3
1
-2
-4
-6
-8
-8
-7
-6
-5
-1
0
4
5
5
6
4
4
2
2
-2
-4
-6
-10
-10
-10
-10
-9
-5
-3
-1
1
3
3
6
7
8
9
7
6
4
1
-2
-6
-8
-11
-11
-10
-8
-5
-1
3
5
7
7
6
6
4
2
0
-2
-4
-5
-6
-9
-10
-10
-11
-11
-10
-8
-6
-3
-2
0
0
-2
-2
-3
-4
-5
-6
-6
-7
-7
-6
-6
-3
-2
0
4
3
5
8
5
4
3
1
-1
-2
-3
-4
-4
-4
-4
0
-1
0
3
3
6
7
8
9
7
6
4
3
-1
-3
-3
-7
-7
-5
-4
-3
2
4
4
9
10
10
11
8
7
6
2
-1
-2
-5
-7
-7
-9
-7
-4
-4
-2
1
2
6
6
7
7
4
2
0
-3
-7
-10
-13
-15
-11
-9
-7
-5
-2
1
5
6
8
9
8
5
6
5
1
1
-1
-3
-4
-5
-6
-4
-5
-6
-3
-2
1
5
5
7
9
9
8
7
4
1
1
0
-1
-1
1
1
3
5
5
5
5
4
4
4
2
2
2
2
2
2
2
2
0
0
1
1
1
1
0
0
2
1
2
2
3
1
0
-1
-4
-4
-5
-6
-5
-5
-5
-1
-1
2
4
3
4
6
3
3
3
1
0
-1
-3
-5
-6
-5
-5
-4
-4
-4
-2
-1
3
5
8
9
9
8
8
6
3
1
0
-2
-5
-6
-5
-6
-3
-2
2
5
9
11
14
14
13
13
9
6
0
-1
-4
-6
-7
-8
-6
-6
-2
1
3
6
7
9
10
10
10
8
5
3
2
-2
-3
-6
-9
-9
-10
-9
-8
-5
-2
2
5
6
10
12
12
12
10
8
6
5
1
0
-2
-4
-2
-3
-1
-1
-1
1
1
0
1
1
0
-1
-2
-6
-6
-9
-10
-12
-15
-17
-18
-20
-21
-20
-21
-19
-19
-19
-19
-19
-20
-22
-23
-24
-26
-25
-26
-26
-27
-28
-29
-29
-30
-31
-30
-30
-29
-28
-27
-27
-25
-23
-22
-22
-21
-19
-17
-15
-12
-9
-6
-2
1
5
11
15
21
26
32
36
38
41
44
47
49
53
55
56
61
65
69
69
71
72
73
73
75
74
74
72
70
67
63
58
53
48
45
43
41
41
43
41
43
41
39
37
34
32
27
24
20
15
9
3
-4
-9
-15
-21
-26
-32
-35
-41
-42
-47
-50
-56
-64
-71
-79
-88
-98
-109
-118
-127
-135
-141
-147
-152
-152
-153
-153
-152
-150
-146
-141
-139
-134
-129
-124
-118
-112
-107
-101
-94
-85
-77
-66
-55
-42
-29
-14
1
16
31
48
64
79
93
107
118
128
139
146
155
161
163
166
170
171
172
174
171
170
167
163
159
151
144
136
124
111
100
87
74
62
51
40
34
26
20
18
15
16
18
21
24
29
33
40
45
53
59
65
70
76
81
83
85
88
88
87
86
82
77
70
60
46
30
9
-14
-38
-66
-95
-126
-158
-190
-220
-248
-276
-302
-327
-352
-374
-395
-413
-426
-437
-445
-450
-453
-454
-448
-441
-428
-412
-396
-375
-349
-323
-289
-253
-216
-177
-139
-100
-61
-21
20
61
98
136
170
204
237
269
298
326
349
372
390
406
420
433
441
447
451
451
449
446
441
433
425
416
409
404
397
389
380
375
371
367
365
360
353
347
342
338
333
326
316
304
288
275
262
249
232
211
187
160
134
109
84
58
27
-10
-48
-86
-122
-159
-198
-240
-285
-332
-377
-421
-456
-494
-532
-571
-612
-648
-678
-704
-726
-746
-765
-781
-796
-803
-804
-800
-788
-778
-765
-751
-733
-709
-679
-648
-615
-585
-558
-529
-495
-456
-413
-365
-317
-273
-223
-166
-98
-17
75
166
258
349
435
525
624
722
814
894
955
1007
1059
1106
1151
1181
1191
1183
1161
1134
1107
1077
1034
977
904
823
744
670
594
513
423
323
225
135
53
-20
-90
-160
-224
-281
-327
-357
-380
-394
-403
-410
-407
-393
-368
-337
-301
-264
-225
-187
-144
-97
-56
-12
24
44
64
81
89
95
93
76
49
17
-22
-64
-109
-158
-214
-276
-339
-403
-461
-516
-566
-621
-671
-717
-761
-793
-815
-831
-843
-850
-858
-859
-854
-837
-811
-777
-748
-720
-691
-654
-605
-546
-485
-425
-369
-315
-254
-179
-87
17
115
208
294
383
483
599
718
828
923
998
1065
1141
1217
1292
1345
1365
1364
1345
1325
1303
1273
1224
1152
1054
952
851
755
663
563
452
332
215
106
10
-75
-157
-241
-323
-399
-462
-510
-544
-568
-583
-591
-595
-587
-569
-537
-490
-439
-384
-327
-268
-210
-147
-77
-4
64
120
167
206
239
272
297
312
315
300
274
244
214
183
141
85
19
-50
-123
-193
-264
-336
-405
-481
-556
-621
-675
-721
-759
-792
-816
-832
-843
-843
-832
-818
-799
-774
-744
-710
-672
-632
-589
-544
-493
-446
-399
-351
-306
-260
-207
-144
-63
27
114
198
269
347
439
539
643
739
811
869
921
977
1035
1090
1124
1131
1122
1103
1094
1084
1062
1025
963
886
805
737
669
590
499
396
295
195
98
5
-82
-167
-251
-327
-394
-452
-498
-540
-581
-608
-623
-625
-623
-618
-601
-573
-543
-510
-470
-427
-382
-335
-278
-212
-144
-82
-34
11
52
89
129
159
175
176
157
129
108
88
59
16
-39
-88
-136
-184
-228
-275
-315
-361
-412
-452
-475
-494
-521
-540
-552
-565
-569
-565
-554
-533
-515
-503
-481
-444
-406
-370
-338
-302
-265
-233
-198
-154
-112
-70
-36
-10
23
67
121
172
213
258
305
356
407
466
526
578
616
652
693
731
761
776
771
763
752
737
723
704
674
629
585
537
494
451
404
348
282
220
155
85
24
-37
-96
-153
-202
-246
-282
-313
-338
-352
-362
-369
-370
-362
-345
-324
-304
-282
-258
-222
-189
-159
-128
-100
-63
-21
19
58
92
125
157
183
205
222
228
225
215
203
181
155
127
91
56
13
-36
-69
-100
-140
-178
-214
-239
-258
-276
-291
-302
-316
-340
-361
-370
-387
-397
-408
-416
-423
-430
-427
-418
-408
-399
-391
-381
-361
-341
-324
-314
-311
-308
-291
-257
-215
-173
-131
-90
-42
3
52
116
176
231
286
340
396
446
479
504
534
557
563
579
588
600
607
604
591
598
582
521
480
473
483
443
379
324
303
267
216
160
128
128
105
42
23
112
218
198
65
0
69
156
112
-9
-101
-85
-88
-174
-265
-287
-218
-174
-211
-256
-226
-134
-70
-82
-122
-129
-81
-9
81
114
11
-117
-55
97
87
-68
-178
-146
-124
-218
-381
-473
-438
-403
-465
-571
-623
-670
-728
-808
-820
-766
-752
-888
-1041
-1050
-987
-982
-1048
-1094
-1103
-1100
-1104
-1072
-1014
-979
-969
-817
-416
-29
94
27
132
528
995
1278
1412
1457
1507
1540
1712
2001
2267
2167
1752
1701
1716
1812
1779
1556
1284
1042
801
603
470
330
68
-306
-557
-664
-760
-915
-1101
-1270
-1371
-1438
-1450
-1448
-1474
-1514
-1475
-1331
-1139
-979
-875
-770
-619
-380
-106
129
326
486
685
882
1075
1261
1386
1439
1463
1502
1516
1475
1411
1328
1192
1069
928
768
574
387
197
9
-142
-297
-478
-655
-804
-888
-959
-1025
-1051
-1102
-1150
-1166
-1141
-1113
-1071
-1038
-1004
-932
-843
-781
-730
-654
-593
-515
-459
-407
-360
-340
-311
-286
-267
-200
-201
-264
-270
-306
-267
-261
-313
-338
-405
-438
-435
-425
-39
235
121
-34
15
453
810
989
1008
956
992
1098
1308
1636
1816
1699
1355
1279
1461
1516
1448
1243
1024
842
637
515
453
283
37
-256
-409
-442
-595
-791
-890
-949
-1050
-1117
-1154
-1168
-1168
-1104
-952
-756
-639
-586
-550
-389
-128
201
480
569
680
744
934
1192
1409
1512
1460
1457
1462
1412
1433
1440
1335
1125
984
834
608
459
253
29
-146
-329
-540
-776
-942
-1079
-1270
-1375
-1427
-1549
-1681
-1728
-1770
-1809
-1772
-1764
-1772
-1726
-1601
-1479
-1364
-1291
-1193
-1099
-949
-764
-640
-452
-360
-301
-250
-171
-27
69
173
226
195
223
198
232
310
530
887
906
710
622
831
1237
1504
1572
1430
1253
1248
1354
1594
1774
1734
1408
1095
1091
1145
1121
984
758
517
297
149
50
-26
-169
-395
-570
-648
-742
-908
-987
-923
-948
-994
-1045
-1078
-1054
-1014
-886
-703
-556
-450
-463
-342
-83
181
396
543
680
670
779
976
1155
1312
1303
1243
1131
1098
1131
1079
1038
892
671
462
341
235
70
-72
-241
-479
-696
-860
-997
-1109
-1180
-1278
-1420
-1529
-1616
-1702
-1682
-1631
-1627
-1644
-1626
-1603
-1556
-1430
-1271
-1158
-1088
-985
-931
-805
-603
-476
-397
-295
-189
-117
-27
167
163
238
271
295
494
936
1278
1011
849
976
1438
1884
1981
1824
1507
1476
1658
1804
2123
2119
1712
1246
1186
1383
1454
1310
940
593
367
227
138
23
-123
-435
-761
-866
-913
-1070
-1225
-1248
-1253
-1293
-1365
-1435
-1400
-1344
-1214
-1032
-878
-779
-775
-727
-450
-86
164
284
352
585
599
785
1120
1300
1444
1376
1328
1220
1253
1415
1296
1216
1157
911
571
424
471
257
121
-15
-358
-573
-661
-738
-865
-937
-1019
-1310
-1457
-1398
-1438
-1492
-1416
-1433
-1588
-1588
-1491
-1437
-1318
-1219
-1215
-1213
-1078
-955
-929
-738
-574
-575
-587
-517
-399
-305
-81
16
-26
27
3
71
225
694
1095
830
680
731
1127
1665
1827
1762
1512
1481
1646
1803
2057
2157
1966
1579
1481
1631
1655
1608
1311
990
811
627
467
314
157
-70
-393
-556
-635
-846
-1096
-1149
-1156
-1221
-1294
-1413
-1464
-1410
-1323
-1190
-1040
-930
-896
-906
-663
-303
-36
157
245
355
471
667
926
1174
1291
1201
1132
1170
1269
1388
1337
1209
1020
810
683
586
544
429
174
-109
-315
-489
-634
-731
-869
-1060
-1252
-1436
-1545
-1593
-1622
-1618
-1663
-1728
-1774
-1763
-1674
-1536
-1443
-1360
-1323
-1289
-1151
-985
-813
-640
-528
-473
-404
-276
-129
12
218
221
235
202
294
509
778
1282
1170
840
795
1102
1735
2012
1955
1615
1347
1469
1647
1957
2123
1940
1432
1066
1225
1355
1399
1198
785
495
259
105
12
-60
-194
-548
-804
-887
-1019
-1236
-1329
-1269
-1288
-1319
-1453
-1561
-1497
-1370
-1187
-1002
-882
-886
-922
-740
-367
2
182
408
375
353
661
911
1291
1434
1368
1177
1099
1384
1497
1489
1466
1246
921
708
778
713
611
466
89
-221
-382
-436
-560
-690
-771
-1044
-1331
-1398
-1408
-1470
-1480
-1494
-1647
-1745
-1735
-1693
-1588
-1449
-1388
-1466
-1494
-1379
-1274
-1060
-832
-753
-749
-758
-650
-497
-216
-50
-14
-71
-80
-20
113
456
897
991
731
597
815
1362
1792
1878
1673
1443
1441
1660
1918
2178
2121
1750
1393
1400
1563
1641
1509
1185
859
617
477
400
333
160
-137
-471
-604
-696
-897
-1030
-1068
-1135
-1221
-1315
-1402
-1422
-1374
-1243
-1113
-974
-909
-906
-824
-534
-169
46
161
258
332
515
792
1062
1250
1222
1169
1147
1238
1415
1461
1370
1229
1057
900
818
790
675
468
190
-79
-266
-407
-489
-645
-836
-1036
-1251
-1378
-1404
-1409
-1476
-1559
-1627
-1656
-1655
-1605
-1530
-1452
-1384
-1337
-1343
-1272
-1157
-997
-848
-728
-646
-627
-582
-428
-226
-69
76
82
70
77
253
456
817
1125
949
747
792
1187
1688
1850
1796
1506
1350
1514
1746
1989
2082
1845
1393
1225
1356
1468
1460
1206
860
558
371
315
254
157
-71
-482
-730
-769
-871
-1062
-1138
-1223
-1360
-1446
-1538
-1544
-1493
-1441
-1346
-1248
-1128
-1043
-1017
-783
-453
-220
-53
76
198
369
588
838
1087
1196
1182
1147
1221
1393
1458
1399
1318
1200
1058
945
884
795
645
429
172
-21
-171
-290
-476
-651
-813
-1019
-1183
-1279
-1318
-1410
-1506
-1595
-1673
-1640
-1617
-1606
-1546
-1538
-1511
-1458
-1348
-1158
-1115
-996
-873
-811
-699
-615
-462
-350
-186
-61
-41
63
95
267
476
809
1002
785
836
1004
1381
1667
1668
1612
1475
1521
1680
1808
1945
1838
1592
1333
1360
1465
1387
1226
905
650
461
321
272
142
-73
-388
-691
-797
-831
-933
-1115
-1233
-1356
-1519
-1526
-1489
-1432
-1422
-1449
-1393
-1269
-1088
-915
-778
-554
-258
-120
-28
219
467
706
935
1097
1216
1263
1367
1452
1538
1679
1685
1520
1404
1368
1262
1169
1106
925
666
435
238
54
-97
-223
-448
-702
-868
-1044
-1196
-1248
-1299
-1461
-1614
-1673
-1729
-1719
-1630
-1584
-1615
-1621
-1598
-1524
-1411
-1213
-1057
-1054
-920
-869
-773
-588
-406
-198
-161
-101
-20
32
223
479
665
843
877
828
967
1278
1589
1696
1627
1575
1587
1674
1830
1941
1888
1746
1570
1418
1475
1489
1340
1100
850
672
510
374
281
117
-98
-359
-603
-751
-812
-906
-1083
-1201
-1360
-1502
-1542
-1491
-1397
-1376
-1404
-1388
-1327
-1150
-924
-736
-519
-325
-212
-45
213
490
762
954
1079
1182
1259
1379
1525
1634
1712
1651
1509
1411
1339
1300
1249
1110
900
629
358
195
71
-68
-271
-551
-818
-1006
-1127
-1218
-1296
-1430
-1605
-1755
-1833
-1841
-1822
-1803
-1779
-1806
-1831
-1779
-1695
-1517
-1335
-1255
-1174
-1088
-979
-793
-628
-434
-281
-191
-112
-34
114
325
559
707
909
933
927
1118
1344
1602
1698
1649
1633
1633
1760
1863
1873
1839
1707
1563
1463
1488
1415
1263
1056
807
656
517
347
214
21
-169
-397
-585
-701
-791
-924
-1076
-1177
-1307
-1406
-1442
-1400
-1347
-1319
-1330
-1313
-1214
-1043
-807
-613
-480
-319
-163
30
301
534
716
823
937
1105
1219
1340
1433
1417
1391
1423
1413
1361
1279
1145
991
892
785
628
394
178
-7
-232
-379
-500
-712
-921
-1103
-1246
-1328
-1389
-1492
-1614
-1701
-1753
-1762
-1754
-1696
-1695
-1730
-1697
-1613
-1464
-1296
-1219
-1168
-1068
-926
-744
-584
-426
-297
-178
-15
162
357
507
723
912
973
1149
1321
1506
1652
1666
1724
1764
1874
1998
1965
1927
1862
1769
1706
1693
1665
1508
1289
1034
877
786
642
475
195
-59
-265
-466
-589
-712
-883
-1057
-1213
-1341
-1413
-1463
-1498
-1508
-1512
-1492
-1411
-1345
-1241
-1120
-971
-747
-547
-369
-203
-45
169
422
607
770
910
1002
1103
1234
1337
1384
1370
1340
1302
1243
1199
1104
943
799
668
507
344
155
-60
-257
-410
-564
-728
-911
-1091
-1219
-1324
-1394
-1478
-1569
-1630
-1698
-1712
-1663
-1621
-1574
-1538
-1552
-1458
-1336
-1241
-1097
-1017
-919
-821
-728
-553
-424
-262
-44
102
232
423
629
745
943
1161
1342
1497
1540
1596
1651
1756
1921
1957
1951
1904
1785
1699
1702
1698
1612
1487
1271
1058
897
759
681
544
342
112
-168
-340
-441
-575
-725
-885
-1072
-1234
-1336
-1378
-1384
-1405
-1419
-1433
-1458
-1378
-1242
-1128
-966
-835
-740
-608
-391
-146
51
237
376
493
630
804
970
1055
1131
1154
1114
1162
1192
1164
1113
1011
884
737
631
545
407
239
87
-123
-319
-418
-531
-682
-827
-1001
-1176
-1271
-1323
-1361
-1447
-1499
-1562
-1620
-1573
-1508
-1468
-1455
-1410
-1376
-1318
-1166
-1037
-931
-835
-745
-603
-448
-214
-23
136
370
490
632
846
1088
1323
1424
1506
1573
1643
1796
1883
1931
1924
1860
1775
1726
1770
1724
1594
1417
1204
1049
936
819
676
476
239
-1
-162
-264
-378
-554
-741
-900
-1064
-1161
-1201
-1249
-1266
-1301
-1363
-1381
-1314
-1195
-1082
-956
-848
-777
-690
-527
-330
-111
108
220
289
382
526
693
859
976
983
950
951
982
1031
1067
1013
874
714
594
497
442
361
198
-24
-232
-389
-508
-584
-685
-823
-984
-1132
-1225
-1285
-1301
-1318
-1379
-1411
-1449
-1435
-1396
-1363
-1289
-1237
-1179
-1118
-1046
-943
-830
-698
-527
-368
-204
-65
145
307
482
714
910
1101
1221
1310
1409
1528
1689
1777
1792
1793
1743
1711
1696
1691
1616
1488
1339
1168
1067
972
826
666
488
320
158
33
-62
-211
-382
-535
-669
-764
-824
-889
-950
-996
-1063
-1115
-1067
-987
-919
-875
-844
-792
-718
-579
-429
-263
-130
-78
-63
30
196
349
462
513
491
464
496
563
639
670
614
516
433
404
385
348
320
210
66
-58
-141
-191
-251
-325
-450
-570
-665
-728
-773
-828
-864
-948
-1029
-1006
-1041
-1028
-1012
-1009
-950
-955
-917
-892
-847
-725
-636
-531
-435
-337
-252
-113
102
222
375
529
664
818
915
1054
1161
1261
1397
1436
1471
1502
1501
1478
1480
1487
1404
1300
1163
1032
953
858
755
620
448
306
136
16
-46
-169
-306
-416
-546
-644
-656
-687
-744
-793
-822
-798
-740
-670
-629
-619
-570
-460
-384
-293
-192
-151
-108
-33
60
115
160
199
183
198
230
240
216
184
173
116
75
58
-5
-58
-94
-136
-213
-284
-307
-387
-438
-462
-528
-578
-604
-628
-687
-700
-670
-707
-726
-687
-670
-686
-672
-643
-634
-584
-509
-516
-499
-441
-388
-320
-245
-132
-86
-36
110
177
256
393
476
570
642
697
739
781
883
948
976
1010
979
939
920
936
960
923
843
711
603
551
492
446
360
234
96
-21
-76
-120
-164
-228
-317
-362
-391
-437
-436
-396
-357
-325
-299
-279
-262
-202
-93
-27
22
80
82
82
164
245
270
284
261
208
181
220
241
190
124
43
-56
-104
-103
-162
-259
-343
-446
-540
-567
-585
-643
-698
-745
-769
-800
-793
-730
-733
-709
-674
-686
-635
-578
-491
-441
-421
-330
-309
-242
-146
-99
-32
19
74
103
144
240
279
332
393
455
522
570
619
631
683
768
783
778
765
721
727
740
747
710
628
546
471
437
436
389
290
181
80
19
13
2
-54
-121
-204
-258
-239
-203
-196
-217
-238
-242
-228
-153
-82
-48
-13
21
40
103
197
256
323
365
384
414
431
467
474
450
435
387
342
294
223
137
57
-10
-97
-189
-287
-394
-475
-572
-654
-741
-842
-905
-980
-1028
-1035
-1072
-1112
-1145
-1140
-1083
-1039
-993
-958
-934
-859
-766
-654
-541
-450
-383
-330
-228
-103
10
107
184
251
320
415
527
614
710
794
859
920
956
998
1059
1124
1163
1135
1064
1020
990
973
940
869
742
602
476
383
319
235
103
-53
-186
-265
-323
-365
-415
-489
-562
-582
-564
-566
-533
-510
-479
-426
-373
-305
-257
-174
-70
-21
66
139
194
254
337
444
494
529
543
533
546
579
603
574
528
455
347
302
262
185
82
-49
-189
-311
-407
-477
-566
-672
-768
-879
-973
-1016
-1050
-1085
-1099
-1124
-1168
-1182
-1152
-1106
-1047
-1006
-964
-930
-877
-777
-695
-591
-495
-443
-377
-273
-146
-19
100
211
293
399
513
634
755
860
951
986
1045
1126
1174
1235
1265
1256
1228
1196
1160
1118
1087
1028
938
835
739
647
551
466
378
261
153
61
-30
-97
-153
-207
-259
-307
-350
-387
-417
-420
-407
-408
-405
-394
-382
-346
-296
-257
-222
-183
-141
-103
-57
-1
30
51
71
91
117
138
151
124
91
69
38
11
-19
-61
-133
-210
-272
-328
-369
-410
-472
-550
-616
-658
-692
-725
-743
-786
-817
-833
-819
-810
-808
-781
-779
-761
-720
-683
-623
-572
-503
-430
-353
-236
-145
-54
56
156
273
394
492
580
672
787
876
982
1071
1109
1145
1170
1208
1243
1256
1258
1200
1147
1120
1088
1070
1026
958
854
760
695
631
570
501
400
289
188
122
52
-18
-80
-177
-258
-322
-380
-436
-482
-521
-563
-591
-604
-625
-637
-623
-618
-606
-590
-584
-577
-565
-535
-519
-498
-475
-471
-463
-442
-421
-421
-425
-417
-422
-415
-379
-370
-368
-358
-356
-347
-317
-297
-283
-296
-289
-273
-261
-225
-206
-202
-192
-177
-155
-138
-115
-90
-82
-52
-19
1
36
51
89
118
145
198
195
225
251
264
322
341
378
410
412
484
518
561
616
622
646
653
684
728
736
785
784
782
813
819
851
842
831
816
748
726
681
633
599
525
465
380
302
241
155
89
3
-90
-171
-256
-319
-395
-459
-520
-593
-647
-709
-755
-803
-852
-889
-926
-960
-989
-1010
-1022
-1027
-1024
-1014
-995
-973
-938
-902
-863
-813
-757
-695
-631
-561
-489
-439
-369
-299
-235
-144
-90
-31
8
41
106
137
202
245
258
297
308
345
385
415
459
466
497
504
496
533
540
538
545
513
486
461
463
483
461
472
446
402
411
417
423
432
424
408
385
413
446
455
484
475
450
454
462
466
452
435
407
359
353
340
308
295
269
221
186
154
118
83
53
21
-37
-78
-119
-176
-216
-246
-305
-362
-418
-488
-543
-595
-637
-690
-741
-783
-831
-855
-876
-890
-894
-920
-916
-915
-908
-867
-850
-802
-771
-734
-671
-640
-562
-500
-449
-372
-330
-270
-203
-125
-37
19
96
146
194
272
344
413
481
537
567
599
665
717
762
792
812
794
782
800
781
789
771
723
678
630
620
594
561
545
474
432
392
345
329
295
262
215
167
138
106
88
64
32
3
-41
-76
-99
-119
-136
-160
-180
-209
-226
-227
-222
-228
-228
-229
-244
-246
-236
-232
-225
-232
-238
-258
-278
-267
-281
-302
-319
-353
-385
-410
-421
-441
-468
-484
-510
-523
-519
-509
-511
-517
-515
-519
-497
-474
-457
-441
-447
-432
-412
-376
-335
-313
-278
-260
-226
-161
-105
-48
1
52
93
147
232
280
330
388
420
468
524
591
614
633
687
694
718
754
767
764
759
779
749
736
752
708
679
655
615
569
521
509
439
387
353
271
215
163
124
66
7
-26
-110
-144
-157
-197
-211
-247
-274
-318
-344
-331
-358
-357
-370
-401
-404
-408
-385
-384
-379
-369
-389
-378
-373
-364
-343
-345
-336
-346
-340
-325
-317
-291
-286
-281
-273
-266
-240
-231
-216
-204
-205
-196
-198
-186
-181
-170
-149
-151
-144
-131
-123
-109
-89
-67
-64
-51
-30
-23
1
20
35
42
57
85
83
116
134
134
166
180
214
223
244
265
266
310
332
341
367
368
385
395
421
441
429
432
417
413
424
428
415
384
360
342
332
317
289
247
199
163
135
111
80
37
-8
-52
-77
-91
-119
-153
-194
-234
-271
-289
-308
-343
-380
-410
-436
-453
-454
-471
-491
-498
-507
-510
-502
-492
-484
-478
-459
-447
-434
-406
-395
-372
-344
-322
-297
-283
-252
-225
-199
-146
-121
-96
-57
-31
11
45
90
123
135
177
196
217
259
274
295
293
307
317
309
342
338
330
329
308
316
309
318
312
281
285
266
266
280
269
271
257
258
257
248
262
246
243
241
226
224
208
206
191
182
183
159
156
143
127
126
115
118
100
84
75
56
55
43
28
8
-14
-27
-51
-69
-86
-110
-131
-161
-184
-210
-233
-249
-275
-296
-318
-340
-353
-369
-379
-388
-403
-410
-422
-430
-438
-435
-429
-430
-421
-411
-403
-384
-359
-336
-310
-283
-246
-219
-184
-139
-108
-63
-20
17
58
97
144
183
222
262
291
325
353
380
409
426
451
462
467
476
470
472
463
450
441
415
394
371
345
317
283
251
217
185
158
117
84
58
24
-5
-29
-51
-71
-87
-97
-105
-108
-109
-111
-111
-103
-95
-88
-78
-66
-62
-52
-40
-32
-20
-7
-3
-1
5
8
9
11
9
4
-3
-11
-23
-34
-47
-65
-78
-102
-122
-143
-167
-189
-215
-232
-257
-287
-304
-330
-348
-360
-377
-386
-396
-398
-401
-397
-385
-382
-368
-344
-324
-297
-271
-238
-210
-170
-123
-89
-47
-4
37
78
124
168
199
235
272
300
334
366
389
406
425
444
455
468
474
470
471
465
455
437
419
398
376
354
325
293
262
226
192
160
125
94
57
21
-13
-43
-68
-98
-122
-147
-170
-185
-199
-212
-222
-232
-239
-246
-241
-241
-242
-233
-226
-215
-205
-190
-178
-167
-148
-132
-123
-109
-99
-94
-87
-76
-70
-68
-65
-63
-66
-66
-63
-72
-80
-87
-97
-105
-112
-117
-129
-139
-143
-153
-157
-159
-165
-164
-164
-160
-158
-151
-139
-132
-118
-104
-85
-68
-46
-21
-2
22
52
75
105
139
166
193
224
250
274
301
324
345
361
374
389
398
408
414
414
413
409
400
389
377
362
343
320
295
271
241
212
180
142
106
70
27
-10
-45
-80
-114
-145
-176
-205
-230
-251
-274
-293
-309
-323
-336
-344
-351
-357
-361
-359
-358
-352
-342
-334
-320
-304
-283
-263
-243
-219
-199
-178
-152
-130
-107
-84
-67
-49
-31
-12
4
16
28
38
48
59
66
71
74
77
75
75
78
76
75
74
70
68
67
64
63
60
63
62
61
64
66
70
76
82
83
89
96
98
104
112
115
121
127
137
143
151
160
165
172
177
180
183
183
185
181
179
174
164
155
143
130
115
103
88
72
56
39
21
3
-13
-30
-48
-64
-83
-99
-113
-130
-143
-156
-169
-180
-191
-200
-209
-215
-219
-224
-225
-224
-221
-218
-209
-203
-195
-182
-169
-157
-141
-126
-111
-94
-76
-59
-41
-25
-6
9
26
41
56
68
76
86
96
105
113
122
126
129
133
136
138
139
142
139
137
135
132
127
123
116
108
102
94
84
75
69
59
52
49
41
38
32
29
25
21
20
14
8
6
4
0
-2
-7
-10
-14
-17
-18
-23
-24
-29
-30
-33
-35
-35
-37
-38
-41
-42
-45
-47
-48
-52
-53
-53
-55
-56
-58
-57
-61
-61
-61
-64
-64
-67
-68
-70
-70
-70
-72
-72
-69
-69
-67
-65
-61
-61
-56
-52
-50
-46
-43
-40
-37
-34
-28
-26
-21
-18
-15
-10
-6
-4
-1
4
4
9
13
15
18
20
22
23
25
30
32
34
37
38
39
41
39
38
37
36
33
32
32
27
25
23
21
18
16
14
12
9
11
6
7
9
7
5
5
6
5
5
4
2
0
0
-1
-1
0
2
3
4
7
6
8
11
13
14
15
14
12
11
12
11
12
10
9
6
5
4
2
0
-3
-1
-5
-6
-7
-9
-13
-16
-19
-23
-26
-26
-30
-32
-32
-34
-36
-36
-34
-35
-34
-33
-32
-30
-28
-25
-21
-19
-13
-12
-8
-4
-2
1
5
9
11
14
19
24
30
34
38
43
47
51
52
56
58
60
64
65
67
69
69
70
71
70
68
67
67
62
61
58
56
51
49
48
43
40
36
30
28
25
21
18
14
10
6
4
2
0
-3
-6
-10
-12
-15
-16
-18
-20
-21
-23
-24
-25
-26
-28
-28
-29
-29
-30
-31
-31
-30
-31
-31
-32
-33
-33
-36
-35
-36
-36
-39
-38
-38
-39
-39
-39
-39
-41
-41
-42
-43
-41
-43
-43
-43
-44
-43
-42
-42
-43
-43
-42
-43
-42
-40
-39
-37
-34
-32
-29
-28
-25
-24
-21
-15
-11
-7
-4
0
4
9
13
17
20
22
25
28
30
33
36
37
40
41
43
46
47
50
49
50
51
51
52
50
51
50
49
48
45
44
41
38
34
31
27
23
21
17
12
8
4
-1
-5
-7
-12
-14
-18
-21
-21
-24
-25
-29
-31
-32
-35
-36
-37
-39
-39
-40
-43
-43
-46
-46
-47
-47
-48
-47
-46
-45
-45
-43
-41
-39
-38
-35
-31
-30
-27
-27
-24
-21
-20
-17
-16
-15
-12
-11
-7
-5
-3
0
0
4
5
9
11
15
17
19
24
27
32
34
38
39
41
44
44
48
50
51
52
54
54
53
53
54
54
54
55
56
56
57
57
57
58
56
55
54
51
50
47
46
42
38
36
29
24
18
13
7
0
-6
-12
-17
-23
-27
-33
-38
-43
-47
-52
-55
-57
-62
-65
-67
-69
-74
-75
-75
-77
-79
-79
-79
-80
-78
-78
-77
-73
-72
-69
-66
-62
-58
-51
-47
-43
-39
-33
-27
-22
-17
-9
-4
0
6
10
16
21
25
27
31
34
38
41
45
48
50
54
55
55
57
59
60
60
60
61
60
60
59
59
57
54
51
48
47
43
41
39
36
35
33
30
29
28
24
22
20
17
13
11
9
5
2
-1
-4
-7
-9
-11
-14
-17
-19
-23
-24
-26
-28
-29
-31
-32
-33
-34
-34
-35
-35
-37
-36
-36
-35
-34
-35
-34
-33
-32
-32
-31
-31
-31
-29
-26
-25
-21
-18
-16
-13
-11
-9
-8
-4
-1
0
2
5
7
9
11
12
13
14
14
15
16
17
17
18
19
20
20
21
21
22
23
22
21
21
20
19
19
18
16
14
13
9
8
7
3
3
1
0
-1
-2
-2
-3
-4
-4
-4
-6
-5
-5
-6
-5
-5
-5
-5
-7
-5
-6
-6
-6
-6
-5
-5
-5
-5
-4
-3
-1
-2
0
-1
-1
-2
-2
-1
-3
-3
-5
-5
-5
-5
-7
-6
-6
-6
-7
-8
-9
-9
-8
-8
-9
-9
-8
-8
-8
-7
-6
-6
-4
-4
-5
-4
-3
-3
-4
-2
-3
-1
-1
-2
0
2
2
3
4
5
6
8
9
10
10
11
11
12
12
12
13
12
12
12
12
11
10
9
10
10
10
9
9
9
8
9
8
8
6
5
2
1
1
-2
-2
-4
-6
-6
-6
-8
-9
-10
-10
-9
-10
-9
-9
-9
-9
-8
-7
-7
-5
-5
-5
-3
-4
-1
-2
-2
-1
-2
-2
-2
-2
-3
-4
-4
-3
-4
-4
-4
-4
-4
-4
-5
-4
-4
-3
-4
-5
-5
-5
-4
-5
-5
-4
-6
-5
-4
-6
-5
-4
-3
-2
-1
0
1
2
4
4
5
4
5
5
5
6
5
6
7
7
7
9
9
10
10
11
10
10
9
10
10
8
9
8
7
7
6
4
3
3
2
0
-1
-2
-2
-4
-5
-8
-9
-8
-10
-12
-11
-10
-12
-11
-11
-13
-11
-11
-11
-12
-11
-10
-9
-9
-9
-8
-8
-8
-6
-6
-4
-4
-3
-4
-3
-2
-1
1
3
4
6
6
6
7
6
7
8
8
7
7
7
5
6
8
8
6
7
6
6
5
5
5
5
5
3
4
4
3
4
2
2
3
1
1
2
1
2
2
1
2
3
3
2
3
2
1
2
5
5
5
4
5
4
5
4
2
2
2
3
2
1
1
1
0
-2
-4
-4
-4
-5
-7
-8
-9
-10
-10
-10
-10
-12
-11
-12
-12
-12
-11
-12
-11
-10
-10
-10
-10
-10
-9
-8
-8
-6
-6
-6
-5
-4
-3
-2
0
1
1
2
2
4
7
7
7
9
9
11
11
11
10
11
10
11
10
11
11
10
10
10
8
7
8
6
6
4
3
2
2
0
0
0
-2
-3
-2
-3
-4
-4
-5
-5
-6
-5
-7
-6
-5
-5
-6
-5
-6
-6
-6
-7
-7
-7
-6
-6
-5
-4
-3
-2
-1
-1
-1
-1
0
-1
-1
-1
-1
-1
-1
0
-1
-1
-1
-1
-1
-1
0
0
0
0
1
1
2
0
2
0
1
1
1
1
3
2
3
5
6
6
7
6
7
7
8
9
10
11
12
12
13
12
12
12
13
13
13
12
12
12
11
12
12
10
11
9
7
9
6
4
4
4
3
2
1
1
0
-2
-3
-4
-6
-6
-7
-9
-8
-10
-10
-9
-10
-10
-10
-10
-9
-11
-11
-11
-10
-11
-10
-10
-9
-7
-8
-8
-6
-6
-7
-6
-7
-7
-6
-4
-5
-5
-4
-5
-4
-2
-3
-2
-1
0
-1
1
2
2
2
1
1
0
1
1
1
2
1
2
2
1
1
0
1
-1
1
1
1
1
1
3
2
2
3
2
3
4
4
2
2
4
3
4
4
4
5
5
6
4
4
4
4
4
4
2
4
4
4
3
3
2
1
1
0
0
0
-1
0
-2
-1
-2
-3
-3
-4
-4
-4
-6
-6
-6
-6
-7
-6
-6
-7
-6
-5
-5
-4
-5
-4
-5
-4
-4
-4
-4
-4
-4
-5
-4
-4
-4
-1
-2
-2
0
1
2
2
3
3
2
4
3
3
5
5
5
6
6
7
5
5
5
7
7
7
8
8
9
8
9
9
8
7
8
8
6
6
5
6
5
4
6
5
5
7
6
5
7
6
6
6
6
6
6
5
5
5
5
6
4
5
4
3
3
2
2
2
0
-1
-1
-2
-4
-3
-6
-6
-6
-7
-8
-6
-7
-7
-7
-8
-8
-9
-9
-10
-10
-10
-11
-11
-12
-12
-13
-11
-10
-12
-11
-9
-8
-7
-6
-4
-4
-3
-3
-3
-2
-3
-1
-2
-1
0
0
1
2
3
4
5
6
6
7
8
7
8
8
8
10
10
12
12
11
11
11
10
9
9
8
7
6
5
4
3
3
3
2
1
-1
-2
-3
-3
-4
-3
-4
-5
-6
-4
-6
-6
-7
-8
-8
-9
-9
-9
-9
-9
-11
-10
-11
-12
-14
-13
-13
-13
-12
-12
-12
-10
-11
-10
-9
-10
-11
-11
-11
-10
-9
-9
-10
-10
-9
-9
-8
-7
-6
-6
-5
-4
-3
-1
0
1
2
3
4
5
5
6
8
7
7
9
8
9
10
10
12
11
10
11
11
12
13
12
14
13
13
13
13
13
13
12
11
10
8
8
7
6
5
6
5
5
3
3
3
2
0
-1
-2
-2
-2
-3
-4
-5
-5
-5
-5
-5
-5
-7
-7
-7
-8
-8
-9
-8
-8
-9
-8
-8
-9
-10
-10
-10
-9
-9
-8
-9
-10
-8
-7
-6
-6
-7
-6
-5
-4
-4
-3
-3
-3
-2
-2
-2
-1
0
1
1
3
2
2
3
3
3
4
4
4
5
5
5
6
6
5
5
5
6
6
5
5
5
4
4
4
3
3
3
2
2
3
2
3
2
2
2
2
3
3
3
3
2
2
2
3
2
1
2
1
0
0
1
0
1
0
-1
-1
0
0
0
0
0
0
0
0
-1
-2
-2
-1
-1
-2
-1
-2
-1
-2
-2
-2
-4
-3
-3
-3
-3
-3
-3
-4
-4
-2
-3
-4
-2
-1
0
0
0
0
1
1
0
0
1
1
1
1
3
2
3
5
3
5
5
5
5
6
6
6
7
8
8
9
8
7
7
9
8
7
8
7
8
8
9
7
7
7
7
5
6
5
5
5
5
4
5
4
4
4
3
3
3
2
2
1
-1
-2
-2
-3
-3
-2
-4
-4
-5
-3
-4
-4
-4
-5
-5
-6
-6
-6
-5
-6
-6
-8
-7
-7
-9
-8
-9
-8
-8
-9
-9
-8
-8
-7
-7
-7
-7
-6
-5
-4
-5
-3
-3
-4
-3
-3
-3
-2
-1
-1
0
2
2
3
4
4
4
6
6
7
7
8
7
8
8
8
8
7
8
9
8
8
8
7
5
5
5
5
3
1
2
1
-1
-1
-2
-3
-3
-4
-3
-5
-6
-7
-7
-7
-8
-8
-9
-9
-10
-12
-11
-12
-11
-12
-12
-12
-12
-11
-11
-10
-10
-9
-10
-10
-9
-8
-8
-7
-7
-8
-6
-5
-4
-4
-3
-1
-2
0
1
2
3
3
3
3
4
5
5
4
6
6
6
7
6
7
7
7
6
7
7
6
8
6
7
7
6
7
6
7
6
6
6
6
6
7
5
5
6
4
4
4
4
4
4
4
4
4
4
4
3
2
1
1
0
-1
-2
-4
-3
-5
-6
-5
-5
-6
-6
-6
-6
-6
-4
-5
-5
-4
-4
-4
-3
-4
-4
-3
-2
-2
-1
-1
-1
0
-1
0
1
1
1
2
2
4
4
4
5
4
5
5
5
5
4
4
6
5
6
6
7
6
6
7
6
7
5
5
4
5
6
4
4
4
3
4
2
3
3
1
3
3
2
2
0
1
-1
0
0
-1
-2
-1
0
-2
-1
-1
-1
0
-1
-1
0
0
-1
-1
0
-1
0
-2
-1
-2
-2
-1
-2
-2
0
-1
-1
-1
-2
-3
-3
-2
-1
-2
-1
-2
-2
-2
-3
-4
-4
-5
-4
-2
-2
-1
-3
-2
0
0
-2
-2
-1
-3
-1
-1
-1
-1
-2
-1
-1
0
-1
-1
-1
-1
-1
0
1
0
2
0
2
1
1
1
2
2
3
3
3
2
3
3
3
4
3
2
3
1
2
2
0
1
-1
0
1
2
1
1
2
2
3
3
2
1
0
0
0
-1
-1
-2
-1
-2
-2
-3
-3
-2
-4
-4
-4
-5
-5
-4
-4
-5
-4
-4
-4
-4
-4
-3
-5
-4
-4
-6
-6
-5
-6
-6
-5
-5
-4
-5
-5
-5
-4
-5
-5
-5
-5
-4
-5
-3
-2
-2
-1
0
-1
-1
-1
-1
-1
0
1
2
3
2
2
3
3
2
3
3
4
5
5
6
7
7
6
7
7
7
7
8
6
6
6
5
6
6
6
7
6
5
5
5
3
2
2
2
1
1
0
-1
-2
-3
-3
-4
-4
-5
-4
-4
-3
-3
-3
-1
-2
-3
-4
-3
-4
-5
-4
-4
-3
-1
-2
-1
-2
0
-1
-1
-1
1
0
1
0
0
1
0
0
-1
1
0
0
0
0
0
1
1
2
3
3
3
4
4
3
3
4
4
3
3
2
3
5
3
4
3
3
4
3
3
3
1
0
1
0
0
0
-3
-3
-2
-3
-3
-2
-1
-1
-1
-2
-1
-1
-1
-3
-4
-4
-5
-5
-6
-5
-5
-4
-4
-3
-3
-3
-2
-2
-2
-2
0
-2
-2
-1
-1
-1
-2
-2
-2
-3
-4
-4
-3
-4
-3
-2
-1
-1
0
0
0
0
0
0
1
2
3
1
2
0
0
-1
0
0
0
0
-1
-1
-1
0
0
0
0
1
1
1
2
2
2
1
2
3
2
4
5
5
5
4
4
4
2
1
1
0
1
2
2
3
2
3
2
3
2
2
2
2
2
4
4
4
4
3
2
1
1
0
0
0
0
0
-1
-1
-1
0
-1
-2
0
-1
-2
-2
-3
-3
-3
-2
-2
-3
-3
-3
-4
-4
-4
-6
-5
-5
-4
-6
-5
-4
-5
-5
-5
-3
-3
-3
-3
-3
-3
-3
-4
-4
-5
-5
-5
-6
-6
-7
-7
-7
-6
-6
-4
-4
-4
-3
-2
-3
-1
0
1
1
3
3
3
4
5
5
4
4
5
4
2
2
3
2
3
4
4
4
5
4
4
5
5
5
4
3
3
4
3
4
3
2
2
2
2
2
2
2
1
0
1
0
0
-1
0
-2
0
-1
-1
1
2
2
2
3
3
3
2
0
-1
-1
-2
-3
-2
-2
-2
-2
-1
-1
0
0
-1
-1
-2
-2
-1
-1
-1
-1
2
1
0
0
0
-1
-1
-1
-3
-4
-4
-3
-2
-3
-2
-2
-2
-3
-1
-1
-1
0
-1
-1
-2
-1
0
0
1
1
0
0
1
1
1
4
3
2
2
2
1
2
0
1
1
0
0
-1
0
1
0
1
2
2
2
2
0
1
0
0
0
-1
-2
-1
-1
-3
-2
-3
-3
-2
-3
-2
-1
-2
-2
0
0
1
0
-1
-1
-2
-2
-2
-1
-1
0
-1
-2
-1
-3
-4
-4
-4
-3
-3
-3
-1
0
0
0
-1
0
1
1
1
1
-1
0
0
1
1
1
1
1
1
-1
0
0
1
1
0
2
1
1
2
2
3
2
1
2
3
1
2
1
1
1
2
2
3
2
2
2
2
4
4
5
5
5
4
4
5
4
3
4
4
2
3
3
2
1
3
2
0
1
-1
-1
-2
-2
-2
-3
-2
-2
-3
-3
-3
-3
-2
-3
-3
-4
-4
-3
-3
-3
-3
-4
-4
-4
-4
-4
-2
-4
-3
-3
-4
-3
-2
-2
-1
-2
-1
-1
0
0
0
1
1
2
1
3
4
4
3
1
2
1
1
1
0
1
1
0
0
2
3
3
2
2
1
1
2
-1
1
0
0
-1
-2
-3
-3
-3
-3
-3
-3
-4
-2
-3
-2
-3
-2
-3
-3
-2
-3
-3
-3
-1
-3
-3
-2
-2
-4
-1
-1
-2
0
-2
-1
-1
-1
0
-1
0
-1
1
-1
0
0
-1
-1
-2
-2
-2
-1
-1
1
0
0
0
1
1
2
1
3
3
3
5
4
4
4
3
4
3
3
2
2
3
4
3
3
4
3
3
4
4
4
4
3
3
2
3
1
0
0
1
0
0
1
1
1
1
1
1
2
4
3
3
2
2
2
1
0
0
0
1
0
1
1
2
2
1
0
1
0
1
1
3
5
5
5
5
5
5
5
4
5
5
5
4
4
5
6
6
5
5
3
3
1
0
2
2
4
3
3
4
4
3
2
1
0
1
-1
-1
-2
-4
-4
-5
-5
-6
-7
-8
-7
-6
-7
-6
-5
-5
-4
-3
-4
-5
-4
-5
-4
-5
-4
-5
-6
-5
-3
-4
-3
-2
-1
-1
-2
-2
-3
-2
-1
-1
-2
-1
-1
-1
0
0
-1
-1
-3
-3
-4
-3
-3
-4
-5
-2
-3
-4
-4
-6
-3
-4
-4
-6
-5
-5
-5
-4
-4
-4
-2
-2
-2
-2
-3
-1
-1
0
0
-2
-1
-2
-1
0
-1
0
0
-1
-1
0
-1
-1
0
1
1
0
1
3
3
2
3
3
2
2
1
3
4
3
2
2
1
1
2
1
2
1
2
1
1
2
2
3
2
1
1
2
3
3
3
2
1
-1
-1
-1
0
1
0
-1
-1
0
2
2
1
1
2
2
2
1
3
4
4
4
4
3
4
3
2
3
2
2
3
1
2
2
1
1
2
0
2
2
2
3
4
3
1
0
0
0
1
-1
-1
-1
2
3
1
1
1
0
-1
-1
1
2
1
0
0
1
0
1
-2
-2
-2
-3
-2
0
0
1
0
-3
-3
-3
-4
-2
-2
-4
-3
-3
-4
-4
-4
-3
-1
-2
-3
-3
-4
-2
0
-1
-1
0
-1
1
0
1
0
-1
-1
-2
-1
1
0
0
1
1
1
3
3
3
3
4
3
2
2
3
3
3
2
3
3
1
1
1
1
2
1
-1
-1
0
1
2
3
3
2
1
0
1
0
-1
-1
-2
-2
-4
-3
-3
-4
-4
-3
-2
-3
-2
-2
-2
-2
-2
-2
-2
-3
-3
-2
-1
-3
-3
-3
-3
-1
1
1
-1
0
0
1
2
2
2
2
0
-1
-1
0
2
1
0
0
-1
-1
3
3
2
3
3
3
2
1
2
2
0
1
2
1
2
2
2
4
3
2
1
1
0
-1
0
1
0
2
2
2
4
5
4
3
5
5
6
4
4
2
1
1
0
-1
0
-1
-2
-3
-2
1
2
0
-1
-3
-3
0
-1
-3
-3
-2
-2
-3
-3
-3
-3
0
-2
-2
-2
-2
-3
-3
-3
-3
-2
-3
-5
-5
-4
-2
-3
-3
-4
-5
-4
-3
-2
-4
-4
-4
-5
-5
-4
-4
0
0
-2
-1
-2
-2
-2
-1
-1
-1
