2.363280e+062 -3.730671e+058 -9.914779e+058 -1.764485e+059 -2.576018e+059 -3.330799e+059 -3.889684e+059 -4.127986e+059 -3.998349e+059 -3.434390e+059 -2.427268e+059 1.286895e+056 
2.363284e+062 -3.786062e+058 -1.004923e+059 -1.783363e+059 -2.607825e+059 -3.359757e+059 -3.922090e+059 -4.166326e+059 -4.026800e+059 -3.457766e+059 -2.446186e+059 1.312233e+056 
2.363284e+062 -3.800058e+058 -9.994452e+058 -1.777133e+059 -2.607235e+059 -3.355107e+059 -3.915679e+059 -4.162537e+059 -4.024517e+059 -3.453420e+059 -2.445541e+059 1.308809e+056 
2.363284e+062 -3.745499e+058 -9.937379e+058 -1.761216e+059 -2.582355e+059 -3.328305e+059 -3.882874e+059 -4.129538e+059 -3.995483e+059 -3.428517e+059 -2.423438e+059 1.286784e+056 
2.363284e+062 -3.786017e+058 -9.956134e+058 -1.772641e+059 -2.597917e+059 -3.346309e+059 -3.899124e+059 -4.148295e+059 -4.013102e+059 -3.440123e+059 -2.436998e+059 1.299973e+056 
2.363287e+062 -3.807657e+058 -1.004317e+059 -1.781055e+059 -2.605418e+059 -3.358885e+059 -3.913222e+059 -4.162612e+059 -4.023525e+059 -3.452080e+059 -2.443772e+059 1.310560e+056 
2.363282e+062 -3.772147e+058 -9.938112e+058 -1.762589e+059 -2.591415e+059 -3.332999e+059 -3.889924e+059 -4.138312e+059 -3.999047e+059 -3.433068e+059 -2.430949e+059 1.292004e+056 
2.363281e+062 -3.790455e+058 -1.001477e+059 -1.773798e+059 -2.600954e+059 -3.346985e+059 -3.903970e+059 -4.152020e+059 -4.012599e+059 -3.443310e+059 -2.439690e+059 1.303169e+056 
2.363278e+062 -3.755521e+058 -9.971104e+058 -1.772439e+059 -2.593093e+059 -3.340731e+059 -3.905243e+059 -4.146007e+059 -4.011579e+059 -3.442147e+059 -2.436134e+059 1.298118e+056 
2.363099e+062 -3.014183e+058 -7.271776e+058 -1.358019e+059 -2.398743e+059 -2.645253e+059 -3.800892e+059 -3.460124e+059 -3.872634e+059 -3.080845e+059 -2.283978e+059 9.620832e+055 
2.363164e+062 -8.318598e+058 -2.213179e+059 -3.882173e+059 -5.657432e+059 -7.213158e+059 -8.371456e+059 -8.780537e+059 -8.396785e+059 -7.146373e+059 -4.973482e+059 5.973163e+056 
2.355570e+062 -2.398730e+060 -6.196675e+060 -1.074811e+061 -1.531754e+061 -1.916092e+061 -2.150755e+061 -2.186652e+061 -2.010577e+061 -1.631421e+061 -1.085774e+061 4.027410e+059 
2.351600e+062 -3.567134e+060 -9.167290e+060 -1.584215e+061 -2.249409e+061 -2.800732e+061 -3.120876e+061 -3.138972e+061 -2.850583e+061 -2.282326e+061 -1.496539e+061 8.514881e+059 
2.354156e+062 -2.869962e+060 -7.404202e+060 -1.283953e+061 -1.826224e+061 -2.273667e+061 -2.544017e+061 -2.581186e+061 -2.364170e+061 -1.908096e+061 -1.261926e+061 5.668373e+059 
2.359942e+062 -1.069929e+060 -2.753405e+060 -4.775062e+060 -6.821154e+060 -8.562206e+060 -9.694600e+060 -9.981593e+060 -9.307356e+060 -7.670096e+060 -5.194162e+060 8.188010e+058 
2.359517e+062 -1.007569e+060 -2.608532e+060 -4.658462e+060 -6.766800e+060 -8.438150e+060 -9.493727e+060 -9.805775e+060 -9.194859e+060 -7.582461e+060 -5.119384e+060 7.838255e+058 
2.346261e+062 -3.846192e+060 -9.758408e+060 -1.731998e+061 -2.491531e+061 -3.120005e+061 -3.523553e+061 -3.555462e+061 -3.219971e+061 -2.558545e+061 -1.665236e+061 1.055259e+060 
2.346905e+062 -3.280517e+060 -8.795273e+060 -1.623286e+061 -2.318299e+061 -2.872136e+061 -3.224708e+061 -3.224922e+061 -2.968664e+061 -2.407805e+061 -1.561764e+061 8.873947e+059 
2.349135e+062 -2.821560e+060 -6.562556e+060 -1.128480e+061 -1.676139e+061 -2.197518e+061 -2.570890e+061 -2.620619e+061 -2.369692e+061 -1.860829e+061 -1.198199e+061 5.222850e+059 
2.346541e+062 -2.484978e+060 -5.944020e+060 -1.172948e+061 -1.829001e+061 -2.323114e+061 -2.585159e+061 -2.607074e+061 -2.415057e+061 -1.953077e+061 -1.266738e+061 5.399560e+059 
2.346942e+062 -1.615386e+060 -3.356234e+060 -7.269200e+060 -1.253501e+061 -1.654141e+061 -1.863616e+061 -1.881664e+061 -1.732816e+061 -1.372334e+061 -8.855486e+060 2.524206e+059 
2.352766e+062 -1.927242e+060 -4.435538e+060 -7.813635e+060 -1.175680e+061 -1.552338e+061 -1.823231e+061 -1.861385e+061 -1.656396e+061 -1.289468e+061 -8.479386e+060 2.538717e+059 
2.356941e+062 -8.619137e+059 -1.985845e+060 -3.824440e+060 -6.024542e+060 -7.989261e+060 -9.286174e+060 -9.301313e+060 -8.497536e+060 -6.925200e+060 -4.696637e+060 6.379446e+058 
2.358213e+062 -1.085185e+060 -2.548290e+060 -4.458353e+060 -6.753087e+060 -8.989868e+060 -1.046926e+061 -1.059135e+061 -9.587438e+060 -7.794538e+060 -5.324237e+060 8.453649e+058 
2.357399e+062 -1.771082e+060 -4.535785e+060 -7.855380e+060 -1.122057e+061 -1.407607e+061 -1.587922e+061 -1.614313e+061 -1.477326e+061 -1.194085e+061 -7.931660e+060 2.161468e+059 
2.360237e+062 -9.989477e+059 -2.588282e+060 -4.517814e+060 -6.487585e+060 -8.190447e+060 -9.339072e+060 -9.686384e+060 -9.115546e+060 -7.593195e+060 -5.206405e+060 7.580017e+058 
2.360289e+062 -9.584588e+059 -2.444707e+060 -4.186085e+060 -5.880008e+060 -7.242517e+060 -8.046183e+060 -8.140476e+060 -7.473548e+060 -6.081186e+060 -4.081210e+060 5.753983e+058 
2.361478e+062 -5.363702e+059 -1.314931e+060 -2.135172e+060 -2.811765e+060 -3.202868e+060 -3.246138e+060 -2.955518e+060 -2.402719e+060 -1.701111e+060 -9.761310e+059 9.394179e+057 
2.362636e+062 -2.153939e+059 -5.264083e+059 -8.610351e+059 -1.166435e+060 -1.397966e+060 -1.539990e+060 -1.566422e+060 -1.463141e+060 -1.217314e+060 -8.339412e+059 2.296692e+057 
2.362459e+062 -2.665255e+059 -6.414665e+059 -1.023654e+060 -1.335814e+060 -1.521120e+060 -1.559629e+060 -1.447290e+060 -1.200851e+060 -8.637512e+059 -4.963438e+059 2.224364e+057 
2.362810e+062 -1.525687e+059 -3.511962e+059 -5.364796e+059 -6.813431e+059 -7.764667e+059 -8.244255e+059 -8.121624e+059 -7.260670e+059 -5.641800e+059 -3.510978e+059 6.966307e+056 
2.363010e+062 -9.613786e+058 -2.060659e+059 -2.880581e+059 -3.377083e+059 -3.723384e+059 -4.122508e+059 -4.480464e+059 -4.552010e+059 -4.021742e+059 -2.818712e+059 2.369301e+056 
2.362421e+062 -2.598943e+059 -5.793098e+059 -8.306202e+059 -9.449627e+059 -9.186286e+059 -8.015764e+059 -6.548357e+059 -5.097893e+059 -3.708898e+059 -2.293508e+059 7.753202e+056 
2.362161e+062 -3.586102e+059 -8.610651e+059 -1.359031e+060 -1.726174e+060 -1.878429e+060 -1.795223e+060 -1.506989e+060 -1.092723e+060 -6.480932e+059 -2.749774e+059 2.702251e+057 
2.362209e+062 -3.289298e+059 -7.800971e+059 -1.211629e+060 -1.508129e+060 -1.604851e+060 -1.495889e+060 -1.221740e+060 -8.579726e+059 -4.873911e+059 -1.904666e+059 1.888429e+057 
2.362727e+062 -1.777100e+059 -4.297525e+059 -6.850861e+059 -8.900441e+059 -1.000095e+060 -1.004326e+060 -9.077815e+059 -7.311287e+059 -5.091911e+059 -2.821163e+059 9.090548e+056 
2.362918e+062 -1.370698e+059 -3.373906e+059 -5.514670e+059 -7.302691e+059 -8.353545e+059 -8.521129e+059 -7.792246e+059 -6.376374e+059 -4.543349e+059 -2.625557e+059 6.413177e+056 
2.362267e+062 -3.199661e+059 -7.761736e+059 -1.235961e+060 -1.580567e+060 -1.725326e+060 -1.643758e+060 -1.366767e+060 -9.717378e+059 -5.574974e+059 -2.219233e+059 2.198749e+057 
