-487
-459
-465
-332
-204
-176
-107
-2
46
104
250
385
401
442
560
583
609
739
793
755
773
812
781
756
791
791
701
645
634
540
473
479
412
308
235
183
105
33
32
-12
-121
-161
-171
-227
-241
-211
-230
-269
-274
-247
-222
-214
-148
-126
-149
-106
-60
-35
9
44
60
43
35
87
92
71
84
60
-4
-24
-26
-53
-102
-143
-161
-253
-327
-295
-315
-395
-403
-446
-513
-520
-475
-456
-528
-514
-467
-516
-475
-368
-369
-378
-310
-253
-238
-165
-63
-24
-11
71
137
147
244
338
338
364
400
434
462
506
547
532
501
515
516
503
517
506
461
417
392
371
346
323
302
243
174
157
127
92
90
50
-5
-41
-65
-72
-93
-102
-114
-164
-180
-177
-198
-193
-188
-215
-239
-248
-249
-246
-251
-254
-270
-307
-300
-302
-321
-311
-333
-350
-363
-375
-368
-372
-377
-382
-387
-395
-384
-370
-355
-337
-330
-311
-288
-264
-215
-178
-156
-108
-61
-22
33
90
145
188
231
295
334
380
444
473
496
533
557
575
593
606
598
579
571
558
528
505
475
425
377
340
294
250
206
148
110
51
6
-17
-64
-96
-126
-154
-182
-197
-193
-209
-226
-224
-228
-239
-217
-199
-216
-211
-205
-218
-211
-202
-199
-216
-234
-240
-267
-284
-282
-306
-333
-363
-388
-411
-428
-430
-445
-467
-481
-484
-476
-467
-432
-406
-390
-355
-303
-249
-195
-111
-41
11
81
153
222
297
386
449
483
535
586
624
663
701
709
690
688
683
661
646
627
586
524
477
437
381
339
302
243
178
132
90
53
26
4
-32
-68
-89
-99
-102
-103
-104
-115
-124
-123
-113
-104
-100
-98
-103
-118
-123
-119
-133
-143
-158
-182
-210
-233
-250
-274
-301
-321
-359
-391
-402
-421
-431
-446
-457
-460
-465
-442
-431
-417
-395
-373
-336
-303
-254
-211
-165
-115
-63
-11
41
104
155
203
255
298
345
387
425
456
476
497
510
524
533
537
531
516
505
486
468
447
417
388
355
322
293
256
227
200
162
131
105
75
53
37
11
-9
-24
-41
-55
-69
-78
-87
-107
-114
-125
-142
-149
-158
-170
-189
-203
-222
-241
-260
-273
-295
-320
-337
-356
-380
-398
-408
-426
-435
-439
-446
-449
-444
-432
-415
-396
-370
-340
-310
-269
-221
-171
-118
-64
-8
48
105
168
227
283
342
393
434
476
520
547
575
597
604
601
599
593
571
547
519
479
435
399
350
297
252
201
146
96
48
4
-39
-75
-104
-139
-163
-180
-193
-204
-211
-213
-212
-207
-195
-182
-174
-161
-148
-140
-126
-117
-115
-112
-112
-115
-126
-132
-139
-159
-178
-195
-220
-244
-259
-281
-307
-326
-347
-366
-378
-384
-386
-391
-386
-375
-365
-343
-310
-276
-243
-201
-161
-114
-61
-3
55
107
161
216
265
316
369
408
444
476
497
515
527
539
541
531
514
494
467
439
408
375
334
289
245
199
154
116
76
30
-9
-46
-83
-111
-134
-157
-178
-197
-211
-224
-229
-232
-239
-242
-242
-244
-242
-239
-238
-236
-237
-239
-241
-242
-245
-244
-248
-252
-256
-264
-266
-268
-269
-268
-268
-263
-259
-251
-239
-226
-209
-192
-171
-148
-121
-89
-57
-20
14
49
86
126
164
202
240
274
305
336
364
388
409
426
437
444
449
451
448
441
429
413
395
373
354
329
300
273
244
213
182
153
121
93
67
39
14
-9
-33
-56
-73
-90
-109
-125
-137
-153
-166
-176
-189
-203
-211
-220
-231
-238
-244
-252
-260
-264
-270
-275
-279
-280
-285
-287
-285
-284
-283
-273
-268
-260
-248
-239
-223
-208
-188
-166
-145
-119
-96
-67
-42
-13
16
47
77
106
141
167
194
224
248
269
289
309
322
335
347
354
356
357
356
350
340
332
318
300
283
262
239
214
190
162
136
108
79
51
24
-1
-28
-52
-76
-99
-121
-138
-155
-170
-182
-194
-202
-211
-215
-217
-217
-216
-215
-211
-205
-196
-186
-179
-168
-156
-147
-136
-124
-113
-103
-94
-84
-75
-67
-59
-53
-44
-38
-33
-31
-26
-23
-18
-13
-10
-9
-5
-2
3
7
11
17
21
28
37
43
51
60
67
76
84
93
102
111
120
127
134
141
144
150
153
153
151
154
150
145
141
133
123
116
105
92
80
65
52
36
21
8
-8
-22
-33
-49
-58
-67
-75
-82
-89
-93
-95
-98
-96
-93
-92
-87
-82
-77
-72
-62
-55
-51
-43
-37
-30
-25
-19
-15
-13
-12
-10
-12
-13
-14
-20
-27
-31
-39
-46
-53
-62
-70
-78
-88
-97
-103
-111
-117
-122
-127
-131
-133
-134
-135
-135
-131
-129
-126
-122
-116
-109
-100
-88
-80
-68
-59
-46
-35
-23
-10
2
15
27
37
51
64
75
87
96
107
117
126
136
143
151
158
164
167
173
178
180
182
183
182
180
179
177
173
168
162
155
147
141
132
123
113
103
91
80
67
55
44
30
17
5
-10
-22
-34
-47
-59
-71
-81
-94
-104
-112
-121
-130
-138
-147
-156
-163
-169
-176
-183
-187
-192
-197
-200
-204
-206
-207
-206
-207
-207
-203
-200
-195
-190
-184
-174
-165
-154
-142
-127
-112
-94
-78
-60
-41
-21
1
23
45
67
90
112
135
157
177
197
216
234
252
267
281
292
302
312
317
322
322
322
319
316
309
300
293
281
269
253
241
225
205
186
168
148
127
107
85
64
44
21
0
-20
-39
-60
-77
-96
-113
-130
-146
-161
-177
-191
-205
-217
-230
-240
-251
-259
-268
-275
-281
-287
-292
-296
-300
-303
-303
-303
-301
-298
-293
-288
-280
-273
-261
-250
-238
-224
-209
-191
-172
-151
-131
-109
-84
-59
-33
-8
19
47
76
103
132
159
188
214
239
264
287
307
326
344
360
372
384
392
398
401
400
399
394
386
376
364
349
331
313
291
267
242
216
188
161
131
102
72
43
11
-17
-46
-74
-101
-127
-153
-179
-200
-224
-243
-262
-282
-298
-315
-327
-340
-352
-360
-368
-374
-379
-382
-385
-386
-383
-381
-378
-372
-366
-358
-349
-337
-325
-312
-295
-280
-264
-245
-222
-200
-177
-152
-126
-102
-74
-44
-17
12
42
71
99
130
159
186
213
240
265
289
312
333
351
369
385
397
405
413
420
424
424
422
418
411
401
392
378
364
346
327
306
284
261
237
211
184
158
130
103
75
46
19
-9
-38
-65
-91
-117
-141
-165
-188
-209
-230
-248
-267
-281
-297
-310
-323
-333
-340
-349
-356
-358
-361
-361
-359
-357
-352
-346
-338
-329
-317
-304
-289
-273
-256
-236
-217
-196
-173
-150
-125
-100
-75
-49
-22
6
35
62
91
118
145
170
196
221
242
265
284
302
318
333
345
355
362
368
371
372
372
370
365
358
350
338
325
309
293
276
257
236
214
190
169
145
123
100
75
53
31
8
-14
-34
-55
-74
-93
-110
-129
-142
-155
-171
-184
-194
-205
-214
-219
-227
-234
-237
-241
-244
-247
-248
-250
-250
-249
-248
-245
-240
-236
-229
-223
-215
-207
-198
-188
-176
-164
-152
-137
-122
-104
-87
-71
-51
-33
-12
8
28
50
72
92
113
133
151
171
188
204
219
232
244
254
263
270
274
278
278
277
272
268
261
251
240
227
211
194
178
158
139
118
98
78
57
39
18
-2
-21
-39
-57
-73
-88
-101
-113
-124
-132
-141
-148
-151
-154
-156
-156
-156
-155
-152
-147
-144
-140
-136
-133
-129
-125
-121
-117
-113
-112
-109
-107
-106
-107
-107
-108
-109
-110
-112
-114
-114
-115
-117
-118
-118
-119
-117
-114
-111
-108
-105
-98
-92
-83
-73
-62
-51
-39
-26
-14
0
13
27
40
55
67
82
95
108
121
130
138
146
152
157
161
163
163
161
160
155
148
142
135
128
119
111
101
91
79
69
59
49
39
30
21
14
7
2
-4
-7
-9
-13
-13
-13
-14
-14
-14
-14
-13
-13
-12
-11
-10
-8
-7
-7
-8
-11
-13
-16
-19
-23
-25
-29
-35
-41
-48
-55
-60
-69
-76
-81
-86
-88
-91
-95
-98
-98
-100
-100
-98
-94
-90
-85
-76
-69
-61
-52
-42
-34
-22
-11
0
12
25
37
48
57
67
76
84
90
96
100
104
106
109
111
112
109
106
102
98
94
88
84
79
75
66
60
55
47
43
38
33
28
25
22
17
16
17
15
14
17
17
17
17
16
13
13
13
15
14
15
14
12
8
3
-1
-5
-7
-10
-13
-18
-21
-32
-39
-49
-60
-60
-70
-79
-77
-71
-73
-84
-96
-100
-102
-106
-103
-101
-91
-87
-87
-86
-89
-87
-83
-79
-65
-52
-47
-40
-36
-31
-25
-19
-16
-4
4
14
23
26
28
24
25
26
31
38
45
49
51
50
48
46
48
49
48
47
46
46
45
43
43
39
36
36
33
34
34
33
32
32
30
28
26
26
25
21
21
18
16
15
15
13
10
6
3
0
-3
-8
-11
-13
-17
-18
-21
-24
-26
-28
-32
-34
-34
-35
-37
-38
-38
-37
-39
-40
-43
-43
-43
-41
-39
-37
-35
-32
-30
-28
-25
-23
-22
-21
-18
-14
-10
-8
-4
0
3
5
7
8
11
12
15
17
18
21
24
26
29
29
28
28
25
26
24
25
27
27
27
26
23
21
19
18
17
14
13
11
9
7
4
1
-1
-3
-6
-5
-5
-5
-4
-5
-5
-4
-3
-2
0
2
6
8
10
13
17
19
20
20
22
26
28
32
35
37
38
38
39
40
41
39
39
38
36
33
32
30
25
22
19
16
12
10
5
1
-2
-6
-9
-11
-14
-17
-19
-22
-23
-26
-29
-31
-32
-34
-35
-38
-39
-37
-40
-42
-42
-42
-41
-42
-45
-45
-45
-46
-45
-45
-48
-49
-50
-49
-49
-50
-49
-47
-46
-45
-45
-43
-41
-38
-36
-32
-27
-23
-17
-11
-5
0
4
11
17
24
31
39
46
53
60
65
72
77
82
86
91
96
98
103
104
105
104
106
104
102
100
98
94
88
83
77
71
64
57
49
42
33
25
16
10
1
-6
-14
-22
-30
-37
-43
-50
-56
-61
-67
-71
-75
-77
-81
-84
-86
-89
-90
-90
-91
-90
-89
-85
-84
-84
-83
-81
-77
-75
-73
-69
-67
-63
-61
-57
-53
-50
-47
-44
-40
-35
-31
-26
-22
-18
-14
-10
-4
-1
5
10
15
19
25
30
35
41
46
51
56
60
64
71
74
79
82
85
87
90
92
94
95
95
94
93
93
92
89
86
84
80
78
73
67
61
54
49
41
34
27
19
11
5
-2
-9
-17
-24
-33
-38
-45
-51
-55
-61
-67
-72
-76
-81
-85
-89
-90
-92
-95
-96
-97
-96
-96
-97
-96
-95
-93
-91
-88
-85
-81
-79
-75
-71
-67
-63
-57
-54
-48
-42
-38
-31
-25
-18
-12
-7
-2
2
10
15
21
27
33
40
45
52
57
62
68
71
75
80
82
86
88
91
95
96
98
99
99
98
96
95
93
92
90
89
86
82
78
74
69
64
58
54
47
42
37
29
22
15
9
0
-8
-14
-21
-27
-33
-41
-48
-55
-61
-66
-72
-77
-82
-85
-88
-93
-94
-95
-98
-99
-100
-101
-100
-98
-98
-96
-92
-90
-87
-85
-81
-78
-73
-69
-63
-58
-52
-45
-39
-33
-25
-19
-14
-8
-2
5
10
18
23
30
36
41
47
53
58
62
67
69
74
78
80
86
88
90
91
93
93
94
93
93
93
92
92
89
88
85
83
78
74
70
64
60
56
52
47
41
35
30
24
18
10
3
-2
-6
-12
-16
-23
-28
-33
-40
-46
-50
-55
-58
-62
-65
-68
-72
-74
-76
-78
-79
-79
-81
-80
-80
-80
-79
-76
-76
-74
-71
-69
-67
-64
-62
-57
-53
-49
-43
-40
-37
-32
-28
-23
-16
-13
-9
-5
0
4
8
13
15
19
23
25
29
32
33
37
41
43
46
48
51
51
52
53
54
54
53
54
55
53
51
51
49
46
44
42
40
38
35
32
30
26
23
18
16
12
11
7
3
1
-2
-5
-9
-9
-15
-17
-19
-22
-25
-27
-28
-30
-31
-31
-34
-34
-35
-36
-35
-36
-34
-35
-35
-35
-34
-34
-34
-34
-33
-31
-31
-30
-28
-27
-26
-24
-23
-21
-18
-17
-16
-14
-13
-10
-9
-6
-5
-3
-2
-1
1
2
5
6
10
10
11
14
14
15
16
17
18
18
19
19
18
20
20
20
20
21
20
20
19
17
17
16
15
15
12
12
11
10
9
8
8
6
5
6
5
3
3
3
2
0
-1
-1
-1
-2
-3
-4
-4
-4
-5
-5
-5
-6
-8
-8
-9
-8
-10
-11
-11
-11
-11
-11
-12
-11
-11
-12
-12
-11
-11
-10
-10
-10
-9
-9
-6
-4
-4
-3
-2
-3
0
-1
0
2
3
4
6
7
8
9
10
11
11
12
13
14
16
17
18
18
19
20
21
20
19
20
19
20
19
19
17
16
15
12
13
13
12
12
12
11
10
9
8
5
4
4
2
2
0
-1
-2
-3
-3
-6
-6
-6
-8
-7
-8
-7
-7
-8
-8
-9
-10
-10
-11
-11
-10
-11
-11
-10
-12
-12
-13
-13
-12
-12
-12
-12
-11
-9
-10
-9
-9
-9
-9
-8
-8
-7
-6
-5
-4
-4
-3
-2
-2
-2
0
1
1
2
4
4
5
6
7
6
6
7
8
9
10
10
10
11
10
10
10
8
8
7
7
7
6
7
7
6
6
4
3
1
-1
0
0
1
0
-1
0
-1
-1
-3
-4
-2
-5
-4
-5
-5
-4
-5
-6
-6
-6
-7
-7
-8
-6
-6
-6
-5
-5
-5
-5
-6
-6
-6
-5
-6
-6
-5
-4
-2
-4
-2
-2
-2
-1
0
-1
0
1
1
1
2
2
2
3
2
3
3
2
3
4
3
5
5
5
5
5
6
5
6
5
3
5
3
2
2
2
1
0
1
0
0
2
1
3
1
1
2
1
-1
-1
-3
-2
-2
-2
-2
-3
-3
-3
-3
-4
-3
-3
-3
-3
-2
-2
-3
-2
-4
-5
-5
-4
-6
-5
-4
-4
-4
-3
-3
-3
-4
-4
-3
-3
-2
-3
-3
-4
-2
-1
-2
0
0
-1
1
0
3
4
5
4
5
5
4
3
4
3
3
4
4
3
5
6
3
5
5
5
5
3
5
6
5
3
4
3
2
2
0
-1
-1
-1
-1
-1
-1
0
-1
-1
0
-1
-2
0
-1
0
-1
-1
-1
0
0
-1
-2
-1
-2
-1
0
-2
-1
-2
-1
-1
-2
-1
-3
-2
-3
-4
-3
-1
-2
-3
-3
0
-2
-2
-1
0
-1
0
2
1
3
2
1
2
2
3
2
3
4
4
4
4
4
5
5
5
4
4
5
5
4
5
6
4
4
3
2
2
3
1
1
2
1
1
1
1
0
-1
-1
-1
-2
-2
-2
-1
-2
-3
-3
-4
-3
-4
-4
-4
-3
-3
-2
-2
-3
-2
-2
-3
-2
-2
-2
-3
-1
-1
-3
-1
-2
-1
0
-1
-1
0
0
0
0
1
-1
-1
0
-2
-1
-2
-2
-2
-2
-1
-1
-2
-1
-1
-1
-1
1
0
1
1
2
2
1
2
1
3
3
1
2
1
2
1
3
3
3
4
3
4
4
3
3
3
2
2
1
1
0
-1
-1
-1
-2
-1
-3
-2
-3
-4
-3
-3
-4
-6
-5
-4
-4
-5
-5
-5
-5
-4
-5
-5
-4
-4
-4
-5
-3
-4
-3
-3
-3
-2
-2
-2
-2
-3
-1
-2
-1
-1
-1
-2
-1
-2
-1
0
0
2
2
2
1
2
1
1
1
1
2
1
1
2
2
3
3
3
4
5
5
6
6
6
7
7
5
7
5
5
5
4
4
5
5
5
5
6
4
4
3
4
4
3
3
2
2
2
1
0
0
-1
-1
-1
-1
0
-1
-1
-2
-2
-2
-3
-3
-3
-4
-4
-3
-4
-4
-4
-3
-4
-4
-4
-4
-5
-5
-5
-4
-4
-4
-3
-3
-2
-3
-2
-2
-3
-3
-2
-1
-2
-1
-1
-1
1
2
1
3
3
4
5
7
5
7
7
5
6
6
6
6
6
5
6
8
7
7
7
7
6
6
5
4
4
3
3
2
1
1
2
0
1
0
-1
-1
-1
-1
-3
-4
-3
-5
-4
-5
-4
-5
-5
-6
-5
-4
-5
-5
-6
-5
-6
-6
-6
-6
-5
-5
-6
-5
-5
-5
-4
-5
-4
-3
-2
-2
-1
-2
-2
-1
-1
1
1
2
3
3
3
2
2
3
2
3
1
1
3
3
4
3
5
5
5
6
5
4
4
3
3
1
0
1
0
-1
-1
-1
-1
0
-1
0
-1
1
0
1
1
0
1
1
0
0
0
-1
-1
0
-1
-2
-3
-1
-2
-3
-4
-4
-5
-5
-6
-6
-8
-10
-11
-13
-13
-13
-14
-15
-16
-18
-17
-18
-20
-20
-22
-22
-22
-22
-22
-23
-23
-24
-25
-25
-24
-25
-25
-24
-25
-22
-21
-21
-19
-17
-16
-14
-13
-11
-9
-8
-7
-5
-3
-2
-2
2
4
6
9
11
12
15
18
21
23
26
28
31
33
33
35
38
38
39
40
42
42
43
44
44
44
44
45
46
46
47
46
45
44
43
41
40
39
35
35
33
29
28
24
22
20
16
14
10
6
2
0
-4
-8
-12
-16
-20
-22
-27
-31
-34
-38
-42
-45
-48
-51
-53
-56
-60
-61
-63
-65
-68
-69
-70
-70
-70
-70
-71
-71
-70
-71
-67
-67
-65
-62
-60
-57
-55
-52
-51
-46
-43
-40
-37
-32
-27
-22
-18
-12
-6
-1
5
9
14
19
24
29
33
39
45
50
53
58
63
67
71
74
78
81
84
87
89
90
92
94
96
96
96
97
96
96
94
93
90
90
86
82
79
75
70
66
63
59
54
48
43
38
32
27
21
15
9
3
-3
-8
-16
-22
-29
-34
-39
-45
-50
-56
-61
-68
-73
-76
-81
-85
-88
-92
-95
-96
-100
-100
-102
-103
-104
-107
-106
-107
-107
-105
-103
-102
-99
-95
-91
-88
-84
-80
-77
-71
-67
-62
-56
-49
-43
-37
-30
-23
-17
-10
-2
4
10
18
24
33
40
46
53
60
65
71
77
83
88
94
100
103
108
111
115
117
119
121
123
124
125
125
126
125
123
121
120
116
113
108
104
98
92
87
79
73
66
59
50
43
34
25
17
8
-1
-8
-18
-26
-33
-43
-53
-60
-68
-76
-82
-87
-95
-102
-108
-116
-123
-130
-135
-142
-147
-152
-157
-161
-165
-169
-173
-175
-178
-179
-181
-182
-181
-181
-180
-179
-177
-176
-172
-166
-161
-155
-146
-138
-128
-118
-106
-93
-80
-65
-51
-35
-18
1
18
39
58
78
100
120
140
158
178
198
217
234
252
268
283
296
307
318
327
334
337
340
343
343
340
336
328
319
310
297
283
268
252
234
216
197
177
156
133
111
88
65
44
23
1
-19
-39
-58
-77
-96
-112
-129
-145
-161
-174
-187
-199
-212
-223
-233
-244
-255
-263
-274
-281
-289
-298
-306
-313
-319
-328
-334
-340
-345
-349
-353
-356
-359
-359
-358
-356
-353
-349
-345
-336
-327
-317
-301
-285
-267
-248
-225
-199
-172
-144
-112
-77
-43
-6
32
71
112
153
193
231
269
307
343
377
410
441
469
494
517
535
551
563
570
573
573
570
564
554
541
524
503
481
454
426
396
363
331
295
259
224
189
155
121
86
53
23
-6
-33
-58
-80
-102
-121
-139
-153
-166
-178
-186
-194
-199
-200
-203
-205
-206
-205
-205
-205
-204
-206
-205
-206
-209
-212
-214
-219
-224
-230
-235
-243
-251
-261
-271
-281
-291
-303
-311
-321
-331
-339
-346
-352
-355
-356
-356
-354
-347
-342
-332
-319
-302
-285
-264
-240
-216
-188
-157
-125
-90
-53
-16
24
64
103
144
183
222
261
299
334
369
398
427
450
472
491
504
515
522
525
524
519
510
497
481
461
440
414
388
358
326
293
257
221
184
147
110
73
37
3
-31
-62
-92
-120
-143
-166
-186
-202
-215
-227
-236
-243
-248
-249
-249
-247
-242
-237
-228
-219
-209
-200
-188
-179
-169
-158
-150
-142
-135
-129
-124
-121
-119
-120
-121
-124
-128
-133
-139
-147
-156
-165
-177
-189
-201
-211
-222
-232
-241
-249
-257
-263
-267
-269
-269
-267
-262
-254
-244
-231
-218
-201
-183
-163
-138
-112
-83
-51
-18
15
49
84
121
157
192
226
260
293
323
353
380
404
427
444
457
470
478
483
482
480
474
464
450
433
415
393
368
340
310
278
247
214
180
146
112
80
47
15
-15
-44
-71
-95
-119
-137
-154
-169
-181
-189
-195
-199
-203
-203
-198
-193
-187
-178
-168
-157
-146
-136
-125
-112
-102
-91
-83
-74
-66
-61
-57
-55
-54
-55
-57
-60
-68
-75
-83
-94
-106
-117
-132
-147
-162
-176
-191
-204
-219
-230
-241
-250
-260
-266
-267
-270
-269
-265
-258
-250
-239
-225
-210
-192
-171
-148
-123
-94
-65
-33
0
34
68
103
137
170
203
231
261
289
315
337
357
376
390
403
408
414
417
412
406
397
386
371
353
333
308
284
255
228
201
170
140
107
81
52
19
-9
-34
-57
-83
-103
-122
-141
-154
-168
-176
-182
-189
-194
-192
-190
-189
-183
-175
-161
-155
-149
-137
-120
-107
-101
-90
-74
-64
-57
-47
-39
-29
-27
-23
-22
-18
-18
-23
-24
-30
-36
-47
-55
-61
-74
-88
-101
-107
-121
-137
-148
-158
-160
-176
-187
-192
-195
-196
-204
-205
-204
-203
-202
-193
-182
-167
-151
-137
-120
-97
-75
-48
-25
-2
30
59
86
111
139
168
192
217
240
266
284
306
327
342
353
365
369
372
370
365
360
350
344
327
315
297
279
258
237
221
193
173
144
120
100
76
56
28
8
-15
-35
-55
-70
-74
-90
-99
-111
-117
-119
-123
-128
-130
-132
-130
-128
-128
-122
-119
-108
-108
-106
-98
-90
-85
-83
-80
-81
-73
-70
-72
-76
-72
-73
-75
-83
-92
-90
-100
-103
-113
-117
-128
-137
-147
-155
-162
-172
-177
-193
-191
-195
-202
-209
-209
-203
-214
-216
-212
-201
-196
-188
-172
-163
-144
-133
-118
-98
-76
-56
-38
-14
12
39
68
93
121
142
168
200
217
238
257
279
291
300
314
318
332
334
336
326
326
330
322
308
295
291
277
257
233
224
204
183
163
138
122
102
80
68
53
35
17
7
-4
-20
-38
-44
-50
-63
-71
-80
-76
-78
-83
-77
-74
-66
-67
-64
-62
-52
-44
-53
-49
-44
-36
-41
-38
-37
-37
-39
-39
-35
-38
-50
-58
-59
-62
-70
-82
-91
-98
-113
-121
-133
-147
-151
-164
-175
-192
-197
-191
-203
-215
-229
-216
-217
-228
-231
-221
-207
-214
-201
-199
-185
-177
-160
-144
-138
-119
-103
-74
-56
-37
-22
6
30
50
75
97
123
143
167
189
208
212
236
246
254
271
265
263
271
277
284
286
277
271
245
247
255
234
219
184
179
147
148
128
123
77
94
51
90
33
-21
-35
58
492
-199
-397
-164
402
138
-601
-197
-44
57
-373
-173
-73
-73
-130
-270
-69
-127
-82
-148
-103
-78
-158
-196
-117
-14
-60
-157
-128
-80
-117
-119
-72
-65
-194
-172
-75
-137
-176
-154
-92
-133
-227
-156
-96
-142
-201
-197
-108
-148
-172
-158
-163
-170
-150
-81
-129
-156
-131
-95
-83
-91
-64
-57
-56
-6
46
40
42
83
134
155
156
198
202
202
244
281
277
249
276
314
316
309
325
328
298
310
343
328
296
288
292
263
244
249
225
185
160
167
158
102
90
75
87
51
10
4
-40
-13
-68
-103
-104
-108
-124
-165
-158
-153
-157
-193
-188
-159
-164
-206
-221
-159
-164
-206
-218
-165
-183
-210
-154
-164
-169
-186
-152
-152
-165
-161
-143
-146
-160
-130
-154
-154
-136
-88
-134
-135
-139
-66
-123
-182
-77
-126
-88
-173
-101
-75
-122
-101
-97
-78
-101
-74
-63
-31
-51
-43
-29
22
25
-25
20
73
100
48
70
134
146
162
138
184
185
204
202
239
245
237
252
250
313
284
277
273
304
286
265
269
290
277
211
250
208
201
206
171
193
157
128
130
99
83
56
39
35
20
-8
-23
-57
-70
-39
-119
-75
-99
-88
-126
-164
-118
-113
-111
-187
-125
-130
-184
-163
-130
-58
-227
-159
-139
-134
-125
-202
-55
-136
-60
-150
-97
-102
-138
-40
-71
-121
-164
27
-47
-121
-133
59
-40
-180
-34
-9
6
-156
-20
-33
-52
-85
-80
10
-57
-24
-97
6
4
-14
-42
-32
33
-19
55
-13
44
37
11
119
62
61
63
133
181
28
110
138
223
51
106
215
141
168
88
254
169
146
128
178
174
150
144
75
172
116
59
80
99
75
-3
39
61
-6
8
-29
-50
-42
-64
-42
-177
-44
-116
-93
-83
-264
-79
-124
-41
-306
-175
-105
-83
-219
-167
-59
-227
-31
-232
-22
-129
-71
-147
-100
-3
-117
-70
-94
36
-176
-3
46
-4
-92
-86
122
13
-69
-64
48
81
-40
-63
30
44
-27
-76
-36
75
-67
-55
-19
-3
49
-39
-48
-121
91
-21
-54
-101
6
69
-133
34
-40
44
-47
13
25
53
-20
-2
169
23
29
2
215
81
-26
90
199
191
-13
29
168
261
115
-29
110
245
115
-21
137
200
55
0
122
185
-15
-11
67
80
25
1
15
-55
23
-15
17
-61
12
-98
-124
92
-16
-71
-211
42
-23
-84
-53
-97
-4
-51
-13
-72
-9
-56
-39
-2
-6
-3
-60
9
17
14
10
-39
40
-1
-15
16
34
1
-82
33
51
-44
-4
-11
-33
17
-32
-14
-5
-64
-77
-38
-4
0
-139
-124
45
-75
-64
-42
-111
-36
-35
-53
-28
-112
10
-41
-43
-20
-26
57
-120
65
-78
126
15
-67
100
-5
197
-28
96
34
191
73
38
162
43
203
46
101
67
159
175
-30
128
169
148
77
34
141
121
193
0
-50
203
153
-8
-45
127
73
-70
17
45
29
-70
-17
-4
55
-89
-71
52
-54
-90
-88
135
-180
-130
4
132
-168
-204
79
-2
-22
-181
71
-92
15
-81
-42
-11
-14
5
-145
-1
26
25
-183
-5
-16
-25
-75
-104
-45
69
-84
-152
7
-80
57
-322
72
-39
-54
-174
-133
121
-168
-11
-321
218
-198
-110
50
-152
37
-240
261
-217
-27
83
-121
-18
13
296
-430
163
227
-65
-30
95
255
-203
251
56
60
74
204
-83
68
293
17
58
-61
345
-147
327
-83
83
34
115
244
-262
209
-65
337
-337
89
91
175
-231
-284
425
18
-121
-520
465
102
-426
-61
62
204
-434
-117
239
-96
-59
-217
44
14
-136
-49
-22
25
-269
11
172
-213
-121
-33
165
-169
-180
76
76
-39
-383
315
110
-443
-21
174
72
-446
-60
537
-400
-249
113
213
-122
-408
207
109
-47
-448
243
168
-182
-218
26
341
-472
151
-31
93
-41
-380
566
-168
14
-101
58
300
-303
288
0
63
-69
197
279
-318
262
101
59
55
66
182
17
-54
335
-10
-52
328
-277
305
-28
231
-60
-99
372
-91
101
-59
236
-166
188
39
-119
122
-28
122
-292
255
-13
-169
28
-16
215
-347
166
-68
11
-10
-133
252
-307
170
-194
123
9
-110
52
-239
294
-135
65
-344
267
128
-367
75
-1
343
-404
-136
309
166
-254
-116
275
-2
-51
46
-25
-53
138
-65
-39
80
41
-251
-43
333
29
-481
309
130
-220
-61
180
295
-480
195
-211
485
-123
-424
328
-132
510
-823
385
350
-398
-66
-82
792
-619
-21
43
233
77
-214
117
-61
288
-339
201
-97
265
-217
49
-46
89
224
-330
249
-381
607
-432
32
140
-159
140
-241
325
-385
169
-15
-116
52
-234
192
-52
-84
-144
-136
254
-240
-57
40
-251
140
-55
-43
-233
256
-69
-407
143
309
-183
-553
459
-50
73
-197
-143
258
-8
60
-313
210
251
-238
-172
238
227
-297
-112
283
20
-114
-111
481
-340
15
168
21
114
-353
336
-125
69
-72
-82
141
-139
-77
-30
227
-186
-62
-70
215
-94
35
29
-132
157
-163
323
-265
17
-160
402
-100
-297
307
-198
428
-517
277
99
63
-105
-241
517
-230
307
-418
215
10
59
152
-345
332
-24
13
-217
350
7
-42
-61
-45
173
155
-159
-186
202
163
-205
-153
299
-82
-83
-208
406
-158
-95
-89
111
118
-298
256
-210
32
-131
179
-119
-138
-4
-91
197
-208
-11
-193
91
246
-335
56
-81
104
-43
-24
225
-419
310
-81
-10
-76
135
70
-242
134
23
49
-173
342
-464
227
96
-5
-207
-37
440
-490
167
-86
325
-293
-61
115
-87
276
-206
-94
-54
213
20
-249
93
59
-158
20
180
-78
-194
151
40
47
-197
185
-29
37
-100
-71
530
-490
124
-50
274
101
-518
460
65
-26
-158
270
100
-67
-89
249
244
-385
219
131
101
-214
123
229
-47
-119
11
303
-120
-105
-84
417
-132
-301
68
190
185
-548
156
137
-1
-183
-132
258
-26
-173
-206
249
40
-182
-125
-5
182
-228
-55
9
86
-91
-292
253
114
-135
-211
211
-47
111
-162
13
118
-62
108
-380
350
-5
39
-467
178
281
-149
-31
-350
414
0
-20
-376
229
243
-186
-283
111
405
-430
-21
-60
319
-175
-117
-53
76
346
-575
151
77
260
-371
-78
436
-306
19
-24
168
52
-178
-127
148
229
-101
-146
71
125
1
-143
423
-187
-191
171
202
171
-510
139
296
41
-296
-48
356
-53
-239
-114
288
210
-394
-94
150
311
-289
-232
193
90
79
-543
340
-59
7
-188
-17
239
-429
108
-10
148
-209
-85
-13
166
35
-150
-40
132
-18
-167
306
-61
-95
-141
238
218
-293
-23
15
289
-24
-160
-35
151
102
-116
200
-93
9
-109
298
28
-101
56
-143
213
68
50
-147
-55
211
-46
5
79
-144
8
64
160
-85
-98
-45
85
200
-140
-72
12
251
-186
-74
334
-213
103
-104
107
183
-289
189
-11
17
11
-49
178
-45
-185
142
180
-287
229
-9
-67
17
-228
421
-127
-121
-151
38
295
-284
-170
185
82
-299
-109
240
131
-445
-177
234
228
-377
-303
276
65
-134
-271
187
124
-321
-48
244
178
-447
-175
413
181
-313
-368
478
-8
-8
-218
66
253
-229
19
96
274
-279
-113
136
423
-218
-196
242
-46
227
-236
237
-99
43
50
-130
393
-288
0
-70
276
112
-304
-133
175
386
-310
-190
94
227
-103
-299
268
125
-187
-372
275
223
-130
-348
-50
413
-134
-216
-44
265
-217
12
-135
321
-80
-449
294
-24
258
-454
78
214
-243
176
-164
166
-141
-120
191
8
-113
20
31
-58
64
-141
193
12
-212
94
-67
165
12
-319
157
71
-32
-146
208
-47
-180
103
96
98
-309
155
147
-179
53
140
-110
-24
38
32
138
-102
-82
99
144
-21
-220
62
284
-42
-225
98
77
-81
107
5
77
-225
37
228
-17
-114
-37
202
-242
214
-120
103
-135
-168
283
-72
27
-364
255
-40
177
-241
-112
168
-144
161
-274
252
-225
-92
68
208
-164
-390
223
136
-14
-287
21
24
206
-273
169
89
-277
54
24
378
-295
-214
206
87
152
-262
-223
355
55
-204
-178
368
12
-338
128
219
21
-317
53
195
48
-187
25
61
229
-288
-58
224
-95
113
-138
83
-68
-11
62
44
-187
-58
169
3
-20
-123
113
43
-62
24
78
-124
91
52
123
-103
28
73
-187
107
-62
306
-324
-115
292
219
-189
-199
127
13
244
-247
222
-79
-96
122
60
179
-307
-8
169
54
-100
-89
56
150
-56
-47
-92
190
-34
-268
199
100
-139
-331
314
185
-204
-199
107
240
-309
17
75
151
-192
-149
299
79
-128
-234
166
148
-74
-258
229
139
-303
67
117
256
-296
-94
194
23
41
-119
158
-173
127
-60
134
98
-284
30
15
160
-75
-152
-82
157
66
-55
-231
208
-1
-38
-58
19
244
-410
-34
207
227
-210
-201
49
211
78
-337
19
16
297
-92
-428
269
157
-63
-293
146
299
-226
-263
176
502
-265
-287
117
412
-62
-285
127
82
77
-264
150
242
-211
-128
40
373
17
-425
86
240
-3
-159
9
185
-77
-100
81
136
-116
-32
82
91
-5
-188
4
181
100
-207
14
91
-131
22
145
-14
-26
-102
125
188
-165
5
-126
217
128
-191
-10
24
132
41
-42
-131
86
114
-146
-24
204
-70
-132
-50
273
17
-432
185
119
-41
-221
-138
271
-36
-268
-59
192
-81
-209
-95
17
34
-141
-155
71
-31
-126
-111
19
178
-293
-39
74
165
-96
-182
190
-22
160
-76
-37
115
19
41
69
-15
46
56
65
212
-88
98
-13
73
227
107
-71
-115
280
115
11
0
85
64
37
210
78
-70
65
124
110
74
-35
14
21
43
176
52
-98
-48
141
165
-79
-83
22
243
-33
-213
115
50
23
-252
-66
129
-292
-92
6
142
-151
-306
36
-29
-88
-256
-99
43
-61
-281
-220
-55
-32
-273
-460
155
-73
-619
-136
23
138
-431
-887
171
45
-403
10
102
780
-43
-998
196
195
-187
-144
-248
528
312
-291
-311
180
170
-52
-200
-69
200
126
583
670
75
-125
87
395
358
260
262
282
275
15
87
155
129
153
120
168
37
4
263
355
321
310
223
97
29
260
250
165
207
134
252
135
-64
-74
0
-63
-183
-164
-18
202
30
-141
0
-126
-326
-429
-318
-24
-277
-419
-160
-190
-341
-432
-272
-191
-375
-480
-272
-220
-458
-533
-175
-120
-548
-557
-433
-138
-392
-519
-163
-181
-362
-488
-107
-52
-379
-543
-98
184
-240
-156
41
315
199
-125
226
290
283
240
413
585
388
452
616
786
613
464
612
686
676
576
531
583
539
456
601
521
428
386
329
384
225
235
203
185
167
76
130
-59
-28
-45
-58
-125
-233
-77
-204
-150
-164
-228
-237
-358
-51
-173
-296
-75
-124
-163
-353
-216
-100
-136
-153
-49
-93
-298
-266
-181
-155
-215
-354
-209
-256
-536
-295
-409
-357
-644
-524
-249
-687
-727
-800
-425
-532
-744
-457
-424
-512
-721
-527
-312
-338
-691
-554
-163
-179
-180
-214
159
128
43
238
382
457
366
527
568
659
671
637
796
736
750
592
654
850
768
786
729
670
515
548
609
401
293
317
371
182
47
60
-22
-79
-76
-103
-235
-355
-253
-234
-366
-438
-401
-298
-296
-327
-356
-310
-295
-256
-273
-70
-95
-245
-83
-28
65
-169
-106
102
141
-54
3
128
157
146
15
154
16
80
-51
136
42
-32
-94
-120
113
-217
-326
-293
-198
-403
-365
-424
-191
-478
-486
-342
-648
-433
-595
-304
-616
-433
-506
-548
-368
-480
-239
-533
-251
-186
-95
-104
-33
201
185
278
246
417
461
585
700
574
692
860
842
870
931
974
890
860
934
949
882
862
838
782
719
524
570
546
467
353
259
253
168
66
45
50
-123
-106
-216
-238
-236
-384
-361
-394
-326
-426
-482
-364
-315
-397
-400
-246
-284
-293
-169
-183
-203
-128
-90
-53
-57
-80
-92
-23
-13
58
7
-243
-125
18
-34
-211
-330
-120
-181
-395
-320
-362
-375
-467
-616
-504
-574
-695
-717
-602
-562
-812
-829
-612
-426
-659
-668
-414
-342
-267
-254
-157
-231
-122
272
282
220
338
454
551
676
869
730
750
957
950
937
913
1082
960
925
1177
934
789
938
976
828
669
688
620
497
491
510
299
129
156
69
-19
-122
-143
-122
-265
-366
-355
-415
-366
-373
-421
-433
-541
-480
-461
-403
-388
-481
-465
-424
-397
-398
-303
-255
-225
-247
-183
-195
-250
-168
-122
-70
-133
-106
-88
-111
-84
-182
-227
-269
-226
-280
-331
-289
-328
-427
-544
-396
-525
-605
-694
-678
-575
-749
-693
-782
-678
-549
-402
-597
-689
-317
-393
-253
-241
-21
-126
-265
278
296
243
267
493
503
530
824
723
807
1008
1014
873
863
1140
1129
949
1029
981
811
864
1002
947
737
661
577
512
455
448
374
230
281
127
-58
-26
-76
-166
-248
-282
-394
-502
-463
-446
-511
-540
-535
-631
-550
-499
-524
-499
-469
-379
-432
-416
-389
-252
-206
-266
-237
-208
-136
-133
-38
-37
-100
-139
-61
-73
-101
-116
-160
-131
-189
-200
-294
-291
-276
-295
-404
-452
-464
-527
-492
-521
-554
-519
-365
-471
-695
-495
-254
-298
-285
-173
-161
-268
11
378
134
110
372
471
463
602
779
695
783
956
875
760
1014
1157
938
937
1080
952
833
1028
1078
790
646
755
668
521
549
539
356
276
290
107
15
87
2
-149
-240
-284
-366
-426
-319
-387
-532
-580
-579
-572
-534
-472
-542
-524
-497
-446
-449
-419
-267
-282
-314
-316
-293
-237
-174
-139
-119
-142
-182
-161
-102
-103
-96
-142
-166
-182
-257
-245
-283
-226
-388
-454
-480
-541
-460
-573
-541
-644
-704
-626
-723
-580
-379
-705
-763
-468
-354
-372
-357
-194
-324
-231
153
157
22
232
488
305
373
701
639
634
848
937
773
770
1072
1085
954
1066
1060
831
907
1075
909
758
818
780
635
564
612
516
361
382
213
47
67
52
11
-141
-214
-282
-344
-333
-354
-339
-473
-478
-439
-454
-453
-440
-375
-477
-444
-426
-452
-352
-285
-284
-321
-283
-256
-232
-191
-124
-134
-218
-150
-157
-204
-169
-216
-185
-256
-310
-312
-381
-282
-379
-483
-500
-575
-552
-656
-612
-660
-760
-661
-479
-610
-911
-507
-331
-367
-274
-258
-297
-343
151
357
72
193
467
448
431
783
879
702
939
1054
950
910
1161
1338
1088
1170
1231
1008
1000
1225
1215
972
900
910
878
785
769
716
514
481
399
224
199
153
77
-44
-188
-301
-337
-411
-374
-458
-580
-544
-604
-576
-634
-612
-571
-639
-625
-611
-578
-570
-538
-446
-462
-470
-421
-389
-354
-317
-270
-351
-338
-267
-244
-284
-330
-281
-342
-356
-330
-331
-421
-444
-377
-475
-526
-478
-491
-600
-593
-592
-677
-710
-628
-315
-665
-836
-339
-410
-297
-248
-150
-208
-355
300
341
45
328
567
409
423
908
861
672
1003
1105
893
859
1251
1219
942
1186
1152
918
975
1174
1052
827
955
867
662
639
729
578
346
429
296
49
72
109
-38
-210
-270
-304
-429
-425
-328
-505
-597
-561
-623
-620
-598
-515
-568
-645
-519
-470
-514
-454
-346
-436
-449
-378
-390
-351
-313
-246
-280
-327
-239
-262
-306
-218
-210
-304
-302
-256
-270
-318
-331
-384
-426
-473
-466
-502
-627
-552
-545
-659
-478
-257
-816
-704
-296
-277
-218
-364
-65
-328
-184
466
174
58
394
524
319
578
979
755
730
1034
1101
820
918
1336
1105
973
1137
1055
940
1062
1271
1017
842
963
885
734
722
810
557
374
517
309
110
154
172
9
-213
-129
-246
-334
-235
-299
-445
-532
-446
-515
-548
-512
-562
-637
-614
-513
-576
-561
-455
-455
-489
-476
-385
-396
-406
-285
-337
-396
-369
-361
-339
-323
-360
-431
-389
-348
-379
-418
-393
-432
-531
-487
-477
-548
-548
-607
-648
-651
-635
-671
-593
-314
-716
-813
-354
-317
-231
-260
-97
-283
-311
344
330
72
288
566
376
422
891
796
700
936
1028
846
792
1228
1191
957
1159
1104
853
954
1257
1067
782
880
887
729
631
748
606
324
433
311
94
108
86
53
-89
-104
-216
-408
-350
-349
-423
-451
-464
-511
-553
-527
-529
-518
-543
-565
-551
-559
-467
-468
-497
-456
-501
-423
-347
-376
-333
-367
-397
-296
-288
-284
-274
-308
-315
-334
-322
-334
-375
-420
-376
-478
-524
-411
-539
-522
-560
-627
-597
-649
-470
-430
-587
-673
-470
-281
-309
-195
-201
-219
-131
136
351
207
289
501
465
558
782
808
743
854
956
898
922
1079
1151
1004
1027
1087
954
1022
1154
1064
906
915
927
772
784
794
658
521
460
410
190
201
229
54
-17
-98
-215
-248
-219
-266
-411
-464
-463
-488
-526
-508
-520
-566
-559
-573
-529
-546
-550
-432
-442
-492
-458
-451
-419
-393
-370
-389
-458
-399
-329
-374
-360
-369
-417
-372
-361
-387
-419
-455
-404
-399
-473
-499
-495
-518
-601
-598
-579
-651
-591
-412
-558
-760
-432
-276
-328
-242
-174
-256
-279
209
341
93
274
493
386
436
819
832
675
869
977
830
878
1180
1179
967
1102
1119
919
1053
1245
1112
867
913
948
766
753
832
662
503
505
421
248
245
258
111
15
-85
-184
-245
-229
-231
-371
-475
-483
-514
-501
-509
-537
-538
-604
-610
-561
-556
-554
-504
-487
-536
-524
-472
-423
-441
-420
-386
-460
-449
-412
-376
-396
-449
-396
-425
-418
-405
-426
-427
-492
-451
-488
-512
-502
-561
-536
-578
-564
-504
-456
-492
-622
-432
-270
-276
-177
-139
-178
-162
136
282
147
265
399
372
397
640
760
621
745
838
723
785
979
1057
935
951
1001
924
974
1106
1077
858
843
891
748
732
749
678
500
413
452
271
221
290
171
21
-85
-59
-150
-196
-94
-289
-385
-368
-393
-417
-446
-363
-466
-529
-456
-510
-496
-438
-429
-529
-519
-481
-484
-414
-418
-439
-492
-451
-438
-466
-366
-411
-448
-443
-459
-415
-507
-403
-442
-568
-464
-556
-517
-529
-583
-543
-632
-554
-482
-407
-425
-608
-435
-275
-218
-157
-150
-114
-174
121
322
196
279
423
468
438
670
802
668
770
899
842
792
964
1070
941
936
968
897
906
1044
1071
898
843
859
808
783
763
753
606
495
478
407
358
319
280
166
8
-12
-19
-91
-67
-143
-262
-326
-307
-303
-367
-334
-381
-499
-499
-457
-466
-456
-435
-506
-541
-523
-486
-474
-475
-463
-555
-542
-504
-536
-515
-518
-535
-589
-610
-569
-583
-584
-581
-618
-663
-651
-584
-622
-633
-620
-684
-642
-533
-487
-544
-602
-445
-331
-290
-157
-146
-178
-62
134
227
216
318
412
423
524
646
703
703
805
855
779
847
934
966
964
957
933
877
925
1001
968
886
824
784
772
776
739
647
564
489
427
392
346
287
231
171
76
16
-1
-25
-52
-108
-194
-256
-260
-244
-248
-253
-331
-402
-380
-346
-362
-400
-381
-449
-504
-450
-441
-468
-476
-480
-518
-547
-540
-512
-542
-518
-523
-601
-602
-597
-568
-609
-633
-657
-689
-646
-658
-618
-643
-672
-646
-569
-495
-534
-542
-441
-314
-299
-192
-105
-117
-32
152
245
233
309
451
450
490
662
707
705
791
864
790
797
928
956
914
934
905
844
867
950
916
798
798
773
701
679
687
601
496
474
426
330
285
292
203
118
80
20
-35
4
-21
-112
-148
-174
-195
-205
-161
-219
-286
-281
-314
-319
-321
-332
-364
-403
-402
-470
-464
-441
-474
-496
-532
-574
-617
-593
-572
-613
-687
-694
-712
-722
-675
-700
-720
-760
-750
-741
-746
-706
-698
-698
-628
-607
-615
-520
-472
-330
-300
-251
-164
-149
27
109
207
254
291
405
471
580
633
687
713
758
816
806
839
895
913
894
849
846
811
817
843
808
718
665
680
630
602
579
526
447
400
370
314
259
267
224
142
70
84
43
10
32
-39
-78
-119
-69
-51
-142
-102
-111
-195
-165
-161
-198
-242
-228
-216
-329
-339
-307
-364
-397
-402
-455
-552
-562
-523
-587
-639
-639
-677
-754
-734
-710
-793
-788
-793
-807
-863
-846
-752
-812
-730
-635
-703
-666
-593
-453
-384
-344
-208
-226
-157
7
146
221
286
386
401
476
581
720
730
765
834
773
800
875
935
918
879
878
803
761
839
822
770
681
647
593
522
575
526
446
397
353
273
243
248
225
132
110
88
3
9
36
44
-50
-47
-43
-109
-77
-64
-60
-128
-133
-105
-165
-160
-154
-153
-221
-243
-242
-321
-328
-329
-371
-434
-497
-497
-549
-584
-581
-638
-692
-744
-722
-781
-784
-767
-817
-798
-865
-777
-812
-756
-640
-720
-592
-622
-482
-405
-349
-199
-250
-116
-38
61
181
227
330
370
455
528
585
671
695
760
754
771
809
805
870
832
836
799
744
781
738
731
664
627
594
524
528
468
436
374
338
316
220
228
210
171
148
118
85
56
68
86
34
16
5
6
6
24
7
-22
-29
-26
-23
-25
-54
-82
-103
-154
-161
-185
-226
-280
-330
-369
-440
-450
-482
-528
-580
-632
-664
-715
-714
-733
-774
-777
-814
-806
-832
-789
-767
-724
-707
-710
-593
-600
-463
-377
-320
-251
-214
-46
12
111
226
263
326
408
492
539
606
682
680
699
734
742
765
777
799
730
714
691
677
654
629
579
514
475
446
404
374
333
267
237
183
157
125
122
71
53
30
-13
-1
-9
15
-57
-28
-31
-67
-29
-35
-20
-69
-34
-49
-91
-61
-82
-79
-126
-130
-184
-218
-225
-278
-300
-362
-406
-442
-484
-498
-564
-591
-630
-666
-686
-712
-719
-742
-753
-758
-761
-741
-736
-657
-643
-646
-561
-540
-441
-372
-286
-217
-205
-62
4
80
194
260
319
358
462
497
562
624
662
676
660
709
712
723
745
702
683
653
631
629
591
568
499
469
413
381
358
300
288
214
186
143
108
110
84
58
20
-3
-20
9
-16
-13
-18
-24
-36
-31
-6
-24
-13
-21
-23
-53
-40
-46
-54
-65
-86
-106
-150
-142
-182
-214
-237
-288
-302
-353
-368
-419
-427
-467
-511
-493
-566
-525
-583
-570
-555
-608
-540
-563
-506
-476
-483
-405
-396
-319
-270
-204
-150
-118
-4
25
103
156
213
265
302
373
418
430
499
500
531
541
545
575
538
588
524
537
498
474
475
407
430
340
339
312
257
256
188
187
134
107
106
53
43
15
-2
-5
-27
-16
-34
-39
-26
-43
-29
-29
-15
-14
-23
-25
-24
-17
-14
-27
-36
-61
-67
-91
-95
-127
-138
-175
-204
-230
-276
-261
-341
-329
-382
-418
-407
-486
-446
-507
-497
-515
-547
-514
-545
-498
-500
-464
-436
-434
-363
-327
-285
-214
-172
-102
-86
6
74
109
180
237
279
303
377
394
427
455
491
481
485
505
506
502
484
485
438
417
416
365
358
309
273
253
193
202
158
119
116
58
89
11
38
52
-6
48
-5
37
12
13
69
20
45
65
37
55
59
87
57
62
66
40
50
33
30
-15
-19
-60
-83
-98
-122
-143
-196
-187
-245
-256
-271
-308
-312
-358
-353
-370
-371
-360
-385
-345
-397
-370
-372
-347
-306
-306
-269
-254
-210
-160
-133
-86
-58
-9
-9
52
97
110
167
166
214
205
266
262
270
297
278
296
268
286
293
238
289
213
223
198
156
197
109
140
79
60
79
19
52
-6
-7
-16
-62
-15
-81
-33
-53
-79
-26
-89
-19
-58
-35
-12
-57
12
-45
6
-18
-15
2
-37
-3
-41
-18
-24
-65
-32
-85
-65
-86
-106
-96
-142
-124
-163
-156
-179
-172
-195
-191
-200
-192
-182
-178
-140
-163
-120
-123
-77
-81
-48
-19
-12
18
53
77
81
116
129
151
151
194
182
194
210
201
209
184
229
180
177
184
142
163
116
141
89
76
68
37
43
8
18
-11
-40
-16
-64
-47
-59
-72
-52
-93
-56
-73
-57
-52
-46
-33
-44
-14
-16
4
24
18
48
42
53
82
43
93
50
79
56
50
71
19
69
16
36
14
-4
6
-36
-17
-45
-67
-54
-91
-81
-104
-108
-102
-131
-108
-133
-126
-116
-133
-102
-118
-92
-91
-84
-61
-66
-36
-38
-15
-4
-2
25
18
44
43
51
69
57
76
66
75
75
75
77
72
68
71
68
55
64
42
51
30
30
23
0
12
-13
-5
-23
-25
-26
-49
-33
-54
-51
-53
-68
-46
-67
-54
-47
-67
-35
-51
-42
-30
-46
-14
-37
-16
-8
-25
9
-17
16
-5
10
16
-4
27
-1
29
11
15
27
3
33
6
21
18
12
20
8
15
13
13
16
8
13
8
11
17
5
24
1
25
16
18
39
21
43
29
45
50
54
65
52
75
60
81
75
74
85
74
84
73
73
78
72
68
70
61
63
52
49
51
30
45
18
22
9
1
3
-26
-13
-45
-37
-56
-65
-70
-85
-81
-102
-100
-109
-104
-120
-101
-124
-111
-113
-116
-88
-124
-79
-110
-86
-84
-91
-59
-84
-55
-61
-51
-42
-47
-29
-32
-18
-10
-12
2
4
11
20
11
37
22
43
48
40
65
46
73
56
72
70
69
77
69
81
76
83
91
82
95
93
93
103
90
109
89
99
91
87
90
74
77
65
60
50
36
31
15
3
-8
-30
-32
-52
-59
-79
-91
-102
-127
-126
-141
-151
-158
-170
-170
-179
-178
-185
-182
-181
-179
-181
-182
-161
-162
-147
-146
-129
-119
-107
-86
-77
-61
-55
-40
-28
-18
4
3
19
25
34
40
42
54
55
57
60
63
65
65
72
68
69
74
71
74
67
75
69
70
81
79
84
90
86
97
95
107
103
106
120
112
128
123
136
131
129
135
126
131
127
119
108
99
93
80
66
57
43
25
13
-7
-18
-36
-52
-71
-90
-102
-125
-138
-152
-166
-178
-188
-196
-209
-207
-211
-212
-211
-203
-203
-196
-188
-172
-162
-155
-133
-129
-100
-90
-66
-49
-37
-10
-4
21
31
48
64
71
93
101
117
122
130
143
140
150
148
150
149
150
149
142
143
140
132
131
126
124
113
109
106
96
96
87
85
78
73
74
65
69
66
59
56
54
59
50
51
47
43
42
35
36
27
24
16
6
1
-12
-10
-24
-31
-40
-53
-61
-73
-78
-88
-97
-103
-111
-117
-119
-127
-128
-130
-133
-135
-140
-132
-129
-126
-120
-114
-105
-99
-83
-77
-59
-49
-36
-25
-15
6
16
33
44
57
66
80
92
104
116
125
130
135
137
144
145
145
145
143
139
135
132
129
123
116
105
97
89
75
66
54
45
31
17
7
-6
-14
-28
-38
-51
-59
-68
-77
-86
-95
-99
-111
-114
-119
-123
-128
-130
-137
-137
-137
-136
-135
-134
-130
-131
-129
-121
-118
-113
-108
-102
-97
-88
-82
-73
-67
-59
-53
-45
-35
-26
-18
-11
-3
7
17
25
37
43
56
61
71
81
88
99
102
111
116
124
129
132
133
134
137
135
137
135
136
133
124
123
114
111
103
95
85
79
64
54
40
30
19
3
-7
-27
-38
-51
-60
-76
-85
-96
-106
-113
-121
-130
-138
-142
-146
-150
-153
-147
-148
-144
-140
-135
-132
-123
-120
-111
-103
-95
-87
-82
-68
-58
-44
-35
-24
-12
-3
10
19
29
40
48
53
60
69
75
83
89
95
102
105
108
114
116
123
121
123
124
120
124
124
122
120
117
112
111
107
103
99
94
90
82
77
71
62
54
46
38
27
19
10
0
-11
-21
-29
-43
-52
-61
-72
-81
-93
-104
-110
-120
-123
-133
-141
-141
-150
-152
-159
-156
-161
-160
-160
-161
-156
-156
-148
-146
-137
-133
-126
-122
-108
-101
-88
-79
-69
-53
-49
-32
-23
-5
3
17
28
37
54
64
81
86
98
105
116
125
134
141
145
153
153
161
161
164
162
165
161
163
157
154
154
146
146
133
129
118
110
102
91
80
69
58
49
40
27
19
8
0
-10
-19
-29
-38
-45
-53
-59
-66
-68
-76
-77
-83
-86
-89
-89
-92
-94
-96
-97
-97
-98
-97
-99
-96
-98
-95
-96
-94
-93
-93
-93
-94
-90
-92
-89
-90
-87
-89
-87
-86
-87
-81
-80
-76
-77
-68
-63
-59
-51
-45
-36
-30
-19
-13
-2
11
20
33
48
58
72
83
93
104
115
126
134
145
150
160
161
166
170
170
175
170
171
167
162
157
151
139
133
121
112
98
86
75
63
50
36
25
12
2
-10
-19
-31
-43
-53
-60
-69
-77
-82
-90
-91
-95
-98
-101
-101
-102
-102
-100
-102
-99
-100
-97
-97
-97
-92
-93
-93
-93
-93
-92
-90
-89
-88
-87
-85
-87
-85
-85
-84
-82
-80
-77
-76
-70
-66
-60
-56
-51
-42
-35
-29
-21
-10
-3
9
18
28
39
48
60
72
82
93
102
113
122
130
137
144
151
155
162
162
164
165
165
161
161
156
151
146
138
132
120
111
104
92
82
72
58
46
35
25
14
3
-8
-19
-29
-39
-46
-55
-64
-74
-83
-91
-96
-103
-109
-115
-120
-126
-128
-133
-137
-142
-146
-147
-150
-153
-156
-156
-158
-158
-157
-158
-157
-156
-154
-152
-149
-144
-141
-135
-130
-122
-115
-107
-98
-88
-75
-62
-49
-34
-23
-9
6
24
38
54
71
84
100
114
130
146
157
173
183
195
204
213
220
227
232
233
235
237
236
235
230
225
219
210
201
190
179
166
151
135
119
104
88
71
51
34
17
-3
-18
-34
-50
-67
-83
-99
-112
-124
-138
-151
-161
-172
-182
-189
-195
-200
-206
-209
-213
-214
-215
-213
-214
-210
-209
-208
-204
-199
-193
-185
-181
-173
-164
-154
-143
-134
-122
-112
-101
-88
-74
-61
-46
-34
-20
-5
13
27
42
58
73
86
103
118
134
150
163
175
185
201
210
219
229
237
243
249
255
257
259
259
258
255
254
246
241
234
223
215
202
191
175
161
148
131
115
99
82
64
48
29
10
-7
-28
-46
-64
-82
-98
-116
-132
-146
-163
-175
-190
-202
-212
-224
-232
-239
-247
-253
-256
-259
-262
-264
-263
-263
-260
-257
-250
-244
-236
-227
-216
-205
-192
-177
-164
-148
-132
-113
-98
-79
-59
-41
-22
-3
18
36
57
75
92
110
127
143
157
171
184
193
204
211
219
225
230
232
233
233
231
230
227
221
214
207
198
190
181
169
159
147
135
121
110
100
86
75
64
49
38
27
17
5
-4
-15
-26
-36
-44
-54
-62
-69
-80
-87
-95
-103
-110
-117
-123
-130
-137
-146
-150
-156
-161
-168
-174
-178
-182
-185
-187
-189
-189
-190
-189
-187
-184
-177
-173
-168
-159
-150
-140
-128
-115
-103
-88
-74
-58
-42
-26
-8
7
25
42
59
75
91
106
121
134
147
158
167
176
184
190
193
196
197
198
199
195
192
188
183
174
168
157
149
139
129
120
107
97
86
76
67
56
47
38
29
21
15
6
-1
-5
-12
-18
-25
-30
-35
-37
-42
-48
-52
-54
-60
-64
-69
-73
-79
-83
-89
-95
-99
-103
-109
-114
-119
-122
-127
-132
-135
-138
-142
-144
-145
-145
-146
-144
-143
-139
-133
-128
-121
-113
-104
-94
-82
-71
-60
-45
-33
-20
-6
9
23
36
50
62
74
87
97
108
116
124
131
136
142
143
146
147
146
146
142
140
135
131
125
117
112
102
94
86
76
69
61
53
43
37
30
22
16
9
4
-1
-7
-7
-12
-15
-17
-21
-22
-25
-26
-28
-30
-30
-33
-37
-39
-39
-41
-44
-47
-49
-53
-57
-60
-64
-69
-72
-75
-78
-82
-85
-87
-91
-93
-95
-96
-96
-95
-94
-93
-89
-86
-83
-77
-73
-68
-61
-53
-47
-39
-31
-24
-15
-7
1
9
17
25
33
38
46
49
57
61
64
68
69
72
72
74
71
70
70
65
64
60
56
53
49
46
42
36
34
29
25
24
20
18
17
14
13
11
12
12
13
13
14
15
14
16
16
17
19
19
21
21
20
21
20
19
16
15
13
11
8
5
0
-4
-9
-14
-18
-23
-28
-33
-37
-42
-47
-51
-55
-58
-60
-63
-64
-66
-67
-67
-67
-67
-65
-61
-59
-54
-52
-46
-43
-37
-31
-26
-21
-15
-9
-6
1
7
14
18
23
28
33
37
41
44
47
50
51
52
54
54
56
55
55
53
51
49
50
46
45
42
38
37
36
33
32
31
27
25
24
23
20
21
21
18
17
16
15
15
14
14
13
11
11
10
8
7
5
2
1
-2
-4
-5
-8
-9
-14
-17
-19
-23
-25
-26
-29
-32
-36
-39
-40
-41
-44
-45
-46
-46
-47
-47
-46
-43
-42
-40
-38
-36
-33
-31
-28
-24
-20
-18
-12
-9
-6
-3
0
4
7
9
12
14
17
20
21
23
23
24
24
26
24
25
23
22
22
20
19
19
18
17
14
12
12
10
7
6
6
5
5
4
5
3
3
5
5
7
5
7
7
7
8
7
8
7
9
8
8
7
9
8
7
7
6
5
5
5
2
2
0
0
-2
-3
-5
-5
-7
-10
-11
-12
-14
-14
-15
-16
-16
-16
-17
-18
-19
-19
-19
-17
-17
-17
-17
-14
-15
-14
-13
-14
-12
-10
-9
-9
-8
-7
-7
-6
-5
-4
-3
-5
-3
-3
-1
-2
-2
-1
-2
-1
-1
0
0
-2
-1
-2
-2
-2
-3
-3
-2
-1
-1
0
0
0
1
2
3
4
4
5
7
7
8
9
9
10
10
11
10
10
11
13
13
12
11
13
13
13
12
12
11
10
10
9
8
9
7
7
6
4
2
1
1
0
1
-1
-1
-1
-3
-3
-4
-4
-5
-5
-6
-7
-6
-7
-7
-7
-7
-7
-6
-6
-5
-6
-4
-2
-3
-2
-2
-2
0
-1
0
1
0
1
2
2
4
5
5
5
5
6
8
7
7
6
5
8
7
5
6
4
5
4
4
5
5
5
5
4
5
4
4
5
4
5
4
3
3
3
3
3
4
2
4
4
3
4
4
5
5
5
6
6
5
6
6
5
4
3
3
2
1
1
0
-2
-2
-2
-3
-4
-5
-6
-7
-7
-8
-9
-9
-10
-10
-11
-13
-12
-14
-14
-13
-13
-13
-13
-11
-12
-12
-13
-13
-12
-12
-11
-11
-12
-10
-10
-7
-7
-6
-5
-4
-3
-3
-2
-1
-1
-1
-2
0
1
1
0
1
2
3
3
3
4
3
4
5
5
6
5
7
7
7
7
7
9
8
8
8
8
8
8
8
8
7
8
8
6
7
6
7
7
6
5
5
4
3
4
3
1
1
-1
-1
-1
-3
-3
-5
-5
-5
-6
-6
-7
-7
-9
-10
-10
-9
-11
-11
-12
-11
-11
-11
-11
-10
-10
-9
-10
-10
-9
-9
-7
-7
-6
-6
-6
-3
-5
-4
-2
-2
-2
-1
0
0
1
3
3
4
3
4
5
5
5
5
6
6
7
7
7
7
7
6
8
6
7
8
7
9
8
8
8
9
8
8
8
7
7
8
6
7
7
6
6
6
6
5
4
4
4
2
3
1
1
2
-1
-2
-2
-4
-3
-6
-5
-4
-6
-8
-7
-8
-9
-10
-9
-11
-11
-10
-10
-12
-11
-9
-12
-11
-11
-10
-10
-10
-10
-8
-8
-9
-7
-6
-6
-6
-6
-5
-4
-3
-2
-2
-1
1
0
1
2
2
2
3
4
5
4
6
5
6
8
6
6
7
7
8
9
9
8
7
8
8
8
7
7
7
7
7
7
7
6
7
7
5
4
3
3
4
3
3
3
3
2
2
1
2
0
0
0
-1
-1
-1
-2
-1
-3
-3
-4
-3
-3
-3
-4
-5
-5
-5
-5
-6
-5
-5
-6
-7
-6
-7
-7
-6
-6
-6
-6
-7
-6
-6
-6
-6
-6
-5
-5
-3
-3
-2
-2
-1
0
-2
0
-1
-1
1
1
2
2
3
3
4
6
7
8
8
9
9
7
7
8
6
7
7
7
7
7
7
6
8
7
6
6
6
5
4
4
4
5
4
3
1
2
2
2
1
1
2
2
2
1
1
-1
-1
-1
-2
-3
-3
-3
-4
-3
-5
-5
-5
-5
-6
-6
-6
-7
-7
-7
-8
-7
-7
-8
-8
-7
-7
-6
-6
-6
-6
-6
-5
-6
-6
-4
-4
-3
-4
-3
-1
-2
-1
-1
0
-1
0
1
0
3
3
2
3
4
4
4
6
6
6
6
4
5
7
7
7
5
6
8
6
7
6
8
8
6
6
4
5
4
4
3
3
3
2
1
1
1
2
2
1
0
0
1
-1
-1
-1
-2
-4
-3
-4
-4
-2
-4
-4
-6
-6
-6
-4
-4
-5
-4
-3
-2
-4
-4
-5
-4
-4
-5
-5
-4
-4
-4
-3
-5
-4
-4
-4
-2
-2
-1
-2
-3
-2
-2
-1
-1
-1
-1
0
2
2
4
2
4
5
5
5
6
6
6
7
7
6
6
8
7
6
6
7
7
6
6
6
7
5
4
4
5
4
4
3
2
2
3
1
3
1
2
2
0
0
-1
0
-1
-1
-3
-1
-2
-3
-2
-3
-2
-3
-3
-4
-5
-5
-5
-4
-4
-5
-4
-4
-4
-3
-3
-4
-3
-2
-3
-4
-5
-1
-3
-2
-3
-1
-1
-2
-2
-2
-1
-1
-1
-1
0
-1
1
1
0
0
1
2
1
2
2
2
1
2
3
4
4
3
3
3
2
2
3
3
3
3
3
2
3
2
3
3
3
2
2
1
1
1
-1
1
0
-1
0
-3
-3
-3
-4
-4
-5
-5
-5
-6
-5
-6
-6
-6
-6
-6
-5
-6
-6
-6
-6
-6
-5
-3
-3
-4
-4
-5
-5
-4
-3
-3
-2
-3
-1
-2
-3
-2
-2
-2
-1
-1
-1
-1
-2
-1
-2
-1
0
0
-1
0
0
1
2
1
1
0
0
0
0
-1
0
0
-1
0
0
0
0
0
1
1
2
2
2
1
1
1
1
2
1
1
2
1
1
1
0
-1
1
0
0
0
-1
-1
0
0
1
0
0
-1
0
0
1
-1
0
-2
-2
-1
-1
-1
0
-1
0
0
0
0
0
1
0
0
-1
-1
1
0
1
1
2
3
3
2
2
2
3
4
3
4
4
4
4
6
5
5
6
5
6
6
5
5
6
6
5
6
6
6
5
5
4
4
3
3
2
4
3
3
3
1
1
1
1
0
0
-1
-1
-1
-1
-1
-1
1
-2
-1
-1
-3
-2
-2
-2
-2
-2
-3
-3
-2
-2
-1
-2
-3
-2
-4
-4
-3
-2
-3
-4
-3
-2
-3
-1
-3
-3
-2
-2
-2
-1
-1
-1
-1
-1
-2
-2
0
0
0
0
0
0
2
2
2
3
3
3
4
5
4
5
4
4
3
2
4
3
4
3
3
3
2
2
2
1
0
1
0
0
-1
-1
-2
-2
-2
-2
-3
-3
-3
-5
-3
-5
-5
-4
-4
-3
-4
-4
-5
-5
-5
-4
-4
-5
-3
-4
-4
-3
-4
-4
-3
-4
-4
-4
-4
-4
-4
-5
-4
-3
-4
-3
-3
-4
-3
-5
-2
-2
-3
-3
-3
-3
-3
-2
-3
-2
-2
-2
-1
0
-1
1
-1
0
0
1
1
0
2
1
3
2
1
2
0
2
2
3
1
2
2
1
2
2
2
0
1
0
-1
1
0
-1
-1
-1
-1
-1
-1
-3
-1
-1
-2
-1
-1
-2
-2
-1
-2
-2
-3
-2
-3
-3
-3
-2
-2
-2
-1
-2
-1
-2
0
0
0
1
0
1
2
1
1
2
2
2
1
4
2
3
2
1
3
3
3
4
3
2
3
2
3
3
3
2
3
3
2
4
4
4
4
4
5
5
5
3
4
4
3
3
4
5
6
5
5
5
5
6
5
6
5
4
3
4
4
3
4
2
2
1
1
1
2
1
2
1
0
1
-2
-2
-1
0
-1
-1
-3
-1
0
-1
-1
-1
-3
-2
-3
-4
-3
-3
-3
-3
-2
-2
-2
-2
-2
-2
-2
-1
-2
0
1
1
2
3
1
2
1
2
2
1
3
1
1
2
2
2
2
3
2
3
3
3
2
3
2
2
3
2
2
2
2
3
2
2
2
1
1
1
1
-1
0
0
-1
-1
-2
-1
-2
-1
-2
-3
-2
-2
-1
-2
-3
-4
-3
-2
-2
-3
-4
-4
-4
-4
-4
-4
-5
-3
-4
-3
-3
-3
-2
-3
-4
-2
-2
-3
-3
-5
-3
-4
-3
-4
-4
-3
-3
-3
-2
-3
-2
-1
-1
-1
-2
-1
-2
-1
-1
-2
0
0
0
-1
0
-1
1
0
0
-1
0
0
-1
-1
0
0
1
1
1
1
1
2
0
0
1
2
0
-2
-1
-2
-3
-3
-3
-2
-1
-1
0
0
0
0
0
0
0
-1
-1
0
0
0
0
0
0
-1
0
-1
-1
0
-1
-2
-2
0
0
-1
0
0
1
1
2
2
2
3
2
2
2
1
1
0
0
2
1
0
1
2
2
2
3
1
4
3
2
3
3
3
3
2
2
1
1
1
2
1
2
0
1
1
0
0
0
0
1
1
0
2
0
0
0
0
-2
0
-1
-1
-1
-2
-1
-1
0
0
0
0
0
-1
-1
-1
-1
-1
-1
-1
-1
-1
-1
-1
0
-1
-1
0
0
0
2
1
1
1
0
1
0
1
1
1
2
1
2
3
3
3
3
1
1
2
2
2
2
2
2
1
0
1
1
2
1
2
2
2
2
2
2
2
2
0
1
1
0
1
0
1
1
0
1
2
1
1
1
0
2
0
1
2
1
2
1
1
0
0
0
1
0
0
-1
-1
-1
-2
-2
0
-1
1
2
1
2
2
4
5
6
8
7
9
9
11
12
12
14
15
17
18
19
20
22
24
24
25
27
27
28
28
29
30
29
29
30
29
29
30
28
28
28
25
25
23
22
19
18
16
14
12
9
7
5
1
-1
-5
-6
-10
-14
-17
-21
-23
-27
-27
-32
-36
-39
-41
-46
-48
-51
-54
-55
-57
-58
-59
-61
-62
-64
-64
-64
-65
-64
-66
-64
-62
-63
-62
-61
-59
-57
-55
-51
-48
-45
-41
-37
-34
-30
-25
-22
-17
-12
-8
-4
2
6
12
17
22
27
32
36
41
45
50
54
58
61
66
70
72
76
77
82
83
85
87
89
88
90
89
89
89
88
86
84
84
82
79
76
74
70
64
61
58
53
47
42
37
31
26
20
13
7
2
-5
-12
-18
-23
-30
-37
-43
-51
-56
-64
-70
-74
-80
-85
-90
-94
-98
-102
-105
-109
-111
-114
-116
-117
-118
-119
-119
-120
-119
-118
-117
-115
-112
-108
-106
-102
-99
-94
-88
-82
-76
-71
-64
-55
-49
-40
-35
-26
-19
-10
-3
5
13
21
29
39
47
56
63
71
77
85
92
97
104
109
115
119
123
128
131
133
135
136
139
139
139
138
138
135
133
131
128
124
120
116
110
106
100
96
88
81
75
66
59
50
43
35
27
20
10
2
-6
-15
-25
-33
-41
-48
-56
-65
-73
-80
-87
-94
-101
-106
-112
-117
-122
-127
-131
-136
-139
-143
-145
-147
-150
-152
-151
-153
-152
-150
-150
-146
-142
-140
-136
-132
-127
-121
-115
-108
-100
-91
-82
-74
-63
-54
-44
-35
-25
-14
-4
7
19
29
40
51
63
74
84
94
105
115
126
135
144
152
160
167
174
179
185
190
192
194
195
197
196
196
193
190
185
182
177
173
167
159
151
144
135
126
117
106
96
84
73
62
51
39
26
12
0
-12
-24
-37
-50
-62
-73
-84
-96
-106
-116
-124
-133
-142
-150
-160
-167
-174
-183
-192
-199
-204
-211
-217
-221
-225
-228
-232
-233
-234
-233
-233
-233
-231
-227
-224
-219
-215
-209
-202
-194
-185
-175
-164
-153
-142
-128
-116
-101
-86
-69
-50
-33
-12
8
30
53
76
102
126
150
174
199
221
241
261
279
296
309
321
331
340
346
349
350
346
341
335
327
316
304
290
276
259
243
225
205
187
167
147
127
108
87
70
51
33
16
-2
-19
-34
-48
-63
-74
-85
-93
-102
-111
-118
-123
-129
-135
-140
-144
-147
-154
-156
-161
-167
-173
-181
-188
-196
-205
-213
-220
-228
-234
-240
-245
-249
-253
-255
-257
-258
-257
-257
-254
-252
-250
-246
-243
-238
-232
-226
-219
-206
-195
-180
-166
-149
-131
-112
-90
-69
-45
-18
11
39
68
98
127
157
185
213
240
263
284
303
321
334
346
356
362
364
364
363
360
357
350
342
333
323
310
297
283
268
250
233
214
196
178
159
140
120
99
78
56
36
18
-2
-21
-36
-49
-62
-71
-78
-85
-93
-98
-102
-106
-108
-111
-113
-113
-114
-115
-116
-118
-120
-121
-122
-123
-122
-122
-123
-124
-123
-122
-124
-125
-127
-128
-131
-135
-139
-145
-149
-155
-162
-171
-178
-186
-192
-199
-204
-206
-209
-210
-209
-205
-200
-191
-183
-171
-156
-140
-122
-104
-83
-61
-39
-16
7
32
58
85
111
137
161
185
208
230
249
266
282
296
308
319
325
328
331
331
326
319
312
301
290
276
260
243
224
207
186
164
143
123
103
82
62
42
24
7
-10
-27
-42
-55
-68
-81
-91
-101
-108
-115
-121
-125
-130
-133
-133
-134
-133
-132
-129
-125
-122
-118
-115
-110
-107
-104
-100
-98
-97
-95
-92
-93
-94
-94
-98
-99
-101
-106
-110
-113
-117
-123
-127
-132
-135
-138
-144
-147
-151
-153
-153
-155
-154
-152
-151
-149
-145
-139
-133
-124
-115
-102
-89
-73
-57
-39
-20
0
20
40
61
83
104
127
147
166
184
203
217
231
244
255
264
271
275
280
278
276
272
266
258
250
241
229
218
203
187
171
155
139
121
103
85
68
51
33
16
2
-12
-26
-37
-49
-59
-69
-77
-84
-89
-93
-99
-99
-101
-102
-102
-103
-102
-100
-98
-95
-94
-91
-89
-88
-87
-85
-85
-86
-85
-87
-88
-89
-92
-94
-97
-101
-106
-110
-116
-121
-127
-133
-141
-146
-152
-159
-164
-168
-175
-177
-181
-184
-186
-186
-187
-186
-181
-176
-168
-159
-148
-136
-121
-103
-84
-66
-43
-20
4
28
53
77
102
126
149
171
192
213
230
244
259
268
277
283
288
290
288
286
281
274
265
254
240
227
213
195
180
164
145
128
108
91
73
55
37
21
4
-12
-25
-38
-50
-60
-70
-79
-87
-94
-99
-105
-109
-109
-111
-113
-115
-114
-113
-113
-112
-110
-109
-108
-107
-104
-101
-99
-96
-95
-93
-92
-92
-93
-93
-92
-94
-95
-98
-99
-99
-103
-108
-112
-117
-121
-127
-130
-135
-138
-142
-146
-148
-149
-151
-151
-147
-144
-140
-133
-125
-114
-102
-89
-74
-57
-38
-18
3
27
52
76
100
126
150
174
196
220
238
258
276
291
305
316
321
328
330
331
329
324
316
307
295
283
268
252
236
217
197
175
154
134
114
92
71
50
31
12
-6
-22
-39
-52
-65
-78
-87
-96
-103
-110
-114
-118
-121
-126
-126
-125
-125
-122
-120
-118
-116
-112
-110
-108
-104
-100
-98
-94
-93
-87
-85
-82
-78
-75
-74
-73
-72
-72
-72
-75
-75
-77
-80
-83
-87
-90
-94
-99
-103
-108
-114
-117
-123
-126
-130
-131
-135
-137
-135
-134
-133
-128
-122
-116
-108
-96
-84
-71
-56
-39
-19
-4
21
42
61
82
103
127
145
166
184
202
221
235
249
261
271
282
284
284
282
284
277
270
263
253
241
223
211
198
181
163
142
121
102
83
62
40
20
5
-14
-31
-48
-55
-68
-80
-90
-100
-107
-113
-113
-115
-113
-116
-114
-110
-104
-97
-94
-95
-89
-83
-80
-70
-70
-60
-53
-48
-41
-35
-32
-30
-27
-20
-18
-23
-18
-19
-24
-35
-40
-40
-56
-63
-67
-77
-88
-102
-105
-112
-120
-124
-137
-150
-154
-158
-165
-173
-176
-168
-168
-178
-172
-164
-150
-142
-139
-124
-109
-89
-76
-65
-32
-6
2
13
48
80
100
123
145
172
183
203
217
214
227
236
243
236
242
250
239
241
242
236
215
205
199
192
187
167
137
119
115
117
87
75
60
22
18
10
19
-11
-6
-28
-50
-75
-54
-21
-96
-83
-56
-78
-71
-45
-72
-50
-71
294
52
-321
-144
50
278
-277
-290
-99
-90
-153
-242
-83
-131
-112
-131
-125
-193
-164
-83
-117
-101
-151
-229
-223
-107
-56
-178
-234
-158
-199
-241
-184
-135
-209
-296
-171
-169
-265
-246
-148
-118
-197
-145
-66
-117
-114
-38
16
-30
-22
56
46
20
78
162
142
108
169
220
227
260
272
279
283
327
356
321
322
346
346
338
347
348
303
287
305
302
264
229
244
215
187
167
134
112
82
78
89
56
10
-3
-10
22
-17
-56
-47
-80
-83
-133
-95
-124
-142
-162
-136
-121
-184
-151
-171
-125
-137
-170
-160
-213
-142
-156
-204
-162
-206
-152
-207
-167
-133
-194
-171
-169
-133
-145
-194
-145
-171
-169
