-71
-75
-63
-30
4
37
70
78
66
36
-7
-42
-71
-77
-58
-24
18
53
79
86
65
25
-26
-65
-82
-74
-39
-3
47
82
93
82
45
-3
-48
-82
-93
-79
-40
11
61
97
104
88
47
-10
-67
-105
-107
-83
-40
19
79
120
123
90
33
-33
-93
-128
-129
-87
-18
53
107
130
117
67
-2
-69
-113
-126
-109
-68
-5
60
100
102
67
18
-30
-62
-75
-73
-52
-20
0
11
13
4
-1
-1
10
20
21
13
-14
-37
-59
-69
-62
-42
-1
49
87
104
80
32
-31
-92
-126
-127
-87
-17
57
117
133
108
54
-19
-82
-122
-128
-96
-42
22
85
113
110
70
15
-37
-85
-104
-90
-51
-3
44
73
76
66
42
4
-28
-50
-62
-57
-38
-9
18
40
51
49
38
17
-9
-31
-43
-39
-28
-12
7
23
38
43
41
27
8
-6
-16
-19
-15
-13
-4
4
16
26
29
32
28
20
9
-3
-12
-19
-23
-21
-11
10
28
38
40
31
19
-3
-26
-35
-31
-15
4
21
40
47
42
25
3
-14
-32
-33
-21
-4
18
35
40
39
24
4
-17
-26
-23
-12
6
20
24
23
16
2
-9
-17
-20
-16
-8
6
17
21
22
16
0
-17
-28
-31
-25
-11
6
16
25
25
17
4
-14
-31
-44
-42
-27
-7
18
38
50
46
24
-7
-43
-61
-64
-58
-32
4
34
55
56
44
17
-19
-46
-65
-62
-47
-27
3
27
44
41
29
8
-12
-26
-36
-38
-35
-30
-19
-3
13
24
26
23
12
0
-17
-34
-43
-44
-34
-14
6
27
41
40
28
7
-16
-36
-43
-36
-22
-3
17
27
27
24
13
-1
-12
-16
-13
-8
-4
0
3
7
6
8
11
14
16
15
14
5
-9
-17
-20
-15
-3
16
32
37
34
21
1
-15
-28
-31
-21
1
22
36
41
34
15
-8
-27
-32
-24
-2
18
32
36
25
4
-13
-18
-17
-10
5
23
33
30
14
-10
-29
-39
-32
-9
20
47
56
48
24
-8
-41
-64
-63
-42
-5
33
61
70
57
26
-14
-47
-64
-59
-36
-1
31
49
52
35
14
-5
-22
-32
-31
-22
-9
2
6
5
5
2
2
5
12
11
5
-6
-20
-31
-38
-33
-22
1
25
39
41
32
12
-14
-36
-48
-49
-37
-15
8
31
41
40
28
13
-11
-35
-49
-53
-47
-29
-1
22
41
51
48
28
2
-28
-55
-69
-68
-46
-11
27
58
75
68
40
-3
-45
-76
-87
-73
-39
2
40
65
69
51
22
-15
-44
-63
-65
-47
-23
7
30
46
44
32
13
-6
-18
-25
-26
-24
-14
-6
4
16
27
32
30
20
5
-11
-25
-28
-27
-12
3
21
35
41
36
20
2
-17
-25
-25
-15
1
13
20
19
16
10
6
1
1
5
10
16
13
7
-4
-12
-17
-13
-1
18
34
41
37
21
0
-23
-33
-34
-23
-4
16
33
41
38
22
-1
-22
-35
-35
-27
-8
10
24
28
20
7
-5
-13
-19
-15
-10
-2
3
5
4
-1
-5
-8
-7
-2
5
11
12
7
-1
-11
-19
-19
-15
-4
5
10
12
10
4
-3
-7
-9
-7
-3
-1
4
4
1
-3
-9
-13
-10
-4
5
11
12
8
-2
-10
-17
-19
-18
-13
-7
4
11
13
10
3
-5
-15
-18
-21
-19
-10
-5
-2
-1
1
3
3
3
4
-1
-5
-14
-19
-22
-19
-12
-3
8
19
27
24
16
1
-14
-27
-35
-30
-17
3
21
35
41
32
16
-5
-21
-31
-31
-23
-8
11
26
36
36
28
14
3
-10
-19
-22
-20
-11
4
18
28
29
28
22
13
5
-4
-11
-17
-16
-10
-1
12
24
31
27
22
9
-4
-14
-19
-21
-16
-6
5
15
23
26
19
7
-4
-18
-22
-20
-11
-2
6
13
13
12
10
5
-2
-4
-7
-6
-3
0
1
0
0
-1
-4
-3
0
5
10
12
9
3
-4
-11
-13
-12
-7
2
8
12
17
17
11
3
-5
-10
-14
-15
-13
-5
5
13
19
18
17
8
-2
-10
-19
-23
-24
-18
-7
4
15
21
21
16
7
-7
-19
-28
-31
-27
-20
-8
6
18
23
23
13
-1
-14
-26
-34
-35
-28
-15
2
17
28
30
23
11
-5
-19
-30
-35
-30
-20
-6
8
22
30
29
21
5
-11
-24
-33
-33
-30
-17
-1
14
27
32
30
20
3
-13
-28
-34
-31
-22
-5
13
28
37
37
28
10
-8
-24
-34
-35
-24
-9
10
25
35
35
27
14
-4
-20
-29
-32
-27
-14
3
17
29
32
30
20
4
-11
-25
-31
-30
-22
-10
7
20
30
34
28
17
1
-15
-30
-36
-32
-19
0
18
33
39
38
26
8
-9
-24
-33
-33
-25
-8
11
30
40
41
33
16
0
-17
-26
-29
-26
-15
1
17
30
36
35
25
10
-5
-18
-25
-27
-19
-8
6
20
30
35
32
22
8
-6
-20
-27
-25
-17
-7
7
19
28
31
27
17
1
-14
-26
-32
-31
-21
-9
6
19
26
25
22
10
-3
-17
-27
-31
-28
-17
-5
7
16
20
17
12
1
-10
-21
-27
-27
-23
-15
-4
6
15
17
16
10
3
-8
-15
-20
-21
-15
-7
3
11
15
18
13
7
-1
-8
-14
-15
-13
-8
-2
4
7
10
10
8
5
0
-6
-8
-12
-10
-8
-5
1
5
8
7
5
2
-4
-10
-12
-14
-11
-8
-3
2
5
4
2
-2
-5
-7
-10
-10
-9
-7
-3
0
2
0
1
1
-1
-2
-3
-2
-2
-2
-2
-1
1
2
3
4
5
4
4
1
0
-2
-3
-2
0
3
5
6
6
6
5
3
0
0
1
2
3
5
5
6
6
5
6
5
5
5
6
6
7
6
7
7
6
8
8
7
7
6
6
5
3
2
1
3
4
7
8
8
9
7
5
2
0
0
1
0
0
2
4
3
3
2
2
0
0
1
0
0
0
0
-1
0
-1
0
1
2
1
2
0
0
-3
-3
-4
-3
-2
-3
-1
1
1
1
1
-1
-4
-4
-4
-3
-2
-1
0
1
1
1
-1
-2
-3
-5
-6
-5
-5
-4
-4
-3
-3
-2
-2
-3
-6
-7
-7
-8
-7
-7
-6
-5
-4
-5
-5
-5
-7
-6
-7
-6
-7
-6
-5
-3
-2
-2
-2
-4
-2
-4
-5
-4
-5
-4
-3
-2
-1
-1
-2
-1
-2
-3
-3
-4
-3
-4
-3
-2
-1
0
0
0
1
0
-1
0
-1
-2
-2
1
-1
1
2
3
2
2
2
1
0
-1
1
1
2
1
1
1
1
1
0
1
1
2
2
4
4
3
3
2
2
2
2
3
3
3
4
4
4
3
3
2
2
1
2
2
3
3
3
3
3
1
1
0
0
1
1
2
1
0
0
0
0
0
0
1
1
1
0
1
1
1
0
1
1
1
3
2
1
1
2
1
1
0
1
1
1
3
3
3
3
3
1
2
1
1
1
2
2
1
2
2
1
1
1
2
1
1
0
0
0
2
1
0
0
1
0
1
1
-1
0
-2
-1
0
-2
-1
0
0
0
-2
-2
-3
-2
-2
-2
-1
-3
-2
-2
-3
-3
-3
-2
-2
-2
-2
-3
-1
0
-1
-2
-1
-1
-2
0
-1
-1
0
0
1
0
1
1
-1
0
1
-1
2
1
2
1
1
1
1
1
1
2
1
2
1
2
2
1
1
1
2
2
3
3
2
2
2
2
1
1
1
2
2
1
1
1
0
0
-1
2
1
2
1
2
3
1
1
0
0
0
1
0
1
1
0
0
1
2
0
1
1
1
2
2
2
3
1
1
1
0
0
0
1
0
1
1
0
1
1
1
2
1
1
1
0
0
1
0
0
0
0
0
-1
-1
-2
-2
-1
-2
-3
-1
-2
-2
-1
-1
-2
-2
-3
-3
-4
-5
-3
-4
-4
-3
-3
-3
-3
-3
-3
-3
-3
-4
-4
-3
-4
-2
-3
-3
-2
-3
-2
-2
-2
-3
-2
-2
-3
-2
-2
-3
-2
-2
-2
-2
-1
-2
-3
-3
-3
-3
-2
-1
-2
-1
-2
-2
-1
0
-1
-1
-1
0
0
-1
0
-1
-1
0
0
-1
0
-1
-1
-1
-1
-1
-1
-1
1
0
1
1
1
1
-1
-1
-1
-2
0
0
-2
-2
-1
0
-1
-2
-1
-1
-2
-2
-1
-1
-1
-1
-1
-1
0
-1
0
0
0
0
1
1
1
2
2
2
2
0
0
1
0
1
1
2
2
2
4
3
2
2
3
3
4
4
4
5
3
4
4
4
3
3
4
3
4
4
3
5
3
3
3
2
3
3
2
4
4
3
2
2
1
2
1
1
1
1
1
1
2
3
2
3
2
1
1
1
1
1
2
1
1
0
0
0
1
0
0
1
1
3
2
2
3
3
2
1
1
1
1
2
2
2
3
4
3
4
4
3
3
2
3
2
3
3
2
2
2
2
1
2
1
-1
1
-1
0
1
0
0
0
1
-1
0
1
1
0
0
-1
-1
-1
-1
-2
-2
-2
-3
-3
-3
-3
-4
-3
-4
-4
-5
-4
-4
-4
-4
-5
-4
-3
-4
-4
-4
-4
-3
-4
-5
-5
-4
-4
-4
-4
-3
-5
-5
-6
-5
-6
-6
-7
-6
-5
-3
-3
-3
-4
-4
-4
-3
-3
-3
-3
-4
-4
-4
-3
-5
-3
-4
-4
-4
-3
-3
-3
-3
-2
-1
-1
-2
-1
-2
-1
-2
-1
-1
-1
1
-2
-1
-1
-1
-1
-1
-2
-2
-1
0
-1
0
-1
-2
-1
-2
-2
-2
-1
0
0
1
1
-1
-1
0
0
0
1
1
1
0
2
1
1
1
2
3
2
2
2
2
2
2
4
3
4
4
4
4
5
4
5
6
7
6
7
7
6
6
7
6
7
7
6
6
6
5
6
7
7
7
7
6
7
7
5
5
6
5
4
3
3
6
3
2
3
2
2
2
1
2
2
1
2
1
1
1
0
1
1
1
1
1
0
-1
-1
-1
-1
-2
-2
-1
0
-2
-2
-2
-1
-2
-3
-3
-2
-3
-4
-3
-3
-3
-3
-2
-2
-4
-4
-4
-4
-3
-4
-3
-3
-3
-4
-3
-3
-4
-3
-2
-2
-4
-3
-3
-3
-4
-4
-5
-5
-5
-5
-6
-4
-6
-5
-5
-5
-6
-4
-4
-4
-4
-3
-4
-4
-4
-4
-5
-4
-2
-3
-3
-2
-3
-3
-3
-3
-2
-3
-3
-2
-1
-2
-3
-1
-2
-1
-2
-1
0
-1
0
0
1
1
1
2
2
2
1
1
2
2
3
2
2
3
3
3
3
4
4
3
4
4
4
4
3
4
4
4
3
4
4
4
4
3
2
2
2
2
2
3
3
2
3
2
3
2
2
3
3
2
3
3
3
4
3
4
2
2
1
2
1
2
2
1
2
0
-1
0
-1
-1
-1
-1
-1
-2
-1
-1
0
-1
0
-1
-1
0
0
-1
0
-1
-1
0
0
1
0
0
-1
-1
-1
0
0
1
1
1
0
1
1
1
0
-1
0
2
1
2
1
1
1
1
1
1
0
1
0
0
1
0
0
-1
-1
-2
-2
-2
-2
-2
-3
-1
-1
-2
-1
0
0
-1
-2
-1
-2
-2
-2
-3
-2
-2
-1
-2
-2
-2
-2
-2
-1
-1
-2
-1
-1
-1
-1
-1
-1
-1
-1
-2
0
0
0
0
1
0
0
0
0
0
1
1
3
2
3
1
1
2
0
1
0
0
0
0
0
1
1
0
0
1
1
2
2
2
1
1
2
2
3
3
2
3
3
2
1
2
1
1
0
1
1
1
1
0
1
1
3
1
0
-1
-1
-2
-2
0
0
1
0
0
0
0
0
0
0
-1
-2
-3
-3
0
0
1
1
1
1
-3
-1
0
1
2
3
3
4
3
4
4
5
3
2
3
2
1
0
2
3
3
4
6
7
5
4
1
1
2
2
5
6
6
4
5
4
4
2
0
0
1
1
0
2
2
2
1
1
0
-1
-2
-2
1
1
0
-1
-2
-1
-2
1
3
2
0
-4
-3
-2
0
2
2
3
-1
-2
-3
-2
-3
-2
2
1
-1
-3
-4
-4
-3
0
1
3
3
1
-1
-3
-2
-3
1
1
-3
-1
-4
-2
0
-1
-4
-6
-9
-11
-10
-8
-4
-2
0
-2
-4
-4
-10
-8
-9
-11
-12
-13
-9
-10
0
1
0
-2
-8
-13
-15
-7
-8
-3
-1
-4
-5
-7
-6
-11
-6
-8
-9
-9
-11
-2
-4
4
0
-1
-1
-8
-5
-7
-3
-7
-5
-3
-4
-3
-5
-4
-5
-3
-1
-4
-2
-3
-1
-4
1
0
-2
-2
-3
0
-4
6
4
4
2
-4
-4
-1
4
3
6
4
4
-2
1
1
-3
7
6
7
1
8
3
3
14
8
4
0
1
-4
3
12
11
7
7
10
7
10
6
3
0
-2
-2
-2
13
9
6
8
4
4
2
7
1
2
9
13
8
8
7
0
1
-1
2
2
6
5
4
9
10
9
14
8
0
-10
-6
1
17
28
17
17
-2
-5
-6
10
13
9
8
0
3
15
15
11
9
-7
-10
-8
1
8
24
14
-2
-1
2
-9
-6
-1
-10
-6
-2
-1
9
10
-4
-12
-7
-14
-24
-3
-9
-7
-2
17
3
5
1
-21
-8
-19
-9
-16
-1
-7
-2
6
-13
-7
0
2
-7
6
-7
-27
-27
-20
0
-2
1
-15
-14
-5
7
21
17
31
-9
-38
-34
-39
-9
-5
19
18
7
25
31
29
3
-22
-32
-43
-53
-31
-5
12
17
35
52
39
13
-29
-47
-59
-67
-64
-27
19
50
60
42
34
4
-18
-30
-46
-69
-55
-28
3
49
64
46
8
8
-15
-42
-58
-65
-55
-38
-9
37
31
61
58
24
11
8
-17
-71
-66
-38
-58
-8
50
47
81
71
77
-8
-14
-17
-75
-50
-51
-42
-2
3
54
73
72
27
-24
12
-51
-45
-24
-25
-17
-10
38
52
43
37
-13
5
21
-14
-21
10
-11
-18
34
28
-17
-18
36
-12
3
13
-49
-47
-20
-11
-6
25
2
-39
-28
-6
-8
15
29
-44
-27
-4
-17
-1
-24
-25
-38
5
0
33
41
3
-22
-49
4
-16
12
2
11
17
-6
60
21
-12
-33
-46
-38
-19
1
55
39
47
-2
-13
2
-38
-8
-31
-7
-11
5
22
57
50
48
7
-52
-61
-10
8
-40
35
69
37
6
43
32
-7
-1
-39
-26
6
6
-16
-3
16
17
-10
0
8
-23
-15
5
32
11
45
33
20
-3
12
8
-19
21
-30
10
37
-10
-40
23
41
-15
9
17
35
21
24
6
-21
-20
-47
-27
29
-13
34
30
4
57
26
-16
-58
-35
-7
-7
21
62
15
32
36
24
53
-38
-21
-38
-40
3
-22
40
41
22
60
42
18
-5
-55
-12
-17
5
55
29
15
-31
-16
-16
9
38
73
-24
-54
-2
-72
8
-2
13
58
64
91
15
19
-66
-147
-87
-30
10
-10
16
27
21
46
66
-22
-93
-73
-91
5
24
31
29
-10
-13
-49
-44
-59
-44
5
37
46
43
-5
27
-51
-53
-29
-49
-51
-27
-3
72
96
61
39
-111
-58
-13
-4
-26
8
25
-26
36
44
9
9
20
-21
-20
-40
-63
-77
-16
53
26
47
53
-11
-19
9
-36
-58
-71
-91
-80
-20
105
61
64
21
-51
12
-14
-14
-53
-70
-39
-103
-80
-33
-4
70
86
61
37
-28
-47
-66
-36
58
-2
3
-39
-75
-47
-46
21
-44
-51
47
36
85
79
10
-20
-80
-89
-84
-47
26
53
24
95
24
-66
2
-2
35
8
23
2
-57
1
21
22
55
0
13
26
-60
-29
-65
-48
-61
-19
107
105
89
81
73
56
-15
-87
-129
-65
-25
-16
83
80
126
85
46
-31
-52
-39
-56
-38
18
99
6
-47
-43
0
-38
69
74
8
-29
-55
-48
66
49
9
-19
9
-11
-136
61
39
46
-35
-7
-30
6
71
-22
12
59
-10
-32
25
48
90
-14
16
-27
-39
34
12
46
44
90
39
-7
28
-85
-102
17
-8
62
145
70
59
-18
-47
-24
-73
74
43
18
-11
-32
122
67
72
-19
-104
21
25
63
150
-8
-60
-139
-89
2
-29
-9
-35
-14
80
35
21
106
-40
38
-48
-61
-1
-36
52
-95
-45
28
-32
92
127
85
79
-67
-121
-150
-86
37
-109
53
125
89
174
-28
-19
-133
-94
-10
-36
89
81
55
34
51
3
-4
-76
-23
-74
-33
-12
-79
90
51
92
11
-41
-42
-49
18
71
-3
-59
-156
-74
12
-23
80
-58
1
25
-64
60
53
77
42
-96
-94
-198
-169
-153
-79
89
124
190
191
13
10
-42
-155
-119
-178
-80
-72
-5
87
72
44
30
29
58
44
-93
-108
-162
-58
-75
5
83
24
20
-62
-40
-32
3
-18
67
-18
27
13
-58
-36
-109
1
-56
26
33
9
141
-16
-63
-16
-63
53
-1
-21
33
-16
-30
-79
8
32
-77
-50
-9
86
-2
-101
-42
-44
69
118
-24
-3
52
-35
-25
-46
-78
-74
-99
61
74
77
105
102
97
16
-48
-151
-139
7
37
-3
86
13
-7
70
122
150
-25
-86
-106
-128
-69
84
100
82
93
-64
9
138
114
-82
-90
11
-166
-113
7
101
88
140
20
-7
-9
44
35
-28
17
-75
14
4
63
84
35
45
27
23
40
67
-8
-151
-35
-18
30
84
99
105
32
100
59
93
-13
-95
-96
-26
-12
97
56
-21
9
-134
-48
22
65
17
124
140
-17
-14
0
-172
-186
-98
-1
63
84
173
164
140
106
-36
-96
-10
-44
-68
-85
-17
37
63
83
53
18
-99
-36
-23
65
136
79
-17
-46
5
23
15
11
47
-100
-118
-105
-5
52
46
74
10
132
135
40
102
-80
-222
-310
-241
-85
-44
123
159
102
140
15
-96
-125
-88
-18
71
66
-25
3
5
74
-34
-90
-159
-81
-80
-23
-22
-7
52
54
82
-105
-72
-134
-116
-123
-115
44
-7
67
11
54
14
-29
-38
-18
56
10
61
36
32
-43
-87
-8
-98
-26
51
-57
80
-12
70
6
-43
-4
-98
-55
-62
-18
24
8
5
79
-74
91
-31
33
50
-5
210
98
18
-142
-37
-48
-62
-86
-51
-57
-60
25
42
181
8
42
63
6
-27
-157
-111
-73
-26
-55
50
-34
83
39
59
101
-108
43
-71
-7
50
98
58
-57
-141
-35
-33
77
0
-154
60
-49
71
0
-122
0
58
169
189
36
11
-22
-8
51
-118
-34
-145
-69
-37
2
125
163
143
75
-44
-118
-31
38
181
9
89
-32
-121
-112
-37
37
87
76
-27
9
-20
-58
20
81
51
68
61
-30
-91
-152
-106
-22
63
61
77
84
-36
-147
-73
-69
-55
-3
57
28
90
156
53
101
-32
-120
-215
-148
-60
83
157
89
119
-43
-148
-108
31
29
-7
51
22
96
54
-206
-160
-55
-30
36
128
312
199
47
-86
-156
-210
24
-5
102
173
74
138
51
106
-138
-175
-154
-146
105
228
183
78
-100
-157
-159
-115
21
110
99
56
67
129
69
29
-147
-167
26
-31
-13
30
17
-1
-4
-7
34
77
34
-29
-92
-78
-36
-52
-27
-48
91
104
92
101
73
26
-179
-187
-149
-107
87
236
268
218
88
-84
-176
-87
-66
9
92
128
132
28
-83
-83
-127
-64
-52
50
67
134
149
19
41
-41
-39
-48
-81
8
-4
-25
65
-58
36
-15
-44
18
30
65
-22
59
56
-42
-11
-1
-40
-11
12
-44
-114
-129
-5
50
173
205
68
55
-6
-68
-136
-34
-61
-149
42
160
46
105
74
-86
-153
-178
-32
-55
50
72
37
112
137
-16
-123
-166
-87
-171
-31
69
16
161
145
48
-14
-1
-75
-221
-152
17
-47
75
17
70
141
92
104
-111
-33
-81
-192
-29
-28
-109
-32
-14
22
-32
30
35
-74
25
-123
-35
-3
-83
-35
20
81
110
41
68
-83
-186
-149
-110
-3
-46
-2
-3
87
79
-27
-64
-57
-88
-151
12
-33
53
42
68
146
59
1
-105
-151
-210
-95
-38
75
48
85
66
101
128
26
56
-87
-67
-82
-76
21
-14
-101
69
34
-14
81
53
35
-15
109
66
-23
33
-48
-129
60
23
100
96
92
-49
-50
35
-20
-33
105
172
179
99
-49
-85
-107
-36
-75
0
75
61
79
142
-11
-3
54
-81
-44
42
167
133
3
-25
-106
-43
-93
-113
-51
37
18
136
133
158
138
-46
9
-88
-79
-89
-25
50
28
85
-6
-78
-87
-107
1
101
146
254
133
94
95
-104
-166
-231
-150
-131
-1
141
59
134
93
173
113
95
85
-144
-110
-150
-44
40
-16
-42
-82
22
79
46
173
84
-53
-12
-124
-2
-106
18
46
90
201
71
105
-68
-143
-72
6
1
-30
27
21
-6
107
2
-6
131
-35
158
41
-144
-160
-215
24
48
81
137
3
-14
-155
-111
36
4
65
-76
32
95
29
3
-3
-123
-46
-109
-202
-86
-79
-12
62
225
142
109
-3
-141
-35
8
6
-78
-64
7
-90
13
52
63
98
101
-15
-70
-40
-85
-58
122
282
29
-20
-225
-297
-103
-56
4
-142
11
-89
67
265
208
194
41
-45
-187
-72
-63
-112
-135
-80
-81
-20
30
59
32
16
88
-35
93
90
-131
-134
-156
-128
-141
-92
-10
4
46
50
3
62
39
50
-6
-51
1
-112
-70
-82
-82
-10
-56
-50
-102
-39
14
13
137
85
68
77
-42
-20
-92
-161
-115
-136
-7
18
67
82
33
86
71
-8
4
-152
-150
15
-4
22
25
13
-124
-18
101
62
123
86
-90
-81
-26
-89
-29
44
60
-32
15
46
10
42
35
-28
-83
-62
-36
-16
53
41
-43
-24
-26
-4
-22
47
114
10
47
37
-3
-33
-10
-46
-104
-34
-48
-10
131
101
21
13
27
-37
5
118
-10
-63
24
66
57
62
19
-114
-84
20
-44
44
161
115
95
130
19
-80
-60
-6
22
13
58
-16
-31
54
85
49
51
42
22
15
39
60
5
88
99
37
69
8
39
-19
-50
14
22
24
14
31
45
48
42
30
15
51
34
76
-4
-11
21
-20
29
7
15
38
85
102
49
32
8
-38
-1
-17
-46
-115
-23
35
98
108
14
57
10
78
79
18
-22
-28
-46
-91
-56
-11
37
79
55
-23
-23
-8
-6
29
89
105
59
22
62
-19
-72
-156
-117
-141
-7
141
102
127
53
-11
-130
-22
-26
-51
59
22
14
35
-83
-92
-186
-115
-28
-41
65
31
33
-15
-13
-41
-76
-49
-48
-79
-10
10
-50
-14
-100
-93
-121
-147
-64
-56
-73
-33
-44
-15
-21
-86
-40
-61
-66
-87
-110
-79
-54
2
-55
-84
-44
-125
-93
-61
-44
57
104
82
25
-44
-136
-208
-157
-124
-59
28
-31
18
-2
-36
0
7
50
2
-48
-102
-162
-123
-91
-68
-59
-51
-21
12
55
-4
-28
-91
-100
-105
-100
-5
7
38
13
-65
-65
-62
-67
-91
-96
-25
36
98
88
6
-21
-57
-25
3
-2
3
-4
-3
6
52
59
45
28
-22
-43
2
19
11
43
84
72
98
157
146
83
49
22
-39
7
92
96
125
149
64
18
22
37
76
71
41
42
66
98
104
112
95
100
105
64
89
86
96
70
78
96
131
190
187
195
172
141
77
53
51
75
57
71
96
65
59
40
51
77
73
80
52
-8
-5
-4
9
23
46
41
8
-28
-58
-64
-59
-3
24
31
32
-7
-86
-91
-65
-58
-58
-76
-60
-83
-67
-64
-132
-175
-198
-162
-86
-59
-8
-13
-48
-108
-151
-95
-82
-55
-48
-38
15
42
21
-1
-7
-47
-72
-33
49
98
111
100
61
72
60
23
67
83
80
76
37
54
79
85
107
108
105
67
30
42
29
35
43
38
52
85
160
184
137
93
108
83
73
91
93
124
138
187
206
228
195
133
128
124
157
158
143
137
107
101
115
108
109
74
85
71
98
142
128
121
73
46
-6
-36
-55
-136
-205
-206
-228
-299
-342
-336
-367
-356
-325
-363
-380
-401
-428
-460
-483
-475
-482
-453
-402
-439
-437
-477
-519
-534
-539
-461
-473
-461
-396
-360
-292
-302
-308
-307
-323
-262
-252
-213
-142
-98
-33
-13
45
101
119
188
258
337
386
453
556
646
758
815
830
835
810
804
769
749
733
682
644
609
589
562
554
545
511
502
491
460
435
395
364
321
250
206
153
114
80
62
47
44
62
60
44
12
-31
-91
-120
-156
-186
-231
-272
-306
-376
-475
-543
-604
-653
-683
-703
-722
-720
-716
-731
-749
-744
-721
-768
-790
-837
-818
-820
-805
-793
-866
-830
-843
-862
-819
-849
-859
-891
-912
-835
-836
-744
-664
-634
-505
-445
-267
-51
177
453
589
830
1037
1185
1368
1389
1456
1440
1348
1333
1231
1203
1129
990
928
813
802
752
712
694
585
540
432
346
275
133
35
-93
-191
-246
-284
-261
-266
-236
-161
-45
89
182
295
347
359
382
366
390
370
300
202
90
47
-16
-31
-6
-6
30
84
163
256
302
360
363
348
291
231
163
76
-5
-131
-172
-203
-198
-190
-188
-168
-161
-124
-118
-110
-112
-181
-280
-373
-494
-582
-656
-732
-804
-876
-907
-945
-949
-936
-965
-1002
-1101
-1155
-1198
-1259
-1290
-1383
-1363
-1346
-1333
-1233
-1121
-745
-428
-132
224
485
917
1187
1403
1605
1675
1830
1784
1739
1695
1544
1477
1285
1137
1018
895
910
837
818
761
686
679
551
443
268
95
-47
-270
-401
-553
-638
-663
-710
-624
-532
-382
-193
-54
107
189
298
378
401
443
383
320
229
120
32
-78
-121
-178
-212
-203
-196
-125
-84
-55
-57
-97
-125
-191
-253
-311
-383
-457
-519
-536
-550
-565
-549
-535
-483
-433
-386
-334
-323
-327
-372
-411
-423
-476
-525
-592
-668
-734
-831
-870
-923
-996
-1044
-1129
-1180
-1228
-1282
-1298
-1342
-1339
-1299
-1245
-1080
-906
-509
-106
233
589
872
1331
1648
1863
2051
2104
2247
2189
2132
2098
1968
1883
1617
1433
1296
1150
1128
1003
894
774
627
580
407
236
34
-184
-357
-604
-752
-862
-924
-919
-917
-813
-659
-454
-209
-29
141
235
326
437
476
506
498
447
371
262
167
129
92
25
-51
-71
-53
-34
3
27
28
-50
-157
-232
-314
-403
-509
-578
-634
-657
-649
-609
-532
-485
-445
-398
-326
-264
-235
-240
-250
-276
-310
-343
-403
-464
-550
-614
-697
-789
-885
-956
-1040
-1166
-1252
-1343
-1370
-1440
-1480
-1432
-1422
-1286
-1218
-922
-484
-178
227
468
920
1337
1569
1872
1932
2092
2109
2019
2076
1946
1918
1752
1572
1494
1288
1272
1179
1065
962
742
657
475
278
60
-218
-414
-694
-897
-1010
-1085
-1069
-1063
-949
-770
-573
-277
-42
201
355
444
595
689
746
744
713
655
541
463
452
447
410
340
318
346
341
337
338
312
193
5
-124
-237
-347
-494
-632
-718
-784
-813
-803
-733
-680
-646
-592
-556
-505
-473
-459
-462
-501
-516
-525
-527
-563
-626
-657
-720
-815
-914
-976
-1039
-1157
-1280
-1373
-1410
-1465
-1472
-1383
-1290
-1141
-968
-541
-91
247
586
844
1348
1633
1840
2028
2092
2217
2076
2045
2066
2003
1971
1766
1704
1606
1491
1488
1369
1267
1020
772
603
334
60
-265
-545
-797
-1085
-1237
-1288
-1262
-1218
-1164
-996
-775
-531
-247
-13
189
272
343
433
463
473
444
407
326
244
244
324
387
350
319
325
319
305
242
199
104
-89
-258
-401
-510
-630
-762
-839
-917
-964
-948
-882
-808
-778
-745
-685
-639
-614
-593
-595
-602
-637
-646
-611
-639
-629
-635
-611
-623
-739
-795
-887
-963
-1115
-1283
-1331
-1433
-1420
-1397
-1306
-1142
-999
-507
-143
254
558
784
1310
1511
1723
1806
1823
1952
1724
1689
1627
1581
1605
1387
1405
1326
1304
1354
1258
1232
975
756
597
296
32
-331
-589
-844
-1115
-1233
-1290
-1179
-1087
-968
-731
-504
-201
44
264
468
473
512
524
508
528
462
452
383
337
408
492
635
646
652
657
631
609
508
451
268
18
-179
-374
-490
-652
-760
-797
-840
-833
-833
-726
-647
-643
-643
-681
-676
-707
-751
-776
-830
-858
-855
-828
-779
-752
-725
-661
-674
-706
-767
-841
-870
-1032
-1154
-1260
-1357
-1272
-1258
-1093
-929
-695
-122
258
750
1048
1315
1833
1962
2159
2128
2073
2141
1858
1800
1647
1583
1585
1386
1425
1321
1339
1378
1271
1241
941
703
443
95
-197
-603
-869
-1120
-1358
-1420
-1409
-1209
-1034
-845
-556
-318
16
240
415
537
494
466
400
326
252
189
195
173
195
306
488
700
758
793
813
782
730
545
394
174
-111
-319
-506
-571
-673
-720
-656
-598
-492
-460
-358
-272
-320
-375
-501
-580
-695
-840
-930
-1025
-1057
-1087
-1042
-948
-917
-843
-837
-803
-809
-924
-975
-1149
-1295
-1500
-1641
-1667
-1630
-1542
-1408
-1135
-745
-88
414
893
1225
1538
2001
2086
2183
2053
1923
1865
1534
1466
1333
1324
1362
1220
1317
1281
1354
1394
1269
1173
796
474
110
-292
-619
-1026
-1266
-1472
-1583
-1513
-1339
-984
-685
-375
-44
246
547
711
783
761
616
478
312
210
160
130
174
201
323
496
712
915
938
919
807
660
512
259
33
-274
-552
-711
-821
-798
-810
-730
-579
-487
-359
-328
-251
-235
-346
-472
-673
-813
-956
-1102
-1190
-1229
-1201
-1136
-1064
-968
-882
-821
-796
-852
-946
-1077
-1217
-1421
-1606
-1762
-1821
-1776
-1652
-1434
-1141
-773
-193
478
983
1433
1647
1996
2282
2295
2289
2046
1968
1824
1588
1594
1529
1660
1670
1652
1738
1669
1734
1618
1427
1128
620
204
-275
-665
-999
-1304
-1435
-1560
-1513
-1303
-963
-547
-253
15
255
455
637
640
577
406
199
78
-37
-62
-66
9
217
373
584
758
936
1053
950
800
536
283
-11
-365
-599
-829
-940
-986
-923
-703
-553
-338
-208
-81
7
-44
-94
-262
-464
-719
-956
-1087
-1186
-1224
-1258
-1166
-999
-848
-671
-592
-485
-472
-580
-697
-982
-1192
-1463
-1761
-1899
-2120
-2042
-1876
-1614
-1187
-900
-327
378
994
1512
1711
1910
2153
2191
2159
1927
1752
1654
1492
1485
1510
1686
1879
1952
2084
2060
2054
1949
1653
1347
811
284
-259
-801
-1149
-1418
-1485
-1490
-1428
-1214
-861
-366
41
335
511
592
677
656
568
368
119
-40
-111
-74
-6
135
363
664
867
1046
1164
1195
1131
820
484
130
-244
-572
-906
-1048
-1103
-1087
-954
-782
-471
-237
-66
57
37
-8
-173
-374
-582
-862
-1130
-1317
-1393
-1374
-1300
-1227
-1060
-866
-707
-614
-597
-614
-680
-871
-1129
-1428
-1698
-1910
-2103
-2202
-2258
-2110
-1822
-1438
-1005
-600
-120
564
1136
1516
1709
1727
1974
2004
1946
1834
1619
1671
1588
1652
1808
1958
2202
2191
2248
2188
2048
1875
1428
1029
502
-19
-449
-941
-1213
-1393
-1376
-1224
-1125
-901
-645
-267
102
271
380
362
371
367
273
180
20
-64
-50
23
189
344
545
713
814
926
912
898
699
374
67
-293
-527
-799
-990
-1060
-1087
-961
-826
-602
-410
-268
-131
-99
-93
-230
-396
-533
-709
-834
-998
-1060
-1036
-985
-849
-757
-562
-441
-385
-358
-447
-485
-641
-815
-1052
-1314
-1464
-1622
-1670
-1711
-1724
-1584
-1378
-1027
-693
-376
-32
429
974
1323
1545
1569
1715
1899
1918
1935
1796
1798
1814
1796
1935
2025
2154
2127
1991
1898
1716
1516
1149
691
277
-177
-522
-874
-1160
-1281
-1328
-1188
-1057
-919
-725
-517
-245
-74
20
68
74
103
64
33
30
30
121
207
332
504
639
811
904
937
914
792
639
394
111
-154
-411
-612
-789
-863
-841
-752
-592
-495
-374
-236
-137
-85
-148
-262
-390
-516
-627
-734
-812
-862
-849
-785
-702
-601
-530
-470
-386
-446
-499
-626
-782
-876
-1129
-1282
-1476
-1630
-1720
-1826
-1778
-1706
-1576
-1335
-1063
-738
-405
-152
433
903
1250
1480
1397
1762
1861
1966
2008
1799
1949
1785
1866
1994
2035
2199
1951
1898
1748
1572
1432
980
639
161
-266
-520
-848
-979
-1104
-1141
-989
-922
-707
-488
-251
-18
20
113
160
242
275
197
201
137
191
270
384
564
646
752
799
848
837
782
669
430
151
-184
-400
-553
-726
-855
-926
-860
-738
-611
-483
-336
-233
-217
-256
-331
-417
-541
-687
-803
-861
-898
-869
-788
-695
-595
-511
-411
-313
-298
-392
-506
-632
-757
-927
-1127
-1283
-1436
-1548
-1632
-1603
-1546
-1488
-1316
-1099
-776
-515
-343
40
534
945
1216
1223
1359
1640
1772
1926
1841
1826
1834
1780
1918
2004
2125
2027
1803
1652
1453
1365
1093
721
330
-139
-435
-682
-840
-907
-984
-978
-943
-859
-676
-470
-266
-175
-162
-139
-70
60
136
186
197
202
287
393
576
713
803
813
736
725
660
627
492
209
-21
-280
-378
-448
-561
-599
-671
-621
-550
-461
-364
-353
-368
-437
-499
-530
-570
-603
-668
-714
-702
-646
-516
-399
-336
-329
-367
-378
-385
-414
-531
-695
-855
-989
-1052
-1126
-1187
-1220
-1307
-1363
-1413
-1465
-1357
-1310
-1126
-940
-835
-586
-358
258
807
1152
1347
1332
1720
1978
2191
2241
2016
2023
1804
1811
1924
1943
1998
1672
1443
1272
1155
1099
803
480
53
-367
-607
-778
-810
-876
-970
-968
-982
-832
-632
-409
-173
-145
-82
-28
106
302
348
425
374
378
427
510
698
709
683
537
436
468
453
440
287
48
-145
-279
-296
-281
-339
-443
-556
-650
-634
-560
-511
-507
-551
-634
-627
-577
-527
-427
-427
-427
-421
-385
-265
-225
-282
-397
-506
-583
-648
-728
-828
-912
-1018
-1037
-1038
-988
-966
-1101
-1109
-1295
-1327
-1350
-1435
-1153
-1183
-1002
-865
-714
39
510
1085
1314
1300
1705
1848
2183
2211
1987
1939
1617
1599
1614
1663
1838
1612
1442
1240
1123
1205
977
717
277
-203
-462
-755
-815
-915
-1019
-1019
-1079
-897
-701
-407
-103
-21
79
71
202
410
464
524
394
350
392
449
673
729
766
675
540
637
661
738
609
289
98
-164
-202
-242
-358
-418
-656
-729
-737
-647
-496
-532
-548
-636
-631
-551
-516
-433
-456
-479
-464
-442
-313
-264
-296
-374
-489
-492
-540
-612
-720
-883
-944
-1045
-1048
-1042
-1068
-1042
-1186
-1239
-1359
-1414
-1294
-1239
-1103
-1115
-1026
-701
-158
497
902
1167
1250
1476
1788
1998
2158
1964
1779
1603
1483
1597
1648
1732
1660
1432
1269
1154
1154
1053
698
251
-214
-519
-697
-884
-970
-1068
-1090
-1034
-963
-684
-399
-144
-29
-90
-32
77
269
352
259
195
127
212
329
428
594
623
629
605
554
650
631
519
312
-4
-137
-262
-341
-417
-572
-604
-662
-678
-654
-661
-579
-591
-651
-697
-681
-557
-537
-543
-542
-518
-401
-355
-328
-314
-355
-374
-465
-519
-571
-712
-780
-873
-895
-880
-909
-845
-914
-929
-993
-1131
-1054
-1057
-928
-876
-865
-627
-333
264
737
1056
1266
1335
1624
1810
1967
1958
1743
1670
1570
1617
1702
1712
1769
1686
1577
1466
1315
1222
1000
654
252
-144
-357
-512
-637
-726
-833
-780
-689
-558
-352
-218
-57
-51
-127
-128
-95
59
103
49
4
17
194
373
513
598
622
633
604
592
578
526
418
228
40
-77
-133
-181
-273
-414
-518
-549
-526
-517
-565
-631
-696
-737
-758
-756
-717
-681
-651
-636
-599
-516
-435
-382
-392
-436
-461
-457
-439
-462
-527
-611
-665
-694
-748
-771
-818
-849
-884
-954
-923
-866
-733
-630
-572
-461
-296
31
339
619
802
903
1083
1201
1333
1368
1320
1312
1286
1351
1433
1515
1583
1565
1494
1365
1214
1044
831
606
365
120
-77
-238
-318
-337
-368
-370
-376
-350
-254
-189
-165
-208
-318
-402
-466
-480
-475
-464
-436
-388
-301
-223
-154
-112
-111
-126
-169
-221
-247
-263
-285
-337
-402
-439
-446
-427
-396
-360
-315
-266
-202
-122
-51
-16
-53
-103
-122
-123
-74
1
91
164
219
267
300
296
208
48
-109
-201
-235
-228
-170
-86
29
132
198
222
180
130
48
-50
-122
-186
-199
-182
-131
-66
-20
25
51
74
61
9
-62
-149
-200
-225
-228
-206
-183
-137
-84
-16
78
145
204
225
226
237
234
259
275
285
321
350
394
446
490
519
515
473
404
321
256
188
118
41
-28
-49
-42
-13
16
51
80
90
89
77
76
77
68
32
0
6
42
99
128
133
131
115
93
29
-57
-156
-262
-361
-454
-515
-551
-569
-579
-595
-606
-605
-591
-590
-609
-634
-642
-627
-602
-565
-531
-479
-419
-341
-246
-154
-55
32
111
191
263
329
397
450
486
502
513
530
534
526
498
454
416
368
326
284
237
212
186
170
168
167
171
164
151
137
114
102
98
101
101
108
128
159
200
228
256
270
273
268
242
219
174
123
69
-8
-60
-99
-108
-108
-127
-131
-129
-109
-96
-95
-101
-117
-140
-164
-170
-163
-136
-119
-102
-71
-26
27
78
112
133
147
152
149
133
87
28
-47
-117
-179
-233
-279
-324
-357
-388
-403
-412
-427
-435
-457
-489
-519
-533
-528
-508
-491
-474
-443
-398
-332
-256
-177
-96
-5
91
187
286
366
436
481
494
488
466
437
403
355
306
268
253
258
255
242
222
203
189
161
128
92
53
7
-40
-74
-80
-70
-62
-47
-34
-3
49
100
144
166
171
166
153
132
105
63
18
-32
-84
-126
-149
-158
-166
-173
-188
-186
-184
-182
-189
-212
-225
-233
-234
-223
-205
-176
-146
-123
-90
-46
13
84
144
200
234
258
273
262
236
182
113
55
3
-37
-71
-97
-113
-133
-156
-177
-195
-208
-226
-256
-281
-311
-333
-353
-371
-371
-359
-314
-249
-177
-107
-46
18
87
157
221
273
304
320
323
312
312
277
261
251
303
435
543
645
635
567
467
333
161
-48
-234
-325
-280
-164
-44
3
9
-35
-97
-193
-309
-387
-396
-290
-117
57
180
241
252
246
204
132
58
-3
-4
32
72
86
49
5
-16
-15
-9
-32
-79
-131
-189
-257
-348
-442
-491
-489
-423
-336
-246
-154
-79
-7
28
29
24
5
13
29
22
9
-17
-38
-63
-80
-68
-36
16
60
84
103
86
33
-55
-150
-197
-200
-159
-96
-48
-1
40
78
111
128
138
129
116
111
114
141
168
196
213
220
239
259
281
265
211
138
58
9
-28
-26
12
67
127
156
160
124
61
-16
-118
-203
-273
-312
-313
-297
-266
-217
-174
-126
-90
-78
-62
-68
-71
-97
-129
-148
-163
-154
-147
-125
-73
-19
52
92
109
128
135
151
156
150
143
139
140
143
148
160
182
211
240
271
311
353
394
414
415
402
378
346
310
278
262
257
267
289
307
336
363
378
386
369
347
312
269
220
155
97
38
-18
-69
-114
-146
-171
-198
-221
-243
-255
-260
-266
-277
-286
-291
-293
-296
-325
-369
-424
-475
-510
-545
-563
-569
-561
-530
-498
-456
-419
-386
-358
-348
-335
-345
-358
-378
-419
-446
-470
-480
-459
-436
-384
-317
-247
-171
-123
-71
-4
87
216
334
432
490
509
535
532
520
486
423
403
413
469
539
565
576
545
482
403
283
167
44
-76
-174
-264
-313
-338
-329
-282
-230
-168
-113
-73
-30
-5
6
6
-7
5
36
93
164
217
264
296
325
350
358
354
322
267
210
148
100
51
-3
-56
-107
-129
-123
-109
-98
-101
-106
-100
-92
-86
-85
-92
-91
-81
-60
-29
-2
24
42
37
20
-6
-35
-68
-106
-151
-210
-270
-333
-404
-463
-517
-547
-567
-580
-566
-542
-495
-458
-455
-477
-519
-558
-587
-604
-600
-564
-481
-349
-178
20
237
445
626
736
776
768
730
692
636
585
565
587
651
726
786
812
806
751
661
542
406
281
161
56
-43
-114
-141
-138
-96
-45
20
86
129
156
141
111
68
14
-26
-51
-45
-4
45
99
142
171
193
191
171
126
58
-14
-88
-165
-231
-289
-320
-338
-339
-325
-305
-278
-262
-255
-257
-254
-240
-221
-191
-152
-106
-57
-8
31
65
92
114
123
116
98
67
38
1
-40
-74
-102
-116
-126
-142
-158
-171
-189
-211
-249
-295
-342
-387
-417
-448
-472
-486
-484
-456
-408
-338
-252
-160
-64
26
116
208
301
388
446
486
517
546
574
588
591
586
590
592
587
563
517
457
373
282
180
82
6
-52
-94
-130
-164
-189
-213
-233
-245
-253
-246
-230
-208
-176
-145
-121
-104
-100
-89
-73
-45
-10
17
42
57
64
52
22
-22
-65
-96
-111
-113
-108
-105
-105
-117
-136
-156
-171
-174
-164
-141
-110
-69
-23
15
39
56
68
79
99
123
148
172
186
187
175
144
105
65
26
-8
-35
-56
-68
-79
-93
-117
-141
-161
-185
-206
-231
-260
-287
-320
-353
-389
-423
-443
-447
-436
-408
-361
-302
-232
-168
-115
-66
-24
24
62
98
137
170
203
224
241
254
260
264
260
250
242
235
225
213
196
172
147
117
87
58
35
16
5
4
6
14
22
35
44
54
59
63
63
63
68
75
83
88
89
87
80
71
67
60
62
66
79
89
94
93
77
52
16
-29
-77
-113
-141
-158
-162
-157
-143
-122
-95
-73
-53
-41
-34
-26
-25
-32
-39
-54
-62
-72
-76
-66
-48
-24
-2
20
32
33
20
-5
-47
-91
-137
-173
-198
-216
-219
-219
-206
-195
-183
-170
-156
-136
-119
-97
-72
-44
-8
29
69
112
153
191
220
242
257
267
271
271
264
258
254
245
237
225
211
193
170
138
101
60
19
-17
-50
-72
-84
-83
-62
-36
-3
30
58
79
90
93
86
75
64
55
58
69
89
115
146
180
212
236
249
250
238
213
171
127
80
35
3
-19
-28
-21
-5
15
36
50
57
56
45
29
5
-16
-33
-45
-53
-54
-52
-45
-34
-27
-22
-29
-45
-66
-92
-124
-162
-200
-236
-263
-284
-299
-306
-310
-312
-313
-316
-318
-324
-323
-325
-324
-316
-298
-271
-240
-204
-165
-125
-84
-48
-16
11
38
66
97
130
166
205
246
283
311
328
335
328
307
274
229
183
135
94
60
37
20
20
22
28
34
33
29
16
-1
-23
-45
-61
-71
-72
-61
-41
-11
21
55
80
97
106
102
90
71
48
28
8
-7
-13
-15
-8
0
11
20
29
35
34
31
25
19
11
5
3
2
2
6
9
8
9
5
-2
-12
-24
-35
-46
-60
-71
-84
-99
-116
-136
-156
-180
-200
-222
-241
-254
-259
-259
-252
-239
-225
-210
-190
-170
-155
-143
-135
-132
-128
-123
-116
-105
-89
-62
-30
5
41
75
106
130
147
157
157
151
138
125
112
100
89
83
80
79
79
75
71
63
55
44
33
24
18
14
16
22
34
47
63
81
101
125
147
168
189
204
218
228
235
238
237
236
233
226
222
214
206
196
183
171
157
143
126
110
92
77
61
46
30
13
-6
-24
-44
-64
-82
-97
-111
-123
-135
-147
-160
-173
-185
-199
-214
-228
-240
-250
-258
-262
-264
-262
-259
-253
-243
-230
-216
-199
-184
-170
-155
-140
-125
-111
-97
-82
-63
-42
-20
3
29
53
77
100
119
138
151
162
169
172
173
170
163
155
146
140
133
127
121
117
113
106
100
91
79
68
53
38
21
6
-5
-11
-15
-17
-17
-11
-2
6
16
27
36
44
49
55
55
57
56
55
56
57
59
60
59
58
55
50
42
33
18
4
-9
-23
-31
-42
-52
-64
-75
-85
-97
-105
-114
-125
-134
-145
-158
-170
-182
-190
-195
-199
-200
-194
-184
-171
-154
-140
-126
-112
-100
-89
-76
-66
-55
-42
-31
-18
-2
11
28
45
63
83
102
120
136
148
160
171
178
181
180
174
170
162
152
146
138
132
122
114
106
99
92
83
73
62
50
36
21
4
-12
-28
-45
-58
-71
-77
-79
-78
-71
-62
-48
-32
-20
-7
3
7
7
4
-2
-7
-12
-15
-14
-9
0
12
23
35
42
46
44
36
24
7
-10
-31
-50
-67
-83
-96
-108
-117
-126
-131
-135
-137
-141
-148
-156
-170
-184
-201
-217
-231
-241
-247
-244
-238
-224
-209
-192
-172
-152
-132
-113
-96
-81
-65
-49
-33
-18
0
19
38
61
84
106
129
146
161
174
182
189
190
190
188
184
178
170
161
152
143
132
122
111
101
90
81
69
57
45
33
22
11
3
-5
-11
-18
-23
-28
-31
-34
-35
-36
-33
-28
-24
-16
-10
-1
6
12
16
23
22
22
22
17
18
17
16
22
23
27
37
39
46
54
53
61
60
57
55
48
41
32
22
12
1
-8
-14
-18
-19
-19
-18
-21
-21
-22
-29
-35
-43
-55
-63
-74
-85
-92
-100
-99
-96
-90
-77
-61
-43
-22
-3
15
34
47
59
67
73
80
86
90
97
104
108
118
125
132
141
146
149
151
146
137
124
106
84
63
37
11
-11
-33
-49
-64
-77
-84
-95
-105
-110
-120
-126
-135
-146
-153
-160
-168
-172
-176
-175
-172
-165
-157
-144
-134
-121
-104
-90
-77
-61
-51
-42
-33
-24
-15
-5
4
14
24
35
45
54
63
71
77
82
86
88
89
89
85
79
72
65
56
45
35
28
19
11
4
-2
-10
-17
-24
-30
-36
-42
-47
-54
-56
-58
-59
-57
-53
-48
-43
-34
-27
-15
-2
10
22
35
46
57
68
76
87
95
102
109
114
118
119
121
120
117
112
106
99
89
79
69
58
46
34
20
7
-6
-20
-32
-43
-51
-61
-68
-74
-78
-81
-82
-84
-85
-85
-83
-81
-79
-75
-72
-67
-60
-55
-46
-39
-28
-19
-9
-1
8
16
22
27
32
36
39
41
44
46
47
49
49
49
47
44
42
38
34
29
23
15
8
-1
-7
-15
-22
-27
-34
-39
-43
-46
-51
-52
-55
-58
-61
-63
-64
-64
-62
-60
-57
-53
-50
-44
-39
-32
-25
-17
-9
-1
8
16
25
32
39
45
51
58
59
65
66
68
69
69
69
66
63
58
53
46
42
35
27
20
11
4
-5
-10
-19
-26
-32
-39
-47
-53
-56
-60
-63
-64
-64
-62
-60
-57
-54
-50
-47
-42
-37
-32
-27
-21
-14
-7
-1
5
13
21
27
35
41
47
52
56
59
61
60
61
61
58
55
52
49
47
44
40
38
34
29
25
20
15
10
6
0
-4
-8
-11
-13
-15
-15
-15
-18
-16
-14
-15
-12
-11
-10
-8
-7
-4
-1
-1
1
4
6
10
11
14
16
18
20
22
23
23
23
24
22
21
20
17
14
14
13
11
9
8
7
4
4
3
1
0
-3
-5
-7
-9
-10
-12
-14
-13
-14
-15
-14
-14
-13
-14
-14
-15
-14
-16
-17
-18
-20
-20
-22
-23
-24
-26
-27
-28
-28
-29
-30
-31
-33
-34
-34
-37
-39
-40
-42
-43
-45
-45
-47
-47
-47
-49
-50
-48
-49
-47
-44
-43
-42
-41
-37
-35
-33
-29
-24
-20
-16
-10
-6
0
6
12
18
23
28
33
36
41
45
49
52
55
59
62
64
66
66
67
67
67
66
65
62
60
58
55
51
48
44
40
37
33
29
26
24
19
16
13
8
4
2
-2
-6
-8
-12
-12
-13
-15
-16
-17
-18
-19
-21
-19
-18
-19
-18
-18
-17
-15
-15
-14
-12
-10
-8
-9
-6
-5
-5
-5
-4
-4
-4
-6
-6
-8
-9
-9
-10
-9
-10
-11
-11
-13
-13
-15
-15
-18
-19
-22
-24
-27
-28
-28
-32
-30
-31
-31
-30
-29
-28
-27
-24
-23
-20
-17
-16
-14
-11
-8
-5
0
3
7
11
14
18
22
26
29
32
35
39
42
45
46
49
50
52
52
53
54
53
53
53
53
51
51
50
48
46
44
42
39
38
34
32
29
27
24
22
18
15
11
7
3
-1
-5
-8
-12
-17
-21
-24
-28
-32
-34
-37
-39
-42
-44
-47
-49
-52
-54
-58
-60
-63
-65
-67
-67
-69
-69
-68
-68
-67
-66
-65
-63
-61
-59
-57
-56
-53
-50
-46
-44
-39
-36
-32
-27
-22
-19
-12
-7
-2
4
10
14
20
24
29
33
36
41
44
49
51
56
60
62
65
68
69
71
72
72
73
71
73
71
70
66
65
63
59
58
55
52
49
45
42
39
35
31
27
23
20
15
12
8
5
2
-2
-6
-8
-9
-13
-15
-17
-20
-22
-26
-28
-32
-34
-38
-39
-41
-43
-43
-45
-44
-47
-46
-47
-46
-46
-48
-47
-48
-48
-49
-49
-50
-49
-49
-48
-46
-44
-42
-40
-38
-35
-33
-31
-29
-26
-25
-23
-20
-17
-16
-12
-10
-6
-3
0
4
9
11
14
17
21
25
29
31
34
37
38
42
43
47
48
50
52
53
54
55
54
55
55
55
53
52
51
49
46
45
43
42
39
37
35
31
28
24
22
18
15
10
8
2
1
-4
-6
-8
-12
-14
-18
-20
-22
-26
-30
-32
-35
-39
-42
-44
-46
-49
-50
-52
-52
-54
-55
-55
-55
-55
-55
-55
-55
-55
-55
-55
-53
-52
-50
-48
-47
-43
-40
-38
-35
-31
-29
-24
-21
-18
-14
-10
-8
-3
1
5
9
12
17
21
24
29
34
36
41
44
47
49
51
55
58
59
60
61
63
63
65
67
68
69
69
68
68
68
67
65
62
60
58
55
52
49
46
42
39
37
34
31
27
23
20
15
12
8
3
-2
-6
-9
-13
-18
-20
-23
-27
-30
-34
-38
-40
-43
-48
-50
-53
-56
-59
-61
-63
-64
-65
-66
-68
-67
-67
-67
-66
-67
-66
-65
-64
-62
-62
-60
-57
-56
-52
-49
-46
-44
-39
-36
-32
-27
-25
-21
-17
-12
-8
-2
1
7
11
16
21
25
30
32
37
41
44
47
50
52
55
58
60
62
62
63
65
65
65
65
65
64
62
62
60
58
56
53
51
47
45
42
37
32
29
26
23
17
14
10
7
2
-3
-7
-11
-14
-18
-21
-25
-28
-32
-34
-38
-41
-42
-45
-47
-49
-52
-52
-54
-55
-55
-56
-56
-55
-55
-55
-54
-53
-53
-51
-50
-49
-46
-45
-42
-41
-39
-37
-35
-33
-29
-26
-24
-20
-17
-15
-13
-11
-9
-5
-2
0
3
6
9
11
15
16
19
21
24
26
29
30
33
35
38
39
40
43
44
45
46
48
49
50
50
51
51
52
52
52
52
50
50
48
47
44
43
41
40
38
35
33
31
30
26
24
21
17
14
10
8
5
1
-2
-6
-10
-14
-17
-20
-23
-27
-29
-31
-34
-36
-38
-39
-40
-41
-43
-44
-46
-47
-47
-47
-49
-48
-49
-48
-48
-46
-45
-43
-41
-40
-38
-37
-34
-33
-31
-29
-26
-23
-22
-20
-18
-15
-13
-10
-8
-6
-3
1
3
5
8
10
12
15
17
19
21
22
25
26
28
29
32
33
33
34
35
36
36
35
37
38
38
39
38
40
39
38
37
37
34
34
33
32
30
29
27
25
24
22
20
19
15
13
12
10
7
5
4
1
-1
-3
-5
-7
-10
-12
-13
-16
-17
-19
-20
-21
-23
-24
-25
-26
-26
-28
-28
-28
-29
-29
-30
-29
-30
-30
-30
-31
-30
-28
-27
-26
-26
-24
-23
-22
-19
-19
-16
-15
-13
-11
-10
-8
-7
-4
-4
-3
-1
0
2
3
4
5
6
8
9
10
10
11
11
12
12
13
12
14
15
14
13
13
13
12
13
12
12
13
13
13
13
11
11
10
9
9
8
7
7
6
6
5
3
3
0
-1
-1
-2
-2
-2
-3
-3
-3
-4
-5
-4
-5
-5
-6
-6
-6
-6
-6
-6
-6
-7
-6
-6
-6
-6
-7
-7
-8
-9
-9
-10
-9
-10
-10
-8
-9
-8
-8
-9
-8
-8
-8
-6
-7
-7
-6
-5
-5
-4
-3
-3
-3
-1
-1
0
1
2
3
3
2
2
3
4
3
4
5
5
5
6
5
7
6
6
6
5
6
7
7
6
6
7
6
5
5
6
7
6
6
6
7
6
6
6
5
4
5
5
5
5
3
4
3
3
2
2
3
2
3
4
4
4
3
3
4
3
4
4
3
3
3
3
2
2
2
2
1
1
2
3
3
3
3
2
3
2
3
2
1
2
1
1
0
0
1
-1
0
-1
0
0
-2
-1
0
0
-1
1
0
1
0
1
1
2
1
1
2
3
4
4
4
5
5
5
5
6
6
5
5
6
5
7
6
4
4
3
4
2
1
0
1
1
1
0
1
0
0
-1
-2
-2
-3
-2
-4
-3
-4
-3
-3
-4
-4
-5
-6
-7
-7
-7
-6
-7
-7
-7
-7
-7
-7
-6
-8
-8
-7
-7
-7
-6
-5
-5
-5
-7
-6
-6
-6
-5
-5
-5
-6
-6
-5
-6
-4
-5
-4
-4
-5
-3
-3
-3
-2
-3
-3
-4
-4
-4
-3
-4
-3
-3
-1
-1
-1
-1
0
0
1
0
0
0
0
0
0
2
1
2
3
1
2
4
4
3
4
4
4
3
3
3
3
3
2
4
3
3
3
1
3
3
3
3
4
4
4
3
3
4
2
4
2
1
2
0
1
1
1
2
-1
1
0
0
2
1
0
1
1
0
-1
0
-1
-2
-1
-1
-1
-1
1
1
1
0
0
0
0
1
-1
0
0
0
-1
0
1
1
0
1
2
2
1
1
1
0
1
0
0
0
0
0
1
1
2
1
1
2
2
3
2
0
0
0
1
1
-1
-1
-1
-2
-1
-1
0
0
-1
-1
0
-1
-2
0
-2
-1
-2
-1
-2
-2
-1
-1
-1
-2
-2
-1
-1
-1
-1
-1
-1
-2
0
-2
-1
-1
-1
0
0
-1
-1
0
1
1
0
1
-1
-1
-1
-1
-1
-1
-1
-1
0
1
0
-1
1
0
0
1
0
1
1
2
2
2
1
1
1
0
-1
0
0
0
0
1
0
1
1
1
1
2
1
0
0
0
-1
0
0
0
1
1
2
3
3
2
3
2
1
2
2
3
3
3
4
5
4
4
4
4
2
3
2
1
4
2
2
2
2
2
2
3
3
3
3
3
2
2
1
1
2
3
3
4
4
3
3
2
2
2
1
-1
0
1
-1
0
0
2
2
1
1
1
1
-1
0
-1
-1
0
0
1
0
0
0
0
0
-1
-1
-2
-2
-4
-2
-2
-3
-2
-3
-4
-5
-5
-5
-5
-5
-6
-7
-7
-7
-7
-7
-6
-7
-6
-7
-6
-7
-6
-5
-5
-5
-4
-5
-4
-3
-3
-3
-3
-2
-3
-2
0
-1
0
2
2
2
2
2
2
3
3
3
4
4
4
4
5
4
5
5
4
5
4
4
4
3
4
3
2
3
2
4
4
3
3
2
3
2
2
1
0
1
0
-1
-1
-2
-1
-1
-1
-1
-1
-2
-2
-1
-2
-3
-2
-3
-2
-3
-3
-3
-4
-4
-4
-3
-1
-2
-1
-3
-3
-2
-2
-2
-1
-2
-2
-1
-2
-2
-1
-2
-1
-1
-1
0
-1
-2
-1
-2
-2
-1
-2
-2
-2
-1
0
0
0
1
1
2
2
2
1
1
1
0
1
1
2
4
4
5
5
4
4
3
4
4
3
3
2
3
3
2
2
2
2
1
2
0
0
1
-1
-1
0
0
1
0
0
0
0
-1
-1
-2
-2
-2
-1
-1
0
-1
0
0
-1
0
0
-1
-2
-1
1
1
1
1
1
2
0
0
0
-1
0
0
0
1
0
0
0
1
2
2
2
1
0
0
-1
0
1
2
2
1
1
2
2
1
1
2
1
1
1
2
1
2
2
1
2
1
1
1
1
2
2
0
1
1
3
2
3
2
2
1
1
0
1
0
1
1
1
1
0
0
1
-1
-1
-2
-3
-3
-3
-3
-2
-2
-2
-2
-2
-1
-1
-2
-3
-4
-5
-6
-5
-6
-5
-5
-5
-5
-4
-3
-4
-4
-6
-5
-5
-5
-5
-5
-5
-3
-4
-4
-3
-4
-3
-3
-4
-3
-4
-4
-3
-3
-2
-3
-3
-2
-2
-2
-2
-2
-2
-1
-1
-1
-1
-1
-2
-1
-1
-2
0
-1
-1
-1
0
0
1
-1
-1
-1
0
0
-1
0
0
0
-1
0
0
1
0
0
0
1
1
1
3
2
2
2
2
3
3
3
3
4
4
4
4
3
3
3
4
3
2
4
4
4
4
3
4
2
2
1
0
0
0
1
1
2
1
0
-1
-1
-2
-1
-2
-2
-1
-1
-2
-1
-2
-2
-3
-4
-3
-3
-4
-2
-1
0
0
-1
0
-1
-1
0
-1
-1
-1
-1
-1
0
0
-1
-1
1
1
0
0
1
1
2
1
1
1
-1
-1
0
1
1
1
1
0
0
1
2
3
2
2
2
1
2
1
-1
-1
0
-2
-2
0
-1
-1
0
-1
-1
-3
-2
-1
-2
-1
-1
-1
0
1
2
1
0
0
1
-1
0
0
1
2
3
2
1
2
2
1
1
3
2
1
2
2
2
2
1
1
1
1
1
1
2
1
1
1
0
-1
0
0
-1
0
0
1
1
1
0
1
0
1
-1
0
0
1
0
1
1
1
0
0
0
1
2
2
2
2
2
2
1
1
1
1
1
1
2
1
2
2
2
2
1
1
1
0
2
2
2
2
1
1
1
0
0
0
1
0
1
0
-1
0
0
0
-1
-1
-2
-3
-2
-2
-1
-2
-2
-1
-1
-2
-2
-3
-3
-2
-3
-4
-2
-2
-1
-1
-2
-2
-2
-2
-2
-2
-1
-2
-3
-2
-3
-3
-3
-2
-2
-2
-3
-4
-2
-2
-3
-2
-3
0
-1
-2
-2
-1
-2
-3
-2
-3
-2
-3
-3
-3
-3
-3
-3
-2
-2
-1
-2
-1
-2
-1
-1
0
0
0
1
0
0
0
-1
-1
-3
-3
-2
-1
-1
0
0
1
0
0
-1
-1
-1
-2
-2
0
-1
0
0
0
1
0
0
0
-1
1
0
1
2
2
2
2
2
2
2
3
1
2
1
0
1
0
2
2
3
2
2
2
1
1
1
1
2
1
0
1
0
1
0
1
1
2
1
1
0
1
1
1
1
1
1
0
-2
0
-1
-1
0
0
1
1
1
1
0
3
2
2
2
1
1
2
2
2
3
2
2
2
1
1
2
2
3
2
3
4
4
4
4
4
4
3
2
2
2
3
2
1
1
2
2
2
0
0
1
1
0
0
1
-1
1
0
0
1
1
0
0
0
0
-2
-2
-1
-2
-1
1
0
0
0
1
-1
-2
-1
-1
-2
-1
-1
-2
-1
-2
-1
-1
-2
-2
-2
-2
-3
-1
-1
0
0
0
0
0
1
0
0
-1
1
0
0
1
0
1
2
2
2
1
0
-1
-1
0
-2
-1
0
-1
0
2
0
-1
-2
-1
-2
-1
-2
-4
-2
-3
-2
-2
-2
-2
-2
-1
-2
-2
-2
-2
-1
-2
-1
0
1
0
0
-2
-2
-1
-1
-1
-1
-1
0
1
1
0
1
0
0
0
0
-1
-1
-1
0
2
1
2
1
1
1
1
-1
-1
1
1
1
1
1
1
1
0
0
0
-1
-1
0
0
2
1
1
3
2
1
1
1
0
0
1
1
2
2
3
4
4
3
2
2
1
0
1
2
2
3
4
4
3
3
2
1
1
0
0
0
0
1
0
1
2
1
1
0
0
0
-1
-1
-2
-2
-1
-1
-1
-1
-1
-2
-2
-3
-2
-2
-2
-2
-3
-2
-2
-2
-3
-2
-2
-2
-2
-2
-3
-2
-3
-2
-2
-2
-1
-1
-1
-1
-1
-1
1
0
0
0
0
0
0
-1
-2
-2
0
-1
-1
-1
0
-2
-1
-1
-2
-1
-2
-2
-2
-1
-3
-2
-1
-2
-2
-1
-3
-3
-4
-3
-4
-4
-3
-3
-2
-2
-1
-1
-1
-1
1
-1
0
0
1
0
0
1
1
2
1
0
1
2
3
2
4
4
4
5
4
4
3
3
3
3
4
4
5
6
6
7
7
6
5
3
4
3
3
2
2
2
2
2
2
3
3
1
1
0
0
-1
-1
0
0
0
0
-1
-2
-1
-1
-1
-1
-2
-1
-1
-1
0
-1
1
0
-1
-1
0
0
-1
-1
0
0
-1
-1
-1
-1
-1
-1
0
-1
0
0
0
-1
-1
-1
0
0
0
-1
-1
-2
-1
-1
2
0
0
1
0
0
0
0
0
0
-2
-1
0
-1
-1
-2
-1
-1
0
-1
-2
-1
0
-1
-1
-1
0
1
-1
1
0
1
1
0
0
0
0
1
0
1
1
0
0
0
0
1
1
0
0
0
0
0
-1
0
0
0
-2
-2
-2
-2
-2
-2
-2
-1
-2
0
-1
1
1
0
0
-1
1
0
0
0
-1
-1
0
-1
1
1
2
0
-1
0
-1
0
-2
0
0
1
2
2
2
3
2
1
0
0
1
0
1
1
1
2
1
1
2
1
0
0
1
0
0
1
1
0
1
0
-1
-1
0
-1
0
-1
1
1
0
0
0
-1
-1
-1
0
-1
-1
-1
-1
0
1
3
0
0
1
2
2
1
1
-1
0
0
0
1
1
1
0
0
0
0
-1
-1
0
-1
0
1
0
1
2
1
0
-1
0
-1
-2
-2
-1
-1
-1
-2
1
1
