-314
-280
-274
-261
-200
-183
-111
-114
-70
-32
-5
55
65
134
150
192
225
239
274
281
340
349
377
382
371
385
400
438
432
437
421
425
443
453
463
452
442
419
430
419
392
377
369
340
322
305
263
233
217
209
176
168
134
96
101
99
89
63
44
8
-3
5
-5
-37
-69
-104
-136
-131
-156
-204
-228
-261
-286
-311
-327
-358
-390
-383
-409
-427
-451
-463
-470
-472
-462
-488
-512
-518
-515
-499
-491
-478
-486
-492
-466
-440
-389
-368
-322
-305
-281
-240
-188
-141
-95
-43
-31
-2
28
61
97
140
163
179
183
202
230
266
303
305
322
317
323
342
369
383
390
394
375
373
377
384
393
408
393
371
361
370
387
401
404
394
372
357
359
374
375
364
346
320
306
295
282
259
238
200
160
118
91
62
28
-6
-46
-105
-151
-195
-220
-244
-284
-314
-355
-380
-405
-411
-427
-437
-448
-458
-459
-465
-455
-449
-438
-423
-414
-402
-377
-345
-312
-285
-249
-223
-212
-170
-127
-105
-79
-51
-41
-36
-6
24
21
32
37
35
44
48
54
43
55
41
48
54
43
54
51
73
58
62
64
56
86
88
97
106
116
121
137
175
189
196
220
235
251
271
295
307
321
333
334
352
360
356
359
358
341
327
299
288
262
244
205
164
130
85
59
31
11
-39
-86
-123
-155
-185
-219
-249
-283
-316
-343
-368
-390
-396
-415
-424
-427
-437
-442
-436
-408
-391
-381
-371
-360
-344
-317
-285
-262
-239
-223
-222
-191
-158
-141
-122
-104
-78
-78
-58
-49
-32
-21
-8
2
-6
3
-11
2
22
16
29
19
19
26
24
36
32
42
40
39
54
59
70
78
94
106
100
129
139
171
186
206
230
238
263
269
292
304
313
322
322
336
335
337
337
325
323
303
297
280
268
252
233
220
185
168
142
115
92
65
40
10
-10
-30
-55
-77
-93
-115
-139
-156
-172
-189
-206
-228
-239
-251
-254
-266
-281
-286
-292
-298
-305
-300
-299
-304
-311
-309
-307
-310
-305
-306
-302
-304
-305
-296
-290
-279
-280
-264
-256
-249
-224
-213
-185
-168
-141
-119
-102
-78
-63
-30
-5
23
50
86
116
143
177
205
236
262
286
315
334
362
378
399
416
422
433
434
445
449
444
446
432
423
410
394
383
357
345
316
290
266
241
223
187
164
136
108
73
47
28
6
-18
-45
-63
-92
-117
-136
-154
-178
-197
-215
-233
-257
-270
-283
-295
-305
-324
-335
-348
-357
-359
-368
-373
-383
-392
-391
-393
-384
-389
-382
-373
-367
-357
-354
-331
-317
-292
-273
-247
-213
-192
-160
-132
-95
-64
-35
2
33
70
106
144
180
210
244
272
306
337
366
393
411
433
452
461
477
488
499
505
505
510
501
501
492
483
470
452
438
420
412
389
369
346
319
296
269
247
219
197
177
148
124
92
70
44
13
-18
-54
-76
-102
-127
-152
-183
-213
-249
-280
-303
-335
-358
-386
-406
-431
-449
-461
-483
-501
-522
-526
-534
-536
-533
-531
-528
-527
-513
-507
-489
-467
-446
-416
-387
-353
-328
-291
-247
-220
-183
-147
-99
-62
-21
30
63
98
130
168
195
226
256
280
310
330
344
360
376
387
388
395
400
397
400
393
387
382
373
358
339
332
325
308
295
284
274
259
237
227
212
197
178
166
155
134
117
100
86
74
55
32
13
-3
-24
-44
-63
-89
-112
-137
-159
-189
-211
-235
-263
-278
-307
-330
-354
-371
-394
-414
-422
-448
-456
-461
-468
-470
-465
-459
-458
-442
-432
-421
-395
-369
-342
-314
-275
-240
-218
-178
-138
-98
-62
-25
21
58
99
128
166
205
227
259
287
311
335
352
370
382
386
393
393
395
398
396
392
389
376
358
343
330
316
298
281
275
260
242
228
212
197
180
170
157
143
132
123
112
93
83
70
52
41
34
25
16
3
-14
-31
-52
-72
-92
-114
-133
-150
-168
-194
-217
-239
-261
-289
-308
-327
-348
-361
-371
-380
-396
-403
-413
-424
-423
-419
-413
-403
-386
-372
-356
-337
-318
-291
-270
-237
-206
-175
-138
-102
-65
-38
-5
26
53
81
114
145
171
196
217
235
252
265
278
288
298
301
304
307
304
301
293
288
280
271
266
261
256
254
247
238
230
218
208
200
197
188
186
180
176
170
161
159
148
142
135
129
116
105
99
86
67
44
24
2
-18
-41
-62
-85
-107
-136
-162
-186
-217
-241
-267
-289
-305
-325
-343
-357
-369
-385
-392
-396
-395
-394
-389
-375
-359
-345
-327
-308
-283
-258
-232
-204
-169
-137
-106
-71
-40
-6
18
49
80
101
123
148
170
187
202
213
223
226
231
233
235
236
231
227
220
212
205
194
183
174
164
158
146
139
132
126
122
120
118
117
118
119
124
124
127
129
131
136
137
140
141
141
139
134
127
117
110
96
87
71
52
31
8
-15
-45
-70
-99
-126
-153
-182
-209
-233
-258
-281
-304
-323
-338
-351
-361
-369
-370
-369
-368
-359
-348
-337
-318
-299
-277
-251
-226
-193
-157
-125
-93
-58
-23
12
43
75
106
134
159
184
204
223
238
252
261
269
273
275
275
270
266
253
241
229
216
200
185
173
158
139
123
112
99
86
77
69
66
59
55
50
48
46
42
41
42
43
43
45
43
43
42
41
35
32
22
19
10
0
-7
-21
-33
-45
-59
-75
-88
-104
-117
-132
-145
-156
-169
-179
-189
-202
-203
-210
-212
-214
-215
-209
-203
-191
-185
-174
-162
-148
-132
-116
-97
-80
-59
-41
-24
-3
14
33
50
68
86
95
110
120
125
132
141
145
146
149
152
150
147
144
140
134
126
124
117
110
103
94
85
78
70
61
59
51
46
43
40
36
31
27
23
20
17
16
13
12
10
8
5
1
-3
-8
-12
-16
-17
-21
-26
-26
-29
-35
-40
-45
-50
-51
-55
-59
-60
-64
-67
-72
-70
-70
-74
-69
-70
-66
-66
-61
-58
-58
-54
-52
-47
-41
-37
-30
-23
-19
-14
-11
-6
0
6
9
15
19
22
26
28
31
33
33
35
39
40
43
44
43
44
44
44
43
43
41
41
38
36
33
30
30
25
24
20
15
11
9
4
1
-3
-8
-10
-14
-18
-22
-26
-27
-29
-32
-31
-33
-35
-34
-39
-41
-39
-39
-38
-36
-33
-34
-32
-28
-28
-27
-26
-21
-18
-14
-10
-9
-6
-4
-3
-3
1
2
2
3
4
1
3
4
3
3
0
2
0
-1
-1
-5
-4
-6
-6
-5
-7
-5
-7
-5
-4
-4
-3
-2
-1
2
3
3
6
9
13
15
16
18
19
20
21
25
24
25
26
27
28
29
32
30
29
26
26
25
23
21
16
10
7
3
0
-3
-7
-12
-18
-21
-25
-29
-31
-34
-38
-41
-41
-44
-44
-43
-46
-44
-44
-41
-39
-37
-32
-28
-25
-22
-18
-13
-9
-6
-2
2
6
13
17
21
27
28
30
31
32
34
34
36
34
36
34
32
31
30
28
25
23
20
17
15
11
9
7
5
2
2
0
-4
-6
-8
-8
-10
-12
-8
-8
-7
-7
-7
-4
-4
-2
-1
2
2
3
7
8
8
10
9
12
13
12
12
13
13
10
9
7
6
5
4
1
-1
-2
-6
-7
-9
-10
-11
-12
-14
-16
-17
-18
-18
-17
-17
-20
-18
-17
-19
-16
-18
-17
-15
-13
-10
-9
-6
-4
-1
2
4
5
5
6
8
10
10
11
15
16
19
18
17
17
17
17
17
17
17
16
16
15
13
12
10
10
10
10
9
9
8
4
2
4
2
1
3
1
-2
0
-1
-1
-2
-4
-1
-2
-1
0
-2
-1
-1
-1
-1
0
-2
-2
-2
-4
-5
-6
-5
-7
-7
-8
-9
-9
-10
-10
-10
-11
-12
-13
-12
-11
-11
-9
-9
-11
-10
-10
-11
-9
-7
-5
-4
-3
-1
-1
0
0
0
1
2
4
5
6
5
4
5
7
5
6
6
8
8
9
6
6
5
2
2
2
0
1
3
1
0
1
1
-1
-1
-1
-1
-1
0
-1
-1
-3
-4
-3
-5
-4
-6
-4
-5
-6
-5
-7
-7
-8
-6
-7
-6
-4
-5
-6
-8
-8
-7
-8
-7
-8
-8
-7
-8
-7
-7
-8
-9
-8
-7
-6
-5
-3
-4
-5
-5
-4
-3
-2
-1
-4
-1
0
2
1
2
4
3
4
4
4
5
6
8
6
8
7
9
11
11
11
11
10
13
11
10
9
8
10
7
10
9
9
9
10
9
8
8
6
5
4
4
1
3
3
2
2
2
1
-1
-1
-3
-1
-1
-1
-2
-2
-2
-2
-3
-2
-2
-2
0
-1
-1
1
0
-1
-2
-3
-2
1
2
4
5
3
3
2
1
1
0
1
2
1
2
3
4
4
5
5
6
5
5
6
7
5
5
2
1
0
0
1
2
2
2
1
4
6
5
3
2
1
3
3
3
1
2
0
1
0
0
1
-1
2
2
2
1
1
2
1
2
-1
2
0
0
3
0
1
1
0
-1
-2
-3
-3
-3
-6
-5
-5
-5
-5
-4
-4
-7
-7
-7
-9
-9
-7
-9
-10
-8
-9
-9
-8
-9
-9
-10
-8
-7
-6
-5
-5
-4
-4
-2
0
2
1
2
2
6
5
6
5
5
4
4
4
4
5
4
4
3
4
3
5
3
2
2
2
2
0
0
-1
-3
-3
-5
-7
-6
-6
-7
-6
-6
-5
-6
-4
-5
-5
-5
-4
-5
-5
-5
-4
-3
-6
-6
-8
-8
-6
-4
-6
-8
-7
-7
-8
-9
-8
-7
-9
-9
-11
-12
-12
-13
-12
-10
-8
-9
-9
-10
-9
-6
-4
-4
-4
-4
-4
-2
-3
-3
-1
1
3
4
4
4
5
8
8
8
6
8
8
7
8
7
7
8
7
8
8
7
7
8
7
4
4
2
1
-1
-1
0
0
1
1
0
0
-1
0
-3
-2
-2
-1
-1
-3
-3
-2
-2
-1
-1
0
1
2
2
4
4
4
3
3
4
4
5
5
4
3
3
3
2
1
3
2
4
4
2
3
4
4
5
4
4
3
4
5
4
5
6
5
4
6
5
6
6
7
9
8
9
7
8
9
7
9
9
8
9
6
7
9
8
7
5
5
7
5
4
4
1
1
1
0
-1
-4
-5
-5
-6
-6
-7
-7
-6
-9
-9
-8
-10
-11
-11
-9
-8
-8
-10
-9
-8
-8
-7
-8
-5
-5
-7
-6
-5
-5
-5
-6
-6
-5
-5
-5
-3
-3
-3
-2
-1
-2
-4
-3
-2
-2
-1
-1
0
0
2
1
4
4
3
5
4
5
5
7
7
7
8
7
7
8
9
10
10
11
11
11
10
9
9
9
9
8
9
8
8
7
5
4
5
3
3
5
0
0
1
-1
0
-1
-2
-2
-3
-4
-4
-5
-5
-7
-6
-6
-6
-3
-6
-4
-4
-4
-4
-5
-5
-5
-6
-7
-5
-8
-6
-7
-7
-8
-7
-7
-8
-8
-8
-7
-6
-6
-7
-7
-6
-5
-6
-6
-8
-5
-4
-6
-5
-6
-5
-5
-3
-2
-2
-2
-4
-2
0
-2
0
0
1
2
4
5
4
3
4
6
5
6
5
4
5
3
3
3
4
2
3
0
-1
0
0
1
0
0
-2
-4
-6
-4
-6
-5
-5
-8
-8
-9
-7
-7
-8
-9
-8
-9
-8
-9
-7
-7
-8
-9
-10
-8
-8
-7
-8
-7
-6
-5
-5
-4
-3
-3
-2
-3
-2
0
-1
1
1
-1
1
1
3
4
5
7
7
9
8
7
9
9
7
8
8
7
7
5
5
5
7
5
7
7
7
9
10
10
8
9
10
9
10
10
9
9
11
10
10
11
9
8
9
9
10
8
7
6
6
5
5
5
2
4
4
4
1
0
0
-3
-3
-3
-3
-4
-4
-3
-3
-2
-3
-5
-6
-5
-4
-7
-7
-6
-5
-4
-3
-5
-5
-5
-7
-6
-5
-5
-4
-4
-5
-3
-4
-4
-1
-2
0
-1
-1
0
1
0
1
-1
-1
1
2
3
4
4
5
5
5
5
5
5
6
7
5
5
5
3
6
6
6
5
5
6
6
6
4
5
3
4
3
3
2
1
2
1
0
0
-2
0
1
0
-2
-2
-3
0
0
-1
-1
-2
-2
-1
-2
-2
-3
-2
-4
-3
-2
-5
-7
-5
-6
-8
-5
-5
-5
-7
-5
-7
-5
-6
-7
-7
-6
-5
-7
-5
-6
-5
-5
-4
-5
-3
-1
-1
-2
-1
-1
0
2
1
2
1
0
-1
1
3
3
6
5
5
6
4
5
6
6
6
8
7
5
6
6
5
3
3
3
5
3
4
3
3
4
4
3
0
0
1
1
0
1
-1
-2
-1
-2
1
-1
-1
-3
-3
-3
-4
-3
-2
-5
-6
-6
-7
-7
-6
-7
-7
-6
-7
-6
-8
-8
-7
-7
-6
-7
-6
-8
-8
-7
-6
-8
-7
-5
-5
-4
-3
-2
-2
0
0
-1
-1
-1
-2
-2
-2
-1
-1
1
1
0
0
1
2
3
5
4
4
4
5
5
4
4
3
2
1
2
2
5
6
6
7
5
4
3
5
4
4
4
2
2
1
1
0
2
1
0
2
3
3
4
5
3
2
3
0
0
1
1
-1
-2
-2
-1
0
1
1
0
2
1
2
3
2
2
0
1
1
-1
0
1
1
1
2
3
4
4
4
4
3
3
2
2
0
-1
-1
-2
-1
-1
-2
0
1
0
2
1
2
2
1
0
0
-1
1
0
0
2
0
0
1
1
4
2
2
1
2
3
2
3
1
2
2
3
3
2
2
4
5
5
4
3
3
4
5
4
4
2
4
4
3
3
2
2
1
1
0
0
-1
-2
-2
-2
0
-2
-1
-2
-4
-5
-4
-3
-3
-4
-2
-2
-2
-1
-1
-3
-2
-3
-3
-3
-4
-3
-3
-3
-3
-3
-3
-3
-2
0
-1
-1
0
0
-1
0
0
-2
-3
-3
-4
-2
-2
-2
-2
-4
-2
-1
-4
-3
-3
-3
-2
-2
-4
-5
-3
-3
-2
-1
1
0
1
3
0
2
1
1
1
3
3
3
4
3
3
4
4
4
3
3
3
5
3
1
1
1
1
1
-1
-2
0
-2
-2
-1
-2
-3
-2
-2
-3
-3
-3
-2
-3
-3
-3
-4
-5
-4
-6
-6
-5
-6
-6
-7
-6
-6
-5
-6
-6
-5
-6
-5
-4
-4
-5
-6
-5
-5
-4
-6
-4
-6
-5
-5
-5
-5
-6
-5
-5
-5
-5
-6
-4
-5
-4
-4
-4
-2
-2
-1
-1
0
0
1
0
2
2
1
2
1
2
3
1
2
1
1
2
1
2
1
1
2
3
3
3
3
3
4
3
2
2
2
3
4
3
1
3
3
3
3
3
4
5
6
4
4
5
4
5
4
4
2
2
2
2
3
4
3
5
4
2
2
2
1
3
3
2
0
0
0
-2
0
-1
0
0
2
1
1
1
-1
-1
-1
-2
-1
-1
1
0
-1
0
1
1
2
2
3
3
3
5
5
5
6
6
6
6
6
6
6
7
6
8
7
7
7
7
8
9
7
9
8
7
8
7
7
6
5
5
5
5
6
7
5
5
4
4
2
2
2
2
1
2
1
-1
0
-1
-2
-1
-1
-1
-1
-1
-3
0
0
0
0
-1
-1
-3
-3
-2
-3
-4
-2
-3
-3
-2
-4
-4
-4
-2
-4
-2
-3
-3
-4
-5
-5
-7
-5
-7
-6
-6
-6
-6
-6
-7
-7
-6
-5
-5
-7
-6
-5
-4
-4
-4
-3
-2
-2
0
-2
-1
0
2
2
1
2
1
1
3
2
3
2
1
3
3
2
3
3
2
2
2
2
1
1
-1
1
-2
-1
-1
-2
-1
-1
-2
-2
-2
-1
1
-1
-2
-2
-4
-4
-3
-4
-5
-5
-4
-4
-5
-5
-5
-5
-5
-4
-5
-6
-5
-8
-6
-7
-7
-7
-7
-7
-7
-6
-5
-6
-6
-6
-7
-6
-4
-5
-5
-5
-5
-6
-5
-7
-7
-6
-6
-6
-4
-4
-4
-3
-3
-4
-3
-2
-2
-1
-3
-1
-2
-2
-1
0
-1
2
3
3
5
4
3
5
3
4
5
5
7
6
7
7
8
7
7
6
7
6
7
7
7
7
7
5
6
3
3
4
5
5
4
3
3
3
2
0
0
-1
0
-1
-2
-3
-4
-4
-5
-3
-3
-4
-4
-5
-3
-3
-2
-2
-2
-3
-2
-2
-1
-2
-2
-1
-1
-1
0
1
2
3
3
4
6
5
5
6
7
7
7
7
7
8
8
7
7
8
8
7
8
10
8
8
10
8
9
10
9
8
8
7
6
7
7
7
6
6
6
6
6
5
3
2
1
1
1
0
0
0
1
0
0
0
-1
0
-1
-2
-2
-4
-4
-2
-4
-4
-4
-5
-5
-5
-4
-3
-4
-3
-2
-4
-3
-3
-5
-6
-6
-6
-6
-7
-7
-6
-5
-5
-4
-3
-3
-1
-2
-2
-2
-2
-1
-2
-2
-2
-1
0
-1
1
1
2
3
3
5
4
4
4
4
3
2
3
3
2
3
3
4
3
3
3
4
3
4
3
2
3
3
3
2
2
1
-1
0
-1
-1
-2
-2
-2
-2
-3
-4
-5
-5
-5
-5
-5
-6
-7
-4
-5
-4
-4
-4
-3
-2
-3
-4
-3
-5
-5
-5
-5
-5
-5
-5
-5
-4
-5
-4
-2
-1
-1
0
0
2
2
4
4
5
8
6
7
7
6
8
8
9
10
11
11
12
13
14
15
16
16
15
15
16
16
15
15
14
13
13
11
10
9
8
6
6
4
2
2
0
-3
-4
-5
-6
-8
-10
-12
-14
-14
-17
-21
-24
-28
-33
-35
-39
-43
-48
-53
-55
-60
-64
-67
-69
-71
-74
-75
-77
-78
-80
-80
-79
-80
-81
-79
-80
-78
-75
-72
-68
-63
-58
-52
-45
-37
-30
-20
-11
-1
9
18
29
39
49
59
69
79
90
98
108
116
122
128
134
139
144
147
150
154
156
159
160
161
162
162
162
161
159
156
152
146
143
137
130
125
119
115
110
105
102
99
96
94
90
87
84
80
75
71
67
59
53
43
32
21
8
-6
-25
-43
-63
-87
-111
-135
-162
-188
-214
-240
-266
-292
-316
-339
-360
-378
-395
-410
-423
-433
-442
-445
-448
-449
-443
-435
-425
-409
-390
-370
-343
-315
-284
-251
-214
-175
-135
-94
-50
-7
37
84
126
170
214
257
298
335
370
402
432
460
484
505
525
539
552
563
570
574
576
575
571
564
556
543
530
516
497
476
454
432
409
384
361
337
313
288
262
237
209
184
156
129
100
69
37
3
-32
-69
-108
-148
-192
-235
-282
-327
-373
-420
-465
-510
-554
-595
-634
-673
-706
-738
-766
-791
-815
-835
-853
-868
-879
-890
-897
-901
-905
-901
-894
-882
-862
-838
-804
-762
-712
-653
-581
-498
-407
-304
-195
-81
39
163
289
417
539
658
771
875
970
1051
1119
1174
1212
1237
1248
1245
1227
1197
1158
1111
1055
993
924
851
775
703
629
556
483
413
348
285
226
170
118
70
27
-8
-40
-66
-86
-102
-111
-114
-113
-107
-98
-83
-64
-44
-23
-1
18
36
51
60
61
57
44
22
-9
-48
-96
-151
-214
-282
-354
-431
-509
-583
-659
-730
-798
-858
-914
-962
-1002
-1032
-1055
-1070
-1078
-1079
-1071
-1056
-1035
-1008
-976
-939
-898
-852
-800
-745
-685
-622
-553
-479
-399
-312
-220
-123
-22
83
190
298
407
517
623
723
822
909
988
1060
1120
1167
1201
1226
1237
1236
1223
1200
1165
1126
1074
1015
951
878
805
725
645
562
478
393
311
229
149
72
-2
-74
-142
-202
-256
-302
-343
-376
-400
-416
-423
-422
-413
-397
-375
-344
-308
-270
-227
-184
-143
-102
-69
-38
-15
4
14
15
11
-5
-27
-56
-93
-133
-181
-230
-282
-336
-386
-437
-486
-528
-569
-603
-635
-658
-677
-690
-697
-698
-693
-683
-670
-649
-627
-600
-569
-532
-493
-451
-401
-351
-297
-238
-175
-109
-36
37
110
190
270
349
430
508
583
657
728
795
856
911
956
996
1030
1055
1071
1082
1082
1073
1058
1035
1008
975
932
885
834
775
715
649
582
510
436
360
281
202
123
45
-31
-108
-177
-244
-303
-357
-406
-446
-481
-506
-525
-533
-533
-530
-517
-501
-478
-451
-420
-384
-352
-315
-280
-249
-217
-190
-166
-149
-135
-126
-122
-124
-131
-143
-161
-181
-204
-229
-255
-283
-309
-338
-366
-389
-416
-438
-456
-471
-485
-494
-497
-500
-498
-491
-482
-467
-449
-429
-407
-379
-350
-318
-282
-244
-203
-156
-111
-61
-10
44
99
153
213
268
324
379
431
482
526
570
605
638
668
686
704
714
719
716
708
694
673
647
615
579
541
496
450
401
351
299
245
196
140
89
36
-15
-64
-114
-159
-207
-247
-289
-324
-355
-383
-403
-421
-433
-439
-441
-438
-432
-418
-400
-380
-355
-327
-297
-261
-230
-194
-160
-126
-93
-68
-37
-14
8
29
36
51
50
57
51
37
33
14
3
-20
-37
-53
-79
-92
-118
-134
-156
-174
-187
-208
-216
-232
-241
-246
-252
-247
-249
-241
-232
-221
-202
-186
-158
-133
-107
-72
-40
5
42
83
132
172
219
258
304
343
375
413
439
463
480
492
504
502
502
492
480
461
437
414
380
346
310
272
230
189
149
107
66
24
-10
-45
-78
-111
-141
-167
-194
-208
-226
-238
-248
-255
-253
-263
-255
-254
-240
-235
-224
-200
-189
-163
-147
-120
-100
-78
-51
-37
-9
7
28
44
57
79
83
97
104
106
111
101
103
89
76
67
39
27
-1
-24
-48
-85
-99
-133
-157
-182
-216
-227
-261
-270
-294
-307
-310
-327
-319
-336
-324
-321
-316
-300
-293
-264
-260
-226
-205
-182
-150
-124
-96
-71
-32
-9
25
64
98
124
154
194
220
245
270
301
320
339
355
366
380
383
391
387
382
379
366
359
337
323
299
277
254
226
203
176
145
121
106
78
62
38
28
13
-12
-16
-40
-35
-66
-58
-80
-86
-98
-113
-84
-149
-103
-125
-131
-137
-135
-112
-184
-107
-149
-144
-137
-155
-82
-175
-106
-135
-118
-85
-150
-91
-120
-79
-106
-124
-90
-100
-123
-106
-122
-105
-135
-133
-94
-145
-96
-125
-131
-82
-93
-110
-101
-63
-70
-81
-43
-18
-65
-14
14
-12
11
52
63
47
62
123
109
112
130
141
192
162
198
214
234
257
252
290
295
321
303
313
353
350
310
311
331
295
288
253
264
229
191
181
144
154
84
61
55
5
-18
-61
-69
-75
-152
-145
-161
-197
-193
-277
-231
-264
-282
-255
-319
-267
-314
-287
-265
-284
-303
-280
-230
-257
-223
-240
-164
-177
-175
-164
-100
-6
-148
-103
38
50
-21
-14
102
93
38
117
110
106
119
87
175
119
90
79
109
91
44
34
83
20
-50
3
11
-12
-62
-105
-50
-37
-80
-99
-122
-56
-74
-101
-122
-80
-43
-67
-120
-57
28
11
-120
-22
111
39
-4
25
160
122
91
140
170
198
169
177
201
215
190
182
209
149
195
168
154
95
101
159
57
70
30
42
30
-10
-40
19
-132
-51
-63
-60
-89
-146
-20
-191
-4
-130
-81
-111
-44
-35
-207
74
-46
-96
-49
-30
65
-64
-12
11
27
124
-19
21
100
93
52
42
114
82
97
38
17
191
-8
76
-65
160
-44
-123
153
-183
-25
-169
40
-148
-309
17
-201
-268
-163
-82
-188
-440
-152
-34
-200
-351
-299
-19
-102
-373
-255
-8
-105
-357
-151
52
-127
-266
-52
81
-80
-97
-42
198
3
-159
227
259
3
-100
305
349
-74
165
280
219
148
134
376
185
183
137
216
397
157
65
152
410
117
36
224
255
164
-107
270
260
-9
-29
178
152
-11
-29
64
133
60
-193
-73
194
102
-315
-156
184
-19
-278
-178
197
-305
-102
-111
-145
-120
-213
-95
-148
-193
-104
-176
-313
-80
-98
-82
-312
-308
-5
-155
-138
-273
-143
-133
-230
-180
-72
-124
-248
-161
-182
97
-303
-39
-84
-214
96
-225
174
-206
-143
182
-87
84
-197
188
139
-82
91
126
205
-117
280
241
77
98
167
367
70
279
203
227
249
210
389
174
269
241
318
403
101
262
344
295
252
56
421
295
-81
215
414
221
-205
2
563
56
-174
69
53
163
-17
-211
23
197
-208
-385
-41
451
-384
-472
-81
-20
0
-434
-31
-418
-227
15
-337
-367
-254
-98
-371
-539
-123
-75
-386
-568
-244
24
-367
-313
-428
-50
-180
-407
-145
-184
2
-397
-227
56
-13
-221
-225
223
-233
53
0
78
110
-226
353
84
141
2
193
320
4
234
154
290
167
144
273
159
337
166
104
306
276
148
97
236
199
157
135
72
158
139
115
95
13
182
-36
207
20
-34
176
-80
151
5
17
-73
61
39
-126
-25
144
-224
-150
153
-176
-107
-115
209
-357
-177
207
-99
-279
-199
276
-272
-277
-78
-1
-105
-389
-100
-166
-33
-300
-364
-25
-231
-206
-216
-141
-102
-426
-163
58
-135
-226
-353
132
-84
-190
6
24
-75
-123
88
245
-19
24
150
135
160
271
269
176
137
259
537
175
347
277
383
439
216
548
300
390
334
314
497
329
325
242
371
284
287
278
126
170
208
267
21
30
200
49
30
-26
73
66
-142
-105
91
-32
-183
-126
-39
-63
-174
-104
-103
-197
-171
-132
-132
-167
-246
-168
-132
-131
-307
-189
-62
-185
-332
-181
-80
-182
-367
-237
-23
-252
-225
-394
-52
-39
-551
-198
6
-207
-367
-303
15
-292
-222
-155
-225
-151
-325
-39
-80
-240
-206
-141
-41
-127
-114
-70
20
-73
-163
74
249
26
-196
123
369
131
64
175
328
203
206
410
322
283
221
406
443
317
381
342
323
355
388
317
300
246
269
281
219
226
89
130
172
119
8
-14
35
-90
-71
-11
-136
-263
-163
-174
-92
-334
-321
-140
-314
-244
-369
-154
-210
-500
-336
-24
-143
-468
-394
-94
-21
-333
-349
-172
-8
-215
-367
-54
-16
-237
-341
10
49
-173
-344
-91
31
5
-94
-265
-44
-74
82
-150
-77
27
-131
-63
-5
106
-99
-229
136
106
-64
-29
72
78
-14
177
139
80
113
203
239
283
289
164
318
495
410
319
414
519
449
505
539
503
505
485
561
508
513
454
382
425
399
430
262
165
257
218
90
-8
-11
-5
-128
-157
-213
-282
-267
-367
-340
-311
-417
-518
-477
-359
-316
-496
-641
-375
-279
-416
-491
-351
-224
-444
-374
-172
-111
-316
-380
-141
-23
-191
-360
-124
19
-190
-353
-116
33
-257
-348
-134
37
-290
-452
-143
-55
-264
-455
-199
-111
-383
-416
-107
-132
-292
-433
-211
32
-113
-182
-116
141
101
-68
219
418
231
267
480
559
458
524
702
645
711
774
638
691
763
744
715
700
635
503
585
588
425
361
311
291
194
118
104
0
-108
-154
-133
-162
-355
-412
-344
-343
-411
-436
-432
-453
-409
-430
-392
-280
-321
-367
-252
-134
-110
-193
-86
110
20
-41
106
184
171
117
141
203
226
106
106
164
102
-22
-57
39
-26
-196
-237
-227
-268
-287
-382
-459
-451
-519
-524
-430
-576
-622
-625
-561
-451
-535
-506
-604
-514
-354
-312
-303
-399
-229
-168
-71
78
55
112
102
327
460
460
500
497
647
731
745
778
779
790
858
906
820
749
754
759
734
711
642
482
421
452
439
274
138
91
45
-19
-81
-155
-256
-343
-349
-338
-408
-512
-577
-534
-420
-501
-552
-513
-585
-366
-331
-347
-280
-314
-165
-188
22
117
-111
40
189
189
140
230
253
111
278
274
169
142
70
110
102
13
-45
-143
-166
-261
-291
-205
-394
-541
-546
-464
-523
-621
-639
-692
-607
-718
-750
-644
-655
-629
-715
-599
-514
-584
-492
-332
-100
-242
-288
-25
203
354
294
408
504
579
773
852
881
915
1001
1039
1049
1104
1101
1033
1036
1093
1036
885
801
816
746
678
605
452
341
304
247
120
11
-26
-124
-238
-282
-337
-412
-513
-565
-505
-552
-624
-700
-637
-502
-627
-479
-474
-521
-289
-305
-220
-172
-74
30
-76
222
273
99
225
350
361
291
413
312
186
299
288
188
52
45
-65
-140
-139
-278
-439
-458
-417
-600
-704
-683
-743
-803
-875
-850
-841
-968
-978
-911
-849
-858
-921
-872
-754
-664
-566
-423
-383
-413
-226
0
157
292
288
380
519
740
880
847
969
1058
1118
1140
1202
1260
1204
1255
1257
1179
1088
1016
1069
967
851
801
630
507
437
416
294
125
35
-59
-161
-265
-313
-391
-460
-506
-582
-619
-662
-701
-614
-614
-665
-579
-634
-575
-441
-393
-304
-352
-208
-137
-134
91
88
88
161
253
269
227
331
284
239
303
254
158
92
124
67
-46
-83
-193
-273
-304
-353
-462
-553
-616
-674
-678
-716
-773
-884
-871
-798
-842
-831
-829
-815
-774
-760
-609
-502
-410
-423
-414
-150
13
157
255
324
441
546
800
887
908
1050
1119
1193
1220
1289
1298
1253
1331
1345
1266
1138
1105
1114
1008
954
873
723
583
494
451
309
180
110
-19
-155
-224
-298
-388
-452
-497
-570
-632
-661
-719
-681
-658
-672
-653
-716
-626
-487
-466
-435
-388
-261
-237
-169
12
23
43
117
210
240
247
315
260
252
293
243
178
165
112
28
-35
-120
-205
-276
-334
-429
-543
-621
-672
-732
-806
-886
-937
-916
-963
-1008
-985
-1016
-1005
-968
-913
-887
-897
-745
-568
-515
-567
-419
-137
-20
124
249
316
406
586
834
880
962
1083
1085
1160
1298
1364
1297
1323
1398
1336
1241
1200
1200
1116
1002
981
833
672
573
493
427
273
162
48
-110
-216
-269
-316
-426
-513
-600
-679
-685
-694
-722
-687
-670
-715
-692
-649
-534
-444
-388
-361
-341
-203
-153
-82
61
104
90
110
211
213
221
272
215
183
200
153
44
33
-2
-119
-166
-250
-378
-481
-495
-543
-704
-702
-771
-920
-899
-906
-943
-983
-982
-986
-986
-951
-919
-855
-664
-505
-637
-601
-267
-81
38
145
296
370
447
776
922
937
1067
1208
1233
1294
1487
1495
1434
1520
1563
1481
1376
1420
1412
1246
1200
1146
959
813
761
705
538
387
287
110
-52
-84
-124
-319
-468
-505
-614
-702
-720
-753
-825
-802
-751
-828
-827
-812
-707
-575
-549
-473
-507
-429
-288
-233
-70
-52
-41
28
63
138
185
255
210
190
228
164
124
130
99
19
-52
-88
-231
-319
-297
-438
-497
-503
-639
-766
-784
-786
-912
-915
-882
-984
-1029
-971
-952
-1032
-939
-824
-804
-639
-505
-575
-551
-238
27
81
182
333
367
493
808
977
968
1080
1230
1232
1287
1456
1505
1428
1469
1526
1403
1281
1332
1339
1205
1102
1015
838
687
654
580
407
257
133
-48
-198
-232
-300
-498
-604
-623
-753
-842
-846
-843
-853
-882
-825
-888
-946
-777
-659
-597
-537
-518
-521
-462
-207
-70
-106
-36
31
42
115
257
265
196
274
266
182
161
150
108
56
43
-62
-211
-266
-311
-347
-419
-519
-625
-735
-762
-795
-825
-880
-939
-936
-970
-946
-898
-823
-667
-676
-688
-557
-378
-195
-95
36
139
216
443
636
739
850
987
1083
1116
1252
1386
1390
1412
1487
1479
1379
1363
1441
1390
1272
1208
1123
984
871
844
748
566
444
304
123
18
-47
-174
-325
-410
-500
-633
-723
-731
-773
-840
-794
-816
-887
-895
-890
-751
-670
-649
-603
-634
-527
-405
-306
-218
-209
-117
-92
-64
32
105
107
98
150
112
64
92
75
15
-1
-26
-150
-251
-279
-326
-419
-477
-509
-666
-728
-727
-827
-871
-901
-897
-962
-1007
-940
-994
-1002
-878
-775
-702
-699
-708
-573
-325
-115
-36
19
116
229
454
680
784
856
940
1036
1103
1211
1340
1366
1383
1435
1406
1334
1321
1357
1383
1329
1200
1068
938
870
844
765
656
469
306
186
78
44
-36
-163
-289
-369
-395
-596
-642
-524
-602
-618
-636
-679
-755
-707
-471
-517
-517
-390
-453
-449
-291
-127
-174
-166
-15
-88
-102
10
53
36
42
85
-17
-81
-9
-58
-118
-130
-192
-301
-405
-405
-432
-532
-584
-661
-758
-792
-797
-821
-890
-897
-871
-870
-810
-704
-731
-780
-584
-361
-308
-253
-152
-70
30
285
481
485
561
723
808
882
1053
1159
1128
1192
1311
1294
1246
1281
1365
1341
1283
1266
1159
1055
1038
1025
945
797
671
567
409
327
306
161
3
-82
-188
-306
-382
-372
-436
-543
-553
-614
-658
-650
-605
-571
-626
-569
-512
-553
-490
-389
-323
-326
-295
-205
-237
-209
-87
-62
-85
-54
-38
-80
-86
-57
-83
-123
-124
-147
-228
-294
-313
-359
-413
-443
-496
-595
-668
-670
-710
-764
-786
-793
-855
-934
-880
-851
-851
-696
-612
-735
-741
-530
-313
-211
-98
-10
-56
75
399
548
570
706
840
834
919
1140
1215
1198
1313
1413
1338
1265
1361
1435
1372
1355
1328
1175
1051
1058
1048
936
823
735
572
398
365
306
157
63
-39
-185
-308
-340
-375
-472
-477
-496
-597
-623
-613
-584
-542
-499
-484
-540
-485
-419
-401
-299
-268
-266
-247
-216
-169
-166
-115
-93
-99
-85
-129
-148
-136
-143
-152
-210
-272
-323
-376
-386
-453
-512
-525
-617
-685
-748
-782
-756
-816
-858
-901
-936
-947
-875
-657
-741
-893
-751
-553
-394
-331
-189
-164
-222
98
335
361
456
592
677
680
868
1046
1001
1064
1219
1245
1133
1148
1305
1280
1238
1255
1162
1022
988
1048
989
847
783
656
476
434
425
295
150
79
-31
-188
-253
-251
-348
-441
-440
-503
-602
-620
-567
-577
-592
-526
-536
-577
-549
-459
-413
-396
-338
-335
-347
-319
-241
-205
-217
-174
-204
-231
-198
-188
-180
-220
-221
-245
-338
-338
-348
-398
-410
-481
-518
-578
-647
-646
-714
-696
-726
-828
-807
-859
-841
-785
-715
-619
-726
-720
-563
-420
-269
-187
-106
-104
-39
235
385
447
549
652
706
767
952
1032
1024
1130
1223
1202
1165
1219
1271
1244
1262
1274
1167
1052
1046
1054
991
914
847
717
564
512
469
349
248
184
57
-83
-134
-186
-276
-298
-301
-385
-483
-475
-468
-498
-429
-394
-456
-473
-418
-383
-373
-293
-258
-312
-267
-227
-260
-235
-192
-170
-221
-239
-227
-300
-276
-234
-285
-324
-377
-390
-413
-458
-439
-501
-561
-565
-659
-684
-694
-711
-726
-801
-774
-793
-810
-638
-596
-710
-677
-483
-340
-324
-193
-91
-167
-3
297
370
353
486
631
598
724
958
937
905
1049
1141
1051
1033
1173
1176
1100
1145
1134
1009
953
1020
1006
875
831
788
642
542
556
502
328
263
232
59
-50
-34
-89
-218
-255
-249
-394
-447
-354
-401
-431
-411
-405
-465
-470
-352
-384
-370
-318
-358
-357
-346
-291
-295
-315
-273
-331
-363
-358
-382
-373
-408
-414
-445
-525
-542
-557
-545
-591
-627
-632
-712
-738
-727
-743
-761
-769
-773
-839
-864
-796
-764
-687
-607
-672
-689
-567
-384
-265
-193
-114
-132
-66
176
344
392
429
526
563
607
793
873
853
910
992
973
909
982
1054
1012
1031
1032
912
815
846
888
820
754
698
562
468
466
445
335
247
205
90
-3
-23
-59
-126
-171
-164
-230
-307
-268
-256
-273
-270
-230
-256
-307
-239
-224
-240
-210
-176
-211
-261
-214
-222
-259
-238
-249
-306
-348
-321
-364
-425
-401
-412
-455
-509
-507
-543
-601
-560
-593
-625
-685
-690
-608
-698
-710
-680
-690
-671
-600
-405
-535
-645
-387
-260
-215
-130
36
-1
-78
277
428
360
467
617
636
579
796
916
786
883
1024
975
872
937
1035
942
940
1016
905
788
816
862
783
688
703
619
487
508
498
378
292
283
232
113
105
90
-3
-15
-12
-41
-106
-132
-96
-125
-125
-112
-138
-144
-165
-133
-114
-165
-163
-137
-177
-220
-223
-231
-276
-298
-285
-366
-428
-419
-447
-504
-539
-535
-620
-672
-631
-678
-755
-774
-754
-784
-849
-813
-787
-866
-866
-778
-768
-788
-665
-510
-603
-628
-402
-267
-240
-119
51
2
-4
288
435
390
496
649
627
599
792
889
798
863
977
909
811
898
968
872
859
894
792
687
718
742
636
555
562
468
338
354
348
226
154
161
99
-13
7
28
-63
-100
-65
-66
-139
-98
-19
-98
-114
-43
-42
-80
-65
1
-49
-103
-34
-59
-135
-128
-109
-177
-236
-209
-268
-345
-351
-388
-452
-506
-491
-546
-653
-631
-680
-746
-723
-748
-800
-855
-820
-788
-852
-832
-801
-796
-756
-639
-527
-617
-587
-393
-270
-171
-85
19
0
54
342
444
434
516
594
608
641
813
862
791
839
897
853
790
855
901
816
797
784
675
591
630
673
574
460
417
332
251
302
322
178
77
66
22
-18
3
33
-77
-114
-22
-75
-112
-58
-23
-31
-20
49
-30
-74
19
37
44
30
-4
-69
-101
-53
-91
-146
-184
-259
-322
-358
-405
-487
-531
-560
-605
-690
-751
-788
-866
-853
-852
-890
-965
-1019
-951
-964
-963
-918
-923
-892
-854
-673
-637
-743
-560
-383
-272
-171
-64
17
-39
198
485
486
518
598
672
664
781
976
906
868
943
956
876
842
951
924
832
841
760
613
565
639
642
510
418
339
219
192
265
241
109
44
20
-43
-50
17
11
-60
-33
-3
-61
-53
41
76
51
105
134
36
56
159
151
119
134
125
19
-1
65
-10
-86
-80
-143
-246
-304
-316
-383
-453
-458
-542
-631
-663
-706
-734
-784
-798
-848
-868
-824
-882
-889
-846
-812
-764
-674
-548
-601
-586
-364
-215
-138
-39
84
76
126
407
541
524
591
696
688
694
866
925
840
866
939
874
784
844
860
776
761
760
642
510
524
536
455
398
350
241
138
141
142
66
29
6
-63
-118
-121
-90
-107
-90
-53
-87
-111
-82
-13
29
57
83
67
64
81
117
138
114
104
91
53
-4
-37
-48
-99
-144
-176
-253
-361
-418
-426
-484
-547
-609
-676
-728
-792
-787
-819
-880
-886
-885
-876
-917
-917
-861
-837
-777
-680
-623
-635
-584
-411
-281
-197
-88
0
38
132
321
443
467
541
628
646
689
790
834
827
846
864
803
751
783
790
754
711
644
538
464
468
461
395
316
235
153
100
94
81
28
-17
-56
-93
-106
-110
-94
-69
-56
-44
-39
-26
-15
35
114
130
117
126
133
124
168
219
171
121
122
86
34
25
22
-69
-153
-176
-254
-344
-370
-405
-503
-555
-596
-684
-736
-757
-788
-827
-825
-824
-897
-909
-856
-825
-769
-667
-617
-668
-611
-438
-310
-206
-87
-19
-17
99
319
432
482
570
631
634
704
822
850
831
860
876
819
769
774
768
727
691
644
537
431
392
390
343
261
194
114
17
-15
8
-29
-92
-101
-108
-180
-214
-143
-130
-129
-52
-45
-121
-114
-8
42
67
141
121
27
62
160
158
139
177
116
8
19
43
-30
-88
-82
-169
-294
-309
-342
-449
-483
-480
-572
-683
-704
-727
-789
-767
-735
-801
-854
-815
-767
-746
-648
-564
-584
-552
-434
-321
-228
-99
10
28
100
241
344
422
522
597
598
632
712
750
759
793
804
751
707
709
689
648
621
584
492
398
360
332
279
225
175
91
1
-25
-19
-56
-96
-107
-142
-200
-182
-131
-138
-129
-80
-77
-98
-45
23
42
85
142
127
102
151
196
196
213
210
147
102
117
108
55
25
-35
-142
-206
-221
-283
-372
-404
-468
-577
-633
-662
-712
-756
-749
-757
-828
-858
-829
-800
-749
-670
-610
-610
-599
-483
-341
-227
-125
-28
23
68
217
370
438
508
591
633
644
704
786
789
786
822
802
720
685
701
668
613
584
502
378
314
302
253
176
115
34
-66
-106
-108
-142
-177
-205
-245
-279
-282
-247
-226
-197
-173
-187
-176
-123
-71
-14
48
62
46
75
121
136
176
203
161
120
116
101
64
63
49
-46
-117
-156
-231
-284
-291
-337
-445
-510
-550
-631
-659
-633
-672
-735
-746
-756
-786
-743
-645
-626
-607
-539
-519
-478
-341
-180
-105
-47
51
94
165
332
471
522
561
623
646
676
771
823
803
793
796
750
692
691
690
632
579
532
432
325
293
285
231
154
80
-14
-98
-107
-92
-127
-182
-224
-250
-281
-260
-210
-205
-214
-195
-168
-170
-141
-65
-19
-9
23
44
29
41
105
143
114
100
94
39
9
25
3
-73
-128
-161
-238
-298
-327
-377
-446
-502
-532
-592
-645
-661
-676
-682
-686
-678
-663
-636
-578
-513
-447
-389
-305
-188
-85
10
106
207
298
400
521
606
661
719
787
832
878
926
938
918
895
885
847
800
771
716
630
546
471
384
299
246
186
104
9
-58
-112
-173
-192
-195
-233
-282
-303
-291
-292
-273
-214
-192
-193
-151
-97
-78
-27
50
82
77
110
147
138
145
178
158
109
97
76
13
-30
-54
-119
-194
-251
-296
-379
-446
-481
-543
-618
-668
-694
-743
-777
-776
-791
-823
-821
-785
-767
-748
-690
-641
-600
-530
-429
-353
-280
-174
-67
37
144
254
347
437
543
640
712
766
813
857
889
913
914
901
874
843
811
768
704
630
569
510
436
358
285
201
125
80
34
-35
-94
-140
-182
-204
-216
-227
-249
-260
-252
-245
-237
-223
-204
-192
-168
-154
-148
-148
-134
-116
-118
-114
-130
-169
-194
-198
-218
-259
-281
-328
-404
-434
-450
-492
-561
-574
-614
-705
-701
-700
-735
-758
-719
-698
-748
-684
-597
-577
-504
-358
-259
-246
-116
64
167
288
449
548
561
687
857
915
953
1035
1058
1002
1043
1099
1042
970
948
892
752
695
655
527
433
379
293
157
104
67
-9
-15
-14
-68
-125
-87
-51
-42
23
50
27
51
145
202
233
326
345
333
398
464
459
453
484
440
374
373
332
230
168
125
-5
-133
-198
-317
-439
-506
-587
-729
-844
-901
-978
-1043
-1064
-1103
-1157
-1176
-1134
-1103
-1081
-1017
-982
-941
-874
-774
-695
-638
-543
-466
-391
-316
-215
-140
-81
21
83
143
212
291
383
444
530
571
593
643
691
742
755
778
774
760
779
782
782
756
729
692
639
602
573
532
484
454
403
351
313
284
274
250
236
202
149
122
99
91
68
48
16
-31
-51
-70
-84
-110
-142
-176
-219
-256
-280
-296
-318
-347
-381
-427
-481
-508
-522
-548
-584
-593
-626
-663
-658
-646
-659
-667
-658
-692
-711
-694
-673
-687
-682
-635
-644
-659
-599
-568
-564
-509
-460
-457
-455
-346
-290
-261
-135
-55
-8
63
242
317
329
509
591
630
715
805
820
804
921
934
878
897
908
829
800
874
821
760
748
724
659
615
664
596
556
553
495
435
390
417
371
357
359
277
236
180
182
133
71
40
-81
-138
-193
-224
-247
-288
-326
-387
-442
-475
-515
-569
-617
-674
-734
-790
-812
-806
-794
-783
-755
-749
-762
-744
-711
-695
-699
-672
-673
-673
-617
-561
-515
-473
-410
-399
-404
-348
-319
-297
-246
-202
-170
-148
-77
-4
23
91
134
163
180
230
272
298
357
402
421
412
454
474
486
536
560
581
569
592
614
614
645
649
656
629
633
650
645
674
674
670
634
608
595
560
554
522
492
443
388
350
295
276
242
199
155
101
57
0
-30
-75
-105
-156
-217
-255
-309
-328
-357
-372
-386
-433
-447
-470
-493
-509
-510
-515
-535
-526
-545
-535
-524
-522
-518
-525
-515
-531
-515
-499
-487
-469
-455
-438
-433
-395
-368
-319
-289
-230
-202
-181
-119
-112
-71
-20
17
70
92
143
168
190
255
275
298
302
322
325
381
395
415
447
436
462
446
471
479
484
514
494
515
506
499
521
522
526
491
493
475
446
433
397
375
321
295
267
256
242
232
235
199
205
167
158
121
77
41
-10
-38
-67
-87
-104
-119
-149
-185
-203
-259
-306
-367
-437
-472
-507
-515
-538
-532
-538
-534
-535
-525
-504
-528
-499
-495
-498
-486
-475
-448
-446
-414
-416
-428
-412
-403
-372
-361
-327
-289
-273
-221
-170
-119
-85
-42
3
25
56
82
122
146
193
233
258
263
278
292
279
311
307
319
326
327
342
369
382
387
392
369
363
344
354
369
354
374
356
341
351
334
351
320
323
290
249
233
199
194
159
158
121
96
77
65
64
29
33
-5
-35
-53
-79
-81
-106
-113
-157
-196
-242
-281
-300
-342
-350
-391
-417
-422
-451
-418
-430
-424
-443
-456
-454
-466
-444
-442
-424
-432
-411
-411
-389
-355
-354
-333
-318
-296
-269
-248
-191
-168
-122
-106
-79
-64
-36
-20
2
43
38
61
59
77
91
108
126
120
118
133
153
184
212
235
240
257
237
246
256
272
286
280
293
292
322
346
378
402
406
394
387
393
381
374
367
343
328
328
343
354
359
358
331
308
265
242
200
166
140
105
77
32
0
-49
-81
-124
-155
-167
-186
-191
-203
-219
-218
-226
-222
-246
-262
-276
-313
-327
-324
-322
-337
-331
-339
-338
-321
-285
-257
-240
-214
-206
-209
-185
-161
-135
-111
-88
-87
-86
-71
-43
-25
-23
-18
-34
-37
-37
-17
7
12
22
20
31
44
60
77
72
80
47
48
54
45
70
73
96
92
91
101
93
106
106
95
80
83
92
111
143
162
180
199
203
217
222
238
235
228
240
231
241
235
232
220
203
199
169
147
127
92
83
72
49
18
-3
-30
-62
-100
-150
-187
-215
-223
-213
-213
-212
-219
-239
-226
-230
-240
-236
-255
-252
-258
-236
-234
-218
-215
-207
-212
-199
-185
-200
-166
-174
-175
-175
-185
-176
-160
-128
-96
-117
-109
-126
-111
-94
-81
-79
-92
-91
-108
-89
-91
-73
-74
-71
-61
-43
-39
-21
-3
5
11
18
28
50
62
90
115
124
163
175
208
234
267
292
299
313
334
339
364
384
400
404
408
395
386
386
385
364
348
349
316
306
304
288
265
246
207
162
126
98
53
23
-6
-48
-73
-94
-122
-147
-171
-203
-239
-254
-276
-306
-316
-333
-346
-357
-362
-381
-390
-385
-393
-401
-401
-404
-407
-405
-398
-398
-396
-396
-401
-394
-377
-367
-364
-347
-347
-325
-292
-272
-254
-234
-216
-213
-193
-155
-134
-102
-57
-18
20
73
124
156
202
233
258
288
322
345
365
390
406
426
442
464
478
495
502
501
516
520
515
514
511
499
492
474
448
420
393
361
321
296
259
226
202
174
144
113
80
50
27
8
-18
-40
-64
-95
-123
-144
-165
-199
-221
-265
-299
-306
-316
-338
-349
-351
-368
-381
-379
-381
-381
-390
-400
-404
-406
-397
-394
-384
-364
-359
-358
-335
-317
-302
-287
-273
-253
-227
-195
-162
-128
-90
-46
-21
5
32
51
76
96
118
138
162
185
219
256
285
320
349
372
393
414
437
445
455
459
452
456
457
458
453
452
446
431
428
429
421
415
409
399
374
346
317
279
254
211
181
145
127
109
86
68
42
17
-21
-57
-92
-128
-165
-198
-233
-260
-294
-316
-350
-380
-412
-441
-469
-493
-504
-525
-534
-536
-539
-548
-547
-549
-548
-543
-527
-520
-504
-482
-464
-435
-406
-374
-340
-300
-265
-227
-195
-154
-118
-78
-39
0
47
90
129
172
206
237
269
298
320
334
356
355
362
363
368
359
357
367
363
371
370
374
365
355
343
321
316
299
272
268
264
257
248
249
242
227
212
190
168
149
136
119
115
115
102
97
91
77
58
31
8
-22
-50
-79
-106
-127
-148
-176
-205
-226
-257
-292
-315
-337
-365
-388
-407
-428
-450
-457
-468
-478
-479
-484
-480
-473
-462
-449
-430
-407
-382
-353
-321
-286
-245
-206
-174
-140
-113
-79
-45
-8
27
68
115
149
186
227
257
278
293
303
308
309
314
320
326
331
332
330
334
328
317
305
293
276
259
244
230
220
218
214
204
199
194
185
184
179
174
168
158
152
145
144
139
135
131
124
117
107
101
87
76
60
37
23
2
-23
-46
-66
-99
-132
-158
-193
-222
-247
-273
-302
-325
-348
-373
-387
-397
-412
-426
-431
-434
-438
-429
-420
-410
-397
-381
-358
-330
-299
-279
-254
-221
-189
-157
-119
-79
-41
-4
31
64
98
129
151
173
192
208
229
251
268
281
296
302
302
305
307
303
303
303
290
282
277
264
254
246
239
231
222
221
217
215
215
213
212
210
204
200
201
197
190
183
170
162
156
146
135
125
115
95
77
64
48
26
6
-17
-49
-78
-109
-143
-169
-196
-222
-248
-266
-280
-298
-309
-321
-336
-347
-354
-362
-367
-367
-364
-360
-347
-337
-317
-293
-266
-239
-212
-189
-157
-126
-100
-73
-45
-18
2
24
52
73
91
109
124
137
147
158
167
173
178
180
177
176
170
158
151
146
134
123
114
111
107
103
103
101
103
106
106
106
106
104
102
101
103
102
103
114
120
124
128
135
136
135
132
127
120
111
98
87
75
58
39
21
2
-21
-42
-68
-92
-117
-139
-159
-180
-200
-221
-242
-258
-274
-289
-300
-305
-307
-309
-305
-300
-293
-283
-269
-257
-239
-219
-196
-176
-150
-123
-101
-75
-53
-28
-2
22
42
62
83
98
112
123
136
144
151
160
164
170
172
171
172
164
155
148
141
135
124
119
111
105
101
96
97
94
89
83
83
83
82
83
85
86
88
87
88
88
87
89
86
86
82
79
76
71
65
56
42
28
15
3
-6
-17
-31
-44
-60
-80
-90
-104
-118
-131
-143
-154
-161
-168
-169
-175
-180
-182
-184
-181
-179
-174
-169
-158
-149
-138
-124
-112
-97
-84
-69
-54
-42
-27
-12
2
15
27
34
45
55
64
68
76
83
82
88
87
87
93
87
87
88
84
81
78
80
79
75
74
73
69
67
70
65
65
64
58
59
60
61
63
64
65
63
58
58
57
49
45
38
33
31
27
23
19
16
11
4
-2
-8
-17
-28
-34
-36
-42
-44
-47
-50
-54
-55
-58
-61
-68
-69
-71
-74
-75
-73
-71
-65
-59
-55
-50
-46
-39
-33
-31
-24
-20
-17
-12
-11
-6
3
6
9
16
21
27
31
33
36
36
35
34
35
36
35
35
37
38
37
38
38
35
32
29
24
20
18
13
13
15
12
11
8
6
3
0
-4
-8
-13
-15
-17
-17
-17
-18
-19
-21
-21
-23
-23
-24
-26
-26
-26
-26
-25
-24
-22
-20
-18
-16
-16
-15
-15
-15
-17
-18
-16
-18
-16
-14
-14
-11
-7
-8
-6
-3
-2
-3
-4
-4
-4
-5
-3
0
0
3
6
6
7
8
7
6
6
7
8
7
8
9
9
12
12
11
14
13
10
10
11
10
11
11
11
9
7
5
2
2
4
4
3
3
4
3
1
0
0
-3
-4
-5
-5
-8
-9
-7
-7
-8
-8
-10
-12
-12
-11
-10
-14
-15
-16
-17
-15
-16
-14
-12
-13
-13
-12
-11
-11
-9
-10
-12
-10
-10
-8
-7
-4
-3
-2
3
5
7
8
11
11
13
16
16
17
20
23
24
29
28
27
26
24
23
22
19
17
16
16
18
19
20
20
18
18
15
12
8
6
3
2
1
0
2
3
2
3
2
1
1
2
2
4
3
3
3
4
4
5
5
6
6
5
5
4
5
4
3
2
1
0
1
0
2
1
-2
-3
-6
-7
-9
-11
-11
-12
-14
-16
-15
-15
-13
-13
-12
-12
-12
-12
-11
-11
-10
-10
-9
-8
-8
-6
-5
-4
-2
0
2
4
6
6
7
8
9
9
9
9
8
9
8
8
9
9
9
12
11
9
11
11
10
8
9
8
7
7
5
7
7
6
6
5
4
5
3
4
5
5
6
5
5
4
4
4
4
4
4
3
2
1
0
-2
-3
-4
-6
-6
-8
-9
-9
-12
-12
-11
-11
-12
-11
-12
-12
-11
-11
-10
-11
-11
-13
-12
-12
-11
-9
-8
-6
-6
-6
-4
-3
-5
-4
-4
-3
-2
-2
0
2
3
4
5
4
2
2
3
2
2
1
0
4
4
3
3
3
2
2
1
-1
-2
-3
-1
-1
-3
-1
-4
-3
-3
-4
-6
-5
-6
-6
-6
-5
-5
-5
-6
-8
-7
-6
-7
-8
-7
-7
-4
-5
-5
-5
-4
-4
-5
-5
-4
-5
-5
-6
-4
-4
-4
-6
-6
-6
-7
-7
-8
-7
-4
-3
-2
-4
-5
-3
-4
-4
-4
-5
-7
-6
-5
-4
-4
-3
-3
-3
-2
0
1
1
2
0
2
1
1
0
2
2
1
3
4
5
5
3
3
3
3
3
2
0
0
1
2
1
3
2
2
2
2
2
2
2
1
1
-1
0
-1
-1
-2
-3
-2
-2
-2
-3
-2
-2
-3
-3
-5
-5
-6
-5
-7
-5
-5
-5
-5
-5
-5
-4
-4
-4
-3
-3
-2
-2
-1
0
-1
0
1
1
1
3
2
3
3
4
4
5
5
5
6
5
5
3
3
5
6
6
5
3
6
4
3
2
3
1
1
-1
0
2
4
5
5
5
4
4
4
6
5
5
5
5
6
8
8
8
9
6
9
8
8
9
7
8
7
7
8
6
7
8
6
5
6
3
4
3
2
2
1
1
1
1
0
0
-1
-3
-2
-2
-1
-1
-1
0
-1
0
-1
0
1
2
2
3
4
4
3
4
3
4
3
3
4
4
6
6
6
5
6
5
4
4
3
2
2
0
-1
-1
-1
-1
-1
-1
-1
-2
-3
-4
-5
-5
-5
-4
-6
-6
-6
-5
-5
-4
-4
-3
-3
-3
-1
-1
-1
-2
-2
-2
-3
-2
-2
-2
-3
-3
-3
-2
-3
-2
-3
-4
-5
-7
-6
-7
-7
-6
-5
-6
-8
-6
-4
-5
-4
-5
-5
-5
-4
-3
-4
-5
-5
-5
-4
-1
-1
1
0
0
0
0
-1
-1
-1
-1
0
0
-1
0
-1
-1
-1
0
-2
-2
-1
-2
-2
-2
-1
-1
-3
-2
-1
0
-1
-1
-2
-3
-3
-4
-6
-6
-5
-6
-5
-4
-4
-3
-3
-4
-3
-2
-2
-2
-3
0
-2
-3
-3
-3
-3
-1
-1
-2
-2
-3
-3
-1
0
0
-1
0
0
0
1
-1
-2
-2
-2
-1
0
1
1
3
5
5
6
6
6
5
6
5
6
7
7
8
9
10
11
11
11
11
11
11
9
9
10
10
10
10
9
9
10
8
8
10
10
9
9
9
9
7
5
4
4
2
1
0
0
-1
0
0
0
1
1
0
1
0
0
0
0
-4
-4
-5
-5
-5
-5
-5
-6
-5
-4
-4
-3
-4
-6
-5
-4
-5
-6
-5
-4
-3
-4
-5
-3
-5
-4
-3
-3
-2
-2
-2
-1
-1
-1
0
0
1
0
1
2
3
4
4
5
3
3
3
5
4
5
5
4
5
4
5
4
4
4
3
3
2
4
4
3
2
2
0
0
-1
-2
0
0
0
0
0
-1
1
0
-2
0
-3
-3
-2
-5
-4
-3
-4
-5
-6
-7
-5
-5
-6
-7
-7
-7
-7
-7
-7
-7
-7
-8
-9
-9
-7
-8
-7
-6
-7
-4
-4
-4
-5
-5
-5
-3
-3
-2
-2
-2
-1
-2
-1
-1
-1
2
1
2
4
4
5
5
5
6
6
6
7
9
9
7
8
8
9
8
7
7
8
8
8
7
5
5
5
5
3
3
2
2
2
3
2
2
0
-3
-4
-4
-5
-5
-5
-7
-7
-9
-9
-10
-10
-9
-8
-9
-8
-9
-9
-9
-7
-7
-8
-7
-7
-9
-8
-8
-8
-8
-8
-6
-5
-6
-6
-6
-6
-5
-6
-6
-6
-6
-7
-6
-6
-4
-3
-4
-1
-1
0
-1
-2
1
3
2
3
2
4
6
5
4
6
6
7
8
9
9
10
11
10
11
10
10
11
12
11
11
9
11
11
10
9
8
8
8
7
7
5
5
3
3
2
1
1
0
-1
0
0
1
-1
-2
-3
-4
-3
-3
-3
-5
-4
-5
-6
-5
-5
-6
-5
-5
-6
-6
-5
-5
-4
-6
-4
-4
-5
-4
-4
-2
-4
-3
-3
-2
-2
-1
1
1
3
2
2
3
4
4
3
3
3
5
6
7
6
6
7
5
6
7
8
10
9
9
8
10
9
9
8
8
8
8
10
10
10
10
9
7
8
7
7
9
9
8
9
8
7
6
4
3
2
0
0
-2
0
-1
-2
-3
-4
-6
-5
-5
-4
-4
-5
-7
-8
-8
-9
-9
-9
-9
-9
-9
-9
-10
-9
-10
-12
-13
-12
-10
-9
-8
-7
-8
-9
-7
-7
-7
-8
-6
-4
-2
-1
-2
-4
-2
-2
-2
0
-1
0
1
2
1
3
3
3
2
4
3
4
5
4
5
5
5
3
3
5
4
5
5
5
5
5
4
3
3
3
4
4
4
4
3
3
2
1
1
2
1
0
2
0
-1
-1
-3
-4
-4
-4
-3
-3
-3
-2
-3
-3
-4
-3
-4
-4
-4
-5
-5
-6
-6
-6
-8
-7
-9
-8
-7
-6
-6
-7
-7
-6
-6
-8
-7
-7
-6
-6
-5
-5
-6
-6
-4
-4
-4
-3
-2
-2
0
0
-1
-2
-2
0
0
0
1
0
0
1
2
1
1
1
2
1
2
2
4
5
3
5
5
4
5
4
5
5
5
4
5
3
4
5
5
5
5
4
4
3
2
3
3
3
4
2
2
1
2
2
1
1
1
-1
-2
1
1
2
0
-2
-1
-3
-1
-2
0
-1
-1
-1
-1
-1
-1
-2
-1
-1
-2
-1
-2
-1
-2
0
-2
-1
-1
0
-1
-1
1
1
1
0
0
1
3
2
2
1
2
2
2
2
3
3
4
4
3
2
2
3
2
3
3
3
5
7
5
5
6
6
6
7
7
7
6
6
7
7
6
6
5
5
4
5
4
4
4
3
5
4
4
3
2
1
1
1
-1
-3
-2
-2
-4
-4
-4
-5
-5
-5
-5
-5
-5
-5
-6
-5
-6
-6
-7
-7
-5
-7
-8
-6
-7
-5
-6
-7
-6
-5
-6
-6
-7
-7
-6
-6
-6
-5
-5
-5
-5
-5
-5
-3
-4
-3
-3
-3
-2
-1
-1
-1
-1
-1
-1
-1
0
0
2
3
4
4
5
6
5
5
4
4
5
6
6
5
4
4
4
4
4
5
5
4
4
4
4
4
4
2
3
2
3
3
2
3
3
2
1
0
0
1
0
-1
-1
-1
-1
-2
-1
-2
-2
-1
-1
0
1
0
-1
0
0
-1
0
-1
1
1
0
0
-1
0
0
-1
-1
-1
-1
-2
-2
-2
-3
-4
-4
-3
-3
-2
-2
-2
-2
-2
-3
-2
-3
-2
-4
-3
-3
-3
-3
-2
-1
-1
-1
-1
-1
-1
-2
1
1
0
-1
-1
-1
0
2
1
1
2
3
2
3
2
0
2
1
1
1
0
-1
-1
-1
-1
-1
0
-1
-1
-1
-1
-1
-1
-4
-3
-3
-3
-3
-4
-3
-3
-3
-2
-3
-2
-2
-3
-3
-3
-4
-3
-2
-3
-4
-4
-3
-2
-1
0
-2
-1
-1
-1
-1
-1
-2
0
0
-1
-1
-2
-3
-2
-1
-1
-1
0
2
1
2
1
3
2
2
2
3
5
4
4
4
5
5
5
7
6
6
5
6
7
6
6
7
7
7
6
5
6
6
6
5
6
6
8
7
6
6
6
6
6
5
6
5
5
4
5
4
4
4
4
4
3
3
4
3
5
4
3
3
3
2
3
2
1
2
1
0
1
1
0
0
-1
0
0
-1
0
-1
-1
0
0
-1
0
-1
-3
-2
-4
-2
-2
-3
-4
-3
-3
-3
-3
-5
-4
-6
-4
-4
-3
-4
-3
-5
-5
-4
-6
-5
-6
-5
-5
-3
-4
-4
-3
-4
-2
-4
-3
-2
-3
-2
-1
-3
-2
-1
-1
-2
0
-1
0
0
1
1
2
2
1
1
1
2
1
0
1
0
1
0
-1
1
0
0
0
0
1
1
1
1
-1
1
1
-1
-1
-1
-2
-2
-1
-1
-2
-2
-3
-2
-3
-4
-5
-5
-5
-4
-4
-4
-4
-5
-5
-5
-4
-4
-4
-5
-5
-7
-5
-5
-5
-4
-4
-3
-4
-4
-4
-2
-2
-1
0
0
-1
-1
1
1
0
1
2
2
2
3
3
2
3
3
3
2
2
1
3
4
3
5
4
4
3
2
2
3
3
4
5
2
2
3
3
2
1
2
1
2
3
1
1
1
1
-1
0
-3
-1
-2
-2
-4
-2
-1
-2
-2
-1
-2
-2
-2
-3
-3
-3
-4
-4
-3
-4
-5
-4
-4
-2
-2
-3
-5
-5
-5
-5
-3
-3
-3
-4
-4
-4
-5
-4
-5
-1
-2
-3
-1
0
0
1
1
1
1
1
2
3
3
4
3
3
4
4
4
4
5
6
5
5
7
7
6
7
8
9
8
9
9
9
8
7
7
7
7
8
7
8
8
7
7
6
6
4
4
4
5
3
4
3
1
1
1
1
0
0
-1
-1
-1
-1
-1
-1
0
0
-1
-1
-2
-3
-2
-4
-2
-2
-1
-2
-2
-1
-2
-2
-1
-2
-3
-1
-1
-2
-1
0
-1
0
-2
-1
-2
-2
-2
-1
-1
0
1
0
-2
-2
-3
-3
-2
-2
-1
-1
0
1
1
-1
-1
-1
-1
0
-1
-1
0
0
1
1
0
0
-1
-1
-1
-1
-2
0
0
0
-1
1
0
-2
-2
-4
-3
-2
-1
-2
-3
-3
-3
-2
-3
-3
-4
-3
-5
-5
-5
-4
-5
-4
-5
-5
-5
-5
-5
-6
-7
-8
-6
-5
-4
-4
-5
-5
-3
-4
-4
-4
-3
-1
-1
-1
0
1
0
0
-2
-1
-1
1
0
0
0
0
2
1
3
3
2
3
1
1
1
0
0
1
1
1
2
4
4
2
1
2
2
2
2
2
3
3
2
2
1
1
2
3
2
1
2
2
1
2
2
2
2
1
1
0
1
1
2
2
2
1
1
2
1
0
-1
1
0
-1
-1
0
0
0
1
0
-1
0
0
0
1
1
1
1
2
0
1
2
0
0
0
-2
-1
-3
-2
0
0
0
-1
0
-1
0
-2
-1
-1
-2
-1
1
1
0
1
1
2
2
1
1
1
1
3
2
1
2
2
4
4
4
5
4
5
5
4
4
5
4
4
5
4
4
4
4
5
5
4
5
5
5
5
5
3
4
3
2
2
3
3
3
3
4
3
3
3
1
2
2
0
1
0
0
0
-1
-1
-2
-1
-2
-1
0
-1
0
-2
-2
-2
-3
-4
-4
-6
-4
-5
-5
-6
-3
-2
-3
-3
-3
-3
-4
-2
-5
-4
-1
-1
-2
-2
-1
-1
-1
-1
0
-2
-1
0
-1
0
2
1
1
-1
0
0
-1
1
-1
-1
0
0
1
0
1
1
1
-1
0
1
0
1
0
0
-2
0
0
0
1
-1
-2
-3
-3
-1
-1
0
-2
-2
-1
0
0
0
-1
-1
-1
-2
-1
-1
-2
-2
-1
1
0
-2
-2
-2
-1
-2
-2
-2
-3
-2
-3
-4
-4
-3
-4
-3
-4
-3
-3
-1
-1
-2
-1
-2
-3
-1
-2
-1
0
0
0
0
0
1
1
1
2
2
1
1
1
1
1
1
0
0
-1
0
1
2
1
0
1
2
3
2
2
2
2
3
2
2
1
0
0
0
0
1
1
1
2
1
0
1
0
1
0
1
0
1
1
1
1
-1
0
1
0
0
0
-1
-2
-1
-1
1
0
1
1
-2
0
-1
0
-3
-4
-3
-3
-2
-3
-2
-2
-1
-1
-1
0
-1
0
-1
2
0
0
-1
0
1
0
2
1
5
0
-1
2
0
5
-2
2
2
0
2
1
5
1
1
-2
1
1
1
3
2
4
3
4
2
3
4
2
1
0
0
-1
3
2
2
1
0
1
0
1
1
2
2
2
0
-2
-2
-3
-3
-3
-3
-2
-1
1
0
-1
-2
-1
-2
-4
-1
-2
0
-1
1
-1
-1
0
-3
1
0
4
1
1
1
-1
3
-1
4
-2
0
2
1
3
-1
2
1
0
1
0
3
0
1
1
1
0
1
3
1
3
2
3
3
4
3
2
5
1
1
1
1
2
3
5
1
4
5
4
4
0
4
-1
2
1
1
2
0
5
0
7
4
1
2
3
5
-2
-2
-2
-2
-2
-6
-1
-1
0
-1
-4
-1
0
1
-1
-1
2
-2
-5
-3
3
-1
-4
1
2
0
-4
-2
2
0
-4
0
2
-1
-4
-4
-3
-6
-7
-4
-3
-6
-2
-2
-2
-3
-5
-1
-5
-4
-4
-4
-3
-7
-3
-8
-4
-3
-3
-5
-7
-1
-3
-5
-5
3
-3
-7
-3
2
2
0
9
-5
-2
6
6
-1
-10
6
-3
-5
-1
-4
-6
-6
3
-2
-7
-2
1
-12
8
-8
-3
2
-1
6
-20
20
4
-13
-10
3
21
-17
-4
-5
3
-3
-24
13
-1
3
-26
2
18
-9
-3
-12
20
-11
12
10
-2
3
6
15
-22
0
15
-1
-15
2
22
-3
-4
0
11
5
6
-7
0
19
-7
-3
-3
11
-9
-2
10
0
11
4
11
2
5
0
-1
22
-4
-14
14
15
-17
-6
27
-5
-29
21
30
-24
-28
33
18
-41
0
32
0
-46
23
23
-13
-33
16
16
-28
-11
7
13
-18
-15
-14
43
-40
-19
-20
42
-26
-48
34
9
-25
-53
49
12
-52
-18
37
0
-31
-17
34
-15
-19
-33
34
14
-27
-34
22
37
-45
-15
-3
45
-70
22
-17
14
-10
-27
20
-19
32
-3
-15
-4
30
5
0
-15
24
14
-13
-8
-1
37
-10
-27
18
34
-8
-35
26
19
-17
-17
43
-11
-12
19
3
7
-4
14
-16
4
30
0
-15
42
5
-11
6
23
27
-47
35
8
-6
36
-16
-1
7
38
27
-88
36
80
-32
-64
21
125
-49
-88
59
109
-67
-54
63
46
-14
-67
79
-17
17
-35
-10
75
-62
3
-19
67
-20
-87
83
41
-44
-54
32
79
-81
-18
20
31
6
-94
73
-2
14
-35
-7
72
-81
57
-9
-23
9
12
53
-104
19
88
-62
-12
-13
58
11
-133
88
19
9
-67
-41
117
-47
-66
29
29
8
-74
38
12
-22
14
-49
0
-25
19
-34
-30
10
-15
1
-2
-59
25
22
-16
-63
-13
87
-15
-139
44
104
-43
-99
-59
186
-67
-103
4
68
21
-105
1
18
45
-52
-3
-16
29
-28
-19
33
25
-37
-66
25
80
-61
-63
29
43
3
-121
69
35
72
-120
-101
227
17
-131
-39
136
105
-230
14
143
38
-61
-177
201
72
-94
-139
106
175
-120
-150
118
183
-172
-64
58
145
-108
-136
178
25
-89
-104
71
153
-115
-108
43
143
-98
-105
92
105
-58
-195
160
58
-70
-91
54
86
-105
-36
37
105
-105
