7
2
-9
-23
-27
-22
-25
-30
-45
-55
-54
-55
-47
-52
-52
-51
-50
-53
-65
-47
-39
-34
-41
-55
-52
-44
-26
-13
-12
-23
-33
-28
-16
-8
-11
-22
-14
-5
2
-10
-13
-1
9
11
-2
3
0
10
14
21
22
14
15
9
18
29
39
40
37
31
27
33
50
59
44
22
14
25
44
43
35
23
15
15
19
31
31
22
3
2
16
34
28
11
15
24
28
18
18
25
22
6
4
15
26
15
-2
0
2
11
6
-6
-5
-20
-19
0
9
-4
-39
-35
-10
-6
-23
-43
-42
-28
-28
-38
-36
-24
-21
-48
-59
-51
-37
-36
-47
-61
-69
-51
-38
-36
-56
-64
-59
-53
-54
-61
-52
-43
-40
-43
-39
-25
-21
-19
-20
-12
-14
-16
-10
4
13
17
16
7
1
-3
21
42
44
18
0
17
45
56
38
34
29
25
28
46
63
62
43
17
22
44
65
61
44
41
37
35
34
40
55
60
52
25
8
25
60
81
62
29
8
18
57
84
61
18
-17
-14
14
31
34
10
-34
-68
-61
-14
19
5
-53
-95
-82
-45
-21
-22
-38
-75
-106
-94
-51
-18
-30
-73
-104
-107
-77
-46
-33
-42
-75
-98
-83
-50
-32
-40
-50
-54
-71
-80
-60
-8
24
-10
-55
-70
-21
31
37
11
-18
-25
-1
32
50
50
33
21
11
17
46
82
85
47
3
13
77
121
99
36
16
48
81
80
41
29
50
58
51
37
39
45
27
4
-1
27
41
20
-13
-33
-12
20
40
20
-13
-33
-29
-6
10
17
3
-24
-46
-50
-27
3
7
-16
-57
-79
-60
-25
-1
-10
-44
-72
-74
-47
-23
-17
-20
-43
-67
-69
-44
-8
6
-15
-49
-63
-38
-1
22
9
-19
-35
-22
11
37
38
18
1
-7
6
26
39
42
30
11
-5
2
36
58
61
34
3
2
18
43
51
47
32
14
1
12
44
58
47
16
-3
2
25
45
47
38
23
13
13
20
40
52
44
21
5
4
16
35
31
16
4
-2
-8
-4
11
15
18
-4
-20
-16
-7
8
4
-8
-17
-22
-22
-22
-23
-30
-29
-24
-33
-47
-48
-27
-15
-25
-47
-42
-33
-35
-39
-44
-28
-28
-37
-57
-55
-25
-13
-14
-27
-32
-25
-22
-18
-7
7
14
-3
-20
-19
6
33
28
8
-13
-7
12
26
29
36
34
16
3
-1
21
39
40
28
7
-7
-5
18
42
41
19
-9
-16
1
10
21
24
20
-1
-16
-1
25
32
18
11
4
7
-1
-2
14
29
22
-15
-33
-12
21
22
-3
-20
-15
-5
0
-8
-15
-6
-6
-16
-25
-13
0
-7
-26
-31
-16
-7
-12
-26
-27
-22
-23
-27
-13
-1
-18
-47
-54
-29
-5
-6
-19
-25
-30
-39
-31
0
23
14
-23
-47
-25
12
33
25
5
-2
-9
-7
5
31
46
28
-5
-26
-8
33
67
59
18
-13
-8
24
51
63
48
21
1
4
22
46
54
38
6
-19
-15
14
43
38
12
-13
-13
-4
3
4
18
20
-10
-37
-26
15
32
10
-23
-35
-20
-2
-2
-7
-11
-16
-33
-45
-23
6
16
-3
-34
-39
-19
6
8
-6
-15
-22
-26
-30
-13
12
22
1
-28
-32
-7
21
22
5
-12
-17
-12
-1
13
11
1
-17
-23
-15
1
16
11
-1
-20
-21
-5
15
22
4
-4
-6
-5
-4
10
20
19
2
-10
2
18
26
14
6
9
9
3
-1
14
27
19
-3
-11
1
16
25
13
3
-1
1
7
11
14
11
3
-5
-8
-7
2
12
10
-10
-26
-14
5
14
3
-9
-5
0
-3
-4
7
19
16
-6
-15
-5
5
-1
-9
-12
-13
-16
-17
-10
-6
-8
-16
-10
-5
-8
-11
-8
4
5
-4
-6
7
15
8
3
12
24
20
7
4
20
23
7
0
18
35
29
2
-2
19
27
13
-3
9
24
10
-17
-17
11
25
0
-28
-16
8
18
1
-16
-8
9
7
-13
-16
7
20
-1
-29
-28
-2
11
-10
-30
-22
1
11
-6
-14
-4
11
2
-14
-12
6
16
4
-15
-18
2
16
2
-14
-18
-9
-2
-7
-11
-16
-12
-2
-3
-13
-13
-4
1
-4
-10
-7
7
11
2
-7
1
15
11
0
-3
5
12
6
-1
-1
4
8
-1
-5
1
7
5
-5
-6
-1
6
10
9
5
4
4
8
11
8
11
15
14
9
-1
2
16
21
10
-6
-11
-2
5
4
2
3
0
-8
-12
-2
8
8
-9
-22
-20
-8
2
-1
-6
-6
-8
-11
-12
-7
2
4
-6
-16
-19
-8
4
6
-1
-12
-14
-9
-1
3
4
5
1
-1
1
6
9
10
5
1
1
4
7
4
1
1
2
2
-1
-1
1
3
4
2
-1
0
5
8
7
0
-1
2
5
7
4
6
10
11
9
4
4
8
10
4
-1
-2
4
8
5
4
4
2
-1
-7
-5
-1
5
2
-7
-3
-2
3
2
3
1
4
6
0
-7
-3
2
2
-5
-13
-11
-5
-3
-8
-12
-10
-3
-4
-10
-9
-3
0
-5
-7
-6
1
3
-3
-8
-5
0
0
-3
-3
3
4
2
-2
0
0
3
2
-6
-2
4
5
4
2
4
4
5
4
4
5
4
2
-1
1
3
4
2
-2
-4
-3
1
4
1
2
2
1
-4
-4
2
11
8
-2
-6
-4
4
8
10
9
5
-3
-7
0
9
10
5
-5
-6
-2
3
6
0
-1
-3
-1
-3
-3
-3
-2
-3
-3
-1
-3
-4
-5
-5
-3
-1
-2
-1
-3
-5
-5
-5
-2
2
2
-2
-5
-3
-4
-1
2
1
-1
-7
-8
-3
2
3
0
-3
-1
3
3
1
3
6
5
4
-2
0
2
4
6
4
2
1
0
1
3
8
10
6
4
4
5
10
14
12
8
6
6
6
8
9
10
10
8
4
3
8
13
12
6
-1
-1
5
3
3
2
0
1
1
0
1
4
3
4
1
-3
-2
1
6
8
8
5
2
0
-1
3
5
4
1
-5
-8
-6
0
2
1
-5
-10
-11
-10
-6
-4
-4
-10
-15
-16
-11
-6
-8
-13
-16
-19
-16
-9
-5
-10
-18
-21
-16
-11
-10
-12
-15
-18
-18
-13
-6
1
0
-7
-9
-7
-2
1
4
1
-4
-7
-5
2
6
4
0
-3
-5
0
8
11
10
5
4
5
6
8
7
9
6
3
5
5
6
5
5
6
6
2
1
2
6
8
6
6
7
9
5
3
3
4
6
5
6
6
3
3
2
3
5
3
2
1
0
2
1
3
4
2
1
-2
-2
0
3
1
-3
-4
-2
-1
-4
-5
-6
-5
-6
-8
-10
-10
-6
-4
-3
-5
-6
-4
0
4
3
-1
-4
-4
0
0
0
-2
-7
-7
-5
-3
-3
-5
-8
-9
-3
-2
-6
-6
-11
-9
-6
-2
0
0
-1
-8
-6
-1
4
5
1
1
4
6
6
6
9
12
8
3
2
2
6
5
6
6
6
4
2
3
5
3
3
4
2
3
3
2
1
2
-1
-4
-3
-1
0
-1
-2
-3
-3
-3
-6
-7
-3
-3
-6
-7
-8
-5
-3
-3
-4
-10
-10
-8
-4
-1
-1
-3
-6
-6
-4
-1
0
0
4
1
-2
-2
-1
3
4
2
0
-1
1
3
2
1
0
1
2
3
3
4
4
2
3
3
0
0
3
5
6
3
2
2
3
6
4
5
4
1
0
4
8
9
5
3
2
2
3
4
4
4
1
-2
1
4
8
8
6
3
3
4
7
10
7
4
1
2
3
4
4
2
2
-3
-3
-1
1
0
-4
-5
-4
-2
-4
-5
-4
-5
-7
-9
-9
-6
-7
-7
-6
-4
-5
-4
-4
-2
-2
-3
-7
-7
-5
-7
-6
-6
-5
-5
-6
-4
-2
-2
-4
-4
-4
-3
-1
-1
0
0
-2
-5
-4
-1
0
-1
-1
-1
-3
-4
-5
-3
0
0
-3
-2
-1
0
-1
-4
-2
2
2
1
0
0
-2
-1
0
-1
-3
-3
-5
-5
-4
-5
-6
-5
-4
-4
-6
-7
-5
-3
-1
-1
-1
-2
-2
0
1
1
-1
0
0
0
0
1
3
2
1
-1
0
1
1
0
1
-1
0
-1
-1
0
1
1
-1
-1
-1
0
0
-1
0
2
0
1
3
5
5
3
3
5
6
3
3
7
8
4
4
5
7
7
7
8
10
11
9
7
7
8
7
5
7
7
7
6
6
6
4
4
6
5
6
4
1
4
6
5
1
1
1
1
1
1
1
1
-2
-3
-2
0
2
0
-1
-3
-4
-5
-3
-1
-1
-3
-3
-5
-6
-5
-5
-5
-4
-5
-8
-4
0
1
-1
-3
-2
-1
0
-1
1
3
1
2
1
1
1
3
4
2
1
-2
0
2
1
2
2
1
-1
-3
-1
0
-3
-4
-3
-2
1
1
-2
0
1
1
0
0
-2
2
2
3
3
3
4
2
3
3
2
3
3
3
6
4
2
3
4
4
1
0
0
1
-1
-3
-2
-3
-4
-5
-5
-4
-5
-5
-5
-3
-2
-2
-4
-5
-6
-5
-4
-4
-2
-3
-2
-3
-3
-3
-3
-2
0
2
2
-1
-1
-2
-2
-1
-1
-2
-2
-2
-3
-2
0
1
1
-1
-3
-4
-3
-1
-2
-1
-2
-3
-5
-4
-2
0
2
2
2
2
5
4
5
6
6
5
5
3
4
6
5
4
2
1
1
3
3
4
4
5
2
3
4
3
2
1
0
0
1
2
2
1
0
0
-2
-1
0
0
1
0
1
3
1
-1
0
0
0
-2
-3
-2
-1
-2
-3
-2
-3
-4
-1
-2
0
-2
-6
-8
-7
-2
-3
-4
-3
-4
-5
-4
-1
1
2
0
-1
0
1
2
2
2
3
2
4
5
5
5
4
5
5
7
9
8
6
6
5
5
7
7
6
1
2
2
1
0
-1
-1
-1
0
1
-3
-2
0
0
0
3
3
2
2
2
1
1
3
1
0
1
1
1
1
1
0
0
0
0
0
1
0
-3
-4
-3
-3
-3
-3
-4
-6
-5
-5
-5
-2
-4
-6
-6
-4
-3
-3
-3
-2
-2
-2
0
1
2
2
1
1
2
5
5
3
1
0
0
1
3
3
3
2
1
-2
-2
1
1
2
0
-2
-2
0
0
0
0
-1
-2
-1
-1
1
3
2
1
0
-1
2
4
4
2
2
0
-1
1
1
1
-1
0
0
1
3
1
-1
0
-1
0
0
0
-2
-2
-3
-2
-1
-2
-3
-2
-4
-5
-6
-4
-3
0
-1
-1
1
0
0
0
0
1
3
4
4
4
3
3
2
0
-2
0
-1
1
0
0
1
2
1
-2
-2
-1
-2
-1
0
1
0
0
1
0
1
1
-1
1
1
0
-1
0
1
1
2
0
-1
0
-1
2
2
1
-1
-2
0
1
-1
-2
-3
-3
-5
-3
-4
-2
-2
-4
-5
-5
-3
-1
-1
0
-2
-2
1
0
1
3
2
2
3
3
3
2
1
1
2
1
-2
-2
-1
-1
-3
-2
-2
-3
-3
-5
-4
-1
0
-4
-4
-6
-5
-3
-4
-5
-4
-4
-4
-4
-4
-3
-3
-1
0
0
1
2
0
1
0
1
3
4
6
5
4
4
3
2
1
1
0
2
4
3
1
1
-2
-3
-4
-4
-2
-2
-2
-3
-3
-2
-5
-5
-4
-2
-1
1
2
0
-1
1
2
2
2
3
1
1
3
2
4
5
4
2
1
1
2
2
2
2
2
2
2
3
3
4
4
3
3
4
5
4
5
4
3
1
2
3
2
1
2
0
1
1
1
2
2
2
0
0
-2
-2
-4
-5
-5
-4
-3
-3
-5
-4
-6
-7
-7
-7
-8
-9
-8
-6
-4
-1
-1
-1
-3
-3
-4
-2
-2
0
2
3
5
5
3
3
3
3
3
1
0
-1
1
2
1
0
-2
-3
-3
-2
-1
-2
-2
-1
-2
-3
-5
-6
-5
-2
-1
0
1
1
2
1
1
1
-2
-2
0
1
3
4
3
3
2
1
1
1
3
3
3
5
4
3
3
3
4
2
2
1
1
3
1
2
3
2
1
1
1
1
0
0
-1
-1
0
-1
0
0
0
-1
-2
-3
-3
-5
-6
-7
-7
-7
-7
-5
-7
-7
-7
-7
-6
-5
-4
-3
-2
-3
-2
-1
-2
-3
-1
0
1
2
3
4
3
4
3
4
4
5
5
5
6
7
6
6
7
5
3
3
3
2
4
3
3
3
4
3
2
1
0
0
-1
0
0
0
1
0
0
-1
0
1
2
2
3
3
4
4
5
4
4
5
3
4
5
2
1
0
-1
-1
-1
0
-1
0
-1
-1
-1
1
0
2
2
2
3
2
2
2
-1
0
0
-1
-1
0
-1
-2
0
0
1
1
1
1
0
0
0
-1
0
1
1
1
1
-1
-1
-2
0
1
1
3
4
4
2
0
2
2
2
2
2
3
3
4
4
4
5
4
5
5
4
2
3
3
4
3
1
1
2
2
3
2
0
-1
-1
-3
-4
-4
-3
-3
-4
-4
-5
-4
-4
-3
-5
-5
-6
-6
-4
-4
-4
-5
-5
-5
-5
-5
-3
-4
-4
-2
-3
-3
-3
-4
-5
-4
-4
-5
-4
-5
-6
-6
-6
-6
-6
-4
-3
-3
-3
-3
-3
-3
-4
-3
-1
-1
-1
0
1
0
0
2
2
1
3
2
0
1
1
1
1
1
1
0
0
-1
0
1
2
2
1
1
0
1
2
0
0
0
-1
-1
1
1
0
0
1
0
0
1
0
0
1
2
2
2
0
-2
-2
-1
-1
-1
-1
2
2
0
-1
0
1
0
1
2
1
1
1
1
1
1
1
1
1
1
0
0
0
0
-1
0
-1
-2
-1
0
1
2
1
1
0
-1
0
-1
0
1
1
1
2
3
1
1
0
-1
-1
0
-1
1
0
0
0
0
1
1
0
0
-1
0
1
2
2
1
0
1
0
1
0
1
1
1
2
1
3
1
1
0
1
2
2
3
2
1
2
3
1
1
1
1
0
0
-1
-1
0
1
2
1
0
-2
-2
-2
-1
-1
-1
0
-2
-1
-2
0
0
1
1
0
0
2
2
3
1
1
0
1
1
0
0
1
0
-1
-1
-1
0
1
1
1
1
1
1
0
1
1
0
0
0
-1
-1
-1
-3
-2
-2
-1
-3
-4
-4
-3
-2
-1
0
0
1
-1
-1
-2
-1
1
-1
0
1
1
1
0
0
0
-2
-2
-1
-1
-2
-2
0
-1
0
0
0
0
1
2
-1
0
-1
-1
0
0
0
2
0
-2
1
2
2
3
0
1
1
2
2
1
0
0
-1
0
0
-1
0
0
0
1
0
1
-1
-1
0
0
0
0
0
0
1
-1
0
1
2
2
1
0
-2
-2
-2
-2
-1
0
-1
0
-1
-2
-3
-3
-3
-1
-2
-1
-1
-1
-1
-1
-2
-2
-2
-3
-3
-3
-2
-1
-1
-1
-4
-3
-3
-3
-2
0
0
0
1
2
2
1
2
1
1
2
2
1
2
4
3
2
2
1
0
-1
0
-1
-1
0
0
1
1
0
0
-1
0
-1
1
2
2
1
1
1
2
2
0
0
0
0
0
0
1
1
0
1
1
1
1
1
1
1
2
1
1
2
1
1
1
-1
-1
-1
-1
-1
1
2
1
-1
0
-1
0
0
0
1
0
0
1
0
0
1
0
0
1
1
1
1
1
1
1
1
1
1
1
1
1
0
1
0
-1
0
0
0
1
1
2
2
2
3
2
3
4
4
4
4
4
4
5
6
5
4
3
5
6
6
6
3
4
3
3
4
5
4
4
3
2
2
3
0
-1
-2
-2
-2
-3
-4
-4
-5
-5
-5
-5
-5
-5
-4
-5
-4
-4
-3
-3
-5
-4
-4
-2
-1
-2
-2
-4
-3
-5
-4
-3
-3
-3
-3
-2
-1
1
2
1
1
0
0
0
-1
1
1
1
2
1
2
1
1
0
-1
0
0
1
1
1
1
0
1
1
0
1
1
2
2
1
1
0
0
2
3
3
2
1
0
0
0
1
1
3
2
2
1
2
1
2
4
5
4
3
2
2
1
2
0
-1
-1
-2
-1
0
0
0
-1
-1
-3
-3
-3
-2
-2
-2
-3
-2
-3
-3
-3
-4
-5
-6
-5
-6
-5
-5
-3
-1
-4
-3
-2
-2
0
0
-1
-2
-2
-1
-1
-1
-1
0
0
-2
-1
-1
-2
-3
-2
-2
-2
-2
-1
-1
0
1
1
0
0
-1
0
2
2
2
0
0
-2
-3
-3
-1
-2
-2
-3
-4
-3
-3
-1
-2
-1
1
1
0
0
-1
0
0
-1
0
-1
2
2
2
2
3
2
4
5
6
4
3
4
3
3
3
4
4
3
2
0
0
0
0
0
-1
-3
-3
-3
-4
-4
-3
-3
-2
-3
-3
-3
-4
-3
-2
-2
-2
-3
-3
-4
-3
-3
-4
-4
-4
-5
-5
-6
-4
-4
-5
-5
-5
-6
-3
-3
-4
-4
-5
-2
-3
-3
-1
0
-1
0
0
3
4
4
7
6
9
9
10
11
11
13
14
15
17
17
17
16
16
15
17
17
17
17
16
17
16
17
20
20
20
18
19
20
21
22
22
21
21
18
19
20
21
20
16
13
11
8
9
8
7
5
2
1
-1
-1
0
-3
-2
-3
-6
-8
-10
-10
-11
-14
-21
-25
-26
-29
-30
-36
-41
-49
-55
-58
-63
-66
-69
-78
-83
-91
-94
-93
-92
-87
-87
-84
-86
-89
-84
-81
-68
-56
-51
-43
-44
-36
-23
-9
16
29
38
42
40
57
72
95
114
116
120
115
122
139
146
162
159
150
144
132
137
140
140
135
114
101
89
88
93
87
77
60
38
33
33
38
45
36
23
7
2
15
32
49
52
41
35
30
41
64
75
84
71
53
47
37
49
51
41
27
-5
-27
-48
-64
-73
-95
-120
-149
-182
-202
-224
-244
-264
-289
-307
-319
-333
-345
-355
-375
-383
-394
-393
-382
-391
-386
-402
-408
-393
-390
-370
-366
-374
-365
-364
-334
-299
-273
-245
-242
-229
-194
-135
-61
3
44
69
100
147
240
342
422
483
484
499
543
613
721
771
785
752
692
687
700
742
760
703
611
493
420
392
384
362
282
162
34
-55
-93
-95
-107
-161
-239
-326
-362
-354
-325
-291
-300
-313
-322
-302
-231
-167
-104
-80
-72
-25
31
127
201
234
251
231
263
308
377
451
410
378
300
258
317
318
343
267
128
34
-70
-60
-41
-69
-126
-280
-398
-461
-484
-426
-435
-491
-557
-672
-686
-653
-623
-568
-599
-640
-646
-655
-581
-535
-521
-496
-541
-515
-483
-452
-371
-396
-382
-382
-365
-254
-227
-169
-165
-176
-96
-24
142
273
325
360
342
427
576
756
902
917
888
824
823
917
1014
1076
1011
866
701
586
569
573
536
403
201
-1
-146
-208
-235
-283
-384
-522
-637
-691
-674
-641
-638
-657
-675
-657
-593
-498
-400
-342
-292
-227
-132
8
137
234
288
327
384
467
575
653
678
659
618
613
618
628
624
550
470
368
327
299
231
197
67
-5
-38
-90
-81
-147
-207
-283
-350
-320
-308
-291
-310
-380
-412
-427
-374
-302
-311
-315
-373
-437
-411
-368
-305
-281
-320
-368
-414
-420
-360
-325
-309
-317
-394
-404
-430
-386
-328
-381
-373
-415
-439
-378
-355
-285
-266
-273
-233
-214
-107
61
200
269
286
321
390
562
765
888
907
838
774
734
818
932
962
858
633
467
327
303
331
260
113
-84
-264
-378
-398
-368
-407
-493
-588
-659
-650
-588
-519
-500
-498
-482
-436
-336
-228
-147
-113
-79
4
106
228
335
380
398
407
458
550
622
680
665
591
566
545
542
559
517
451
359
248
195
138
105
122
25
-33
-118
-213
-178
-212
-188
-194
-274
-280
-350
-348
-309
-316
-276
-311
-335
-304
-329
-292
-292
-325
-280
-284
-252
-222
-257
-274
-309
-305
-255
-225
-204
-237
-339
-378
-386
-384
-340
-379
-424
-468
-506
-466
-460
-438
-412
-400
-338
-170
36
129
156
186
263
501
790
997
1016
910
851
815
937
1154
1194
1059
796
536
392
389
467
389
167
-87
-309
-443
-449
-409
-461
-580
-703
-761
-748
-667
-579
-604
-618
-548
-465
-335
-204
-132
-100
-81
22
197
347
479
524
503
513
576
677
742
785
761
664
594
569
588
562
534
485
316
269
210
133
221
101
83
-4
-169
-74
-168
-155
-178
-322
-309
-416
-400
-362
-430
-345
-421
-475
-403
-431
-298
-276
-341
-303
-408
-386
-328
-362
-279
-299
-390
-412
-499
-456
-397
-425
-369
-454
-487
-484
-573
-507
-526
-526
-466
-552
-529
-541
-565
-474
-455
-361
-298
-209
-15
162
373
387
435
583
772
1149
1267
1268
1162
993
1064
1098
1249
1292
1059
817
500
363
357
355
263
-4
-241
-426
-518
-522
-518
-557
-657
-734
-756
-682
-593
-537
-507
-533
-439
-312
-191
-51
-25
39
86
167
365
462
565
604
569
641
694
774
812
747
708
641
603
590
524
485
416
333
296
219
142
147
70
46
91
14
-23
-105
-215
-230
-240
-211
-219
-294
-333
-412
-414
-368
-339
-255
-286
-281
-265
-322
-252
-221
-254
-232
-266
-268
-242
-298
-325
-388
-434
-343
-369
-351
-352
-486
-508
-566
-530
-487
-559
-579
-683
-747
-675
-669
-619
-569
-604
-546
-381
-149
165
369
329
391
523
827
1253
1358
1406
1252
1075
1185
1208
1338
1363
1105
849
555
443
412
289
148
-137
-381
-459
-513
-566
-647
-764
-852
-852
-788
-652
-579
-557
-532
-535
-389
-211
-65
63
101
159
212
262
405
504
549
591
591
602
642
613
585
547
514
514
443
377
319
223
191
200
142
276
183
67
108
-110
85
115
35
48
-266
-276
-347
-367
-235
-383
-415
-513
-632
-492
-485
-366
-322
-466
-412
-434
-406
-309
-357
-381
-413
-450
-383
-434
-467
-503
-573
-498
-475
-428
-466
-569
-592
-618
-618
-581
-583
-593
-601
-630
-624
-626
-533
-401
-373
-163
44
261
626
603
713
914
1095
1576
1634
1690
1611
1338
1440
1323
1354
1395
1085
858
501
321
224
27
-69
-351
-578
-627
-679
-726
-770
-855
-938
-911
-777
-602
-480
-424
-390
-386
-256
-63
52
163
188
221
279
309
414
468
467
468
431
445
550
523
468
399
312
357
358
360
405
404
308
254
229
364
421
402
361
149
251
211
149
124
-94
-140
-277
-322
-270
-363
-384
-472
-558
-518
-481
-343
-347
-397
-359
-405
-360
-321
-388
-405
-416
-454
-460
-521
-560
-584
-657
-571
-559
-531
-475
-609
-543
-643
-699
-548
-626
-469
-527
-662
-559
-592
-516
-448
-404
-83
214
344
602
590
634
952
1048
1460
1635
1562
1542
1116
1183
1168
1056
1185
797
570
305
40
-11
-215
-324
-513
-726
-788
-809
-825
-826
-880
-932
-847
-725
-524
-387
-351
-250
-230
-131
31
156
291
320
313
329
354
417
462
411
434
447
417
467
455
477
462
390
503
622
630
711
596
543
687
663
714
605
448
374
185
202
160
17
-72
-336
-444
-470
-508
-392
-467
-548
-578
-669
-581
-504
-490
-458
-520
-555
-561
-616
-557
-552
-621
-614
-690
-653
-591
-610
-548
-626
-608
-538
-500
-362
-412
-447
-505
-538
-441
-353
-296
-336
-318
-336
-295
-154
106
343
459
710
756
887
1122
1182
1407
1441
1513
1524
1296
1300
1115
909
785
559
399
166
-9
-171
-432
-592
-704
-846
-869
-838
-859
-834
-800
-752
-658
-545
-350
-198
-101
47
105
202
286
319
424
414
444
486
410
410
377
320
302
261
291
302
309
319
292
308
318
397
449
466
471
600
639
602
707
540
511
436
251
231
37
32
-125
-340
-356
-564
-617
-677
-730
-639
-644
-587
-554
-616
-590
-569
-572
-465
-420
-398
-408
-490
-514
-579
-631
-570
-487
-479
-424
-462
-550
-511
-557
-465
-419
-352
-249
-368
-283
-436
-449
-284
-376
-100
-155
-147
138
155
456
535
710
972
954
1245
1281
1287
1430
1309
1230
1092
1012
870
584
443
195
-51
-198
-358
-516
-667
-727
-854
-911
-875
-848
-743
-687
-545
-431
-375
-174
-100
10
157
230
392
391
437
466
388
425
374
368
382
336
312
194
182
294
324
401
433
401
459
480
579
700
691
705
621
519
522
452
371
252
77
-22
-197
-306
-352
-477
-511
-597
-658
-651
-671
-630
-653
-670
-621
-590
-549
-502
-503
-537
-565
-565
-535
-520
-494
-501
-530
-500
-499
-455
-388
-383
-364
-368
-384
-340
-315
-310
-268
-259
-265
-238
-198
-158
-88
-72
-10
163
280
458
572
731
893
897
1016
1000
1067
1186
1102
1083
898
741
582
308
253
86
-82
-188
-422
-524
-673
-769
-763
-820
-734
-679
-634
-518
-449
-346
-267
-153
-5
70
159
222
263
284
268
278
246
237
248
204
172
129
82
94
157
198
273
307
325
441
469
539
615
671
711
640
628
555
522
485
329
198
51
-39
-132
-201
-264
-349
-403
-503
-538
-521
-500
-473
-470
-487
-513
-493
-463
-491
-483
-468
-534
-551
-541
-562
-543
-494
-493
-470
-430
-458
-433
-431
-422
-367
-386
-301
-283
-262
-193
-264
-164
-128
-119
18
111
362
520
615
704
698
934
1069
1149
1298
1212
1221
1121
960
928
735
674
489
231
161
-75
-156
-297
-528
-562
-714
-662
-574
-584
-460
-503
-458
-374
-318
-78
37
158
227
152
173
169
216
243
210
186
86
39
-26
-66
-71
-110
-12
1
98
205
178
314
324
429
556
541
666
606
558
516
381
377
248
147
59
-107
-143
-236
-364
-428
-520
-548
-530
-515
-471
-487
-534
-561
-637
-627
-578
-611
-606
-638
-684
-653
-652
-636
-591
-568
-524
-477
-451
-384
-306
-268
-252
-306
-333
-288
-256
-215
-201
-203
-155
-83
-16
61
200
359
500
646
749
903
1099
1207
1296
1280
1239
1227
1142
1071
961
814
689
481
289
124
-54
-164
-291
-399
-457
-505
-485
-488
-499
-459
-428
-340
-232
-135
-37
24
101
134
148
194
220
218
199
157
87
25
-57
-126
-157
-117
-42
-27
9
-2
40
109
161
284
344
411
452
437
422
375
340
268
168
79
13
-62
-104
-171
-282
-338
-411
-423
-433
-432
-420
-472
-479
-525
-571
-572
-598
-620
-634
-663
-658
-627
-616
-584
-560
-527
-461
-382
-293
-236
-195
-186
-206
-190
-145
-108
-74
-38
-62
-42
1
29
152
255
413
556
625
770
837
1012
1178
1184
1221
1141
1088
1071
995
953
797
631
450
192
69
-34
-118
-192
-335
-430
-492
-492
-426
-403
-350
-301
-258
-181
-106
26
107
133
136
95
101
115
156
144
78
34
-72
-126
-132
-63
-2
11
79
31
76
155
177
262
256
284
249
194
188
116
66
5
-83
-168
-204
-237
-255
-286
-353
-389
-439
-434
-428
-421
-426
-492
-544
-635
-685
-707
-735
-768
-792
-798
-816
-782
-792
-751
-687
-648
-545
-506
-421
-334
-284
-220
-217
-181
-115
-67
-32
25
75
138
233
319
453
604
761
902
991
1132
1266
1339
1375
1323
1254
1173
1071
976
807
649
502
283
104
-58
-166
-236
-312
-355
-427
-446
-397
-365
-310
-242
-150
-49
26
124
184
229
288
280
260
242
228
229
175
116
53
-14
-35
-3
49
115
226
276
344
404
437
509
486
489
423
313
259
121
24
-104
-257
-351
-452
-516
-539
-560
-583
-591
-616
-606
-576
-551
-516
-541
-570
-613
-692
-745
-791
-828
-836
-850
-870
-878
-889
-839
-774
-714
-639
-593
-536
-488
-449
-389
-338
-274
-216
-212
-212
-143
-53
81
229
361
533
677
845
994
1113
1309
1441
1501
1519
1436
1370
1275
1135
1011
804
623
457
237
76
-79
-207
-313
-448
-531
-590
-566
-468
-397
-336
-299
-249
-178
-78
50
156
237
266
254
222
198
212
203
172
139
99
103
157
221
296
380
426
475
545
606
691
731
704
633
535
449
361
268
168
28
-125
-253
-388
-490
-547
-609
-652
-701
-746
-768
-798
-818
-846
-900
-939
-964
-989
-997
-1008
-1014
-1011
-1028
-1018
-978
-932
-855
-772
-733
-674
-616
-571
-522
-486
-427
-381
-343
-273
-209
-125
22
148
304
505
649
844
1007
1171
1390
1489
1595
1601
1534
1492
1372
1293
1174
1006
848
610
380
197
41
-62
-161
-268
-348
-426
-438
-410
-389
-318
-265
-198
-115
-44
55
114
152
158
124
118
122
130
130
95
71
72
102
155
205
255
310
373
427
455
480
503
510
502
483
472
446
420
364
270
201
135
83
21
-52
-137
-232
-324
-422
-505
-603
-697
-804
-936
-1024
-1106
-1142
-1161
-1189
-1200
-1224
-1205
-1152
-1067
-980
-907
-835
-797
-746
-709
-670
-617
-581
-530
-524
-497
-440
-372
-233
-119
0
147
284
476
682
865
1092
1282
1412
1511
1504
1503
1490
1426
1373
1218
1045
885
678
527
381
244
152
21
-87
-172
-229
-193
-157
-113
-71
-53
-8
28
70
104
115
122
101
65
26
-2
0
11
30
60
87
114
133
129
131
138
164
178
161
144
112
112
129
153
171
174
166
149
128
118
121
103
75
16
-45
-92
-138
-167
-243
-336
-453
-593
-691
-767
-800
-820
-852
-889
-927
-947
-927
-878
-837
-782
-751
-730
-716
-707
-680
-660
-612
-583
-573
-547
-535
-488
-412
-308
-165
-9
155
305
455
620
802
983
1128
1207
1227
1221
1190
1156
1117
1044
938
803
651
503
379
284
204
118
29
-56
-114
-119
-97
-57
-15
20
56
85
105
127
155
169
183
182
170
174
176
202
225
249
261
233
203
151
106
69
29
-6
-49
-88
-130
-149
-144
-133
-111
-102
-113
-123
-133
-146
-141
-152
-179
-203
-254
-303
-349
-410
-467
-547
-614
-664
-699
-695
-684
-659
-629
-596
-539
-491
-431
-389
-369
-361
-375
-381
-409
-421
-427
-431
-415
-396
-357
-321
-257
-188
-105
6
128
275
391
503
612
712
840
939
1016
1042
1008
946
856
770
681
597
506
395
283
177
113
85
85
96
89
81
80
97
132
173
218
246
257
264
253
244
245
236
227
215
204
191
185
177
161
142
118
89
44
5
-32
-65
-64
-73
-79
-83
-102
-104
-112
-111
-111
-125
-149
-195
-250
-303
-344
-380
-415
-464
-530
-597
-668
-715
-745
-758
-746
-741
-718
-686
-644
-581
-517
-451
-404
-375
-361
-366
-365
-369
-376
-373
-375
-360
-334
-282
-215
-137
-48
21
97
179
264
370
474
582
673
755
831
898
965
1010
1035
1023
979
915
823
730
632
534
437
331
234
141
59
3
-36
-60
-66
-68
-64
-46
-23
18
69
125
190
244
289
320
337
341
331
314
282
227
165
94
16
-57
-124
-192
-247
-284
-307
-308
-303
-280
-259
-235
-203
-188
-165
-152
-154
-171
-217
-272
-333
-403
-465
-534
-592
-639
-678
-699
-704
-681
-640
-588
-532
-480
-420
-359
-299
-247
-198
-161
-135
-117
-111
-108
-113
-120
-130
-136
-141
-143
-127
-103
-63
-11
50
121
185
255
310
362
418
472
541
605
663
711
741
759
762
756
741
709
670
624
572
519
467
419
376
345
312
288
272
252
242
223
203
184
159
147
123
99
79
49
26
-2
-34
-69
-106
-144
-192
-238
-277
-311
-335
-349
-366
-381
-385
-387
-386
-382
-374
-380
-386
-387
-396
-399
-396
-398
-399
-398
-398
-397
-393
-388
-383
-377
-368
-366
-372
-389
-412
-433
-443
-439
-429
-410
-395
-368
-336
-298
-237
-175
-105
-40
15
68
113
162
211
255
301
341
377
408
440
467
490
511
519
516
499
481
461
448
443
434
430
423
419
422
417
412
405
395
379
358
340
317
300
279
252
231
215
208
196
179
157
130
109
85
61
40
11
-16
-43
-67
-89
-100
-107
-107
-106
-111
-119
-133
-149
-171
-191
-213
-233
-255
-293
-331
-368
-405
-432
-453
-470
-482
-486
-477
-460
-436
-403
-367
-330
-293
-261
-228
-197
-163
-133
-120
-110
-107
-103
-99
-98
-98
-94
-88
-85
-80
-71
-56
-32
-1
35
70
105
137
161
192
219
249
280
304
329
342
364
381
394
415
426
439
446
448
448
444
436
427
419
403
392
373
349
316
278
236
186
141
93
45
-3
-52
-95
-136
-164
-193
-212
-225
-238
-243
-252
-249
-240
-236
-231
-231
-236
-243
-245
-242
-239
-232
-231
-232
-240
-242
-242
-237
-227
-221
-218
-221
-226
-230
-234
-229
-220
-211
-199
-194
-187
-173
-160
-137
-118
-103
-91
-79
-67
-56
-45
-33
-23
-10
1
15
27
37
45
54
67
78
93
100
107
120
128
146
163
179
192
197
202
204
208
211
211
209
202
196
190
187
187
192
197
200
204
211
216
218
224
226
230
230
224
218
202
189
174
159
142
117
88
54
19
-15
-50
-83
-120
-153
-183
-215
-237
-264
-286
-305
-322
-322
-319
-306
-297
-291
-281
-273
-258
-243
-235
-231
-231
-232
-235
-241
-241
-238
-233
-227
-223
-208
-190
-167
-146
-125
-96
-66
-26
9
41
74
107
136
155
173
188
202
214
221
222
222
227
228
227
223
220
218
213
210
206
202
200
194
182
167
154
149
141
133
117
102
89
82
75
69
64
59
56
45
34
26
20
16
6
-4
-11
-16
-14
-13
-11
-9
-6
10
21
30
38
43
57
71
81
78
67
57
44
29
13
-14
-43
-75
-105
-141
-177
-196
-210
-222
-236
-251
-250
-246
-234
-226
-223
-211
-193
-179
-177
-174
-170
-166
-161
-167
-174
-177
-176
-179
-184
-194
-192
-181
-164
-142
-122
-90
-53
-10
35
74
112
157
190
223
254
275
303
326
350
362
360
368
364
360
348
326
309
295
277
257
232
212
196
184
176
153
134
120
114
104
84
64
42
21
-5
-35
-62
-83
-106
-128
-145
-164
-175
-187
-187
-183
-175
-160
-151
-135
-125
-106
-89
-77
-64
-59
-47
-44
-48
-60
-70
-83
-89
-99
-117
-120
-133
-143
-161
-168
-165
-168
-157
-164
-165
-166
-160
-146
-142
-130
-121
-116
-121
-113
-100
-82
-71
-81
-75
-78
-65
-55
-55
-40
-35
-22
-26
-22
-10
3
21
26
32
46
66
80
94
108
124
142
160
176
190
210
220
231
237
238
240
243
238
224
213
203
203
188
170
155
152
152
139
131
113
115
103
81
61
47
44
21
1
-24
-38
-58
-79
-114
-139
-138
-146
-144
-162
-154
-135
-122
-112
-119
-109
-78
-60
-65
-64
-72
-49
-46
-55
-56
-73
-59
-67
-70
-78
-94
-89
-108
-118
-134
-128
-120
-127
-122
-125
-117
-111
-106
-101
-80
-54
-38
-29
-30
-2
12
23
27
29
52
40
37
33
44
54
40
26
16
33
43
52
53
56
59
64
90
109
127
132
141
155
162
175
181
185
181
172
162
145
133
124
103
89
68
50
39
23
23
18
21
21
25
36
38
51
52
66
72
67
54
48
45
29
7
-26
-30
-41
-52
-72
-105
-118
-138
-138
-140
-140
-145
-152
-161
-166
-159
-153
-127
-131
-139
-159
-157
-122
-117
-115
-138
-137
-126
-118
-113
-126
-115
-112
-101
-115
-113
-101
-92
-84
-98
-84
-84
-54
-41
-29
-6
2
33
44
65
77
88
104
117
126
137
144
139
144
144
145
131
110
108
105
101
89
84
94
96
88
78
90
122
136
133
120
111
131
145
135
119
102
96
88
64
36
15
-1
-6
-32
-55
-78
-98
-87
-97
-97
-103
-90
-81
-74
-61
-45
-18
-31
-33
-38
-17
-7
-29
-24
-27
-21
-40
-53
-51
-43
-46
-61
-65
-82
-78
-86
-78
-75
-93
-101
-112
-100
-97
-105
-107
-115
-119
-132
-132
-121
-121
-121
-114
-102
-104
-99
-88
-49
-25
-28
-15
-19
26
55
86
113
91
102
106
152
170
160
166
168
182
167
179
185
203
190
181
197
187
190
157
175
180
152
142
119
138
118
96
79
56
50
16
3
-9
-21
-38
-58
-67
-96
-103
-105
-108
-111
-137
-149
-142
-136
-136
-133
-126
-128
-131
-110
-83
-91
-103
-88
-64
-54
-55
-61
-55
-42
-36
-35
-59
-58
-41
-38
-23
-42
-47
-52
-45
-28
-58
-54
-47
-50
-42
-41
-28
-23
-27
-18
-22
-23
3
3
-4
-34
-26
11
14
17
-20
-33
-6
5
20
10
-1
1
16
16
28
46
66
78
54
72
82
124
146
128
117
116
160
183
161
133
156
186
195
163
141
151
148
143
123
113
86
79
62
48
30
-3
26
2
-30
-52
-50
-18
-37
-47
-88
-95
-80
-89
-104
-140
-153
-149
-130
-134
-153
-170
-173
-170
-165
-132
-120
-131
-139
-113
-83
-70
-38
-22
-29
-26
9
37
45
40
36
63
70
69
52
39
59
63
59
35
8
5
13
19
13
-8
5
1
-24
-39
-21
3
-16
-16
-33
-34
-33
-19
22
2
-11
-26
-10
21
26
23
24
32
25
22
12
36
50
56
44
27
45
46
76
70
64
55
53
91
94
63
36
42
77
71
38
22
1
13
9
22
4
-20
-30
-62
-50
-66
-37
-35
-45
-79
-127
-72
-25
13
-52
-113
-102
-84
-26
-16
-49
-113
-119
-81
-45
-36
-48
-44
-66
-54
-45
-6
18
5
8
-23
1
18
27
61
53
53
42
21
24
10
18
58
49
15
-33
-44
11
37
55
-3
-62
-41
-10
49
27
-9
-38
-27
19
33
24
-15
-11
-17
-16
-13
-9
-16
-51
-67
-64
-32
-4
-20
-44
-79
-38
9
25
23
-26
-10
13
84
70
39
57
50
105
88
87
75
72
92
67
85
107
116
74
35
37
89
136
120
44
-11
31
98
108
57
19
2
21
18
25
24
18
28
-11
-38
-49
10
59
21
-31
-67
-26
23
16
-13
-61
-48
-39
-37
-46
-53
-47
-64
-43
-59
-69
-49
-39
-20
-46
-72
-37
-21
-9
-30
-54
-36
-28
5
-18
-45
-48
-42
8
15
-7
-31
-33
-8
-2
6
38
72
53
-16
-49
5
84
112
42
-58
-73
-44
41
68
25
-10
-56
-33
-15
1
80
72
30
-48
-55
70
127
141
19
-38
-9
67
141
81
7
-43
9
43
51
-5
-7
12
-8
-50
-92
-14
53
56
-78
-129
-82
18
67
-25
-81
-89
-23
-9
-43
-69
-45
7
-20
-112
-136
-74
16
12
-84
-116
-113
-71
-44
-55
-68
-63
-78
-86
-100
-77
-21
-3
-15
-88
-100
-40
38
54
-20
-43
-15
21
15
-6
11
76
83
14
-26
-7
93
132
79
0
-44
41
90
86
71
48
60
25
39
62
53
65
62
46
32
8
34
51
60
107
34
1
1
20
89
58
82
55
6
18
7
71
101
79
48
-27
-20
50
70
83
10
-40
-11
-1
40
-5
-27
5
-9
-21
-57
-54
-4
-2
-37
-73
-83
-17
-14
-70
-100
-79
-9
-6
-51
-85
-97
-53
-15
-53
-60
-49
-49
-68
-86
-38
-6
3
-12
-85
-110
-68
-10
39
16
-8
-55
-72
-23
18
66
43
-6
-39
-44
25
58
71
68
44
13
-13
37
81
98
77
44
26
22
53
105
117
68
45
12
40
62
73
62
30
51
15
30
26
31
25
6
71
43
16
29
10
45
31
31
43
8
10
-23
-43
-6
13
-2
-21
-71
-48
-35
-40
-11
-37
-16
-49
-83
-54
-54
-9
1
-35
-57
-79
-49
-24
-25
-25
-36
-71
-77
-85
-65
-11
-18
-34
-87
-119
-87
-33
15
-11
-78
-93
-66
-29
7
-3
18
25
-21
-67
-49
61
127
62
-28
-41
3
95
87
60
28
8
39
1
45
98
100
40
-25
12
62
64
31
28
32
45
18
10
27
32
53
33
37
11
14
24
35
50
35
29
5
-1
12
25
6
-3
-15
6
10
-24
-9
-27
-25
-7
-31
-28
-58
-44
-10
-33
2
-40
-54
-32
-28
-1
-37
-47
-43
-34
-48
-57
-86
-69
-25
-71
-83
-75
-45
-37
-85
-71
-37
-33
-16
-54
-52
-23
-23
2
-11
2
-3
-26
7
33
23
5
-13
-2
42
24
28
30
26
65
31
36
49
46
55
38
43
51
38
17
37
41
71
52
14
38
10
46
50
50
63
-8
-26
-14
21
63
38
-11
-26
-15
12
15
0
29
11
-24
-41
-63
-19
4
6
-23
-56
-51
-61
-58
-7
48
15
-22
-78
-72
13
30
48
-11
-55
-27
-42
-11
8
35
18
-48
-55
-44
-10
-16
0
-13
-16
-20
-56
-41
-41
27
27
-11
-34
-73
-43
16
65
41
-10
-43
-24
-12
15
74
61
16
-23
-45
24
61
88
46
-28
-7
1
56
34
50
43
1
12
-11
29
36
67
44
3
-24
-28
20
57
72
5
-37
-43
-8
23
24
22
-8
-40
-32
-17
7
22
15
-12
-47
-20
12
11
-11
1
-1
-10
-21
-30
11
8
19
-7
-47
-14
3
4
-28
-37
14
27
-4
-1
4
1
26
20
12
4
23
37
4
4
-6
10
17
17
14
-28
-3
16
12
-7
-1
16
0
-24
-53
-10
17
17
-23
-60
-22
8
24
-25
-23
11
-9
-19
-25
19
16
-12
-13
-4
1
-10
-17
-14
22
16
-4
-25
-10
28
17
20
-16
-33
-5
-4
35
16
8
-38
-68
3
24
22
-28
-22
-13
-11
7
-1
-16
-15
15
-20
-24
0
3
-28
-24
15
4
-25
-22
-22
-32
-12
-15
-24
-16
6
-4
-44
-28
18
5
5
14
5
6
-23
2
31
43
30
-23
-21
-6
16
26
27
35
27
-16
-55
-7
64
75
23
-13
-29
-23
24
68
43
7
-2
-10
-20
12
46
17
9
-20
-25
-30
-8
26
4
11
1
-8
-7
4
22
4
-8
7
31
33
-4
-21
-1
24
28
24
-5
-16
-2
-1
23
18
9
-30
-35
12
14
13
-11
-3
-14
-7
10
-6
19
22
14
-21
-4
19
27
30
10
-8
-44
-2
3
27
42
2
-36
-85
-23
20
48
28
-40
-62
-32
24
3
-10
19
35
5
-41
-33
11
78
63
-1
-48
-41
18
25
30
24
16
3
-24
-29
7
54
32
-3
-30
-21
-8
-19
-1
-4
13
2
-25
-28
-37
1
23
20
-5
-18
-40
-42
-33
-23
5
-13
-10
-56
-84
-39
-1
28
-19
-56
-68
-48
-1
3
19
10
-8
-35
-54
-13
14
47
46
3
-41
-41
-2
45
62
34
-9
-22
2
0
17
48
53
4
-37
-20
28
58
51
29
-18
-9
16
21
25
40
35
12
-9
-1
16
12
20
-2
-3
-7
5
22
10
1
-13
5
34
34
-9
-29
-20
23
48
25
-3
-17
-1
8
24
41
52
28
-12
-31
5
43
56
40
-9
-26
-18
12
21
21
11
-13
-28
-26
-4
-2
15
8
-6
-47
-46
19
29
26
-1
-26
-26
-15
13
17
-10
-2
-12
-36
-28
8
31
12
-6
-14
-15
-14
22
23
10
-9
-10
-1
1
38
31
7
-14
0
5
23
33
29
5
-32
-2
9
24
8
-21
-28
-17
16
26
4
-23
-24
-15
14
15
5
-9
-22
-8
-7
2
3
-11
-16
-13
-2
24
25
1
-23
-13
3
9
13
16
6
-21
-7
17
30
9
-1
-14
-30
3
34
41
-5
-29
-21
-4
17
22
1
-37
-29
-6
7
19
21
-7
-39
-24
19
33
5
-24
-21
-13
-5
8
2
-22
-16
-11
-13
-20
-15
11
-8
-19
-20
-17
-12
-13
-5
-38
-31
2
9
-11
-38
-33
-7
6
6
5
-10
-17
-9
22
17
20
7
-7
-2
-8
24
31
26
-6
-25
-22
4
46
33
-4
-22
0
19
15
11
18
12
4
-4
1
11
23
25
-6
-11
15
44
34
15
-3
7
24
42
45
-6
-17
4
24
10
-10
2
10
-6
-15
-10
5
31
11
-13
-32
-10
30
11
-11
-29
-13
7
-3
-7
-23
-1
7
-10
-34
-42
-13
2
-7
-42
-33
-2
-7
-32
-35
-5
10
-5
-36
-42
-17
10
14
-6
-13
-13
-12
-10
-4
12
7
-7
-24
-32
-5
24
47
24
-22
-29
3
42
44
17
-5
-5
4
23
33
36
23
7
-1
-3
33
58
40
-2
-15
7
30
40
35
10
-11
-5
8
11
10
19
16
-9
-22
-3
21
25
13
-15
-15
-2
12
13
1
2
5
-2
-17
-1
25
13
-16
-25
-5
8
-13
-15
-13
-3
-6
-21
-10
-12
-12
-22
-21
-10
-13
-15
-15
-22
-21
-12
-20
-14
-19
-18
-15
-23
-13
-11
-7
-12
-18
-12
-11
-25
-27
-12
-2
-16
-32
-18
4
5
-14
-13
3
9
-7
-16
-3
12
14
8
0
1
5
6
7
7
27
30
3
-5
7
31
28
9
9
5
3
11
24
30
19
3
-4
6
27
36
20
2
-10
-19
-13
6
26
21
-10
-29
-12
23
21
11
6
0
-11
-16
2
22
20
-16
-33
-25
-6
6
-1
-3
-9
-14
-12
0
16
23
10
-21
-41
-25
11
30
10
-25
-25
-3
13
15
-3
-4
-3
-12
-15
-11
8
20
5
-25
-45
-29
7
15
-7
-32
-26
-7
3
8
8
13
5
-7
-13
-3
21
31
13
-10
-12
7
24
30
20
12
13
10
6
3
14
37
31
1
-18
3
26
36
38
12
-7
-2
13
19
15
15
12
0
-11
-14
4
26
15
-21
-40
-21
4
8
-2
-11
-10
-8
-17
-17
-4
9
1
-18
-22
-14
-7
-6
-6
-9
-16
-30
-33
-23
-8
5
-3
-23
-24
-6
10
11
2
-7
-8
-10
-8
1
12
15
1
-8
-5
14
26
18
10
5
5
-3
-1
13
13
2
-13
-17
-13
3
13
-3
-20
-17
2
10
7
9
14
5
-6
-3
10
20
7
-11
-13
8
20
19
13
5
-5
-7
2
1
7
3
-5
-14
-16
-8
-1
7
1
-23
-29
-4
15
9
-10
-8
2
3
-2
-12
-3
12
12
-14
-17
5
26
13
-22
-24
-11
14
15
-4
-14
-8
4
1
-4
-7
3
2
-9
-22
-11
15
16
-4
-33
-25
3
17
7
-15
-15
0
8
-1
-5
7
17
7
-11
-9
9
24
18
-9
-22
-7
17
28
15
-11
-10
11
20
11
6
15
19
10
-10
-11
18
30
1
-33
-28
7
20
5
-13
-22
-16
-6
-8
-7
0
-3
-12
-23
-19
-4
11
11
-4
-21
-30
-5
16
18
-3
-19
-10
6
10
-1
-3
5
2
-11
-16
-4
17
16
-8
-24
-17
8
18
1
-12
-11
-5
5
3
-1
1
8
6
-9
-3
10
18
17
1
-8
1
15
18
3
-10
-3
8
4
-1
2
7
12
5
-4
-1
8
18
7
-7
-8
0
10
7
-2
-4
2
4
-2
-4
1
7
6
0
-7
-2
11
14
3
-6
-2
8
15
8
1
-1
5
9
1
-6
-2
2
-1
-1
-3
1
2
-2
-4
-8
-3
1
-4
-13
-12
-3
1
-5
-11
-8
-3
0
0
-3
-4
-6
-4
0
2
3
3
0
-2
-1
2
0
-3
-5
-2
-1
2
-2
-1
0
-3
-1
1
1
-1
0
-1
-4
1
3
2
2
-2
-2
-3
0
2
1
2
2
3
0
-2
0
-1
1
-1
-1
-1
-2
-2
-4
-6
-4
0
-4
-6
-3
2
6
0
-7
-7
-3
1
-1
-6
-6
-2
0
-1
-4
-6
-2
-2
-2
-3
-5
0
5
6
-3
-7
-5
-3
-2
-5
-10
-9
-5
-4
-6
-8
-9
-4
-1
-5
-10
-9
-5
-4
-7
-9
-6
-3
-2
-7
-5
1
2
4
0
-5
-3
2
7
5
1
-1
3
3
2
-1
1
6
3
2
2
5
9
7
1
0
2
6
9
9
6
5
6
5
5
7
8
9
7
5
0
4
8
8
6
1
3
5
6
0
-2
1
2
5
3
1
1
7
8
4
0
1
6
8
6
2
2
4
5
2
-2
2
7
8
4
3
3
5
5
4
6
7
9
7
3
2
4
6
3
0
-2
0
3
4
-1
-4
-5
-1
-2
-4
-4
-4
-2
-2
-3
-2
0
1
2
0
-1
1
4
3
-1
-3
-3
3
4
2
2
4
7
8
8
5
4
6
5
5
5
7
7
7
4
2
1
4
2
-2
0
1
4
5
4
1
0
2
2
-1
-2
-3
-4
-2
-2
-2
-1
-2
-2
-4
-5
-6
-6
-7
-6
-8
-6
-3
-4
-6
-6
-7
-6
-1
-1
-1
-4
-4
-4
-4
-5
-4
-7
-8
-9
-9
-7
-8
-7
-7
-6
-6
-5
-4
-5
-5
-6
-3
-2
-2
-6
-6
-7
-8
-6
-6
-6
-5
-4
-5
-5
-4
-2
0
-1
-3
-2
0
1
1
0
1
5
3
3
2
-1
0
2
2
2
0
1
1
2
3
3
3
3
3
0
3
1
2
2
2
3
5
5
2
-3
-1
0
2
2
1
-2
-1
1
1
-1
-1
0
-2
-3
-2
0
2
3
3
2
0
2
1
-1
-2
-1
1
0
0
-2
-1
-1
1
0
1
-1
2
4
2
2
2
3
4
2
-1
-2
0
4
3
3
2
4
7
4
0
1
0
3
2
0
0
1
6
4
-1
-2
0
2
3
0
0
2
2
-1
-3
-1
0
2
1
1
1
6
6
5
3
4
7
7
7
2
3
4
6
7
3
2
2
2
1
0
1
-1
-2
-1
-2
-1
0
1
-1
-4
-4
0
1
3
2
-2
-1
-1
-2
-1
-1
0
1
-1
-2
-3
-2
-4
-3
-3
-4
-3
-2
-2
-1
-2
-2
-1
-1
-1
0
-1
-1
-1
-2
0
-2
-2
-1
-2
-1
1
1
-2
-2
-1
-1
0
0
0
1
2
1
0
0
-2
-1
-1
-1
0
0
3
3
2
3
2
1
2
2
2
4
5
4
2
1
0
1
1
3
5
5
2
2
4
4
3
4
5
5
4
5
3
2
2
1
1
1
1
0
0
0
0
-1
-2
-1
-4
-3
-4
-3
-2
-1
0
1
1
0
2
1
1
1
-1
0
0
1
2
1
0
-1
-1
-1
-1
-1
-1
-1
-2
-2
-2
-2
-2
-3
-2
0
-1
-2
-1
0
-2
-3
-3
-3
-3
-4
-3
-4
-5
-4
-3
-1
0
-1
-1
-2
-2
-2
-1
0
-1
-2
-2
1
2
1
1
0
0
1
0
1
2
2
3
3
3
3
5
5
5
4
2
2
1
2
2
2
2
1
0
-1
-2
-1
-2
-1
0
-4
-5
-4
-4
-1
-1
-1
-3
-3
-3
-2
-2
-1
0
1
1
0
2
1
1
2
2
3
3
3
4
2
1
1
1
1
1
2
2
3
1
-1
-1
0
1
0
1
1
0
1
1
1
1
1
-1
0
0
0
0
-1
-1
-2
-2
-1
0
-1
0
0
-1
1
-1
-1
-1
0
0
1
2
1
2
2
1
0
-1
0
1
0
-1
-1
-1
2
2
2
0
1
3
2
1
0
-1
-2
1
-1
-2
1
2
3
1
-1
-2
-2
-1
-2
-3
-2
-1
-1
-1
-1
-1
-1
-4
-5
-4
-3
-3
-4
-3
-4
-4
-2
-3
-3
-4
-5
-5
-4
-3
-4
-3
-3
-3
-4
-3
-3
-3
-3
-4
-3
-3
-4
-3
-3
-2
-2
-1
0
-1
-1
0
-2
-1
-1
-3
-1
-2
-1
-2
-2
-2
-2
-1
0
0
0
-1
-3
0
1
0
1
0
0
2
2
2
2
0
-2
-2
-2
-1
-1
-2
-2
0
1
2
1
0
-1
-1
-1
-1
-2
-4
-3
-1
-2
-2
-3
-2
-3
-3
-4
-5
-6
-3
0
0
-1
-1
-1
0
0
0
-1
0
0
1
2
2
2
2
3
3
3
3
3
4
4
3
2
2
2
2
3
3
2
3
3
2
3
3
3
3
2
3
3
4
3
3
3
4
3
3
3
3
3
4
4
3
3
5
5
6
5
5
6
6
6
5
5
3
3
4
3
4
3
3
5
3
2
2
1
2
1
2
2
1
3
3
2
2
1
0
-1
-2
-1
-1
-2
-1
-2
-2
-2
-1
0
0
-1
-2
-1
0
0
0
1
1
0
0
0
-1
-2
-3
-2
-4
-3
-2
-3
-4
-4
-4
-3
-1
-1
-1
-2
-3
-3
-2
-3
-4
-5
-4
-3
-4
-5
-7
-7
-8
-6
-5
-6
-5
-5
-4
-4
-4
-3
-4
-6
-5
-6
-5
-4
-3
-3
-1
-1
0
0
0
-1
0
0
0
1
2
3
1
3
3
3
3
5
4
4
4
2
2
3
2
1
0
-1
0
0
1
2
2
3
1
2
2
0
0
0
3
2
2
3
4
4
4
5
3
4
3
2
2
2
2
1
1
1
1
-1
-3
-2
-2
0
1
1
1
2
2
2
1
2
0
0
0
1
1
3
5
4
3
1
1
1
2
3
-1
0
-2
-1
-1
0
0
-2
-1
0
0
0
0
0
1
0
1
-1
0
0
0
0
-1
0
0
0
1
-1
-1
-1
0
-2
-1
-1
0
0
0
1
2
1
1
2
1
1
0
0
0
-1
-2
-1
0
0
0
1
0
0
-2
-2
-1
-2
-2
-1
-3
-4
-3
-4
-3
-3
-2
-3
-2
-1
-1
0
0
0
0
0
0
0
0
0
-1
-1
-2
-1
-1
-1
-2
-1
0
-1
0
0
-2
-2
-1
0
2
1
2
4
3
2
0
1
1
1
1
-1
0
1
2
4
3
5
4
2
1
2
1
1
1
2
0
0
2
1
1
2
0
2
1
0
0
0
-2
0
0
0
1
1
0
-1
0
0
0
1
0
-1
-2
-3
0
-1
-2
-3
-4
-4
-4
-4
-3
-4
-5
-5
-5
-4
-3
-4
-4
-4
-4
-4
-3
-4
-5
-4
-3
-4
-4
-4
-2
0
-2
-2
-3
-3
-3
-3
-2
0
1
-1
0
0
1
0
0
1
0
0
1
1
2
2
2
1
1
-1
1
0
0
0
-1
-1
-1
1
2
3
4
3
1
2
2
2
1
3
2
4
3
2
1
1
2
1
1
1
0
2
1
0
-2
-2
-1
-1
-3
-1
-2
-1
1
0
0
-1
-1
0
0
1
1
3
2
2
0
0
0
1
1
0
1
1
0
1
1
2
0
0
0
0
0
0
