2.363042e+062 -8.682657e+058 -2.286794e+059 -4.063010e+059 -5.946710e+059 -7.607129e+059 -8.808744e+059 -9.315934e+059 -8.931208e+059 -7.596701e+059 -5.340324e+059 6.637507e+056 
2.363247e+062 -3.672525e+058 -9.979348e+058 -1.776075e+059 -2.604161e+059 -3.359010e+059 -3.926692e+059 -4.174103e+059 -4.067593e+059 -3.479677e+059 -2.471665e+059 1.310798e+056 
2.363251e+062 -3.661690e+058 -9.560860e+058 -1.707882e+059 -2.492006e+059 -3.249207e+059 -3.802915e+059 -4.067561e+059 -3.950230e+059 -3.375238e+059 -2.398925e+059 1.229258e+056 
2.363238e+062 -3.542906e+058 -9.725791e+058 -1.745651e+059 -2.570992e+059 -3.318316e+059 -3.888774e+059 -4.155683e+059 -4.003894e+059 -3.443537e+059 -2.457037e+059 1.274294e+056 
2.363232e+062 -3.489224e+058 -9.563644e+058 -1.694115e+059 -2.521445e+059 -3.257439e+059 -3.823243e+059 -4.098679e+059 -3.945519e+059 -3.413275e+059 -2.416768e+059 1.230845e+056 
2.363240e+062 -3.518388e+058 -9.495914e+058 -1.717196e+059 -2.504079e+059 -3.246425e+059 -3.818949e+059 -4.076426e+059 -3.955966e+059 -3.399301e+059 -2.411890e+059 1.228639e+056 
2.363241e+062 -3.509866e+058 -9.614498e+058 -1.694206e+059 -2.513917e+059 -3.264484e+059 -3.768036e+059 -4.068428e+059 -3.946594e+059 -3.394942e+059 -2.412034e+059 1.224745e+056 
2.363256e+062 -3.601790e+058 -9.630869e+058 -1.722999e+059 -2.524901e+059 -3.252376e+059 -3.810108e+059 -4.043011e+059 -3.922741e+059 -3.361987e+059 -2.388032e+059 1.229977e+056 
2.363242e+062 -3.601845e+058 -9.784201e+058 -1.720840e+059 -2.517746e+059 -3.283107e+059 -3.827559e+059 -4.130303e+059 -4.014025e+059 -3.448435e+059 -2.445484e+059 1.258364e+056 
2.363284e+062 -3.637290e+058 -9.725612e+058 -1.725659e+059 -2.558635e+059 -3.276736e+059 -3.868806e+059 -4.114006e+059 -3.966794e+059 -3.407999e+059 -2.404729e+059 1.257119e+056 
2.361805e+062 -4.466046e+059 -1.166082e+060 -2.049004e+060 -2.968506e+060 -3.773283e+060 -4.333816e+060 -4.537521e+060 -4.306682e+060 -3.621924e+060 -2.510663e+060 1.618714e+058 
2.350157e+062 -3.940609e+060 -1.015723e+061 -1.742205e+061 -2.431932e+061 -2.964787e+061 -3.238293e+061 -3.187487e+061 -2.815731e+061 -2.180661e+061 -1.372308e+061 9.226295e+059 
2.340291e+062 -2.035473e+060 -8.417631e+060 -1.540014e+061 -1.978482e+061 -2.537531e+061 -3.027333e+061 -2.902677e+061 -2.510019e+061 -2.089053e+061 -1.357149e+061 6.888677e+059 
2.253106e+062 1.291888e+061 7.908491e+059 4.424179e+059 1.818496e+061 1.592048e+060 -1.071375e+061 2.322595e+060 4.850003e+059 -9.480916e+060 -4.410197e+060 -1.019885e+059 
2.127401e+062 2.847550e+061 1.201152e+061 3.050813e+061 5.052369e+061 4.091834e+061 3.226417e+061 2.872567e+061 4.174199e+061 2.050344e+061 6.812860e+060 1.699841e+060 
2.058644e+062 3.589139e+061 2.178726e+061 3.675976e+061 7.617306e+061 6.338836e+061 5.133296e+061 6.659031e+061 5.402993e+061 3.834278e+061 2.566751e+061 5.227123e+060 
2.165430e+062 1.420507e+061 1.592782e+060 1.741290e+061 2.907234e+061 1.438171e+061 2.649500e+060 -1.056172e+061 -2.394623e+060 -1.182667e+061 -1.507256e+061 -5.484921e+059 
2.315350e+062 -1.043076e+060 -8.662077e+060 -1.549603e+061 -1.765282e+061 -2.606204e+061 -3.543467e+061 -3.723355e+061 -3.076288e+061 -2.471818e+061 -1.731734e+061 8.017342e+059 
2.332610e+062 -2.248783e+060 -8.190453e+060 -1.202834e+061 -1.894015e+061 -2.658338e+061 -3.136331e+061 -3.241384e+061 -2.698090e+061 -2.094397e+061 -1.420543e+061 6.984756e+059 
2.338532e+062 -2.515247e+060 -6.968958e+060 -1.094911e+061 -1.552424e+061 -2.326390e+061 -2.937020e+061 -3.010151e+061 -2.513051e+061 -1.895901e+061 -1.262484e+061 5.681403e+059 
2.338603e+062 -3.159850e+060 -9.605962e+060 -1.571193e+061 -2.166816e+061 -2.927158e+061 -3.406872e+061 -3.455808e+061 -2.998875e+061 -2.315585e+061 -1.509173e+061 9.052871e+059 
2.341747e+062 -3.607062e+060 -9.931086e+060 -1.564810e+061 -2.242568e+061 -2.902832e+061 -3.237042e+061 -3.378876e+061 -2.998220e+061 -2.290638e+061 -1.487259e+061 9.075636e+059 
2.344851e+062 -3.384776e+060 -7.117584e+060 -1.111213e+061 -1.609846e+061 -2.100630e+061 -2.413628e+061 -2.517960e+061 -2.359619e+061 -1.911225e+061 -1.224693e+061 5.215440e+059 
2.345443e+062 -5.169137e+060 -1.296821e+061 -2.187761e+061 -3.053295e+061 -3.724720e+061 -4.069625e+061 -3.999583e+061 -3.507033e+061 -2.681674e+061 -1.661320e+061 1.467333e+060 
2.338749e+062 -7.254957e+060 -1.836180e+061 -3.086075e+061 -4.262257e+061 -5.087107e+061 -5.432213e+061 -5.198733e+061 -4.420082e+061 -3.268122e+061 -1.936423e+061 2.656369e+060 
2.335597e+062 -8.114064e+060 -2.069740e+061 -3.459787e+061 -4.763505e+061 -5.657609e+061 -5.970006e+061 -5.678608e+061 -4.782326e+061 -3.497313e+061 -2.057253e+061 3.252865e+060 
2.341420e+062 -6.483576e+060 -1.632552e+061 -2.712137e+061 -3.681393e+061 -4.319834e+061 -4.507857e+061 -4.237236e+061 -3.544713e+061 -2.586577e+061 -1.529091e+061 1.861065e+060 
2.340978e+062 -6.177829e+060 -1.475853e+061 -2.281797e+061 -2.850709e+061 -3.000613e+061 -2.759863e+061 -2.226374e+061 -1.537649e+061 -9.093518e+060 -4.232480e+060 7.029724e+059 
2.345818e+062 -4.948256e+060 -1.197567e+061 -1.911725e+061 -2.489962e+061 -2.795850e+061 -2.792000e+061 -2.486628e+061 -1.949078e+061 -1.324881e+061 -7.251726e+060 7.161388e+059 
2.350222e+062 -3.911843e+060 -9.797089e+060 -1.635591e+061 -2.225306e+061 -2.634389e+061 -2.789825e+061 -2.667181e+061 -2.292473e+061 -1.732005e+061 -1.071990e+061 7.075838e+059 
2.357005e+062 -1.844571e+060 -4.590692e+060 -7.584385e+060 -1.020052e+061 -1.192191e+061 -1.247582e+061 -1.181381e+061 -1.011338e+061 -7.662960e+060 -4.793336e+060 1.423625e+059 
2.360670e+062 -7.907925e+059 -1.986618e+060 -3.318544e+060 -4.516583e+060 -5.346514e+060 -5.673632e+060 -5.451053e+060 -4.729038e+060 -3.635805e+060 -2.306093e+060 2.886865e+058 
2.359453e+062 -1.231727e+060 -3.194154e+060 -5.575998e+060 -8.000231e+060 -1.006955e+061 -1.142547e+061 -1.179544e+061 -1.103410e+061 -9.130594e+060 -6.219039e+060 1.134487e+059 
2.360794e+062 -8.007370e+059 -2.082298e+060 -3.646640e+060 -5.256824e+060 -6.649674e+060 -7.589106e+060 -7.886857e+060 -7.430263e+060 -6.193015e+060 -4.251647e+060 4.980825e+058 
2.361800e+062 -4.949503e+059 -1.294226e+060 -2.279092e+060 -3.303997e+060 -4.211004e+060 -4.847922e+060 -5.084527e+060 -4.840535e+060 -4.081860e+060 -2.836327e+060 2.022985e+058 
2.362194e+062 -3.503932e+059 -9.149557e+059 -1.612686e+060 -2.340502e+060 -2.985497e+060 -3.441624e+060 -3.614576e+060 -3.445908e+060 -2.909276e+060 -2.024248e+060 1.018109e+058 
2.361484e+062 -6.039569e+059 -1.575990e+060 -2.773560e+060 -4.017597e+060 -5.112747e+060 -5.876323e+060 -6.150262e+060 -5.841902e+060 -4.912608e+060 -3.403450e+060 2.973859e+058 
2.362986e+062 -1.265343e+059 -3.353631e+059 -5.904536e+059 -8.611526e+059 -1.101982e+060 -1.271698e+060 -1.338787e+060 -1.281065e+060 -1.085202e+060 -7.576428e+059 1.384316e+057 
2.363220e+062 -3.660995e+058 -9.920450e+058 -1.769511e+059 -2.607736e+059 -3.343313e+059 -3.951119e+059 -4.193976e+059 -4.051191e+059 -3.480615e+059 -2.463631e+059 1.308652e+056 
2.363244e+062 -3.605624e+058 -9.737858e+058 -1.728918e+059 -2.527058e+059 -3.285477e+059 -3.842347e+059 -4.069928e+059 -3.931639e+059 -3.390982e+059 -2.400468e+059 1.244638e+056 
2.363239e+062 -3.558991e+058 -9.467670e+058 -1.717855e+059 -2.523673e+059 -3.289827e+059 -3.826909e+059 -4.072989e+059 -3.960796e+059 -3.385495e+059 -2.411775e+059 1.236062e+056 
2.363245e+062 -3.612035e+058 -9.734107e+058 -1.720713e+059 -2.551054e+059 -3.315627e+059 -3.862249e+059 -4.104020e+059 -3.990323e+059 -3.420747e+059 -2.424612e+059 1.260727e+056 
2.363243e+062 -3.653625e+058 -9.867582e+058 -1.768394e+059 -2.577187e+059 -3.345540e+059 -3.891469e+059 -4.150132e+059 -4.034588e+059 -3.457454e+059 -2.448184e+059 1.291687e+056 
2.363245e+062 -3.567955e+058 -9.741603e+058 -1.704695e+059 -2.542267e+059 -3.271244e+059 -3.823613e+059 -4.076499e+059 -3.956473e+059 -3.385359e+059 -2.407235e+059 1.240464e+056 
