1.000000e-030   1.148746e-001   1.000000e-030   1.958781e-001   1.000000e-030   1.000000e-030   1.000000e-030   1.000000e-030   1.000000e-030   1.000000e-030   1.000000e-030   2.762904e-246   1.000000e-030   1.148746e-001   1.000000e-030   1.000000e-030   1.000000e-030   5.743728e-001   1.000000e-030   1.000000e-030   1.000000e-030   1.000000e-030   1.000000e-030   1.000000e-030   1.000000e-030   1.000000e-030   1.000000e-030   1.000000e-030   4.378549e-225   1.000000e-030   1.000000e-030   8.747041e-224   

1.000000e-030   3.085262e-255   1.000000e-030   1.284844e-001   1.000000e-030   1.000000e-030   1.000000e-030   1.000000e-030   1.000000e-030   1.000000e-030   7.217326e-243   4.357578e-001   1.000000e-030   7.191769e-257   1.000000e-030   1.000000e-030   1.000000e-030   9.176039e-247   1.000000e-030   1.000000e-030   1.000000e-030   1.000000e-030   1.000000e-030   1.000000e-030   1.000000e-030   1.000000e-030   1.000000e-030   1.000000e-030   8.158178e-224   1.000000e-030   1.000000e-030   4.357578e-001   

1.000000e-030   1.000000e-030   1.000000e-030   3.595889e-286   1.000000e-030   3.830884e-237   6.834193e-236   1.000000e-030   1.000000e-030   1.000000e-030   8.750000e-001   1.000000e-030   1.000000e-030   1.000000e-030   1.000000e-030   1.000000e-030   1.250000e-001   1.000000e-030   1.000000e-030   1.000000e-030   1.540950e-240   1.000000e-030   1.000000e-030   1.000000e-030   6.411148e-238   1.000000e-030   1.000000e-030   1.000000e-030   1.000000e-030   1.000000e-030   1.000000e-030   1.714478e-223   

1.000000e-030   1.000000e-030   1.000000e-030   4.372468e-227   1.000000e-030   3.333333e-001   2.500000e-001   8.798742e-078   1.000000e-030   1.000000e-030   3.803354e-187   1.000000e-030   1.000000e-030   3.050232e-317   1.000000e-030   1.000000e-030   3.176665e-157   8.536595e-229   4.664488e-232   4.341562e-231   1.666667e-001   1.000000e-030   1.000000e-030   1.000000e-030   2.500000e-001   1.000000e-030   1.000000e-030   1.000000e-030   4.807088e-226   7.945600e-228   1.000000e-030   6.345356e-224   

1.000000e-030   1.000000e-030   1.000000e-030   1.818182e-001   1.000000e-030   9.650471e-267   2.573757e-233   9.090909e-002   1.000000e-030   1.000000e-030   1.799142e-292   1.000000e-030   1.000000e-030   1.000000e-030   1.000000e-030   1.000000e-030   1.505339e-293   1.818182e-001   1.818182e-001   9.090909e-002   3.632906e-265   1.000000e-030   1.000000e-030   1.000000e-030   8.441508e-268   1.000000e-030   1.000000e-030   1.000000e-030   9.090909e-002   9.090909e-002   1.000000e-030   9.090909e-002   

