-5
-3
-3
-5
-4
-5
-5
-4
-4
-3
-3
-3
-2
-3
-2
-1
0
0
0
1
0
0
0
-1
0
0
0
-2
-2
-1
0
0
1
1
1
1
1
0
2
2
3
2
2
2
2
3
3
3
5
5
5
5
6
6
5
5
5
6
6
5
5
4
5
5
5
6
5
5
5
3
1
2
1
0
0
-2
-2
-2
-3
-2
-3
-1
-2
-2
-2
-2
-2
-3
-2
-1
-2
-3
-3
-4
-5
-4
-4
-4
-4
-3
-2
-2
-2
-2
-2
-1
0
1
1
1
2
1
1
3
3
4
4
4
6
5
6
7
6
5
5
5
3
3
2
3
4
4
4
4
5
5
5
6
6
6
7
6
7
7
7
6
6
6
7
5
5
4
4
5
4
3
3
2
3
3
3
3
2
3
1
1
1
-1
-2
-3
-2
-3
-4
-4
-4
-6
-6
-7
-6
-7
-8
-8
-9
-9
-9
-8
-8
-7
-6
-6
-5
-5
-7
-7
-6
-5
-7
-6
-4
-4
-4
-4
-3
-3
-3
-2
-2
-1
-1
-1
0
0
1
2
2
2
3
3
5
5
5
6
5
6
6
6
5
5
5
5
5
5
4
3
3
4
4
4
2
3
1
0
0
-1
-3
-3
-3
-3
-3
-3
-3
-2
-3
-3
-2
-3
-3
-3
-1
-1
-2
-1
-4
-3
-3
-3
-3
-4
-4
-5
-5
-5
-6
-6
-5
-5
-7
-5
-5
-6
-4
-4
-5
-5
-5
-4
-3
-3
-4
-2
-2
-2
-2
0
0
2
2
1
2
2
2
3
3
2
2
4
4
4
4
6
5
5
5
6
5
6
4
4
3
3
3
5
3
3
3
3
3
4
3
3
3
2
3
2
2
2
1
1
2
1
1
1
1
0
0
-1
-2
-2
0
-2
-1
-2
-3
-3
-3
-3
-4
-3
-3
-3
-3
-3
-3
-3
-2
-4
-3
-2
-2
-1
0
-1
-1
-1
-2
-1
-2
-2
-2
-2
-1
-1
0
0
1
1
2
1
0
1
0
1
0
1
0
1
1
0
1
2
2
2
3
4
3
2
3
3
3
3
2
2
2
2
2
2
1
1
1
3
2
2
2
2
1
1
1
1
2
1
3
3
2
2
3
3
3
3
1
3
1
0
1
1
0
0
-1
-3
-2
-4
-4
-4
-3
-2
-3
-3
-2
-3
-3
-3
-4
-4
-4
-4
-3
-3
-2
-2
-1
-1
1
2
0
1
0
-1
-1
0
0
-1
1
1
2
4
5
3
5
4
3
4
2
2
2
2
2
1
1
1
2
0
1
-1
1
2
0
0
0
0
-1
-1
0
-1
0
1
0
-2
-1
-1
-3
-2
-4
-1
-3
-4
-4
-3
-3
-2
-3
-2
-1
-2
-1
-1
-1
0
-2
-3
-5
-3
-1
-3
-1
-2
-2
-1
-1
-2
0
-1
-1
-1
-1
-1
0
1
0
0
1
1
0
0
1
-2
-2
-3
-2
-3
-3
-3
-5
-1
-2
1
0
0
-1
-1
-1
2
-1
-1
-2
-2
-2
-2
-1
-4
-2
-3
-3
-3
-2
-2
-1
0
-2
0
-2
-3
-3
-3
-3
-3
-1
-2
0
0
-1
-1
-1
0
-1
0
1
2
2
-1
2
0
1
1
2
1
2
4
1
4
-1
4
0
4
2
3
1
1
1
-1
3
-1
2
0
3
3
4
4
6
5
5
8
4
2
3
0
1
0
4
3
0
3
0
3
0
5
-5
1
-1
-2
0
0
-1
-7
-2
-1
-3
-3
0
-2
-4
2
-1
1
1
0
3
2
7
2
9
5
6
6
9
9
4
6
3
5
-1
4
1
2
2
1
2
1
0
-2
0
-1
0
0
-2
0
-6
-1
-4
-1
-4
-5
-3
-3
-4
-5
-4
-5
-3
-4
3
-1
-1
-1
1
-2
-2
0
-3
-2
-3
-1
-2
-3
-1
1
0
0
-1
4
2
-3
-1
-4
-5
-5
-1
-3
-1
-1
-3
1
-3
-2
1
-2
0
-1
1
-3
-3
0
1
-1
0
2
0
5
3
8
1
0
-4
-1
3
-3
-3
-2
-4
-4
-2
-3
-1
-8
1
-6
7
-5
4
-11
5
-10
3
4
-10
5
-15
10
-16
3
-16
-4
-15
-5
-4
-3
-7
-14
3
-16
0
-2
-1
-4
-6
-6
-3
-3
2
-9
10
-11
1
1
9
-1
3
4
-8
5
-2
11
4
8
-13
-6
9
-1
5
15
6
-8
3
14
2
2
11
-8
-13
16
-6
13
5
-11
0
-2
1
-11
19
-1
-13
0
9
-15
14
6
-8
5
-11
-11
29
4
-5
2
-5
-13
-10
34
2
0
-14
-12
8
11
-4
13
-1
-25
-3
19
17
5
-9
1
1
0
-4
28
3
-25
9
12
-1
0
10
2
0
-2
-1
7
-7
-15
7
17
-1
-8
8
0
7
-11
15
17
-28
-10
33
-8
-13
10
3
-10
4
21
-4
39
-4
-3
25
37
-20
15
37
-30
-19
21
11
0
1
-6
3
-3
8
11
24
-1
-17
2
11
-15
-6
1
-19
-14
-28
13
1
6
-34
19
-12
0
-4
7
0
-47
28
-3
-8
-14
-20
-8
16
-17
19
12
-16
-6
3
42
-33
6
7
-15
2
-9
11
12
-9
-46
39
-2
-5
9
18
1
-45
24
1
7
-4
-36
20
9
-25
10
34
-23
-26
16
14
4
4
-3
10
7
-3
2
46
-16
-27
44
2
5
-7
22
-12
-4
1
-2
18
-3
-8
18
25
-29
4
28
-25
-1
12
0
6
-11
6
-4
8
-17
-38
48
-20
-33
31
9
-33
-12
17
-23
-13
24
-40
9
1
-42
2
15
-27
-30
19
-26
-15
15
10
-9
-1
-16
-14
35
-3
-22
47
-34
-18
55
-23
6
-1
28
-25
24
34
-9
11
23
-15
-1
50
-53
27
-28
17
5
-12
54
-36
-28
32
22
-16
27
10
3
-30
21
15
0
18
-41
-7
42
-37
20
57
-43
-12
0
13
-3
24
-12
-18
4
-27
-11
54
-30
-7
9
-2
-3
14
17
3
0
-41
18
41
-33
-8
49
-23
-39
54
-4
-17
36
-30
25
9
6
-19
28
14
-39
21
31
-20
13
-3
12
12
-30
-11
31
-37
-27
51
-32
5
-13
10
-16
26
1
-6
31
14
-36
38
37
-47
35
9
-5
10
23
-13
35
-15
-8
24
-2
8
2
22
-35
4
10
-16
1
17
-38
5
41
-25
28
44
-44
4
31
3
8
23
-16
-12
-1
-3
-12
25
-32
-23
20
-23
-8
43
-22
-21
16
-17
13
40
-16
-10
23
-20
-1
29
6
-36
0
11
-13
9
-4
-15
13
-22
-12
46
-7
-31
-2
-38
23
11
-16
7
4
-27
-33
46
14
-37
28
-7
-46
44
-25
13
14
-31
-34
-14
46
-68
7
18
-53
11
-44
31
-16
-20
6
-2
16
-36
24
-33
29
-19
3
35
-24
-6
-37
46
-33
-20
11
-20
-50
16
-34
44
-14
-49
40
-24
20
-13
20
-7
-19
-12
-28
29
13
-91
33
17
-69
9
49
-48
-8
8
-12
0
43
-26
-10
74
-58
-22
85
-14
-29
25
4
-4
-2
17
-7
34
-31
10
37
5
17
-1
21
-17
66
-49
33
9
-17
2
53
-6
-23
47
-29
-29
24
50
-33
21
-23
-21
27
24
-6
19
-18
-36
18
32
26
6
7
-56
65
2
-9
42
-16
-30
-10
93
-68
-12
107
-88
1
47
-3
-22
84
2
-96
76
31
-38
43
29
-75
-12
91
-28
-2
55
-79
24
11
37
17
-21
2
-22
25
11
5
32
-47
12
2
-15
43
18
-58
8
12
-25
29
62
-13
-63
43
44
-26
69
-4
-72
52
-8
-1
9
26
-91
-36
52
-49
-36
12
-19
-58
23
-23
-20
34
-36
-28
4
-6
-15
23
-13
-45
3
-26
9
-20
-12
-46
5
-3
-39
48
-28
-46
3
27
-22
53
-35
-3
8
1
-6
-20
36
-48
6
10
-18
1
30
-31
27
-41
9
66
-44
6
21
-18
0
9
18
-38
-7
23
-12
18
15
-31
12
-2
-22
18
-4
4
-25
-2
-24
9
-10
-28
-2
-37
-17
-8
-9
15
-43
-10
-26
-7
-26
5
2
-37
-12
40
-37
-24
47
-18
-30
22
0
-35
44
-23
-30
26
-3
-49
18
43
-44
22
-5
-23
39
-7
-19
28
17
-47
33
20
-21
-7
43
-43
11
53
-36
5
8
19
8
49
8
-38
46
2
50
13
13
32
-2
20
12
60
-7
15
0
-8
51
0
20
9
-8
-18
27
40
-5
12
-16
10
5
35
-15
5
0
-72
64
-11
-16
-5
13
-19
2
45
-30
27
-18
-17
14
22
-18
-20
39
-50
9
-6
-6
-2
-6
5
-33
72
-47
7
32
-42
6
8
38
-46
20
0
-12
14
7
-11
-4
9
-49
68
8
-42
33
-35
-45
51
-3
-11
-3
-13
-46
41
22
-69
43
6
-73
61
32
-78
62
12
-73
45
18
-90
18
35
-103
25
50
-78
18
26
-60
34
95
-79
33
37
-67
40
59
-36
-37
55
-85
40
17
-26
-29
15
-20
-43
68
-30
12
17
-39
-19
80
-56
38
7
-59
30
-16
26
-5
-50
10
-51
57
-17
-19
47
-61
52
-36
30
11
-2
0
4
-4
2
36
-8
-39
54
-30
-12
76
-40
-36
22
39
-26
22
9
-45
25
-16
-6
26
-38
36
-72
94
-14
-13
10
-64
64
-70
66
-35
-14
-42
10
-4
-13
-36
26
16
-41
83
-72
77
-26
-7
21
-6
-8
-27
63
-50
14
-9
0
-20
7
11
-67
65
-14
-93
79
-73
-48
10
61
-89
-37
101
-99
4
52
9
-93
48
-3
-2
31
17
-13
-30
44
-38
87
-12
-18
2
-13
21
38
-53
7
62
-108
13
78
-6
-75
48
31
-57
0
77
-56
30
-28
0
29
14
11
-36
69
-31
15
13
28
11
-27
8
-2
49
-49
40
-4
-26
1
20
67
-80
33
29
-36
52
59
-41
-32
48
8
1
39
11
-40
49
-36
22
29
11
-43
12
22
-11
29
1
13
15
-28
-23
73
-22
-54
81
-24
-91
79
-16
-37
16
-28
-24
9
37
-66
24
15
-67
33
18
-45
-33
46
-69
7
11
-46
19
-25
-21
-35
60
-45
-58
29
-4
-62
25
0
-49
-1
-30
20
-69
56
-73
-6
36
-60
-11
-1
19
-65
51
-67
-10
-18
-11
12
-45
28
-81
45
-44
24
-41
-6
-12
-41
57
-59
95
-76
45
29
-36
42
17
49
-58
38
41
-24
44
27
-32
-9
30
16
0
13
10
-24
22
14
11
-42
56
-19
-11
29
17
11
6
68
-46
17
45
13
20
33
14
-29
47
-16
3
37
-60
10
12
24
-48
51
2
-9
41
-14
34
-4
36
5
22
-1
8
9
-2
-16
20
35
-55
52
-19
-11
49
-25
18
24
-3
-12
42
28
-31
31
53
-45
33
47
-21
7
41
-25
14
65
-20
-26
69
8
-41
84
-26
-24
30
-6
19
13
0
-19
21
-9
-1
44
6
-47
7
64
-55
39
40
-42
9
28
-18
23
22
-52
11
9
-11
-4
28
11
-57
25
-37
48
-4
-54
12
3
-20
-35
55
-38
-39
21
-34
-5
-7
10
-36
-4
3
-66
36
-42
-32
-3
-30
0
-8
24
-11
-10
-30
5
6
21
-27
-14
-16
-23
34
7
-39
-34
-24
23
12
-9
6
-6
-38
38
-14
16
1
-10
-13
10
25
-21
11
24
-63
-17
65
-33
11
0
1
-7
46
-25
34
14
1
2
28
1
4
39
9
-31
1
18
7
-1
19
-24
1
32
-19
42
-41
30
-42
33
50
-41
19
24
-18
-17
32
11
-31
26
4
-18
28
-15
45
28
-33
-31
43
20
-37
75
-21
-33
9
22
5
26
7
-51
39
47
-40
54
42
-29
-63
27
62
-46
31
-30
-15
-19
40
8
-14
-2
-68
25
43
-4
-34
18
-30
-49
56
-11
-8
41
-67
-3
28
13
-39
44
-7
-115
116
-24
-49
24
19
-107
17
62
-103
39
4
-70
-12
68
-69
-24
32
-72
-16
39
-8
-48
27
-9
-49
40
-24
-23
-4
-39
-52
30
1
-34
-25
-8
-23
-13
38
-46
-4
-37
-12
23
14
-50
-13
10
-47
-12
19
17
-47
23
-61
23
15
-6
-41
10
-10
-30
53
18
-28
7
14
-28
45
-18
14
3
27
-48
26
33
-11
15
-21
-25
4
24
14
37
-29
-17
7
42
7
4
37
-52
22
21
-16
50
-26
-34
30
11
6
-13
64
-36
1
24
-1
24
49
9
-19
21
32
41
7
25
-27
25
11
20
25
-3
8
7
6
48
3
8
29
4
8
-19
32
29
-11
-23
13
25
15
1
1
-24
-21
-18
10
-7
-59
13
-55
11
-12
-43
17
-35
10
-45
-13
73
-57
-8
22
-51
6
0
44
-50
-17
-40
-4
-10
27
-33
-30
13
-2
30
-9
65
-28
-13
-14
-20
-6
20
41
-107
39
-6
-35
43
-5
-51
-16
35
1
-9
55
-51
-8
45
-68
45
25
-51
22
30
-47
40
30
-20
-5
37
-76
45
55
-45
-55
58
-35
-47
80
-37
-19
25
11
-22
75
-11
-9
14
-24
19
-3
18
-16
-11
-29
4
44
-55
31
30
-47
-10
85
-20
-15
41
-11
-13
-7
66
-77
43
-30
-47
23
23
-10
-82
65
-3
-63
14
87
-70
5
11
-22
13
25
11
-54
28
-33
-12
92
-23
-49
46
-41
20
30
6
-17
-16
8
25
23
-11
-8
18
1
-20
38
-17
13
5
6
-6
34
-54
42
25
-57
1
14
-10
-14
17
-13
37
-45
22
-4
32
-58
-5
39
-46
-20
-23
12
-60
9
-53
30
-30
-21
15
-1
15
-18
22
-3
42
-37
17
15
-5
-48
48
0
-41
10
3
33
-9
37
-48
71
-23
2
9
2
18
-24
31
-9
28
-21
20
17
14
-11
12
29
-11
18
-9
47
-9
-27
31
16
-20
18
15
-26
43
-1
4
20
19
-59
44
61
-53
22
4
4
-9
45
-25
-11
5
11
-16
41
-10
-45
49
-30
23
11
-48
23
-4
-37
70
-22
-33
75
-27
5
-9
72
-28
-57
89
-122
26
6
-26
-30
19
-83
10
56
-51
-9
-7
2
-88
68
-37
-43
23
-79
-7
39
-21
-69
27
-7
-69
39
41
-39
-17
14
-4
31
-28
1
-8
4
-20
-13
54
-30
-7
-9
-17
-2
-19
-27
33
-31
-31
11
-7
17
-37
31
-19
11
6
21
20
-37
7
-31
15
-12
-4
-26
0
2
1
11
-26
-9
-2
11
-20
29
15
-36
2
5
-37
20
-7
-31
-11
31
-19
-10
81
-59
2
27
-9
-11
37
0
-24
32
-3
-29
35
46
-73
68
11
-28
60
28
-5
-4
39
-28
-6
66
-33
6
41
-31
29
50
-27
18
16
8
-6
22
42
-41
60
-14
-13
62
-22
-8
64
-16
-26
55
6
-7
3
13
-36
16
51
-34
55
-3
-16
9
45
-27
-3
19
-12
-1
13
8
-22
-19
-68
23
-26
-7
-14
13
-15
-21
41
-11
-3
-31
14
-20
-5
-13
0
-2
-37
9
-20
5
-6
-3
6
12
-18
-12
27
-1
-22
-16
15
-44
20
26
-24
1
-21
9
3
9
6
-14
4
-4
15
33
-22
-40
17
-8
2
-2
14
-30
-29
37
-45
27
-26
-43
11
-2
-14
-13
25
-9
-55
63
-6
-47
45
-19
-8
38
-21
-5
18
-31
-18
-2
53
-84
29
61
-74
57
-3
0
30
-12
10
6
46
-20
5
61
-60
-12
49
-27
11
46
-37
32
22
3
-23
54
-15
-50
85
-22
-16
39
-5
-43
49
12
-61
24
11
-14
-12
39
-57
24
43
-82
35
39
-45
-12
67
-18
-41
29
32
-63
36
11
-28
49
-28
-17
24
36
-31
-24
34
-31
-21
42
-16
-24
-9
4
-28
10
13
-58
6
-2
5
-15
41
-22
-17
33
-28
-25
46
35
-90
31
8
-43
-12
54
-25
-68
39
-27
30
28
-2
-40
29
10
-29
54
15
-42
-23
59
-7
-31
38
-16
-22
10
11
29
-14
26
-16
9
49
-29
-2
54
-49
-9
47
14
-10
5
65
-41
10
74
-14
16
19
-8
11
37
5
-21
7
11
-44
14
39
-33
-38
49
-18
-29
19
31
-28
-27
49
-3
-4
22
21
-29
14
12
-21
35
-7
-16
15
3
14
-13
25
24
-51
42
9
3
3
12
39
-31
34
16
13
-9
10
37
9
0
17
23
-21
-21
23
-4
-42
-9
-22
-16
19
-22
-27
4
-4
-50
38
35
-75
-25
51
-44
-48
37
-32
-65
-1
-25
-38
-3
-36
-55
-15
-4
-54
18
1
-59
-10
0
-25
-18
-18
-35
-8
-29
-21
6
-3
-44
2
10
-39
13
19
-9
-11
23
-9
22
16
-13
13
11
-6
4
48
-16
-16
47
-11
-4
57
1
13
5
33
6
29
32
-17
37
20
0
40
34
-5
0
31
41
-3
19
20
24
-8
-9
35
9
-8
-15
14
19
-18
17
16
-26
-7
6
1
-9
-22
-12
-32
-5
-27
-20
-12
-57
-35
-20
-16
-56
-1
-44
-69
6
-29
-29
-23
-21
-77
11
-9
-59
-6
-4
-77
-40
63
-48
-41
34
-11
-43
19
41
-30
37
9
-8
24
62
12
36
30
24
22
63
50
2
61
29
46
28
57
43
32
47
39
57
38
54
30
26
34
34
25
20
16
20
2
8
5
20
12
-19
17
28
1
-28
42
12
-50
-9
31
-41
-24
-18
-31
-29
-21
-60
-30
-15
-54
-86
16
-38
-103
-23
-25
-62
-76
-64
-28
-79
-88
-70
-53
-82
-104
-38
-65
-90
-48
-37
-77
-23
-27
-76
12
-25
-46
0
4
-8
-39
50
18
-12
37
53
18
37
73
73
52
79
118
64
96
128
95
88
138
119
72
139
106
81
97
115
68
93
119
64
64
108
73
24
93
70
25
44
64
30
3
38
17
-11
17
4
3
6
-2
-32
-22
-35
-18
-42
-10
-58
-43
-39
-95
-50
-104
-80
-116
-115
-95
-115
-98
-148
-149
-143
-161
-168
-135
-156
-187
-192
-154
-162
-210
-180
-159
-196
-178
-135
-138
-155
-147
-119
-123
-78
-70
-95
-10
-40
-37
22
50
36
38
102
102
100
154
148
182
172
192
228
207
210
216
225
208
219
236
218
205
210
163
180
165
129
160
144
106
113
131
84
55
83
59
36
50
64
34
10
0
5
0
-34
3
-5
-16
-20
-4
-21
-30
-24
-53
-23
-15
-57
-60
-16
-91
-112
-99
-106
-166
-164
-125
-195
-233
-214
-241
-291
-285
-298
-291
-342
-308
-325
-327
-327
-358
-330
-288
-309
-320
-255
-236
-261
-248
-170
-194
-173
-141
-85
-81
-43
-26
29
56
47
110
176
185
209
260
291
300
332
371
390
419
410
435
485
463
450
471
472
434
436
451
423
379
374
358
326
313
290
261
237
225
192
183
159
127
108
98
88
54
70
37
10
16
15
-3
-10
1
-24
-30
-22
-49
-41
-59
-90
-95
-89
-108
-163
-146
-196
-254
-256
-250
-311
-324
-346
-417
-447
-434
-463
-512
-479
-534
-568
-504
-538
-588
-543
-565
-558
-536
-475
-539
-504
-463
-481
-441
-372
-377
-356
-275
-256
-195
-136
-114
-40
13
95
196
266
361
418
478
528
618
693
725
799
850
813
871
892
847
847
826
773
751
726
662
602
547
436
382
353
260
214
188
68
48
23
-78
-81
-92
-159
-194
-152
-187
-235
-174
-196
-230
-182
-140
-161
-118
-62
-71
-49
1
10
24
55
78
76
66
88
56
40
26
1
-60
-85
-123
-205
-266
-315
-379
-451
-455
-530
-595
-644
-701
-715
-741
-773
-796
-812
-834
-869
-842
-833
-845
-827
-812
-763
-745
-665
-658
-586
-505
-440
-329
-145
-20
-23
175
297
351
524
727
772
832
977
1068
1112
1207
1243
1244
1262
1276
1305
1314
1231
1135
1063
1003
916
875
808
663
518
398
348
233
94
25
-79
-223
-271
-309
-393
-512
-549
-587
-623
-527
-600
-593
-528
-599
-531
-367
-335
-350
-243
-146
-179
-48
104
63
110
199
222
267
344
320
258
291
262
217
253
200
78
-15
-14
-105
-188
-204
-313
-425
-483
-513
-569
-655
-692
-774
-820
-819
-840
-849
-901
-919
-957
-915
-865
-887
-833
-838
-836
-793
-730
-662
-654
-575
-486
-421
-309
-198
-4
33
108
340
423
542
699
841
895
974
1136
1203
1269
1342
1337
1402
1381
1380
1414
1366
1261
1194
1158
1049
941
896
733
596
481
363
286
127
30
-90
-214
-326
-417
-487
-568
-678
-695
-766
-733
-728
-846
-684
-746
-759
-559
-475
-483
-406
-231
-271
-195
85
34
103
259
246
288
425
448
358
437
453
312
405
392
225
153
117
34
-86
-75
-176
-342
-399
-467
-580
-605
-699
-775
-869
-876
-933
-981
-970
-1097
-1070
-1095
-1059
-1030
-1031
-1017
-1024
-1013
-946
-854
-696
-696
-555
-267
-323
-158
121
203
339
571
812
850
986
1204
1228
1378
1482
1525
1658
1628
1664
1716
1672
1579
1510
1503
1361
1266
1220
1046
898
738
630
536
333
215
92
-63
-242
-338
-422
-603
-697
-747
-874
-897
-967
-972
-1026
-915
-919
-1019
-707
-758
-768
-487
-389
-435
-303
-3
-56
-11
345
230
251
463
469
442
557
584
404
495
523
316
354
341
144
31
49
-28
-267
-267
-350
-555
-616
-665
-728
-897
-921
-964
-1101
-1061
-1079
-1155
-1146
-1138
-1141
-1214
-1045
-1082
-1141
-1006
-975
-938
-772
-672
-471
-329
-305
-79
112
317
492
759
932
927
1140
1350
1455
1603
1673
1775
1763
1782
1898
1918
1852
1727
1687
1621
1472
1429
1309
1114
917
760
687
542
329
183
18
-157
-348
-402
-524
-748
-863
-958
-1029
-1073
-1146
-1136
-1126
-1217
-1135
-1005
-977
-910
-775
-665
-604
-447
-293
-238
-64
30
82
266
338
354
480
541
520
559
625
573
522
517
418
344
293
195
106
20
-119
-236
-349
-467
-584
-696
-772
-884
-963
-1032
-1131
-1165
-1268
-1262
-1267
-1327
-1328
-1329
-1311
-1288
-1286
-1190
-1100
-1028
-921
-608
-453
-517
-199
17
162
434
755
878
923
1142
1395
1512
1741
1765
1828
1895
1887
2026
2086
1992
1836
1787
1759
1611
1572
1471
1220
1018
859
798
627
396
239
13
-169
-341
-436
-561
-806
-934
-1001
-1075
-1124
-1206
-1230
-1283
-1287
-1215
-1053
-937
-1088
-879
-768
-724
-486
-257
-215
-238
12
132
144
484
506
432
613
666
636
706
787
586
558
685
469
411
398
184
45
25
-42
-251
-328
-442
-676
-668
-733
-896
-942
-1032
-1184
-1233
-1186
-1283
-1327
-1301
-1377
-1385
-1262
-1256
-1309
-1153
-1133
-1046
-872
-566
-418
-524
-194
-13
199
520
774
905
906
1102
1413
1567
1774
1795
1817
1892
1899
2084
2154
2025
1865
1810
1826
1660
1610
1535
1219
1012
891
828
656
369
197
-5
-197
-355
-446
-595
-887
-1016
-1077
-1167
-1232
-1344
-1408
-1454
-1426
-1382
-1268
-1217
-1280
-1166
-986
-790
-679
-543
-405
-370
-203
20
183
256
270
429
499
570
690
656
611
594
625
661
590
505
310
229
261
146
53
-67
-256
-452
-458
-411
-619
-728
-816
-979
-1045
-959
-1047
-1185
-1181
-1217
-1342
-1190
-1148
-1313
-1249
-1186
-1144
-1004
-820
-767
-534
-495
-426
-87
208
334
550
856
838
935
1340
1513
1605
1780
1792
1854
1901
1986
2082
2047
1928
1846
1866
1743
1576
1525
1361
1139
996
879
728
430
210
107
-99
-298
-441
-598
-834
-1000
-1066
-1146
-1265
-1360
-1444
-1465
-1442
-1450
-1263
-1320
-1345
-1125
-1110
-890
-659
-579
-542
-358
-126
-100
186
416
288
487
660
673
761
834
822
735
846
868
687
714
579
379
422
387
208
51
-33
-234
-357
-312
-462
-664
-763
-884
-992
-1028
-1067
-1224
-1289
-1308
-1406
-1364
-1334
-1369
-1473
-1335
-1211
-1149
-1049
-756
-603
-779
-432
-95
37
263
582
672
676
969
1298
1436
1638
1661
1695
1809
1868
2016
2079
2006
1836
1821
1876
1681
1584
1493
1254
1070
962
895
651
347
210
51
-134
-287
-424
-645
-874
-960
-1052
-1143
-1260
-1398
-1464
-1473
-1397
-1408
-1366
-1291
-1300
-1180
-945
-768
-738
-587
-412
-326
-74
155
213
299
403
547
649
813
837
745
830
845
830
895
794
630
566
534
472
373
259
44
-96
-135
-217
-321
-467
-631
-812
-869
-846
-973
-1095
-1151
-1286
-1307
-1274
-1270
-1314
-1368
-1340
-1364
-1153
-1038
-1062
-770
-623
-761
-436
-122
66
219
518
657
616
944
1224
1371
1576
1564
1654
1749
1816
1983
2033
1979
1803
1774
1810
1659
1607
1501
1277
1104
937
841
665
399
228
75
-85
-285
-432
-606
-834
-944
-1023
-1142
-1256
-1382
-1440
-1468
-1392
-1369
-1467
-1325
-1313
-1238
-1029
-837
-799
-746
-490
-335
-209
54
158
228
349
564
659
719
847
789
855
920
894
886
796
759
680
628
609
432
264
162
59
-19
-135
-235
-427
-609
-707
-739
-830
-929
-992
-1153
-1194
-1232
-1231
-1296
-1258
-1304
-1396
-1349
-1281
-1251
-1082
-977
-807
-639
-692
-507
-182
129
291
535
717
630
882
1282
1444
1615
1660
1652
1703
1808
2003
2067
2005
1849
1768
1783
1684
1619
1517
1339
1142
921
852
665
368
261
102
-87
-290
-498
-650
-851
-974
-1013
-1120
-1283
-1410
-1481
-1457
-1470
-1352
-1324
-1399
-1234
-1246
-1106
-836
-707
-683
-508
-281
-290
-46
287
256
363
562
601
666
808
903
807
852
905
762
804
786
657
567
531
412
220
181
106
-88
-169
-249
-469
-589
-664
-741
-859
-940
-1041
-1186
-1205
-1243
-1305
-1307
-1348
-1379
-1424
-1354
-1250
-1115
-1087
-885
-629
-808
-599
-229
-21
184
431
622
545
749
1157
1312
1530
1606
1566
1676
1745
1917
2012
2033
1876
1736
1801
1692
1594
1549
1386
1198
983
863
689
434
299
138
-6
-247
-473
-599
-797
-949
-1019
-1137
-1303
-1408
-1520
-1436
-1475
-1532
-1388
-1400
-1356
-1234
-1077
-1015
-891
-644
-543
-431
-178
-138
-18
237
388
426
572
669
591
719
889
810
789
835
708
641
675
625
460
384
316
120
63
49
-173
-316
-393
-517
-690
-713
-739
-967
-1022
-1057
-1161
-1244
-1216
-1235
-1342
-1291
-1316
-1329
-1234
-1058
-1087
-841
-586
-784
-569
-185
15
177
463
618
525
797
1196
1306
1510
1550
1537
1655
1764
1955
1977
1951
1820
1720
1815
1709
1613
1524
1320
1160
974
885
704
409
268
136
-56
-261
-433
-617
-809
-921
-988
-1113
-1267
-1359
-1447
-1421
-1402
-1440
-1384
-1319
-1308
-1186
-1017
-933
-828
-641
-448
-346
-144
-28
80
276
423
542
645
734
753
804
901
916
887
878
850
764
735
706
592
498
422
304
183
93
-18
-203
-276
-388
-575
-652
-728
-831
-994
-996
-1112
-1192
-1179
-1228
-1276
-1341
-1292
-1295
-1290
-1151
-1029
-1013
-869
-586
-638
-562
-156
62
169
408
609
557
767
1158
1308
1405
1492
1449
1542
1725
1883
1926
1864
1712
1599
1658
1669
1557
1432
1244
1028
838
745
623
354
176
27
-170
-376
-542
-704
-882
-988
-1057
-1192
-1325
-1446
-1461
-1454
-1449
-1336
-1351
-1400
-1278
-1109
-1008
-831
-614
-623
-509
-204
-91
36
283
385
406
600
757
743
815
933
873
888
976
897
789
783
762
634
586
559
336
195
173
48
-111
-186
-304
-559
-638
-650
-801
-931
-954
-1127
-1263
-1170
-1211
-1300
-1313
-1288
-1380
-1356
-1157
-1117
-1038
-932
-667
-644
-597
-243
-18
133
361
547
577
698
1033
1259
1375
1496
1445
1492
1628
1762
1844
1835
1727
1546
1558
1600
1493
1418
1251
1056
868
717
617
409
215
45
-91
-286
-528
-651
-786
-947
-1003
-1096
-1244
-1372
-1420
-1364
-1391
-1319
-1291
-1300
-1182
-1141
-968
-773
-656
-497
-396
-234
-135
60
299
353
524
618
619
751
846
914
892
931
900
783
870
810
688
693
597
476
391
317
163
19
-17
-155
-319
-412
-533
-700
-752
-784
-937
-1012
-1088
-1179
-1220
-1189
-1246
-1291
-1272
-1309
-1294
-1114
-995
-999
-737
-628
-679
-388
-66
112
233
451
517
555
916
1178
1262
1381
1340
1399
1530
1687
1798
1741
1654
1519
1526
1560
1453
1379
1207
1013
888
728
617
427
217
61
-87
-254
-471
-609
-723
-883
-950
-1059
-1216
-1327
-1301
-1315
-1363
-1250
-1284
-1272
-1153
-1007
-939
-834
-588
-514
-419
-145
-102
1
220
375
471
532
679
650
726
886
865
855
840
780
735
726
716
601
480
419
290
185
139
23
-127
-238
-360
-480
-558
-664
-789
-891
-977
-1027
-1097
-1110
-1219
-1270
-1236
-1253
-1251
-1229
-1158
-1080
-1030
-800
-608
-689
-496
-249
-32
119
348
467
409
697
1006
1124
1311
1297
1274
1398
1535
1697
1689
1666
1488
1416
1546
1464
1365
1262
1069
891
781
725
556
322
174
15
-153
-297
-451
-606
-770
-849
-928
-1049
-1136
-1184
-1234
-1249
-1173
-1179
-1180
-1070
-971
-932
-784
-596
-573
-456
-206
-136
-67
175
270
310
482
608
594
654
802
762
778
849
765
682
673
644
544
487
447
296
182
144
39
-73
-169
-242
-429
-489
-556
-693
-762
-804
-924
-1025
-962
-1058
-1131
-1066
-1098
-1148
-1081
-1056
-1029
-956
-809
-730
-560
-506
-451
-179
61
196
381
494
531
670
993
1191
1233
1276
1268
1348
1467
1598
1647
1515
1413
1386
1401
1393
1320
1181
1009
881
786
673
544
341
135
28
-121
-284
-406
-552
-717
-806
-858
-957
-1059
-1038
-1093
-1177
-1055
-1073
-1077
-948
-871
-875
-747
-529
-510
-408
-179
-171
-115
123
235
269
393
458
421
516
646
622
631
633
538
498
529
500
393
310
240
116
50
6
-75
-216
-339
-373
-508
-573
-644
-761
-845
-907
-910
-981
-1045
-1034
-1117
-1090
-1021
-1080
-1049
-975
-868
-842
-618
-467
-557
-317
-32
89
246
451
500
521
809
1053
1083
1199
1209
1209
1331
1466
1511
1471
1402
1315
1322
1354
1302
1169
1010
904
781
689
633
458
251
98
-11
-149
-319
-422
-533
-688
-752
-812
-944
-1037
-994
-968
-1017
-931
-953
-1053
-877
-676
-651
-536
-404
-477
-412
-68
34
7
184
166
125
334
500
431
433
489
393
417
510
438
315
292
269
155
113
90
-29
-125
-110
-193
-310
-372
-420
-466
-524
-519
-639
-729
-726
-767
-765
-760
-805
-821
-858
-777
-746
-672
-605
-550
-447
-433
-252
-51
84
220
331
437
564
743
960
1065
1099
1122
1181
1277
1352
1425
1404
1305
1250
1241
1221
1190
1128
1005
879
793
671
586
493
370
239
113
-11
-199
-301
-373
-481
-548
-660
-739
-864
-909
-841
-863
-833
-838
-844
-829
-755
-600
-522
-452
-368
-354
-264
-145
-35
37
80
125
106
148
217
227
220
220
189
101
101
101
38
9
-40
-126
-212
-240
-266
-323
-364
-434
-488
-528
-592
-586
-578
-655
-673
-646
-737
-736
-683
-670
-722
-635
-657
-704
-581
-467
-430
-338
-205
-260
-127
109
271
350
476
559
577
766
1007
1055
1104
1114
1113
1170
1276
1342
1274
1199
1132
1050
1061
1040
944
833
713
609
494
445
368
237
129
12
-115
-221
-299
-376
-409
-469
-629
-648
-685
-711
-686
-625
-647
-747
-622
-565
-580
-417
-353
-372
-294
-173
-111
-99
61
78
42
144
142
103
135
194
119
69
90
-36
-95
-45
-81
-192
-233
-299
-409
-395
-364
-445
-483
-530
-608
-590
-550
-556
-589
-579
-635
-653
-560
-552
-550
-487
-507
-515
-445
-353
-280
-210
-82
-33
-49
135
278
406
537
621
660
700
884
1023
1084
1189
1134
1101
1181
1224
1261
1234
1189
1061
999
1012
933
882
804
669
551
461
401
318
230
144
27
-84
-192
-248
-276
-375
-437
-497
-581
-601
-567
-547
-605
-585
-572
-585
-489
-430
-408
-391
-343
-299
-262
-169
-149
-134
-72
-63
-53
-31
-50
-65
-71
-89
-145
-200
-247
-304
-328
-365
-438
-490
-539
-585
-584
-585
-629
-652
-653
-666
-645
-613
-606
-623
-585
-565
-534
-476
-452
-443
-397
-332
-292
-200
-108
-89
34
148
191
325
476
572
615
760
845
877
1053
1141
1150
1179
1197
1218
1241
1299
1275
1183
1118
1039
1005
978
895
787
655
561
463
387
335
196
80
6
-56
-158
-202
-236
-353
-372
-391
-436
-475
-474
-455
-494
-443
-420
-471
-407
-370
-328
-298
-263
-239
-267
-195
-140
-162
-143
-148
-189
-204
-177
-191
-279
-299
-366
-460
-455
-485
-567
-657
-705
-771
-815
-794
-821
-877
-921
-922
-886
-862
-813
-777
-800
-780
-677
-597
-537
-478
-412
-417
-283
-156
-115
-30
42
117
215
389
481
483
606
737
818
943
1025
1039
1035
1143
1247
1248
1245
1198
1130
1122
1156
1147
1035
921
828
743
705
666
556
421
320
242
172
116
61
-47
-106
-114
-183
-212
-231
-252
-258
-229
-212
-262
-242
-224
-207
-123
-99
-129
-131
-111
-94
-46
15
-35
-86
-74
-110
-114
-96
-134
-225
-285
-319
-402
-443
-471
-571
-645
-714
-772
-864
-901
-905
-972
-997
-1025
-1074
-1085
-1040
-971
-980
-949
-879
-914
-788
-657
-602
-549
-478
-394
-338
-175
-41
-33
104
221
315
489
594
667
768
935
1059
1119
1220
1237
1257
1381
1451
1433
1377
1339
1284
1264
1294
1214
1060
942
848
770
722
650
497
359
272
186
119
72
-7
-100
-130
-184
-223
-248
-248
-224
-212
-202
-229
-228
-196
-127
-41
-46
-65
-87
-101
-36
39
45
-25
-72
-119
-153
-93
-103
-205
-285
-368
-449
-495
-497
-588
-706
-779
-877
-971
-993
-1027
-1087
-1147
-1174
-1239
-1266
-1223
-1201
-1175
-1165
-1157
-1148
-1088
-980
-879
-820
-770
-731
-631
-513
-347
-215
-147
-72
44
203
372
569
689
730
859
1020
1152
1278
1389
1405
1396
1503
1567
1558
1565
1506
1424
1376
1361
1285
1165
1076
942
833
757
653
543
436
339
250
172
106
37
6
-40
-102
-104
-133
-163
-152
-138
-188
-197
-140
-168
-176
-115
-133
-176
-106
-68
-118
-104
-59
-135
-132
-65
-127
-207
-201
-254
-362
-362
-394
-538
-609
-644
-765
-850
-869
-948
-1052
-1077
-1116
-1206
-1207
-1190
-1214
-1233
-1194
-1201
-1198
-1107
-1042
-1008
-965
-888
-856
-768
-656
-570
-503
-389
-297
-198
-70
67
194
334
501
607
713
866
1022
1150
1264
1347
1368
1404
1510
1581
1592
1570
1495
1413
1393
1406
1349
1253
1133
1002
913
877
829
726
641
535
454
388
355
307
253
197
134
52
-2
-13
-27
-60
-123
-190
-258
-268
-241
-229
-272
-320
-367
-370
-327
-285
-301
-353
-386
-411
-399
-386
-406
-478
-546
-575
-628
-661
-701
-759
-833
-878
-912
-971
-1008
-1025
-1053
-1065
-1062
-1080
-1102
-1083
-1055
-1046
-988
-972
-945
-911
-834
-792
-724
-630
-568
-484
-381
-281
-186
-46
94
231
341
477
590
742
893
1020
1114
1158
1239
1316
1394
1463
1464
1426
1389
1386
1387
1357
1321
1227
1128
1075
1032
985
921
869
795
705
697
636
568
559
521
439
364
327
228
185
212
117
8
-52
-123
-182
-154
-153
-267
-331
-351
-396
-383
-351
-407
-499
-526
-553
-603
-603
-630
-721
-791
-817
-880
-944
-953
-993
-1049
-1066
-1104
-1160
-1162
-1135
-1124
-1121
-1111
-1135
-1121
-1054
-990
-943
-920
-905
-878
-811
-719
-653
-599
-574
-523
-448
-383
-250
-178
-112
-20
70
172
275
419
505
580
708
783
867
954
1029
1061
1097
1165
1181
1190
1224
1196
1180
1184
1187
1166
1136
1123
1065
1039
1036
1006
961
927
891
836
801
775
710
649
597
541
465
399
341
257
191
142
65
-18
-78
-131
-202
-242
-283
-361
-409
-451
-495
-548
-581
-625
-696
-728
-770
-832
-873
-910
-947
-994
-1010
-1052
-1084
-1081
-1085
-1087
-1085
-1065
-1051
-1035
-974
-946
-931
-867
-829
-775
-729
-665
-637
-592
-504
-455
-398
-339
-284
-239
-151
-69
2
70
159
228
312
404
492
565
650
732
793
846
911
971
1006
1066
1084
1086
1095
1122
1137
1137
1143
1109
1083
1087
1089
1081
1045
1024
973
947
946
917
876
827
775
719
674
637
572
501
430
354
276
199
141
64
-14
-87
-168
-248
-313
-358
-434
-503
-569
-644
-714
-755
-804
-877
-934
-988
-1049
-1080
-1100
-1139
-1168
-1187
-1198
-1215
-1197
-1176
-1172
-1142
-1107
-1096
-1057
-1016
-954
-907
-851
-796
-782
-697
-641
-559
-496
-450
-395
-355
-255
-190
-115
-46
-15
72
128
214
283
338
406
443
528
565
620
676
698
764
788
836
847
866
898
899
935
941
944
946
945
957
931
935
924
904
907
876
856
819
809
789
763
747
688
643
608
577
546
494
435
358
298
246
191
128
51
-28
-108
-174
-243
-302
-377
-447
-511
-586
-652
-713
-759
-809
-857
-898
-962
-983
-1009
-1019
-1026
-1046
-1043
-1070
-1034
-1017
-996
-965
-949
-912
-893
-829
-781
-751
-677
-646
-580
-531
-466
-390
-355
-246
-228
-151
-104
-50
41
68
151
154
194
249
284
362
366
397
402
424
487
509
554
550
560
590
613
676
689
709
726
725
776
788
824
835
832
842
823
838
836
832
824
784
762
718
705
678
648
610
538
501
454
427
391
331
278
205
163
118
65
14
-56
-117
-178
-223
-293
-356
-409
-465
-519
-569
-627
-689
-718
-747
-772
-809
-843
-868
-893
-853
-866
-870
-872
-896
-855
-838
-789
-798
-784
-747
-743
-681
-649
-619
-591
-555
-491
-481
-405
-381
-332
-267
-220
-174
-153
-80
-39
18
89
103
135
168
223
257
306
331
330
366
392
422
446
457
486
482
539
549
557
592
598
642
655
678
668
667
700
716
726
723
694
672
669
673
654
628
586
537
506
476
441
394
346
290
240
199
148
99
61
17
-31
-78
-123
-166
-199
-227
-268
-315
-363
-402
-428
-451
-487
-522
-563
-585
-596
-609
-624
-642
-640
-651
-638
-628
-635
-621
-613
-594
-578
-555
-533
-524
-479
-477
-438
-421
-394
-359
-344
-301
-311
-255
-237
-202
-150
-154
-115
-106
-50
-17
18
72
63
125
145
195
225
245
292
292
361
367
390
416
427
472
478
519
508
520
540
559
593
583
597
572
589
595
589
597
565
567
536
526
508
472
458
418
392
339
300
257
217
185
134
87
25
-16
-54
-86
-121
-166
-201
-241
-257
-285
-311
-334
-363
-376
-393
-403
-431
-443
-455
-464
-463
-473
-475
-479
-471
-468
-465
-450
-447
-424
-410
-393
-387
-371
-350
-317
-284
-285
-273
-267
-239
-208
-172
-163
-172
-156
-141
-101
-70
-50
-51
-42
-7
13
52
79
95
111
147
178
196
236
259
288
318
339
351
366
400
415
434
445
443
445
454
467
459
460
445
436
434
427
414
394
379
363
349
330
301
272
246
227
190
161
125
90
64
26
-6
-54
-79
-106
-138
-162
-211
-240
-265
-270
-280
-303
-324
-355
-351
-348
-339
-347
-359
-363
-367
-351
-348
-350
-344
-340
-330
-327
-328
-334
-324
-301
-288
-286
-285
-292
-275
-246
-222
-208
-212
-206
-203
-175
-148
-140
-125
-122
-103
-98
-78
-59
-46
-16
-9
7
12
30
62
86
129
125
132
152
185
230
251
274
272
289
321
334
355
362
363
367
376
380
374
369
365
358
353
340
324
308
302
299
282
261
236
221
208
196
180
147
123
104
85
66
34
9
-14
-30
-42
-74
-99
-129
-143
-155
-169
-189
-220
-224
-237
-233
-242
-260
-267
-275
-259
-265
-266
-272
-279
-264
-257
-248
-260
-266
-263
-251
-230
-229
-232
-238
-227
-209
-193
-182
-177
-173
-159
-137
-120
-104
-90
-74
-48
-27
-7
8
26
56
83
106
115
120
138
158
188
200
201
204
209
224
242
258
257
259
262
265
275
279
284
287
291
281
275
277
275
277
275
265
241
230
222
222
219
198
169
144
136
123
110
92
59
36
21
10
-6
-26
-53
-76
-86
-100
-121
-139
-156
-172
-184
-197
-213
-232
-239
-249
-256
-260
-274
-278
-278
-275
-277
-280
-278
-275
-265
-253
-241
-235
-229
-216
-198
-180
-166
-154
-143
-126
-106
-94
-74
-58
-42
-25
-9
9
19
38
60
77
94
104
118
134
157
171
182
188
193
203
217
229
227
226
225
222
225
226
216
208
199
192
188
184
173
162
155
147
139
130
124
116
110
105
95
88
75
64
57
50
39
24
12
2
-9
-21
-31
-45
-64
-81
-94
-106
-119
-133
-149
-165
-178
-191
-202
-212
-223
-237
-245
-251
-259
-263
-269
-271
-275
-280
-274
-269
-264
-257
-251
-242
-232
-219
-207
-192
-176
-164
-150
-133
-118
-100
-83
-68
-56
-42
-26
-7
13
30
40
52
69
82
101
117
127
134
142
153
165
178
182
188
189
190
194
201
203
201
197
192
190
185
181
175
169
157
147
140
131
125
121
112
104
100
91
87
82
81
75
67
64
58
53
53
48
43
36
30
23
20
18
12
7
-1
-7
-17
-22
-29
-39
-46
-58
-67
-75
-84
-93
-100
-110
-119
-125
-129
-135
-139
-145
-148
-151
-151
-150
-148
-146
-144
-137
-131
-122
-114
-105
-97
-90
-80
-70
-58
-46
-35
-25
-17
-5
4
13
23
30
34
41
50
57
61
65
66
68
73
75
78
81
84
84
84
87
87
87
89
88
87
83
83
82
83
84
79
76
75
73
69
68
66
63
61
58
53
49
44
38
33
30
24
18
15
10
5
2
-4
-11
-17
-23
-28
-34
-40
-45
-49
-55
-59
-64
-68
-71
-72
-74
-77
-80
-84
-85
-89
-88
-90
-94
-97
-100
-101
-98
-99
-102
-104
-106
-104
-103
-103
-103
-101
-99
-97
-95
-93
-93
-92
-88
-80
-75
-71
-68
-62
-53
-49
-44
-40
-35
-25
-19
-11
-4
1
5
13
21
24
30
36
42
52
61
64
68
75
82
89
94
101
106
114
119
126
131
133
133
135
137
140
140
140
141
139
140
139
133
131
127
123
118
113
105
98
93
86
75
66
56
46
38
31
23
14
6
-1
-9
-15
-21
-28
-33
-40
-43
-47
-51
-57
-57
-59
-63
-67
-71
-74
-76
-76
-78
-80
-81
-83
-85
-86
-88
-92
-94
-95
-96
-98
-98
-100
-102
-101
-101
-101
-102
-103
-100
-97
-93
-90
-87
-82
-77
-73
-66
-62
-56
-49
-42
-32
-24
-17
-8
0
11
21
30
39
51
62
75
86
96
105
114
124
133
141
147
153
160
167
169
171
173
173
173
173
169
169
166
162
157
150
141
132
125
116
106
96
88
77
68
57
48
39
28
21
13
3
-4
-11
-19
-25
-33
-40
-48
-54
-62
-68
-69
-77
-83
-87
-90
-95
-98
-101
-106
-111
-112
-116
-119
-122
-128
-132
-133
-138
-142
-145
-147
-150
-151
-152
-154
-152
-154
-153
-152
-150
-147
-144
-138
-132
-124
-119
-113
-104
-95
-86
-75
-64
-52
-39
-27
-15
-2
11
25
39
51
65
79
91
103
116
125
135
145
152
160
168
173
177
180
183
184
184
185
184
179
176
171
168
163
156
148
139
130
121
114
104
94
84
72
65
55
48
39
27
18
10
3
-6
-13
-23
-30
-36
-43
-51
-58
-65
-71
-78
-84
-90
-96
-101
-105
-109
-113
-119
-123
-126
-129
-130
-136
-140
-142
-144
-145
-145
-145
-145
-146
-143
-140
-137
-130
-128
-123
-116
-111
-104
-96
-86
-77
-66
-55
-46
-34
-24
-13
1
14
28
41
55
69
81
94
108
120
131
143
155
166
173
184
191
198
203
207
210
213
213
213
214
211
207
200
197
190
183
174
165
153
141
130
118
107
94
80
66
51
37
22
8
-7
-20
-34
-50
-64
-78
-92
-104
-118
-130
-142
-153
-165
-174
-183
-193
-200
-209
-216
-221
-224
-228
-231
-232
-235
-236
-235
-235
-234
-231
-228
-224
-218
-213
-207
-201
-193
-184
-175
-166
-156
-144
-131
-119
-106
-93
-81
-69
-56
-41
-28
-12
1
16
30
44
58
70
84
97
110
122
134
145
156
166
175
183
190
196
202
208
213
217
219
220
220
221
218
217
215
209
204
200
192
185
176
167
157
145
135
123
112
99
87
73
58
44
31
17
4
-11
-24
-38
-52
-64
-76
-87
-98
-110
-122
-129
-140
-148
-155
-161
-166
-171
-175
-179
-182
-182
-185
-185
-184
-182
-180
-175
-170
-167
-161
-155
-148
-140
-130
-121
-111
-101
-93
-81
-70
-58
-47
-36
-23
-11
2
14
26
39
51
63
74
85
95
107
119
128
139
147
158
165
172
181
188
193
199
203
208
210
211
211
211
212
209
206
202
198
194
186
180
171
163
154
146
137
127
117
105
92
79
66
52
39
26
11
-3
-16
-31
-44
-58
-71
-83
-96
-108
-119
-132
-143
-153
-161
-170
-180
-188
-195
-200
-205
-208
-211
-215
-216
-217
-217
-215
-215
-214
-208
-204
-199
-191
-184
-178
-169
-161
-152
-142
-129
-119
-106
-93
-82
-69
-56
-44
-32
-17
-3
9
23
35
48
60
72
83
94
105
115
125
135
144
155
163
168
175
181
185
189
193
195
197
198
199
197
197
196
193
188
184
177
173
167
160
153
144
135
125
116
106
96
85
74
63
51
40
28
15
1
-11
-24
-36
-51
-63
-76
-89
-101
-112
-122
-133
-143
-153
-163
-173
-180
-188
-193
-199
-203
-210
-212
-214
-217
-217
-217
-214
-214
-211
-207
-205
-199
-192
-186
-177
-168
-158
-148
-137
-125
-113
-98
-85
-71
-56
-40
-25
-8
7
22
37
52
65
79
93
106
118
129
138
150
159
167
173
182
186
189
194
196
196
197
196
194
190
186
182
175
170
163
155
145
136
125
117
106
94
83
71
61
50
40
28
16
5
-7
-17
-26
-38
-47
-57
-67
-76
-84
-92
-99
-107
-113
-121
-127
-132
-138
-142
-147
-152
-155
-158
-161
-163
-164
-166
-165
-165
-166
-166
-163
-160
-157
-153
-149
-146
-140
-134
-128
-120
-112
-104
-96
-86
-74
-64
-52
-41
-28
-16
-4
11
25
38
53
67
80
94
110
122
133
146
157
169
179
187
196
203
209
214
217
220
221
221
221
218
213
209
202
195
186
177
164
153
141
128
113
99
85
69
54
38
23
8
-6
-20
-35
-48
-62
-74
-86
-98
-108
-118
-126
-134
-138
-145
-150
-154
-158
-160
-163
-165
-166
-164
-164
-164
-162
-161
-159
-156
-154
-152
-149
-145
-141
-137
-134
-130
-127
-122
-118
-112
-105
-101
-96
-89
-82
-75
-68
-61
-51
-41
-33
-22
-12
-1
10
23
36
47
61
75
88
102
115
127
140
153
165
175
187
195
204
213
220
227
231
233
235
236
234
232
227
223
216
206
197
186
173
159
146
131
116
98
82
66
47
30
15
-1
-19
-34
-49
-63
-76
-89
-101
-111
-121
-130
-137
-145
-149
-154
-158
-161
-162
-163
-163
-161
-160
-159
-156
-152
-149
-144
-141
-136
-131
-126
-121
-117
-113
-107
-103
-99
-93
-89
-85
-79
-76
-69
-65
-60
-55
-48
-43
-37
-32
-23
-16
-8
1
9
18
27
38
48
59
71
82
93
104
116
127
139
149
157
167
175
182
189
195
199
203
205
206
205
203
200
193
186
178
169
159
148
135
122
108
93
77
61
43
25
8
-9
-27
-42
-59
-76
-90
-104
-117
-130
-139
-151
-161
-168
-176
-182
-184
-187
-188
-186
-186
-184
-181
-177
-171
-166
-159
-152
-146
-139
-130
-122
-114
-107
-98
-90
-81
-73
-66
-57
-50
-43
-36
-29
-24
-15
-10
-2
5
11
18
24
30
35
43
49
56
63
70
77
85
93
100
109
117
125
134
143
152
160
168
175
181
187
193
197
202
205
206
205
205
204
201
198
193
187
177
167
157
145
133
120
104
89
73
56
38
22
4
-16
-33
-51
-66
-84
-100
-117
-130
-145
-159
-172
-183
-193
-200
-209
-216
-220
-225
-227
-227
-227
-227
-225
-221
-217
-210
-205
-199
-191
-183
-176
-166
-157
-148
-137
-126
-116
-106
-94
-83
-73
-62
-53
-42
-33
-22
-13
-3
7
16
25
35
44
51
61
69
77
86
93
102
111
119
127
134
141
146
155
160
167
173
177
181
184
187
189
188
190
189
187
185
181
177
172
166
160
152
142
133
123
112
101
88
74
61
47
32
18
5
-10
-26
-40
-53
-67
-81
-95
-107
-118
-129
-138
-150
-158
-165
-171
-177
-181
-186
-188
-190
-190
-190
-189
-186
-185
-181
-177
-173
-168
-162
-155
-148
-139
-130
-120
-110
-101
-90
-80
-70
-58
-48
-38
-27
-15
-4
6
16
28
39
48
58
67
78
86
93
102
110
118
124
131
137
143
147
152
154
156
158
157
158
159
157
155
153
148
143
140
134
127
121
115
105
97
88
78
69
59
48
37
26
16
5
-5
-16
-27
-39
-48
-58
-68
-76
-86
-95
-101
-110
-118
-125
-132
-139
-143
-147
-151
-155
-157
-160
-160
-161
-162
-162
-160
-160
-158
-155
-153
-150
-147
-143
-137
-132
-127
-120
-113
-105
-98
-89
-81
-73
-64
-55
-45
-35
-24
-15
-5
5
15
27
36
46
55
66
76
86
96
104
112
119
126
133
139
145
150
154
157
159
160
161
161
160
158
155
152
148
144
140
135
129
122
116
108
101
92
84
75
68
58
48
40
31
22
14
5
-4
-11
-19
-27
-34
-41
-49
-55
-61
-68
-73
-77
-82
-88
-91
-95
-98
-102
-103
-106
-108
-109
-111
-111
-109
-110
-110
-109
-106
-106
-104
-101
-97
-94
-90
-87
-82
-76
-73
-67
-59
-55
-48
-41
-33
-27
-18
-10
-2
7
15
23
33
40
47
57
66
72
81
89
96
103
108
115
120
126
131
134
138
138
141
143
142
142
140
139
136
131
127
123
118
110
104
96
88
80
70
62
53
42
33
24
12
3
-7
-18
-28
-38
-48
-57
-65
-75
-82
-89
-96
-103
-109
-115
-119
-122
-128
-130
-133
-135
-137
-138
-139
-139
-138
-137
-134
-131
-128
-125
-120
-118
-114
-109
-104
-98
-92
-86
-79
-74
-67
-61
-53
-47
-38
-30
-23
-13
-6
1
9
17
24
32
39
47
54
62
68
75
81
86
93
98
103
107
112
116
118
123
124
126
129
129
130
128
128
126
124
122
119
114
110
104
97
93
86
80
72
66
58
50
42
34
24
16
8
0
-10
-18
-26
-34
-41
-48
-55
-61
-70
-76
-81
-86
-91
-97
-101
-103
-105
-107
-108
-110
-110
-110
-111
-109
-107
-106
-104
-101
-99
-95
-91
-88
-82
-77
-73
-67
-60
-54
-47
-41
-35
-28
-21
-15
-8
-1
5
13
20
26
33
40
46
52
59
65
71
75
81
86
92
96
99
103
106
109
111
111
113
114
114
114
113
113
111
110
108
105
104
99
95
91
86
82
77
72
66
61
53
46
40
33
26
18
11
4
-3
-9
-16
-22
-30
-35
-42
-49
-54
-60
-65
-71
-75
-80
-84
-89
-92
-94
-97
-99
-101
-103
-104
-105
-105
-105
-103
-102
-100
-99
-98
-95
-90
-87
-84
-80
-74
-70
-63
-59
-55
-48
-42
-37
-31
-24
-18
-10
-3
2
9
14
21
28
33
40
46
51
57
61
65
69
72
76
79
81
85
88
89
90
91
92
92
93
93
92
89
88
86
83
80
76
72
68
64
59
53
49
44
37
32
26
19
13
7
0
-6
-11
-18
-24
-31
-38
-44
-50
-54
-60
-66
-72
-75
-79
-82
-87
-91
-95
-97
-99
-101
-99
-101
-101
-102
-101
-101
-99
-97
-95
-93
-89
-87
-83
-79
-75
-71
-66
-61
-57
-50
-44
-39
-33
-26
-21
-16
-9
-3
2
8
14
20
26
32
37
42
48
52
57
60
66
69
72
76
79
83
85
87
89
91
93
92
92
93
92
91
90
88
87
84
82
81
76
72
69
66
62
57
52
47
42
37
32
27
21
15
8
2
-4
-10
-15
-21
-26
-31
-37
-43
-48
-53
-56
-61
-65
-68
-71
-74
-78
-79
-83
-83
-84
-85
-86
-85
-86
-86
-84
-82
-81
-79
-78
-74
-72
-68
-63
-60
-55
-52
-47
-42
-36
-32
-27
-21
-16
-11
-8
-1
4
9
14
19
24
29
33
36
40
43
46
50
53
57
59
60
60
63
65
64
65
65
63
64
64
63
61
60
57
56
53
52
49
46
42
38
35
31
26
22
18
15
10
5
1
-2
-8
-12
-16
-22
-26
-30
-34
-39
-43
-46
-49
-53
-57
-59
-62
-62
-64
-65
-67
-67
-68
-67
-66
-66
-65
-64
-63
-61
-59
-58
-54
-52
-48
-44
-41
-37
-32
-30
-26
-21
-17
-13
-8
-2
3
6
11
16
21
24
27
33
36
41
44
47
50
53
56
61
63
67
69
70
72
74
75
76
76
75
76
74
75
75
73
72
71
68
66
64
62
61
57
54
51
47
43
39
36
30
26
21
17
12
9
4
-1
-4
-8
-12
-16
-20
-25
-28
-30
-34
-38
-41
-44
-46
-47
-49
-52
-53
-55
-56
-56
-57
-59
-58
-59
-59
-58
-57
-57
-55
-53
-52
-51
-49
-46
-44
-43
-40
-38
-35
-32
-30
-27
-25
-21
-19
-16
-13
-9
-7
-5
-1
1
3
7
9
12
15
17
20
22
23
25
28
29
31
32
33
34
37
37
39
39
40
40
41
41
42
43
43
42
43
42
40
41
39
37
36
33
33
31
29
27
25
23
21
18
16
15
12
9
6
3
1
-1
-5
-7
-10
-12
-15
-17
-19
-21
-24
-26
-28
-30
-33
-33
-36
-36
-37
-36
-36
-37
-37
-36
-36
-35
-35
-33
-33
-33
-32
-31
-31
-30
-29
-28
-25
-24
-23
-22
-19
-17
-16
-11
-11
-9
-6
-6
-5
-3
-1
1
3
6
7
9
11
13
15
17
18
20
22
24
26
25
27
29
30
31
31
33
34
35
35
35
35
35
35
35
35
35
34
33
32
31
29
27
25
24
22
20
17
16
13
9
7
7
3
3
1
-2
-5
-5
-8
-10
-10
-13
-14
-16
-17
-19
-21
-22
-24
-25
-26
-27
-27
-28
-27
-27
-28
-27
-27
-27
-26
-24
-24
-24
-23
-22
-23
-21
-20
-19
-18
-16
-15
-15
-13
-11
-10
-8
-7
-6
-4
-2
-3
-1
-2
1
1
3
4
5
6
8
10
12
13
14
16
17
17
19
19
19
19
20
21
21
21
22
22
21
22
21
21
20
20
19
17
17
16
16
14
15
12
12
10
8
8
5
3
1
1
-2
-3
-4
-8
-8
-11
-12
-14
-13
-15
-16
-17
-19
-19
-21
-20
-23
-23
-23
-24
-24
-24
-25
-24
-24
-25
-25
-25
-24
-23
-22
-23
-22
-21
-20
-18
-16
-16
-15
-14
-12
-11
-10
-9
-8
-8
-6
-4
-3
-3
-2
-1
1
1
1
4
5
6
6
8
8
9
9
10
10
12
12
13
15
16
16
17
17
19
19
19
19
20
20
21
19
20
19
19
19
18
18
17
17
17
17
17
15
14
13
11
12
10
10
9
8
7
5
5
4
4
2
1
-1
-2
-3
-2
-3
-5
-6
-7
-8
-9
-10
-10
-10
-11
-11
-12
-12
-12
-12
-13
-12
-13
-13
-13
-14
-13
-14
-14
-14
-13
-14
-12
-12
-13
-12
-11
-12
-10
-10
-9
-9
-8
-6
-6
-5
-4
-3
-3
-2
-2
0
0
0
1
1
1
4
3
4
6
6
7
9
10
11
11
11
11
13
13
12
13
14
14
14
14
14
13
13
14
13
13
12
10
11
9
9
8
8
7
7
7
7
5
5
4
2
3
1
1
1
0
-1
-1
-1
-2
-3
-3
-3
-4
-4
-4
-6
-5
-5
-6
-6
-7
-6
-6
-6
-7
-8
-9
-9
-9
-9
-9
-10
-11
-10
-10
-11
-9
-9
-9
-9
-9
-9
-7
-9
-7
-8
-7
-6
-6
-4
-5
-3
-3
-1
0
0
0
0
2
2
2
3
2
3
4
4
6
6
7
7
7
8
8
8
9
9
7
9
9
9
8
8
9
8
7
7
7
7
7
7
6
6
6
7
7
6
6
5
5
4
3
4
4
3
2
1
2
1
1
1
0
-1
0
0
-1
-1
-2
-1
-2
-2
-3
-2
-2
-1
-2
-2
-3
-3
-3
-3
-3
-3
-3
-3
-3
-3
-4
-5
-4
-5
-5
-5
-6
-6
-6
-6
-6
-5
-6
-6
-7
-6
-7
-5
-5
-4
-4
-4
-3
-4
-4
-3
-4
-4
-3
-3
-3
-3
-2
-2
-1
0
0
1
1
2
1
1
1
3
2
2
2
1
3
2
2
2
2
2
1
2
2
2
2
2
2
1
1
2
1
1
0
0
1
1
1
1
2
2
0
0
-1
-2
-1
0
-1
-1
0
0
-3
-2
-1
-1
-2
-1
-2
-2
-3
-3
-3
-4
-4
-4
-4
-4
-3
-5
-3
-2
-2
-2
-2
-2
-2
-1
-1
-1
-1
-1
0
1
2
1
1
0
1
1
2
2
1
2
2
1
2
0
1
1
2
2
2
3
3
2
2
4
2
3
3
5
4
5
4
4
4
5
4
5
5
4
3
3
4
3
4
3
4
4
4
4
4
4
3
3
3
2
2
2
1
0
0
-1
-2
-2
-3
-3
-3
-4
-4
-3
-4
-5
-5
-6
-7
-6
-6
-6
-7
-7
-6
-7
-6
-8
-7
-7
-7
-6
-7
-8
-6
-5
-6
-5
-4
-5
-4
-3
-3
-2
-2
-2
-1
-2
-1
-1
-1
1
1
1
1
3
4
4
4
5
4
3
5
4
5
6
6
7
7
8
8
8
7
9
8
8
8
8
9
9
8
8
6
6
6
5
4
3
4
4
3
3
3
3
1
3
2
1
1
0
-1
-1
0
-2
-2
-3
-3
-4
-4
-4
-4
-4
-3
-5
-4
-4
-4
-4
-5
-5
-5
-5
-5
-5
-7
-5
-7
-6
-5
-6
-5
-6
-6
-7
-6
-6
-6
-5
-4
-5
-3
-2
-3
-3
-2
-2
-2
-2
-1
-1
0
0
0
2
1
1
2
2
4
4
4
4
4
4
5
3
2
3
4
4
4
4
5
5
6
5
6
5
6
6
6
5
4
4
3
3
2
2
2
2
1
1
1
0
0
0
-1
-2
0
-1
-1
-1
-1
-2
-2
-2
-3
-3
-3
-5
-5
-5
-5
-5
-5
-5
-5
-5
-5
-5
-4
-4
-3
-3
-3
-3
-3
-4
-3
-3
-2
-1
-3
-2
-1
-2
-1
-1
0
-1
0
1
1
2
2
1
3
3
2
3
2
3
2
3
3
4
4
3
3
4
3
5
5
4
5
5
5
4
5
5
6
5
5
6
6
5
5
5
4
4
3
4
3
3
2
3
1
1
0
1
0
-2
-2
-2
-2
-3
-3
-4
-4
-5
-5
-5
-5
-5
-6
-5
-6
-6
-6
-6
-5
-7
-6
-6
-7
-7
-7
-5
-7
-6
-5
-6
-4
-4
-4
-3
-3
-2
-2
-2
0
-1
-1
-1
0
1
1
2
2
2
1
1
3
2
4
3
3
3
3
4
4
5
5
6
6
6
7
6
7
8
7
6
6
5
5
4
4
4
4
4
3
3
3
3
4
3
4
4
3
3
3
2
2
2
0
0
0
1
-1
-1
-1
-2
-2
-2
-1
-1
-2
-2
-3
-4
-2
-3
-4
-3
-3
-4
-5
-3
-4
-5
-5
-6
-6
-5
-4
-5
-5
-5
-5
-5
-5
-4
-5
-4
-4
-5
-5
-3
-3
-3
-2
-2
-2
0
0
0
1
0
3
2
2
3
3
2
2
2
2
2
2
2
4
4
4
3
4
4
4
4
3
2
3
2
2
3
3
2
1
2
2
1
1
3
2
2
2
2
1
0
0
0
-1
-2
-2
-1
-2
-2
-2
-3
-2
-3
-2
-4
-3
-3
-3
-2
-2
-4
-4
-4
-4
-3
-3
-4
-4
-4
-4
-4
-5
-3
-5
-4
-3
-3
-4
-4
-4
-3
-4
-3
-4
-5
-5
-4
-4
-4
-4
-1
-2
-2
-1
-1
1
1
1
1
0
1
2
2
2
4
4
5
5
6
4
6
5
5
5
6
7
7
8
6
6
6
5
6
4
5
4
3
4
5
5
4
5
5
3
4
3
1
4
1
1
1
2
2
1
1
1
1
0
0
0
-1
-1
-2
-2
-1
-2
-2
-3
-4
-3
-4
-2
-2
-3
-3
-4
-3
-4
-4
-4
-4
-4
-4
-4
-3
-2
-4
-3
-4
-2
-2
-2
-1
-2
-3
-2
-2
-2
-2
-1
-1
0
-1
1
1
0
2
1
1
1
2
3
3
3
2
2
2
2
2
1
3
2
3
3
1
1
1
1
1
1
2
0
1
1
1
0
0
0
-1
0
0
-1
-1
0
-1
-1
-1
-2
-1
-1
-1
-2
-1
-2
-1
-3
-3
-3
-2
-2
-3
-3
-3
-3
-3
-5
-4
-4
-5
-5
-5
-4
-5
-5
-4
-5
-5
-5
-4
-2
-3
-2
-2
-3
-2
-3
-1
-2
-2
-3
-3
-1
-1
-1
0
-1
0
0
3
3
2
4
4
4
4
4
4
4
5
5
4
5
5
4
6
7
7
7
6
6
7
5
5
6
6
5
4
3
3
2
2
3
3
4
4
4
6
5
4
6
3
2
4
3
2
3
3
3
2
3
3
3
2
2
3
2
2
0
2
1
0
0
-1
0
0
0
0
0
1
-1
0
-3
-2
-1
-3
-3
-3
-3
-2
-3
-2
-2
-2
-1
-1
0
0
-1
-1
-1
-1
-3
-2
-1
-2
-2
-1
-2
-1
-1
0
-1
0
1
0
1
-1
0
-1
-1
1
1
1
2
2
1
0
1
1
1
2
1
1
1
0
0
0
1
1
1
0
1
1
1
1
1
1
1
0
1
0
-1
0
-1
-1
-1
-1
-2
-2
-1
-1
-2
-1
-2
0
-1
-3
-3
-3
-4
-4
-4
-3
-3
-2
-2
-2
-2
-2
-3
-1
-3
-3
-3
-3
-3
-3
-3
-3
-2
-2
-2
-2
-2
-2
-1
0
-1
-1
-1
-1
-1
-1
0
0
0
1
2
2
1
0
0
1
1
1
2
1
3
1
1
2
2
3
3
3
4
3
2
3
3
3
3
3
3
4
3
3
5
4
3
4
4
4
3
3
2
3
3
3
3
2
1
1
1
2
0
1
1
2
1
1
1
0
0
0
-1
0
0
-2
-2
-1
-2
-2
-2
-2
-2
-2
-2
-2
-2
-4
-4
-3
-3
-5
-4
-5
-6
-4
-4
-4
-4
-5
-4
-3
-3
-3
-3
-2
-2
-1
-3
-3
-1
0
1
1
2
1
0
1
2
2
2
3
4
5
4
4
5
4
3
3
3
3
3
3
3
3
2
2
2
3
3
3
2
1
0
-1
-1
-2
-1
-1
-1
-2
0
-1
-1
0
0
0
0
0
-1
-2
-2
-2
-3
-1
-2
-3
-3
-4
-4
-3
-3
-2
-3
-3
-3
-4
-3
-4
-6
-5
-4
-5
-4
-4
-4
-3
-4
-4
-3
-4
-3
-3
-2
-1
-1
-1
-1
-1
0
0
0
2
3
3
2
2
2
3
3
3
4
3
3
4
3
5
4
4
5
5
6
5
6
6
5
6
5
4
5
3
2
2
2
1
3
2
1
2
2
2
3
2
1
2
1
2
0
1
0
1
1
0
-1
0
0
-1
-1
-1
-1
-1
-2
-1
-1
-1
-1
-1
-2
-3
-2
-4
-4
-4
-4
-3
-3
-4
-4
-3
-4
-4
-3
-3
-4
-3
-3
-3
-3
-3
-4
-2
-2
-3
-2
-1
-1
-1
-1
-2
-2
-2
-1
0
1
0
1
2
1
1
2
2
1
0
0
-1
-1
-1
0
-1
0
1
1
1
2
2
2
2
1
0
0
0
0
1
1
1
0
0
0
0
0
-1
0
-1
-2
-1
-2
-2
-3
-1
-1
-1
-1
-1
-2
-1
-1
-2
-2
-3
-4
-3
-2
-1
-2
-1
-2
-2
-3
-2
-2
0
0
0
1
2
0
1
0
1
1
1
1
-1
-1
0
-1
1
0
0
1
2
4
3
3
3
4
3
1
1
1
2
1
1
1
1
1
1
1
2
1
2
3
3
3
4
2
2
2
0
1
1
0
0
0
-2
-2
-2
-2
-4
-3
-1
-2
-1
-1
-2
-1
0
-1
0
-1
0
-2
-2
-2
-3
-2
-2
-2
-3
-4
-3
-4
-3
-3
-2
-1
-1
1
1
0
3
1
1
0
0
0
-2
-3
-4
-5
-4
-5
-5
-5
-4
-2
-1
0
-2
0
1
0
1
2
2
1
1
0
0
-1
0
0
0
0
0
0
-1
-1
0
0
2
3
5
6
6
5
3
3
3
2
2
3
1
1
1
-1
0
-1
-1
0
1
1
0
2
1
2
3
4
3
4
4
3
2
1
1
1
-1
-1
1
1
0
1
1
1
2
0
1
2
3
2
0
-3
-3
-4
-5
-5
-5
-4
-4
-5
-3
-4
-3
-2
0
1
1
0
0
-1
0
-1
-3
-2
-5
-5
-4
-5
-7
-8
-8
-9
-8
-5
-3
1
3
4
6
7
8
7
7
8
6
5
3
0
-3
-7
-8
-10
-10
-10
-9
-8
-6
-4
-2
0
4
6
8
10
10
9
9
7
7
5
2
2
-1
-2
-5
-5
-6
-6
-4
-1
2
2
3
5
6
8
8
9
10
10
10
8
6
3
1
1
0
-1
-2
-2
-2
0
0
1
2
3
3
4
4
4
2
1
-1
-3
-4
-4
-6
-5
-5
-5
-3
0
2
3
6
6
7
8
6
6
5
2
0
-3
-6
-9
-12
-12
-12
-10
-8
-3
1
5
9
12
13
13
15
12
12
9
6
2
-3
-5
-10
-14
-16
-16
-15
-14
-11
-6
-2
3
6
9
12
14
15
17
16
15
12
8
2
-3
-8
-11
-13
-14
-13
-13
-11
-10
-6
-4
-1
3
8
11
14
15
13
13
11
7
3
0
-4
-8
-11
-13
-13
-12
-12
-10
-7
-2
-1
1
2
4
4
4
4
3
1
-2
-5
-8
-10
-11
-10
-9
-6
-1
1
4
6
7
9
11
11
8
6
4
0
-3
-6
-7
-9
-8
-7
-7
-3
0
4
7
