42
41
42
17
2
-10
-10
-17
-13
-24
-42
-64
-75
-73
-44
-31
-54
-71
-71
-46
-30
-17
-23
-25
-17
-7
6
24
36
34
33
30
40
55
56
49
47
39
32
30
20
9
18
5
-5
-2
-9
-10
-23
-41
-46
-26
-23
-32
-56
-59
-44
-28
-14
-28
-18
-11
11
25
27
29
27
48
70
81
84
86
81
76
62
57
63
52
46
31
10
-4
-3
-9
-29
-43
-58
-69
-76
-77
-76
-89
-90
-91
-92
-70
-71
-74
-68
-54
-28
-9
-3
8
10
28
50
46
50
61
66
59
64
57
52
54
35
12
14
16
9
-6
-31
-51
-60
-44
-61
-80
-76
-70
-65
-57
-54
-70
-54
-50
-41
-18
-5
2
5
25
34
65
80
72
68
74
77
92
102
85
71
59
60
43
47
45
17
0
-1
-24
-41
-27
-52
-73
-82
-72
-60
-44
-44
-55
-65
-50
-17
-12
-2
-5
-8
8
39
46
48
45
49
52
51
61
67
56
41
39
33
40
24
10
0
-18
-34
-39
-41
-54
-58
-77
-86
-75
-62
-64
-79
-74
-62
-46
-28
-27
-33
-20
0
16
37
46
51
49
51
67
83
85
75
74
70
78
82
75
58
33
17
8
11
3
-5
-30
-50
-54
-43
-32
-41
-41
-55
-44
-36
-36
-37
-36
-11
-5
2
13
13
13
31
46
47
51
52
42
41
46
46
49
40
28
17
4
-2
-13
-29
-36
-48
-57
-58
-52
-56
-59
-59
-60
-60
-50
-42
-38
-30
-33
-13
-11
3
24
22
34
47
55
62
64
63
64
57
65
63
48
43
20
9
9
-2
-9
-19
-46
-57
-55
-61
-51
-60
-76
-77
-71
-45
-43
-55
-39
-36
-35
-5
4
8
26
37
49
60
68
62
62
66
71
66
67
58
45
43
37
25
22
12
-16
-23
-33
-46
-53
-65
-74
-79
-80
-89
-89
-81
-85
-79
-74
-73
-64
-58
-42
-24
-18
-5
16
30
48
63
60
64
72
77
89
81
78
75
62
71
64
34
17
16
15
10
0
-16
-42
-54
-53
-53
-60
-67
-89
-90
-74
-56
-52
-61
-50
-40
-29
-5
12
12
15
38
51
63
71
76
78
78
81
86
90
76
65
56
45
43
31
1
-21
-33
-43
-48
-52
-65
-78
-89
-100
-95
-84
-84
-91
-101
-89
-80
-76
-55
-43
-32
-21
-2
15
26
32
40
56
63
84
91
79
74
65
64
65
70
62
44
31
14
1
-1
-7
-32
-52
-61
-61
-60
-61
-64
-67
-78
-71
-54
-38
-31
-29
-20
-13
13
25
28
34
45
71
82
76
79
79
75
89
93
90
83
61
54
42
33
32
10
-12
-14
-31
-36
-33
-56
-72
-74
-79
-77
-62
-65
-71
-73
-68
-57
-40
-19
-8
-20
-10
4
10
38
42
35
38
38
47
64
67
64
58
47
49
44
37
29
20
12
7
-7
-21
-21
-35
-34
-44
-48
-38
-49
-51
-44
-39
-31
-13
-13
-21
-19
-12
2
17
39
35
32
43
50
44
56
59
48
46
49
50
38
33
21
6
4
1
-10
-16
-25
-32
-41
-36
-46
-55
-45
-51
-42
-28
-33
-36
-24
-17
-11
9
-1
-1
15
11
15
41
44
42
34
39
45
39
35
28
27
18
19
1
-6
-10
-25
-34
-40
-44
-49
-56
-59
-49
-62
-46
-19
-28
-27
-21
-12
-3
5
4
14
27
30
40
48
61
60
55
59
70
70
62
63
43
40
44
30
22
21
5
-10
-5
-12
-14
-27
-45
-36
-37
-34
-38
-60
-60
-49
-62
-42
-25
-45
-35
-23
-19
-5
9
6
-1
0
1
13
19
36
30
12
17
10
11
16
2
-17
-20
-20
-19
-21
-22
-30
-45
-45
-48
-44
-50
-68
-67
-52
-35
-33
-21
-22
-30
-23
-12
10
17
17
6
11
30
46
47
33
33
13
19
29
36
26
24
10
-1
13
13
10
-12
-7
-3
-14
-16
-18
-19
-16
-11
-6
2
-3
0
-1
8
28
36
48
40
40
42
44
55
63
52
33
35
41
48
42
31
12
6
7
3
-20
-23
-29
-54
-54
-48
-43
-49
-66
-72
-64
-50
-37
-34
-27
-30
-23
-3
6
14
21
27
46
64
70
78
71
67
66
72
76
73
66
56
45
36
48
37
14
5
-12
-13
-9
-21
-38
-48
-61
-71
-68
-70
-78
-79
-77
-64
-52
-35
-33
-24
-17
-15
6
21
32
29
37
44
53
67
68
63
63
59
52
58
50
46
31
15
13
5
-5
-23
-43
-49
-58
-57
-66
-76
-81
-86
-88
-78
-63
-71
-69
-69
-50
-44
-22
-2
1
5
7
32
41
44
45
53
44
46
71
75
59
43
29
21
24
23
9
-9
-24
-31
-40
-41
-42
-56
-62
-69
-59
-57
-51
-43
-49
-51
-30
-8
-2
14
24
24
25
42
53
70
67
66
74
77
83
82
62
50
46
35
32
20
6
-10
-31
-38
-38
-55
-70
-72
-82
-77
-70
-82
-86
-86
-75
-59
-41
-38
-31
-17
-5
6
15
32
35
52
67
76
80
74
71
67
64
66
67
54
44
22
7
2
-6
-7
-19
-33
-59
-58
-56
-58
-60
-77
-63
-60
-58
-40
-48
-42
-25
-19
2
6
20
25
33
54
55
79
79
73
77
70
77
63
57
47
30
22
21
20
7
-10
-24
-32
-36
-39
-42
-55
-70
-69
-72
-63
-53
-45
-51
-54
-47
-38
-25
-19
-2
3
7
17
33
39
51
50
47
47
56
71
55
44
42
35
19
9
-12
-16
-22
-28
-31
-41
-57
-67
-60
-61
-54
-51
-48
-59
-52
-41
-37
-22
-13
-8
5
26
36
52
64
59
60
65
73
82
84
82
72
55
57
51
35
32
22
14
9
3
-11
-25
-37
-53
-56
-61
-54
-52
-51
-51
-55
-48
-40
-33
-23
-19
-27
-8
3
12
21
22
25
32
36
40
38
26
46
39
39
40
32
27
19
4
-6
-10
-26
-27
-40
-48
-46
-41
-44
-48
-44
-48
-41
-40
-34
-23
-19
-11
-11
4
16
16
29
47
56
61
64
57
63
58
58
65
50
50
44
31
27
28
17
14
4
-4
-21
-41
-32
-32
-38
-49
-32
-35
-30
-26
-39
-38
-30
-16
-15
-15
-9
-1
9
21
12
9
15
13
15
24
8
-5
-5
2
1
-4
4
-17
-15
-32
-24
-39
-45
-45
-58
-57
-60
-46
-36
-24
-44
-33
-34
-15
-6
-6
-2
1
19
21
31
25
37
41
44
54
59
62
59
53
44
51
43
30
31
12
10
8
2
-3
-14
-9
-22
-29
-28
-34
-31
-28
-19
-26
-30
-23
-12
-6
-22
-17
-20
4
9
14
18
-13
3
7
25
16
21
13
-12
15
13
17
3
-1
-5
-15
-19
-20
-24
-22
-22
-27
-30
-28
-30
-33
-37
-38
-31
-44
-33
-35
-28
-25
-24
-17
-17
-7
15
14
10
34
12
31
35
25
48
21
9
26
6
17
25
19
10
-7
4
-5
11
-13
5
-25
-25
-7
-20
8
-26
13
-9
-2
-13
5
15
-4
36
2
36
34
42
35
29
37
33
50
32
32
21
28
20
8
29
12
5
1
-5
-14
-13
-10
-41
-29
-34
-27
-25
-22
-16
-34
-39
-45
-12
-13
12
5
-9
17
14
16
2
17
15
47
58
47
45
40
55
22
17
43
22
32
23
-1
-11
-3
16
-10
-6
-29
-21
-24
-31
-28
-29
-14
-33
-10
-34
-34
-14
-33
-14
-5
1
-5
11
9
13
40
23
47
35
27
39
35
63
37
19
38
19
10
7
-4
-6
-18
-2
-30
-31
-27
-35
-28
-51
-36
-32
-50
-65
-60
-71
-48
-33
-17
-21
-48
-31
-24
26
19
21
25
19
30
27
39
31
14
9
27
17
13
23
1
1
0
17
1
4
9
-23
-15
-8
10
-6
-8
-27
-24
-22
-22
-5
-27
-12
-30
-17
32
20
33
22
-10
17
28
29
27
29
11
36
35
15
42
9
4
-13
1
25
8
8
1
-14
-8
31
13
-15
-12
-17
5
10
8
7
-17
-7
-3
21
4
-10
-10
-7
-20
-24
10
-5
-22
-22
2
-36
-7
12
-43
-30
-29
11
-23
-22
-4
-14
29
-8
10
6
-5
25
-1
0
29
7
32
2
-28
1
43
23
5
21
1
2
-23
50
-6
-12
19
-21
5
-14
-1
-21
-21
-21
-14
-20
-7
-8
-27
-22
-22
11
9
-9
-16
-12
26
7
41
5
25
34
-10
38
8
50
21
20
0
35
30
-15
-3
-11
-6
10
5
-15
-24
-48
-24
-86
-28
-64
-73
-51
-90
-67
-41
-26
-56
-33
-52
-7
6
3
-22
-3
27
15
50
40
45
37
54
52
36
64
55
23
44
40
39
45
13
28
-4
-5
-4
-3
6
-40
-50
-49
-31
-35
-41
-39
-50
-36
-21
-27
-7
-30
-51
-37
-23
-18
-15
-25
10
-20
5
18
9
35
28
7
1
34
12
65
-2
28
11
23
39
13
9
-27
13
-38
38
-13
-39
-29
-39
-23
-29
-27
-61
7
-28
-9
-11
-9
13
-22
33
27
30
38
33
30
41
42
68
84
108
98
70
86
53
98
79
42
68
59
7
59
13
15
33
-24
8
-37
-4
-65
-68
-41
-21
-20
-51
-40
-60
-14
-13
-15
-4
-7
11
3
45
58
58
63
60
55
38
93
64
60
51
52
27
13
57
4
11
-5
-34
-7
-5
-51
-65
-72
-82
-44
-36
-42
-97
-123
-79
-79
-52
-71
-77
-103
-76
-25
-35
-28
-60
-36
-43
-25
-21
-28
0
-9
33
26
41
13
13
54
28
49
49
58
9
3
25
46
30
7
14
-49
-21
-26
-77
-66
-72
-66
-86
-112
-86
-41
-60
-82
-45
-36
-25
-13
9
36
-14
16
24
19
47
41
68
51
94
73
66
71
65
58
61
48
25
21
-43
-49
-53
-1
-32
-55
-31
-58
-41
-32
-41
-65
-102
-110
-94
-68
-74
-48
-44
-43
-33
-26
29
26
12
57
49
15
61
79
68
39
62
68
59
88
68
35
48
55
37
29
43
-11
-27
6
4
-34
-51
-34
-63
-9
-39
-48
-35
-53
-61
-73
-41
-54
35
13
18
8
21
52
19
73
35
55
14
88
80
87
88
45
97
45
123
82
44
33
7
24
26
57
4
11
-31
-49
-18
-67
-38
-68
-78
-91
-69
-84
-86
-67
-114
-48
-19
3
-22
-54
-36
-32
8
-16
-4
10
15
41
6
86
47
80
58
48
43
41
118
31
63
13
16
-3
-11
-4
-10
-44
-32
-3
-27
-34
-84
-22
-37
-27
-49
-33
-36
-72
-9
18
9
-19
5
9
-11
6
26
7
7
46
27
19
34
44
75
6
9
17
43
40
32
39
24
16
-10
23
20
-16
-23
-9
-33
-45
-52
-83
-113
-79
-48
-42
-74
-67
-119
-93
-47
-53
-29
-73
-16
-52
-13
-24
-16
11
-12
18
12
80
3
42
38
-1
12
13
63
10
21
31
12
16
5
3
10
38
-4
65
45
-20
-34
-12
47
5
15
-2
-52
-37
29
19
44
41
23
9
10
41
30
63
13
13
22
61
53
62
85
40
43
-9
52
19
37
13
9
6
-60
-3
-54
-12
-58
-15
-18
-14
-36
-93
-44
-73
-16
-30
-7
-27
-56
-27
-30
-1
-5
32
15
-21
39
29
41
18
72
26
40
112
42
83
43
28
22
96
41
10
14
-3
9
11
-3
-18
30
-9
-25
-68
5
-68
-14
-30
-9
7
-62
-22
-66
4
-3
46
57
82
9
30
22
35
66
39
82
10
22
0
35
14
1
23
3
-23
-33
-25
-75
-65
-57
-25
-65
-77
-89
-125
-50
-59
-41
-57
-63
-58
-57
-38
-25
-5
2
-24
-17
1
28
67
50
51
41
37
63
76
22
68
-5
-44
-10
-14
21
-41
-26
-61
-52
-44
-45
-37
-71
-96
-90
-11
-85
-43
-39
-33
-36
-56
19
-9
36
-1
21
33
73
38
62
88
53
96
84
101
56
148
83
117
134
120
97
14
45
-13
51
-4
-1
-1
-40
-18
-25
12
1
-14
-26
-16
-36
-46
-73
-53
-24
-67
-29
-43
-17
-51
-58
-3
17
33
1
32
6
22
44
77
84
68
45
35
58
56
49
49
14
-17
15
-4
10
0
2
-21
-26
-12
-9
-4
-28
-41
-61
-37
-36
-12
15
-6
-10
33
32
30
-7
1
-4
0
60
22
14
-13
-1
38
25
49
40
20
52
53
27
-8
-22
-19
-31
-67
-55
-47
-59
-8
-39
-59
-28
-25
-20
-44
-44
-98
-61
-26
-66
-57
-91
-60
-66
-31
24
5
-5
-8
-9
13
80
47
-35
-7
-8
22
30
-10
-18
-7
34
-51
-10
-19
-24
-11
-20
25
-22
16
-57
-42
-17
-55
-41
-62
-33
-85
-72
-39
-22
-40
-48
-1
-25
-14
-56
-62
-38
-45
8
29
51
24
39
57
13
82
73
77
71
36
17
23
98
45
40
53
35
34
47
34
17
28
-30
-16
-37
-47
-22
-22
-15
-13
-8
-35
-41
-46
-32
-35
-11
3
38
35
-19
43
66
67
22
42
7
11
27
4
69
29
-8
-1
33
-6
-2
15
7
-17
-19
21
-9
-30
0
4
-32
-10
-10
-25
-6
-43
-70
2
-55
-20
49
-5
10
45
52
24
14
0
-22
35
34
-7
33
16
0
-11
33
-17
-13
-14
-37
-36
-28
21
35
2
-33
15
-45
-43
-75
-38
-31
-54
-23
-54
-33
-63
-77
-14
-6
-1
-4
-29
-71
-42
14
-53
5
-50
-40
-6
9
9
9
39
-4
30
-1
30
12
15
6
9
61
-61
16
59
-21
-14
-26
29
-5
48
-19
14
87
-22
7
-38
62
2
36
24
49
86
-27
58
40
139
48
78
32
18
10
8
79
-40
38
-62
74
15
47
106
-15
28
20
17
-21
86
-18
17
19
29
-19
12
9
-103
-4
-75
-16
-11
42
-25
1
53
-17
13
1
-2
-79
-31
-20
11
-4
-22
26
-39
-4
23
6
-39
20
-21
-59
14
-106
-30
1
-32
-44
3
44
-68
52
13
-3
61
44
29
19
35
-27
60
-1
27
-1
27
21
-11
90
12
84
9
12
-26
17
7
-34
47
-51
-31
-10
-15
-33
-12
-42
-8
100
25
-1
45
24
-67
-27
17
-81
33
-36
-55
1
-14
-49
-6
49
-57
11
-12
-8
10
49
-47
74
53
-108
47
-59
-37
18
11
-3
42
13
-52
19
12
-80
10
5
-34
29
6
0
-71
58
-9
10
23
14
3
-21
12
-39
62
-11
22
4
10
51
-61
52
32
9
35
50
71
66
80
-20
26
-27
24
-1
-2
19
-79
-41
-71
-18
-89
-16
-26
-79
-14
-38
-64
-60
-29
-193
-112
-96
-75
-63
-104
-43
-68
-10
-69
77
-57
-41
68
-43
-30
-5
18
-32
40
-90
-47
9
-126
-63
64
-39
-73
45
-75
-79
29
33
18
-2
4
64
27
-30
78
105
0
13
30
-8
-3
75
100
53
71
2
30
99
101
71
74
3
29
32
-29
63
-5
81
13
38
87
33
11
61
61
-58
-23
8
-37
-59
12
-58
-39
23
-19
-43
-23
-23
-77
-56
-54
-24
-19
15
55
38
26
37
60
27
15
44
58
42
-11
36
90
12
18
42
27
-8
2
23
-10
-31
-2
5
16
-33
42
17
-73
43
-4
-20
26
7
14
1
52
32
43
61
-56
83
26
46
19
102
40
21
151
-28
137
-5
70
65
7
49
-1
24
-123
44
-56
-49
-38
-40
-43
-91
5
-49
-7
-79
2
-44
-96
-87
-26
-57
-67
69
-86
3
26
-11
-20
13
-39
-52
49
-71
-16
38
-54
-17
36
-48
-62
31
-50
-68
29
-92
-17
-24
-64
4
-37
-16
-56
-21
-113
-12
0
-38
-74
-4
18
-84
127
-73
112
-17
-18
92
-30
77
-4
111
-83
107
78
-18
99
-29
54
-46
46
37
-59
50
-55
-9
2
1
-33
-66
39
-91
40
-44
-21
6
-73
32
-44
70
-15
7
43
-55
21
8
41
-32
50
-15
-5
60
-51
60
-22
32
2
44
-1
-49
79
-120
-2
-19
12
20
-58
54
-35
1
-11
35
-6
-38
15
-15
28
-33
29
44
-14
36
65
66
13
44
73
58
-22
51
94
-30
20
54
77
37
26
55
3
11
60
11
42
50
-46
49
29
-63
-11
-17
-36
-7
40
-53
12
-23
-72
-14
-41
-38
33
1
-32
6
8
-17
18
41
-79
40
85
-75
49
55
-89
49
58
3
40
34
2
15
7
-8
-14
12
-61
-43
53
-62
-17
15
-84
-64
-45
-41
-32
-42
-89
45
-30
-76
83
-63
-30
-45
31
32
-45
-17
0
83
-74
22
101
-30
46
-21
107
-13
-31
137
-96
63
-67
-20
-1
-35
42
-39
-36
-43
-1
-46
68
-41
9
38
-154
48
-41
0
-5
-5
53
-13
38
-5
-62
-10
-12
-50
76
-37
-22
41
-32
-2
17
12
9
44
15
-15
46
-39
-2
29
-61
34
13
-13
40
-23
-60
32
-36
-68
6
11
-50
22
2
-32
-2
-27
-18
-28
25
-33
57
10
-57
62
-15
14
-17
67
-57
59
-10
-50
89
-101
44
22
7
-49
54
-46
-45
40
-41
50
-3
45
-33
64
-8
-30
123
-77
48
71
-9
43
45
31
15
49
-14
39
30
-10
55
13
63
1
19
32
-52
36
-8
-19
34
-13
-49
24
-58
-6
67
-98
51
-8
-92
82
-10
-61
123
-69
1
124
-84
60
33
-30
45
32
-9
12
8
30
-15
-48
54
-80
8
38
-96
-29
5
-86
-40
32
-121
15
-67
-74
11
-101
8
-66
-53
-3
-17
-6
8
-49
-43
69
-48
27
22
-43
-8
-44
6
-40
-30
-16
28
-1
3
62
-23
23
14
23
10
3
28
-18
-7
-3
-53
4
4
-40
38
4
-71
-19
12
-102
6
13
-43
40
-4
-4
-8
20
-28
42
-27
0
20
-15
67
-31
111
5
9
43
-2
-16
-13
0
-43
-39
-26
-8
-27
4
-37
-15
-42
24
-25
-23
7
-71
-30
-12
10
-35
18
-28
-19
6
6
14
28
32
25
22
-2
49
-73
70
41
-43
104
18
44
70
-6
28
63
-30
23
60
-54
51
47
-77
65
-26
-72
110
-102
18
71
-91
104
-94
-12
54
-108
18
22
-71
50
23
-63
49
32
-58
97
38
-36
45
-16
65
-76
72
68
-23
81
42
-13
123
142
-251
251
-85
-325
218
-114
-116
56
47
-98
66
25
-81
37
-18
-95
-38
54
-172
-16
89
-145
25
119
-54
41
107
-52
6
89
-57
87
53
-107
146
-36
-42
33
-10
-7
-72
24
-58
-43
-41
-19
-91
-17
-20
-128
62
-99
-28
15
-50
15
-77
9
-51
-14
5
-22
13
-25
16
-73
75
16
-34
116
-2
32
73
64
-37
82
-13
-18
80
-79
86
-30
-2
26
-28
28
-5
-14
-26
-14
-28
-1
-21
-13
-40
-36
-12
-10
-16
48
24
10
20
8
22
-7
28
-3
43
-18
17
27
-9
54
30
44
50
33
13
77
-63
68
38
-48
94
-21
26
57
-28
14
38
-74
-4
-11
-18
-9
-16
3
-8
-2
4
55
-14
-10
-14
42
-8
6
59
-2
40
16
67
-42
41
7
-99
114
-45
10
86
-10
37
51
5
-16
42
-57
21
-47
-42
37
-53
38
-10
-22
3
-40
-48
-43
-53
-44
24
-66
56
-8
-44
67
-67
-6
13
-32
-34
37
-95
55
17
-60
108
-72
60
-7
-15
39
-42
22
7
26
0
42
-26
10
-67
-35
20
-120
16
-32
-18
7
-16
-24
23
-35
-72
36
-67
-48
9
-14
-38
28
-5
7
37
-11
69
-9
19
4
5
46
-41
27
15
0
-25
29
17
-42
64
-13
19
22
-40
16
9
-62
-12
34
-72
24
0
-17
-17
-1
-31
-27
30
-21
2
2
8
-16
31
-28
57
-9
-3
58
-38
29
42
8
10
81
-63
92
-2
-42
46
-62
-27
-27
10
-3
-26
48
63
-108
66
17
-138
144
-54
-71
246
-145
-8
151
-183
-6
53
-24
79
68
108
110
42
136
-5
13
83
-73
0
37
-38
18
75
23
120
108
92
58
41
-15
-48
-2
-44
-17
-3
50
-30
39
37
-41
38
-10
-8
-3
27
-3
13
7
-27
7
-1
-18
-19
10
-32
-15
0
-23
-6
3
-10
-19
-20
-41
-2
-57
-35
45
-50
-6
-23
-30
-49
-51
-22
-39
-29
-40
-10
-63
24
-60
-46
28
-96
-3
-53
-9
-41
-38
27
-45
57
21
-4
39
7
-41
32
0
-18
61
-16
42
12
0
2
-19
-17
-16
-27
-31
-20
-71
13
-68
-34
8
-37
2
-36
-25
-32
4
-24
18
24
-8
11
21
17
-27
27
-10
1
0
21
40
11
35
-9
29
-6
6
34
-5
-9
-13
40
-39
12
31
-2
-10
-2
37
-67
34
-11
-38
39
-24
-8
-12
-22
-42
-17
9
-32
-17
52
-36
9
77
-36
56
44
-14
39
40
-11
52
11
-12
76
-34
37
15
-1
33
6
36
10
-6
7
-19
-31
-23
-26
27
-44
-13
10
-50
-29
-12
-35
-53
25
-29
11
5
-32
34
-4
-1
36
25
-4
13
23
28
26
28
39
11
-29
9
-33
-33
11
-55
11
-23
-38
26
-30
29
22
-2
29
-14
21
-2
-26
4
-17
-10
19
14
17
23
-18
2
3
-5
8
5
-15
6
17
-2
7
37
19
29
61
26
43
26
-17
44
43
8
73
26
27
31
-7
14
-20
-13
-17
-33
-33
-12
-41
-10
-5
-30
35
1
-15
1
-20
-43
-6
-24
-25
-27
-19
-15
-39
32
-13
11
29
2
30
2
-26
-15
-26
-46
-4
-14
-17
-17
-13
-13
7
12
9
9
-11
-9
-27
9
0
-36
20
-22
-19
5
-28
16
3
-4
-11
15
12
-10
31
19
-6
13
-4
-1
-6
-15
12
-8
13
-10
4
-24
-18
6
-20
16
-6
18
-12
18
12
-21
6
-16
0
6
23
-10
25
19
19
17
-11
57
-46
-19
15
-63
-45
-16
-41
-29
63
-21
36
81
-38
-22
23
-21
-50
23
-37
-32
14
-19
14
39
35
29
43
14
14
11
-10
-6
12
-8
-8
34
-4
19
47
-5
31
55
7
39
41
-17
36
-3
-19
10
-32
-27
-37
-12
-14
-5
-2
2
9
14
25
14
3
-23
-13
-28
-30
9
-23
-18
3
-14
5
1
20
6
15
-8
-7
26
-33
-12
9
-5
4
39
4
-28
0
-35
-13
7
-11
-5
-13
-24
-13
-3
-9
-35
-14
-20
-24
15
-7
1
3
-6
-2
9
-2
4
11
-1
12
14
-1
-11
-1
-38
-9
2
-9
8
-4
-1
5
25
22
23
2
-14
-39
-32
-31
-28
-9
-27
-37
-18
-22
-41
-30
-41
-14
-32
-27
9
-16
-14
4
-11
-14
0
-9
4
6
-2
30
34
16
18
8
-6
28
18
10
17
-8
-1
2
16
26
11
-12
-4
6
-11
-16
-18
-23
-42
-15
14
-3
11
12
-16
-2
17
31
51
10
12
38
34
68
60
22
33
10
3
53
29
14
18
-7
4
19
20
-6
-2
1
-10
31
28
-23
-19
-18
-35
13
25
-17
-22
-14
-32
-22
-8
-38
-25
-10
0
17
17
26
5
-2
21
17
25
42
6
2
4
-2
14
26
23
-6
25
23
-2
19
5
-37
-33
-1
-34
12
12
-48
-35
-12
-19
-5
-1
-42
-16
0
-10
11
19
13
5
18
14
36
33
-5
28
7
21
25
4
9
-15
-4
1
13
2
-24
1
-2
-12
-15
-21
-18
-31
-20
-32
-9
4
-21
-1
-12
-22
-10
8
13
1
9
10
-12
6
18
-18
0
5
12
9
27
-20
-41
21
-49
-5
10
-45
-17
-16
-13
-17
-11
-31
-45
-8
-7
-20
0
-23
-43
-23
-9
8
34
50
35
20
22
15
28
31
27
16
2
19
13
20
14
-1
-14
5
-8
-22
-1
-24
-27
-15
-7
-14
-7
-10
-26
-4
7
9
23
8
9
32
26
30
33
5
5
15
-6
17
24
1
4
2
3
13
6
1
5
-2
-10
6
0
-13
-19
-14
-6
-1
0
-11
-19
-30
-28
-28
-14
-7
-11
-8
-22
-7
20
1
12
12
-4
21
32
26
32
34
26
41
19
12
21
-8
-1
15
3
6
-5
-20
-5
0
-6
1
-4
-21
-13
0
-1
4
4
-7
-9
-6
3
7
2
-4
-6
-2
-6
-2
21
-1
-20
-3
-11
-1
-2
-2
-12
-26
-9
3
10
3
0
-14
-28
-9
-7
-12
-9
-19
-18
-16
-9
-9
-24
-24
-13
-12
-16
-8
-13
-24
-21
-10
-10
7
5
8
14
11
35
27
13
1
-7
-4
3
1
0
2
2
-3
-4
-4
2
7
-2
15
22
20
24
26
19
6
19
32
11
3
11
5
0
13
-2
-19
0
-13
-8
7
3
-8
-8
-4
-9
-5
-9
-22
-9
1
-9
-2
-4
-21
-21
-12
-20
-7
14
-6
-29
-16
-15
-26
-6
-18
-24
-5
-4
-5
20
23
3
7
-2
-3
10
22
12
-2
7
-2
-4
20
0
-4
5
-9
0
13
6
-2
-1
11
5
9
20
-6
-7
8
1
12
10
1
-4
-2
9
19
28
16
8
12
5
3
10
10
4
4
23
18
12
7
2
7
9
16
18
13
-1
-6
0
-10
-5
-4
-14
-4
-14
-19
-7
-9
-12
-28
-23
-5
-12
-7
-7
-16
-17
-10
2
2
9
7
0
-3
2
14
1
3
1
-16
-4
-3
-3
1
-17
-13
-11
-13
-10
-13
-4
-5
-2
2
2
-6
-7
10
2
2
7
-5
0
-1
6
14
7
-2
-8
-6
-3
4
9
8
0
17
23
6
9
18
14
-10
-6
-4
-8
-4
-13
-17
-24
-17
2
-6
-9
-15
-20
-9
-6
-6
-10
-15
-12
1
-3
2
12
0
2
-3
-6
-4
-3
3
4
4
7
0
-5
-15
-13
-6
-9
-1
6
-1
-4
-2
3
5
-2
-5
0
-2
5
22
24
11
6
14
16
17
22
19
15
18
25
17
16
10
8
14
13
20
23
25
10
9
11
-12
-5
-7
-14
4
-9
-7
-3
-7
-2
-21
-11
-2
-7
5
-2
-2
1
2
-11
-3
-2
-9
5
3
4
3
1
1
-14
-15
-4
-3
0
1
-5
-11
-12
-17
-23
-24
-15
-9
-2
-1
2
-9
-15
-19
-21
-4
-9
-11
-1
-5
4
2
1
3
-14
-6
-2
1
9
20
21
8
9
10
7
16
26
26
25
18
22
4
-4
0
-14
-11
-10
-9
3
-8
-11
-12
-6
7
7
9
3
2
5
5
-7
-14
-14
-19
-6
5
-3
0
9
10
12
-2
-10
-5
0
1
14
15
2
5
-3
-11
-10
-11
-6
-3
-2
-8
-13
-9
-24
-32
-26
-15
-13
-9
-1
-4
-9
-10
-10
-11
-7
7
19
12
19
29
29
24
15
22
23
30
48
39
25
19
4
6
9
5
3
5
4
2
0
-16
-19
-10
-10
-6
-5
1
-5
-13
-9
-16
-16
-13
-16
0
3
7
19
30
39
16
3
2
-2
15
15
18
10
5
12
-3
-3
-3
-12
-20
-20
-15
-11
-21
-26
-30
-28
-27
-23
-17
-26
-19
-7
5
7
7
12
22
24
24
35
41
34
31
26
27
35
32
30
23
9
16
26
14
6
7
-6
-5
-9
-18
-11
-18
-16
-18
-20
-15
-23
-25
-7
-19
-13
-1
-7
-12
-19
-6
-20
-1
5
-8
3
-9
-6
12
15
17
10
10
14
7
10
-3
-5
-6
-9
4
2
-14
-16
-27
-27
-22
-19
-21
-34
-26
-26
-30
-20
-3
8
-12
-8
-1
1
8
6
5
-6
0
19
18
19
11
3
16
18
24
10
-1
6
6
14
2
-10
-4
-12
-10
-11
-15
-10
-8
-3
-5
-14
-21
-23
-17
-17
-14
-9
-10
2
7
-2
-10
-5
2
4
3
-1
-2
2
-1
1
1
-13
-13
-1
6
3
2
2
-5
-4
-6
-7
-8
-7
6
2
3
-7
-2
-2
-11
-7
-6
2
8
4
1
-2
-7
9
21
10
2
2
-9
-3
8
10
16
14
9
6
13
18
10
-2
5
5
-1
-3
-3
0
-3
5
3
-9
-9
-5
0
3
5
7
0
-5
-13
-12
-4
0
8
3
-7
-10
-1
5
4
7
6
7
11
5
-2
-4
-6
0
4
10
12
6
8
-3
-8
-3
-9
-14
-9
-7
-1
-4
-2
3
4
-1
-5
-3
6
6
5
7
0
-1
4
10
10
12
0
-3
12
17
15
9
0
-4
5
10
11
5
0
-3
-5
-3
-1
-4
-10
-9
-1
0
0
-4
-13
-17
-15
-4
2
0
-3
-9
-10
-8
-2
-10
-13
-11
-3
0
-1
-4
-9
-16
-13
0
-1
-1
-9
-3
5
8
6
-2
-11
-17
-15
-16
-24
-19
-15
-5
4
0
-3
-15
-13
-6
-2
-1
-2
-1
11
17
19
9
18
20
17
22
16
19
22
26
22
15
4
7
18
24
25
13
4
1
5
9
9
5
-6
-6
1
4
0
-10
-19
-16
0
4
0
-9
-19
-18
0
16
15
0
-6
1
14
21
14
-7
-14
-1
25
32
13
4
6
15
17
5
-2
4
13
19
14
1
1
13
5
1
-15
-24
-6
10
9
-6
-19
-11
6
13
16
-7
-12
6
11
12
2
-6
-10
7
19
14
11
6
8
7
15
14
9
2
-7
1
8
6
-4
-23
-27
-28
-19
-6
-18
-27
-25
-13
1
1
-11
-27
-20
5
15
15
-1
-19
-17
0
13
5
-9
-14
-6
2
5
-5
-14
-8
-4
-10
-17
-27
-16
-8
-20
-23
-32
-18
-3
3
-12
-31
-26
-6
9
5
-3
-18
-16
3
16
12
-5
-6
2
13
21
20
8
-5
-13
-8
6
6
5
-3
-11
2
23
30
11
-8
-12
0
16
2
-13
-23
-18
1
2
-7
-21
-12
8
20
11
-8
-11
-2
13
16
6
-1
7
14
18
9
-5
-5
2
18
13
5
-1
-3
12
13
8
-4
-15
-1
9
5
-2
-1
-1
6
13
8
2
-1
0
9
19
17
8
5
5
5
9
15
18
23
26
35
46
34
20
8
12
23
32
37
34
24
20
14
16
12
-2
-2
-6
9
20
11
2
-13
-9
5
12
7
-1
5
9
9
2
-12
-4
25
25
12
-6
4
33
16
-21
-47
-40
-11
2
-13
-44
-47
-40
-22
-6
-39
-55
-42
-29
-21
-22
-21
1
16
-9
-28
-20
14
34
26
19
26
26
28
28
21
20
32
56
35
-3
-32
-36
10
14
-10
-33
-37
-14
-8
11
-3
0
-22
-50
-29
-24
-2
-19
-30
-32
-43
-43
-17
-10
-32
-53
-55
-35
-54
-28
0
-3
-16
-42
-39
14
54
38
-3
-50
-27
13
-38
-95
-101
-104
-92
-82
-74
-102
-128
-113
-83
-22
-35
-84
-94
-75
-40
0
-3
-31
-28
-14
1
61
71
17
37
84
71
11
-47
-18
49
41
6
-35
-61
-34
-6
15
3
-12
-23
-36
-87
-102
-110
-63
28
57
5
-60
-73
69
566
760
648
165
-55
739
1521
1655
868
177
691
1596
1916
1195
96
-93
571
1070
826
-210
-964
-737
-285
-263
-999
-1604
-1494
-1136
-1108
-1584
-2011
-1908
-1579
-1462
-1568
-1784
-1562
-1136
-1111
-1181
-1257
-989
-373
-316
-427
-459
-128
371
309
220
401
769
1001
854
818
1134
1249
1177
1014
963
1098
1048
886
746
667
692
591
409
328
203
227
186
-21
-91
-155
-175
-270
-445
-353
-324
-288
-394
-464
-277
-327
-340
-177
-78
70
61
50
266
367
583
565
586
656
643
811
882
868
837
773
703
654
657
626
414
349
145
-60
-94
-296
-503
-696
-949
-1109
-1135
-1159
-1343
-1482
-1591
-1839
-1735
-1703
-1787
-1719
-1900
-2052
-1890
-1882
-1844
-1623
-1724
-1534
-1360
-1268
-1027
-928
-570
-6
564
901
1037
1305
1607
2084
2517
2720
2905
2952
2939
3051
3173
3265
3477
3431
3242
2978
2658
2419
2194
2005
1667
1324
935
547
374
153
-52
-248
-631
-808
-1027
-1252
-1261
-1380
-1466
-1485
-1602
-1568
-1480
-1309
-1082
-924
-769
-784
-569
-289
-64
161
245
397
569
605
636
703
753
691
455
145
-110
-263
-464
-634
-896
-1153
-1438
-1799
-2009
-2250
-2456
-2754
-3171
-3443
-3679
-3790
-3843
-3947
-3978
-3892
-3008
-2539
-2078
-1504
-1436
-392
287
720
1336
1750
2250
2711
3053
3365
3991
4636
4752
4855
4723
4527
4760
4640
4304
4187
3734
3220
2894
2185
1953
1664
1215
662
-50
-726
-1292
-1624
-2205
-2518
-2757
-3214
-3421
-3572
-3523
-3256
-3234
-3031
-2711
-2401
-2184
-1864
-1497
-910
-260
118
522
937
1287
1816
2296
2455
2563
2605
2626
2712
2601
2297
2146
1849
1494
1145
822
495
177
-470
-1092
-1542
-2078
-2317
-3091
-3625
-4005
-4517
-4753
-5084
-5204
-5336
-5256
-5205
-4508
-3701
-3377
-2574
-2310
-1509
-447
105
990
1681
2232
2764
3215
3792
4335
5119
5386
5624
5807
5571
5671
5624
5452
5192
4833
4217
3848
3217
2651
2292
1796
1301
514
-268
-1066
-1618
-2220
-2877
-3195
-3735
-4137
-4424
-4667
-4490
-4281
-4147
-3998
-3546
-3163
-2671
-2048
-1648
-926
-373
92
777
1324
1867
2467
2950
3298
3635
3743
3941
4091
4045
3848
3584
3211
2732
2326
1750
1325
857
196
-510
-1290
-2015
-2596
-3070
-3623
-4308
-4809
-5458
-5932
-6155
-6448
-6426
-6593
-6477
-6536
-5713
-4729
-4369
-3133
-2791
-1771
-448
97
1218
2122
2896
3558
4054
4642
5146
6063
6452
6761
7018
6681
6847
6853
6507
6133
5642
4893
4461
3637
2919
2343
1649
1000
58
-851
-1847
-2445
-3205
-3929
-4268
-4962
-5430
-5770
-6106
-5771
-5442
-5158
-4674
-4207
-3817
-3171
-2553
-1893
-1034
-293
290
1020
1673
2222
3064
3538
4044
4584
4634
4909
5059
4897
4789
4415
3938
3371
2865
2180
1725
1083
215
-342
-1190
-2093
-2863
-3607
-4480
-4935
-5804
-6570
-6956
-7573
-7650
-7722
-7752
-7594
-6706
-5975
-5455
-4288
-3804
-2378
-1097
-532
799
1562
2360
3271
4076
4855
5651
6541
6868
7518
7753
7666
8002
7840
7547
7340
6709
5974
5428
4399
3765
3227
2348
1506
416
-585
-1436
-2105
-3135
-3829
-4472
-5356
-5735
-6316
-6429
-6181
-6162
-5953
-5503
-5005
-4591
-3767
-3070
-2254
-1289
-767
-37
887
1619
2390
3285
3821
4488
5021
5249
5660
5827
5878
5891
5693
5170
4561
3929
3213
2772
1946
1030
280
-646
-1564
-2412
-3313
-4189
-4900
-5890
-6691
-7341
-7869
-8238
-8385
-8499
-8395
-7420
-7063
-6170
-5210
-4582
-2929
-2121
-1052
133
863
1850
2626
3619
4433
5427
6187
6575
7394
7527
7949
8352
8004
7848
7524
7022
6568
5889
4978
4432
3714
2759
1823
953
23
-717
-1644
-2748
-3422
-4361
-5179
-5749
-6321
-6485
-6490
-6532
-6335
-5790
-5498
-4971
-4136
-3547
-2628
-1938
-1298
-448
250
892
1690
2437
3050
3777
4354
4912
5428
5558
5675
5824
5794
5453
5009
4363
3782
3150
2141
1434
730
-132
-991
-1912
-2876
-3649
-4583
-5460
-6132
-6868
-7602
-8175
-8542
-8698
-8783
-8253
-7691
-7041
-6076
-5650
-4231
-2947
-2021
-759
54
874
1760
2460
3296
4147
5021
5591
6325
6851
7136
7861
7911
8056
8158
7763
7413
6832
6073
5531
4844
3944
3070
2136
1087
334
-343
-1285
-2071
-2959
-3921
-4643
-5379
-5944
-6046
-6446
-6542
-6309
-6139
-5578
-5055
-4397
-3565
-2777
-2052
-1311
-502
150
995
1733
2296
3071
3541
4131
4720
5093
5606
5932
6031
5885
5654
5302
4969
4445
3610
2896
2007
1077
277
-666
-1432
-2260
-3244
-4088
-4874
-5708
-6397
-7001
-7618
-7980
-8433
-8744
-8793
-8078
-7598
-7080
-6095
-5533
-4010
-2836
-1970
-454
435
1353
2280
2958
3780
4535
5367
5823
6654
6917
7156
7997
8067
8327
8393
8047
7738
7193
6261
5621
5012
3969
2986
1927
761
105
-635
-1592
-2152
-2927
-3845
-4485
-5219
-5726
-5936
-6374
-6535
-6445
-6441
-6146
-5494
-4806
-3950
-3240
-2622
-1803
-979
-102
802
1525
2071
2650
3015
3573
4313
4682
5097
5393
5503
5557
5441
5275
5108
4666
3864
3208
2343
1324
411
-596
-1412
-2238
-3313
-4099
-4858
-5625
-6126
-6639
-7152
-7485
-7957
-8199
-8290
-7945
-7467
-7175
-6250
-5768
-4479
-3152
-2218
-624
379
1249
2209
3004
3853
4497
5257
5664
6194
6517
6650
7510
7799
8088
8188
7964
7783
7337
6702
6115
5438
4425
3249
2060
916
83
-697
-1646
-2301
-3124
-3921
-4481
-4950
-5185
-5372
-5925
-6227
-6372
-6353
-6077
-5710
-5188
-4554
-4009
-3337
-2341
-1384
-397
569
1409
2147
2782
3238
3893
4401
4656
4809
4926
5032
5124
5180
5080
5037
4749
4138
3559
2834
2027
1122
119
-786
-1836
-2848
-3836
-4481
-4966
-5629
-6086
-6579
-6889
-7076
-7389
-7411
-7426
-6956
-6799
-6393
-5568
-5067
-3587
-2644
-1575
-234
642
1717
2727
3708
4420
5102
5637
5833
6443
6480
6772
7368
7234
7331
7177
6986
6851
6435
5757
5264
4603
3477
2510
1480
512
-237
-1225
-2255
-2915
-3703
-4319
-4617
-5040
-5218
-5379
-5790
-5862
-5811
-5695
-5532
-5159
-4772
-4313
-3744
-3202
-2124
-1068
-212
866
1746
2442
3149
3701
4401
4852
4938
4942
5039
5002
4850
4828
4733
4629
4352
3720
3230
2683
2036
1341
383
-552
-1654
-2708
-3642
-4331
-4837
-5554
-6136
-6541
-6860
-6944
-7137
-6961
-6890
-6559
-6200
-5998
-5055
-4660
-3633
-2479
-1682
-419
408
1381
2433
3323
4178
4841
5552
5855
6327
6532
6542
6993
6828
6732
6634
6378
6175
5811
5190
4652
4109
3227
2432
1640
601
-239
-1061
-2059
-2684
-3361
-4051
-4389
-4802
-5131
-5222
-5564
-5639
-5499
-5387
-5193
-4912
-4657
-4163
-3556
-2883
-1898
-1092
-225
740
1542
2370
3136
3689
4299
4783
4897
4965
5075
5052
5127
4953
4712
4620
4315
3831
3401
2822
2180
1484
533
-261
-1139
-2119
-2910
-3684
-4372
-4979
-5551
-5993
-6231
-6437
-6760
-6743
-6760
-6742
-6238
-6139
-5413
-4657
-4276
-3044
-2201
-1241
-24
882
1883
2849
3521
4037
4832
5281
5463
5955
5772
5996
6338
6050
6142
6009
5726
5468
5080
4425
4038
3453
2404
1738
812
-151
-717
-1622
-2312
-2846
-3589
-3988
-4296
-4616
-4784
-4889
-5155
-5127
-5140
-5105
-4726
-4524
-4048
-3451
-3025
-2080
-1201
-412
629
1409
2182
2865
3378
3825
4280
4503
4548
4647
4589
4565
4553
4399
4370
4225
3810
3401
2935
2326
1761
899
-3
-698
-1772
-2590
-3343
-4179
-4623
-5162
-5667
-5916
-6308
-6546
-6610
-6582
-6547
-6243
-5934
-5670
-4778
-4356
-3434
-2275
-1622
-370
617
1438
2466
3142
3791
4473
5055
5276
5659
5822
5704
6169
6024
5908
5958
5597
5396
5134
4585
4062
3550
2678
1977
1283
415
-266
-990
-1856
-2436
-3066
-3614
-3916
-4235
-4520
-4656
-4906
-5050
-4955
-4933
-4537
-4215
-3992
-3449
-2978
-2242
-1309
-575
328
1160
1951
2664
3235
3782
4181
4483
4626
4774
4879
4760
4653
4511
4404
4189
3825
3578
3117
2536
1932
1220
492
-305
-1197
-2032
-2820
-3634
-4286
-4956
-5569
-5981
-6339
-6555
-6655
-6790
-6822
-6717
-6218
-5841
-5302
-4560
-3984
-2801
-1964
-1114
110
911
1828
2644
3265
3947
4536
4965
5244
5619
5581
5756
6012
5900
5978
5697
5409
5159
4723
4232
3727
3037
2151
1404
438
-347
-970
-1861
-2504
-3070
-3710
-4043
-4401
-4722
-4769
-4889
-5121
-4942
-4831
-4672
-4296
-4003
-3549
-2925
-2317
-1539
-540
174
1021
1881
2512
3262
3861
4221
4650
4799
4829
4930
4839
4777
4742
4527
4324
4070
3559
3088
2643
2093
