2.327566e+062	-5.867881e+060	-7.583660e+060	4.915490e+060	1.392107e+061	3.203171e+061	4.047032e+061	4.110834e+061	3.314744e+061	1.668505e+061	5.065644e+060	4.145417e+059	
2.259773e+062	-5.696972e+060	-7.362777e+060	4.772320e+060	1.351560e+061	3.109875e+061	3.929157e+061	3.991101e+061	3.218198e+061	1.619908e+061	4.918101e+060	4.024677e+059	
2.314631e+062	-3.021434e+060	-4.601256e+060	4.856944e+059	3.523133e+060	1.421703e+061	2.079098e+061	2.301146e+061	2.093364e+061	1.197107e+061	5.496040e+060	3.203525e+058	
2.322628e+062	-6.328932e+059	4.728901e+059	4.730239e+060	6.924256e+060	1.097861e+061	1.125059e+061	1.236747e+061	1.006959e+061	5.663490e+060	2.392922e+060	7.632631e+058	
2.257865e+062	-1.224448e+061	-1.251128e+061	-7.293243e+060	-1.486052e+061	-3.285018e+061	-5.302575e+061	-6.143558e+061	-5.011443e+061	-2.822617e+061	-9.759229e+060	1.365683e+060	
2.227313e+062	-3.050564e+061	-5.821842e+061	-6.632871e+061	-5.017739e+061	-1.602435e+061	1.848022e+061	3.455709e+061	2.773064e+061	1.007040e+061	-3.124062e+060	-1.807885e+060	
2.259206e+062	-1.069751e+061	-4.954445e+060	1.041252e+061	1.463497e+061	9.668990e+059	-2.420983e+061	-4.390524e+061	-4.427396e+061	-2.768960e+061	-9.510209e+060	-5.446123e+058	
2.306316e+062	-1.266043e+061	-2.561495e+061	-3.322522e+061	-3.373683e+061	-2.728482e+061	-1.892146e+061	-1.328337e+061	-1.112377e+061	-1.002647e+061	-7.313535e+060	9.167153e+059	
2.288598e+062	-1.036127e+061	-1.487248e+061	-1.570479e+061	-2.260170e+061	-3.258684e+061	-4.295007e+061	-4.535173e+061	-3.752528e+061	-2.428315e+061	-1.157686e+061	1.435673e+060	
2.298973e+062	-7.075128e+060	-4.271856e+060	5.459879e+060	7.426685e+060	-3.259002e+060	-2.116250e+061	-3.208108e+061	-2.860284e+061	-1.695826e+061	-6.434572e+060	2.437191e+058	
2.287467e+062	-1.548399e+061	-2.964400e+061	-3.784597e+061	-4.005143e+061	-3.637663e+061	-3.023984e+061	-2.520146e+061	-2.092434e+061	-1.516443e+061	-8.146894e+060	1.747681e+060	
2.252787e+062	-2.464534e+061	-4.684217e+061	-5.239228e+061	-3.845921e+061	-1.180492e+061	1.244125e+061	2.136995e+061	1.447360e+061	1.542945e+060	-6.251986e+060	-3.839451e+059	
2.302148e+062	-8.395138e+060	-1.130035e+061	-1.037966e+061	-1.491953e+061	-2.468729e+061	-3.544627e+061	-3.857515e+061	-3.105541e+061	-1.902401e+061	-8.913026e+060	8.304395e+059	
2.321775e+062	-6.597667e+060	-1.162462e+061	-1.518856e+061	-2.052549e+061	-2.495120e+061	-2.890066e+061	-2.858190e+061	-2.285679e+061	-1.419909e+061	-6.314741e+060	6.978464e+059	
2.336465e+062	-1.517218e+060	-2.137558e+060	1.058265e+060	4.472236e+060	7.926824e+060	8.547498e+060	6.096886e+060	2.953501e+060	1.460095e+059	-7.355634e+059	4.322908e+058	
2.292465e+062	-1.841690e+061	-4.112657e+061	-5.931201e+061	-6.699735e+061	-6.156284e+061	-4.619490e+061	-2.744595e+061	-1.125005e+061	-8.546319e+059	3.285328e+060	1.922161e+060	
2.240511e+062	-2.451603e+061	-4.237149e+061	-4.096009e+061	-2.127818e+061	6.696306e+060	2.464732e+061	2.110895e+061	2.632094e+060	-1.387929e+061	-1.700960e+061	1.045930e+060	
2.291553e+062	-1.344816e+061	-2.284931e+061	-2.308506e+061	-1.698836e+061	-9.217854e+060	-5.892087e+060	-8.730618e+060	-1.322784e+061	-1.442047e+061	-1.057673e+061	7.480946e+059	
2.261878e+062	-2.200473e+061	-4.118451e+061	-4.548913e+061	-3.404708e+061	-1.353923e+061	2.778018e+060	6.259558e+060	-1.159484e+060	-1.019737e+061	-1.227677e+061	8.258017e+059	
2.279884e+062	-1.942110e+061	-3.935872e+061	-4.977272e+061	-4.675645e+061	-3.165033e+061	-1.276080e+061	6.281281e+059	4.521338e+060	2.038623e+060	-1.020780e+060	1.631080e+059	
2.315837e+062	-8.184172e+060	-1.358413e+061	-1.473501e+061	-1.534643e+061	-1.694130e+061	-2.038109e+061	-2.303593e+061	-2.183134e+061	-1.669762e+061	-9.668270e+060	6.748643e+059	
2.296437e+062	-1.632419e+061	-3.497746e+061	-4.851182e+061	-5.245205e+061	-4.550317e+061	-3.161494e+061	-1.761166e+061	-7.961825e+060	-2.855697e+060	-6.280721e+059	1.138985e+060	
2.344479e+062	-2.986835e+060	-5.301577e+060	-6.872767e+060	-9.795405e+060	-1.294090e+061	-1.612364e+061	-1.680811e+061	-1.407225e+061	-9.604677e+060	-5.115657e+060	1.984789e+059	
2.351049e+062	-2.054493e+060	-3.622105e+060	-4.534389e+060	-6.024065e+060	-8.034576e+060	-1.061545e+061	-1.214695e+061	-1.124862e+061	-8.365737e+060	-4.744272e+060	1.014465e+059	
2.273531e+062	-2.205299e+061	-4.642034e+061	-6.141954e+061	-6.086061e+061	-4.467964e+061	-2.077061e+061	-1.903377e+059	1.020488e+061	1.073291e+061	6.121741e+060	-3.035328e+059	
2.322946e+062	-4.163105e+060	-2.149272e+060	3.471859e+060	4.238958e+060	-2.157440e+060	-1.197777e+061	-1.761570e+061	-1.517992e+061	-8.277092e+060	-2.757971e+060	2.017460e+057	
2.321346e+062	-5.050631e+060	-4.844827e+060	-1.149090e+060	-1.400710e+060	-7.608999e+060	-1.712144e+061	-2.277319e+061	-2.022933e+061	-1.238787e+061	-5.143275e+060	1.473411e+059	
2.353731e+062	2.310828e+059	6.421320e+059	1.721215e+060	1.720001e+060	2.143469e+060	1.871448e+060	2.191473e+060	2.064837e+060	1.451373e+060	8.318366e+059	5.232556e+057	
2.352951e+062	-1.460205e+060	-2.093889e+060	-2.111683e+060	-3.142992e+060	-5.146474e+060	-7.586306e+060	-8.675805e+060	-7.571450e+060	-5.242640e+060	-2.852842e+060	3.744120e+058	
2.360213e+062	-6.643385e+059	-1.453887e+060	-2.209631e+060	-3.037443e+060	-3.698778e+060	-4.228919e+060	-4.343619e+060	-3.911250e+060	-3.065827e+060	-1.942347e+060	1.695045e+058	
2.360041e+062	6.422160e+058	1.371190e+059	4.122095e+059	3.716813e+059	4.629238e+059	3.868088e+059	4.384032e+059	3.698634e+059	2.007089e+059	7.786059e+058	3.536450e+056	
2.363071e+062	-5.259016e+058	-1.291997e+059	-2.073915e+059	-2.992745e+059	-3.683137e+059	-4.320970e+059	-4.547274e+059	-4.415179e+059	-3.833423e+059	-2.714960e+059	2.783696e+056	
