1.000000e-030   1.000000e-001   1.000000e-030   1.000000e-030   1.000000e-030   1.000000e-030   1.000000e-030   1.000000e-030   1.000000e-030   1.000000e-030   1.000000e-030   1.000000e-030   3.000000e-001   1.000000e-030   1.000000e-030   1.000000e-030   1.000000e-030   1.000000e-030   1.000000e-030   3.000000e-001   1.000000e-030   8.180076e-228   1.000000e-030   1.000000e-030   1.000000e-030   1.000000e-030   1.000000e-030   1.000000e-030   1.000000e-030   3.000000e-001   1.000000e-030   1.000000e-030   

1.000000e-030   1.000000e-030   1.000000e-030   1.000000e-030   1.000000e-030   1.000000e-030   1.000000e-030   1.000000e-030   1.000000e-030   1.822717e-241   1.000000e-030   1.000000e+000   8.897870e-259   1.000000e-030   1.000000e-030   1.000000e-030   1.000000e-030   1.000000e-030   1.000000e-030   1.000000e-030   1.000000e-030   8.180076e-227   1.000000e-030   1.000000e-030   6.025722e-242   1.000000e-030   1.000000e-030   1.000000e-030   1.000000e-030   1.000000e-030   1.000000e-030   1.000000e-030   

1.000000e-030   1.000000e-030   5.370263e-245   1.000000e-030   1.000000e-030   1.435088e-238   3.371256e-240   4.778091e-238   1.000000e-030   9.090909e-001   1.000000e-030   1.083779e-244   1.000000e-030   1.000000e-030   5.271065e-122   1.000000e-030   1.000000e-030   1.000000e-030   1.000000e-030   1.000000e-030   1.000000e-030   7.436433e-228   1.000000e-030   1.000000e-030   9.090909e-002   1.000000e-030   1.000000e-030   1.000000e-030   1.000000e-030   1.000000e-030   1.000000e-030   1.000000e-030   

1.000000e-030   3.155896e-230   1.249969e-001   1.427950e-229   1.000000e-030   2.500009e-001   1.250004e-001   3.750013e-001   1.000000e-030   1.345665e-241   1.000000e-030   1.000000e-030   1.683038e-009   1.000000e-030   1.250004e-001   1.000000e-030   1.000000e-030   1.000000e-030   4.275565e-234   3.848020e-233   1.000000e-030   1.022513e-227   1.000000e-030   1.000000e-030   2.053266e-266   1.000000e-030   1.000000e-030   1.000000e-030   1.000000e-030   3.679702e-231   1.000000e-030   1.000000e-030   

1.000000e-030   1.111108e-001   3.127437e-006   2.222215e-001   1.000000e-030   1.333799e-269   2.910186e-270   1.155567e-240   1.000000e-030   2.281399e-297   1.000000e-030   1.000000e-030   1.111108e-001   1.000000e-030   1.000000e-030   1.000000e-030   1.000000e-030   1.000000e-030   1.111108e-001   1.111108e-001   1.000000e-030   1.111108e-001   1.000000e-030   1.000000e-030   1.000000e-030   1.000000e-030   1.000000e-030   1.000000e-030   1.000000e-030   2.222215e-001   1.000000e-030   1.000000e-030   

