2.363245e+062 -3.594808e+058 -9.913324e+058 -1.759600e+059 -2.566215e+059 -3.294852e+059 -3.847764e+059 -4.096102e+059 -3.946573e+059 -3.390656e+059 -2.409087e+059 1.262111e+056 
2.363237e+062 -3.515665e+058 -9.628164e+058 -1.698734e+059 -2.533128e+059 -3.243406e+059 -3.816922e+059 -4.049081e+059 -3.893001e+059 -3.360170e+059 -2.373895e+059 1.220526e+056 
2.363251e+062 -3.614273e+058 -9.779442e+058 -1.726829e+059 -2.540732e+059 -3.291283e+059 -3.856518e+059 -4.084136e+059 -3.976408e+059 -3.394440e+059 -2.404304e+059 1.253403e+056 
2.363256e+062 -3.732356e+058 -9.895470e+058 -1.756336e+059 -2.553834e+059 -3.280071e+059 -3.831394e+059 -4.053440e+059 -3.922199e+059 -3.364833e+059 -2.386160e+059 1.255161e+056 
2.363247e+062 -3.601275e+058 -9.788730e+058 -1.749985e+059 -2.551103e+059 -3.315433e+059 -3.861051e+059 -4.087310e+059 -3.959769e+059 -3.401255e+059 -2.405657e+059 1.260088e+056 
2.363251e+062 -3.675680e+058 -9.694978e+058 -1.736918e+059 -2.527354e+059 -3.275288e+059 -3.806287e+059 -4.073281e+059 -3.942790e+059 -3.373538e+059 -2.390361e+059 1.243338e+056 
2.363250e+062 -3.621053e+058 -9.785153e+058 -1.752600e+059 -2.543869e+059 -3.279073e+059 -3.855612e+059 -4.087298e+059 -3.945182e+059 -3.394620e+059 -2.401895e+059 1.254898e+056 
2.363241e+062 -3.749253e+058 -1.020569e+059 -1.800174e+059 -2.615051e+059 -3.360561e+059 -3.887071e+059 -4.105637e+059 -3.958282e+059 -3.371459e+059 -2.389643e+059 1.295796e+056 
2.363233e+062 -3.515870e+058 -9.735367e+058 -1.735229e+059 -2.530101e+059 -3.292235e+059 -3.845490e+059 -4.076404e+059 -3.938319e+059 -3.392840e+059 -2.391511e+059 1.243246e+056 
2.363165e+062 -6.959560e+058 -1.837238e+059 -3.253032e+059 -4.739374e+059 -6.057043e+059 -7.015606e+059 -7.410147e+059 -7.126364e+059 -6.058146e+059 -4.248174e+059 4.225372e+056 
2.362705e+062 -4.729333e+058 -8.907648e+058 -1.624234e+059 -2.854226e+059 -4.063644e+059 -5.128394e+059 -5.646140e+059 -5.337280e+059 -4.377945e+059 -2.967019e+059 1.823186e+056 
2.356594e+062 -3.087707e+059 3.215594e+059 1.201458e+060 1.590674e+060 1.443075e+060 4.500726e+059 -8.712313e+059 -1.463176e+060 -9.538497e+059 -2.002244e+059 -1.008160e+057 
2.359992e+062 -1.120287e+059 1.999242e+059 5.595760e+059 2.643651e+059 -3.893870e+059 -9.461692e+059 -9.326709e+059 -5.570517e+059 -4.063771e+059 -3.052649e+059 -9.128821e+055 
2.359698e+062 -5.841482e+059 -1.261510e+060 -2.014657e+060 -3.270131e+060 -4.536959e+060 -5.519085e+060 -5.738403e+060 -5.096920e+060 -4.121147e+060 -2.821131e+060 2.204588e+058 
2.358117e+062 -1.001909e+060 -2.349901e+060 -3.883681e+060 -5.818867e+060 -7.722227e+060 -9.079661e+060 -9.380789e+060 -8.667671e+060 -7.295956e+060 -5.091550e+060 6.708403e+058 
2.350807e+062 -2.827316e+060 -7.278946e+060 -1.225084e+061 -1.753417e+061 -2.245182e+061 -2.576653e+061 -2.628325e+061 -2.357215e+061 -1.888301e+061 -1.244551e+061 5.538251e+059 
2.345547e+062 -4.228069e+060 -1.044924e+061 -1.760086e+061 -2.536908e+061 -3.248414e+061 -3.719887e+061 -3.729376e+061 -3.308740e+061 -2.611022e+061 -1.691345e+061 1.142852e+060 
2.343082e+062 -4.499840e+060 -1.087077e+061 -1.806985e+061 -2.583678e+061 -3.368509e+061 -3.939662e+061 -3.965962e+061 -3.513742e+061 -2.747551e+061 -1.749575e+061 1.251261e+060 
2.343242e+062 -4.453982e+060 -1.102190e+061 -1.831237e+061 -2.665342e+061 -3.416901e+061 -3.945755e+061 -3.960987e+061 -3.496789e+061 -2.759359e+061 -1.766808e+061 1.272055e+060 
2.343131e+062 -4.442639e+060 -1.019903e+061 -1.675391e+061 -2.481042e+061 -3.258726e+061 -3.809952e+061 -3.841576e+061 -3.372655e+061 -2.613892e+061 -1.678141e+061 1.148648e+060 
2.344298e+062 -4.297306e+060 -1.036606e+061 -1.732215e+061 -2.493131e+061 -3.240948e+061 -3.761526e+061 -3.778456e+061 -3.340472e+061 -2.611388e+061 -1.672955e+061 1.142528e+060 
2.345312e+062 -4.457412e+060 -1.064665e+061 -1.774072e+061 -2.558369e+061 -3.283002e+061 -3.776408e+061 -3.807693e+061 -3.380392e+061 -2.627021e+061 -1.681006e+061 1.178297e+060 
2.350408e+062 -3.576515e+060 -9.115607e+060 -1.561090e+061 -2.204009e+061 -2.750083e+061 -3.090930e+061 -3.107679e+061 -2.793842e+061 -2.215170e+061 -1.438707e+061 8.248065e+059 
2.357261e+062 -1.801433e+060 -4.627560e+060 -7.988526e+060 -1.139656e+061 -1.428043e+061 -1.613380e+061 -1.653058e+061 -1.529292e+061 -1.251709e+061 -8.417748e+060 2.270157e+059 
2.359651e+062 -9.382770e+059 -2.313581e+060 -3.862323e+060 -5.396127e+060 -6.756269e+060 -7.635589e+060 -7.691587e+060 -6.968877e+060 -5.583171e+060 -3.681209e+060 5.020380e+058 
2.357209e+062 -1.859729e+060 -4.709003e+060 -7.972932e+060 -1.104099e+061 -1.335744e+061 -1.449780e+061 -1.421008e+061 -1.255372e+061 -9.769811e+060 -6.232817e+060 1.856237e+059 
2.359236e+062 -1.276048e+060 -3.248854e+060 -5.539090e+060 -7.723058e+060 -9.406154e+060 -1.028380e+061 -1.017063e+061 -9.074264e+060 -7.135136e+060 -4.598793e+060 9.269615e+058 
2.361073e+062 -6.856875e+059 -1.717292e+060 -2.865316e+060 -3.893907e+060 -4.605383e+060 -4.868351e+060 -4.643819e+060 -3.989547e+060 -3.017316e+060 -1.875204e+060 2.099976e+058 
2.362125e+062 -3.778603e+059 -9.662633e+059 -1.651438e+060 -2.309707e+060 -2.823553e+060 -3.103624e+060 -3.087882e+060 -2.781004e+060 -2.209060e+060 -1.439464e+060 8.401583e+057 
2.362404e+062 -2.933039e+059 -7.240853e+059 -1.185067e+060 -1.565332e+060 -1.782800e+060 -1.799446e+060 -1.613557e+060 -1.285916e+060 -8.826380e+059 -4.880158e+059 2.789946e+057 
2.362675e+062 -2.032484e+059 -5.107662e+059 -8.555969e+059 -1.169797e+060 -1.390670e+060 -1.491320e+060 -1.436304e+060 -1.255958e+060 -9.676205e+059 -6.125996e+059 1.963525e+057 
2.362468e+062 -2.515179e+059 -6.180945e+059 -9.998894e+059 -1.307792e+060 -1.469096e+060 -1.457105e+060 -1.282101e+060 -9.944697e+059 -6.616836e+059 -3.517012e+059 1.825113e+057 
2.362180e+062 -3.273801e+059 -7.988470e+059 -1.270854e+060 -1.616097e+060 -1.746572e+060 -1.638762e+060 -1.317538e+060 -8.892274e+059 -4.650866e+059 -1.445404e+059 2.084422e+057 
2.362914e+062 -1.242036e+059 -3.065462e+059 -4.970704e+059 -6.492551e+059 -7.323429e+059 -7.321326e+059 -6.514670e+059 -5.143344e+059 -3.549188e+059 -1.990695e+059 4.689900e+056 
2.362041e+062 -3.712413e+059 -8.941236e+059 -1.406561e+060 -1.762601e+060 -1.855219e+060 -1.673156e+060 -1.270716e+060 -7.668078e+059 -3.074641e+059 -6.203918e+057 2.008735e+057 
2.362564e+062 -2.242794e+059 -5.530775e+059 -8.864950e+059 -1.139122e+060 -1.252377e+060 -1.196824e+060 -9.899099e+059 -7.040472e+059 -4.057056e+059 -1.634529e+059 1.148272e+057 
