2.358832e+062 7.186247e+058 4.006510e+059 8.100786e+059 9.825798e+059 6.540784e+059 1.409635e+059 2.292268e+059 3.051659e+059 1.959886e+059 6.672642e+058 2.432542e+056 
2.359033e+062 1.105161e+059 4.611501e+059 8.735452e+059 7.749856e+059 5.015169e+059 2.569627e+059 1.419303e+059 2.016890e+059 1.720582e+059 -3.247670e+058 1.771577e+056 
2.356619e+062 6.720770e+058 1.131191e+060 2.281760e+060 1.908585e+060 4.926076e+059 -2.701681e+059 2.916544e+059 1.130331e+060 1.102718e+060 4.094458e+059 2.011670e+057 
2.358475e+062 4.978178e+058 5.825503e+059 1.107409e+060 6.510101e+059 -3.122416e+059 -6.504457e+059 -1.493820e+059 4.206281e+059 5.270652e+059 1.768178e+059 4.257146e+056 
2.353512e+062 -1.890412e+058 1.580564e+060 3.445734e+060 2.975658e+060 9.011107e+059 -1.241496e+059 7.785063e+059 2.166120e+060 2.129375e+060 7.969924e+059 5.752733e+057 
2.354389e+062 8.810463e+058 1.602509e+060 3.046414e+060 2.281359e+060 4.578789e+058 -9.395181e+059 3.757412e+059 1.911851e+060 1.795446e+060 6.390365e+059 4.532087e+057 
2.358842e+062 1.968128e+058 1.947248e+059 5.485043e+059 5.413769e+059 1.141832e+059 -3.899853e+059 -4.271644e+059 -3.059299e+059 -2.438098e+059 -1.010376e+059 -1.770155e+056 
2.358889e+062 1.042894e+058 4.682253e+059 8.752240e+059 5.683656e+059 1.103325e+059 3.283785e+058 1.472575e+059 2.966069e+059 1.671756e+059 -6.632919e+058 1.762966e+056 
2.358265e+062 5.906365e+058 3.122832e+059 6.897440e+059 5.054331e+059 3.526623e+058 -4.383867e+059 -3.924396e+059 3.628494e+058 -8.285911e+058 -1.549460e+059 -8.461239e+055 
2.356570e+062 1.343017e+059 1.015475e+060 2.043119e+060 1.866615e+060 6.616652e+059 -1.752920e+059 8.240686e+058 8.228951e+059 1.024576e+060 5.205595e+059 1.493136e+057 
2.335398e+062 -7.005184e+060 -1.688108e+061 -2.738145e+061 -3.612677e+061 -4.079297e+061 -4.035578e+061 -3.491318e+061 -2.603552e+061 -1.593126e+061 -7.079824e+060 1.405850e+060 
2.323807e+062 -9.947119e+060 -2.322020e+061 -3.604639e+061 -4.564331e+061 -4.967560e+061 -4.657480e+061 -3.684366e+061 -2.366057e+061 -1.101093e+061 -2.238228e+060 1.783891e+060 
2.320703e+062 -1.207043e+061 -2.868198e+061 -4.465124e+061 -5.588190e+061 -6.017575e+061 -5.723642e+061 -4.834646e+061 -3.574551e+061 -2.211760e+061 -1.021641e+061 3.261583e+060 
2.309377e+062 -1.226432e+061 -2.382550e+061 -2.864687e+061 -2.740572e+061 -2.504357e+061 -2.546545e+061 -2.802790e+061 -2.865959e+061 -2.402986e+061 -1.471251e+061 1.532548e+060 
2.344475e+062 -4.471348e+060 -9.317793e+060 -1.268535e+061 -1.448699e+061 -1.577585e+061 -1.743092e+061 -1.917499e+061 -1.964518e+061 -1.746139e+061 -1.229246e+061 4.667030e+059 
2.349008e+062 -3.794432e+060 -8.826989e+060 -1.382565e+061 -1.822909e+061 -2.182159e+061 -2.425612e+061 -2.500985e+061 -2.347097e+061 -1.937538e+061 -1.301741e+061 6.071394e+059 
2.350237e+062 -3.740987e+060 -9.157342e+060 -1.512251e+061 -2.075829e+061 -2.542907e+061 -2.851359e+061 -2.931723e+061 -2.727406e+061 -2.228391e+061 -1.483975e+061 7.705213e+059 
2.350896e+062 -3.507826e+060 -8.624646e+060 -1.425902e+061 -1.957286e+061 -2.395513e+061 -2.682556e+061 -2.759315e+061 -2.575729e+061 -2.116831e+061 -1.419318e+061 6.848974e+059 
2.351626e+062 -3.513207e+060 -9.034050e+060 -1.554902e+061 -2.201135e+061 -2.735208e+061 -3.053569e+061 -3.100074e+061 -2.844663e+061 -2.296729e+061 -1.520837e+061 8.294400e+059 
2.352884e+062 -3.263381e+060 -8.433255e+060 -1.464085e+061 -2.083876e+061 -2.596442e+061 -2.909082e+061 -2.956857e+061 -2.713493e+061 -2.194339e+061 -1.454141e+061 7.437297e+059 
2.354232e+062 -2.821030e+060 -7.293951e+060 -1.270241e+061 -1.816469e+061 -2.274146e+061 -2.560726e+061 -2.618202e+061 -2.420155e+061 -1.974314e+061 -1.321494e+061 5.741072e+059 
2.355708e+062 -2.199500e+060 -5.685502e+060 -9.926151e+060 -1.425164e+061 -1.791320e+061 -2.025258e+061 -2.079666e+061 -1.932632e+061 -1.587242e+061 -1.071146e+061 3.570900e+059 
2.347574e+062 -4.806158e+060 -1.233639e+061 -2.122856e+061 -2.987410e+061 -3.669066e+061 -4.039393e+061 -4.019256e+061 -3.598698e+061 -2.830266e+061 -1.816689e+061 1.449662e+060 
2.345247e+062 -5.520985e+060 -1.413084e+061 -2.421886e+061 -3.392561e+061 -4.142065e+061 -4.525214e+061 -4.461544e+061 -3.949034e+061 -3.062659e+061 -1.933816e+061 1.826646e+060 
2.343951e+062 -5.915866e+060 -1.516905e+061 -2.602454e+061 -3.647507e+061 -4.455075e+061 -4.869283e+061 -4.803575e+061 -4.253963e+061 -3.298821e+061 -2.080334e+061 2.119996e+060 
2.344782e+062 -5.717406e+060 -1.465485e+061 -2.516042e+061 -3.530110e+061 -4.316669e+061 -4.723925e+061 -4.664103e+061 -4.134943e+061 -3.211724e+061 -2.029351e+061 1.989763e+060 
2.355300e+062 -2.343834e+060 -6.026937e+060 -1.051904e+061 -1.515822e+061 -1.912273e+061 -2.162947e+061 -2.218421e+061 -2.058607e+061 -1.689791e+061 -1.142046e+061 4.053326e+059 
2.344290e+062 -4.053466e+060 -9.279293e+060 -1.578084e+061 -2.378472e+061 -3.150014e+061 -3.584278e+061 -3.530395e+061 -3.079451e+061 -2.404692e+061 -1.585942e+061 1.003034e+060 
2.350755e+062 -9.670407e+059 -1.524558e+060 -2.513875e+060 -5.505029e+060 -9.171669e+060 -1.131984e+061 -1.078166e+061 -8.891355e+060 -7.200051e+060 -5.285026e+060 6.831932e+058 
2.353575e+062 -5.879291e+058 5.572949e+059 1.234399e+060 4.031360e+058 -1.764221e+060 -2.794287e+060 -2.081421e+060 -1.395236e+060 -1.204717e+060 -1.152486e+060 1.958618e+056 
2.355733e+062 -6.651745e+058 5.733896e+059 1.522948e+060 1.536770e+060 1.183769e+060 9.949243e+059 7.396811e+059 5.911522e+059 2.001109e+059 -6.991704e+058 1.044099e+057 
2.354967e+062 1.711012e+059 1.305276e+060 2.270849e+060 1.591572e+060 3.250407e+059 2.687942e+058 1.095574e+060 1.524965e+060 8.905061e+059 1.696245e+059 2.672005e+057 
2.355219e+062 2.493275e+059 1.231716e+060 2.210323e+060 1.849189e+060 1.104513e+060 6.036981e+059 8.270486e+059 1.302625e+060 1.023487e+060 4.157684e+059 2.747086e+057 
2.353894e+062 4.296657e+059 1.784240e+060 2.249008e+060 1.188251e+060 1.056689e+059 3.290344e+058 9.787967e+059 1.262893e+060 9.429461e+059 4.561148e+059 2.924451e+057 
2.356002e+062 2.447404e+059 1.169173e+060 1.996113e+060 1.452415e+060 6.984470e+058 -9.591667e+058 7.345057e+059 1.078455e+060 7.393063e+059 1.628452e+059 1.788548e+057 
2.353216e+062 6.293503e+059 1.877662e+060 2.498669e+060 1.683235e+060 3.941594e+059 5.754218e+059 1.974032e+060 2.145341e+060 1.201439e+060 4.516041e+059 5.109841e+057 
2.353730e+062 2.758712e+059 1.123986e+060 2.529185e+060 2.662619e+060 1.801292e+060 9.684784e+059 1.227881e+060 1.735740e+060 1.158259e+060 5.434946e+059 4.199650e+057 
2.347516e+062 4.232668e+059 3.261422e+060 5.136672e+060 3.682314e+060 1.338340e+060 1.008080e+060 2.321722e+060 2.929429e+060 2.460302e+060 1.474921e+060 1.512753e+058 
