2.363284e+062 -3.783320e+058 -9.976753e+058 -1.772221e+059 -2.598699e+059 -3.343854e+059 -3.900174e+059 -4.146598e+059 -4.010135e+059 -3.439714e+059 -2.434887e+059 1.299702e+056 
2.363273e+062 -3.699018e+058 -9.915997e+058 -1.749075e+059 -2.579988e+059 -3.328855e+059 -3.885632e+059 -4.123600e+059 -4.003951e+059 -3.426035e+059 -2.426294e+059 1.282506e+056 
2.363278e+062 -3.751234e+058 -9.908753e+058 -1.758869e+059 -2.590765e+059 -3.333435e+059 -3.881893e+059 -4.127261e+059 -3.996177e+059 -3.427993e+059 -2.428354e+059 1.287600e+056 
2.363281e+062 -3.772608e+058 -9.959622e+058 -1.770065e+059 -2.602187e+059 -3.345767e+059 -3.905123e+059 -4.154646e+059 -4.014754e+059 -3.446938e+059 -2.440835e+059 1.301294e+056 
2.363282e+062 -3.827128e+058 -1.009187e+059 -1.788445e+059 -2.619824e+059 -3.374882e+059 -3.929116e+059 -4.184527e+059 -4.047784e+059 -3.469262e+059 -2.456119e+059 1.323604e+056 
2.363280e+062 -3.831316e+058 -1.007254e+059 -1.787758e+059 -2.621522e+059 -3.371295e+059 -3.934897e+059 -4.185675e+059 -4.045059e+059 -3.470229e+059 -2.457692e+059 1.323645e+056 
2.363284e+062 -3.814854e+058 -1.005025e+059 -1.785221e+059 -2.613134e+059 -3.364314e+059 -3.925962e+059 -4.174689e+059 -4.036403e+059 -3.461138e+059 -2.449635e+059 1.316985e+056 
2.363285e+062 -3.811895e+058 -1.000068e+059 -1.775521e+059 -2.602719e+059 -3.350777e+059 -3.906075e+059 -4.156301e+059 -4.018659e+059 -3.444152e+059 -2.439718e+059 1.305609e+056 
2.363283e+062 -3.787146e+058 -1.001708e+059 -1.776172e+059 -2.598322e+059 -3.350864e+059 -3.909643e+059 -4.156181e+059 -4.023445e+059 -3.449530e+059 -2.444368e+059 1.305764e+056 
2.362834e+062 -7.237519e+057 -3.340325e+058 -1.042341e+059 -1.818853e+059 -1.744771e+059 -3.764375e+059 -2.591944e+059 -3.542106e+059 -2.744515e+059 -2.059532e+059 5.260546e+055 
2.285628e+062 1.200044e+061 7.446063e+060 3.544559e+060 2.824467e+061 2.149364e+061 4.832349e+060 2.352663e+061 2.001615e+061 4.800866e+060 8.459611e+060 4.533926e+059 
2.015866e+062 4.519644e+061 4.115645e+061 2.501924e+061 1.065676e+062 1.259503e+062 6.006107e+061 1.024903e+062 1.098162e+062 8.226836e+061 4.756660e+061 1.185928e+061 
1.817225e+062 6.485380e+061 6.621123e+061 4.431900e+061 1.703234e+062 2.230564e+062 1.191182e+062 1.927506e+062 2.416785e+062 1.757325e+062 1.093211e+062 3.923473e+061 
1.103925e+062 1.419921e+062 1.868643e+062 1.793547e+062 5.564378e+062 1.008041e+063 1.384159e+063 2.174154e+063 3.294205e+063 4.346846e+063 4.908451e+063 3.412222e+063 
1.766383e+062 7.486019e+061 5.801085e+061 5.633520e+061 2.124571e+062 2.245612e+062 1.324417e+062 2.601967e+062 2.885287e+062 1.780232e+062 1.613362e+062 5.892132e+061 
1.767815e+062 7.878522e+061 5.010179e+061 5.407054e+061 2.353175e+062 2.040914e+062 1.296938e+062 2.844926e+062 2.752817e+062 1.786641e+062 1.685867e+062 6.365979e+061 
1.868458e+062 6.098062e+061 4.448926e+061 5.457028e+061 1.669977e+062 1.694341e+062 9.208386e+061 2.001165e+062 1.936271e+062 1.160496e+062 1.071214e+062 3.322008e+061 
1.529208e+062 1.068894e+062 9.514290e+061 6.826928e+061 3.132266e+062 4.076789e+062 3.193186e+062 4.891355e+062 6.315730e+062 5.529526e+062 4.626633e+062 2.216819e+062 
2.029309e+062 4.334800e+061 2.999098e+061 3.087156e+061 1.232479e+062 8.905247e+061 5.235212e+061 1.268487e+062 9.496788e+061 5.620355e+061 5.715790e+061 1.260843e+061 
2.145228e+062 3.028080e+061 3.289474e+061 1.462679e+061 5.907062e+061 7.576012e+061 4.308847e+061 4.552060e+061 4.998181e+061 4.554852e+061 3.401285e+061 4.675002e+060 
2.337126e+062 2.920417e+059 -2.326254e+060 -5.547605e+060 -5.726074e+060 -1.229206e+061 -1.775455e+061 -1.470772e+061 -1.282486e+061 -1.157170e+061 -7.371931e+060 1.204936e+059 
2.344715e+062 -3.065288e+060 -8.592924e+060 -1.548879e+061 -2.150601e+061 -2.840136e+061 -3.330720e+061 -3.226236e+061 -2.856711e+061 -2.353288e+061 -1.548663e+061 8.469536e+059 
2.340775e+062 -2.439813e+060 -8.512071e+060 -1.549026e+061 -1.981524e+061 -2.777610e+061 -3.400089e+061 -3.150785e+061 -2.808211e+061 -2.409401e+061 -1.539318e+061 8.062657e+059 
2.337261e+062 -2.769970e+060 -8.674692e+060 -1.555901e+061 -2.068787e+061 -2.971377e+061 -3.722012e+061 -3.458700e+061 -2.978036e+061 -2.535908e+061 -1.629006e+061 9.116300e+059 
2.341556e+062 -3.320789e+060 -9.082765e+060 -1.606125e+061 -2.259164e+061 -3.078317e+061 -3.660221e+061 -3.486006e+061 -3.032218e+061 -2.509534e+061 -1.640496e+061 9.711997e+059 
2.346011e+062 -3.841423e+060 -1.021514e+061 -1.811558e+061 -2.545969e+061 -3.251085e+061 -3.707928e+061 -3.629752e+061 -3.217328e+061 -2.620816e+061 -1.725410e+061 1.121260e+060 
2.344896e+062 -3.446100e+060 -9.452997e+060 -1.685182e+061 -2.320224e+061 -3.029444e+061 -3.567448e+061 -3.467778e+061 -3.025525e+061 -2.477999e+061 -1.628594e+061 9.809383e+059 
2.349442e+062 -3.418166e+060 -8.872974e+060 -1.542430e+061 -2.175072e+061 -2.777233e+061 -3.168152e+061 -3.143151e+061 -2.804846e+061 -2.253147e+061 -1.472021e+061 8.266460e+059 
2.353924e+062 -2.522130e+060 -6.692897e+060 -1.169960e+061 -1.639011e+061 -2.059527e+061 -2.335864e+061 -2.339528e+061 -2.119135e+061 -1.720108e+061 -1.130912e+061 4.616690e+059 
2.359858e+062 -9.712051e+059 -2.467667e+060 -4.313751e+060 -6.271380e+060 -8.004756e+060 -9.071253e+060 -9.207113e+060 -8.482479e+060 -6.984406e+060 -4.745713e+060 6.886708e+058 
2.361306e+062 -6.100767e+059 -1.591499e+060 -2.797511e+060 -4.041127e+060 -5.134987e+060 -5.885211e+060 -6.131436e+060 -5.795727e+060 -4.855469e+060 -3.347630e+060 2.977528e+058 
2.362387e+062 -3.162223e+059 -8.217478e+059 -1.438355e+060 -2.069594e+060 -2.613751e+060 -2.977572e+060 -3.085252e+060 -2.895928e+060 -2.405553e+060 -1.643834e+060 7.627363e+057 
2.363233e+062 -5.809819e+058 -1.524734e+059 -2.695758e+059 -3.930477e+059 -5.050248e+059 -5.860439e+059 -6.196572e+059 -5.951356e+059 -5.077076e+059 -3.570622e+059 2.937781e+056 
2.363255e+062 -4.891416e+058 -1.280380e+059 -2.264526e+059 -3.299994e+059 -4.229679e+059 -4.899052e+059 -5.172531e+059 -4.962855e+059 -4.223005e+059 -2.963759e+059 2.056058e+056 
2.363172e+062 -6.831851e+058 -1.786246e+059 -3.143341e+059 -4.559367e+059 -5.804305e+059 -6.678249e+059 -7.000098e+059 -6.653933e+059 -5.611850e+059 -3.894584e+059 3.826654e+056 
2.363226e+062 -5.699035e+058 -1.495382e+059 -2.643143e+059 -3.844128e+059 -4.918996e+059 -5.692858e+059 -6.005289e+059 -5.758439e+059 -4.891918e+059 -3.428483e+059 2.780083e+056 
2.363268e+062 -4.811527e+058 -1.267330e+059 -2.242863e+059 -3.275553e+059 -4.205167e+059 -4.887712e+059 -5.176277e+059 -4.986538e+059 -4.258961e+059 -2.999602e+059 2.044762e+056 
2.363276e+062 -4.069039e+058 -1.068822e+059 -1.894409e+059 -2.773319e+059 -3.565355e+059 -4.155536e+059 -4.415740e+059 -4.266237e+059 -3.657421e+059 -2.587961e+059 1.478917e+056 
2.363274e+062 -4.016600e+058 -1.060480e+059 -1.880071e+059 -2.749168e+059 -3.537854e+059 -4.123585e+059 -4.384352e+059 -4.232302e+059 -3.630026e+059 -2.567880e+059 1.455058e+056 
2.363284e+062 -3.935191e+058 -1.037351e+059 -1.838603e+059 -2.691322e+059 -3.468076e+059 -4.043386e+059 -4.296884e+059 -4.155750e+059 -3.563650e+059 -2.521661e+059 1.397637e+056 
2.363285e+062 -3.814535e+058 -1.004138e+059 -1.772397e+059 -2.593156e+059 -3.339676e+059 -3.887213e+059 -4.132038e+059 -3.997610e+059 -3.430228e+059 -2.428234e+059 1.297484e+056 
2.363284e+062 -3.825465e+058 -1.006946e+059 -1.787815e+059 -2.614461e+059 -3.365724e+059 -3.927766e+059 -4.174691e+059 -4.036152e+059 -3.461938e+059 -2.450436e+059 1.318851e+056 
