2.363006e+062 -3.973016e+058 -7.612866e+058 -1.656376e+059 -2.950049e+059 -3.640443e+059 -3.356232e+059 -2.874650e+059 -2.939912e+059 -2.949452e+059 -2.096015e+059 1.032303e+056 
2.363245e+062 -3.602443e+058 -9.579840e+058 -1.744562e+059 -2.578876e+059 -3.350585e+059 -3.870953e+059 -4.040139e+059 -3.938874e+059 -3.429273e+059 -2.412988e+059 1.259331e+056 
2.363272e+062 -3.923520e+058 -1.024413e+059 -1.809334e+059 -2.627952e+059 -3.357655e+059 -3.877595e+059 -4.084379e+059 -3.935621e+059 -3.375370e+059 -2.391376e+059 1.303437e+056 
2.363283e+062 -3.787199e+058 -9.970611e+058 -1.769731e+059 -2.594567e+059 -3.344960e+059 -3.901373e+059 -4.148070e+059 -4.013101e+059 -3.443505e+059 -2.439580e+059 1.299962e+056 
2.363285e+062 -3.764371e+058 -9.964832e+058 -1.765918e+059 -2.587220e+059 -3.335962e+059 -3.887517e+059 -4.133339e+059 -3.999055e+059 -3.427414e+059 -2.427248e+059 1.291378e+056 
2.363286e+062 -3.794230e+058 -1.000401e+059 -1.780509e+059 -2.603967e+059 -3.355613e+059 -3.913599e+059 -4.160992e+059 -4.021160e+059 -3.450357e+059 -2.443900e+059 1.308118e+056 
2.363285e+062 -3.764714e+058 -9.979603e+058 -1.769956e+059 -2.591486e+059 -3.338511e+059 -3.893724e+059 -4.138108e+059 -4.003354e+059 -3.435548e+059 -2.430853e+059 1.295046e+056 
2.363285e+062 -3.764651e+058 -9.950198e+058 -1.767270e+059 -2.585141e+059 -3.335749e+059 -3.886549e+059 -4.135138e+059 -3.997858e+059 -3.431125e+059 -2.428505e+059 1.291306e+056 
2.363283e+062 -3.757688e+058 -9.994883e+058 -1.767797e+059 -2.593146e+059 -3.351552e+059 -3.907238e+059 -4.148961e+059 -4.021414e+059 -3.447089e+059 -2.440433e+059 1.300767e+056 
2.363254e+062 -3.301462e+058 -9.963535e+058 -1.712690e+059 -2.469038e+059 -3.345211e+059 -3.821670e+059 -4.019136e+059 -4.005338e+059 -3.393810e+059 -2.381650e+059 1.231396e+056 
2.363240e+062 -6.877360e+058 -1.807718e+059 -3.190530e+059 -4.631153e+059 -5.921213e+059 -6.835611e+059 -7.181365e+059 -6.864821e+059 -5.815567e+059 -4.060125e+059 4.001784e+056 
2.359166e+062 -1.351487e+060 -3.506890e+060 -6.128959e+060 -8.802891e+060 -1.109090e+061 -1.259398e+061 -1.300753e+061 -1.216438e+061 -1.005626e+061 -6.836959e+060 1.375765e+059 
2.344115e+062 -1.018297e+060 6.168217e+059 6.056346e+059 -4.057941e+060 -9.437394e+060 -1.079853e+061 -8.897340e+060 -7.055907e+060 -5.912431e+060 -4.210568e+060 3.939819e+058 
2.335246e+062 -4.640000e+060 -8.403095e+060 -1.238652e+061 -1.990623e+061 -2.971408e+061 -3.829628e+061 -3.963551e+061 -3.401988e+061 -2.465837e+061 -1.517116e+061 9.666951e+059 
2.338637e+062 -4.429396e+060 -9.003061e+060 -1.452617e+061 -2.278693e+061 -3.174895e+061 -3.859705e+061 -3.968108e+061 -3.459223e+061 -2.588056e+061 -1.622651e+061 1.075825e+060 
2.343256e+062 -4.494279e+060 -1.023616e+061 -1.685837e+061 -2.509509e+061 -3.334593e+061 -3.913469e+061 -3.978217e+061 -3.504040e+061 -2.692803e+061 -1.728135e+061 1.200452e+060 
2.346413e+062 -4.324580e+060 -1.064228e+061 -1.806258e+061 -2.610315e+061 -3.323929e+061 -3.778512e+061 -3.818488e+061 -3.411218e+061 -2.672828e+061 -1.728241e+061 1.197792e+060 
2.347621e+062 -4.093827e+060 -1.013804e+061 -1.734381e+061 -2.504406e+061 -3.177166e+061 -3.598439e+061 -3.613648e+061 -3.224002e+061 -2.537514e+061 -1.647773e+061 1.084832e+060 
2.350027e+062 -3.872579e+060 -9.891146e+060 -1.703618e+061 -2.428177e+061 -3.034201e+061 -3.393334e+061 -3.410069e+061 -3.075301e+061 -2.449201e+061 -1.598859e+061 9.966156e+059 
2.351997e+062 -2.714032e+060 -6.277966e+060 -1.045987e+061 -1.550104e+061 -2.046240e+061 -2.363909e+061 -2.361340e+061 -2.059281e+061 -1.592953e+061 -1.038146e+061 4.336137e+059 
2.359273e+062 -8.351033e+059 -2.264296e+060 -3.616540e+060 -5.710636e+060 -7.041223e+060 -8.188583e+060 -8.686173e+060 -7.737769e+060 -6.557345e+060 -4.343149e+060 5.602596e+058 
2.361525e+062 -5.138761e+059 -1.348740e+060 -2.312137e+060 -3.381206e+060 -4.276820e+060 -4.908633e+060 -5.121584e+060 -4.749108e+060 -3.955310e+060 -2.689573e+060 2.049958e+058 
2.362365e+062 -3.122585e+059 -8.095978e+059 -1.414750e+060 -2.039774e+060 -2.581224e+060 -2.945298e+060 -3.055486e+060 -2.867263e+060 -2.381746e+060 -1.628323e+060 7.443801e+057 
2.363026e+062 -1.152621e+059 -3.003569e+059 -5.268488e+059 -7.629554e+059 -9.710019e+059 -1.115484e+060 -1.166410e+060 -1.104768e+060 -9.274787e+059 -6.411361e+059 1.066334e+057 
2.363289e+062 -3.986518e+058 -1.053060e+059 -1.862521e+059 -2.736543e+059 -3.513359e+059 -4.102678e+059 -4.358523e+059 -4.202320e+059 -3.602037e+059 -2.541568e+059 1.435022e+056 
2.363286e+062 -3.833765e+058 -1.010130e+059 -1.793011e+059 -2.624043e+059 -3.379184e+059 -3.941329e+059 -4.186151e+059 -4.045749e+059 -3.470947e+059 -2.455522e+059 1.326814e+056 
2.363280e+062 -3.723816e+058 -9.971418e+058 -1.763698e+059 -2.578553e+059 -3.335155e+059 -3.891033e+059 -4.133784e+059 -4.002475e+059 -3.434644e+059 -2.431310e+059 1.289592e+056 
2.363282e+062 -3.760224e+058 -9.930562e+058 -1.762507e+059 -2.583237e+059 -3.331866e+059 -3.884395e+059 -4.130569e+059 -3.992969e+059 -3.425688e+059 -2.427420e+059 1.288047e+056 
2.363282e+062 -3.808640e+058 -1.001277e+059 -1.778979e+059 -2.611302e+059 -3.368639e+059 -3.928451e+059 -4.175195e+059 -4.040567e+059 -3.464968e+059 -2.453175e+059 1.316094e+056 
2.363283e+062 -3.787921e+058 -9.946296e+058 -1.763193e+059 -2.581257e+059 -3.328496e+059 -3.882706e+059 -4.129143e+059 -3.991611e+059 -3.423336e+059 -2.423219e+059 1.288422e+056 
2.363285e+062 -3.808012e+058 -1.004652e+059 -1.780795e+059 -2.607773e+059 -3.360500e+059 -3.923294e+059 -4.167768e+059 -4.030930e+059 -3.458455e+059 -2.449389e+059 1.313591e+056 
2.363281e+062 -3.795834e+058 -9.980368e+058 -1.758330e+059 -2.587925e+059 -3.337986e+059 -3.901170e+059 -4.155377e+059 -4.015493e+059 -3.437209e+059 -2.434106e+059 1.297238e+056 
2.363280e+062 -3.807878e+058 -1.002629e+059 -1.772389e+059 -2.600134e+059 -3.346783e+059 -3.905180e+059 -4.146776e+059 -4.008354e+059 -3.439922e+059 -2.434109e+059 1.302690e+056 
