2.362948e+062 -3.387335e+058 -6.700802e+058 -1.112109e+059 -1.888772e+059 -2.730406e+059 -3.375784e+059 -3.614864e+059 -3.497896e+059 -3.038759e+059 -2.149226e+059 8.406860e+055 
2.362986e+062 -3.245823e+058 -6.790181e+058 -1.049274e+059 -1.652199e+059 -2.530376e+059 -3.344431e+059 -3.843164e+059 -3.673086e+059 -3.041499e+059 -2.181634e+059 8.055324e+055 
2.363044e+062 -3.466510e+058 -7.710629e+058 -1.330025e+059 -2.094155e+059 -2.896594e+059 -3.661821e+059 -3.907858e+059 -3.643042e+059 -3.114239e+059 -2.231309e+059 9.829027e+055 
2.363093e+062 -3.378369e+058 -8.430224e+058 -1.458640e+059 -2.290745e+059 -3.098643e+059 -3.715602e+059 -4.014491e+059 -3.839743e+059 -3.275690e+059 -2.341294e+059 1.090347e+056 
2.363044e+062 -2.890647e+058 -6.777344e+058 -1.238370e+059 -2.067993e+059 -2.854432e+059 -3.521239e+059 -3.724923e+059 -3.512665e+059 -3.085027e+059 -2.262012e+059 8.935567e+055 
2.363073e+062 -2.901940e+058 -7.438213e+058 -1.248882e+059 -1.995740e+059 -2.886602e+059 -3.498489e+059 -3.768100e+059 -3.615213e+059 -3.074721e+059 -2.284347e+059 9.107546e+055 
2.363061e+062 -2.917426e+058 -7.944233e+058 -1.385638e+059 -2.086959e+059 -2.792588e+059 -3.500548e+059 -3.717252e+059 -3.610756e+059 -3.143244e+059 -2.207482e+059 9.390427e+055 
2.362958e+062 -3.170710e+058 -7.013182e+058 -1.227428e+059 -1.873288e+059 -2.668220e+059 -3.213850e+059 -3.356745e+059 -3.328780e+059 -3.055629e+059 -2.298628e+059 8.245785e+055 
2.362979e+062 -4.167115e+058 -7.354142e+058 -9.724444e+058 -1.644654e+059 -2.472242e+059 -3.283290e+059 -3.691297e+059 -3.573133e+059 -3.165368e+059 -2.270007e+059 8.361764e+055 
2.363006e+062 -3.110098e+058 -6.118633e+058 -1.106999e+059 -1.794702e+059 -2.789760e+059 -3.576792e+059 -3.817404e+059 -3.584572e+059 -3.028742e+059 -2.144312e+059 8.393869e+055 
2.356310e+062 -2.019001e+060 -5.034314e+060 -8.399383e+060 -1.149224e+061 -1.373607e+061 -1.473115e+061 -1.427664e+061 -1.245464e+061 -9.507543e+060 -5.908719e+060 1.938446e+059 
2.342085e+062 -5.497099e+060 -1.261547e+061 -1.905531e+061 -2.403414e+061 -2.689890e+061 -2.830573e+061 -2.755566e+061 -2.440096e+061 -1.888631e+061 -1.153273e+061 8.688451e+059 
2.327954e+062 -8.368777e+060 -1.759866e+061 -2.400992e+061 -2.759880e+061 -2.993324e+061 -3.158878e+061 -3.139858e+061 -2.760451e+061 -1.998339e+061 -1.083623e+061 1.215980e+060 
2.329230e+062 -7.196256e+060 -1.315225e+061 -1.341103e+061 -8.882877e+060 -4.094448e+060 -2.846505e+060 -6.558388e+060 -1.230475e+061 -1.520349e+061 -1.281489e+061 3.997715e+059 
2.340106e+062 -5.019435e+060 -1.014768e+061 -1.203765e+061 -1.098726e+061 -9.417277e+060 -8.665205e+060 -1.041339e+061 -1.324513e+061 -1.396404e+061 -1.133560e+061 3.233716e+059 
2.351380e+062 -2.819538e+060 -6.963807e+060 -1.084183e+061 -1.426690e+061 -1.755861e+061 -1.955845e+061 -2.046258e+061 -1.984930e+061 -1.668206e+061 -1.145802e+061 3.960473e+059 
2.352810e+062 -2.735779e+060 -7.130588e+060 -1.194467e+061 -1.647737e+061 -2.053026e+061 -2.289786e+061 -2.341167e+061 -2.189981e+061 -1.788464e+061 -1.202054e+061 4.822808e+059 
2.352110e+062 -2.641990e+060 -7.066628e+060 -1.152487e+061 -1.589301e+061 -2.019377e+061 -2.233883e+061 -2.296065e+061 -2.178472e+061 -1.768146e+061 -1.185046e+061 4.624582e+059 
2.352691e+062 -2.993243e+060 -7.587290e+060 -1.277707e+061 -1.781246e+061 -2.212960e+061 -2.484889e+061 -2.549661e+061 -2.373437e+061 -1.939776e+061 -1.296971e+061 5.639733e+059 
2.353787e+062 -2.935111e+060 -7.558211e+060 -1.305700e+061 -1.853816e+061 -2.311126e+061 -2.592885e+061 -2.643777e+061 -2.436569e+061 -1.977495e+061 -1.315780e+061 5.936335e+059 
2.356636e+062 -2.090543e+060 -5.407879e+060 -9.405740e+060 -1.345604e+061 -1.691102e+061 -1.913255e+061 -1.967962e+061 -1.832391e+061 -1.505297e+061 -1.015840e+061 3.197926e+059 
2.349253e+062 -4.340715e+060 -1.116271e+061 -1.924020e+061 -2.708740e+061 -3.332881e+061 -3.682142e+061 -3.677087e+061 -3.302592e+061 -2.607577e+061 -1.682396e+061 1.199962e+060 
2.348961e+062 -4.181288e+060 -1.085767e+061 -1.882469e+061 -2.633533e+061 -3.238647e+061 -3.601030e+061 -3.591828e+061 -3.208440e+061 -2.539204e+061 -1.645554e+061 1.137596e+060 
2.346180e+062 -5.231845e+060 -1.350883e+061 -2.330075e+061 -3.265779e+061 -4.003633e+061 -4.411916e+061 -4.380957e+061 -3.906352e+061 -3.066144e+061 -1.962414e+061 1.730074e+060 
2.348516e+062 -4.598030e+060 -1.179145e+061 -2.025420e+061 -2.841489e+061 -3.478455e+061 -3.818301e+061 -3.789364e+061 -3.382742e+061 -2.652314e+061 -1.698069e+061 1.296934e+060 
2.345476e+062 -5.530099e+060 -1.416974e+061 -2.429643e+061 -3.401483e+061 -4.150901e+061 -4.535411e+061 -4.474611e+061 -3.964801e+061 -3.077618e+061 -1.944126e+061 1.837742e+060 
2.354928e+062 -2.536766e+060 -6.523444e+060 -1.126543e+061 -1.596007e+061 -1.979611e+061 -2.207952e+061 -2.233703e+061 -2.040955e+061 -1.645813e+061 -1.090336e+061 4.285279e+059 
2.355652e+062 -2.308607e+060 -5.849123e+060 -9.951651e+060 -1.387827e+061 -1.690615e+061 -1.846476e+061 -1.826434e+061 -1.632664e+061 -1.290162e+061 -8.401015e+060 3.031042e+059 
2.359342e+062 -1.024191e+060 -2.514193e+060 -4.228935e+060 -5.942189e+060 -7.355017e+060 -8.089466e+060 -7.957138e+060 -7.062329e+060 -5.566938e+060 -3.668294e+060 5.629677e+058 
2.360571e+062 -7.165803e+059 -1.813867e+060 -3.127379e+060 -4.489597e+060 -5.680896e+060 -6.463999e+060 -6.646977e+060 -6.178023e+060 -5.075672e+060 -3.440916e+060 3.583910e+058 
2.360328e+062 -8.695997e+059 -2.233807e+060 -3.889188e+060 -5.600575e+060 -7.079109e+060 -8.073356e+060 -8.364059e+060 -7.847649e+060 -6.504059e+060 -4.437508e+060 5.630236e+058 
2.360845e+062 -6.956642e+059 -1.784140e+060 -3.132530e+060 -4.574694e+060 -5.862794e+060 -6.745781e+060 -7.036371e+060 -6.664986e+060 -5.613243e+060 -3.898094e+060 3.879870e+058 
2.362923e+062 -5.609415e+058 -1.188043e+059 -1.830387e+059 -2.574705e+059 -3.516967e+059 -4.383655e+059 -4.670112e+059 -4.355010e+059 -3.645586e+059 -2.656440e+059 1.592588e+056 
2.362726e+062 -4.940504e+058 -8.889892e+058 -1.474587e+059 -2.458492e+059 -3.519977e+059 -3.708922e+059 -3.330857e+059 -3.307786e+059 -3.196796e+059 -2.441617e+059 1.154180e+056 
2.362860e+062 -3.712335e+058 -6.989531e+058 -1.067100e+059 -2.009487e+059 -3.070578e+059 -3.463257e+059 -3.479625e+059 -3.366511e+059 -3.001399e+059 -2.337212e+059 8.985715e+055 
2.362969e+062 -3.232887e+058 -7.570893e+058 -1.307048e+059 -2.145679e+059 -3.156280e+059 -3.679506e+059 -3.817617e+059 -3.553944e+059 -3.021226e+059 -2.203681e+059 9.811242e+055 
2.363051e+062 -3.681600e+058 -7.350042e+058 -1.258760e+059 -2.124274e+059 -3.018882e+059 -3.693612e+059 -3.855246e+059 -3.655014e+059 -3.170842e+059 -2.284166e+059 9.946771e+055 
2.362951e+062 -3.215354e+058 -5.585608e+058 -9.196573e+058 -1.829002e+059 -3.016731e+059 -3.792053e+059 -3.856297e+059 -3.494600e+059 -2.922058e+059 -2.092596e+059 8.380201e+055 
