2.363285e+062 -3.802085e+058 -9.961217e+058 -1.769349e+059 -2.591071e+059 -3.335786e+059 -3.888120e+059 -4.138902e+059 -4.002598e+059 -3.432178e+059 -2.430677e+059 1.295214e+056 
2.363281e+062 -3.775987e+058 -9.935429e+058 -1.769398e+059 -2.588001e+059 -3.327536e+059 -3.884436e+059 -4.133122e+059 -3.998356e+059 -3.429997e+059 -2.428391e+059 1.290990e+056 
2.363283e+062 -3.819596e+058 -1.004139e+059 -1.779976e+059 -2.606504e+059 -3.360127e+059 -3.913117e+059 -4.163734e+059 -4.024434e+059 -3.453146e+059 -2.447149e+059 1.311588e+056 
2.363282e+062 -3.801746e+058 -1.003947e+059 -1.779019e+059 -2.605032e+059 -3.357303e+059 -3.909989e+059 -4.158874e+059 -4.023150e+059 -3.451686e+059 -2.445979e+059 1.309257e+056 
2.363284e+062 -3.827250e+058 -1.007448e+059 -1.786545e+059 -2.615642e+059 -3.372324e+059 -3.932740e+059 -4.180814e+059 -4.040686e+059 -3.467818e+059 -2.455810e+059 1.321580e+056 
2.363284e+062 -3.824002e+058 -1.007131e+059 -1.787307e+059 -2.615718e+059 -3.372302e+059 -3.927939e+059 -4.178147e+059 -4.039777e+059 -3.465454e+059 -2.452924e+059 1.320464e+056 
2.363284e+062 -3.773135e+058 -9.946717e+058 -1.767194e+059 -2.590856e+059 -3.333118e+059 -3.884510e+059 -4.135054e+059 -3.997681e+059 -3.430789e+059 -2.428142e+059 1.291781e+056 
2.363287e+062 -3.791340e+058 -9.993955e+058 -1.772247e+059 -2.588002e+059 -3.333561e+059 -3.885571e+059 -4.134325e+059 -4.001602e+059 -3.429943e+059 -2.430164e+059 1.294563e+056 
2.363286e+062 -3.784102e+058 -9.994911e+058 -1.767518e+059 -2.591537e+059 -3.340135e+059 -3.894185e+059 -4.147795e+059 -4.007330e+059 -3.437409e+059 -2.433433e+059 1.297380e+056 
2.363283e+062 -3.792079e+058 -9.930993e+058 -1.761858e+059 -2.575688e+059 -3.317963e+059 -3.869243e+059 -4.117359e+059 -3.989219e+059 -3.422276e+059 -2.422987e+059 1.284196e+056 
2.363292e+062 -5.223458e+058 -1.370889e+059 -2.411862e+059 -3.519334e+059 -4.499037e+059 -5.212919e+059 -5.509344e+059 -5.275971e+059 -4.490858e+059 -3.147363e+059 2.332325e+056 
2.355898e+062 -2.299309e+060 -5.892564e+060 -1.011006e+061 -1.420524e+061 -1.740780e+061 -1.913297e+061 -1.903211e+061 -1.704133e+061 -1.341296e+061 -8.622622e+060 3.202741e+059 
2.345084e+062 -2.001000e+060 -6.883334e+060 -1.094399e+061 -1.708029e+061 -2.121440e+061 -2.185899e+061 -2.282591e+061 -2.017194e+061 -1.596699e+061 -1.032267e+061 4.313938e+059 
2.319793e+062 1.447413e+060 -1.402065e+060 -5.442302e+060 -1.118127e+061 -1.527156e+061 -1.287770e+061 -1.480272e+061 -1.596423e+061 -1.333926e+061 -8.168420e+060 1.213987e+059 
2.307050e+062 3.451159e+060 1.154198e+060 -2.928532e+060 -6.151408e+060 -1.020721e+061 -7.147936e+060 -8.837556e+060 -1.625642e+061 -1.310196e+061 -5.495827e+060 6.467471e+057 
2.303815e+062 1.856356e+060 -7.739695e+059 -2.397342e+060 -5.421499e+060 -1.034613e+061 -1.184582e+061 -1.761142e+061 -1.834931e+061 -1.355607e+061 -8.381155e+060 5.338345e+058 
2.307394e+062 9.384304e+059 -2.921679e+060 -6.986901e+060 -8.752706e+060 -1.392946e+061 -1.773640e+061 -2.354293e+061 -2.441214e+061 -1.746821e+061 -1.049194e+061 2.059002e+059 
2.308645e+062 -1.409180e+060 -3.889411e+060 -4.313863e+060 -5.952433e+060 -1.653339e+061 -2.456399e+061 -2.997718e+061 -2.888282e+061 -1.713164e+061 -9.035680e+060 2.744993e+059 
2.333096e+062 -3.118180e+060 -5.482667e+060 -7.301011e+060 -1.254283e+061 -2.150626e+061 -2.804803e+061 -2.929078e+061 -2.471449e+061 -1.715931e+061 -1.029385e+061 4.560654e+059 
2.328551e+062 -2.958580e+060 -3.251554e+060 -2.295176e+060 -6.904142e+060 -1.853856e+061 -2.722701e+061 -2.750265e+061 -2.124426e+061 -1.301780e+061 -7.752586e+060 2.734607e+059 
2.342034e+062 -2.447705e+060 -6.402008e+060 -1.061626e+061 -1.590135e+061 -2.214940e+061 -2.555957e+061 -2.624541e+061 -2.288360e+061 -1.674006e+061 -1.074624e+061 4.830806e+059 
2.343394e+062 -3.882014e+060 -8.617681e+060 -1.341724e+061 -1.931133e+061 -2.591848e+061 -3.079231e+061 -3.217676e+061 -2.822681e+061 -2.068130e+061 -1.259806e+061 7.504865e+059 
2.344322e+062 -4.084251e+060 -8.480066e+060 -1.262802e+061 -1.754657e+061 -2.366880e+061 -2.918616e+061 -3.111099e+061 -2.786113e+061 -2.072291e+061 -1.235727e+061 6.911927e+059 
2.318479e+062 -1.740550e+060 6.924207e+060 1.708816e+061 1.473845e+061 1.087594e+060 -9.184204e+060 -7.269078e+060 6.514080e+059 4.438042e+060 2.480082e+060 -1.680537e+058 
2.340778e+062 -3.868233e+060 -7.037256e+060 -1.055327e+061 -1.617248e+061 -2.246634e+061 -2.640696e+061 -2.694541e+061 -2.472530e+061 -1.986062e+061 -1.250148e+061 5.686183e+059 
2.340350e+062 -6.607165e+060 -1.619137e+061 -2.682781e+061 -3.686909e+061 -4.469572e+061 -4.865006e+061 -4.750949e+061 -4.113155e+061 -3.070745e+061 -1.838942e+061 2.127235e+060 
2.334857e+062 -8.420800e+060 -2.088592e+061 -3.469546e+061 -4.729147e+061 -5.640232e+061 -6.015860e+061 -5.748504e+061 -4.862652e+061 -3.535926e+061 -2.049928e+061 3.299605e+060 
2.336539e+062 -7.374693e+060 -1.745088e+061 -2.767782e+061 -3.632141e+061 -4.220648e+061 -4.430309e+061 -4.180802e+061 -3.476032e+061 -2.461407e+061 -1.382693e+061 1.851927e+060 
2.329381e+062 -8.906897e+060 -2.012951e+061 -3.001959e+061 -3.658987e+061 -3.901542e+061 -3.684309e+061 -3.013645e+061 -2.030344e+061 -1.025015e+061 -3.045792e+060 1.201717e+060 
2.351257e+062 -3.073828e+060 -6.893775e+060 -1.056706e+061 -1.396866e+061 -1.707347e+061 -1.928006e+061 -1.954726e+061 -1.726437e+061 -1.291381e+061 -7.759362e+060 3.402318e+059 
2.356764e+062 -1.971420e+060 -4.914368e+060 -8.231689e+060 -1.135649e+061 -1.380426e+061 -1.519111e+061 -1.525563e+061 -1.390680e+061 -1.124701e+061 -7.530403e+060 2.124196e+059 
2.359258e+062 -1.225714e+060 -3.084422e+060 -5.199493e+060 -7.182271e+060 -8.695556e+060 -9.498660e+060 -9.464559e+060 -8.574003e+060 -6.905109e+060 -4.604999e+060 8.221476e+058 
2.360752e+062 -7.993014e+059 -2.033495e+060 -3.467865e+060 -4.837660e+060 -5.896050e+060 -6.458755e+060 -6.416661e+060 -5.762077e+060 -4.568439e+060 -2.980235e+060 3.670259e+058 
2.362181e+062 -3.825191e+059 -9.825758e+059 -1.696609e+060 -2.403650e+060 -2.985394e+060 -3.341895e+060 -3.402909e+060 -3.138267e+060 -2.562148e+060 -1.724101e+060 9.751767e+057 
2.362581e+062 -2.645488e+059 -6.860544e+059 -1.197440e+060 -1.722661e+060 -2.178548e+060 -2.490216e+060 -2.599632e+060 -2.464400e+060 -2.070434e+060 -1.434621e+060 5.400995e+057 
2.363220e+062 -6.323290e+058 -1.641069e+059 -2.881601e+059 -4.169631e+059 -5.315710e+059 -6.143352e+059 -6.486647e+059 -6.221432e+059 -5.292135e+059 -3.715229e+059 3.276023e+056 
2.363271e+062 -4.064414e+058 -1.063067e+059 -1.867486e+059 -2.722296e+059 -3.494090e+059 -4.055502e+059 -4.308989e+059 -4.166594e+059 -3.569615e+059 -2.529305e+059 1.424568e+056 
2.363274e+062 -4.026198e+058 -1.050646e+059 -1.846911e+059 -2.684231e+059 -3.442744e+059 -3.994340e+059 -4.241691e+059 -4.105561e+059 -3.525628e+059 -2.506610e+059 1.387328e+056 
2.363272e+062 -3.926685e+058 -1.030004e+059 -1.816601e+059 -2.661589e+059 -3.422189e+059 -3.980670e+059 -4.232798e+059 -4.089131e+059 -3.502125e+059 -2.477474e+059 1.361573e+056 
2.363271e+062 -3.959517e+058 -1.029775e+059 -1.810724e+059 -2.628799e+059 -3.368167e+059 -3.907935e+059 -4.150772e+059 -4.014168e+059 -3.449983e+059 -2.448257e+059 1.329813e+056 
2.363280e+062 -3.930840e+058 -1.028244e+059 -1.807041e+059 -2.634996e+059 -3.381278e+059 -3.918835e+059 -4.170031e+059 -4.030231e+059 -3.455220e+059 -2.446799e+059 1.333280e+056 
2.363283e+062 -3.849876e+058 -1.009661e+059 -1.784569e+059 -2.608564e+059 -3.360749e+059 -3.906165e+059 -4.154973e+059 -4.013343e+059 -3.439716e+059 -2.435748e+059 1.311552e+056 
2.363277e+062 -3.919120e+058 -1.025965e+059 -1.809438e+059 -2.638080e+059 -3.387877e+059 -3.947225e+059 -4.195630e+059 -4.050430e+059 -3.476936e+059 -2.462510e+059 1.341905e+056 
2.363279e+062 -3.855631e+058 -1.012617e+059 -1.793741e+059 -2.619800e+059 -3.366674e+059 -3.916950e+059 -4.167887e+059 -4.030420e+059 -3.459862e+059 -2.450670e+059 1.321270e+056 
2.363282e+062 -3.816745e+058 -1.007295e+059 -1.785200e+059 -2.609245e+059 -3.359975e+059 -3.913212e+059 -4.164722e+059 -4.024774e+059 -3.447127e+059 -2.441947e+059 1.312641e+056 
