2.363290e+062 -3.828085e+058 -1.005450e+059 -1.782709e+059 -2.608030e+059 -3.359336e+059 -3.914407e+059 -4.163111e+059 -4.023936e+059 -3.450497e+059 -2.443051e+059 1.312358e+056 
2.363290e+062 -3.841084e+058 -1.009378e+059 -1.789163e+059 -2.618441e+059 -3.371570e+059 -3.928030e+059 -4.177435e+059 -4.036707e+059 -3.461890e+059 -2.450765e+059 1.321649e+056 
2.363288e+062 -3.830037e+058 -1.005356e+059 -1.782329e+059 -2.608976e+059 -3.358627e+059 -3.914272e+059 -4.162889e+059 -4.024136e+059 -3.452222e+059 -2.443002e+059 1.312509e+056 
2.363283e+062 -3.788669e+058 -9.949453e+058 -1.775550e+059 -2.600842e+059 -3.333681e+059 -3.884394e+059 -4.143271e+059 -4.009705e+059 -3.432003e+059 -2.430399e+059 1.296717e+056 
2.363225e+062 -3.376917e+058 -8.882473e+058 -1.656354e+059 -2.484387e+059 -3.169210e+059 -3.767526e+059 -4.078461e+059 -3.902843e+059 -3.283636e+059 -2.354423e+059 1.171797e+056 
2.362840e+062 -3.088814e+057 -1.850407e+058 -6.557136e+058 -1.322238e+059 -2.611004e+059 -3.667122e+059 -3.368470e+059 -2.884689e+059 -2.582460e+059 -1.923563e+059 4.766716e+055 
2.362278e+062 6.203443e+058 8.717607e+058 3.061463e+058 -6.790102e+058 -1.077261e+059 -1.506716e+059 -2.487244e+059 -2.782240e+059 -1.510324e+059 -9.241304e+058 -1.398397e+055 
2.359729e+062 2.560427e+059 4.940756e+059 7.900089e+059 4.001096e+059 2.733544e+059 3.495110e+059 2.868664e+059 3.450405e+059 2.362956e+059 1.185739e+059 2.956867e+056 
2.355570e+062 3.087114e+059 9.336574e+059 1.970577e+060 1.292946e+060 1.545409e+060 5.659481e+059 1.183909e+060 1.174539e+060 9.194487e+059 7.957100e+059 2.573498e+057 
2.353327e+062 -2.076368e+059 3.371124e+059 1.675269e+060 1.620050e+060 2.791002e+060 2.181168e+060 2.875878e+060 2.411121e+060 1.552945e+060 8.609587e+059 4.406197e+057 
2.361969e+062 -1.860347e+059 -3.157990e+059 -2.931982e+059 -1.737757e+059 7.440349e+058 2.020714e+059 2.803966e+059 1.563914e+059 -3.448444e+058 -1.263867e+059 2.294610e+055 
2.305961e+062 -1.541702e+061 -3.554150e+061 -5.353861e+061 -6.374526e+061 -6.268117e+061 -5.132260e+061 -3.417865e+061 -1.654483e+061 -2.891688e+060 3.900917e+060 2.187945e+060 
2.291906e+062 -1.899188e+061 -4.290305e+061 -6.263472e+061 -7.156155e+061 -6.688856e+061 -5.119781e+061 -3.067996e+061 -1.158114e+061 1.619736e+060 6.634680e+060 2.137414e+060 
2.285733e+062 -1.982083e+061 -4.238901e+061 -5.669226e+061 -5.713910e+061 -4.491679e+061 -2.658331e+061 -9.921961e+060 2.035471e+059 3.236569e+060 1.812445e+060 6.009886e+059 
2.262146e+062 -2.273360e+061 -4.256467e+061 -4.533971e+061 -2.889148e+061 -2.739604e+060 1.723146e+061 2.064972e+061 9.858755e+060 -4.121691e+060 -1.077447e+061 1.451550e+059 
2.307107e+062 -1.008395e+061 -1.716414e+061 -1.766537e+061 -1.408561e+061 -9.658231e+060 -8.832015e+060 -1.135857e+061 -1.233846e+061 -1.040877e+061 -6.466484e+060 4.176662e+059 
2.317024e+062 -4.727539e+060 -2.110340e+060 5.360683e+060 7.016128e+060 -7.406865e+059 -1.340813e+061 -2.009474e+061 -1.577488e+061 -6.797882e+060 -1.246239e+060 -5.130464e+058 
2.314583e+062 -5.281497e+060 -2.516234e+060 5.814245e+060 7.972699e+060 -1.163012e+060 -1.614559e+061 -2.464772e+061 -2.091603e+061 -1.071743e+061 -2.952802e+060 -5.297352e+058 
2.323457e+062 -4.646195e+060 -3.953516e+060 6.056372e+059 1.322443e+060 -4.644757e+060 -1.559029e+061 -2.299996e+061 -2.130098e+061 -1.326609e+061 -5.356032e+060 8.803900e+058 
2.340146e+062 -3.338757e+060 -4.412042e+060 -3.801772e+060 -5.328104e+060 -1.041444e+061 -1.715145e+061 -2.076880e+061 -1.848692e+061 -1.218319e+061 -5.899062e+060 1.785865e+059 
2.350746e+062 -2.097384e+060 -3.948612e+060 -5.054063e+060 -7.346529e+060 -9.844276e+060 -1.306194e+061 -1.456650e+061 -1.299088e+061 -9.663395e+060 -5.370706e+060 1.356308e+059 
2.360381e+062 -6.655566e+059 -1.667073e+060 -2.686205e+060 -3.982789e+060 -4.772091e+060 -5.473915e+060 -5.641103e+060 -5.083808e+060 -4.155301e+060 -2.632947e+060 2.605874e+058 
2.362598e+062 -1.697478e+059 -4.112338e+059 -6.335166e+059 -9.480479e+059 -1.148579e+060 -1.375170e+060 -1.462510e+060 -1.342962e+060 -1.113296e+060 -7.074241e+059 1.639090e+057 
2.363115e+062 -7.982373e+058 -2.004503e+059 -3.395456e+059 -4.884556e+059 -6.170850e+059 -7.153717e+059 -7.535806e+059 -7.120571e+059 -5.937484e+059 -4.039280e+059 4.453767e+056 
2.363275e+062 -4.040968e+058 -1.054724e+059 -1.856951e+059 -2.712653e+059 -3.485382e+059 -4.061764e+059 -4.318968e+059 -4.166475e+059 -3.565135e+059 -2.514741e+059 1.417615e+056 
2.363286e+062 -3.859947e+058 -1.013038e+059 -1.794277e+059 -2.626918e+059 -3.379687e+059 -3.937414e+059 -4.184098e+059 -4.042848e+059 -3.465768e+059 -2.451943e+059 1.327985e+056 
2.363288e+062 -3.831607e+058 -1.006159e+059 -1.784953e+059 -2.609160e+059 -3.359748e+059 -3.912455e+059 -4.160052e+059 -4.020885e+059 -3.448401e+059 -2.440926e+059 1.312316e+056 
2.363289e+062 -3.832104e+058 -1.007143e+059 -1.785852e+059 -2.612145e+059 -3.364696e+059 -3.917208e+059 -4.166593e+059 -4.024709e+059 -3.450599e+059 -2.442301e+059 1.314916e+056 
2.363289e+062 -3.821075e+058 -1.002882e+059 -1.777725e+059 -2.600326e+059 -3.346805e+059 -3.899236e+059 -4.145339e+059 -4.006611e+059 -3.436211e+059 -2.432543e+059 1.303117e+056 
2.363289e+062 -3.852655e+058 -1.010085e+059 -1.787089e+059 -2.609617e+059 -3.356349e+059 -3.904316e+059 -4.149979e+059 -4.010272e+059 -3.439439e+059 -2.436639e+059 1.311177e+056 
2.363291e+062 -3.832927e+058 -1.006085e+059 -1.784097e+059 -2.609478e+059 -3.358142e+059 -3.912497e+059 -4.159862e+059 -4.019184e+059 -3.446066e+059 -2.439351e+059 1.311710e+056 
2.363289e+062 -3.857021e+058 -1.011549e+059 -1.792526e+059 -2.618330e+059 -3.369428e+059 -3.923207e+059 -4.171225e+059 -4.031335e+059 -3.457941e+059 -2.448192e+059 1.321501e+056 
2.363287e+062 -3.859299e+058 -1.011423e+059 -1.792371e+059 -2.619352e+059 -3.370112e+059 -3.924811e+059 -4.170426e+059 -4.032032e+059 -3.457648e+059 -2.447644e+059 1.321801e+056 
