2.363169e+062 -3.140139e+058 -9.064156e+058 -1.637937e+059 -2.416873e+059 -3.179447e+059 -3.756685e+059 -3.981272e+059 -3.863965e+059 -3.323995e+059 -2.370961e+059 1.149343e+056 
2.363170e+062 -3.127110e+058 -9.229486e+058 -1.699749e+059 -2.432436e+059 -3.196741e+059 -3.818800e+059 -3.987550e+059 -3.914978e+059 -3.369764e+059 -2.345970e+059 1.175074e+056 
2.363174e+062 -3.207561e+058 -9.349760e+058 -1.693481e+059 -2.535601e+059 -3.249135e+059 -3.889847e+059 -4.120325e+059 -3.978690e+059 -3.424253e+059 -2.431629e+059 1.224729e+056 
2.363173e+062 -3.045837e+058 -8.926480e+058 -1.599879e+059 -2.456856e+059 -3.105929e+059 -3.788340e+059 -3.953310e+059 -3.864801e+059 -3.338759e+059 -2.343289e+059 1.134021e+056 
2.363181e+062 -3.150802e+058 -9.378468e+058 -1.636159e+059 -2.522773e+059 -3.254226e+059 -3.817571e+059 -4.088387e+059 -3.958976e+059 -3.425938e+059 -2.401977e+059 1.202089e+056 
2.363196e+062 -3.230159e+058 -9.348329e+058 -1.688721e+059 -2.455856e+059 -3.237831e+059 -3.777937e+059 -4.057370e+059 -3.964673e+059 -3.379425e+059 -2.406383e+059 1.196113e+056 
2.363186e+062 -3.478618e+058 -9.572781e+058 -1.724216e+059 -2.576177e+059 -3.279053e+059 -3.845908e+059 -4.119876e+059 -3.957308e+059 -3.397844e+059 -2.423998e+059 1.247193e+056 
2.363180e+062 -2.985966e+058 -9.058886e+058 -1.567007e+059 -2.411278e+059 -3.136062e+059 -3.623562e+059 -3.891530e+059 -3.784402e+059 -3.264001e+059 -2.312527e+059 1.099189e+056 
2.363201e+062 -3.395646e+058 -9.591109e+058 -1.713552e+059 -2.559896e+059 -3.286205e+059 -3.888376e+059 -4.116926e+059 -4.004608e+059 -3.453763e+059 -2.445787e+059 1.252326e+056 
2.362875e+062 1.637140e+057 -7.107901e+058 -6.682420e+058 -1.788111e+059 -2.410740e+059 -2.794797e+059 -3.206016e+059 -3.224757e+059 -2.668672e+059 -2.039036e+059 5.315579e+055 
2.348064e+062 1.115799e+060 5.500665e+059 4.066998e+060 1.122531e+060 2.546392e+060 1.971842e+060 7.648481e+059 1.688515e+060 9.180443e+059 8.001368e+059 6.126504e+057 
2.317496e+062 4.005078e+059 -1.479536e+060 -6.813232e+060 -8.876159e+060 -1.598068e+061 -2.830856e+061 -2.765842e+061 -1.804498e+061 -1.598055e+061 -1.305821e+061 2.389346e+059 
2.335630e+062 -1.173964e+060 -4.244065e+060 -9.072925e+060 -1.428864e+061 -1.944089e+061 -2.554412e+061 -2.554329e+061 -2.064763e+061 -1.776049e+061 -1.252269e+061 3.831576e+059 
2.324027e+062 8.527803e+058 -1.166989e+060 -4.722925e+060 -8.024535e+060 -1.432937e+061 -2.379907e+061 -2.325586e+061 -1.622058e+061 -1.421255e+061 -1.056038e+061 1.786156e+059 
2.323915e+062 2.051051e+059 2.433205e+059 -6.863451e+059 -4.015948e+060 -1.113840e+061 -2.055942e+061 -1.970541e+061 -1.262678e+061 -1.116082e+061 -8.238272e+060 7.812035e+058 
2.327065e+062 2.867672e+059 -1.025356e+060 -4.013481e+060 -5.943467e+060 -1.256216e+061 -2.245219e+061 -2.029851e+061 -1.362573e+061 -1.325867e+061 -9.678963e+060 1.304063e+059 
2.337303e+062 -1.385015e+060 -4.610159e+060 -8.587662e+060 -1.397061e+061 -1.969978e+061 -2.542044e+061 -2.490613e+061 -2.025482e+061 -1.732217e+061 -1.204560e+061 3.807904e+059 
2.331180e+062 -2.305071e+060 -7.947278e+060 -1.467912e+061 -2.081525e+061 -2.783091e+061 -3.650839e+061 -3.509908e+061 -2.835283e+061 -2.434095e+061 -1.612999e+061 8.414769e+059 
2.334851e+062 -3.610396e+060 -8.102032e+060 -1.349486e+061 -2.145821e+061 -3.043783e+061 -3.756692e+061 -3.686360e+061 -3.058451e+061 -2.378997e+061 -1.535881e+061 9.254607e+059 
2.338120e+062 -3.823332e+060 -1.040731e+061 -1.784714e+061 -2.602590e+061 -3.404179e+061 -3.945264e+061 -3.848488e+061 -3.277794e+061 -2.608302e+061 -1.702064e+061 1.184252e+060 
2.345127e+062 -4.164998e+060 -1.142095e+061 -1.994079e+061 -2.755104e+061 -3.402480e+061 -3.850159e+061 -3.762820e+061 -3.305233e+061 -2.647738e+061 -1.688910e+061 1.247763e+060 
2.351044e+062 -3.383771e+060 -8.945909e+060 -1.554956e+061 -2.177912e+061 -2.701324e+061 -3.030538e+061 -3.031589e+061 -2.727391e+061 -2.188288e+061 -1.427962e+061 7.939953e+059 
2.352734e+062 -2.961416e+060 -7.770910e+060 -1.348972e+061 -1.903511e+061 -2.373625e+061 -2.663668e+061 -2.684186e+061 -2.437032e+061 -1.966828e+061 -1.298177e+061 6.148386e+059 
2.345501e+062 -5.189411e+060 -1.346063e+061 -2.311332e+061 -3.207649e+061 -3.904879e+061 -4.268250e+061 -4.175166e+061 -3.662066e+061 -2.829369e+061 -1.769162e+061 1.609092e+060 
2.356075e+062 -2.265313e+060 -5.886257e+060 -1.026469e+061 -1.466047e+061 -1.838112e+061 -2.077844e+061 -2.130879e+061 -1.977137e+061 -1.623008e+061 -1.094087e+061 3.768852e+059 
2.357431e+062 -1.831210e+060 -4.739580e+060 -8.235823e+060 -1.173620e+061 -1.468208e+061 -1.657146e+061 -1.700086e+061 -1.581683e+061 -1.303790e+061 -8.849710e+060 2.412113e+059 
2.355882e+062 -2.218443e+060 -5.637826e+060 -9.550748e+060 -1.317548e+061 -1.581300e+061 -1.698086e+061 -1.640218e+061 -1.422128e+061 -1.078504e+061 -6.644209e+060 2.521706e+059 
2.357955e+062 -1.597723e+060 -4.029733e+060 -6.749278e+060 -9.205228e+060 -1.088236e+061 -1.146071e+061 -1.084124e+061 -9.163895e+060 -6.748040e+060 -4.014278e+060 1.143759e+059 
2.359438e+062 -1.078235e+060 -2.746936e+060 -4.660336e+060 -6.435826e+060 -7.778862e+060 -8.455995e+060 -8.310653e+060 -7.395967e+060 -5.839751e+060 -3.800241e+060 6.346749e+058 
2.358510e+062 -1.430759e+060 -3.653037e+060 -6.244045e+060 -8.730810e+060 -1.066310e+061 -1.171018e+061 -1.165862e+061 -1.050842e+061 -8.366217e+060 -5.492327e+060 1.211695e+059 
2.361182e+062 -6.676876e+059 -1.728003e+060 -2.990070e+060 -4.250210e+060 -5.283660e+060 -5.923717e+060 -6.031539e+060 -5.561814e+060 -4.548395e+060 -3.059202e+060 3.055297e+058 
2.363051e+062 -6.768836e+058 -1.825411e+059 -3.152966e+059 -4.376351e+059 -5.325789e+059 -5.943355e+059 -5.854006e+059 -5.361540e+059 -4.277688e+059 -2.831436e+059 3.033067e+056 
2.363149e+062 -4.365777e+058 -1.249776e+059 -2.076107e+059 -3.065579e+059 -3.843465e+059 -4.349437e+059 -4.546503e+059 -4.276921e+059 -3.611007e+059 -2.517617e+059 1.653341e+056 
2.363166e+062 -3.630518e+058 -9.999590e+058 -1.793050e+059 -2.660398e+059 -3.337400e+059 -3.951684e+059 -4.116377e+059 -3.999150e+059 -3.413508e+059 -2.434329e+059 1.302635e+056 
2.363185e+062 -3.813757e+058 -1.052727e+059 -1.893874e+059 -2.691755e+059 -3.417743e+059 -3.949429e+059 -4.137564e+059 -3.956438e+059 -3.403522e+059 -2.396863e+059 1.344949e+056 
2.363183e+062 -3.492243e+058 -9.837884e+058 -1.760479e+059 -2.554494e+059 -3.293780e+059 -3.835114e+059 -4.062993e+059 -3.905176e+059 -3.333868e+059 -2.389441e+059 1.243278e+056 
