2.363283e+062 -3.749645e+058 -9.913624e+058 -1.764831e+059 -2.585842e+059 -3.327239e+059 -3.871421e+059 -4.125665e+059 -3.989305e+059 -3.422186e+059 -2.420187e+059 1.285004e+056 
2.363285e+062 -3.809064e+058 -1.002438e+059 -1.780349e+059 -2.610412e+059 -3.366955e+059 -3.922820e+059 -4.174108e+059 -4.033691e+059 -3.460436e+059 -2.450620e+059 1.314825e+056 
2.363287e+062 -3.798053e+058 -1.000200e+059 -1.777118e+059 -2.606811e+059 -3.355127e+059 -3.910150e+059 -4.161962e+059 -4.022251e+059 -3.452493e+059 -2.442565e+059 1.307917e+056 
2.363288e+062 -3.749198e+058 -9.909385e+058 -1.756158e+059 -2.576977e+059 -3.317950e+059 -3.864445e+059 -4.116843e+059 -3.977012e+059 -3.413865e+059 -2.418500e+059 1.278916e+056 
2.363283e+062 -3.821571e+058 -1.009208e+059 -1.789960e+059 -2.627004e+059 -3.387438e+059 -3.946798e+059 -4.207099e+059 -4.063931e+059 -3.488952e+059 -2.470682e+059 1.332276e+056 
2.363283e+062 -3.782856e+058 -9.961954e+058 -1.766887e+059 -2.594896e+059 -3.338391e+059 -3.896042e+059 -4.148143e+059 -4.003947e+059 -3.438925e+059 -2.433451e+059 1.296744e+056 
2.363280e+062 -3.786128e+058 -1.006502e+059 -1.784357e+059 -2.614971e+059 -3.369293e+059 -3.927667e+059 -4.179891e+059 -4.044474e+059 -3.466573e+059 -2.456818e+059 1.318539e+056 
2.363280e+062 -3.775612e+058 -9.918776e+058 -1.765089e+059 -2.580368e+059 -3.333754e+059 -3.885010e+059 -4.131608e+059 -3.998685e+059 -3.427430e+059 -2.428354e+059 1.289409e+056 
2.363283e+062 -3.755389e+058 -9.928035e+058 -1.762196e+059 -2.585290e+059 -3.329180e+059 -3.882492e+059 -4.128709e+059 -3.992096e+059 -3.424436e+059 -2.424304e+059 1.287057e+056 
2.362313e+062 8.502994e+058 1.484396e+059 -6.409284e+058 -2.781325e+059 -2.554740e+058 2.795406e+058 -2.370796e+059 -3.791526e+059 -2.244331e+059 -7.528143e+058 -6.316224e+054 
2.214642e+062 1.983625e+061 1.851974e+061 1.964382e+061 3.423797e+061 3.671465e+061 3.680482e+061 4.190741e+061 2.465068e+061 1.981874e+061 2.372272e+061 2.038551e+060 
1.928172e+062 4.606684e+061 3.255664e+061 8.769933e+061 1.176088e+062 1.027984e+062 1.240707e+062 1.594979e+062 1.130647e+062 1.019004e+062 9.320646e+061 2.273487e+061 
1.491788e+062 8.157818e+061 7.740351e+061 1.556162e+062 2.701102e+062 3.070538e+062 3.441190e+062 4.894391e+062 5.067585e+062 4.786284e+062 4.469035e+062 2.035085e+062 
1.380113e+062 7.904635e+061 1.102448e+062 1.643012e+062 2.689447e+062 3.688719e+062 4.343078e+062 5.850928e+062 6.195317e+062 6.455896e+062 6.035892e+062 2.946084e+062 
2.170422e+062 8.645101e+060 2.771350e+061 4.457499e+061 4.859028e+061 5.533797e+061 4.641365e+061 2.675971e+061 2.793685e+061 4.254409e+061 2.974359e+061 2.748989e+060 
2.340459e+062 -3.600716e+060 -6.838344e+060 -8.549126e+060 -1.044404e+061 -1.247917e+061 -1.429006e+061 -1.468301e+061 -1.317632e+061 -1.059664e+061 -7.131970e+060 2.330628e+059 
2.255141e+062 -1.668502e+061 -2.100855e+061 -1.197743e+061 -4.456150e+060 -8.383530e+060 -1.966725e+061 -2.749773e+061 -2.616952e+061 -1.909299e+061 -1.202368e+061 9.253922e+059 
2.289908e+062 -1.442099e+061 -2.517271e+061 -2.766700e+061 -2.615718e+061 -2.627125e+061 -2.935743e+061 -3.216023e+061 -3.040440e+061 -2.313510e+061 -1.343511e+061 1.661639e+060 
2.308517e+062 -1.148218e+061 -2.097349e+061 -2.328297e+061 -1.952402e+061 -1.411159e+061 -1.106478e+061 -1.146226e+061 -1.319875e+061 -1.327867e+061 -1.027370e+061 6.719999e+059 
2.302083e+062 -1.364326e+061 -2.557345e+061 -2.806122e+061 -2.097929e+061 -1.025474e+061 -2.912527e+060 -2.272076e+060 -6.375544e+060 -1.032314e+061 -1.011952e+061 5.588710e+059 
2.306761e+062 -1.274614e+061 -2.504986e+061 -3.113050e+061 -3.072261e+061 -2.698925e+061 -2.338391e+061 -2.111591e+061 -1.879667e+061 -1.475704e+061 -9.173870e+060 1.144137e+060 
2.276687e+062 -1.803296e+061 -3.204155e+061 -3.343731e+061 -2.473789e+061 -1.414867e+061 -8.688458e+060 -9.840732e+060 -1.366599e+061 -1.508478e+061 -1.189201e+061 1.104566e+060 
2.261622e+062 -1.821956e+061 -2.713941e+061 -2.024661e+061 -6.354095e+060 3.055537e+060 3.281282e+060 -2.861724e+060 -9.553476e+060 -1.273099e+061 -1.111929e+061 7.371051e+059 
2.303948e+062 -1.075621e+061 -1.641430e+061 -1.265113e+061 -3.631982e+060 4.035168e+060 6.445729e+060 3.699642e+060 -1.439051e+060 -5.728869e+060 -6.770269e+060 2.117934e+059 
2.343250e+062 -4.079987e+060 -7.219019e+060 -7.742047e+060 -6.563093e+060 -5.486345e+060 -5.389196e+060 -5.968473e+060 -6.589215e+060 -6.740018e+060 -5.778619e+060 1.169524e+059 
2.353525e+062 -2.117340e+060 -4.179120e+060 -5.695868e+060 -7.071809e+060 -8.575933e+060 -9.824246e+060 -1.024511e+061 -9.736129e+060 -8.448879e+060 -6.265300e+060 1.123821e+059 
2.358180e+062 -1.356934e+060 -3.014583e+060 -4.432562e+060 -5.432749e+060 -6.156346e+060 -6.805356e+060 -7.379204e+060 -7.586857e+060 -6.975068e+060 -5.199214e+060 6.231088e+058 
2.360497e+062 -8.800060e+059 -2.228708e+060 -3.805869e+060 -5.373088e+060 -6.720055e+060 -7.668386e+060 -8.052763e+060 -7.726700e+060 -6.587723e+060 -4.624566e+060 5.394956e+058 
2.362258e+062 -3.234862e+059 -8.436676e+059 -1.484912e+060 -2.152386e+060 -2.743776e+060 -3.160648e+060 -3.319036e+060 -3.163402e+060 -2.670757e+060 -1.858953e+060 8.604443e+057 
2.363108e+062 -7.487342e+058 -1.959265e+059 -3.463645e+059 -5.045667e+059 -6.464462e+059 -7.491050e+059 -7.918367e+059 -7.599986e+059 -6.473242e+059 -4.547195e+059 4.816336e+056 
2.363256e+062 -4.012518e+058 -1.060563e+059 -1.877493e+059 -2.747149e+059 -3.531823e+059 -4.116651e+059 -4.376616e+059 -4.226303e+059 -3.625778e+059 -2.565954e+059 1.451532e+056 
2.363276e+062 -3.961640e+058 -1.043236e+059 -1.849677e+059 -2.710654e+059 -3.486840e+059 -4.062681e+059 -4.320448e+059 -4.172732e+059 -3.577872e+059 -2.531373e+059 1.412649e+056 
2.363283e+062 -3.836690e+058 -1.010071e+059 -1.793882e+059 -2.635679e+059 -3.385857e+059 -3.952374e+059 -4.197159e+059 -4.063243e+059 -3.481354e+059 -2.467452e+059 1.333596e+056 
2.363286e+062 -3.813369e+058 -1.005444e+059 -1.787379e+059 -2.617530e+059 -3.372060e+059 -3.926189e+059 -4.180484e+059 -4.039117e+059 -3.468438e+059 -2.453434e+059 1.320010e+056 
2.363281e+062 -3.773710e+058 -9.946388e+058 -1.774676e+059 -2.600922e+059 -3.347799e+059 -3.902277e+059 -4.146192e+059 -4.019388e+059 -3.441769e+059 -2.436260e+059 1.300598e+056 
2.363281e+062 -3.786780e+058 -9.970133e+058 -1.776117e+059 -2.595442e+059 -3.350456e+059 -3.910216e+059 -4.156534e+059 -4.025855e+059 -3.448011e+059 -2.442545e+059 1.304284e+056 
2.363279e+062 -3.714902e+058 -9.759755e+058 -1.725732e+059 -2.533858e+059 -3.264641e+059 -3.808772e+059 -4.056318e+059 -3.919764e+059 -3.365931e+059 -2.381018e+059 1.240885e+056 
2.363277e+062 -3.740375e+058 -9.816400e+058 -1.742230e+059 -2.545125e+059 -3.279808e+059 -3.826817e+059 -4.071877e+059 -3.949974e+059 -3.391557e+059 -2.404499e+059 1.256414e+056 
2.363282e+062 -3.772243e+058 -9.917543e+058 -1.760919e+059 -2.573667e+059 -3.313759e+059 -3.867373e+059 -4.111372e+059 -3.980485e+059 -3.416368e+059 -2.420177e+059 1.280447e+056 
