2.363149e+062 -3.220970e+058 -7.252391e+058 -1.368659e+059 -2.330298e+059 -3.271191e+059 -3.784738e+059 -3.838060e+059 -3.638123e+059 -3.212745e+059 -2.363676e+059 1.045956e+056 
2.363227e+062 -3.697407e+058 -9.385462e+058 -1.670328e+059 -2.514873e+059 -3.293208e+059 -3.840599e+059 -4.075765e+059 -3.925970e+059 -3.359209e+059 -2.401466e+059 1.229100e+056 
2.363204e+062 -3.365559e+058 -8.868449e+058 -1.567365e+059 -2.407119e+059 -3.203088e+059 -3.764709e+059 -4.010916e+059 -3.869903e+059 -3.294021e+059 -2.353288e+059 1.145515e+056 
2.363170e+062 -3.312926e+058 -8.631367e+058 -1.513328e+059 -2.325497e+059 -3.220313e+059 -3.797708e+059 -3.941199e+059 -3.792083e+059 -3.244950e+059 -2.310084e+059 1.110211e+056 
2.363187e+062 -3.322622e+058 -9.087524e+058 -1.618412e+059 -2.397834e+059 -3.092571e+059 -3.664061e+059 -3.964250e+059 -3.863109e+059 -3.366553e+059 -2.387562e+059 1.140204e+056 
2.363191e+062 -3.422284e+058 -8.961124e+058 -1.572296e+059 -2.344958e+059 -3.157448e+059 -3.796887e+059 -3.994674e+059 -3.850039e+059 -3.341821e+059 -2.359638e+059 1.142998e+056 
2.363184e+062 -3.440324e+058 -8.943294e+058 -1.551850e+059 -2.346226e+059 -3.146024e+059 -3.656548e+059 -3.894973e+059 -3.835618e+059 -3.300097e+059 -2.338990e+059 1.117313e+056 
2.363131e+062 -3.956836e+058 -8.206639e+058 -1.267767e+059 -2.022598e+059 -2.964805e+059 -3.739531e+059 -4.050698e+059 -3.758134e+059 -3.150021e+059 -2.264596e+059 1.026796e+056 
2.363201e+062 -3.489803e+058 -8.854254e+058 -1.542366e+059 -2.365977e+059 -3.245003e+059 -3.800001e+059 -3.982356e+059 -3.815338e+059 -3.266218e+059 -2.360242e+059 1.142513e+056 
2.363210e+062 -3.597514e+058 -9.021912e+058 -1.558159e+059 -2.339074e+059 -3.165181e+059 -3.723007e+059 -3.925482e+059 -3.805797e+059 -3.270831e+059 -2.345671e+059 1.131764e+056 
2.363030e+062 -9.860246e+058 -2.438427e+059 -4.253139e+059 -6.327162e+059 -8.334302e+059 -9.707166e+059 -1.012877e+060 -9.627099e+059 -8.196976e+059 -5.817122e+059 7.783331e+056 
2.357660e+062 -1.659095e+060 -4.090810e+060 -6.782765e+060 -9.316480e+060 -1.138623e+061 -1.275686e+061 -1.321394e+061 -1.253752e+061 -1.057591e+061 -7.329840e+060 1.567154e+059 
2.355024e+062 -2.299955e+060 -5.589340e+060 -9.162274e+060 -1.249918e+061 -1.526143e+061 -1.714868e+061 -1.778243e+061 -1.680127e+061 -1.402245e+061 -9.572500e+060 2.846592e+059 
2.352666e+062 -2.578050e+060 -5.617344e+060 -8.329887e+060 -1.079970e+061 -1.337588e+061 -1.585597e+061 -1.732539e+061 -1.679540e+061 -1.394451e+061 -9.280075e+060 2.603563e+059 
2.348586e+062 -4.138078e+060 -9.985794e+060 -1.621308e+061 -2.185815e+061 -2.618005e+061 -2.845103e+061 -2.797671e+061 -2.453565e+061 -1.867014e+061 -1.147395e+061 7.469874e+059 
2.339239e+062 -6.918333e+060 -1.690422e+061 -2.734613e+061 -3.576716e+061 -4.051258e+061 -4.080125e+061 -3.654949e+061 -2.873020e+061 -1.922119e+061 -1.003721e+061 1.522255e+060 
2.338362e+062 -7.356273e+060 -1.815716e+061 -2.963609e+061 -3.897582e+061 -4.409220e+061 -4.400445e+061 -3.888365e+061 -3.006744e+061 -1.970172e+061 -1.001603e+061 1.745962e+060 
2.341476e+062 -6.545618e+060 -1.629046e+061 -2.686110e+061 -3.579572e+061 -4.111816e+061 -4.176492e+061 -3.775617e+061 -3.012622e+061 -2.061417e+061 -1.116670e+061 1.570152e+060 
2.344126e+062 -5.771317e+060 -1.441938e+061 -2.393060e+061 -3.218517e+061 -3.742314e+061 -3.859786e+061 -3.557165e+061 -2.909857e+061 -2.057719e+061 -1.165724e+061 1.339073e+060 
2.346492e+062 -5.041092e+060 -1.261000e+061 -2.097316e+061 -2.830955e+061 -3.308219e+061 -3.434996e+061 -3.193402e+061 -2.641425e+061 -1.894727e+061 -1.094241e+061 1.057472e+060 
2.353862e+062 -2.800660e+060 -7.116254e+060 -1.209907e+061 -1.684553e+061 -2.044862e+061 -2.222667e+061 -2.183347e+061 -1.926834e+061 -1.493070e+061 -9.443775e+060 4.357101e+059 
2.352874e+062 -3.140275e+060 -7.980158e+060 -1.356045e+061 -1.885405e+061 -2.282710e+061 -2.476591e+061 -2.426393e+061 -2.134039e+061 -1.648901e+061 -1.039545e+061 5.424099e+059 
2.352144e+062 -3.407546e+060 -8.645823e+060 -1.470752e+061 -2.049627e+061 -2.493775e+061 -2.721401e+061 -2.684253e+061 -2.380279e+061 -1.852711e+061 -1.176773e+061 6.569669e+059 
2.353341e+062 -3.081633e+060 -7.879387e+060 -1.350757e+061 -1.894891e+061 -2.320469e+061 -2.549144e+061 -2.533775e+061 -2.267595e+061 -1.784375e+061 -1.147859e+061 5.730451e+059 
2.356256e+062 -2.187857e+060 -5.612918e+060 -9.674344e+060 -1.366935e+061 -1.688364e+061 -1.872002e+061 -1.880801e+061 -1.704985e+061 -1.361752e+061 -8.918620e+060 3.065800e+059 
2.359787e+062 -1.098112e+060 -2.818646e+060 -4.903711e+060 -7.041678e+060 -8.862314e+060 -1.000907e+061 -1.023642e+061 -9.470097e+060 -7.754495e+060 -5.229270e+060 8.607384e+058 
2.360728e+062 -7.519431e+059 -1.914549e+060 -3.311960e+060 -4.773217e+060 -6.037177e+060 -6.814671e+060 -6.937496e+060 -6.370209e+060 -5.162392e+060 -3.448366e+060 3.925285e+058 
2.362588e+062 -1.839357e+059 -4.654745e+059 -8.165594e+059 -1.198101e+060 -1.516063e+060 -1.722316e+060 -1.774799e+060 -1.640695e+060 -1.344660e+060 -9.105443e+059 2.491896e+057 
2.363088e+062 -5.526773e+058 -1.426602e+059 -2.594034e+059 -3.897908e+059 -5.065473e+059 -5.846137e+059 -6.126120e+059 -5.855861e+059 -5.005215e+059 -3.526839e+059 2.828358e+056 
2.363219e+062 -3.434062e+058 -9.250574e+058 -1.660119e+059 -2.476694e+059 -3.254347e+059 -3.824478e+059 -4.047149e+059 -3.893810e+059 -3.346563e+059 -2.397496e+059 1.198351e+056 
2.363188e+062 -3.533816e+058 -8.509729e+058 -1.485950e+059 -2.333706e+059 -3.230184e+059 -3.879084e+059 -4.066504e+059 -3.855887e+059 -3.270351e+059 -2.335429e+059 1.136305e+056 
2.363197e+062 -3.656496e+058 -8.512554e+058 -1.503020e+059 -2.347635e+059 -3.212582e+059 -3.884710e+059 -4.111590e+059 -3.869747e+059 -3.270358e+059 -2.344118e+059 1.148975e+056 
2.363191e+062 -3.624368e+058 -8.697315e+058 -1.500611e+059 -2.379993e+059 -3.241712e+059 -3.841395e+059 -4.034038e+059 -3.831990e+059 -3.262890e+059 -2.348409e+059 1.146816e+056 
2.363181e+062 -3.633499e+058 -8.803105e+058 -1.541908e+059 -2.390637e+059 -3.178807e+059 -3.806868e+059 -4.013938e+059 -3.811936e+059 -3.283061e+059 -2.338736e+059 1.146248e+056 
2.363150e+062 -3.216588e+058 -8.087119e+058 -1.484485e+059 -2.316556e+059 -3.132330e+059 -3.670900e+059 -3.873572e+059 -3.725435e+059 -3.210765e+059 -2.320039e+059 1.061588e+056 
2.363134e+062 -2.676485e+058 -8.047909e+058 -1.508936e+059 -2.158685e+059 -3.058617e+059 -3.878902e+059 -3.911008e+059 -3.559433e+059 -3.193005e+059 -2.330681e+059 1.024890e+056 
2.363168e+062 -3.427222e+058 -8.024473e+058 -1.409109e+059 -2.245895e+059 -3.123145e+059 -3.856540e+059 -4.043172e+059 -3.722020e+059 -3.124835e+059 -2.253956e+059 1.065824e+056 
