2.363247e+062 -3.590061e+058 -9.559661e+058 -1.708765e+059 -2.548911e+059 -3.239571e+059 -3.797218e+059 -4.035731e+059 -3.930738e+059 -3.355592e+059 -2.391993e+059 1.226082e+056 
2.363255e+062 -3.699421e+058 -1.007638e+059 -1.744150e+059 -2.556893e+059 -3.318339e+059 -3.839846e+059 -4.078708e+059 -3.964202e+059 -3.412938e+059 -2.412043e+059 1.270255e+056 
2.363268e+062 -3.678745e+058 -9.788494e+058 -1.736572e+059 -2.539742e+059 -3.281290e+059 -3.818088e+059 -4.074214e+059 -3.955543e+059 -3.388047e+059 -2.401077e+059 1.251070e+056 
2.363266e+062 -3.721417e+058 -9.876068e+058 -1.758660e+059 -2.588701e+059 -3.323782e+059 -3.898308e+059 -4.124810e+059 -4.001426e+059 -3.432813e+059 -2.429763e+059 1.286252e+056 
2.363273e+062 -3.686315e+058 -9.865729e+058 -1.758085e+059 -2.584959e+059 -3.332878e+059 -3.889240e+059 -4.130252e+059 -4.002744e+059 -3.434534e+059 -2.433893e+059 1.284917e+056 
2.363274e+062 -3.715185e+058 -9.823871e+058 -1.744168e+059 -2.566669e+059 -3.312194e+059 -3.870717e+059 -4.113559e+059 -3.985429e+059 -3.416546e+059 -2.418384e+059 1.272857e+056 
2.363278e+062 -3.738675e+058 -9.874321e+058 -1.747797e+059 -2.569324e+059 -3.316797e+059 -3.864075e+059 -4.121350e+059 -3.990291e+059 -3.421640e+059 -2.426796e+059 1.277643e+056 
2.363282e+062 -3.745362e+058 -9.906903e+058 -1.762175e+059 -2.573655e+059 -3.325797e+059 -3.881038e+059 -4.124147e+059 -3.989384e+059 -3.421584e+059 -2.421532e+059 1.283420e+056 
2.363278e+062 -3.792914e+058 -1.002489e+059 -1.776704e+059 -2.599918e+059 -3.347728e+059 -3.911131e+059 -4.154897e+059 -4.021561e+059 -3.449606e+059 -2.439956e+059 1.305772e+056 
2.363276e+062 -3.830968e+058 -1.008201e+059 -1.790233e+059 -2.617606e+059 -3.375415e+059 -3.924820e+059 -4.171614e+059 -4.027319e+059 -3.448712e+059 -2.443270e+059 1.318593e+056 
2.363055e+062 -1.240974e+059 -3.233476e+059 -5.682411e+059 -8.221064e+059 -1.045179e+060 -1.199607e+060 -1.254319e+060 -1.190464e+060 -1.000421e+060 -6.927668e+059 1.237225e+057 
2.355846e+062 -2.362556e+060 -6.102413e+060 -1.059444e+061 -1.508602e+061 -1.880870e+061 -2.108902e+061 -2.145997e+061 -1.972424e+061 -1.598199e+061 -1.061893e+061 3.884810e+059 
2.352158e+062 -3.481516e+060 -8.994563e+060 -1.555898e+061 -2.205703e+061 -2.737076e+061 -3.046752e+061 -3.074528e+061 -2.799883e+061 -2.241630e+061 -1.469001e+061 8.167669e+059 
2.352401e+062 -3.417690e+060 -8.813007e+060 -1.525678e+061 -2.163758e+061 -2.683402e+061 -2.989491e+061 -3.018769e+061 -2.749491e+061 -2.204287e+061 -1.446398e+061 7.863152e+059 
2.355993e+062 -2.274916e+060 -5.878986e+060 -1.021491e+061 -1.455903e+061 -1.817028e+061 -2.040132e+061 -2.079474e+061 -1.915142e+061 -1.555449e+061 -1.036151e+061 3.634396e+059 
2.358316e+062 -1.555141e+060 -4.029017e+060 -7.025785e+060 -1.006041e+061 -1.262729e+061 -1.427388e+061 -1.466410e+061 -1.362802e+061 -1.118429e+061 -7.539612e+060 1.769224e+059 
2.361470e+062 -5.479689e+059 -1.424280e+060 -2.494086e+060 -3.592348e+060 -4.540537e+060 -5.177415e+060 -5.372823e+060 -5.052939e+060 -4.204113e+060 -2.878953e+060 2.311908e+058 
2.362326e+062 -3.325030e+059 -8.658354e+059 -1.521179e+060 -2.197846e+060 -2.789207e+060 -3.195818e+060 -3.334310e+060 -3.155760e+060 -2.642954e+060 -1.824081e+060 8.789656e+057 
2.362079e+062 -4.216746e+059 -1.090784e+060 -1.903511e+060 -2.728396e+060 -3.423299e+060 -3.865961e+060 -3.966092e+060 -3.684380e+060 -3.021532e+060 -2.034788e+060 1.285136e+058 
2.354005e+062 -2.581776e+059 1.045777e+060 1.653587e+060 -4.577018e+059 -3.883769e+060 -5.197640e+060 -3.317196e+060 -9.904094e+059 -6.470811e+059 -1.325123e+060 4.947973e+057 
2.353094e+062 -1.293899e+060 -2.660560e+060 -5.018945e+060 -8.705262e+060 -1.253902e+061 -1.470950e+061 -1.426456e+061 -1.247061e+061 -1.039470e+061 -7.541723e+060 1.427128e+059 
2.343786e+062 -3.404168e+060 -9.453934e+060 -1.699332e+061 -2.369250e+061 -3.091900e+061 -3.619315e+061 -3.526067e+061 -3.130159e+061 -2.581780e+061 -1.693559e+061 1.018441e+060 
2.342834e+062 -3.993188e+060 -1.012561e+061 -1.752471e+061 -2.496125e+061 -3.297861e+061 -3.877436e+061 -3.853272e+061 -3.406988e+061 -2.715278e+061 -1.757369e+061 1.169937e+060 
2.338195e+062 -3.200935e+060 -1.013052e+061 -1.838519e+061 -2.422234e+061 -3.275193e+061 -3.990029e+061 -3.795353e+061 -3.361957e+061 -2.828397e+061 -1.811517e+061 1.158131e+060 
2.344802e+062 -4.025494e+060 -1.033592e+061 -1.792650e+061 -2.540331e+061 -3.282758e+061 -3.801073e+061 -3.796023e+061 -3.387586e+061 -2.688964e+061 -1.743132e+061 1.168743e+060 
2.347534e+062 -3.867364e+060 -1.007480e+061 -1.754616e+061 -2.507302e+061 -3.163908e+061 -3.576570e+061 -3.559330e+061 -3.203543e+061 -2.578882e+061 -1.682818e+061 1.076057e+060 
2.349424e+062 -3.564053e+060 -9.216379e+060 -1.595504e+061 -2.270600e+061 -2.868010e+061 -3.242143e+061 -3.238929e+061 -2.908134e+061 -2.322343e+061 -1.516087e+061 8.844578e+059 
2.351603e+062 -2.677873e+060 -7.254875e+060 -1.271966e+061 -1.766151e+061 -2.256024e+061 -2.599677e+061 -2.577833e+061 -2.318500e+061 -1.890157e+061 -1.236531e+061 5.523012e+059 
2.357707e+062 -1.385911e+060 -3.662539e+060 -6.342739e+060 -9.142951e+060 -1.165768e+061 -1.346011e+061 -1.369941e+061 -1.260150e+061 -1.044737e+061 -7.002341e+060 1.500556e+059 
2.360668e+062 -5.080501e+059 -1.528276e+060 -2.750340e+060 -3.754196e+060 -4.854071e+060 -5.802919e+060 -5.775080e+060 -5.348924e+060 -4.589448e+060 -3.089627e+060 2.644735e+058 
2.361812e+062 -4.627173e+059 -1.203480e+060 -2.103148e+060 -3.026934e+060 -3.823453e+060 -4.353465e+060 -4.499273e+060 -4.210308e+060 -3.489971e+060 -2.377989e+060 1.626114e+058 
2.362554e+062 -2.419242e+059 -6.288322e+059 -1.097960e+060 -1.577259e+060 -1.986888e+060 -2.255800e+060 -2.328222e+060 -2.176494e+060 -1.797736e+060 -1.221285e+060 4.372720e+057 
2.362682e+062 -1.915419e+059 -4.980152e+059 -8.692130e+059 -1.249119e+060 -1.571493e+060 -1.783876e+060 -1.838497e+060 -1.717927e+060 -1.418871e+060 -9.628768e+059 2.732321e+057 
2.362814e+062 -1.603992e+059 -4.182057e+059 -7.342798e+059 -1.061649e+060 -1.347295e+060 -1.545239e+060 -1.612900e+060 -1.527629e+060 -1.280316e+060 -8.844355e+059 2.051692e+057 
2.363255e+062 -3.813253e+058 -1.007627e+059 -1.786641e+059 -2.633208e+059 -3.384885e+059 -3.949466e+059 -4.199630e+059 -4.060477e+059 -3.481333e+059 -2.456450e+059 1.329418e+056 
2.363273e+062 -3.766884e+058 -9.955864e+058 -1.766357e+059 -2.598526e+059 -3.347394e+059 -3.907841e+059 -4.155987e+059 -4.018326e+059 -3.448098e+059 -2.441760e+059 1.300810e+056 
2.363277e+062 -3.741336e+058 -9.950566e+058 -1.763784e+059 -2.595861e+059 -3.334228e+059 -3.896581e+059 -4.145877e+059 -4.001699e+059 -3.438468e+059 -2.432792e+059 1.293497e+056 
2.363271e+062 -3.682823e+058 -9.864660e+058 -1.742168e+059 -2.563328e+059 -3.307669e+059 -3.865561e+059 -4.112251e+059 -3.973882e+059 -3.412109e+059 -2.413061e+059 1.269272e+056 
2.363257e+062 -3.975724e+058 -1.042550e+059 -1.847179e+059 -2.749217e+059 -3.516049e+059 -4.139454e+059 -4.369682e+059 -4.233388e+059 -3.630785e+059 -2.567055e+059 1.441471e+056 
2.363255e+062 -3.752341e+058 -9.998660e+058 -1.765592e+059 -2.614648e+059 -3.361758e+059 -3.945694e+059 -4.187202e+059 -4.051911e+059 -3.478598e+059 -2.464381e+059 1.315638e+056 
2.363152e+062 -3.202984e+058 -9.416164e+058 -1.568573e+059 -2.199272e+059 -2.988672e+059 -3.670694e+059 -3.850215e+059 -3.846098e+059 -3.438974e+059 -2.367787e+059 1.099076e+056 
