2.363271e+062 -3.858464e+058 -1.014856e+059 -1.799191e+059 -2.638484e+059 -3.389313e+059 -3.940119e+059 -4.173565e+059 -4.037024e+059 -3.455187e+059 -2.444877e+059 1.329223e+056 
2.363272e+062 -3.771089e+058 -1.002981e+059 -1.777321e+059 -2.602826e+059 -3.344739e+059 -3.912204e+059 -4.163494e+059 -4.004649e+059 -3.442187e+059 -2.437275e+059 1.303927e+056 
2.363268e+062 -3.758820e+058 -9.895351e+058 -1.759449e+059 -2.601066e+059 -3.339761e+059 -3.880121e+059 -4.127495e+059 -3.994765e+059 -3.442612e+059 -2.435163e+059 1.290753e+056 
2.363272e+062 -3.725033e+058 -9.878012e+058 -1.747574e+059 -2.582329e+059 -3.306733e+059 -3.863867e+059 -4.097019e+059 -3.970303e+059 -3.410751e+059 -2.412279e+059 1.272781e+056 
2.363277e+062 -3.762852e+058 -9.934389e+058 -1.765753e+059 -2.585921e+059 -3.331739e+059 -3.882757e+059 -4.131664e+059 -3.986844e+059 -3.424458e+059 -2.427705e+059 1.288525e+056 
2.363268e+062 -3.868724e+058 -1.011184e+059 -1.776434e+059 -2.574572e+059 -3.301526e+059 -3.860072e+059 -4.105612e+059 -3.987327e+059 -3.427449e+059 -2.433717e+059 1.291750e+056 
2.363163e+062 -5.787444e+058 -1.286259e+059 -1.883315e+059 -2.342132e+059 -2.784243e+059 -3.280751e+059 -3.699719e+059 -3.836921e+059 -3.442687e+059 -2.457345e+059 1.308635e+056 
2.362708e+062 -1.441522e+059 -2.675629e+059 -2.933309e+059 -2.380437e+059 -1.775738e+059 -1.855047e+059 -2.613925e+059 -3.365089e+059 -3.338357e+059 -2.322270e+059 1.858094e+056 
2.362836e+062 -1.413146e+059 -3.505903e+059 -5.780540e+059 -7.715157e+059 -8.970491e+059 -9.597091e+059 -9.321083e+059 -8.221433e+059 -6.419605e+059 -4.108601e+059 8.572542e+056 
2.332782e+062 3.125969e+060 3.272379e+060 4.326652e+060 5.835483e+060 9.901827e+060 2.872198e+060 6.672241e+060 6.547001e+060 2.721824e+060 2.332680e+060 4.827745e+058 
2.142263e+062 2.473165e+061 2.230052e+061 3.085270e+061 5.374707e+061 6.985268e+061 3.178729e+061 6.121976e+061 5.976693e+061 2.850875e+061 2.817640e+061 3.881551e+060 
1.826286e+062 6.059854e+061 5.394343e+061 7.319809e+061 1.426352e+062 2.054432e+062 1.364557e+062 1.655116e+062 2.292136e+062 1.607491e+062 1.075734e+062 3.724943e+061 
5.281798e+061 1.527264e+062 3.866689e+062 8.538448e+062 2.640838e+063 7.979283e+063 2.326339e+064 6.707698e+064 1.855904e+065 4.748111e+065 1.036955e+066 1.408641e+066 
9.536951e+061 1.386558e+062 2.413172e+062 2.689508e+062 6.437759e+062 1.380026e+063 2.260232e+063 3.799305e+063 6.317460e+063 9.442004e+063 1.197848e+064 9.426365e+063 
2.048570e+062 3.551243e+061 2.683918e+061 3.466972e+061 8.721666e+061 1.034596e+062 6.432398e+061 9.647101e+061 8.782470e+061 5.142444e+061 4.421912e+061 9.018122e+060 
1.660166e+062 9.170298e+061 7.989016e+061 4.345612e+061 2.417577e+062 3.222801e+062 1.968876e+062 3.142538e+062 4.157419e+062 3.085652e+062 2.375084e+062 9.817232e+061 
2.091046e+062 3.865323e+061 3.428821e+061 1.119514e+061 8.224522e+061 1.087122e+062 3.462347e+061 6.651005e+061 9.453873e+061 4.970651e+061 2.793262e+061 5.646214e+060 
2.293818e+062 7.666968e+060 8.091877e+060 8.510882e+060 1.845730e+061 2.240684e+061 5.557761e+060 1.840206e+061 1.495761e+061 8.210648e+060 6.015452e+060 3.039268e+059 
2.285025e+062 2.206473e+060 1.594099e+061 3.077763e+061 2.491475e+061 5.701317e+060 -1.036353e+061 4.977114e+060 2.409995e+061 2.095182e+061 9.465156e+060 5.834362e+059 
2.353671e+062 -1.693126e+060 -4.186642e+060 -6.975707e+060 -1.061063e+061 -1.386080e+061 -1.694723e+061 -1.718535e+061 -1.537250e+061 -1.264946e+061 -8.393723e+060 2.154168e+059 
2.349716e+062 -3.295202e+060 -7.970876e+060 -1.356723e+061 -1.982102e+061 -2.574847e+061 -2.962719e+061 -2.977811e+061 -2.661946e+061 -2.123758e+061 -1.401161e+061 7.107811e+059 
2.348218e+062 -3.529442e+060 -8.460232e+060 -1.440948e+061 -2.137922e+061 -2.779300e+061 -3.189094e+061 -3.171148e+061 -2.812475e+061 -2.245079e+061 -1.483927e+061 8.125653e+059 
2.347902e+062 -3.877095e+060 -9.432668e+060 -1.614985e+061 -2.375258e+061 -3.047306e+061 -3.449944e+061 -3.426903e+061 -3.044762e+061 -2.425460e+061 -1.598538e+061 9.759483e+059 
2.348367e+062 -3.882012e+060 -9.404623e+060 -1.598501e+061 -2.326960e+061 -2.990158e+061 -3.397810e+061 -3.401398e+061 -3.030450e+061 -2.394781e+061 -1.564595e+061 9.523699e+059 
2.349917e+062 -3.975420e+060 -1.007395e+061 -1.730878e+061 -2.462172e+061 -3.073580e+061 -3.435889e+061 -3.451947e+061 -3.110476e+061 -2.466115e+061 -1.601808e+061 1.023759e+060 
2.353109e+062 -3.028787e+060 -7.659918e+060 -1.315855e+061 -1.875729e+061 -2.352235e+061 -2.644135e+061 -2.672258e+061 -2.420852e+061 -1.929682e+061 -1.263356e+061 6.014604e+059 
2.358206e+062 -1.578394e+060 -4.074659e+060 -7.108210e+060 -1.023477e+061 -1.294427e+061 -1.474767e+061 -1.523715e+061 -1.423955e+061 -1.177280e+061 -8.012175e+060 1.878220e+059 
2.358859e+062 -1.402207e+060 -3.647831e+060 -6.402678e+060 -9.276203e+060 -1.176854e+061 -1.349926e+061 -1.406190e+061 -1.329315e+061 -1.112828e+061 -7.666428e+060 1.574837e+059 
2.358717e+062 -1.225175e+060 -3.165051e+060 -5.510609e+060 -8.209012e+060 -1.024341e+061 -1.197603e+061 -1.231278e+061 -1.172523e+061 -9.896251e+060 -6.812495e+060 1.212055e+059 
2.361115e+062 -6.411767e+059 -1.660631e+060 -2.903411e+060 -4.199627e+060 -5.328859e+060 -6.111410e+060 -6.382566e+060 -6.050967e+060 -5.087179e+060 -3.520725e+060 3.234747e+058 
2.362635e+062 -2.452272e+059 -6.359405e+059 -1.110559e+060 -1.602597e+060 -2.034623e+060 -2.338747e+060 -2.450756e+060 -2.331608e+060 -1.966157e+060 -1.364498e+060 4.743068e+057 
2.362797e+062 -2.081278e+059 -5.435777e+059 -9.571552e+059 -1.389101e+060 -1.774126e+060 -2.048929e+060 -2.153456e+060 -2.056732e+060 -1.740115e+060 -1.212546e+060 3.603751e+057 
2.362668e+062 -2.193903e+059 -5.660600e+059 -9.852731e+059 -1.416653e+060 -1.797746e+060 -2.072393e+060 -2.182572e+060 -2.093946e+060 -1.779274e+060 -1.245122e+060 3.771153e+057 
2.362625e+062 -2.198096e+059 -5.730911e+059 -1.006245e+060 -1.458114e+060 -1.856327e+060 -2.140192e+060 -2.249421e+060 -2.147637e+060 -1.817499e+060 -1.267049e+060 3.956126e+057 
2.362779e+062 -1.998643e+059 -5.222322e+059 -9.215449e+059 -1.337365e+060 -1.705941e+060 -1.966773e+060 -2.066557e+060 -1.971190e+060 -1.665761e+060 -1.160464e+060 3.322761e+057 
2.362987e+062 -1.304489e+059 -3.423351e+059 -6.035985e+059 -8.783112e+059 -1.122255e+060 -1.297512e+060 -1.367140e+060 -1.307442e+060 -1.109728e+060 -7.752666e+059 1.444454e+057 
2.363105e+062 -7.640975e+058 -2.008218e+059 -3.545543e+059 -5.181366e+059 -6.634244e+059 -7.703755e+059 -8.134959e+059 -7.808606e+059 -6.645724e+059 -4.662779e+059 5.070757e+056 
2.363220e+062 -5.486411e+058 -1.451956e+059 -2.563576e+059 -3.746061e+059 -4.812632e+059 -5.584642e+059 -5.912829e+059 -5.692091e+059 -4.855994e+059 -3.418842e+059 2.669484e+056 
2.363283e+062 -3.910890e+058 -1.046243e+059 -1.851678e+059 -2.720395e+059 -3.500532e+059 -4.091062e+059 -4.346249e+059 -4.193307e+059 -3.605267e+059 -2.545782e+059 1.422721e+056 
2.363281e+062 -3.754370e+058 -9.952467e+058 -1.766916e+059 -2.591027e+059 -3.340265e+059 -3.889199e+059 -4.142987e+059 -4.009222e+059 -3.435019e+059 -2.433342e+059 1.294126e+056 
2.363275e+062 -3.717865e+058 -9.935040e+058 -1.766314e+059 -2.583458e+059 -3.335334e+059 -3.885793e+059 -4.128846e+059 -4.000739e+059 -3.438922e+059 -2.432853e+059 1.288967e+056 
