2.363284e+062 -3.756059e+058 -9.909317e+058 -1.756947e+059 -2.577108e+059 -3.311991e+059 -3.862851e+059 -4.111211e+059 -3.972218e+059 -3.406225e+059 -2.414010e+059 1.277111e+056 
2.363284e+062 -3.781376e+058 -9.959212e+058 -1.766232e+059 -2.588629e+059 -3.335030e+059 -3.890736e+059 -4.134939e+059 -3.994378e+059 -3.430533e+059 -2.431415e+059 1.292699e+056 
2.363286e+062 -3.810301e+058 -1.002468e+059 -1.776031e+059 -2.601288e+059 -3.349567e+059 -3.901626e+059 -4.153748e+059 -4.013175e+059 -3.441561e+059 -2.436413e+059 1.304550e+056 
2.363286e+062 -3.814700e+058 -1.000563e+059 -1.776911e+059 -2.597407e+059 -3.344092e+059 -3.896975e+059 -4.141613e+059 -4.005210e+059 -3.437155e+059 -2.432967e+059 1.301107e+056 
2.363287e+062 -3.833614e+058 -1.009753e+059 -1.789143e+059 -2.616908e+059 -3.374192e+059 -3.929780e+059 -4.177376e+059 -4.036494e+059 -3.462475e+059 -2.451536e+059 1.321686e+056 
2.363288e+062 -3.825920e+058 -1.004028e+059 -1.782964e+059 -2.605085e+059 -3.356866e+059 -3.905827e+059 -4.159104e+059 -4.019351e+059 -3.445406e+059 -2.439905e+059 1.309506e+056 
2.363287e+062 -3.811697e+058 -1.003983e+059 -1.779486e+059 -2.609572e+059 -3.360520e+059 -3.916411e+059 -4.161823e+059 -4.020902e+059 -3.449957e+059 -2.443543e+059 1.310932e+056 
2.363288e+062 -3.859787e+058 -1.013074e+059 -1.794978e+059 -2.627708e+059 -3.383686e+059 -3.944676e+059 -4.195703e+059 -4.052961e+059 -3.476835e+059 -2.460997e+059 1.332138e+056 
2.363289e+062 -3.856392e+058 -1.015927e+059 -1.799988e+059 -2.630247e+059 -3.386056e+059 -3.944750e+059 -4.193596e+059 -4.051433e+059 -3.476237e+059 -2.459268e+059 1.333543e+056 
2.363287e+062 -3.855830e+058 -1.014692e+059 -1.807207e+059 -2.654114e+059 -3.414020e+059 -3.972747e+059 -4.232206e+059 -4.097305e+059 -3.512353e+059 -2.484903e+059 1.352627e+056 
2.361043e+062 2.101337e+059 2.568663e+059 1.377446e+059 1.070398e+059 9.862853e+058 -1.338143e+058 9.473704e+058 1.945110e+058 -2.264373e+059 -9.067514e+058 -7.075574e+055 
1.847460e+062 4.502137e+061 4.499445e+061 8.474822e+061 1.090763e+062 1.441366e+062 1.457674e+062 1.726226e+062 1.658499e+062 9.608396e+061 8.762751e+061 2.679853e+061 
2.234674e+062 1.167226e+061 1.974964e+061 1.780877e+061 2.119225e+061 3.985906e+061 4.495867e+061 2.997929e+061 1.594319e+061 1.013963e+061 1.309964e+061 1.137167e+060 
2.042666e+062 2.287057e+061 6.692877e+061 6.780901e+061 2.923484e+061 5.533515e+061 9.956260e+061 1.104836e+062 7.909140e+061 3.693519e+061 3.535293e+061 7.106161e+060 
1.801547e+062 2.572189e+061 1.173582e+062 1.304363e+062 5.541384e+061 5.523805e+061 1.599099e+062 2.366071e+062 1.860947e+062 9.231142e+061 6.595006e+061 2.406434e+061 
2.284895e+062 -1.874940e+060 5.880729e+060 1.163721e+061 1.173201e+061 1.315598e+061 1.207848e+061 1.147972e+060 -1.405067e+061 -1.687964e+061 -6.525266e+060 -6.839110e+058 
2.310466e+062 -5.560827e+060 -4.419316e+060 -2.871622e+059 -2.739346e+060 -1.247481e+061 -2.615009e+061 -3.674151e+061 -3.698992e+061 -2.670913e+061 -1.291876e+061 3.365155e+059 
2.330548e+062 -4.488660e+060 -7.995995e+060 -1.118266e+061 -1.869090e+061 -2.708834e+061 -3.423675e+061 -3.829092e+061 -3.548486e+061 -2.739605e+061 -1.627092e+061 8.951969e+059 
2.327584e+062 -4.153643e+060 -7.314747e+060 -1.072938e+061 -1.986524e+061 -2.872749e+061 -3.405830e+061 -3.743787e+061 -3.480213e+061 -2.762957e+061 -1.693021e+061 8.900500e+059 
2.329418e+062 -3.383003e+060 -5.968235e+060 -1.099528e+061 -2.170475e+061 -2.914246e+061 -3.176477e+061 -3.323482e+061 -3.197871e+061 -2.693907e+061 -1.679448e+061 8.046541e+059 
2.327774e+062 -3.424153e+060 -6.258083e+060 -1.236330e+061 -2.385602e+061 -3.115958e+061 -3.304360e+061 -3.513194e+061 -3.449734e+061 -2.865333e+061 -1.746827e+061 9.151397e+059 
2.333401e+062 -3.277530e+060 -6.873117e+060 -1.366511e+061 -2.524184e+061 -3.240947e+061 -3.341721e+061 -3.386158e+061 -3.239844e+061 -2.758635e+061 -1.773321e+061 9.430073e+059 
2.336550e+062 -3.265669e+060 -7.244241e+060 -1.210645e+061 -2.181890e+061 -2.847901e+061 -3.131555e+061 -3.304252e+061 -2.993115e+061 -2.471837e+061 -1.574375e+061 8.015329e+059 
2.337892e+062 -1.185362e+060 -3.894385e+060 -3.340792e+060 -1.085267e+061 -1.462253e+061 -1.528111e+061 -2.032454e+061 -1.602210e+061 -1.337624e+061 -9.024368e+060 1.960021e+059 
2.349377e+062 -5.064898e+059 -1.529934e+060 -5.195028e+059 -4.132924e+060 -5.723565e+060 -6.968456e+060 -1.029100e+061 -7.680388e+060 -6.413239e+060 -3.994181e+060 3.393963e+058 
2.358661e+062 -8.994463e+059 -2.580038e+060 -4.029850e+060 -6.303810e+060 -7.866899e+060 -8.607347e+060 -9.327496e+060 -8.198253e+060 -6.734446e+060 -4.567719e+060 6.576171e+058 
2.361090e+062 -7.036256e+059 -1.818567e+060 -3.152276e+060 -4.512084e+060 -5.646698e+060 -6.359960e+060 -6.517806e+060 -6.019603e+060 -4.909710e+060 -3.286274e+060 3.490372e+058 
2.362350e+062 -3.263372e+059 -8.437089e+059 -1.466250e+060 -2.100453e+060 -2.634822e+060 -2.977171e+060 -3.057319e+060 -2.836406e+060 -2.323809e+060 -1.564161e+060 7.622945e+057 
2.363014e+062 -1.181948e+059 -3.064876e+059 -5.358797e+059 -7.713831e+059 -9.747924e+059 -1.110240e+060 -1.149670e+060 -1.078279e+060 -8.938049e+059 -6.101251e+059 1.057232e+057 
2.363215e+062 -5.545831e+058 -1.453433e+059 -2.571693e+059 -3.753935e+059 -4.821274e+059 -5.602390e+059 -5.933589e+059 -5.711850e+059 -4.875178e+059 -3.433857e+059 2.687699e+056 
2.363185e+062 -6.146949e+058 -1.608575e+059 -2.831576e+059 -4.111153e+059 -5.240271e+059 -6.038686e+059 -6.337243e+059 -6.039413e+059 -5.098897e+059 -3.548502e+059 3.127695e+056 
2.363242e+062 -4.396549e+058 -1.152488e+059 -2.039274e+059 -2.977857e+059 -3.818304e+059 -4.429846e+059 -4.689954e+059 -4.513458e+059 -3.846568e+059 -2.705729e+059 1.682833e+056 
2.363267e+062 -4.077901e+058 -1.072546e+059 -1.899055e+059 -2.775691e+059 -3.569244e+059 -4.151282e+059 -4.399631e+059 -4.243469e+059 -3.632307e+059 -2.563249e+059 1.474742e+056 
2.363281e+062 -3.825708e+058 -1.009898e+059 -1.792891e+059 -2.624244e+059 -3.376873e+059 -3.935699e+059 -4.184236e+059 -4.047090e+059 -3.470833e+059 -2.455998e+059 1.325690e+056 
2.363285e+062 -3.798755e+058 -9.998865e+058 -1.771955e+059 -2.594069e+059 -3.339521e+059 -3.889676e+059 -4.138537e+059 -3.996297e+059 -3.431782e+059 -2.428719e+059 1.296546e+056 
2.363287e+062 -3.812929e+058 -1.002614e+059 -1.780920e+059 -2.605515e+059 -3.356099e+059 -3.911449e+059 -4.158712e+059 -4.021441e+059 -3.448304e+059 -2.442226e+059 1.309187e+056 
2.363288e+062 -3.799650e+058 -1.000039e+059 -1.773044e+059 -2.601612e+059 -3.346427e+059 -3.898793e+059 -4.151286e+059 -4.008531e+059 -3.441785e+059 -2.436439e+059 1.302067e+056 
2.363291e+062 -3.814723e+058 -9.999052e+058 -1.774979e+059 -2.597943e+059 -3.345685e+059 -3.897772e+059 -4.145047e+059 -4.006336e+059 -3.435563e+059 -2.433239e+059 1.301177e+056 
