-367
-279
-200
-113
-19
77
173
256
328
392
453
522
577
621
650
666
683
697
711
722
726
722
721
723
722
720
721
720
716
708
696
686
671
659
648
633
611
580
548
522
495
466
430
387
338
296
251
203
154
89
20
-48
-116
-182
-251
-326
-402
-478
-541
-594
-647
-697
-746
-789
-822
-844
-861
-878
-896
-911
-921
-925
-920
-909
-908
-892
-873
-849
-813
-771
-723
-671
-615
-552
-483
-410
-329
-253
-180
-106
-40
25
86
142
193
229
265
292
319
343
363
380
390
405
418
434
450
461
474
490
504
520
537
547
560
572
589
607
617
627
632
639
650
656
658
654
645
630
613
594
565
531
487
440
387
326
266
195
123
54
-17
-87
-157
-221
-283
-337
-384
-432
-474
-513
-544
-569
-589
-606
-626
-647
-661
-670
-676
-672
-669
-664
-655
-633
-605
-577
-540
-502
-471
-422
-375
-326
-281
-234
-188
-150
-103
-62
-32
-7
18
37
55
75
88
96
101
115
129
145
165
179
191
210
236
260
288
315
339
365
392
422
446
469
489
507
527
545
554
560
563
566
568
565
552
531
500
474
443
407
362
306
243
190
139
89
36
-19
-78
-133
-172
-203
-246
-279
-307
-341
-355
-363
-369
-385
-394
-396
-401
-395
-383
-383
-384
-376
-368
-352
-330
-315
-303
-297
-277
-267
-247
-230
-232
-226
-230
-222
-216
-219
-221
-237
-254
-258
-267
-272
-282
-293
-304
-301
-296
-283
-269
-254
-228
-199
-158
-112
-67
-17
32
94
156
219
282
339
399
458
520
570
614
655
684
712
732
746
745
734
720
693
660
620
567
512
450
388
323
251
187
116
51
-7
-57
-108
-155
-194
-231
-258
-274
-290
-308
-320
-324
-326
-319
-312
-308
-306
-297
-275
-260
-239
-222
-209
-190
-173
-147
-128
-119
-111
-110
-101
-94
-96
-106
-124
-144
-160
-179
-200
-225
-259
-289
-317
-338
-354
-375
-389
-403
-409
-403
-394
-372
-350
-323
-284
-243
-191
-137
-77
-17
47
115
182
248
314
375
430
484
534
576
608
631
646
655
657
652
638
616
586
551
509
468
424
371
319
267
214
162
112
65
17
-32
-76
-119
-151
-183
-209
-234
-256
-271
-285
-288
-284
-282
-278
-268
-257
-242
-217
-197
-181
-165
-150
-132
-118
-101
-97
-99
-100
-108
-114
-124
-137
-158
-183
-202
-224
-247
-269
-296
-321
-342
-353
-364
-373
-373
-372
-365
-345
-322
-295
-263
-228
-186
-141
-87
-31
22
77
133
190
246
302
354
400
443
484
519
549
576
594
606
614
615
610
600
583
560
533
503
466
429
386
338
290
239
188
133
81
29
-25
-72
-117
-160
-198
-232
-259
-282
-300
-314
-322
-325
-322
-314
-305
-293
-276
-259
-239
-215
-196
-176
-158
-143
-126
-113
-102
-93
-90
-89
-90
-95
-102
-112
-124
-139
-152
-169
-186
-203
-221
-237
-249
-257
-266
-273
-274
-271
-263
-250
-233
-212
-188
-157
-121
-82
-37
7
53
103
152
201
251
296
341
378
416
451
482
506
524
536
541
545
540
532
515
493
468
436
403
366
323
276
229
180
131
81
30
-22
-72
-116
-160
-199
-238
-274
-303
-330
-348
-364
-378
-386
-391
-390
-382
-377
-366
-356
-344
-329
-311
-295
-280
-267
-253
-236
-218
-203
-192
-180
-171
-157
-144
-131
-117
-104
-91
-76
-62
-44
-28
-12
8
24
42
61
81
99
119
139
160
180
199
217
236
256
274
291
304
315
324
333
342
348
350
350
345
341
336
326
317
304
285
265
247
226
204
180
157
130
104
79
52
26
0
-26
-50
-73
-96
-118
-140
-159
-173
-189
-204
-218
-233
-243
-252
-262
-267
-274
-280
-285
-290
-291
-292
-291
-291
-290
-287
-284
-280
-274
-264
-258
-250
-238
-223
-209
-191
-175
-155
-134
-110
-84
-59
-32
-2
25
55
85
114
145
174
204
232
258
283
305
326
344
361
374
383
391
392
390
388
379
370
357
337
316
293
265
239
207
176
143
110
77
42
8
-23
-56
-87
-112
-139
-163
-182
-203
-219
-231
-241
-250
-258
-264
-267
-268
-267
-266
-264
-261
-261
-259
-254
-252
-249
-246
-246
-246
-247
-246
-246
-249
-249
-252
-251
-250
-248
-246
-241
-233
-225
-213
-201
-187
-170
-148
-124
-99
-70
-42
-12
23
57
95
131
168
203
238
273
305
337
366
392
415
435
450
465
472
474
475
469
461
447
431
410
385
360
330
298
265
226
189
150
109
71
34
-4
-42
-77
-109
-139
-164
-187
-210
-227
-243
-255
-261
-267
-269
-269
-266
-261
-254
-244
-232
-223
-210
-196
-181
-166
-151
-136
-122
-110
-99
-89
-74
-67
-64
-58
-56
-56
-56
-55
-61
-64
-64
-68
-71
-70
-73
-77
-71
-66
-61
-52
-41
-27
-14
7
26
44
67
88
111
139
166
192
218
244
268
291
313
331
345
359
367
370
371
369
360
349
337
314
292
266
236
204
169
132
93
55
15
-24
-62
-101
-138
-174
-204
-234
-261
-285
-307
-323
-337
-347
-355
-360
-361
-360
-356
-347
-339
-327
-315
-300
-284
-269
-251
-234
-216
-194
-176
-160
-143
-126
-108
-92
-77
-63
-49
-38
-25
-12
-1
9
19
28
38
48
56
66
73
83
92
103
114
123
134
144
153
162
172
182
192
201
210
216
223
229
233
237
239
239
238
237
234
229
224
217
209
197
187
173
158
145
129
113
94
75
57
37
20
2
-17
-35
-52
-70
-86
-102
-118
-132
-147
-161
-173
-185
-195
-205
-211
-220
-225
-230
-232
-234
-234
-234
-232
-228
-224
-218
-210
-201
-194
-182
-170
-158
-144
-132
-116
-100
-84
-68
-51
-35
-19
-4
13
29
43
58
71
84
96
107
118
128
137
143
149
151
156
158
159
159
159
159
156
156
153
149
145
141
136
133
129
125
118
115
110
108
105
101
97
94
91
86
84
81
76
71
65
60
55
50
43
36
27
16
5
-6
-18
-30
-43
-56
-70
-83
-98
-109
-121
-134
-143
-153
-161
-167
-174
-175
-175
-176
-171
-167
-162
-154
-146
-135
-123
-110
-97
-85
-71
-57
-41
-28
-14
-2
9
20
31
41
47
53
58
61
65
64
63
61
56
52
49
43
37
31
24
19
13
9
3
-2
-4
-6
-7
-9
-7
-5
-3
3
8
15
21
29
38
43
51
58
67
74
79
83
86
91
91
93
92
90
84
78
71
64
56
46
35
24
12
-1
-14
-24
-35
-44
-55
-63
-70
-78
-82
-84
-88
-89
-89
-87
-84
-79
-73
-68
-59
-51
-43
-34
-26
-17
-9
-1
6
14
20
24
28
32
33
36
38
35
32
31
28
24
20
15
9
3
-2
-6
-13
-16
-20
-23
-25
-26
-28
-29
-28
-25
-22
-17
-14
-10
-3
1
7
14
20
25
30
33
37
40
42
43
43
42
40
37
33
29
22
16
8
0
-7
-16
-24
-31
-39
-46
-53
-58
-63
-66
-67
-69
-66
-65
-62
-57
-52
-47
-39
-31
-23
-15
-4
6
16
25
33
40
47
52
57
60
63
61
62
59
55
51
45
38
28
19
8
-1
-12
-24
-35
-45
-54
-62
-70
-75
-81
-82
-83
-83
-81
-77
-72
-64
-56
-47
-38
-26
-13
-1
12
26
40
51
63
75
83
93
100
105
109
111
110
109
106
100
93
84
75
64
49
37
22
9
-6
-21
-35
-47
-57
-68
-77
-83
-88
-90
-92
-92
-90
-87
-83
-77
-70
-62
-53
-42
-32
-21
-8
3
15
27
36
47
54
61
66
71
75
76
76
73
70
67
61
57
48
40
32
22
13
3
-5
-15
-24
-29
-37
-43
-46
-51
-54
-55
-55
-55
-54
-50
-46
-43
-38
-31
-25
-17
-10
-5
2
9
14
19
25
29
32
33
35
37
37
34
34
30
27
24
20
16
12
5
0
-6
-11
-15
-20
-23
-26
-27
-30
-31
-31
-31
-31
-30
-28
-27
-24
-20
-18
-15
-11
-7
-4
0
2
6
10
12
12
14
15
17
17
16
17
16
15
13
11
9
7
5
3
1
-2
-3
-5
-9
-9
-9
-10
-10
-9
-9
-9
-9
-7
-6
-3
-1
1
2
5
8
10
11
14
15
16
18
18
19
21
20
19
17
17
14
14
13
11
9
7
3
1
0
-3
-6
-6
-8
-10
-12
-12
-13
-14
-14
-15
-13
-14
-14
-15
-13
-13
-12
-12
-10
-9
-7
-7
-6
-4
-3
-2
-1
0
2
2
2
3
4
3
2
3
5
3
3
2
1
1
0
0
0
-1
-2
-2
-3
-3
-4
-4
-5
-4
-2
-2
-1
0
1
3
4
4
6
5
6
7
6
9
9
9
10
10
11
12
10
10
10
10
10
9
8
8
7
5
5
5
3
3
2
2
1
-1
-3
-2
-2
-2
-2
-2
-1
-2
-2
-1
0
0
1
2
2
2
3
3
3
1
2
2
3
4
2
2
0
-1
-2
-2
-3
-3
-4
-5
-4
-5
-7
-8
-8
-8
-9
-9
-8
-8
-9
-9
-8
-8
-7
-6
-5
-4
-3
-1
0
1
2
4
5
6
6
5
7
7
8
7
7
7
8
8
7
8
6
6
4
4
2
0
-2
-4
-5
-6
-7
-6
-8
-8
-8
-8
-7
-8
-8
-7
-7
-6
-6
-6
-5
-3
-4
-3
-3
-3
-2
-2
-2
0
1
-1
0
1
0
0
0
0
-1
-1
-2
-2
-2
-3
-3
-4
-3
-4
-3
-3
-5
-5
-5
-6
-5
-5
-4
-3
-3
-2
-1
-1
0
2
4
5
6
5
5
6
7
9
7
9
11
10
11
11
12
12
12
12
10
9
9
8
7
6
5
5
4
4
2
2
1
0
0
-1
-1
-2
-3
-3
-3
-3
-4
-5
-6
-6
-6
-5
-4
-4
-4
-3
-3
-3
-3
-2
-2
-4
-4
-4
-4
-3
-4
-5
-5
-6
-4
-5
-4
-3
-4
-3
-3
-4
-3
-3
-4
-4
-4
-5
-5
-4
-4
-1
1
0
2
2
4
4
3
5
3
4
4
4
5
7
5
5
7
7
9
10
11
10
9
9
9
8
8
9
9
9
8
7
6
5
4
2
1
3
2
2
2
0
-1
-1
-2
-2
-2
-2
-4
-3
-4
-3
-4
-3
-5
-5
-5
-6
-5
-4
-5
-5
-6
-6
-6
-5
-6
-7
-7
-6
-4
-5
-4
-3
-5
-6
-5
-6
-7
-8
-8
-8
-8
-8
-6
-6
-5
-5
-5
-4
-3
-2
-1
-1
-1
-1
0
1
1
1
2
2
4
3
5
6
6
7
6
7
8
7
8
6
6
6
6
7
6
4
5
4
3
3
1
1
-1
-1
-1
-1
-1
-3
-3
-4
-5
-6
-6
-7
-6
-8
-8
-8
-9
-9
-9
-10
-10
-10
-9
-10
-11
-11
-10
-9
-9
-8
-8
-6
-5
-4
-5
-4
-3
-5
-5
-5
-5
-5
-4
-4
-2
0
0
2
3
3
5
6
6
7
7
8
7
8
8
7
9
8
10
11
12
12
13
13
13
14
14
12
13
12
12
13
12
11
12
12
12
11
11
11
10
10
9
9
5
5
3
3
3
3
3
1
1
-1
-1
-2
-2
-3
-4
-4
-5
-6
-7
-8
-9
-10
-10
-10
-10
-9
-10
-9
-10
-8
-7
-8
-8
-8
-8
-7
-8
-7
-6
-7
-6
-6
-5
-4
-5
-3
-3
-2
-1
1
0
2
4
2
2
3
2
3
2
3
5
5
5
7
8
8
10
8
8
9
9
9
9
8
9
6
5
5
4
4
3
2
3
0
0
-1
-2
-2
-4
-6
-5
-6
-7
-5
-7
-7
-7
-6
-6
-6
-6
-8
-7
-8
-8
-7
-7
-8
-8
-8
-8
-7
-7
-6
-6
-5
-4
-2
-2
-2
-2
-3
-3
-3
-1
-2
-2
-1
-2
-2
0
-1
1
1
3
3
4
4
5
6
6
7
6
7
6
6
6
8
8
7
9
10
10
10
10
10
10
10
10
8
7
8
8
7
7
6
5
6
4
3
2
1
-2
-2
-3
-4
-5
-5
-5
-4
-4
-5
-6
-7
-6
-8
-7
-6
-8
-8
-9
-9
-8
-8
-8
-9
-7
-8
-7
-6
-7
-5
-4
-4
-3
-3
-3
-3
-4
-3
-3
-3
-4
-2
-1
-1
0
0
0
0
1
1
2
3
2
3
3
3
4
4
3
4
4
5
6
7
8
8
8
8
9
9
8
8
7
7
7
7
8
6
6
6
6
7
7
6
5
4
3
1
0
-1
-1
-2
-2
-3
-4
-4
-6
-7
-7
-8
-9
-9
-9
-9
-9
-10
-12
-11
-13
-11
-11
-12
-11
-11
-10
-9
-8
-7
-6
-6
-5
-7
-5
-5
-5
-5
-6
-4
-4
-3
-2
-2
-1
0
1
1
2
3
4
4
5
4
4
5
5
4
6
5
6
6
5
6
7
7
7
7
7
7
7
8
8
9
8
7
7
7
7
5
5
4
3
2
2
3
3
2
2
0
-1
0
-1
-1
-1
-3
-4
-3
-4
-3
-5
-6
-7
-8
-9
-8
-8
-8
-7
-7
-7
-6
-7
-7
-8
-7
-7
-7
-7
-7
-5
-5
-4
-4
-4
-2
-2
0
1
2
3
3
3
6
5
6
5
5
6
6
7
8
7
5
8
9
7
8
7
7
7
8
8
7
7
8
6
7
6
6
7
6
7
7
6
6
5
5
4
2
3
1
0
-1
-1
-2
-2
-4
-3
-2
-3
-3
-4
-3
-5
-5
-6
-6
-7
-8
-8
-9
-10
-9
-9
-10
-10
-10
-8
-9
-7
-8
-8
-6
-6
-6
-6
-5
-5
-5
-5
-4
-6
-3
-2
-1
-2
-1
0
0
1
2
3
4
4
5
4
6
6
5
7
7
7
8
8
8
8
9
10
10
10
10
11
10
10
11
9
10
10
10
10
10
9
8
8
8
7
6
4
5
3
2
1
1
0
1
2
2
1
0
0
-1
-3
-3
-4
-6
-6
-8
-7
-8
-8
-8
-10
-9
-8
-7
-7
-6
-6
-5
-4
-4
-5
-5
-5
-5
-7
-7
-7
-8
-8
-7
-6
-6
-6
-5
-3
-3
-4
-3
-3
-3
-3
-2
-1
-1
-1
-2
-1
-1
-1
-1
-1
0
0
1
1
0
0
1
0
1
1
2
2
2
2
3
2
2
3
3
3
3
2
1
-1
0
-1
-1
-1
-2
-1
-2
-2
-2
-3
-2
-4
-5
-6
-6
-7
-8
-7
-7
-7
-8
-7
-7
-6
-7
-6
-4
-5
-7
-7
-6
-6
-5
-5
-5
-4
-5
-3
-2
-1
0
1
1
2
1
3
4
4
5
5
4
5
5
4
6
6
5
6
7
6
6
7
7
7
7
7
8
8
10
10
10
10
10
10
9
10
11
10
10
11
11
10
10
8
7
7
7
5
5
3
3
3
4
2
1
2
1
0
-1
-2
-4
-4
-5
-7
-7
-9
-9
-8
-9
-9
-10
-11
-11
-10
-11
-10
-10
-10
-10
-11
-9
-9
-10
-9
-9
-9
-6
-6
-6
-6
-4
-5
-4
-2
-3
-3
-2
-3
-4
-2
-4
-4
-3
-2
-2
-2
0
-1
0
0
1
0
0
0
-1
0
0
-1
-1
2
1
2
2
2
4
3
4
4
4
5
5
5
5
5
4
5
5
4
4
5
4
5
5
5
5
4
4
3
2
2
3
1
1
0
1
0
-1
0
-1
0
0
-1
-1
-1
0
-1
0
0
0
-1
-2
-1
-1
-1
-1
-2
-1
0
1
0
0
1
1
1
2
1
1
2
3
2
2
4
2
2
2
2
2
1
3
2
2
2
2
1
2
2
3
3
2
3
3
3
5
3
2
2
2
1
2
2
1
0
1
1
1
1
0
2
1
1
0
0
-2
-1
-3
-2
-1
-2
-1
-1
-1
-2
-2
-1
-1
-2
-2
-2
-4
-3
-4
-3
-2
-3
-4
-4
-3
-2
-3
-3
-3
-3
-2
-3
-3
-3
-3
-3
-2
-2
-2
-1
-1
0
-1
-1
-1
-1
0
2
2
3
3
2
3
5
4
3
4
2
4
3
3
3
5
4
4
4
5
5
5
4
4
5
4
4
4
4
4
4
4
4
6
6
6
5
7
5
5
4
2
4
3
2
2
0
1
2
2
2
1
0
2
0
2
1
0
-1
-1
-1
-2
-1
-3
-4
-3
-5
-4
-3
-3
-3
-3
-3
-4
-2
-3
-3
-3
-4
-4
-6
-5
-5
-7
-5
-4
-3
-3
-4
-2
-2
-1
-2
-2
-3
-4
-4
-5
-4
-5
-5
-3
-4
-3
-2
-2
-2
-3
-3
-1
-1
-2
-1
-1
-1
-1
0
-2
-2
-1
-1
-1
0
-1
0
1
1
0
1
1
0
1
1
0
1
1
0
1
0
0
1
2
2
2
3
1
1
1
1
1
2
2
1
0
1
1
1
1
0
1
0
0
1
1
2
0
0
-1
0
0
0
-1
-1
-1
-1
-1
1
1
0
1
1
1
1
0
0
0
1
1
1
1
1
1
1
2
1
1
2
1
2
1
1
0
0
0
-1
0
0
0
1
0
0
0
0
-1
-1
0
-1
-1
0
-3
-1
-3
-4
-3
-3
-4
-3
-3
-3
-2
-3
-4
-2
-3
-3
-3
-3
-2
-4
-3
-2
-3
-1
-1
-1
0
1
1
0
1
-1
-1
-1
-1
-1
-1
-1
-1
0
0
0
0
0
0
-1
0
0
-1
-1
-1
-1
-1
-1
-1
-1
-1
-1
0
-1
-1
0
0
1
2
2
3
2
3
4
5
5
5
5
5
6
5
5
6
6
7
6
6
6
6
5
6
5
5
5
6
5
5
6
6
5
6
6
5
5
4
4
4
5
5
5
6
4
4
4
5
4
3
2
3
3
2
2
2
2
2
1
1
0
-2
-2
-2
-3
-2
-4
-3
-5
-6
-6
-7
-8
-9
-11
-12
-14
-15
-16
-16
-17
-18
-18
-19
-20
-19
-20
-21
-20
-21
-21
-21
-22
-22
-21
-21
-21
-19
-17
-17
-15
-15
-12
-10
-9
-7
-5
-3
0
3
4
7
10
12
14
17
19
21
24
26
28
29
30
32
33
35
35
36
39
38
40
42
42
44
44
45
45
45
46
46
45
45
44
42
42
41
39
39
35
33
32
30
29
28
26
23
21
20
16
13
9
4
0
-7
-12
-20
-28
-37
-46
-57
-66
-75
-88
-97
-108
-118
-126
-137
-146
-153
-161
-167
-172
-176
-181
-184
-187
-188
-188
-186
-183
-179
-175
-169
-160
-150
-138
-125
-109
-93
-75
-56
-34
-12
10
34
56
80
104
127
149
168
187
204
221
234
246
257
265
271
276
279
282
283
282
281
279
277
273
270
267
264
259
254
250
243
239
233
227
224
217
211
206
199
194
187
180
172
164
157
149
141
133
123
112
99
85
70
52
33
11
-12
-39
-66
-97
-129
-161
-197
-236
-273
-310
-348
-385
-419
-456
-488
-517
-543
-568
-586
-601
-616
-625
-632
-636
-635
-632
-625
-616
-602
-586
-569
-546
-520
-491
-460
-424
-386
-342
-296
-246
-190
-131
-68
-1
68
140
214
288
360
432
502
568
632
686
737
779
815
840
857
870
870
862
848
825
796
761
720
674
626
575
519
464
409
353
300
248
196
150
107
68
33
1
-27
-49
-66
-81
-90
-95
-98
-98
-96
-92
-88
-82
-77
-71
-68
-66
-66
-71
-77
-87
-105
-124
-147
-176
-208
-245
-284
-328
-374
-420
-469
-515
-563
-607
-650
-691
-727
-758
-785
-806
-823
-834
-840
-839
-834
-822
-806
-785
-759
-729
-693
-653
-608
-558
-504
-446
-384
-316
-244
-165
-84
2
91
179
270
362
455
546
636
719
797
870
935
993
1044
1082
1109
1126
1131
1128
1112
1087
1050
1003
951
890
822
751
673
595
514
431
351
273
195
120
49
-17
-78
-132
-183
-226
-262
-290
-311
-324
-331
-330
-324
-311
-289
-263
-232
-197
-163
-125
-87
-48
-14
18
46
66
81
90
89
81
64
40
6
-36
-83
-137
-195
-256
-320
-383
-446
-505
-562
-615
-662
-702
-737
-764
-784
-797
-803
-801
-792
-778
-759
-736
-708
-677
-643
-607
-569
-530
-490
-448
-403
-359
-314
-267
-217
-163
-107
-48
16
81
149
219
291
363
437
512
582
650
715
774
830
880
923
959
986
1002
1011
1012
1002
984
958
922
877
826
767
704
634
559
481
402
321
238
157
75
-2
-77
-147
-211
-271
-323
-368
-404
-434
-453
-464
-468
-460
-445
-422
-391
-352
-310
-265
-212
-159
-108
-56
-7
37
76
109
133
151
159
159
149
133
108
76
36
-8
-58
-111
-166
-221
-277
-331
-385
-434
-479
-521
-555
-585
-608
-624
-634
-639
-636
-628
-613
-595
-573
-543
-512
-476
-439
-398
-355
-310
-262
-212
-162
-110
-57
-1
57
114
173
231
291
348
404
462
516
567
617
663
704
743
776
805
829
844
856
857
855
844
827
802
768
729
683
631
572
509
441
369
295
221
142
65
-12
-89
-161
-230
-294
-353
-406
-454
-492
-523
-545
-560
-567
-564
-553
-536
-511
-479
-444
-402
-358
-312
-263
-216
-168
-124
-81
-42
-8
20
45
63
77
83
85
78
67
50
27
2
-28
-62
-96
-134
-171
-208
-244
-278
-310
-341
-366
-387
-406
-419
-426
-429
-427
-418
-406
-389
-366
-339
-312
-278
-244
-208
-170
-132
-91
-51
-11
29
70
110
150
189
226
263
300
336
372
405
438
469
497
526
550
573
592
608
618
627
629
627
619
604
584
558
526
490
450
402
350
296
240
182
122
65
6
-52
-108
-161
-208
-255
-296
-332
-365
-389
-405
-416
-422
-422
-416
-402
-383
-360
-333
-303
-269
-232
-193
-152
-110
-70
-29
8
45
77
107
131
150
166
176
178
176
169
154
136
114
87
55
20
-13
-51
-85
-120
-156
-189
-219
-249
-272
-294
-311
-326
-333
-341
-344
-341
-336
-329
-320
-307
-294
-280
-262
-247
-231
-215
-198
-182
-163
-144
-123
-100
-75
-47
-16
16
49
86
125
166
207
249
291
330
371
409
444
475
501
523
536
548
554
549
539
521
499
470
437
398
357
309
259
212
160
112
64
17
-27
-68
-103
-135
-165
-190
-210
-228
-240
-249
-252
-255
-255
-249
-238
-228
-214
-197
-179
-158
-136
-112
-86
-60
-38
-14
11
34
51
70
85
96
101
109
103
100
93
78
62
38
20
-9
-36
-66
-94
-126
-154
-180
-204
-229
-254
-266
-286
-293
-308
-314
-316
-319
-313
-319
-309
-307
-300
-296
-288
-277
-273
-260
-256
-245
-235
-223
-208
-196
-174
-158
-130
-103
-65
-31
4
47
90
139
187
235
281
322
361
401
439
473
495
512
526
531
534
530
518
494
468
438
404
363
325
274
225
182
136
97
48
17
-24
-56
-87
-108
-123
-151
-151
-175
-165
-166
-162
-159
-155
-126
-126
-94
-78
-47
-33
-5
26
47
90
108
126
144
177
202
203
228
236
240
243
241
246
216
219
180
167
135
129
91
34
24
-26
-43
-106
-121
-154
-208
-222
-270
-285
-307
-334
-346
-379
-378
-397
-408
-404
-430
-421
-436
-420
-432
-429
-411
-417
-409
-408
-368
-364
-347
-321
-291
-260
-234
-186
-141
-103
-61
-20
33
90
134
185
227
268
304
341
372
397
414
424
432
435
433
423
401
374
352
328
296
260
221
178
140
108
78
43
12
-12
-30
-51
-64
-62
-78
-70
-84
-47
-52
-37
-13
-9
27
26
89
79
120
140
158
179
195
230
219
244
248
242
259
252
248
226
220
215
178
170
116
114
86
23
-3
-36
-46
-139
-159
-193
-222
-274
-308
-337
-363
-383
-425
-431
-447
-454
-493
-482
-487
-481
-512
-486
-480
-476
-466
-463
-435
-437
-402
-406
-374
-347
-321
-305
-282
-235
-211
-175
-139
-94
-62
-1
48
96
129
183
241
294
342
382
429
455
494
525
552
578
579
580
575
575
569
535
518
488
448
403
372
346
285
240
199
168
129
93
64
22
9
-10
-35
-47
-53
-49
-61
-42
-42
-53
6
-17
0
28
69
43
41
99
98
64
105
145
101
85
71
120
79
81
7
-4
60
-30
-54
-88
-35
-162
-205
-110
-193
-237
-318
-215
-354
-356
-328
-353
-387
-465
-387
-469
-411
-416
-475
-480
-456
-426
-462
-454
-406
-490
-436
-363
-394
-423
-365
-284
-350
-343
-229
-192
-237
-228
-116
-77
-35
-45
16
143
152
159
188
338
366
341
418
490
508
506
562
599
593
616
620
596
601
610
581
528
498
490
440
384
369
308
223
183
168
129
53
21
-7
-46
-83
-93
-104
-126
-167
-173
-131
-120
-179
-149
-83
-120
-126
-50
22
-70
-54
8
62
12
27
68
54
37
34
94
59
18
-31
55
-29
-53
-32
-62
-150
-151
-80
-202
-293
-173
-213
-363
-373
-247
-296
-453
-421
-412
-385
-392
-502
-483
-359
-426
-511
-540
-228
-405
-564
-370
-275
-316
-446
-243
-204
-283
-246
-165
-149
-97
-34
-50
-57
69
212
199
154
289
376
416
441
522
638
566
608
664
759
788
736
744
746
775
769
728
711
671
588
552
524
492
398
295
234
178
139
47
-32
-89
-140
-193
-259
-232
-306
-349
-372
-329
-334
-412
-310
-244
-284
-371
-175
-115
-183
-129
-1
43
-77
11
153
110
160
148
144
146
154
148
156
230
3
31
62
100
-83
-135
7
-206
-247
-240
-216
-360
-403
-439
-462
-448
-557
-494
-593
-523
-744
-547
-518
-620
-636
-696
-441
-640
-519
-548
-586
-423
-550
-432
-422
-346
-343
-387
-264
-199
-204
-49
143
78
6
108
389
471
470
627
653
616
698
854
968
943
952
931
930
1015
1005
966
918
862
834
787
728
645
509
431
372
330
255
100
9
-87
-143
-150
-205
-275
-413
-434
-384
-399
-466
-467
-393
-418
-413
-296
-195
-237
-299
-92
75
61
114
114
139
239
296
372
343
359
313
211
325
396
301
124
136
153
39
-37
14
-136
-343
-323
-300
-335
-568
-616
-611
-789
-523
-795
-829
-893
-865
-792
-943
-820
-920
-808
-1017
-828
-779
-746
-806
-938
-654
-731
-549
-631
-540
-572
-489
-375
-116
116
-202
-106
108
436
491
579
765
582
668
965
1178
1133
1087
1155
1153
1179
1288
1305
1199
1048
1064
1104
1011
926
774
626
584
545
487
327
131
30
-62
-54
-125
-247
-378
-458
-495
-455
-429
-543
-612
-531
-428
-510
-380
-237
-289
-295
-163
58
140
187
222
165
323
517
484
491
644
504
384
517
613
522
347
375
251
158
160
54
-62
-148
-259
-365
-298
-434
-793
-660
-705
-701
-933
-840
-965
-1147
-946
-976
-895
-1133
-963
-1067
-962
-946
-952
-880
-754
-907
-766
-614
-606
-618
-656
-51
-35
-256
-190
117
391
459
561
899
758
698
1054
1270
1406
1310
1348
1379
1370
1550
1504
1435
1359
1281
1265
1133
1113
993
762
675
597
559
390
108
26
-45
-131
-231
-336
-435
-651
-748
-632
-618
-735
-869
-736
-757
-840
-679
-541
-444
-597
-425
-202
-184
-123
-16
151
144
191
408
384
357
444
422
443
434
413
293
302
254
79
1
32
-103
-277
-336
-373
-530
-704
-599
-712
-833
-963
-1052
-838
-1070
-1222
-1097
-1078
-1091
-1323
-1177
-1030
-1156
-1206
-1053
-817
-948
-1024
-854
-674
-655
-688
-194
-38
-321
-194
-30
462
653
647
850
715
925
1119
1302
1570
1499
1503
1452
1552
1724
1706
1650
1529
1584
1507
1306
1321
1194
989
875
802
778
474
169
125
27
-116
-273
-348
-486
-734
-795
-733
-784
-951
-1004
-863
-915
-971
-885
-825
-684
-685
-567
-319
-422
-258
-35
-15
206
259
372
312
480
636
527
591
558
620
475
469
472
344
296
138
15
-19
-119
-279
-435
-475
-499
-667
-809
-923
-857
-981
-1063
-1009
-1099
-1141
-1256
-1226
-1078
-1128
-1123
-1228
-1131
-927
-1013
-974
-921
-916
-684
-217
-209
-468
-242
25
391
583
886
958
680
1014
1340
1645
1727
1648
1699
1619
1817
1982
1955
1848
1606
1733
1669
1495
1503
1305
1048
908
919
880
485
158
150
110
-72
-261
-400
-598
-821
-834
-769
-880
-1109
-1171
-1077
-1140
-1083
-1036
-980
-895
-805
-573
-552
-446
-278
-152
109
251
344
281
367
620
575
677
782
669
579
470
595
498
417
227
56
38
-126
-316
-420
-397
-667
-803
-969
-880
-1023
-1130
-1177
-1294
-1214
-1360
-1443
-1374
-1244
-1444
-1463
-1358
-1270
-1267
-1296
-1141
-1220
-874
-265
-659
-777
-350
97
342
353
914
839
515
1068
1544
1821
1677
1667
1811
1725
1968
2098
2095
1965
1777
1835
1641
1554
1572
1309
1112
987
936
724
310
197
252
108
-100
-301
-473
-682
-850
-800
-776
-970
-1244
-1199
-1117
-1239
-1197
-1162
-944
-894
-882
-605
-655
-526
-272
-51
214
256
329
313
454
790
835
870
830
798
736
709
788
673
563
428
239
139
4
-155
-318
-531
-565
-664
-854
-1057
-1196
-1119
-1275
-1425
-1307
-1363
-1503
-1656
-1451
-1416
-1531
-1362
-1433
-1357
-1405
-1288
-626
-419
-860
-882
-438
227
386
433
954
606
666
1281
1644
1932
1649
1756
1803
1892
2249
2127
2068
1836
1862
1975
1722
1681
1487
1145
1036
1006
1027
628
139
120
47
-99
-274
-457
-672
-980
-984
-904
-982
-1233
-1443
-1303
-1304
-1294
-1211
-1211
-1135
-1093
-819
-701
-641
-452
-302
-29
133
364
296
306
680
715
864
902
843
753
700
905
763
665
573
333
172
74
76
-155
-396
-530
-735
-834
-865
-1017
-1221
-1323
-1368
-1428
-1542
-1509
-1563
-1659
-1658
-1515
-1541
-1740
-1537
-1406
-853
-756
-1170
-882
-623
-47
300
420
763
417
640
1317
1663
1849
1744
1884
1848
1933
2353
2476
2320
2027
2138
2152
1884
1936
1824
1509
1327
1241
1140
772
387
414
326
13
-139
-355
-599
-834
-843
-767
-971
-1278
-1334
-1283
-1389
-1365
-1277
-1290
-1234
-1077
-1014
-863
-788
-645
-376
-245
66
184
146
288
445
718
767
793
810
748
741
696
854
726
504
415
192
103
-27
-142
-277
-508
-693
-851
-946
-1037
-1150
-1336
-1427
-1462
-1573
-1622
-1629
-1659
-1671
-1704
-1698
-1568
-1641
-1595
-842
-706
-1251
-1073
-594
15
173
311
713
357
567
1254
1617
1864
1742
1775
1755
1951
2359
2439
2377
2123
2189
2119
1879
2025
1924
1636
1460
1366
1270
836
468
549
530
260
26
-265
-589
-763
-761
-651
-728
-1171
-1358
-1261
-1333
-1213
-1172
-1195
-1089
-1100
-864
-809
-839
-580
-358
-87
29
102
32
35
349
555
705
600
525
457
363
628
631
429
308
115
-51
-123
-126
-340
-579
-701
-841
-975
-1140
-1174
-1239
-1434
-1453
-1517
-1664
-1694
-1724
-1689
-1702
-1711
-1637
-1791
-1415
-623
-999
-1409
-984
-218
226
163
531
598
312
834
1492
1965
1898
1645
1734
1820
2234
2506
2428
2261
2154
2167
2010
1983
2023
1731
1464
1393
1423
1182
649
465
543
478
273
-15
-271
-585
-753
-632
-550
-778
-1124
-1235
-1155
-1156
-1155
-1108
-1031
-1112
-1020
-700
-734
-666
-563
-384
-152
93
257
15
146
403
516
632
701
706
313
311
524
468
461
239
31
-205
-289
-263
-505
-575
-699
-925
-1100
-1191
-1258
-1370
-1431
-1443
-1454
-1662
-1779
-1747
-1693
-1664
-1689
-1685
-1662
-1683
-990
-684
-1293
-1207
-613
55
272
402
713
369
548
1376
1858
2018
1831
1800
1750
2014
2570
2579
2389
2124
2155
2168
1908
2054
1949
1551
1388
1347
1285
830
402
478
471
221
-7
-248
-540
-817
-778
-615
-723
-1053
-1245
-1124
-1149
-1176
-1006
-960
-865
-856
-798
-660
-667
-373
-193
-136
142
176
22
-4
366
615
516
536
484
328
162
297
419
258
74
-201
-364
-476
-532
-523
-706
-852
-1042
-1247
-1314
-1347
-1317
-1505
-1575
-1572
-1628
-1752
-1833
-1685
-1670
-1644
-1169
-701
-1183
-1455
-913
-197
201
241
532
469
337
1001
1477
1748
1825
1746
1774
1851
2301
2452
2267
2203
2313
2303
2041
2066
2053
1757
1611
1546
1503
1203
750
685
703
547
341
98
-91
-318
-461
-365
-478
-714
-850
-904
-926
-964
-954
-956
-949
-904
-777
-779
-474
-316
-447
-274
-237
137
297
295
392
144
285
397
537
682
343
129
4
45
76
27
-95
-530
-688
-750
-885
-913
-1028
-1207
-1436
-1510
-1508
-1690
-1750
-1722
-1754
-1834
-1925
-1895
-1953
-1977
-1853
-1811
-1376
-949
-1384
-1548
-1061
-345
93
68
408
443
298
924
1416
1727
1795
1707
1791
1872
2199
2349
2311
2277
2217
2214
1917
1876
2022
1765
1581
1425
1314
1122
701
663
797
573
264
-20
-143
-233
-384
-351
-356
-693
-957
-847
-782
-762
-658
-707
-758
-680
-533
-398
-316
-155
-107
-108
110
248
159
236
435
481
460
453
344
258
306
255
197
116
-33
-278
-518
-472
-557
-760
-818
-993
-1193
-1380
-1454
-1453
-1492
-1527
-1671
-1831
-1787
-1825
-1822
-1807
-1753
-1630
-1495
-990
-1244
-1532
-970
-457
37
48
203
351
90
797
1377
1577
1630
1418
1467
1492
2023
2434
2185
1972
1825
1858
1807
1816
1986
1743
1405
1255
1179
1037
712
648
826
678
362
47
-120
-188
-162
60
-19
-425
-741
-719
-571
-510
-353
-355
-547
-645
-558
-394
-47
142
8
20
108
316
415
426
539
483
593
557
364
428
301
82
47
207
-1
-448
-519
-609
-793
-847
-868
-1030
-1309
-1405
-1521
-1652
-1604
-1589
-1726
-1721
-1690
-1812
-1905
-1847
-1734
-1694
-1575
-1196
-799
-1337
-1575
-869
-222
196
162
213
214
115
907
1474
1640
1615
1346
1346
1577
2078
2181
1975
1888
1819
1774
1546
1583
1670
1432
1339
1220
1048
733
392
431
656
585
294
-54
-320
-401
-314
-74
-47
-347
-657
-689
-532
-370
-193
-191
-261
-195
-130
25
145
263
347
318
522
650
496
382
486
633
633
576
438
188
24
36
33
-53
-242
-551
-844
-949
-941
-1027
-1306
-1403
-1493
-1799
-1773
-1802
-1877
-1934
-2025
-1869
-1949
-1925
-1959
-1962
-1661
-1326
-818
-1230
-1308
-737
-333
207
264
540
493
294
1140
1572
1700
1644
1469
1581
1641
2061
2175
1979
1772
1570
1633
1530
1565
1566
1153
985
970
879
694
380
340
369
171
53
-98
-294
-357
-361
-263
-263
-436
-586
-552
-393
-245
-71
-156
-87
43
64
378
503
587
631
626
811
817
874
945
868
906
827
708
620
555
439
213
89
-126
-358
-554
-749
-947
-1146
-1301
-1508
-1732
-1828
-2011
-2144
-2058
-2154
-2324
-2385
-2353
-2309
-2234
-2162
-2065
-1949
-1508
-1281
-1635
-1280
-695
-237
39
111
403
322
592
1364
1685
1804
1679
1641
1719
1906
2325
2289
2136
1925
1777
1698
1501
1620
1481
1099
912
726
615
348
67
112
23
-221
-387
-587
-706
-780
-737
-628
-681
-864
-954
-830
-724
-434
-313
-370
-163
-100
52
344
520
719
755
904
1041
993
1145
1260
1304
1316
1285
1141
986
1026
861
651
512
310
84
-300
-459
-614
-964
-1148
-1336
-1460
-1741
-1995
-2059
-2221
-2211
-2287
-2342
-2427
-2455
-2419
-2320
-2088
-1738
-1522
-1863
-1640
-1085
-580
-222
-137
248
228
368
1115
1468
1746
1721
1710
1854
1966
2375
2393
2296
2182
2006
1987
1865
1888
1779
1385
1137
952
807
589
348
212
-18
-266
-413
-583
-704
-775
-873
-961
-1008
-1061
-1086
-972
-884
-782
-703
-748
-518
-221
-129
104
319
394
428
640
1003
1038
1065
1231
1195
1169
1260
1310
1184
1085
1040
848
646
523
386
58
-209
-293
-557
-912
-1160
-1301
-1510
-1728
-1859
-1998
-2156
-2334
-2365
-2398
-2399
-2378
-2332
-2215
-1882
-1702
-1979
-1716
-1176
-712
-436
-365
-32
-14
243
943
1266
1529
1498
1455
1641
1897
2265
2311
2193
2066
1967
1922
1854
1946
1843
1476
1253
1064
906
693
477
450
243
-79
-284
-517
-608
-654
-737
-727
-853
-1106
-1157
-1064
-894
-704
-730
-708
-600
-484
-252
-7
246
408
472
581
778
904
1010
1160
1203
1256
1237
1109
1086
1107
1089
1009
826
591
347
102
30
-57
-343
-613
-987
-1233
-1296
-1478
-1587
-1780
-1985
-2086
-2226
-2138
-2140
-2127
-2116
-1884
-1704
-1924
-1601
-1233
-865
-661
-607
-217
-194
76
676
894
1099
1159
1223
1404
1636
1988
2004
1872
1817
1824
1799
1726
1802
1684
1372
1155
982
868
695
454
400
209
-126
-319
-537
-639
-688
-764
-808
-1000
-1198
-1212
-1113
-959
-869
-850
-797
-767
-627
-372
-155
6
171
284
301
469
678
790
857
963
1058
999
951
929
882
887
893
810
575
289
139
43
-93
-209
-349
-710
-1040
-1139
-1293
-1386
-1505
-1565
-1794
-2035
-2021
-1953
-1864
-1817
-1489
-1655
-1769
-1385
-1083
-684
-607
-397
-163
-240
258
670
827
1007
1089
1226
1325
1625
1842
1811
1741
1708
1769
1738
1733
1708
1456
1256
1137
1037
967
756
509
349
140
27
-141
-353
-461
-603
-709
-786
-867
-970
-998
-972
-948
-845
-797
-713
-635
-570
-402
-249
-59
105
189
305
449
570
676
828
919
889
923
938
912
850
808
817
634
472
380
139
-43
-87
-229
-511
-740
-913
-1079
-1247
-1293
-1311
-1624
-1754
-1761
-1695
-1679
-1555
-1319
-1617
-1528
-1220
-878
-575
-531
-272
-262
-169
409
681
876
965
989
1143
1269
1652
1801
1734
1683
1646
1700
1632
1665
1661
1437
1302
1099
970
916
686
559
424
179
-33
-191
-306
-406
-543
-680
-774
-918
-934
-908
-971
-891
-834
-905
-793
-641
-572
-445
-321
-168
-85
-9
197
309
392
554
605
603
673
713
702
747
731
642
516
414
379
247
109
-1
-174
-348
-561
-724
-835
-977
-1104
-1211
-1336
-1472
-1669
-1663
-1493
-1496
-1304
-1375
-1521
-1274
-1012
-654
-536
-409
-211
-287
25
453
678
784
785
935
1006
1209
1474
1525
1543
1418
1421
1463
1403
1511
1409
1178
1079
910
820
683
544
500
266
36
-56
-171
-313
-391
-426
-515
-620
-696
-728
-750
-763
-667
-605
-579
-529
-544
-554
-402
-194
-37
31
15
18
90
217
390
513
452
373
326
322
421
399
307
234
89
-11
-104
-208
-292
-427
-523
-588
-796
-933
-1003
-1121
-1089
-1120
-1192
-1358
-1350
-1245
-1133
-903
-983
-888
-732
-560
-256
-158
75
185
229
595
764
887
999
999
1097
1187
1341
1400
1340
1269
1201
1217
1175
1127
1101
912
782
695
579
509
351
278
173
-9
-68
-137
-254
-302
-326
-373
-391
-408
-398
-382
-388
-323
-236
-213
-162
-103
-71
19
109
154
176
198
258
304
319
314
275
223
196
158
126
81
-42
-173
-245
-300
-370
-478
-588
-710
-815
-873
-926
-963
-1059
-1146
-1172
-1213
-1201
-1169
-1140
-1129
-1087
-956
-879
-719
-612
-514
-286
-90
151
243
327
511
618
871
1079
1142
1148
1103
1159
1237
1356
1389
1262
1106
974
922
903
860
769
583
373
267
206
158
97
0
-87
-164
-242
-261
-282
-256
-194
-167
-144
-208
-186
-85
42
147
154
171
141
192
296
361
405
370
329
285
300
339
302
250
159
101
28
-67
-113
-226
-324
-397
-526
-605
-708
-805
-876
-941
-975
-1015
-1077
-1141
-1128
-1183
-1174
-1079
-1085
-1008
-980
-925
-798
-682
-428
-311
-233
-59
67
288
492
634
734
754
873
980
1081
1161
1096
1058
1015
1006
1037
962
877
724
552
501
396
335
254
87
-39
-164
-208
-198
-248
-276
-288
-324
-313
-283
-175
-91
-109
-19
72
124
189
269
339
321
414
504
473
459
469
463
389
441
465
303
211
127
62
-15
-64
-108
-334
-486
-559
-686
-702
-753
-863
-1009
-1129
-1107
-1179
-1194
-1155
-1203
-1223
-1220
-1154
-1103
-1065
-905
-818
-719
-559
-449
-253
-104
83
297
428
630
780
858
976
1059
1166
1241
1229
1225
1149
1076
1034
978
920
776
604
451
329
244
127
23
-101
-238
-312
-366
-380
-403
-420
-414
-372
-326
-281
-186
-150
-61
86
148
201
269
367
411
485
641
623
550
629
663
614
602
625
510
360
397
327
142
61
-16
-186
-329
-349
-459
-713
-812
-846
-955
-1041
-1072
-1135
-1284
-1287
-1254
-1257
-1249
-1201
-1153
-1163
-1047
-930
-851
-727
-566
-363
-217
-38
131
247
455
689
901
1020
1055
1094
1140
1248
1360
1367
1264
1111
991
935
903
847
703
477
276
150
80
14
-61
-175
-312
-388
-396
-370
-353
-317
-279
-290
-228
-132
-88
-21
102
184
201
249
290
291
357
498
513
453
455
440
395
454
560
460
299
239
149
63
59
41
-158
-414
-503
-606
-724
-736
-810
-998
-1156
-1167
-1183
-1221
-1181
-1165
-1219
-1255
-1174
-1092
-1039
-915
-790
-733
-650
-530
-368
-175
31
219
330
419
574
784
988
1131
1168
1164
1153
1193
1293
1320
1218
1072
932
833
797
739
615
435
267
170
105
49
-9
-103
-182
-201
-180
-174
-143
-121
-108
-21
50
94
130
194
256
292
342
376
342
336
417
429
418
421
373
295
294
345
295
226
167
63
-43
-95
-117
-253
-419
-511
-652
-780
-834
-880
-991
-1101
-1129
-1179
-1224
-1206
-1172
-1159
-1169
-1105
-1039
-1031
-925
-791
-695
-600
-495
-355
-234
-56
191
348
442
579
759
919
1047
1147
1156
1136
1177
1252
1267
1178
1061
920
796
766
734
608
419
250
159
118
120
96
-1
-105
-165
-115
-45
2
36
-6
34
98
162
253
258
267
273
294
318
293
299
295
263
276
261
197
140
115
114
64
20
-45
-183
-263
-321
-407
-504
-637
-748
-890
-996
-1049
-1142
-1196
-1269
-1294
-1303
-1356
-1332
-1322
-1282
-1207
-1140
-1045
-1015
-938
-795
-677
-519
-386
-276
-168
-38
183
382
538
672
781
906
1028
1116
1171
1170
1171
1190
1190
1161
1054
938
828
735
683
596
470
297
173
154
125
110
87
26
-38
-43
36
103
137
183
226
240
289
382
428
423
455
465
419
396
405
409
370
377
375
264
193
165
121
77
44
-18
-184
-297
-356
-455
-540
-656
-813
-994
-1109
-1153
-1229
-1284
-1335
-1433
-1465
-1454
-1413
-1376
-1355
-1305
-1283
-1192
-1068
-943
-809
-698
-569
-449
-318
-152
21
206
381
559
713
813
963
1150
1281
1353
1356
1326
1301
1320
1372
1346
1214
1066
908
789
739
705
595
410
276
192
149
154
151
117
49
22
58
103
169
227
254
298
325
352
369
378
419
432
433
419
381
356
356
367
335
284
218
124
71
35
-15
-105
-208
-322
-460
-568
-665
-804
-944
-1076
-1194
-1289
-1359
-1403
-1471
-1513
-1542
-1571
-1550
-1516
-1471
-1408
-1330
-1237
-1136
-999
-867
-750
-605
-470
-358
-213
-30
159
335
543
729
825
959
1152
1293
1369
1402
1394
1367
1381
1432
1410
1295
1160
1029
910
839
800
701
539
420
364
332
302
287
276
231
193
231
279
286
313
389
430
417
430
430
405
432
487
453
369
362
339
282
287
290
195
87
72
32
-70
-117
-183
-322
-421
-486
-625
-804
-905
-1011
-1180
-1261
-1306
-1439
-1552
-1583
-1624
-1691
-1687
-1651
-1664
-1633
-1550
-1488
-1407
-1268
-1133
-1036
-930
-797
-682
-558
-378
-190
-15
160
371
564
692
852
1045
1196
1282
1335
1365
1367
1407
1469
1459
1372
1259
1145
1030
965
947
867
726
635
590
536
505
518
504
449
422
453
455
459
547
590
570
581
576
529
512
545
517
421
385
360
296
268
277
219
128
97
46
-59
-122
-176
-288
-388
-477
-620
-793
-929
-1040
-1191
-1323
-1411
-1531
-1639
-1684
-1733
-1801
-1841
-1841
-1826
-1798
-1730
-1680
-1637
-1536
-1389
-1257
-1147
-1024
-924
-815
-659
-487
-309
-141
36
237
452
628
797
990
1155
1282
1366
1413
1437
1478
1540
1550
1496
1410
1302
1206
1160
1141
1072
976
899
853
824
822
824
802
802
810
790
800
832
842
851
879
856
775
731
701
649
614
576
475
384
354
322
261
212
162
67
-20
-48
-127
-249
-343
-447
-587
-733
-855
-1001
-1165
-1292
-1403
-1539
-1643
-1706
-1784
-1875
-1909
-1922
-1942
-1916
-1856
-1813
-1790
-1722
-1616
-1491
-1365
-1235
-1126
-1039
-892
-716
-555
-389
-221
-67
97
309
528
694
848
1020
1158
1245
1321
1389
1412
1428
1451
1421
1346
1277
1219
1161
1105
1068
999
911
879
882
871
857
877
881
848
865
890
874
852
857
834
783
765
728
649
594
572
502
418
382
334
274
244
231
183
116
80
5
-90
-179
-282
-410
-555
-672
-802
-944
-1068
-1178
-1307
-1445
-1538
-1624
-1720
-1783
-1810
-1836
-1860
-1805
-1727
-1714
-1660
-1571
-1508
-1426
-1292
-1176
-1109
-987
-834
-721
-587
-426
-298
-185
-28
165
329
485
669
816
928
1060
1166
1226
1277
1322
1346
1336
1328
1328
1290
1250
1235
1190
1128
1087
1076
1050
1020
1029
1001
954
933
918
873
826
807
763
704
667
638
582
529
495
435
368
323
292
247
203
184
143
85
45
-8
-90
-179
-254
-351
-468
-556
-642
-758
-860
-943
-1046
-1152
-1244
-1318
-1394
-1453
-1482
-1526
-1573
-1597
-1611
-1631
-1640
-1630
-1611
-1587
-1527
-1453
-1388
-1312
-1210
-1098
-983
-851
-700
-564
-403
-207
-4
193
387
574
732
882
1029
1151
1233
1308
1378
1415
1444
1466
1464
1447
1428
1414
1383
1345
1327
1303
1274
1247
1219
1175
1112
1062
1003
923
865
797
721
656
584
518
441
374
313
242
192
152
119
88
72
61
33
14
-10
-57
-110
-172
-233
-309
-379
-439
-521
-611
-692
-773
-867
-941
-1014
-1094
-1158
-1212
-1270
-1331
-1385
-1430
-1474
-1509
-1546
-1568
-1578
-1562
-1518
-1484
-1433
-1384
-1319
-1237
-1137
-1012
-880
-740
-584
-406
-219
-31
154
319
476
625
761
886
993
1089
1170
1231
1282
1316
1332
1338
1346
1352
1356
1358
1352
1341
1329
1310
1281
1236
1179
1111
1040
964
893
815
733
649
567
482
404
329
249
182
120
66
25
-12
-42
-70
-99
-129
-165
-211
-256
-310
-364
-418
-472
-527
-579
-640
-703
-764
-830
-888
-949
-997
-1042
-1083
-1124
-1167
-1206
-1246
-1271
-1291
-1320
-1334
-1336
-1327
-1303
-1263
-1224
-1189
-1126
-1062
-980
-880
-765
-642
-511
-360
-203
-45
114
259
393
521
649
764
869
970
1055
1130
1186
1235
1273
1301
1326
1344
1356
1361
1367
1364
1357
1349
1328
1296
1255
1207
1151
1091
1029
962
890
814
737
659
577
498
418
344
276
213
155
98
45
-5
-58
-108
-159
-215
-276
-341
-402
-466
-527
-586
-643
-711
-769
-834
-905
-960
-1018
-1071
-1112
-1145
-1176
-1214
-1239
-1259
-1281
-1294
-1292
-1290
-1283
-1254
-1222
-1187
-1135
-1069
-1009
-934
-839
-747
-633
-506
-379
-239
-107
32
168
291
418
530
633
735
819
896
974
1038
1088
1131
1157
1186
1215
1233
1252
1263
1267
1273
1264
1250
1232
1204
1170
1132
1090
1041
990
930
875
816
751
683
619
558
496
439
386
334
281
225
176
117
56
-7
-77
-148
-222
-299
-384
-467
-553
-639
-720
-802
-880
-959
-1037
-1103
-1159
-1209
-1246
-1276
-1299
-1328
-1348
-1365
-1374
-1374
-1370
-1356
-1336
-1301
-1264
-1216
-1162
-1104
-1033
-960
-872
-773
-667
-543
-415
-274
-139
-6
121
249
373
488
601
700
796
880
954
1024
1076
1119
1148
1168
1181
1189
1196
1189
1187
1177
1164
1149
1122
1096
1062
1024
986
947
900
853
803
750
697
645
592
537
483
429
377
324
271
220
163
105
46
-16
-79
-145
-214
-284
-363
-439
-516
-598
-675
-749
-824
-893
-956
-1020
-1080
-1127
-1166
-1200
-1228
-1256
-1272
-1289
-1294
-1290
-1282
-1266
-1245
-1212
-1176
-1125
-1070
-1010
-936
-857
-766
-667
-557
-443
-323
-193
-63
74
196
320
440
552
660
756
840
918
990
1050
1100
1138
1166
1189
1202
1209
1210
1198
1189
1173
1156
1141
1118
1090
1064
1028
989
949
900
851
802
746
696
646
595
547
496
445
392
340
290
234
181
128
74
20
-34
-93
-161
-232
-307
-389
-471
-554
-638
-716
-788
-857
-923
-987
-1052
-1111
-1167
-1212
-1246
-1278
-1297
-1311
-1317
-1316
-1308
-1298
-1281
-1255
-1223
-1177
-1122
-1061
-989
-906
-811
-711
-607
-495
-385
-266
-141
-14
112
236
351
459
566
659
749
831
900
962
1011
1051
1086
1110
1128
1138
1145
1144
1139
1128
1117
1104
1082
1062
1036
1003
970
932
893
853
809
763
719
670
623
574
523
474
424
375
326
279
228
175
122
69
16
-45
-104
-168
-240
-307
-376
-448
-521
-595
-671
-747
-819
-884
-948
-1010
-1068
-1121
-1171
-1209
-1241
-1266
-1283
-1290
-1294
-1290
-1275
-1259
-1233
-1196
-1151
-1100
-1035
-966
-889
-805
-717
-622
-520
-415
-306
-198
-87
24
134
244
350
450
549
640
723
800
871
932
983
1027
1061
1088
1107
1121
1129
1132
1127
1115
1099
1079
1052
1024
992
955
918
880
837
794
752
704
654
605
553
501
452
403
355
307
259
210
161
111
60
7
-45
-98
-154
-206
-262
-320
-379
-441
-506
-574
-642
-712
-783
-849
-913
-970
-1021
-1066
-1106
-1140
-1169
-1192
-1204
-1209
-1203
-1185
-1160
-1129
-1088
-1045
-996
-941
-878
-816
-746
-671
-596
-512
-424
-336
-246
-152
-61
32
129
222
313
398
485
569
645
721
788
846
900
944
977
1007
1026
1037
1047
1045
1042
1032
1018
1000
977
952
923
894
865
834
801
771
736
698
661
619
569
522
470
416
362
306
249
192
135
77
17
-46
-108
-166
-225
-280
-334
-387
-438
-490
-540
-588
-639
-689
-740
-791
-837
-882
-922
-956
-984
-1007
-1025
-1038
-1046
-1046
-1040
-1024
-998
-964
-926
-880
-829
-777
-717
-653
-590
-524
-455
-386
-315
-241
-167
-93
-17
57
128
200
269
338
408
475
539
601
660
715
762
805
844
876
900
917
927
932
934
932
921
909
890
871
850
825
798
768
739
705
671
638
602
560
516
470
420
370
319
263
205
145
83
21
-42
-103
-161
-218
-276
-332
-384
-435
-479
-523
-567
-609
-647
-684
-722
-753
-787
-817
-845
-868
-886
-900
-905
-906
-901
-890
-873
-849
-820
-781
-736
-682
-626
-566
-502
-438
-372
-307
-247
-184
-122
-65
-6
54
107
156
204
247
290
335
377
419
461
500
538
575
612
643
670
692
712
726
740
748
749
753
748
739
726
705
683
658
631
602
570
539
507
473
439
407
370
331
293
251
210
166
124
80
36
-10
-58
-110
-163
-214
-263
-313
-362
-407
-453
-496
-536
-574
-608
-640
-667
-692
-712
-727
-737
-740
-744
-742
-739
-731
-717
-700
-675
-643
-608
-569
-525
-478
-429
-375
-322
-266
-212
-155
-93
-34
26
86
142
196
246
295
339
382
422
459
492
523
549
570
588
601
605
611
611
605
603
596
586
576
564
546
530
509
487
463
438
413
383
355
329
301
273
244
212
180
149
113
81
47
13
-16
-49
-79
-109
-140
-172
-203
-236
-269
-301
-334
-364
-397
-426
-456
-487
-513
-541
-566
-589
-609
-626
-640
-645
-651
-649
-642
-634
-618
-599
-573
-543
-506
-465
-422
-374
-326
-277
-228
-178
-127
-78
-27
20
66
111
154
195
234
272
306
337
366
396
422
443
463
482
494
506
514
516
519
515
510
502
491
477
462
445
425
405
382
357
333
305
282
257
232
208
185
160
139
114
88
64
38
13
-11
-36
-60
-85
-110
-136
-161
-187
-214
-241
-269
-294
-322
-346
-372
-396
-417
-438
-455
-472
-488
-500
-511
-515
-517
-516
-509
-500
-485
-468
-446
-418
-388
-355
-316
-277
-233
-189
-143
-97
-53
-8
39
83
125
168
207
247
284
317
348
378
402
426
445
461
475
484
490
491
491
486
479
467
452
438
417
396
374
352
329
305
280
252
225
199
174
150
124
101
78
53
31
9
-17
-38
-64
-88
-113
-137
-160
-185
-212
-236
-261
-287
-312
-335
-359
-380
-402
-422
-438
-452
-465
-475
-483
-490
-497
-497
-498
-492
-481
-470
-454
-433
-407
-378
-347
-314
-276
-238
-196
-152
-108
-61
-15
31
79
127
173
216
259
300
339
375
408
436
462
483
501
517
528
536
541
542
540
534
527
516
503
485
467
445
423
401
377
353
328
301
276
249
223
196
169
143
115
88
63
36
11
-13
-38
-65
-90
-115
-142
-168
-194
-221
-247
-272
-299
-325
-350
-373
-396
-418
-440
-458
-478
-492
-504
-515
-523
-527
-531
-529
-522
-513
-501
-483
-462
-437
-410
-378
-343
-304
-262
-218
-175
-130
-82
-34
15
62
107
155
197
238
276
311
344
375
402
424
445
461
474
484
489
493
491
486
479
470
457
439
421
402
381
359
336
313
288
263
238
211
187
162
135
110
85
60
36
12
-11
-34
-56
-77
-99
-119
-142
-163
-188
-210
-233
-259
-280
-304
-325
-345
-366
-383
-401
-418
-432
-446
-459
-469
-478
-482
-485
-484
-481
-472
-462
-448
-429
-410
-386
-360
-332
-299
-265
-229
-189
-148
-105
-63
-19
26
70
112
158
200
241
281
317
351
385
413
440
464
485
501
514
525
531
535
535
533
526
520
510
494
480
462
442
421
397
372
347
322
294
267
237
211
184
155
127
99
70
42
17
-10
-37
-64
-90
-116
-143
-168
-194
-220
-244
-267
-291
-312
-332
-355
-375
-393
-411
-427
-441
-453
-465
-476
-482
-487
-491
-492
-490
-485
-477
-466
-455
-441
-423
-402
-379
-353
-325
-295
-262
-230
-195
-159
-117
-78
-38
3
43
83
121
158
197
234
269
302
334
361
387
410
430
448
464
477
489
499
504
507
506
503
498
492
480
466
451
435
415
395
372
348
322
297
269
243
216
187
159
133
104
75
47
19
-10
-37
-64
-93
-119
-145
-173
-199
-224
-249
-274
-296
-319
-340
-359
-379
-396
-413
-428
-441
-454
-465
-473
-480
-484
-483
-480
-476
-469
-461
-449
-435
-419
-401
-378
-354
-327
-300
-270
-236
-203
-167
-130
-94
-55
-16
22
64
103
141
179
217
253
285
316
346
374
399
422
443
462
478
489
497
504
508
507
506
502
493
481
468
453
437
418
396
372
348
321
294
267
240
211
181
151
121
90
58
27
-4
-35
-66
-95
-123
-151
-179
-204
-230
-255
-278
-301
-322
-342
-361
-378
-394
-409
-421
-430
-439
-446
-452
-453
-454
-452
-447
-441
-432
-422
-408
-394
-377
-359
-338
-314
-290
-263
-236
-207
-174
-143
-110
-75
-42
-7
28
63
98
133
165
198
229
259
288
314
338
360
381
400
416
432
443
452
457
459
459
456
452
446
436
426
413
398
382
364
345
324
300
276
251
224
197
170
143
113
85
55
26
-4
-34
-62
-92
-119
-145
-170
-195
-221
-243
-266
-288
-307
-327
-346
-360
-374
-387
-399
-408
-417
-422
-425
-427
-425
-423
-418
-410
-402
-391
-378
-365
-348
-329
-307
-286
-262
-236
-210
-183
-156
-128
-97
-68
-36
-6
24
54
83
113
142
170
195
219
243
266
289
307
326
341
355
370
379
389
396
399
402
401
398
395
389
379
368
357
345
333
318
301
284
266
244
223
199
176
152
126
101
75
49
25
-1
-27
-52
-78
-103
-126
-149
-170
-191
-211
-231
-249
-267
-283
-298
-313
-323
-333
-340
-345
-348
-349
-349
-348
-346
-341
-335
-327
-316
-302
-289
-272
-255
-237
-217
-196
-174
-152
-129
-105
-81
-57
-31
-8
15
38
61
83
105
125
145
166
184
202
218
231
245
255
264
274
279
284
288
287
288
287
283
278
272
264
256
246
237
225
213
200
186
171
157
140
123
107
88
70
53
37
19
1
-18
-35
-53
-71
-87
-102
-117
-131
-144
-156
-167
-179
-188
-198
-207
-213
-219
-223
-226
-227
-228
-226
-225
-223
-220
-214
-208
-201
-191
-181
-170
-158
-147
-134
-120
-105
-90
-73
-58
-43
-27
-10
6
23
38
52
66
78
92
106
118
131
141
151
159
166
173
179
182
186
188
190
190
189
188
185
181
176
170
164
157
151
143
134
125
114
105
95
85
74
63
52
40
30
20
7
-4
-15
-28
-38
-48
-58
-69
-77
-86
-96
-104
-112
-120
-127
-133
-140
-145
-149
-152
-157
-161
-162
-166
-166
-167
-166
-165
-163
-160
-157
-155
-149
-145
-139
-132
-126
-118
-108
-101
-92
-83
-73
-65
-54
-45
-35
-23
-13
-3
7
18
29
39
48
59
68
76
85
92
99
107
113
118
123
127
132
134
137
138
139
142
143
144
143
142
140
138
135
132
129
124
120
115
110
106
98
92
86
78
72
64
56
47
39
32
21
14
5
-4
-13
-21
-28
-37
-45
-53
-61
-68
-75
-83
-88
-95
-102
-105
-111
-117
-121
-125
-127
-128
-128
-128
-129
-128
-125
-122
-119
-115
-113
-110
-104
-98
-92
-88
-81
-75
-68
-59
-54
-47
-39
-32
-23
-15
-8
-1
4
13
21
27
32
37
44
49
53
59
62
65
69
72
76
79
81
82
84
86
87
88
88
86
87
85
85
84
82
79
77
76
74
71
67
62
59
54
50
46
40
35
31
26
21
18
10
6
1
-6
-11
-15
-22
-26
-30
-34
-38
-43
-45
-49
-52
-53
-55
-58
-59
-58
-58
-58
-58
-58
-58
-55
-54
-52
-50
-47
-45
-42
-38
-35
-31
-29
-25
-20
-17
-14
-11
-7
-4
-1
2
5
7
11
14
16
17
19
20
21
24
25
25
26
26
28
27
27
28
26
24
24
21
22
21
21
19
19
17
15
13
12
10
6
7
3
1
-1
-4
-6
-8
-9
-12
-14
-17
-20
-23
-25
-28
-30
-32
-34
-36
-37
-38
-40
-39
-40
-42
-41
-40
-40
-38
-38
-37
-35
-33
-30
-28
-26
-24
-22
-17
-14
-12
-8
-4
-1
3
7
9
13
15
17
20
24
25
25
27
29
32
33
33
34
33
35
35
35
35
36
36
35
35
35
33
30
30
27
26
24
23
21
19
19
17
15
13
9
8
7
4
1
-1
-2
-4
-4
-6
-9
-12
-15
-17
-21
-21
-24
-26
-27
-28
-29
-29
-31
-33
-34
-33
-35
-35
-35
-35
-34
-34
-33
-32
-30
-29
-27
-24
-23
-20
-20
-17
-15
-12
-8
-6
-4
-2
1
4
7
9
11
14
17
19
21
24
27
28
29
30
31
30
30
30
31
31
31
31
32
31
30
29
28
26
25
24
22
21
19
18
17
15
14
12
11
8
7
6
7
4
4
2
0
-1
-3
-4
-5
-7
-9
-10
-11
-13
-14
-16
-16
-16
-18
-19
-20
-21
-21
-22
-22
-22
-22
-21
-24
-23
-23
-23
-22
-21
-19
-18
-17
-14
-14
-12
-10
-7
-6
-4
-2
0
3
4
6
7
10
11
13
16
17
18
18
20
19
21
22
22
22
22
23
23
22
23
22
20
20
19
20
19
17
16
14
13
12
10
10
9
8
5
3
3
2
1
-1
-1
-3
-5
-5
-8
-9
-10
-12
-12
-15
-16
-17
-18
-18
-20
-19
-20
-20
-20
-21
-22
-22
-23
-23
-24
-23
-23
-23
-21
-21
-21
-20
-19
-16
-16
-16
-15
-13
-13
-11
-10
-8
-8
-6
-3
-2
-1
-1
1
3
4
7
8
8
9
10
13
13
14
15
14
15
16
16
18
17
17
18
19
18
17
17
16
17
16
16
14
13
11
11
11
10
10
9
10
8
7
7
5
2
-1
-1
-2
-2
-2
-4
-5
-6
-8
-8
-9
-10
-10
-11
-11
-11
-13
-12
-14
-15
-15
-15
-15
-14
-14
-13
-13
-12
-11
-10
-10
-10
-8
-7
-7
-5
-4
-3
-3
-2
0
1
2
4
4
6
7
7
9
10
11
12
12
11
12
13
14
13
15
13
14
17
15
15
15
15
14
13
13
12
12
11
11
9
9
7
6
7
5
4
4
3
2
2
0
-1
-1
-2
-2
-2
-3
-4
-5
-6
-8
-8
-8
-9
-10
-11
-12
-12
-12
-12
-12
-12
-13
-13
-13
-13
-12
-12
-14
-15
-13
-12
-12
-10
-11
-10
-8
-7
-6
-6
-6
-5
-3
-1
-2
-1
3
3
4
6
5
6
8
7
8
9
9
10
10
11
11
10
11
11
11
11
12
11
12
11
10
9
8
7
5
6
6
5
3
3
2
2
1
1
1
0
-1
0
1
-1
-1
-3
-3
-3
-3
-3
-5
-5
-6
-7
-7
-7
-8
-8
-8
-8
-8
-8
-9
-11
-10
-12
-11
-11
-12
-10
-11
-11
-10
-11
-10
-9
-8
-8
-7
-7
-6
-5
-4
-4
-3
-2
0
1
1
3
3
4
5
5
5
7
7
8
8
9
9
9
10
11
11
12
11
11
10
10
9
10
9
8
8
7
8
8
8
5
5
5
4
4
3
2
1
0
1
0
-1
-1
-2
-3
-4
-5
-5
-6
-6
-6
-6
-7
-7
-7
-9
-8
-7
-8
-8
-7
-8
-9
-8
-10
-9
-8
-8
-7
-7
-5
-7
-6
-7
-8
-8
-8
-7
-4
-4
-2
-1
0
3
4
4
4
5
6
8
8
9
10
10
11
11
12
12
12
14
14
14
15
14
13
13
13
12
11
11
10
10
9
9
8
7
5
4
4
2
2
2
0
-1
-1
-2
-3
-4
-4
-5
-5
-6
-7
-8
-7
-7
-6
-7
-7
-9
-9
-8
-9
-10
-10
-11
-10
-10
-10
-10
-8
-9
-8
-8
-8
-8
-8
-8
-7
-8
-7
-6
-7
-5
-6
-5
-3
-3
-2
0
0
0
3
2
4
5
5
6
6
8
8
7
9
9
10
10
10
9
11
11
12
12
11
10
11
11
9
10
9
8
7
6
6
6
5
4
4
1
-1
0
-1
0
-3
-3
-3
-4
-3
-3
-5
-4
-5
-6
-6
-7
-7
-8
-7
-8
-8
-9
-10
-10
-9
-8
-9
-10
-8
-8
-8
-7
-7
-8
-7
-8
-7
-5
-5
-5
-4
-3
-2
-1
-4
-2
-2
-2
-1
1
0
2
2
2
2
4
4
4
6
7
6
8
8
8
8
9
9
9
10
9
10
10
8
8
7
7
8
8
7
6
5
6
5
4
5
5
5
5
3
3
1
1
0
0
0
-1
-3
-2
-5
-5
-6
-5
-5
-6
-6
-7
-7
-7
-7
-7
-8
-8
-8
-7
-8
-9
-9
-10
-9
-10
-9
-9
-10
-9
-9
-9
-10
-10
-10
-9
-8
-8
-8
-6
-6
-5
-6
-5
-4
-4
-3
-2
-1
1
2
3
2
4
4
4
5
5
5
7
8
9
9
9
9
10
9
9
9
10
10
9
10
9
8
9
8
8
8
8
7
6
7
3
3
1
1
0
0
0
1
0
0
-2
-3
-4
-4
-4
-5
-5
-5
-5
-5
-5
-6
-8
-8
-7
-9
-9
-8
-9
-9
-8
-8
-7
-7
-8
-7
-8
-7
-7
-6
-7
-8
-7
-6
-7
-6
-5
-5
-3
-2
-2
0
-1
0
2
1
2
3
4
6
6
7
8
7
8
8
8
9
8
8
8
9
8
8
8
8
8
7
7
9
7
7
6
5
5
4
4
3
3
3
1
1
0
0
0
0
-1
0
-1
-1
-2
-3
-4
-4
-6
-5
-6
-7
-7
-7
-5
-5
-4
-5
-5
-5
-7
-6
-7
-9
-8
-8
-8
-6
-6
-6
-6
-6
-6
-4
-5
-4
-2
-3
-2
-1
-1
-1
0
0
0
2
2
4
4
4
6
5
6
7
8
8
7
7
8
9
9
9
9
9
9
9
9
9
9
8
8
9
7
7
7
7
5
5
5
5
4
4
4
4
3
2
2
2
1
1
1
0
1
1
-1
-1
-1
-3
-3
-4
-3
-3
-2
-3
-3
-3
-3
-3
-3
-3
-3
-4
-4
-5
-7
-7
-6
-7
-6
-5
-6
-4
-4
-4
-4
-5
-6
-7
-8
-8
-7
-6
-3
-4
-2
-1
-1
-1
1
1
2
3
3
3
2
3
4
4
4
5
5
4
5
5
5
5
3
3
4
5
4
4
4
4
5
4
4
4
3
2
3
2
3
1
1
2
1
1
0
1
1
0
-1
-3
-3
-3
-3
-4
-4
-4
-4
-5
-5
-6
-6
-6
-5
-6
-7
-5
-8
-7
-7
-6
-8
-7
-6
-7
-7
-5
-6
-6
-5
-4
-4
-3
-2
-2
-2
0
-1
0
0
0
1
3
4
4
5
5
6
5
6
6
7
8
7
7
7
6
6
6
6
3
4
5
4
3
2
3
2
2
1
3
1
1
2
1
2
2
1
0
1
1
1
1
1
1
0
0
-1
0
-1
-2
-2
-2
-2
-1
-1
-1
-1
-1
-3
-3
-4
-4
-4
-4
-5
-5
-5
-5
-4
-4
-4
-4
-5
-5
-4
-5
-4
-3
-3
-3
-3
-2
-1
-2
0
1
2
1
3
3
2
4
4
3
5
5
6
6
7
7
8
8
6
6
5
5
5
4
5
4
3
3
3
3
4
3
2
3
1
1
1
1
-1
-1
0
-1
-1
-1
-3
-2
-2
-3
-2
-3
-3
-3
-4
-5
-5
-4
-5
-6
-5
-6
-5
-5
-6
-5
-4
-3
-5
-5
-4
-5
-4
-5
-6
-6
-5
-6
-4
-5
-4
-4
-4
-3
-3
-2
-1
-2
-1
-1
1
1
1
1
2
2
2
3
3
3
4
5
5
5
6
5
6
5
7
6
5
7
5
4
4
3
3
3
2
0
1
1
0
-1
-1
0
-2
-2
-3
-4
-3
-4
-3
-4
-4
-4
-5
-5
-4
-4
-5
-4
-5
-5
-5
-5
-6
-5
-4
-4
-5
-4
-4
-4
-3
-3
-3
-3
-4
-3
-2
-1
-1
0
1
0
1
0
2
2
1
2
3
3
3
4
3
4
4
3
4
3
3
3
4
4
5
7
6
7
7
7
7
9
8
7
9
8
7
8
9
9
9
9
7
8
7
8
7
7
5
6
5
5
4
4
4
3
3
2
1
0
-1
-2
-2
-2
-3
-3
-3
-5
-5
-4
-4
-4
-5
-5
-5
-4
-4
-5
-5
-5
-5
-6
-5
-6
-6
-5
-5
-4
-4
-3
-3
-2
-1
0
-1
-1
0
-1
0
1
1
1
2
2
3
2
3
4
3
4
4
5
5
6
6
6
5
4
4
4
4
3
3
4
3
4
4
5
4
4
5
3
4
3
3
2
1
0
-2
-1
-3
-2
-3
-3
-4
-5
-5
-5
-5
-6
-5
-5
-5
-7
-6
-7
-8
-9
-9
-10
-10
-11
-11
-11
-10
-10
-11
-11
-12
-11
-11
-11
-12
-10
-11
-12
-9
-8
-8
-7
-7
-8
-7
-5
-6
-5
-3
-3
-2
-1
0
1
1
1
0
2
3
4
4
5
6
7
9
9
10
11
11
12
11
12
12
12
12
13
12
12
11
10
10
10
9
8
9
8
8
9
7
8
7
7
6
6
4
3
5
4
3
4
2
1
2
2
0
1
-1
0
-2
-1
-2
-2
-3
-3
-4
-5
-4
-6
-5
-5
-7
-7
-6
-8
-9
-7
-7
-8
-8
-7
-6
-7
-6
-5
-6
-6
-5
-5
-5
-5
-4
-3
-2
-2
-1
0
1
1
2
2
4
4
5
6
6
8
8
9
9
10
10
11
12
11
12
11
12
13
12
12
12
11
11
10
11
10
9
9
8
7
7
6
6
6
5
5
2
2
2
0
1
-2
0
0
-2
-1
-5
1
-5
-6
-6
-8
-6
-10
-6
-11
-12
-12
-10
-14
-16
-14
-15
-15
-15
-15
-15
-17
-16
-17
-17
-15
-14
-18
-16
-12
-12
-13
-13
-9
-11
-9
-10
-7
-5
-2
-4
-3
3
4
0
2
9
7
5
8
9
8
9
12
11
13
15
12
13
12
11
11
12
10
6
11
11
9
10
11
12
9
8
7
12
9
4
4
11
10
4
6
5
11
1
0
2
8
4
-6
4
2
5
-5
-2
0
0
-2
-19
-4
0
-5
-21
-7
-5
-8
-14
-15
-5
-6
-8
-27
-12
1
-21
-22
-15
-7
-15
-21
-16
-22
8
-13
-34
0
9
-12
-36
21
9
-27
-2
15
-6
-10
16
-1
-2
13
20
-17
17
35
-4
2
27
36
-8
17
32
18
14
12
24
17
27
5
2
35
20
-5
9
34
17
-14
8
27
12
-1
-5
22
17
-6
-2
16
12
-9
-7
4
10
-2
-15
-13
5
15
-39
-18
20
-7
-33
-24
13
-21
-21
-9
-39
-10
-1
-32
-37
-12
19
-50
-39
15
-36
6
-45
-4
-23
-21
9
-73
30
-26
-7
-33
5
10
-34
-3
-5
4
-16
3
-4
7
-17
17
4
1
-5
24
9
4
-11
37
24
-12
14
2
63
-21
-6
30
25
5
-27
36
29
-16
4
5
37
1
-21
9
27
20
-15
-9
26
6
-14
-1
9
5
-22
0
2
-7
-4
-13
-5
-11
-9
-15
8
-7
-18
-18
19
-2
-32
-6
26
-32
-7
-1
3
-20
-19
28
-41
26
-22
-9
-10
-6
23
-57
24
27
-37
-20
25
31
-63
-1
79
-27
-46
13
94
-44
-39
44
34
-6
-21
26
-4
68
-39
-9
1
84
-18
-67
89
42
-46
-42
130
0
-39
-24
97
16
-36
10
0
75
-30
-7
5
47
17
-60
34
32
12
-62
13
44
12
-46
-1
23
10
-21
-7
6
-2
5
-45
6
11
17
-27
-17
0
-12
19
8
-9
-73
21
35
-16
-17
-36
46
-35
16
0
-22
27
-9
9
-61
56
43
-48
-49
35
51
-58
-14
48
12
-71
18
34
33
-13
-27
-31
60
75
-81
-30
22
92
-49
-60
27
27
44
-82
-36
84
48
-95
-60
142
28
-133
-25
119
56
-172
-1
87
89
-212
31
64
34
-133
-31
144
-155
0
38
-5
-145
67
99
-113
-96
-12
76
14
-113
-26
30
15
-68
-42
115
-18
-125
-50
53
55
-54
-64
-13
57
-64
-1
112
3
-157
14
134
-34
13
-4
13
-23
-51
145
61
-101
-36
32
148
-67
-39
140
-33
-1
-20
159
5
-23
19
-33
108
37
48
-59
23
10
156
-101
40
61
-94
72
-13
128
-123
24
118
-185
91
101
14
-162
-22
206
-157
3
1
12
-71
-49
41
-134
96
37
-126
-163
70
202
-220
-85
36
21
-48
-90
85
-68
-63
-24
-6
21
-39
-46
20
1
-43
9
79
-130
46
-4
88
-87
12
35
-88
103
45
-57
-50
71
105
-129
174
-5
-39
-14
73
156
-117
50
-4
143
-71
54
-29
195
-67
-124
148
-25
189
-204
64
52
-9
128
-238
258
-19
-83
-122
165
137
-266
157
-65
50
-182
220
-56
-151
106
-62
-138
1
345
-265
-251
8
312
-179
-7
-104
-50
-67
11
134
-187
120
-201
-85
43
233
-148
-103
-74
-64
113
88
-75
-247
122
-27
-10
-10
130
-74
-166
60
39
180
-84
-105
-32
166
60
-124
119
-33
58
-30
78
37
60
-7
-77
128
77
36
-73
154
-15
33
1
117
2
-8
55
17
3
38
101
-19
-61
-10
195
-76
2
-121
175
30
-118
-1
3
109
-115
-61
27
91
-74
-18
-112
17
102
-108
-90
-37
-7
-19
-66
-33
24
-119
-34
-5
29
-13
-186
8
148
-149
7
93
-74
-77
-55
248
-108
-96
-24
25
3
48
6
-138
3
34
-11
40
68
-146
-54
8
210
-111
35
-97
8
29
63
62
-101
160
-201
12
188
113
-84
-109
130
7
17
170
6
-207
59
226
23
-146
121
58
-27
-20
107
86
36
-112
-125
290
28
-112
-183
299
18
-293
72
162
-2
-150
-17
44
128
-157
-66
111
53
-124
-76
172
-82
-134
73
113
-120
-79
-28
33
107
-120
-139
-4
123
-46
-176
117
8
-115
-104
63
167
-107
-116
-67
97
-31
44
-87
10
-11
-113
13
83
131
-289
10
138
124
-158
-16
81
78
-96
-18
153
-16
43
-214
250
50
-135
72
83
-55
-33
105
66
-48
-92
95
39
117
-78
-224
227
142
-153
-97
125
129
-238
93
135
-43
-43
-43
76
-71
170
-50
-151
-28
130
62
-92
-88
-14
96
-57
11
-42
-13
-18
-58
74
-53
44
-125
-24
89
-20
-42
-105
131
-125
-37
145
74
-251
-75
193
58
-39
-109
13
-11
-6
65
34
-21
6
-134
41
194
55
-31
-263
97
228
-60
-70
64
-13
-99
49
184
17
-279
102
107
34
-81
100
-12
-58
-98
190
226
-244
-51
-24
292
-45
-53
-47
58
78
-95
91
-20
88
-164
2
160
84
-139
-66
92
39
39
-181
147
-43
-64
28
35
66
-252
79
97
54
-245
-5
160
-71
-54
-46
120
-73
-82
-22
106
86
-159
-141
14
249
-66
-245
81
45
8
-120
91
-10
-106
30
-66
90
11
-43
-150
79
82
-19
-104
9
-29
-18
89
-10
-76
-89
121
10
79
-88
-69
100
-22
49
-30
89
-112
-65
158
87
-38
-192
82
175
27
-81
-81
98
14
-45
106
-8
-35
-114
78
87
8
-1
-100
59
-55
81
12
106
-141
-134
166
43
86
-271
62
79
-21
56
-154
94
21
-58
-20
-26
124
-69
-77
-35
208
-105
-125
26
114
104
-221
29
-48
104
31
-132
68
9
44
-143
9
192
-69
-22
-80
115
-50
-21
45
22
7
-127
71
91
-36
-100
11
59
-14
34
27
-34
-118
-10
179
16
-22
-184
-49
112
78
-15
-123
-5
21
-49
34
88
-10
-177
-31
95
59
-56
-136
26
41
15
-45
-37
19
-9
-66
13
47
38
-128
-55
103
129
-29
-204
67
124
57
-103
-19
22
51
-82
64
61
-56
-61
-138
198
75
-49
-161
-32
196
19
-25
-92
48
83
2
9
51
114
-125
-33
106
178
39
-136
0
32
111
7
-67
36
60
-119
-96
137
116
-216
-187
91
24
-124
-57
34
-158
-188
51
70
-194
-81
-102
-41
-36
-106
-56
-16
-39
-160
-34
82
-6
-207
14
123
-94
-111
66
62
-47
-76
121
84
-65
-16
94
148
-12
50
50
104
11
30
115
189
51
-55
83
109
171
6
95
72
28
58
66
161
69
-28
36
79
102
113
2
-46
81
119
24
15
47
128
-37
