2.363283e+062 -3.768720e+058 -9.947375e+058 -1.765817e+059 -2.588276e+059 -3.329531e+059 -3.882951e+059 -4.133258e+059 -3.990771e+059 -3.429252e+059 -2.424241e+059 1.289638e+056 
2.363286e+062 -3.729544e+058 -9.826613e+058 -1.747557e+059 -2.559978e+059 -3.295613e+059 -3.845033e+059 -4.089243e+059 -3.951748e+059 -3.390983e+059 -2.401036e+059 1.262737e+056 
2.363284e+062 -3.728124e+058 -9.851522e+058 -1.750402e+059 -2.566713e+059 -3.305516e+059 -3.852630e+059 -4.102230e+059 -3.963037e+059 -3.403853e+059 -2.410850e+059 1.269238e+056 
2.363284e+062 -3.788597e+058 -9.986877e+058 -1.772109e+059 -2.596895e+059 -3.342429e+059 -3.896958e+059 -4.147022e+059 -4.008091e+059 -3.437509e+059 -2.433254e+059 1.299174e+056 
2.363282e+062 -3.783007e+058 -9.976503e+058 -1.773087e+059 -2.598560e+059 -3.347542e+059 -3.905795e+059 -4.152846e+059 -4.013710e+059 -3.445064e+059 -2.438572e+059 1.301934e+056 
2.363284e+062 -3.803700e+058 -9.995790e+058 -1.774287e+059 -2.597217e+059 -3.354959e+059 -3.906407e+059 -4.155667e+059 -4.021219e+059 -3.444769e+059 -2.439559e+059 1.304874e+056 
2.363285e+062 -3.792706e+058 -9.986360e+058 -1.777105e+059 -2.603983e+059 -3.354950e+059 -3.909653e+059 -4.159588e+059 -4.022738e+059 -3.450180e+059 -2.442501e+059 1.306620e+056 
2.363284e+062 -3.771910e+058 -9.955709e+058 -1.769437e+059 -2.589967e+059 -3.335841e+059 -3.886061e+059 -4.137747e+059 -3.997776e+059 -3.431239e+059 -2.429003e+059 1.292856e+056 
2.362836e+062 -8.771901e+058 -1.826805e+059 -2.231019e+059 -2.259484e+059 -1.891285e+059 -1.735660e+059 -1.795778e+059 -2.226902e+059 -2.490497e+059 -1.979399e+059 1.014181e+056 
2.352187e+062 -3.177285e+059 5.292484e+058 1.641597e+060 2.379013e+060 3.869310e+060 3.116586e+060 2.673211e+060 2.127340e+060 1.317751e+060 9.951255e+059 5.589877e+057 
2.336979e+062 -1.092125e+059 4.730271e+059 3.377907e+060 3.858487e+060 6.096983e+060 6.110604e+060 7.599746e+060 8.346301e+060 5.694469e+060 3.242559e+060 2.975850e+058 
2.281143e+062 2.226609e+060 2.935685e+060 1.360189e+061 1.770527e+061 2.818044e+061 2.082569e+061 1.951944e+061 1.854090e+061 1.013386e+061 8.439425e+060 4.007516e+059 
2.277693e+062 -1.466662e+060 -1.743721e+060 8.327599e+060 1.467304e+061 3.073131e+061 3.512922e+061 2.896829e+061 2.174228e+061 1.029193e+061 5.907040e+060 4.441678e+059 
2.165353e+062 6.404961e+060 3.938634e+060 3.162355e+061 3.205591e+061 5.422933e+061 4.684740e+061 5.363743e+061 5.574393e+061 2.491016e+061 2.259047e+061 2.238360e+060 
2.127017e+062 8.986898e+060 8.001008e+060 3.656810e+061 4.747378e+061 6.602925e+061 5.412645e+061 5.913783e+061 5.993367e+061 3.186410e+061 2.331103e+061 3.235710e+060 
2.174985e+062 8.039884e+060 1.501323e+061 2.935320e+061 3.913304e+061 5.280920e+061 4.166597e+061 4.163854e+061 3.956882e+061 2.592131e+061 2.217951e+061 2.093984e+060 
2.314712e+062 1.186865e+060 2.828044e+060 7.027831e+060 9.423936e+060 1.552643e+061 1.506159e+061 1.248353e+061 9.218475e+060 5.041584e+060 4.766039e+060 1.370473e+059 
2.353481e+062 -4.099641e+059 -5.281106e+059 3.809976e+059 5.423900e+059 1.920330e+060 2.030779e+060 2.279762e+060 2.467813e+060 1.397675e+060 8.098030e+059 5.613874e+056 
2.342370e+062 -5.862780e+060 -1.465727e+061 -2.427769e+061 -3.299287e+061 -3.840564e+061 -3.973435e+061 -3.696348e+061 -3.050703e+061 -2.194643e+061 -1.265309e+061 1.432682e+060 
2.333666e+062 -8.056771e+060 -2.040919e+061 -3.359284e+061 -4.627892e+061 -5.323603e+061 -5.505288e+061 -5.100133e+061 -4.126236e+061 -2.948974e+061 -1.630610e+061 2.769544e+060 
2.333062e+062 -8.664956e+060 -2.176222e+061 -3.619661e+061 -4.926402e+061 -5.693911e+061 -5.856415e+061 -5.382571e+061 -4.363605e+061 -3.062142e+061 -1.680740e+061 3.137784e+060 
2.333375e+062 -8.604211e+060 -2.155091e+061 -3.577771e+061 -4.855740e+061 -5.606208e+061 -5.756967e+061 -5.281659e+061 -4.277993e+061 -2.999675e+061 -1.649772e+061 3.038380e+060 
2.329273e+062 -9.330806e+060 -2.305848e+061 -3.787956e+061 -5.064474e+061 -5.695527e+061 -5.690779e+061 -5.081873e+061 -3.993172e+061 -2.693387e+061 -1.410890e+061 3.031051e+060 
2.327319e+062 -9.970690e+060 -2.413104e+061 -3.864385e+061 -5.034912e+061 -5.574451e+061 -5.434183e+061 -4.671259e+061 -3.494228e+061 -2.227178e+061 -1.103513e+061 2.759067e+060 
2.326002e+062 -8.208649e+060 -1.791069e+061 -2.770702e+061 -3.869033e+061 -4.798262e+061 -5.262742e+061 -4.911354e+061 -3.791820e+061 -2.438430e+061 -1.251173e+061 2.200057e+060 
2.334793e+062 -7.490194e+060 -1.765542e+061 -2.777147e+061 -3.677403e+061 -4.237489e+061 -4.362800e+061 -3.996267e+061 -3.199126e+061 -2.252244e+061 -1.291784e+061 1.774107e+060 
2.354759e+062 -2.175388e+060 -4.974300e+060 -7.641027e+060 -9.728479e+060 -1.090306e+061 -1.102286e+061 -1.018518e+061 -8.658639e+060 -6.672935e+060 -4.306059e+060 1.249251e+059 
2.355264e+062 -1.762090e+060 -3.573289e+060 -4.614294e+060 -4.713842e+060 -4.028550e+060 -3.005072e+060 -2.119044e+060 -1.675017e+060 -1.596605e+060 -1.392654e+060 1.742565e+058 
2.353467e+062 -1.955711e+060 -3.446133e+060 -3.452623e+060 -2.000987e+060 3.483337e+059 2.687616e+060 4.041818e+060 3.732169e+060 2.171185e+060 5.407238e+059 -1.421831e+058 
2.358621e+062 -9.647265e+059 -1.763572e+060 -1.922301e+060 -1.371165e+060 -2.615884e+059 1.003939e+060 1.832043e+060 1.763519e+060 9.537992e+059 7.387333e+058 -3.367298e+057 
2.362426e+062 -2.548109e+059 -5.757003e+059 -8.436849e+059 -9.876536e+059 -1.000992e+060 -9.301407e+059 -8.380958e+059 -7.562318e+059 -6.643242e+059 -5.102863e+059 1.208251e+057 
2.363005e+062 -1.202980e+059 -3.110722e+059 -5.407061e+059 -7.740732e+059 -9.745827e+059 -1.109038e+060 -1.150990e+060 -1.086718e+060 -9.092170e+059 -6.278139e+059 1.074129e+057 
2.363235e+062 -5.182580e+058 -1.358782e+059 -2.390238e+059 -3.476639e+059 -4.456941e+059 -5.161493e+059 -5.466839e+059 -5.271688e+059 -4.503510e+059 -3.181304e+059 2.304120e+056 
2.363289e+062 -3.841165e+058 -1.009065e+059 -1.784437e+059 -2.609861e+059 -3.351156e+059 -3.907328e+059 -4.146155e+059 -4.012782e+059 -3.439497e+059 -2.436118e+059 1.309649e+056 
2.363285e+062 -3.815579e+058 -1.003313e+059 -1.782105e+059 -2.611069e+059 -3.365086e+059 -3.920069e+059 -4.167302e+059 -4.033144e+059 -3.458016e+059 -2.446658e+059 1.314287e+056 
2.363285e+062 -3.792366e+058 -9.981585e+058 -1.774049e+059 -2.598967e+059 -3.353631e+059 -3.901325e+059 -4.154579e+059 -4.017331e+059 -3.443093e+059 -2.439994e+059 1.303229e+056 
2.362715e+062 -1.248662e+059 -1.940520e+059 -1.258745e+059 2.684111e+058 1.345415e+059 9.397538e+058 -9.079992e+058 -3.027181e+059 -4.044362e+059 -3.287536e+059 1.458055e+056 
2.363280e+062 -3.801635e+058 -9.980990e+058 -1.766074e+059 -2.580147e+059 -3.323324e+059 -3.875027e+059 -4.131187e+059 -4.002753e+059 -3.435245e+059 -2.434993e+059 1.291569e+056 
2.363283e+062 -3.746742e+058 -9.874076e+058 -1.750583e+059 -2.570032e+059 -3.307983e+059 -3.856394e+059 -4.102555e+059 -3.963040e+059 -3.402614e+059 -2.408149e+059 1.271290e+056 
