36
43
37
11
-28
-53
-54
-50
-34
-1
37
62
70
50
14
-15
-42
-67
-68
-39
0
33
54
57
44
22
-10
-35
-42
-28
-21
-15
2
21
33
31
18
6
4
-3
-24
-36
-32
-20
-7
8
30
52
61
46
4
-30
-56
-82
-88
-62
-10
42
76
91
84
57
8
-55
-102
-111
-94
-60
-12
44
88
95
76
31
-11
-46
-77
-88
-77
-45
-9
20
44
57
61
50
17
-17
-42
-53
-63
-62
-41
-6
28
53
64
64
50
23
-16
-50
-67
-64
-48
-27
6
38
54
53
45
27
2
-23
-46
-56
-49
-25
-3
19
44
59
52
34
10
-15
-32
-42
-42
-25
0
21
31
36
29
19
4
-14
-22
-21
-14
-5
7
18
20
15
5
-8
-16
-17
-15
-11
-2
0
-4
-4
2
7
9
15
13
5
-8
-17
-31
-32
-22
-8
7
26
38
38
25
6
-14
-37
-40
-38
-22
-3
17
31
36
37
23
5
-8
-16
-25
-23
-18
-9
1
9
18
25
33
36
32
20
-1
-24
-42
-51
-43
-22
8
39
58
62
50
19
-18
-49
-63
-53
-30
2
37
59
63
47
18
-15
-37
-47
-44
-29
-1
26
38
38
32
20
4
-14
-25
-27
-22
-13
-8
0
14
27
30
29
28
22
5
-21
-41
-48
-39
-23
-3
25
50
57
41
16
-8
-30
-45
-48
-38
-16
3
17
25
28
26
10
-5
-16
-21
-23
-23
-19
-15
-7
0
3
4
9
10
7
-2
-7
-13
-17
-17
-12
-2
9
13
12
10
6
3
-1
-4
-6
-4
-4
-10
-11
-11
-10
-3
4
12
22
27
25
12
-1
-14
-25
-28
-27
-15
3
19
28
27
22
14
0
-13
-21
-25
-25
-19
-13
-5
6
16
18
19
19
10
-2
-14
-22
-27
-25
-21
-13
2
20
28
26
20
7
-14
-30
-39
-40
-28
-7
12
25
29
24
10
-12
-27
-34
-32
-24
-8
11
27
34
27
11
-7
-20
-34
-38
-30
-13
7
24
34
32
25
10
-10
-27
-33
-31
-23
-8
15
33
42
40
27
12
-6
-23
-33
-32
-16
1
16
30
37
35
24
4
-12
-20
-21
-16
-9
6
18
25
20
13
8
-1
-7
-9
-7
-2
3
4
1
-2
-5
-6
-7
-5
3
9
10
8
2
-6
-12
-19
-22
-13
-2
9
17
23
20
6
-5
-17
-26
-27
-19
-8
5
20
25
22
15
6
-2
-9
-11
-11
-7
-1
4
7
9
11
14
16
17
16
13
8
0
-10
-15
-15
-11
-1
10
22
26
27
23
10
-2
-14
-21
-21
-17
-6
4
14
21
21
16
12
5
-4
-9
-15
-19
-18
-16
-7
3
16
22
22
19
10
-2
-15
-27
-31
-25
-13
2
17
24
25
17
3
-14
-27
-34
-33
-24
-7
10
21
25
19
7
-9
-21
-31
-33
-25
-12
1
13
19
19
15
5
-6
-15
-22
-20
-16
-8
0
9
16
16
16
14
8
1
-7
-14
-17
-17
-15
-8
2
14
21
25
24
16
3
-12
-24
-28
-29
-21
-6
9
24
32
33
26
12
-3
-20
-31
-33
-26
-12
4
17
27
29
25
15
3
-9
-19
-21
-17
-12
-3
7
14
17
17
12
8
1
-6
-9
-10
-11
-7
-3
0
2
4
6
6
7
6
5
1
-4
-8
-10
-10
-9
-4
2
8
11
13
13
7
-1
-10
-16
-18
-18
-13
-5
3
9
11
10
6
0
-7
-13
-14
-13
-11
-9
-5
2
6
8
9
10
9
5
-1
-9
-10
-12
-12
-9
-1
7
14
19
21
17
10
1
-9
-15
-17
-11
-5
3
14
20
20
20
13
5
-3
-13
-18
-21
-19
-12
-4
7
19
24
25
22
14
1
-10
-18
-23
-22
-14
-3
11
25
33
34
27
16
0
-14
-25
-29
-26
-15
-1
13
27
33
34
26
14
1
-14
-24
-26
-21
-11
5
18
28
33
31
22
10
-4
-15
-21
-20
-16
-6
7
18
26
25
20
13
0
-8
-12
-17
-15
-12
-4
5
12
17
18
16
11
4
-5
-13
-18
-20
-17
-11
-1
6
14
17
17
13
5
-4
-10
-13
-14
-10
-4
3
10
13
12
10
4
-2
-8
-11
-12
-13
-9
-5
-1
3
6
5
3
1
-5
-9
-12
-15
-15
-13
-8
-3
3
5
7
5
2
-3
-10
-15
-19
-16
-14
-9
-1
5
9
10
9
4
-3
-10
-15
-18
-18
-17
-11
-2
4
9
9
8
1
-6
-14
-18
-19
-16
-8
-2
6
10
12
11
5
-2
-9
-13
-15
-15
-9
-2
4
9
14
14
11
8
1
-7
-10
-13
-11
-7
-2
5
8
12
15
11
7
1
-5
-10
-9
-8
-4
0
4
8
9
9
6
2
-2
-4
-4
-6
-4
-3
-1
4
6
8
8
8
3
-1
-4
-7
-7
-5
-5
-3
2
3
3
4
1
-2
-4
-5
-5
-5
0
-1
1
2
2
3
0
-1
-2
-1
0
2
3
2
1
1
1
-2
-2
-1
0
1
3
4
2
1
-1
-2
-3
-4
-4
-3
0
3
5
5
4
3
1
-3
-5
-6
-6
-6
-3
0
-1
2
0
1
0
-1
-2
-5
-5
-4
-5
-3
-1
1
2
1
2
1
-1
-3
-4
-5
-6
-5
-2
0
0
1
2
3
1
0
-1
-3
-5
-3
-3
-2
2
1
2
2
3
2
1
0
-1
0
-1
0
1
2
3
5
4
4
3
1
0
0
0
-1
1
2
3
4
4
5
4
5
6
5
7
5
5
6
6
5
4
4
5
5
5
5
4
3
3
3
3
3
4
2
2
2
3
3
3
5
4
2
0
2
0
1
2
2
1
2
2
2
0
0
-2
-1
-2
-3
-3
-2
-3
-2
-1
-1
-1
0
0
-1
-3
-2
-2
-3
-1
0
-1
1
0
1
0
-1
-2
-3
-4
-3
-2
-1
0
1
1
1
0
0
-1
-3
-2
-1
-3
-2
-1
-1
-1
-1
0
-1
-1
-2
-1
0
-1
-1
0
1
1
0
0
-1
-2
-2
-3
-2
-2
-1
-2
0
2
2
1
0
-1
-2
-3
-2
-1
-1
0
-1
-2
-3
-3
-2
-2
-1
-2
-2
-1
-2
-1
1
-1
0
-1
-1
-1
-1
-1
-1
0
0
-1
-2
-2
-1
-1
-1
-1
-1
-1
-3
-3
-3
-1
-2
0
1
1
2
1
0
2
1
0
0
-1
-1
-2
-1
-1
0
0
0
-1
1
1
1
1
-1
0
-1
-2
-2
-1
0
-1
-1
-1
-2
-1
-2
0
-1
-3
-1
-1
-1
0
0
-2
-3
-2
-3
-4
-3
-3
-2
-3
-2
-2
-3
-1
-1
-1
-1
-1
-2
-2
-2
-3
-3
-1
-2
-1
-2
-2
-1
-1
-2
-2
-2
-3
-3
-3
-2
-2
-3
-3
-2
-2
-2
-2
-2
-1
-1
-2
-1
-1
0
1
1
2
1
1
1
0
-1
0
1
0
1
1
2
1
0
0
2
0
0
-1
1
1
-1
1
0
1
2
2
2
2
3
2
2
2
2
1
1
1
2
1
1
2
3
3
3
3
4
3
4
4
4
5
5
5
4
4
3
3
3
2
3
3
5
5
6
5
3
4
4
2
2
3
3
4
3
3
4
5
5
5
5
5
4
3
4
4
4
5
5
4
5
3
2
2
1
1
0
1
2
1
1
1
1
1
3
2
3
2
2
3
3
2
1
1
1
1
0
1
0
1
0
2
1
1
0
0
0
-1
-1
-2
-1
-2
-2
-1
-1
-1
-2
-2
-3
-2
-1
-2
-3
-4
-3
-3
-2
-3
-4
-3
-3
-2
-2
-3
-2
-3
-2
-3
-2
-3
-2
-3
-2
-1
-3
-3
-4
-4
-6
-5
-4
-4
-4
-4
-4
-3
-4
-3
-3
-5
-4
-3
-2
-2
-1
-1
-2
-2
-3
-2
-1
-2
-2
-1
-2
-2
-2
-3
-2
-3
-2
0
-2
-1
-1
0
0
0
1
-1
1
1
0
0
1
1
1
2
0
1
2
1
2
1
1
1
2
3
3
2
2
3
2
2
3
0
0
0
0
1
-1
0
0
0
-1
0
-1
-1
-1
-1
-1
-1
-1
1
0
-1
-2
-2
-1
-1
-2
-2
-1
-1
-1
-1
0
-2
-1
-1
-2
-1
-2
-3
-4
-3
-2
-2
-1
0
0
1
0
-1
0
1
0
0
2
1
1
2
2
0
2
1
2
2
2
2
2
2
2
3
3
1
2
1
0
0
1
1
0
0
1
0
0
-1
1
-1
-2
0
-1
0
0
1
1
1
1
0
1
0
1
1
1
1
1
1
2
2
2
3
2
2
3
2
2
3
3
2
2
3
3
3
2
4
4
3
3
4
3
3
2
4
4
3
2
3
2
2
3
3
2
2
2
2
2
2
2
2
0
-1
-1
1
1
0
1
1
1
1
1
1
1
0
2
1
0
1
2
2
0
2
2
1
1
1
1
1
0
1
2
0
0
1
1
0
1
1
1
-1
0
0
0
1
2
1
1
0
-1
-2
-2
-2
-2
-2
-1
-2
0
-1
-1
-1
-2
-2
-2
-2
-3
-3
-3
-3
-3
-4
-2
-3
-3
-2
-2
-1
-2
-3
-2
-2
-2
-2
-2
-3
-3
-3
-4
-2
-4
-2
-1
-2
-2
-2
-2
-3
-3
-3
-4
-4
-3
-4
-4
-4
-3
-3
-3
-2
-1
-2
-2
-1
-1
-3
-3
-2
-2
-2
-3
-3
-1
-3
-2
-1
-1
-1
-1
0
-1
-1
0
-2
-1
-1
-1
0
0
-1
-1
-1
0
-1
0
0
0
0
0
1
0
2
2
2
1
2
1
0
1
-1
0
1
1
0
0
1
0
0
0
-1
-2
-1
0
0
0
2
1
0
0
1
1
0
-1
0
-1
-1
-1
0
1
1
2
3
2
1
0
1
0
1
2
2
1
2
3
1
2
2
1
2
1
1
3
2
2
4
4
4
3
2
1
1
2
2
1
0
1
1
2
3
3
3
2
2
3
1
2
1
2
1
1
0
0
0
-1
1
0
0
-1
-1
-1
-2
-1
-1
-1
-2
-2
-1
-2
-3
-2
-2
-3
-3
-2
-2
-1
-1
-1
0
-1
0
-1
-2
-2
-2
0
-2
-1
-2
-2
-2
-2
-2
0
-1
-1
-1
-1
-1
-1
-1
1
-1
-2
1
-1
1
1
2
1
1
2
2
2
1
1
0
0
2
2
2
1
1
2
0
0
1
1
0
-1
0
0
0
-2
0
-1
-2
0
-2
-2
-2
-2
-2
-3
-2
-2
-2
-2
-1
-3
-3
-3
-3
-4
-3
-3
-4
-2
-3
-3
-3
-3
-3
-5
-5
-4
-3
-3
-3
-4
-3
-4
-3
-4
-2
-2
-1
-2
-2
-2
-2
-1
-2
-1
-1
-1
-1
-1
0
0
1
0
1
2
3
2
2
1
2
2
1
2
1
1
2
2
3
2
2
2
0
0
0
1
2
1
2
2
1
1
1
2
1
1
1
1
1
1
3
3
2
1
3
2
1
0
1
1
1
1
3
2
3
2
2
1
2
2
2
1
1
2
1
2
1
3
3
3
2
1
3
1
2
3
3
4
3
3
3
2
2
2
2
3
3
3
3
2
2
4
3
4
5
5
4
4
4
4
3
5
4
2
3
3
4
5
4
5
5
4
4
5
4
4
4
3
4
4
4
3
2
3
2
3
3
3
1
0
1
0
0
-1
0
-2
-2
-2
-2
-2
-4
-5
-4
-3
-4
-3
-2
-3
-4
-3
-4
-6
-5
-5
-4
-5
-5
-4
-4
-4
-5
-4
-4
-6
-5
-5
-4
-5
-4
-5
-5
-5
-4
-4
-4
-5
-5
-2
-2
-2
-3
-3
-4
-4
-3
-3
-2
0
0
-1
0
-1
-1
0
-3
-1
-2
-2
-2
-1
0
-1
-1
-1
-2
-1
-1
0
2
1
0
1
1
1
2
1
3
2
1
1
1
1
-1
0
0
0
1
0
1
0
1
1
-1
1
-2
-1
-2
-2
2
1
2
1
1
1
1
-1
1
1
2
2
2
2
-1
-2
-2
0
2
2
5
3
4
4
1
2
0
2
4
4
6
6
6
5
5
3
2
2
2
2
4
3
4
5
5
4
4
3
5
6
7
6
5
4
4
2
1
2
4
2
3
3
0
0
-1
0
-1
0
0
1
0
0
0
-1
0
0
-1
-3
-3
0
0
-1
-1
-2
-1
0
2
0
-3
-4
-3
-5
-3
0
1
1
1
1
-2
-3
-4
-4
-2
0
4
2
1
-1
-2
-2
-4
-3
-4
-2
-1
0
0
-2
-2
-5
-4
-2
0
-2
-3
-4
-4
-4
-2
-1
1
0
-1
-3
-4
-3
-3
-1
-3
-2
0
1
2
-1
-2
-8
-13
-12
-9
-7
-3
2
4
5
2
-1
-4
-6
-3
-1
-1
2
3
2
-1
-2
-6
-5
-5
-3
0
3
6
7
6
5
3
2
-1
-4
-5
0
3
4
7
10
10
6
5
3
1
-3
-6
-2
3
10
13
15
10
2
0
-5
-7
-4
1
7
8
12
15
14
9
1
-7
-12
-12
-11
-3
7
14
15
9
0
-5
-8
-8
-11
-8
-1
3
11
10
6
3
-1
-5
-8
-9
-11
-11
-8
-2
6
9
7
2
-2
-9
-15
-19
-21
-13
-5
1
10
14
12
0
-13
-22
-24
-18
-12
-2
6
10
13
12
8
-1
-11
-20
-19
-10
-1
4
2
-5
-9
-5
1
2
5
8
8
5
-6
-13
-18
-13
-5
9
27
33
28
5
-19
-31
-39
-36
-26
-6
25
38
37
24
8
-10
-33
-47
-39
-18
5
22
28
34
25
-1
-25
-38
-29
-14
4
17
28
33
18
-7
-17
-18
-18
-12
-8
1
5
5
1
-2
8
15
12
5
-2
-1
-5
-8
-7
2
14
24
24
14
-5
-19
-24
-18
2
14
15
16
10
3
-6
-19
-20
-9
17
33
50
42
13
-8
-26
-40
-28
-11
12
41
59
52
20
3
-31
-50
-33
-5
9
33
30
21
20
7
-8
-20
-12
-10
-1
18
26
25
10
-17
-23
-11
7
14
18
18
8
-8
-17
-20
-13
4
2
7
7
12
-9
-41
-34
-13
4
20
10
0
-3
7
2
-11
4
2
-1
-6
1
5
5
7
2
6
-2
-18
-27
-12
27
43
27
0
-12
-30
-18
-5
-6
5
3
13
8
24
21
7
-21
-37
-33
-16
2
1
10
7
-17
-38
-31
-30
-13
3
23
27
27
-3
-47
-69
-70
-33
0
43
48
41
14
-1
1
-7
-29
-45
-38
-42
-25
10
35
31
33
-5
-6
-11
-17
-5
-16
-4
-39
-29
-3
24
39
43
14
0
-4
-11
-12
-18
-9
-21
-16
12
33
26
20
-13
-19
-30
-10
8
6
34
31
17
-14
-29
-51
-58
-30
22
75
77
57
29
-10
-32
-74
-48
-4
20
32
17
27
27
17
-21
-28
-22
-15
-43
-28
25
62
59
10
-9
-19
-13
-22
-3
-13
-4
-21
-14
11
59
104
15
-30
-56
-64
-32
20
31
32
11
-23
-61
-31
34
56
59
16
-34
-45
-13
21
48
28
9
-5
26
63
56
6
-53
-77
-68
-14
24
33
20
5
20
12
5
10
-4
-22
-19
-20
-41
-29
-23
5
35
60
39
28
3
15
-19
-42
-46
-60
2
10
4
3
-4
-8
22
39
43
-6
-46
-92
-95
1
48
31
50
28
25
5
-22
-8
-36
24
24
6
31
7
-21
-35
-46
-27
16
28
29
34
-4
-66
-93
-71
-34
36
94
80
29
-19
-34
-67
-54
-32
-10
30
20
30
20
7
0
13
18
11
-9
-4
-4
13
-39
-87
-29
9
69
84
41
-25
-39
-2
-21
-52
30
-25
-25
18
50
95
24
-30
-55
-46
19
20
-47
-35
10
27
9
-20
-11
3
13
63
21
-25
-52
-32
3
2
59
29
-7
-15
-56
-60
-17
28
47
73
59
17
-43
-40
-16
12
36
-16
-32
7
72
74
13
-67
-74
-39
-18
-3
39
58
60
56
-8
-35
-19
-33
-21
38
36
19
34
68
39
-22
-73
-137
-100
7
58
86
101
60
40
-34
-51
-56
-72
-35
-51
8
61
59
71
17
-10
22
39
35
-21
-67
-104
-81
-19
60
104
130
88
14
12
-38
-54
-45
-17
-26
4
58
50
45
-17
-45
-6
73
85
51
29
6
-39
-79
-47
13
42
11
-5
2
66
79
21
-51
-96
-49
10
91
89
27
-20
-22
-44
-55
-11
-34
23
58
53
16
-67
-65
-3
-51
-25
-24
-43
11
56
89
17
-48
-68
-27
10
41
-22
19
-17
-25
11
20
55
10
12
-26
-65
-6
-17
-79
-9
39
50
17
34
-6
-4
-49
-92
-107
-75
11
29
56
61
56
26
-7
-68
-80
-71
-17
18
39
-34
-39
-3
32
31
-4
-87
-123
-68
-22
103
101
3
-66
-62
-26
57
60
21
-64
-140
-57
-53
10
71
50
7
26
116
73
13
-82
-67
-61
-98
-77
29
58
97
70
13
55
-2
-45
-121
-106
-46
13
82
170
98
31
29
-24
-16
45
-46
-183
-89
35
38
39
59
-40
37
125
94
52
37
25
-33
-61
-31
-41
1
11
-31
-57
6
108
84
145
55
13
-46
-16
67
16
-37
-45
-64
-33
101
151
84
-52
-97
-3
45
38
79
36
8
-20
-12
-19
28
10
-62
-87
-67
-18
21
151
113
13
-44
-55
-19
107
62
-80
-199
-165
-80
47
154
72
6
10
77
81
58
-106
-198
-147
-59
73
89
56
56
64
-2
-21
-25
9
-74
-85
-26
-40
0
37
30
63
64
-65
-30
-13
12
-13
-41
-113
-78
139
61
-13
50
13
-27
-85
-106
-18
5
28
-80
-97
29
79
69
35
-14
16
-22
-82
-24
21
-89
-140
-104
17
144
105
27
-50
22
-9
102
40
-94
-182
-195
-87
86
200
179
87
-96
-15
-16
-28
-76
-81
-98
-19
46
64
42
55
56
2
57
-58
-118
-198
-77
79
88
30
-55
-61
107
180
139
1
-191
-159
-100
-23
86
50
-72
-73
48
106
77
82
-41
-120
-119
-57
-13
-16
15
5
73
137
77
28
-31
-65
14
-3
-27
-63
-115
-114
-35
75
72
38
-25
-87
-49
130
133
22
-17
-158
-153
-8
54
-49
-95
-54
-22
129
235
103
-36
-32
-111
-71
-23
-33
-67
19
179
137
44
12
-85
-125
70
164
161
-16
-107
-191
-118
45
113
83
37
48
79
187
144
95
-106
-109
-212
-128
113
117
33
-13
42
108
197
107
-49
-125
-85
-109
67
86
109
105
55
123
142
62
-89
-182
-173
-69
8
74
-2
127
180
65
23
-89
-59
-135
-63
22
20
106
46
-13
15
141
114
32
-49
-151
-108
-116
-87
-58
40
129
40
206
105
-4
-66
-138
-134
-162
-66
-76
-62
100
271
177
174
-51
-163
-87
-56
-88
-37
-6
-28
-40
-8
-8
-57
109
28
46
105
50
-55
-44
-9
-104
-101
-63
-13
-40
-19
2
36
87
37
-13
-77
-55
72
164
81
40
-91
-146
-249
-220
-182
-107
173
240
223
27
-42
-92
-40
24
-4
-87
-145
-212
-33
176
168
92
-25
-81
-45
-47
-102
-69
-73
73
49
7
72
102
152
70
57
-54
-64
-9
-105
-95
-96
-41
-22
209
280
107
-15
-265
-142
71
43
-3
-118
-99
17
104
136
20
-93
-126
-168
-110
22
47
27
119
48
95
41
-77
-77
-32
133
8
43
-61
-169
-126
-7
18
147
38
38
40
-105
-20
-72
-97
-122
202
345
305
38
-214
-416
-367
41
196
146
115
12
14
213
316
209
-25
-261
-446
-239
36
107
222
214
43
-116
-119
-153
-37
23
133
197
77
44
-106
37
-34
-54
-178
-273
-202
22
307
365
307
71
-181
-397
-154
24
80
80
179
70
78
-7
-72
-60
-173
-177
-216
72
68
-101
-126
-60
-65
117
288
268
152
66
-106
-165
-120
-117
-101
-84
38
22
154
1
46
-57
-104
68
142
99
142
186
-63
-5
21
-59
-79
14
-66
-93
-11
11
-215
-101
-95
-155
100
209
190
149
236
71
-52
-144
-174
-287
-5
168
145
182
73
-44
-107
21
26
5
-23
-130
-164
101
107
108
66
-7
-33
-1
56
-38
-164
-147
-110
-72
162
132
149
79
-15
-12
51
80
-48
-126
-135
-87
141
257
117
125
-22
-120
-111
-56
34
-7
-65
-68
-164
-143
-76
-38
42
20
62
42
143
174
147
10
-105
-91
-146
-108
-43
20
20
127
127
33
40
-21
-149
-103
6
22
26
69
50
2
95
53
63
58
41
-11
-34
33
69
61
-46
-85
-171
-187
-165
0
120
125
168
160
83
85
59
-83
-176
-239
-226
-158
3
3
31
123
142
41
5
-22
-80
0
1
-84
-146
-124
-120
-10
65
49
-12
-60
-147
-125
4
1
45
32
-17
-111
-4
137
147
107
54
25
-60
-47
-145
-174
-130
-95
-52
26
112
80
99
150
60
-61
-136
-108
-16
-10
-5
-25
-8
-37
-42
58
88
119
144
107
41
21
-55
-92
-43
-43
38
-1
-38
-55
-83
22
80
96
105
52
10
-24
-6
-38
-81
-29
-14
-1
-3
-4
-46
-48
23
84
81
30
-3
-106
-110
-56
1
101
125
44
-45
-8
43
-9
-53
-61
-106
-49
-25
-31
37
71
79
49
67
38
-11
-28
-1
-14
-52
-55
-74
-70
-15
29
22
88
117
96
53
33
-61
-80
-7
3
10
60
53
18
37
23
-6
17
113
55
20
-22
-49
10
19
11
-15
-12
-4
-11
18
78
31
-21
-46
-13
0
-31
-47
-1
92
103
76
37
-2
-50
-79
-115
-83
-36
-20
-18
23
96
89
37
18
29
37
17
-21
-58
-39
-41
-53
-39
-35
-10
38
53
60
63
12
-55
-98
-75
-41
9
50
77
60
44
50
0
-33
-51
-72
-37
-18
-21
11
31
86
97
62
16
-47
-57
-48
13
18
-9
-4
-55
-44
-19
-6
34
44
93
67
70
103
41
2
-20
6
-12
17
62
-23
-40
-32
-69
-75
-55
10
-2
75
118
34
66
30
3
-5
-40
-23
-15
31
-5
-58
-13
-41
-33
3
30
78
89
71
8
-9
-26
-79
-88
-46
-27
-39
-12
-4
-15
7
-46
-29
-15
-16
17
-7
41
67
78
51
21
32
-18
-68
-48
-66
-51
-57
-66
-29
-23
-2
-40
-22
71
114
136
157
95
38
-12
-19
-9
-27
-32
-99
-110
-83
-26
41
15
25
15
13
51
28
39
24
12
26
-31
-15
-16
-36
-8
-51
-22
-92
-84
-39
-44
66
37
69
50
-2
32
-31
-16
-14
-64
-15
-43
4
13
6
46
-19
20
-14
-20
-16
-34
31
24
62
54
-13
13
-64
-75
-66
-71
-45
-102
-61
-66
-27
25
-10
10
-9
-30
-33
-82
-48
-54
-77
-36
-43
5
16
2
2
-27
0
-19
-56
-45
-96
-93
-139
-145
-93
-147
-111
-119
-104
-53
-82
-54
-42
21
50
3
20
-57
-64
-52
-79
-17
-31
7
-7
-28
15
-34
19
-10
-24
18
-21
51
32
12
19
-40
-23
-41
-22
20
12
36
45
97
132
109
123
114
117
127
90
93
79
53
60
38
69
83
82
110
74
114
125
133
200
177
229
195
155
185
112
144
105
139
208
187
293
286
325
346
275
315
281
290
281
233
246
181
187
141
142
142
79
104
87
92
42
-50
-74
-142
-178
-244
-312
-314
-366
-382
-426
-398
-350
-377
-374
-368
-342
-345
-405
-432
-443
-487
-480
-485
-460
-413
-410
-409
-433
-451
-469
-513
-502
-498
-479
-446
-469
-427
-421
-426
-437
-464
-410
-389
-352
-310
-280
-196
-175
-151
-78
42
209
324
475
617
785
944
1027
1143
1181
1215
1191
1122
1077
1000
903
769
661
588
526
487
457
455
487
476
477
466
489
497
451
416
365
332
286
230
214
216
240
275
289
341
369
354
334
283
243
172
101
29
-94
-225
-380
-505
-623
-735
-816
-878
-910
-934
-920
-870
-845
-795
-774
-771
-731
-753
-752
-749
-771
-756
-787
-794
-773
-799
-831
-894
-894
-920
-946
-945
-996
-984
-1026
-1076
-1094
-1100
-1074
-1059
-1003
-855
-485
-40
317
676
994
1437
1812
1972
2135
2180
2200
2033
1752
1677
1521
1329
1010
681
618
506
413
293
245
338
289
196
112
47
5
-172
-361
-487
-570
-599
-670
-671
-579
-448
-221
-12
241
517
731
924
992
1017
1028
968
823
588
345
103
-117
-295
-461
-504
-474
-368
-244
-121
114
306
449
472
436
440
299
103
-115
-227
-288
-455
-509
-471
-349
-254
-267
-170
-64
-39
-86
-190
-220
-299
-484
-675
-819
-891
-994
-1158
-1256
-1272
-1273
-1283
-1329
-1251
-1206
-1271
-1272
-1378
-1351
-1383
-1546
-1553
-1659
-1631
-1589
-1576
-1268
-801
-269
226
641
1212
1893
2404
2713
2910
3048
3116
2904
2706
2565
2344
2013
1378
1001
791
597
461
191
234
326
255
229
114
135
77
-139
-316
-479
-557
-693
-843
-868
-843
-691
-489
-287
33
334
620
871
1026
1169
1264
1251
1129
885
638
360
70
-190
-466
-617
-761
-840
-753
-641
-445
-274
-130
-3
38
80
47
-27
-154
-300
-390
-486
-511
-487
-403
-290
-219
-79
60
175
200
160
143
77
-35
-240
-431
-597
-787
-960
-1132
-1203
-1241
-1329
-1363
-1407
-1377
-1371
-1409
-1427
-1457
-1454
-1540
-1586
-1600
-1592
-1485
-1406
-1153
-585
11
568
1013
1527
2288
2860
3168
3329
3404
3459
3225
2901
2717
2432
2056
1378
814
579
316
121
-203
-314
-210
-291
-379
-473
-498
-499
-693
-873
-1005
-1062
-1098
-1214
-1189
-1100
-911
-653
-422
-100
246
570
832
988
1137
1257
1292
1199
959
698
431
160
-175
-499
-689
-856
-977
-1010
-903
-700
-524
-385
-245
-80
46
60
71
55
39
-14
-129
-134
-99
-40
8
68
219
352
454
509
485
455
361
246
111
-82
-267
-480
-685
-863
-1017
-1140
-1248
-1370
-1449
-1483
-1526
-1518
-1569
-1641
-1695
-1786
-1841
-1913
-1941
-1918
-1903
-1729
-1544
-1138
-425
134
765
1280
1874
2685
3107
3413
3522
3504
3482
3078
2814
2555
2163
1729
1002
641
418
160
-3
-308
-307
-275
-426
-473
-594
-573
-645
-906
-1037
-1149
-1113
-1108
-1148
-1010
-847
-537
-175
128
531
901
1219
1484
1601
1729
1800
1723
1493
1137
821
491
142
-242
-580
-749
-905
-1033
-1032
-921
-728
-628
-556
-409
-281
-221
-220
-174
-133
-158
-200
-217
-117
-30
36
136
261
403
506
563
571
549
457
299
156
0
-202
-405
-628
-790
-952
-1097
-1193
-1321
-1418
-1542
-1621
-1650
-1732
-1780
-1900
-1956
-1944
-1985
-1939
-1954
-1847
-1653
-1465
-1143
-611
161
799
1317
1856
2466
3177
3507
3600
3658
3539
3350
2887
2544
2311
1908
1354
680
366
198
-38
-276
-513
-510
-520
-676
-775
-827
-845
-930
-1119
-1203
-1213
-1195
-1153
-1122
-936
-685
-347
48
377
782
1148
1441
1657
1701
1760
1761
1614
1317
881
542
211
-168
-567
-892
-1044
-1200
-1306
-1309
-1150
-921
-784
-632
-469
-246
-115
-35
60
99
188
186
218
349
453
609
706
800
934
991
1039
985
865
730
512
312
56
-192
-423
-696
-957
-1195
-1386
-1536
-1681
-1853
-1979
-2087
-2144
-2185
-2284
-2303
-2358
-2371
-2327
-2305
-2167
-2035
-1795
-1492
-1172
-493
323
1002
1605
2036
2716
3406
3683
3819
3745
3661
3394
2852
2551
2234
1851
1232
493
205
4
-195
-434
-708
-633
-642
-797
-854
-937
-867
-954
-1145
-1174
-1178
-1056
-1003
-929
-666
-408
-11
347
659
1073
1416
1696
1826
1821
1834
1782
1614
1236
762
365
-15
-403
-822
-1142
-1319
-1461
-1600
-1575
-1347
-1078
-886
-741
-504
-233
-22
132
236
353
432
426
487
595
716
826
857
929
1009
1052
1039
955
858
683
459
242
1
-242
-507
-802
-1062
-1296
-1494
-1672
-1896
-2047
-2179
-2301
-2341
-2415
-2390
-2420
-2449
-2342
-2299
-2160
-2044
-1889
-1570
-1327
-965
-348
428
1134
1596
2040
2650
3294
3625
3665
3652
3567
3296
2810
2437
2162
1775
1128
441
126
-54
-247
-522
-723
-661
-670
-784
-871
-863
-756
-793
-915
-948
-873
-755
-677
-541
-315
-38
319
677
1021
1400
1721
1939
2049
2014
2004
1935
1684
1301
772
320
-82
-513
-910
-1301
-1516
-1689
-1802
-1701
-1548
-1260
-1031
-890
-609
-354
-100
75
159
292
371
433
484
565
695
771
822
861
898
942
897
804
687
490
280
37
-223
-461
-753
-1016
-1276
-1522
-1695
-1912
-2062
-2238
-2387
-2443
-2521
-2476
-2481
-2442
-2358
-2311
-2141
-2026
-1828
-1563
-1293
-905
-602
112
934
1512
2106
2422
3109
3725
3853
3965
3795
3732
3393
2791
2518
2112
1735
1045
321
147
-93
-248
-505
-748
-581
-639
-750
-819
-880
-746
-858
-1007
-1023
-1016
-851
-824
-715
-431
-193
254
572
872
1312
1576
1853
1918
1827
1786
1619
1422
922
336
-104
-546
-857
-1304
-1649
-1752
-1903
-1920
-1847
-1579
-1193
-1001
-846
-633
-311
-36
77
184
282
429
498
542
711
878
999
1051
1091
1191
1258
1207
1067
882
679
432
141
-168
-446
-716
-1011
-1285
-1508
-1684
-1840
-1953
-2104
-2221
-2265
-2344
-2310
-2309
-2302
-2194
-2180
-2070
-1968
-1798
-1490
-1267
-900
-520
188
1023
1553
2140
2506
3082
3623
3644
3727
3539
3328
2979
2362
2106
1719
1291
698
56
-69
-251
-396
-557
-737
-569
-619
-752
-778
-842
-780
-927
-1118
-1117
-1078
-940
-857
-729
-408
-105
314
682
1006
1467
1741
1943
1994
1838
1804
1631
1249
765
157
-268
-670
-1113
-1460
-1756
-1846
-1933
-1961
-1726
-1452
-1116
-878
-706
-381
-139
96
262
343
488
559
665
805
956
1109
1201
1311
1412
1472
1473
1371
1229
1017
742
442
141
-175
-489
-771
-1074
-1286
-1493
-1674
-1776
-1923
-2019
-2097
-2159
-2187
-2183
-2153
-2130
-2077
-2038
-1931
-1791
-1608
-1385
-1151
-784
-430
248
1051
1601
2209
2494
3025
3599
3659
3761
3467
3222
2923
2253
1989
1552
1160
639
-86
-210
-401
-478
-615
-890
-706
-756
-874
-917
-1061
-967
-1108
-1311
-1320
-1312
-1144
-1056
-919
-569
-240
218
609
941
1436
1717
1934
2010
1832
1817
1604
1242
817
178
-200
-625
-1051
-1361
-1681
-1716
-1800
-1783
-1561
-1345
-959
-759
-563
-251
-48
208
330
436
600
708
838
948
1103
1246
1366
1468
1510
1559
1534
1423
1260
1006
702
397
57
-299
-601
-899
-1165
-1383
-1616
-1787
-1912
-2049
-2171
-2261
-2347
-2383
-2387
-2391
-2335
-2279
-2221
-2119
-1989
-1760
-1546
-1273
-888
-527
194
920
1496
2064
2314
2855
3322
3401
3448
3101
2875
2530
1951
1710
1275
946
427
-166
-230
-390
-390
-524
-716
-499
-571
-623
-688
-836
-724
-906
-1052
-1039
-1016
-781
-683
-477
-103
259
761
1129
1499
1910
2114
2304
2249
2042
1902
1571
1254
785
135
-305
-747
-1079
-1367
-1687
-1717
-1753
-1723
-1599
-1397
-961
-750
-629
-445
-247
80
155
215
408
577
792
868
1022
1262
1397
1450
1408
1416
1391
1218
950
612
319
-8
-378
-702
-979
-1192
-1434
-1629
-1778
-1883
-1973
-2118
-2204
-2285
-2338
-2388
-2402
-2358
-2346
-2259
-2172
-2049
-1862
-1668
-1310
-953
-560
-104
597
1394
1930
2368
2636
3091
3459
3408
3303
2987
2720
2308
1718
1460
1123
802
314
-167
-175
-234
-264
-410
-535
-388
-489
-631
-758
-887
-870
-1045
-1186
-1125
-982
-745
-530
-234
208
672
1148
1549
1896
2222
2385
2445
2318
2017
1780
1426
944
362
-285
-677
-1010
-1354
-1596
-1762
-1707
-1660
-1588
-1328
-1059
-780
-665
-568
-327
-147
27
117
261
511
681
872
1081
1318
1512
1599
1663
1672
1614
1414
1114
793
423
31
-359
-710
-1026
-1284
-1495
-1654
-1742
-1853
-1905
-1991
-2098
-2145
-2259
-2289
-2330
-2388
-2386
-2395
-2302
-2222
-2084
-1846
-1574
-1152
-748
-318
438
1241
1895
2404
2664
3112
3530
3523
3371
3011
2714
2325
1695
1351
1035
787
370
-150
-183
-179
-129
-232
-451
-329
-404
-581
-764
-990
-998
-1163
-1358
-1350
-1205
-852
-563
-229
259
771
1369
1812
2139
2441
2555
2599
2402
2026
1627
1197
797
131
-482
-915
-1223
-1359
-1687
-1785
-1678
-1606
-1485
-1472
-1161
-894
-843
-798
-765
-437
-308
-258
-59
169
589
765
985
1358
1591
1779
1727
1735
1737
1488
1138
663
309
-29
-450
-793
-1104
-1291
-1453
-1637
-1698
-1738
-1771
-1853
-1994
-2044
-2099
-2164
-2209
-2321
-2333
-2327
-2316
-2167
-2053
-1795
-1435
-1033
-504
24
878
1676
2250
2702
2912
3407
3638
3460
3188
2679
2394
1867
1238
948
631
441
-44
-412
-313
-252
-156
-391
-515
-418
-631
-830
-1128
-1276
-1254
-1492
-1589
-1490
-1154
-664
-282
222
800
1395
1945
2338
2669
2820
2755
2550
2154
1734
1286
725
188
-418
-919
-1174
-1373
-1473
-1557
-1591
-1494
-1404
-1268
-1160
-1076
-1020
-1068
-992
-879
-734
-546
-400
-87
272
658
1061
1384
1741
1949
2016
2010
1878
1689
1317
857
398
-40
-365
-740
-1013
-1181
-1333
-1383
-1477
-1495
-1514
-1595
-1665
-1791
-1860
-1965
-2039
-2081
-2179
-2178
-2178
-2103
-1902
-1697
-1339
-865
-401
247
1114
1891
2558
2930
3169
3609
3726
3565
3167
2669
2323
1731
1222
871
632
463
-8
-241
-242
-153
-82
-371
-459
-541
-791
-1029
-1389
-1489
-1528
-1710
-1702
-1527
-1097
-557
-58
556
1165
1748
2244
2614
2915
2934
2745
2419
1936
1525
976
456
-2
-594
-933
-1215
-1326
-1298
-1440
-1406
-1414
-1357
-1265
-1322
-1212
-1261
-1273
-1234
-1193
-875
-672
-378
-22
290
787
1112
1432
1719
1835
1937
1821
1678
1451
1099
755
286
-86
-417
-749
-967
-1169
-1302
-1417
-1536
-1586
-1649
-1706
-1789
-1885
-1915
-1984
-2039
-2084
-2104
-2047
-2036
-1969
-1793
-1534
-1100
-715
-146
736
1481
2184
2572
2873
3436
3565
3467
3130
2654
2372
1747
1212
859
623
455
-58
-326
-377
-310
-238
-553
-626
-711
-979
-1169
-1529
-1569
-1550
-1710
-1645
-1471
-1022
-451
35
643
1215
1782
2241
2536
2796
2806
2672
2339
1834
1447
976
577
165
-332
-644
-917
-1016
-1101
-1232
-1300
-1425
-1447
-1480
-1491
-1426
-1438
-1393
-1355
-1226
-956
-656
-319
-22
307
634
894
1137
1303
1423
1443
1347
1215
1061
890
635
345
78
-166
-421
-667
-886
-1051
-1225
-1472
-1628
-1796
-1875
-1915
-2008
-1951
-1954
-1916
-1814
-1740
-1625
-1623
-1579
-1454
-1252
-916
-660
-57
716
1336
1980
2222
2701
3236
3273
3286
2885
2588
2339
1740
1405
1040
827
520
24
-144
-282
-252
-394
-659
-614
-845
-1079
-1306
-1551
-1377
-1409
-1451
-1278
-1052
-477
13
468
1033
1466
1939
2219
2421
2572
2480
2340
1995
1628
1312
944
739
370
42
-189
-472
-540
-769
-985
-1103
-1321
-1400
-1535
-1549
-1418
-1317
-1154
-1053
-802
-537
-276
22
199
464
591
635
790
850
938
920
767
708
630
551
443
270
127
-88
-279
-498
-716
-901
-1207
-1446
-1669
-1844
-1894
-1958
-1923
-1837
-1785
-1672
-1545
-1426
-1331
-1266
-1199
-1049
-832
-619
-94
595
1157
1685
1928
2315
2819
2934
2928
2636
2338
2098
1630
1361
1164
966
670
227
54
-28
-90
-325
-666
-737
-914
-1169
-1402
-1645
-1561
-1480
-1439
-1152
-801
-291
176
561
1078
1520
1862
2032
2045
2032
1886
1689
1433
1127
899
654
481
359
123
-47
-239
-457
-621
-935
-1142
-1314
-1522
-1575
-1603
-1486
-1321
-1213
-981
-722
-441
-202
-53
125
254
327
312
270
346
360
282
236
199
206
162
76
-13
-120
-180
-363
-574
-684
-855
-1060
-1238
-1414
-1496
-1495
-1535
-1529
-1486
-1447
-1384
-1346
-1302
-1209
-1170
-1087
-836
-630
-173
492
1004
1588
1846
2135
2586
2720
2739
2389
2046
1810
1446
1257
1092
1051
950
598
453
445
496
386
-37
-359
-643
-935
-1186
-1471
-1508
-1456
-1477
-1268
-925
-366
215
620
1029
1359
1629
1850
1883
1753
1764
1351
932
932
569
618
658
279
280
26
-29
-112
-540
-644
-1060
-1427
-1525
-1567
-1430
-1304
-1181
-1147
-903
-516
-314
-152
-65
-62
-107
-147
-131
-89
-54
-51
-115
-91
-3
52
101
3
-85
-253
-460
-542
-757
-839
-980
-1143
-1185
-1270
-1102
-1014
-946
-882
-905
-861
-858
-819
-892
-916
-1000
-1005
-775
-579
81
687
1131
1634
1753
2194
2587
2622
2542
2043
1667
1369
1030
939
894
903
727
447
422
493
602
432
49
-178
-521
-809
-1059
-1281
-1137
-1126
-1111
-899
-598
-1
365
653
999
1165
1387
1427
1457
1495
1366
1185
943
910
970
912
787
573
367
137
-171
-392
-627
-958
-1238
-1442
-1369
-1179
-1033
-810
-656
-429
-266
-200
-86
-91
-170
-346
-483
-468
-453
-427
-403
-318
-172
-78
22
126
143
25
-246
-524
-700
-893
-1075
-1292
-1408
-1393
-1372
-1199
-978
-729
-549
-541
-518
-449
-395
-418
-475
-568
-558
-455
-281
299
864
1299
1586
1631
2037
2331
2375
2257
1790
1516
1189
937
997
1039
1104
853
559
552
582
623
365
-48
-366
-760
-1015
-1161
-1180
-976
-941
-868
-631
-284
220
469
619
717
705
766
700
700
718
621
580
527
762
979
1003
972
688
508
191
-193
-415
-831
-1173
-1522
-1643
-1393
-1236
-1010
-843
-667
-384
-311
-219
-153
-245
-324
-562
-674
-635
-684
-600
-647
-594
-427
-391
-183
-134
-160
-231
-501
-604
-763
-941
-1102
-1322
-1355
-1362
-1308
-1172
-1038
-869
-822
-799
-760
-657
-475
-436
-393
-380
-296
-60
339
1012
1466
1761
1905
1962
2266
2312
2179
1866
1363
1105
860
871
1127
1213
1235
1055
945
1042
966
813
412
-104
-489
-981
-1202
-1277
-1265
-1065
-1030
-724
-270
145
606
760
842
816
661
644
520
440
369
224
410
626
808
1033
1025
1033
885
536
281
-153
-520
-828
-1109
-1067
-1053
-979
-807
-719
-558
-501
-452
-402
-515
-560
-654
-712
-671
-691
-591
-489
-406
-265
-215
-140
-112
-154
-201
-380
-510
-631
-761
-798
-914
-936
-929
-935
-811
-783
-695
-638
-744
-735
-868
-910
-868
-911
-753
-650
-457
-211
23
525
1049
1522
1930
2091
2268
2413
2344
2155
1666
1196
933
780
962
1131
1282
1414
1363
1384
1228
988
706
266
-101
-486
-824
-1004
-1159
-1208
-1149
-1059
-767
-415
-27
309
394
402
271
109
40
-8
81
213
379
587
745
852
859
752
575
334
63
-136
-301
-433
-558
-685
-726
-698
-578
-484
-432
-394
-488
-637
-849
-1075
-1237
-1334
-1308
-1200
-1009
-769
-568
-425
-377
-377
-381
-383
-329
-187
-128
-209
-331
-395
-339
-494
-516
-452
-423
-57
312
582
804
906
741
337
66
-177
-397
-171
137
416
860
1322
1614
1848
2007
1800
1390
1119
785
436
439
443
389
466
666
819
953
1103
1009
745
475
55
-409
-723
-942
-1148
-1168
-935
-677
-352
-89
-38
-85
-233
-436
-680
-906
-1053
-1158
-1132
-1013
-817
-552
-281
-10
166
205
152
24
-132
-277
-393
-480
-472
-280
6
316
612
808
911
913
803
597
328
62
-176
-350
-442
-482
-456
-373
-253
-152
-75
-31
-65
-127
-232
-357
-454
-485
-441
-351
-192
-3
194
359
459
487
468
419
307
179
54
-14
-1
38
114
194
261
310
325
293
198
59
-79
-210
-301
-323
-309
-224
-64
92
266
439
575
673
677
631
550
429
318
220
131
65
9
14
80
113
119
64
-26
-109
-203
-285
-382
-446
-506
-574
-561
-524
-489
-465
-450
-453
-437
-424
-429
-442
-447
-426
-393
-320
-255
-200
-115
-50
-36
-26
-32
-19
-23
-48
-74
-97
-90
-70
-33
1
7
5
2
-41
-84
-160
-274
-361
-427
-462
-479
-469
-422
-369
-287
-212
-156
-95
-24
39
81
126
186
248
330
378
426
493
534
559
545
536
519
533
532
516
523
496
470
414
311
231
156
79
27
-28
-18
-13
-14
23
45
103
155
201
247
298
370
415
458
476
459
411
321
230
161
76
-5
-65
-117
-118
-108
-68
-46
-60
-82
-123
-172
-223
-300
-356
-399
-419
-410
-390
-356
-328
-277
-236
-205
-169
-125
-68
-35
9
28
41
89
87
113
121
87
96
116
116
84
83
76
99
118
141
128
241
553
600
477
251
30
-60
-61
-200
-561
-760
-623
-294
153
433
426
317
331
411
362
343
219
133
330
588
655
622
521
320
116
-14
-221
-407
-381
-243
-110
-12
22
-69
-183
-289
-440
-610
-523
-403
-368
-281
-345
-305
-194
-94
-96
-136
134
264
456
466
412
255
47
-161
-535
-644
-466
-240
-159
-7
-92
-190
-314
-528
-690
-694
-672
-555
-368
-79
154
221
199
107
39
-58
-93
-196
-131
-25
-25
-78
-68
-17
107
191
210
250
227
124
-82
-316
-493
-479
-407
-346
-227
-107
-1
93
93
70
3
6
42
-9
-17
-78
-209
-257
-345
-408
-396
-312
-120
31
159
203
182
153
54
-84
-148
-102
32
164
299
346
297
225
51
-109
-218
-307
-239
-103
77
268
261
231
126
33
-42
-150
-133
-124
2
127
162
249
209
202
207
97
127
113
104
199
213
306
385
376
414
369
341
309
184
106
-69
-166
-173
-190
-101
-48
24
70
50
102
37
-44
-100
-226
-253
-287
-281
-206
-189
-100
-78
-35
67
68
108
96
18
-13
-70
-97
-145
-192
-188
-201
-112
-13
81
158
167
195
185
189
221
218
222
199
181
215
223
229
178
106
69
37
98
139
135
151
155
185
217
216
204
155
107
78
41
48
35
4
3
-5
7
-17
-55
-90
-119
-91
-108
-90
-68
-85
-80
-88
-87
-74
-97
-137
-178
-164
-119
-128
-140
-166
-118
-9
88
140
135
128
151
82
-23
-119
-183
-113
-65
-21
47
98
143
114
44
-23
-108
-136
-128
-93
-37
-20
-14
6
20
15
11
14
70
106
115
105
78
85
47
-68
-175
-246
-263
-250
-161
-72
-9
110
183
175
117
23
-42
-78
-118
-115
-79
28
169
188
182
144
95
31
-103
-223
-277
-258
-205
-183
-155
-69
27
97
126
143
100
24
-57
-114
-106
-96
-103
-38
59
107
164
167
151
161
136
30
-67
-135
-217
-310
-352
-278
-174
-43
113
226
326
349
205
12
-183
-306
-352
-246
-80
113
275
290
292
227
132
-35
-128
-124
-116
-76
-9
-4
-58
9
-42
-67
133
129
67
0
-97
-140
-147
-83
-227
-139
-42
-58
25
137
156
108
132
-29
-172
-282
-254
-323
-163
-71
-174
-203
-116
2
85
191
75
52
-4
12
-105
-39
101
105
236
313
141
61
41
-35
60
112
-46
-111
52
53
116
181
97
50
60
33
-21
-175
-133
-143
7
302
251
282
317
287
123
-32
-224
-280
-86
126
303
434
551
436
332
220
-54
-194
-237
-78
116
264
319
277
291
202
116
-1
-97
-75
14
71
97
87
44
-45
-55
0
-21
42
73
122
207
191
84
-44
-148
-146
-190
-200
-180
-189
-81
-103
-72
-79
-163
-186
-225
-324
-282
-338
-407
-336
-313
-247
-165
-146
-138
-180
-169
-207
-256
-167
-147
-33
50
66
39
64
96
18
10
27
23
86
83
27
58
139
170
188
193
214
203
168
138
38
52
38
37
135
242
241
258
245
151
50
-12
0
12
126
170
229
331
286
226
191
114
34
11
47
78
120
114
92
61
125
166
115
99
94
28
-56
-156
-266
-223
-166
-118
-112
-103
-71
-100
-74
-145
-241
-282
-298
-163
-148
-147
-142
-137
-24
-53
-97
-101
-108
-98
-222
-358
-369
-438
-397
-427
-342
-174
-140
-16
1
-47
-157
-245
-420
-482
-367
-294
-167
-24
154
177
156
313
266
158
47
-131
-186
-108
-69
-30
172
402
517
548
593
382
260
84
-147
-291
-272
-107
34
318
466
464
363
248
48
-88
-188
-339
-366
-263
-113
-59
106
170
146
245
88
-69
-37
-118
-171
-252
-169
-135
-144
85
148
214
359
170
28
-11
-141
-212
-281
-133
-128
-148
-26
-77
29
117
-9
-62
-54
26
-10
-86
-55
-138
-94
0
-32
41
107
99
108
83
40
-71
-210
-245
-270
-218
-195
-237
-95
-50
-45
-42
-109
-111
-75
-102
-178
-195
-111
-73
-36
-13
11
75
187
224
168
152
144
151
115
162
141
170
291
301
294
302
316
317
310
315
260
202
176
95
31
28
46
65
78
108
117
106
123
53
-37
-89
-139
-142
-119
-70
-52
-57
8
-4
-16
-37
-88
-80
-57
-15
-55
-84
-77
-70
-86
-110
-129
-149
-142
-161
-171
-157
-110
-83
-92
-83
-107
-149
-217
-279
-287
-259
-209
-167
-106
-16
19
-14
-64
-114
-134
-167
-201
-220
-175
-81
-7
37
68
121
122
84
44
17
-1
-23
-53
-79
-30
43
99
146
208
247
247
229
170
107
53
33
36
63
141
203
285
377
411
402
365
306
240
208
169
144
161
187
216
220
240
242
208
172
93
-7
-47
-57
-73
-89
-102
-101
-91
-76
-93
-124
-131
-136
-182
-187
-187
-208
-213
-233
-238
-267
-281
-238
-221
-186
-148
-125
-79
-64
-74
-120
-140
-116
-127
-136
-114
-121
-58
0
55
74
54
73
55
52
26
2
16
39
67
83
89
116
124
88
59
39
47
59
55
60
68
95
111
106
100
89
84
70
55
35
11
-27
-63
-63
-47
-31
-19
-9
2
11
21
17
6
3
9
18
45
84
118
120
93
73
52
45
40
38
49
59
81
120
150
153
142
121
83
45
13
-33
-73
-84
-80
-69
-49
-12
1
0
-2
-15
-43
-85
-142
-189
-205
-210
-197
-198
-195
-193
-189
-165
-142
-120
-97
-99
-83
-80
-76
-70
-87
-75
-66
-40
-29
-14
-13
5
4
3
8
-11
1
8
33
66
88
102
89
82
71
48
37
39
27
24
21
20
50
67
84
55
37
26
7
-6
-22
-24
-11
6
23
58
69
71
51
34
22
-3
-19
-18
-18
0
29
53
78
104
115
107
104
87
65
48
40
16
29
57
75
99
115
120
109
87
45
-4
-35
-55
-67
-71
-73
-69
-49
-52
-49
-47
-63
-84
-116
-146
-175
-181
-198
-226
-238
-234
-210
-183
-158
-138
-131
-108
-85
-70
-51
-59
-68
-62
-58
-48
-40
-15
30
76
126
156
165
166
140
117
86
57
62
73
103
136
155
173
164
152
131
101
89
66
41
24
18
20
19
17
28
38
47
49
44
27
10
-16
-39
-43
-22
18
46
76
99
117
107
66
27
-10
-35
-57
-74
-66
-32
8
48
85
109
120
111
89
58
31
6
-24
-32
-31
-16
-7
7
20
14
14
4
-14
-23
-24
-22
-21
-31
-37
-47
-59
-71
-80
-83
-85
-76
-71
-79
-81
-87
-95
-111
-119
-112
-105
-84
-70
-48
-24
-22
-28
-37
-36
-27
-4
16
45
71
85
99
92
86
60
38
32
31
34
50
63
78
103
118
117
101
76
42
16
-16
-27
-44
-53
-48
-41
-28
-15
-7
0
7
6
12
6
2
-8
-17
-27
-38
-35
-33
-19
-8
3
18
17
19
14
0
4
6
6
3
2
0
-4
-10
-16
-20
-21
-12
-7
3
9
8
-7
-18
-31
-43
-52
-55
-55
-53
-43
-31
-16
-23
-38
-45
-56
-61
-63
-70
-70
-65
-57
-56
-48
-33
-29
-33
-29
-42
-59
-54
-71
-74
-70
-57
-52
-38
-12
8
18
31
37
36
37
21
15
11
14
7
4
11
17
30
40
48
63
81
88
84
75
65
45
29
22
15
12
11
3
1
13
13
18
20
24
24
28
43
41
38
36
27
27
29
26
26
28
36
34
25
22
21
30
28
23
31
38
52
60
56
57
45
22
6
-5
-10
-21
-21
-8
0
18
25
29
32
30
19
5
-2
-14
-32
-51
-63
-71
-74
-79
-78
-59
-40
-19
-7
-1
2
-5
-16
-40
-57
-74
-89
-89
-84
-71
-60
-32
-16
8
23
16
3
-16
-30
-40
-50
-46
-40
-28
-4
11
24
15
6
-6
-15
-23
-22
-14
2
24
43
44
36
35
16
5
-2
-8
-7
-9
-7
-3
1
10
12
14
22
27
26
28
27
28
18
8
10
5
17
27
37
54
63
67
56
46
35
17
7
-2
3
14
26
40
57
65
61
52
33
20
2
-16
-30
-36
-30
-26
-13
4
10
14
10
3
-5
-18
-35
-51
-55
-51
-43
-38
-32
-28
-27
-25
-27
-32
-39
-45
-47
-48
-38
-33
-32
-26
-23
-23
-25
-23
-30
-30
-26
-26
-26
-19
-16
-20
-20
-17
-14
-7
0
4
9
19
19
14
12
4
2
-3
1
4
6
17
24
31
29
24
22
19
16
16
19
23
29
37
35
29
27
24
18
18
22
29
33
40
41
42
36
26
20
16
15
13
21
26
30
30
22
18
13
6
0
-4
-5
0
-2
-4
-2
-3
-2
-8
-13
-15
-20
-22
-28
-34
-38
-35
-40
-36
-27
-17
-11
-10
-5
-7
-8
-11
-17
-21
-22
-27
-30
-25
-21
-18
-8
-2
1
6
10
6
4
-2
-8
-19
-26
-17
-19
-4
9
20
31
30
26
20
12
4
-7
-8
1
5
17
26
28
36
33
31
25
22
29
23
27
28
28
24
24
21
18
20
19
26
34
38
37
38
35
27
22
10
-2
0
-3
1
5
10
15
17
19
17
12
5
-2
-7
-13
-15
-16
-15
-14
-12
-13
-13
-18
-22
-21
-31
-33
-36
-36
-35
-37
-34
-34
-34
-33
-35
-34
-32
-29
-28
-26
-23
-23
-22
-26
-28
-27
-22
-20
-15
-11
-7
-1
0
0
-3
-9
-9
-10
-11
-5
1
9
12
16
17
21
19
14
10
6
8
7
8
8
14
20
21
27
26
27
27
24
23
21
19
17
15
14
17
17
19
22
21
21
17
18
16
12
7
3
3
3
3
3
1
1
-3
-5
-7
-12
-10
-10
-11
-9
-8
-11
-11
-14
-15
-16
-17
-18
-21
-17
-17
-17
-15
-18
-17
-16
-15
-14
-16
-17
-15
-16
-16
-15
-15
-14
-12
-13
-11
-10
-6
-5
-4
-3
-3
-2
-2
1
1
2
5
7
6
9
8
9
13
10
8
6
6
4
4
4
5
6
8
9
7
8
8
9
11
11
11
10
8
4
3
0
2
5
6
6
6
10
12
13
13
12
10
13
14
13
14
14
11
12
9
7
6
8
6
4
5
6
5
3
-1
-1
-3
-5
-5
-8
-6
-8
-13
-17
-19
-19
-20
-19
-19
-18
-16
-16
-16
-13
-15
-14
-16
-18
-17
-17
-19
-20
-21
-19
-19
-18
-16
-13
-9
-7
-7
-4
-1
-1
-4
-2
-2
-3
-2
0
3
4
5
4
5
8
9
11
11
11
11
11
12
12
10
8
8
7
7
10
11
13
13
13
13
12
12
11
8
8
8
7
8
8
5
6
5
6
5
4
5
4
6
7
9
8
7
7
5
4
1
2
2
2
1
0
-1
0
-2
-5
-4
-5
-6
-7
-10
-9
-10
-13
-9
-10
-10
-8
-6
-7
-7
-6
-8
-9
-10
-9
-9
-9
-6
-6
-5
-3
-3
-2
-1
1
0
2
1
3
5
5
7
6
5
5
5
5
7
7
8
10
11
11
12
13
12
13
11
12
10
10
10
9
8
8
6
5
4
2
4
4
6
5
5
6
6
3
0
-2
-5
-5
-2
-2
-2
1
1
2
1
1
1
-2
-4
-5
-4
-3
-3
-4
-4
-4
-6
-5
-4
-4
-3
-5
-5
-6
-6
-7
-8
-8
-10
-12
-13
-12
-11
-11
-12
-10
-10
-6
-5
-6
-4
-4
-5
-6
-7
-8
-8
-6
-6
-5
-3
-3
-3
-1
-2
0
-1
-1
1
2
3
3
3
3
2
2
4
5
7
9
8
10
8
6
5
4
3
3
2
2
5
5
5
4
3
2
0
-2
-2
-3
-2
-3
-4
-4
-4
-3
-2
-4
-2
-2
-3
-2
-5
-7
-6
-8
-8
-7
-7
-5
-3
-3
-2
-2
-3
-3
-2
-3
-2
-1
-1
0
0
-2
-2
-3
-2
-1
-1
-2
-2
1
2
1
2
1
1
1
1
0
1
1
-1
1
0
1
1
3
3
3
5
4
3
3
3
4
2
4
5
4
5
5
7
7
7
8
10
10
10
8
8
8
5
6
5
6
6
6
7
5
6
7
6
7
6
4
5
3
3
2
0
-2
-3
-3
-4
-5
-3
-2
-4
-4
-4
-5
-6
-7
-7
-8
-7
-8
-7
-8
-9
-9
-8
-7
-6
-6
-5
-5
-4
-5
-5
-5
-4
-3
-4
-5
-7
-6
-6
-4
-4
-3
-2
-1
1
0
0
0
-1
0
-1
-2
-2
-2
-2
-2
-2
0
1
1
2
1
0
0
0
1
1
0
1
1
2
2
3
2
0
1
1
0
1
3
4
3
1
0
3
3
4
3
2
3
3
4
4
4
3
2
3
2
3
3
4
4
4
5
5
4
4
3
2
2
1
0
0
-1
-2
-1
-2
-3
-1
-2
-1
1
0
1
0
2
1
1
1
0
0
1
1
2
0
0
0
1
2
4
5
5
5
4
4
3
4
3
3
2
2
2
3
2
2
2
0
1
1
1
1
0
0
0
0
-1
-2
-2
-2
-1
-2
-2
-3
-3
-3
-3
-3
-3
-2
-2
-2
-2
-1
-1
-1
0
0
-1
0
-1
-1
0
-1
-2
-1
-2
-1
-1
-1
-1
0
0
-2
-1
0
-1
-1
0
-1
-1
0
-1
-1
-3
-3
-5
-6
-6
-6
-5
-6
-4
-4
-6
-5
-4
-6
-5
-5
-6
-6
-6
-7
-6
-6
-6
-6
-5
-4
-3
-2
0
1
2
0
0
0
0
1
1
3
4
3
4
3
2
3
2
2
1
1
2
1
2
1
2
4
1
1
1
0
1
1
1
1
1
1
1
1
1
1
1
2
1
0
1
1
1
1
2
2
2
1
2
4
3
4
4
4
3
3
3
2
2
1
1
2
3
3
4
3
5
5
3
4
5
3
4
4
3
4
4
3
3
5
4
2
4
2
1
1
0
-1
-1
-2
-3
-2
-2
-2
0
-2
-3
-2
-1
-3
-3
-2
-2
-3
-2
-2
-2
-1
-1
-1
-1
1
1
1
2
2
1
0
0
-1
-1
-1
-1
-2
-1
-1
-1
-2
-2
-3
-4
-3
-3
-3
-1
-1
-2
-1
-3
-2
-2
-3
-3
-4
-4
-3
-4
-5
-3
-3
-3
-2
-2
-1
-1
0
-1
0
1
1
0
1
3
1
1
2
1
1
1
0
2
1
0
2
3
2
4
3
4
3
4
5
3
3
4
3
2
2
2
1
1
0
1
0
0
-1
-1
0
-1
-2
-1
-3
-3
-3
-4
-3
-4
-3
-2
-2
-2
-2
-1
-2
-2
-2
-2
-3
-2
-1
-2
-3
-2
-2
-2
-2
-2
0
-1
-1
-2
-2
-1
-1
0
0
0
0
0
0
0
-2
-1
-3
-3
-3
-3
-2
-2
-1
-1
1
0
1
1
1
2
3
1
1
3
2
3
3
3
3
4
5
4
4
4
3
4
3
3
3
3
3
2
3
3
4
3
4
4
2
3
2
3
4
2
4
3
3
3
1
1
-1
-1
-1
-3
-2
-2
-2
-4
-5
-4
-5
-4
-2
-3
-2
-2
-3
-2
-3
-3
-3
-5
-4
-4
-3
-3
-2
-1
-1
0
0
-1
-1
0
-1
0
1
0
0
1
3
3
3
3
3
2
2
2
3
2
2
2
3
3
3
3
3
3
4
4
3
3
3
3
2
2
2
3
3
2
2
2
3
2
2
2
1
2
2
1
2
2
1
1
1
1
1
1
1
1
1
-1
-1
0
1
1
-1
-2
-1
-2
-2
-2
-2
-2
-2
-2
-3
-3
-4
-4
-5
-5
-3
-3
-2
-1
-2
-2
-1
-2
-4
-3
-4
-5
-3
-3
-2
-2
-2
-1
-2
0
-1
-1
-1
-2
-1
0
-1
-1
0
1
0
0
-1
-1
0
0
-1
-1
-1
-1
-1
0
-1
0
-1
0
1
1
1
0
0
0
0
0
0
1
0
0
2
1
1
1
1
1
1
0
0
1
0
0
1
0
-1
0
0
1
1
1
1
0
0
0
0
-1
-1
-1
0
0
1
0
0
0
0
-1
0
-2
0
-1
-1
-1
-1
0
-2
-1
-2
-1
-2
-2
-2
-2
-2
-1
-1
-2
-2
-2
-2
-3
-1
-1
0
1
-1
1
0
0
0
-1
-1
0
-1
0
0
1
0
1
2
2
2
2
3
2
1
2
3
1
1
1
2
1
3
4
4
4
4
4
3
4
3
4
4
3
3
2
3
3
3
2
2
2
1
1
1
0
1
1
1
1
1
3
2
3
2
2
1
0
1
-1
-1
-1
-1
1
0
0
0
-2
-1
-2
-3
-3
-4
-5
-4
-6
-5
-5
-4
-5
-5
-4
-4
-4
-4
-5
-5
-5
-4
-3
-3
-5
-3
-3
-4
-3
-1
-3
-2
-2
-3
-2
-3
-2
-1
-1
1
2
1
1
0
2
1
1
2
1
1
1
2
2
1
2
2
2
1
1
1
2
2
0
1
0
-1
-1
1
1
2
1
2
3
2
1
2
1
-1
-2
0
-1
-1
-1
-2
-1
0
0
0
0
0
-1
0
0
-1
0
1
0
0
0
1
1
2
1
0
0
-2
-2
-1
-1
-2
-3
-2
-2
-1
-1
-1
-2
-3
-1
-1
-3
0
-1
0
1
0
2
1
1
1
1
1
0
0
2
2
3
3
3
4
3
3
4
3
3
4
4
3
3
3
3
2
3
3
4
4
4
3
3
3
2
3
1
1
3
2
2
3
3
2
2
1
2
1
1
1
0
1
0
1
0
0
0
-1
0
-1
-2
-3
-2
-2
-3
-4
-2
-2
-2
-1
-3
-3
-2
-1
-2
-3
-3
-3
-2
-2
-2
-3
-2
-3
-2
-3
-3
-3
-2
-3
-4
-3
-4
-3
-4
-4
-4
-4
-4
-2
-3
-5
-4
-4
-3
-4
-4
-5
-5
-5
-4
-3
-3
-2
-3
-1
-2
-2
-2
-2
-1
-2
-1
-2
-2
-2
-1
-2
-2
-1
0
0
-1
0
-2
-2
-2
-1
-1
-1
-1
-1
-1
-1
-1
-1
1
-1
0
0
0
1
1
1
3
3
1
3
3
3
3
2
3
4
2
2
3
3
2
2
3
1
3
3
2
2
3
3
3
4
2
2
2
2
3
3
4
3
3
3
1
2
1
2
2
2
2
1
1
2
2
1
1
2
2
4
1
1
2
2
3
2
3
3
4
4
5
4
4
4
4
3
3
3
4
4
4
4
3
4
3
4
4
3
3
3
3
3
2
3
3
2
2
2
0
0
2
0
0
1
0
0
0
-1
0
-1
-2
-2
-3
-4
-2
-3
-2
-3
-3
-3
-4
-3
-5
-5
-4
-3
-4
-3
-3
-5
-4
-6
-5
-6
-6
-7
-7
-6
-7
-7
-6
-8
-7
-7
-7
-6
-5
-5
-5
-5
-6
-5
-5
-5
-5
-5
-5
-3
-3
-3
-2
-1
-1
-1
-2
-3
-1
-1
-1
0
-2
-1
-1
-1
-2
0
-2
-1
-1
-1
-1
0
0
1
2
2
2
3
4
3
3
5
4
5
4
5
5
5
4
5
4
5
7
6
7
6
6
7
6
5
5
6
4
5
3
4
4
3
3
4
4
3
4
3
3
3
3
3
2
3
3
3
3
2
4
3
3
2
2
2
2
3
3
1
2
1
1
1
1
1
0
1
0
2
0
0
0
0
1
1
1
2
1
1
0
0
-1
-1
-2
-1
-1
-2
-2
-3
-1
-2
-1
-4
-3
-2
-3
-2
-2
-3
-2
-2
-2
-3
-3
-2
-2
-2
-3
-5
-4
-5
-5
-4
-5
-5
-5
-4
-4
-4
-2
-2
-2
-2
-2
-2
-1
-1
-1
-2
-1
1
1
1
0
1
1
0
0
0
0
-1
0
0
1
1
2
0
0
1
1
0
1
0
0
0
0
1
1
-1
0
0
2
0
1
1
1
2
1
1
2
0
0
1
1
1
1
1
1
1
0
0
2
2
1
2
1
2
2
1
2
2
2
2
2
0
3
0
0
1
1
1
2
2
2
2
2
1
2
2
2
1
2
1
1
1
0
0
0
-1
0
0
0
0
1
1
1
2
1
2
1
1
1
2
1
2
2
1
0
1
1
0
0
-1
-1
-1
0
0
0
-1
0
1
-1
0
-1
-1
0
-1
-1
0
-1
-1
-3
-2
-2
-2
-3
-3
-3
-2
-3
-4
-3
-3
-2
-2
-3
-3
-3
-2
-1
-1
-4
-3
-3
-1
-2
-2
-2
-3
-2
-3
-2
-1
-1
-3
-3
-2
-3
-2
-3
-2
-3
-4
-2
-2
-1
-2
-2
-1
-1
-2
-2
-1
-2
-1
-2
-1
-2
-2
-2
-3
-3
-2
-2
-2
-2
-1
-1
0
-1
1
1
0
0
1
1
1
2
2
2
2
1
2
2
1
1
1
1
1
1
0
1
0
-1
0
-1
-1
0
-2
-1
0
-1
-1
1
0
0
0
1
2
1
0
1
1
1
0
0
-1
-2
-1
0
0
1
0
1
1
1
2
1
1
0
1
0
2
1
0
1
1
0
2
2
1
1
2
2
2
1
0
0
0
0
1
1
0
1
2
0
1
-1
-1
-1
-1
0
0
-1
-1
-1
-1
-1
0
-1
-1
-1
-1
-1
0
1
2
1
1
2
2
2
2
0
1
1
1
1
2
1
1
2
1
2
1
2
1
2
1
2
0
-1
0
2
1
1
2
1
1
1
1
1
0
0
2
1
0
0
0
-1
-2
-2
-3
-3
-2
-2
-2
-2
-2
-2
-2
0
-1
0
0
-1
0
0
-1
-1
-1
0
0
0
0
-1
0
0
1
1
1
2
2
2
2
3
2
3
3
2
3
1
3
2
2
3
2
2
3
2
3
2
2
1
2
1
1
1
0
0
1
1
2
1
1
1
0
0
1
1
1
2
0
1
1
0
1
0
0
1
1
1
0
2
1
1
1
1
1
0
1
-1
0
-2
-1
-1
-3
-3
-4
-3
-4
-3
-2
-2
-2
-2
-3
-4
-3
-5
-5
-6
-4
-4
-4
-4
-4
-4
-3
-5
-4
-5
-5
-4
-5
-4
-3
-3
-2
-3
-2
-2
-3
-2
-3
-1
-2
-2
0
0
-1
0
1
2
1
1
2
2
1
2
2
3
2
3
3
1
2
2
1
3
2
2
1
2
2
2
1
2
2
2
2
1
1
1
1
0
0
2
2
2
1
1
1
1
4
2
2
1
2
2
2
1
1
0
1
1
1
2
3
2
1
2
0
0
1
0
1
2
2
4
3
2
3
2
2
1
2
2
1
2
3
3
2
3
3
2
2
1
0
1
1
2
2
1
0
1
-1
1
1
1
2
1
1
1
1
2
2
1
1
2
2
2
1
1
0
1
0
0
1
-1
-2
-1
0
-1
-1
-2
-4
-3
-3
-2
-3
-4
-3
-4
-4
-3
-3
-3
-4
-4
-3
-3
-4
-4
-3
-2
-3
-3
-2
-2
-2
-2
-2
-4
-3
-2
-2
-2
