1.000000e-030   1.435182e-001   1.000000e-030   7.247387e-246   1.000000e-030   1.000000e-030   1.000000e-030   1.000000e-030   1.000000e-030   1.000000e-030   1.000000e-030   1.000000e-030   1.000000e-030   1.000000e-030   1.000000e-030   1.000000e-030   1.435182e-001   3.967505e-226   1.000000e-030   1.000000e-030   1.000000e-030   2.824088e-001   1.000000e-030   1.000000e-030   1.000000e-030   1.000000e-030   1.000000e-030   1.000000e-030   2.870365e-001   1.435182e-001   1.000000e-030   1.000000e-030   

1.000000e-030   1.000000e-030   1.000000e-030   4.920668e-001   1.000000e-030   1.000000e-030   1.000000e-030   1.000000e-030   1.000000e-030   1.000000e-030   1.000000e-030   1.000000e-030   1.000000e-030   1.000000e-030   1.000000e-030   1.000000e-030   1.406339e-236   1.360299e-225   1.000000e-030   1.000000e-030   1.000000e-030   1.586638e-002   1.000000e-030   1.000000e-030   2.900095e-237   1.000000e-030   1.000000e-030   1.000000e-030   4.920668e-001   1.771385e-247   1.000000e-030   1.215913e-236   

1.000000e-030   1.912489e-260   1.000000e-030   1.061802e-175   1.000000e-030   1.000000e-030   1.000000e-030   1.000000e-030   1.000000e-030   1.000000e-030   1.000000e-030   1.000000e-030   1.000000e-030   1.000000e-030   1.000000e-030   1.000000e-030   5.553153e-001   6.451137e-226   1.000000e-030   1.000000e-030   2.935286e-239   1.000000e-030   1.000000e-030   1.000000e-030   1.858379e-159   1.000000e-030   1.000000e-030   1.000000e-030   1.073566e-144   1.466191e-290   1.000000e-030   4.446847e-001   

1.000000e-030   1.569770e-228   1.000000e-030   1.846788e-232   1.000000e-030   1.000000e-030   1.000000e-030   1.000000e-030   1.000000e-030   1.000000e-030   1.000000e-030   1.000000e-030   1.000000e-030   3.077980e-229   1.000000e-030   1.000000e-030   2.060868e-001   2.225573e-226   1.000000e-030   1.000000e-030   4.718921e-001   1.846788e-231   1.000000e-030   1.495258e-143   1.572974e-001   1.000000e-030   1.000000e-030   1.000000e-030   1.846788e-233   1.517279e-291   1.000000e-030   1.647237e-001   

1.000000e-030   2.000000e-001   1.000000e-030   1.000000e-001   1.000000e-030   1.000000e-030   1.000000e-030   1.000000e-030   1.000000e-030   1.000000e-030   1.000000e-030   1.000000e-030   1.000000e-030   1.000000e-001   1.000000e-030   1.000000e-030   6.307459e-234   3.000000e-001   1.000000e-030   1.000000e-030   2.001455e-267   1.000000e-001   1.000000e-030   1.000000e-001   1.000000e-030   1.000000e-030   1.000000e-030   1.000000e-030   1.000000e-001   1.000000e-030   1.000000e-030   2.191951e-263   

