2.362622e+062 -1.732713e+059 -3.310866e+059 -3.664878e+059 -2.481926e+059 -4.022735e+058 1.377737e+059 1.922472e+059 1.094030e+059 -3.431083e+058 -1.286478e+059 1.849026e+055 
2.363120e+062 -7.180168e+058 -1.571569e+059 -2.223130e+059 -2.528596e+059 -2.569552e+059 -2.561405e+059 -2.641597e+059 -2.770269e+059 -2.714137e+059 -2.186332e+059 1.165193e+056 
2.363204e+062 -5.769167e+058 -1.368757e+059 -2.148420e+059 -2.757595e+059 -3.139874e+059 -3.326618e+059 -3.361352e+059 -3.245218e+059 -2.894177e+059 -2.179790e+059 1.286268e+056 
2.363289e+062 -3.835738e+058 -1.006522e+059 -1.785074e+059 -2.607823e+059 -3.355076e+059 -3.906862e+059 -4.155238e+059 -4.015283e+059 -3.445091e+059 -2.439677e+059 1.310487e+056 
2.363290e+062 -3.832119e+058 -1.005878e+059 -1.784960e+059 -2.612153e+059 -3.363638e+059 -3.920212e+059 -4.167904e+059 -4.028415e+059 -3.454273e+059 -2.446379e+059 1.315521e+056 
2.363290e+062 -3.832475e+058 -1.007631e+059 -1.787506e+059 -2.615387e+059 -3.366859e+059 -3.923130e+059 -4.172949e+059 -4.032494e+059 -3.458943e+059 -2.448896e+059 1.318420e+056 
2.363290e+062 -3.822777e+058 -1.003784e+059 -1.781167e+059 -2.606301e+059 -3.354027e+059 -3.908850e+059 -4.158557e+059 -4.019483e+059 -3.446912e+059 -2.440317e+059 1.309246e+056 
2.363280e+062 -3.930102e+058 -1.018263e+059 -1.785892e+059 -2.590615e+059 -3.317278e+059 -3.866181e+059 -4.119451e+059 -3.996510e+059 -3.440261e+059 -2.444460e+059 1.304751e+056 
2.362740e+062 -8.600062e+058 -1.256995e+059 -9.945395e+058 -4.894405e+058 -3.303942e+058 -9.423301e+058 -1.853670e+059 -2.816076e+059 -3.052662e+059 -2.365008e+059 7.756235e+055 
2.360002e+062 -1.035788e+059 9.040100e+058 5.551564e+059 7.606401e+059 7.984659e+059 6.976666e+059 6.180924e+059 4.380674e+059 7.071810e+058 -5.152204e+058 3.779833e+056 
2.351895e+062 1.052760e+059 1.467860e+060 3.029285e+060 3.066569e+060 1.620209e+060 9.222213e+059 1.770437e+060 2.579393e+060 2.533045e+060 1.539197e+060 7.730548e+057 
2.338017e+062 -6.286309e+059 1.829339e+060 6.454798e+060 8.446193e+060 7.066567e+060 4.678634e+060 5.071812e+060 5.172548e+060 4.445881e+060 2.573885e+060 3.573275e+058 
2.355420e+062 -3.134923e+059 -2.114172e+059 5.927519e+059 1.665928e+060 1.822256e+060 1.467115e+060 1.824697e+060 1.604561e+060 1.282124e+060 9.579700e+059 1.149330e+057 
2.360324e+062 -2.920111e+058 -1.310684e+059 2.840610e+059 -2.592934e+059 3.910634e+059 -7.710483e+057 4.308726e+058 3.518099e+059 -9.442392e+058 2.136101e+059 3.150029e+055 
2.339281e+062 -6.146314e+060 -1.480117e+061 -2.374491e+061 -3.078234e+061 -3.287331e+061 -3.059614e+061 -2.541931e+061 -1.844864e+061 -1.123463e+061 -5.037525e+060 8.619169e+059 
2.331122e+062 -8.693614e+060 -2.133313e+061 -3.463890e+061 -4.583142e+061 -5.076582e+061 -4.953557e+061 -4.316037e+061 -3.285811e+061 -2.142020e+061 -1.066339e+061 2.286643e+060 
2.331963e+062 -8.588986e+060 -2.120263e+061 -3.523372e+061 -4.740158e+061 -5.392571e+061 -5.408907e+061 -4.875858e+061 -3.892402e+061 -2.648017e+061 -1.405340e+061 2.714068e+060 
2.329070e+062 -9.039765e+060 -2.246806e+061 -3.654173e+061 -4.935683e+061 -5.540531e+061 -5.526487e+061 -4.938584e+061 -3.838105e+061 -2.604444e+061 -1.353637e+061 2.843465e+060 
2.328116e+062 -9.460452e+060 -2.324688e+061 -3.801822e+061 -5.049929e+061 -5.613430e+061 -5.490607e+061 -4.809988e+061 -3.704815e+061 -2.437900e+061 -1.230522e+061 2.840461e+060 
2.323344e+062 -1.080600e+061 -2.636469e+061 -4.228787e+061 -5.518386e+061 -6.011215e+061 -5.752962e+061 -4.890102e+061 -3.607311e+061 -2.265785e+061 -1.069641e+061 3.153210e+060 
2.328475e+062 -8.682953e+060 -2.111564e+061 -3.339486e+061 -4.388674e+061 -4.818168e+061 -4.652100e+061 -4.057222e+061 -3.084285e+061 -2.042461e+061 -1.068888e+061 2.088632e+060 
2.324689e+062 -8.352052e+060 -1.815285e+061 -2.524164e+061 -3.018899e+061 -2.903101e+061 -2.429145e+061 -1.712436e+061 -8.490802e+060 -3.456187e+060 -1.018260e+060 5.165445e+059 
2.337694e+062 -6.154193e+060 -1.294698e+061 -1.643102e+061 -1.454874e+061 -8.103305e+060 3.817115e+059 7.676724e+060 1.078970e+061 9.272556e+060 5.165009e+060 -2.439917e+059 
2.344503e+062 -3.107222e+060 -5.372469e+060 -4.350854e+060 -1.093854e+060 4.044454e+060 7.990306e+060 8.914390e+060 7.115355e+060 3.461073e+060 1.022763e+060 -2.606976e+058 
2.341686e+062 -1.874454e+060 -2.995048e+060 -7.606915e+059 3.642644e+060 7.170321e+060 9.972790e+060 1.151088e+061 8.295481e+060 3.736221e+060 1.034337e+060 1.595971e+058 
2.357274e+062 -5.863803e+059 -1.256619e+060 -1.276970e+060 -9.183100e+059 1.152352e+059 1.229792e+060 2.104962e+060 2.009181e+060 9.725679e+059 4.586599e+059 -2.836696e+057 
2.362347e+062 -2.354779e+059 -5.044300e+059 -6.796526e+059 -7.190413e+059 -6.154463e+059 -4.448574e+059 -2.927689e+059 -2.214121e+059 -2.210670e+059 -2.119119e+059 3.526888e+056 
2.363013e+062 -9.140523e+058 -2.072322e+059 -3.040992e+059 -3.596307e+059 -3.613571e+059 -3.319911e+059 -2.913064e+059 -2.567144e+059 -2.244683e+059 -1.710419e+059 1.494170e+056 
2.363256e+062 -4.450603e+058 -1.133875e+059 -1.926235e+059 -2.727486e+059 -3.391807e+059 -3.868997e+059 -4.065503e+059 -3.929582e+059 -3.399018e+059 -2.433844e+059 1.386809e+056 
2.363289e+062 -3.842836e+058 -1.008750e+059 -1.786617e+059 -2.610328e+059 -3.358378e+059 -3.910104e+059 -4.156662e+059 -4.016509e+059 -3.444497e+059 -2.440398e+059 1.312640e+056 
2.363290e+062 -3.826891e+058 -1.004184e+059 -1.779844e+059 -2.605259e+059 -3.353724e+059 -3.907028e+059 -4.154911e+059 -4.015979e+059 -3.443926e+059 -2.437589e+059 1.308114e+056 
2.363290e+062 -3.827995e+058 -1.007010e+059 -1.786667e+059 -2.613414e+059 -3.365811e+059 -3.919906e+059 -4.169157e+059 -4.029500e+059 -3.455017e+059 -2.446183e+059 1.316398e+056 
2.363290e+062 -3.829604e+058 -1.005457e+059 -1.783708e+059 -2.609533e+059 -3.360119e+059 -3.914716e+059 -4.161936e+059 -4.023069e+059 -3.450386e+059 -2.442120e+059 1.312641e+056 
2.363290e+062 -3.833611e+058 -1.006210e+059 -1.786285e+059 -2.614108e+059 -3.366617e+059 -3.922948e+059 -4.170873e+059 -4.032111e+059 -3.456965e+059 -2.448550e+059 1.317424e+056 
2.363290e+062 -3.815630e+058 -1.001639e+059 -1.776886e+059 -2.601220e+059 -3.349971e+059 -3.902849e+059 -4.149974e+059 -4.012040e+059 -3.440400e+059 -2.435300e+059 1.304348e+056 
2.363290e+062 -3.815913e+058 -1.002917e+059 -1.779215e+059 -2.603201e+059 -3.353778e+059 -3.906271e+059 -4.154356e+059 -4.015618e+059 -3.442594e+059 -2.437308e+059 1.306753e+056 
