1.000000e-030   2.613159e-249   1.000000e-030   8.750000e-001   1.000000e-030   1.000000e-030   1.000000e-030   1.000000e-030   1.000000e-030   1.000000e-030   1.000000e-030   1.000000e-030   1.000000e-030   1.000000e-030   1.000000e-030   1.000000e-030   1.000000e-030   1.250000e-001   1.000000e-030   1.000000e-030   1.000000e-030   1.000000e-030   1.000000e-030   1.000000e-030   1.039843e-241   1.000000e-030   1.000000e-030   1.000000e-030   1.979856e-249   7.825000e-227   1.000000e-030   4.220170e-241   

1.000000e-030   4.570356e-001   1.000000e-030   1.029885e-248   1.000000e-030   1.000000e-030   1.000000e-030   1.000000e-030   1.000000e-030   1.000000e-030   1.825019e-237   1.000000e-030   1.000000e-030   1.000000e-030   1.000000e-030   1.000000e-030   1.000000e-030   1.000000e-030   1.000000e-030   1.000000e-030   1.000000e-030   1.000000e-030   1.000000e-030   1.000000e-030   7.407393e-240   1.000000e-030   1.000000e-030   1.000000e-030   4.570356e-001   2.861043e-226   1.000000e-030   8.592888e-002   

1.000000e-030   1.000000e-030   1.000000e-030   1.000000e-030   1.000000e-030   1.000000e-030   1.000000e-030   1.000000e-030   1.000000e-030   2.134622e-243   7.487340e-001   1.000000e-030   1.000000e-030   1.000000e-030   1.000000e-030   1.000000e-030   1.000000e-030   1.000000e-030   1.000000e-030   1.000000e-030   1.000000e-030   1.000000e-030   1.000000e-030   1.000000e-030   5.172665e-240   1.000000e-030   1.000000e-030   1.000000e-030   3.561353e-246   1.451983e-226   1.000000e-030   2.512660e-001   

1.000000e-030   5.419239e-231   1.000000e-030   2.605403e-229   1.000000e-030   1.000000e-030   1.000000e-030   1.000000e-030   1.000000e-030   1.935404e-001   3.723684e-001   1.000000e-030   1.000000e-030   1.000000e-030   1.000000e-030   1.000000e-030   5.004148e-222   2.709619e-230   4.168645e-234   1.000000e-030   1.000000e-030   1.000000e-030   4.168645e-233   1.000000e-030   1.935404e-001   1.000000e-030   1.000000e-030   1.000000e-030   4.168645e-235   4.038542e-227   1.000000e-030   2.405508e-001   

1.000000e-030   2.000000e-001   1.000000e-030   1.000000e-001   1.000000e-030   1.000000e-030   1.000000e-030   1.000000e-030   1.000000e-030   2.861107e-264   1.000000e-030   1.000000e-030   1.000000e-030   1.000000e-030   1.000000e-030   1.000000e-030   1.000000e-001   2.000000e-001   1.000000e-001   1.000000e-030   1.000000e-030   1.000000e-030   1.000000e-001   1.000000e-030   2.186891e-266   1.000000e-030   1.000000e-030   1.000000e-030   1.000000e-001   1.000000e-001   1.000000e-030   1.802675e-235   

