39
30
47
76
99
106
85
43
-20
-88
-146
-195
-226
-245
-244
-230
-206
-187
-185
-206
-252
-306
-358
-394
-415
-414
-398
-369
-336
-305
-283
-275
-285
-307
-324
-334
-332
-311
-270
-214
-153
-93
-51
-34
-40
-61
-79
-87
-74
-44
0
46
91
122
137
132
104
64
23
-9
-21
-12
10
45
73
94
103
94
72
42
18
9
20
48
88
132
170
199
214
216
208
195
184
188
205
231
261
290
314
327
328
318
297
272
244
224
215
214
215
216
209
195
170
137
101
64
30
4
-13
-23
-28
-38
-54
-80
-114
-151
-185
-212
-228
-234
-227
-212
-207
-214
-235
-267
-299
-323
-333
-323
-308
-293
-274
-263
-260
-265
-279
-288
-293
-289
-268
-233
-192
-157
-131
-120
-120
-125
-125
-115
-97
-67
-33
1
29
41
43
39
32
27
32
46
59
67
67
64
52
40
27
17
10
11
18
24
31
30
26
17
12
16
28
47
70
91
109
124
131
134
136
145
161
183
209
233
255
269
274
270
262
252
249
250
257
269
279
280
273
258
238
213
188
166
152
141
135
130
120
109
89
62
26
-8
-40
-67
-84
-95
-102
-108
-118
-132
-153
-181
-215
-247
-279
-301
-313
-318
-318
-315
-311
-312
-316
-329
-345
-361
-375
-375
-366
-349
-327
-304
-281
-259
-243
-233
-225
-220
-211
-197
-176
-146
-114
-78
-46
-18
0
14
21
24
27
35
47
64
86
109
130
149
161
165
165
158
151
147
149
159
174
192
209
221
226
221
208
192
178
170
172
183
201
217
231
236
228
213
191
173
157
151
158
167
180
191
189
177
155
124
93
66
48
42
44
52
56
55
43
22
-9
-43
-74
-96
-104
-102
-93
-84
-80
-84
-98
-120
-144
-170
-187
-196
-196
-186
-174
-160
-152
-150
-155
-164
-174
-182
-184
-179
-167
-147
-124
-102
-83
-69
-58
-53
-49
-47
-39
-30
-13
7
28
50
69
83
94
100
103
104
103
106
109
117
127
137
149
157
163
164
161
155
144
135
130
127
129
135
140
145
148
141
130
113
96
81
72
70
72
78
81
80
76
62
43
21
-1
-18
-26
-24
-19
-15
-15
-21
-35
-55
-81
-107
-128
-143
-147
-145
-139
-136
-136
-144
-160
-183
-207
-226
-237
-238
-230
-216
-203
-193
-189
-192
-199
-209
-215
-217
-211
-199
-178
-155
-134
-117
-107
-100
-97
-96
-92
-82
-66
-47
-24
1
20
35
48
56
61
66
73
81
93
104
117
131
140
147
150
150
149
146
144
141
139
139
138
137
136
136
135
133
128
121
112
103
94
87
80
78
76
75
75
73
65
55
42
31
21
15
13
12
15
19
19
15
8
-4
-16
-28
-34
-35
-30
-24
-18
-15
-16
-24
-36
-50
-63
-71
-76
-74
-70
-64
-60
-59
-63
-72
-82
-92
-102
-105
-100
-92
-80
-70
-63
-61
-64
-68
-74
-76
-77
-73
-65
-55
-42
-31
-22
-18
-15
-18
-18
-17
-14
-6
5
20
32
43
52
53
52
50
47
46
50
54
61
67
75
81
84
84
81
76
74
71
69
71
73
76
77
77
76
72
66
60
53
48
47
47
46
48
48
49
48
41
35
27
20
12
9
7
6
6
5
4
1
-6
-15
-23
-32
-38
-41
-40
-38
-36
-34
-37
-39
-46
-54
-62
-72
-74
-75
-70
-68
-66
-65
-68
-71
-76
-80
-85
-89
-90
-90
-86
-80
-75
-71
-68
-67
-67
-68
-68
-69
-66
-61
-55
-46
-38
-29
-22
-16
-14
-12
-11
-8
-5
1
10
19
31
42
52
56
58
58
58
57
60
64
71
78
85
94
96
97
94
89
85
81
79
79
80
82
85
88
87
83
76
68
61
56
51
48
46
46
47
47
44
40
31
20
11
4
-1
-5
-4
-5
-5
-6
-10
-18
-26
-35
-43
-48
-51
-50
-49
-49
-47
-47
-52
-57
-64
-70
-76
-76
-73
-69
-67
-65
-64
-64
-65
-68
-69
-69
-69
-66
-63
-57
-53
-51
-47
-44
-43
-41
-38
-38
-34
-29
-23
-18
-13
-9
-5
-1
4
9
13
17
23
28
32
37
42
49
53
59
61
61
67
69
72
73
77
78
80
80
81
79
80
79
76
75
74
72
70
68
65
61
58
51
45
40
37
32
28
24
19
16
10
5
2
-5
-10
-16
-21
-21
-25
-26
-30
-33
-35
-40
-43
-47
-52
-56
-58
-58
-58
-58
-58
-58
-58
-59
-60
-61
-63
-64
-64
-62
-59
-57
-55
-53
-51
-53
-54
-54
-53
-51
-49
-45
-40
-34
-32
-29
-29
-27
-26
-23
-20
-17
-12
-6
-1
4
7
9
11
12
13
18
23
27
33
38
41
45
49
50
51
53
53
57
61
65
68
69
72
71
71
70
68
67
67
67
67
66
65
62
59
57
53
48
44
40
33
29
26
22
19
14
11
4
0
-4
-9
-12
-19
-23
-26
-30
-32
-36
-40
-43
-48
-48
-45
-45
-52
-59
-56
-56
-56
-56
-56
-55
-57
-57
-54
-51
-51
-55
-54
-50
-47
-45
-43
-39
-39
-41
-39
-39
-39
-37
-31
-27
-23
-19
-16
-14
-15
-15
-9
-6
-3
-2
3
10
12
14
15
18
17
17
21
25
26
29
34
36
37
37
40
38
36
35
37
37
37
40
42
43
42
39
40
38
35
32
31
30
28
27
26
26
23
20
16
14
11
7
3
2
-2
-4
-6
-7
-8
-12
-15
-17
-18
-22
-24
-26
-27
-29
-30
-29
-30
-30
-29
-29
-31
-32
-31
-33
-30
-30
-27
-23
-22
-20
-19
-18
-16
-15
-15
-12
-10
-7
-3
-1
1
1
3
3
2
1
4
5
6
8
10
13
12
13
13
13
12
14
16
17
19
21
22
23
22
21
19
19
18
18
20
20
22
24
24
23
22
21
19
17
16
16
17
17
17
16
16
15
13
12
9
8
7
6
4
4
3
2
1
-1
-3
-6
-8
-10
-11
-14
-13
-14
-13
-15
-16
-16
-18
-20
-22
-22
-23
-23
-23
-22
-20
-19
-19
-19
-19
-19
-19
-20
-19
-19
-16
-13
-11
-9
-9
-9
-8
-8
-7
-5
-4
-3
-1
2
3
3
2
1
0
-1
-2
-2
-2
0
0
3
4
4
4
3
2
1
-1
0
1
1
4
6
6
7
5
4
3
2
2
2
3
5
7
9
9
11
10
8
7
6
5
4
5
4
5
4
5
5
3
2
1
0
0
-2
-4
-4
-2
-2
-3
-3
-3
-5
-7
-7
-8
-8
-9
-7
-7
-7
-7
-8
-6
-8
-9
-10
-11
-10
-9
-8
-6
-4
-5
-4
-4
-6
-5
-4
-4
-3
-3
1
3
3
4
3
3
2
3
3
4
5
7
9
10
11
9
8
8
6
5
5
5
6
6
8
9
9
7
5
4
4
4
3
3
4
5
6
6
5
6
5
3
2
2
2
0
1
2
3
4
4
5
5
3
2
1
2
2
3
3
3
3
2
2
1
0
-2
-2
-2
-4
-5
-5
-4
-4
-6
-5
-7
-8
-9
-10
-11
-10
-8
-8
-8
-7
-8
-8
-8
-9
-8
-10
-10
-9
-10
-9
-7
-6
-6
-7
-5
-6
-7
-6
-4
-3
-2
-2
0
0
1
1
1
2
2
4
6
8
8
9
10
9
9
7
7
7
6
6
6
8
9
8
8
8
7
6
6
7
5
6
6
7
8
8
6
5
3
3
2
4
5
5
6
5
5
5
4
3
2
0
-1
0
0
0
1
1
1
0
-2
-3
-3
-4
-3
-4
-3
-3
-3
-2
-4
-5
-5
-6
-6
-5
-5
-6
-6
-5
-6
-7
-8
-8
-8
-8
-7
-8
-9
-9
-7
-6
-7
-8
-6
-4
-4
-4
-3
-4
-4
-4
-3
-3
-2
-2
-1
-1
-1
-1
0
0
1
1
3
3
5
5
6
6
6
5
5
4
4
6
7
9
9
9
8
7
6
6
7
7
6
8
7
7
7
8
6
5
3
2
2
3
3
3
3
2
2
2
1
0
-2
-2
-3
-2
-3
-1
1
2
2
1
1
0
-2
0
-2
-2
0
-1
0
-1
-3
-2
-4
-4
-5
-5
-4
-5
-4
-3
-2
-1
-2
-3
-4
-4
-5
-6
-6
-5
-5
-5
-5
-5
-5
-5
-6
-5
-5
-4
-4
-3
-2
-1
0
-1
0
0
1
0
1
0
0
2
2
2
3
3
3
3
2
3
2
1
2
2
4
4
5
4
3
3
2
-1
-2
-2
-3
0
-3
-2
-1
-1
-1
-3
-2
-4
-4
-3
-2
0
0
0
0
1
-2
-2
-2
-2
-3
-2
-2
-2
0
-1
-1
-1
-1
-3
-3
-3
-4
-3
-4
-2
-2
-3
-3
-3
-3
-4
-5
-5
-5
-4
-4
-3
-3
-2
-1
-1
-1
0
0
-2
0
1
1
2
3
1
2
1
1
3
1
2
2
3
3
2
2
2
3
3
4
2
4
5
4
5
4
4
4
3
2
3
1
0
2
2
1
1
1
2
1
1
2
2
0
2
1
2
4
5
5
7
7
7
6
6
6
5
6
5
6
6
6
7
9
6
6
5
5
6
6
6
5
5
5
5
5
5
3
3
2
2
3
3
2
3
2
2
2
1
1
1
0
0
1
2
2
2
2
2
1
1
-1
-1
-1
-1
-1
-3
-4
-3
-3
-4
-4
-6
-4
-5
-5
-5
-4
-4
-4
-3
-4
-4
-5
-6
-7
-7
-7
-7
-7
-7
-6
-6
-6
-6
-7
-7
-6
-7
-6
-5
-4
-3
-1
-2
-2
-2
-3
-2
-2
-2
-2
-2
-3
-2
-2
-1
-1
-1
-1
-2
-1
-1
0
1
1
3
2
2
3
2
2
1
0
1
0
0
1
0
1
1
1
0
1
1
1
0
1
0
-1
0
-2
-1
-1
-2
-1
-4
-3
-4
-3
-3
-3
-3
-3
-3
-2
-4
-3
-3
-3
-2
-3
-3
-1
-2
-2
-2
-3
-2
-4
-3
-4
-3
-3
-3
-4
-4
-5
-5
-5
-5
-4
-4
-5
-4
-3
-3
-1
0
-1
0
0
-1
-2
-1
0
1
2
1
1
2
4
2
2
2
3
2
2
2
3
5
5
6
5
5
5
5
4
3
4
4
4
5
5
6
7
6
5
5
5
6
6
7
7
6
7
6
5
6
4
4
3
1
2
2
1
1
0
2
1
0
0
0
1
0
0
0
1
1
0
-1
-1
-1
-1
-1
-2
-2
-3
-3
-4
-5
-4
-3
-3
-3
-4
-5
-4
-6
-4
-4
-3
-2
-2
-1
-1
-1
-2
-2
-2
-2
-2
-2
-1
0
0
0
0
-1
-1
0
0
0
2
2
3
3
4
4
5
5
4
3
4
4
5
5
6
6
7
8
7
6
5
6
7
4
5
5
5
5
5
4
3
3
3
2
2
1
1
1
-1
0
0
-1
0
0
-1
-2
-3
-2
-3
-2
-3
-4
-4
-5
-5
-5
-6
-6
-6
-8
-6
-7
-7
-7
-7
-7
-7
-5
-5
-4
-4
-4
-4
-3
-2
-1
-2
-2
-3
-4
-3
-3
-2
-2
-2
-2
-2
-2
-1
-3
-1
-1
-1
-2
-1
1
0
1
1
1
1
0
0
-1
0
0
0
1
1
2
2
2
3
3
4
4
5
6
6
6
6
6
6
6
5
6
5
4
4
3
3
2
3
4
3
2
4
2
2
2
2
1
2
1
1
0
-1
0
-1
-1
-1
-1
-3
-3
-4
-3
-4
-4
-3
-5
-4
-4
-4
-3
-3
-4
-4
-4
-3
-3
-3
-2
-2
-4
-2
-3
-3
-3
-2
-2
-1
-2
-1
0
0
0
1
0
0
0
1
2
2
2
0
0
0
0
0
0
0
-2
-1
1
1
1
3
2
2
1
3
2
3
2
3
3
2
3
3
2
2
0
0
0
2
2
3
3
2
2
2
1
2
2
2
3
2
2
1
1
0
0
-2
-3
-3
-3
-4
-3
-4
-4
-3
-4
-4
-4
-4
-3
-3
-2
-2
-1
-1
0
-1
-1
0
0
0
0
-1
-2
-2
-2
0
-2
-3
-2
-4
-3
-3
-2
-2
-2
-2
-2
-2
-1
0
1
1
-1
1
1
2
3
3
3
2
3
2
4
4
3
2
4
4
2
2
2
3
4
4
4
4
2
2
2
1
2
1
2
1
1
0
0
-1
0
0
-1
0
-1
-1
-1
0
1
0
-1
0
-1
-2
0
-2
0
-1
-1
-1
-1
-2
-1
1
1
2
2
2
2
3
2
2
3
1
1
2
1
0
1
1
1
0
1
1
-1
0
-2
-3
-3
-2
-1
-1
-1
-1
-1
-1
-1
-1
1
0
-1
-1
-1
0
0
1
2
2
2
3
3
3
3
2
4
3
1
1
2
1
0
0
-1
-2
-2
-2
-4
-4
-4
-4
-4
-4
-5
-4
-5
-6
-5
-5
-4
-4
-5
-5
-6
-5
-3
-3
-3
-3
-4
-4
-5
-5
-4
-5
-6
-5
-4
-3
-2
-4
-2
-2
-1
0
1
0
1
2
2
3
3
2
1
2
2
2
1
3
2
2
3
3
1
3
3
3
4
3
3
2
3
4
2
2
2
2
0
1
1
0
2
3
2
4
4
5
5
5
6
5
5
4
5
5
6
5
4
4
3
3
1
1
1
1
2
3
3
1
2
1
1
0
-1
-1
-2
-1
0
0
-1
-2
-3
-3
-4
-3
-5
-5
-5
-5
-5
-5
-5
-4
-2
-4
-4
-2
-3
-4
-3
-3
-4
-5
-6
-5
-5
-3
-4
-4
-3
-1
-2
-2
-3
-2
-2
-2
-2
-2
0
0
2
2
1
1
0
0
1
0
1
0
-1
0
0
-1
-2
0
-2
-2
-3
-2
-1
-2
-1
-2
-2
-1
0
0
-1
-1
-2
-1
-3
-2
-2
-3
-2
-1
0
-1
0
-1
-1
0
0
1
2
3
3
2
1
1
2
1
1
0
-1
0
-1
0
0
-1
0
-1
0
0
1
1
3
5
5
5
5
5
5
6
6
6
4
5
5
4
3
3
2
2
2
4
5
5
5
5
7
7
8
5
6
7
6
6
5
5
6
5
5
5
4
4
3
4
5
3
4
2
2
1
0
0
0
1
0
0
1
0
-2
-2
-3
-5
-4
-3
-4
-5
-3
-3
-4
-3
-3
-2
-2
-2
-2
-2
-2
-2
-3
-3
-2
-4
-2
-3
-3
-2
-2
-3
-3
-4
-4
-4
-5
-4
-3
-4
-4
-4
-2
-2
-1
-2
-3
-2
0
1
2
0
0
0
-1
-2
-4
-4
-4
-4
-3
-3
-2
-2
-4
-4
-4
-5
-5
-5
-4
-4
-4
-4
-3
-4
-3
-4
-4
-3
-2
-1
-1
-1
1
1
0
-1
2
0
-1
-2
-1
0
1
2
1
1
1
1
1
1
2
1
2
2
1
3
2
2
3
3
2
2
2
2
2
2
3
2
2
2
0
-1
1
2
3
4
4
3
4
5
3
3
2
4
5
5
5
6
6
7
5
4
5
4
4
3
4
4
3
2
1
0
0
0
0
0
-1
0
-1
-1
-3
-3
-4
-3
-4
-3
-3
-3
-3
-2
-1
-1
-1
-2
-1
1
1
2
2
2
2
2
2
3
2
2
0
-1
1
-1
0
-1
-3
-3
-3
-3
-4
-4
-3
-5
-4
-2
-2
-2
-4
-4
-4
-3
-4
-4
-3
-3
-3
-6
-6
-5
-5
-4
-5
-5
-4
-2
-2
-2
-2
-3
-4
-6
-6
-5
-4
-2
-2
0
0
-2
-2
-4
-2
-1
-1
-1
0
0
0
1
-1
-1
-1
-2
-2
-2
-1
-2
-1
-2
-1
0
-1
0
1
1
2
1
2
1
2
4
3
5
6
8
7
6
7
8
7
8
8
8
7
5
5
6
5
6
5
5
5
7
7
7
9
9
7
6
7
7
8
7
6
5
4
3
3
0
0
2
1
0
0
1
0
-1
0
-1
-2
-3
-3
-1
-1
1
1
0
0
0
-1
-1
-1
-2
-1
-4
-2
-3
-3
-2
-2
-2
-2
-3
-3
-4
-4
-4
-4
-2
-2
-3
-2
-2
-5
-6
-5
-4
-3
-3
-1
-1
-1
-2
-1
-2
-2
-2
-4
-4
-4
-2
-1
0
1
0
0
0
0
2
1
0
1
1
1
2
1
0
-1
-2
-2
-2
0
0
1
0
-1
0
-1
-2
-2
-1
-2
-2
-3
0
0
0
-1
-3
-4
-7
-7
-6
-6
-5
-5
-1
-1
0
-1
-4
-5
-4
-3
-1
-1
-1
1
1
1
-3
-4
-3
-1
-2
-3
-2
0
1
2
2
3
3
3
2
4
2
2
3
3
4
3
4
4
6
5
5
5
6
6
5
6
7
9
7
7
10
9
8
6
8
6
5
3
4
6
4
5
4
6
6
1
1
-1
3
5
4
7
6
5
2
-2
-4
-5
-7
-2
-2
2
1
-1
-1
-4
-8
-12
-9
-6
-5
-2
0
0
-2
-6
-9
-8
-11
-9
-9
-4
-2
-3
-1
-2
-2
-5
-10
-9
-6
-3
-2
-2
0
0
-1
-5
-10
-9
-12
-9
-7
2
5
4
3
-2
-4
-8
-11
-11
-8
0
6
6
7
6
1
-2
-8
-6
-6
-2
1
3
8
7
4
2
5
3
5
4
8
9
8
7
2
-1
-2
-2
-2
-1
-4
2
2
8
7
4
2
-3
-3
-9
-10
-11
-14
-11
-4
5
13
9
4
1
-13
-17
-27
-23
-21
-13
1
6
16
15
13
8
-2
-13
-22
-23
-17
-12
-5
3
10
17
19
16
6
-3
-10
-18
-15
-5
3
21
27
35
31
17
8
-13
-18
-19
-18
0
13
33
44
30
27
-2
-16
-29
-40
-17
-5
28
39
46
45
26
8
-13
-27
-29
-26
-9
15
33
44
36
33
21
0
-20
-36
-33
-21
-7
12
28
36
36
16
4
-19
-36
-41
-38
-15
2
24
26
29
19
-1
-18
-44
-43
-45
-29
-8
5
15
9
8
-4
-21
-26
-31
-22
-13
-6
4
2
6
2
10
15
13
10
4
2
-8
-17
-17
-13
9
21
25
26
18
11
-3
-8
-4
4
19
28
35
31
14
-1
-12
-14
-11
-3
11
26
35
31
13
-6
-13
-13
-5
1
8
17
8
-3
-21
-25
-17
-2
19
28
28
14
-8
-27
-37
-38
-10
6
32
38
18
-4
-40
-47
-28
3
55
70
59
35
-81
-106
-257
-220
-137
7
248
311
385
233
73
-184
-425
-505
-478
-267
96
386
624
601
401
74
-323
-571
-720
-573
-254
149
534
678
652
375
-13
-380
-648
-651
-473
-104
264
541
628
498
221
-124
-411
-522
-480
-244
51
306
464
423
286
33
-189
-335
-375
-252
-81
118
264
290
245
98
-49
-162
-224
-186
-114
4
105
148
159
98
30
-43
-103
-104
-94
-36
14
50
66
54
38
10
-22
-47
-62
-40
-21
9
27
42
54
41
25
-7
-36
-59
-66
-59
-29
7
47
66
83
63
31
-22
-69
-96
-85
-39
0
62
84
99
82
23
-21
-88
-104
-90
-51
23
68
113
109
78
34
-37
-77
-109
-97
-50
5
54
85
88
63
24
-30
-68
-81
-75
-40
8
40
77
57
51
23
-3
-21
-46
-25
-18
1
16
3
7
-3
-16
-2
-13
6
6
11
21
-4
-9
-26
-31
-19
-20
12
24
28
27
-6
-8
-31
-41
-41
-34
-2
12
27
30
26
19
-2
-20
-33
-38
-32
-28
-8
9
23
19
21
11
-3
-12
-28
-26
-30
-15
-5
13
34
30
24
2
-22
-41
-55
-45
-26
12
41
66
67
44
12
-30
-55
-69
-57
-7
41
94
115
103
75
4
-65
-104
-126
-82
-37
42
120
144
148
75
13
-52
-116
-118
-99
-25
56
94
131
108
65
5
-76
-98
-114
-79
-35
13
72
70
80
47
15
-18
-56
-47
-52
-22
0
16
46
35
40
36
9
13
-15
-32
-24
-27
-1
5
21
45
49
58
22
0
-22
-42
-44
-41
-19
0
23
33
40
43
12
3
-30
-33
-39
-49
-22
-20
19
20
26
39
14
12
-15
-48
-37
-56
-42
-22
-30
11
10
32
52
24
9
-15
-35
-42
-57
-42
-22
4
29
18
39
14
-11
-25
-52
-34
-37
-26
-23
-15
7
-14
-4
-8
-31
1
-20
-6
17
-3
4
-33
-35
-18
-37
-13
-16
1
40
18
18
11
-6
-23
-37
-21
-21
16
17
8
31
24
1
2
-21
-33
-9
-1
14
45
27
29
25
4
-32
-60
-16
-109
23
91
10
142
57
-26
28
-81
-149
-85
-57
-29
74
117
105
78
43
-32
-92
-74
-122
-79
31
19
112
124
56
103
-33
-71
-65
-132
-47
-11
16
95
100
121
71
9
-21
-90
-71
-62
-52
45
58
95
107
39
22
-45
-85
-73
-54
-5
39
86
106
95
60
-12
-54
-83
-94
-67
-2
42
87
127
91
79
9
-56
-73
-112
-86
-57
-12
72
92
119
97
38
10
-70
-88
-91
-107
-31
24
64
108
84
64
9
-54
-110
-137
-91
-58
3
59
104
108
54
10
-80
-117
-127
-141
-55
-2
61
112
88
77
1
-49
-82
-117
-69
-56
-5
76
78
105
71
-3
-25
-64
-69
-59
-48
12
42
64
68
41
23
-16
-31
-52
-54
-39
-27
16
37
55
60
34
29
-19
-32
-51
-69
-24
-23
16
58
47
72
44
2
-13
-69
-72
-61
-48
11
30
60
89
60
59
6
-40
-51
-80
-42
-28
3
50
53
81
64
29
-12
-62
-84
-79
-46
-13
35
59
74
79
34
-10
-61
-70
-62
-37
14
30
81
94
63
41
-24
-65
-78
-72
-43
-4
35
63
82
65
26
-17
-48
-68
-66
-40
-21
16
59
65
86
64
18
-4
-46
-51
-42
-21
15
26
53
51
43
24
-3
-14
-29
-26
-21
-14
14
13
14
12
-9
-4
-26
-16
-14
-17
11
9
7
15
-7
-1
-19
-35
-10
-30
2
4
0
31
1
5
-14
-28
-13
-40
-21
-32
-26
14
3
36
27
22
30
-8
-12
-52
-55
-38
-33
19
25
54
59
31
44
-25
-35
-71
-89
-46
-47
24
42
70
109
40
36
-28
-61
-49
-83
-24
1
48
87
67
70
23
-10
-43
-86
-60
-50
-15
36
44
71
61
22
1
-40
-54
-54
-55
3
1
40
51
25
48
2
-7
-24
-48
-25
-30
-6
-4
-18
6
-14
9
6
2
26
-3
-2
-20
-32
-15
-40
-6
8
21
50
14
40
16
-7
6
-42
-14
-13
-14
28
4
34
19
-12
0
-42
-14
-14
-24
14
-5
15
21
-4
24
-3
-16
-12
-34
-8
-7
0
33
19
42
28
-5
-9
-43
-38
-34
-24
18
35
52
51
36
11
-11
-33
-52
-32
-31
7
35
47
74
44
34
23
-23
-10
-48
-22
17
-2
41
14
28
34
-10
0
-29
-26
-11
-19
1
3
1
16
18
9
20
-15
-5
8
-5
21
-5
-8
18
-12
7
-3
-10
21
-15
9
-2
-15
1
-28
-22
-14
-18
17
7
26
30
15
22
-9
-7
-21
-20
-12
5
19
25
38
20
14
6
-25
-22
-32
-22
1
10
37
28
29
11
-3
-11
-18
-21
-8
3
20
34
27
28
16
2
0
-23
-15
-14
-6
9
-13
15
1
-1
-11
-29
-4
-17
-21
-7
-17
0
4
8
21
16
13
4
-6
-11
-16
-32
-8
4
23
31
14
20
-2
-26
-26
-58
-41
-31
-27
34
14
47
28
-8
-1
-64
-53
-59
-60
12
0
61
60
21
35
-38
-36
-58
-70
-33
-18
18
48
30
47
8
-20
-28
-64
-39
-41
-17
26
17
39
29
7
15
-18
6
-24
-12
6
-2
38
-7
26
21
-13
20
-34
17
-3
-20
12
-34
25
-7
-3
25
-9
38
-1
10
12
-18
12
-21
0
-2
-13
25
10
28
14
-4
6
-23
-20
-22
-23
-1
6
23
34
15
13
-8
-19
-16
-41
-11
-2
5
32
17
35
9
-24
-26
-47
-24
-15
-3
28
24
29
-1
-20
-34
-35
-27
-24
13
20
49
52
22
21
-39
-37
-43
-49
13
1
57
71
51
61
-15
-17
-41
-63
-15
-24
32
49
46
67
41
27
-5
-31
-31
-27
-17
5
26
38
37
18
11
7
-15
-23
-31
-14
3
3
11
20
15
20
-2
-3
-1
-21
0
2
5
15
-6
15
16
8
20
-14
5
-10
-24
-2
-23
1
-7
-9
23
-3
4
-18
-16
8
-21
-17
-32
-10
-1
-15
7
-4
2
-14
-24
-15
-15
-10
-26
-3
-4
4
12
-9
29
6
11
7
-24
5
-41
-18
-1
-10
37
-4
27
24
-12
9
-32
-6
-6
-29
14
7
27
28
-6
20
-17
-22
-19
-32
18
-1
19
38
9
37
5
7
5
-28
-2
-22
-4
2
-9
24
7
11
17
-24
-3
-22
-12
6
-15
12
-7
-2
7
-8
13
-21
-8
-2
-5
10
-13
10
-10
-2
-10
-25
14
-16
6
-3
-4
25
-17
3
-17
-14
1
-18
21
14
12
16
-10
7
-10
-22
-3
-22
3
7
10
32
6
16
0
-20
-2
-34
-3
6
6
48
11
42
16
-11
15
-35
13
0
-6
45
-4
47
12
0
21
-39
0
-27
-18
19
-11
41
21
19
31
-28
1
-30
-21
-1
-20
26
11
23
35
0
7
-17
-22
-6
-23
-3
-4
-4
13
7
1
7
-28
-9
-12
-16
5
-23
2
-1
-1
5
-7
0
-1
-15
-17
-9
-10
4
-5
-4
28
-1
21
7
-6
15
-21
0
-1
-4
10
-2
14
16
-2
-10
-15
-17
-9
-14
-14
14
-17
12
-2
-7
29
-21
13
-8
-11
17
-24
20
-4
-5
20
-19
22
-20
-5
4
-1
19
-11
5
-6
0
-10
-15
-8
-16
2
-11
-2
12
-5
14
-14
-7
2
-23
5
0
-1
27
-9
23
5
-10
18
-29
5
-12
-6
6
-13
6
11
-4
5
-8
-10
3
-24
-12
1
-2
18
-8
11
14
-13
2
-22
-4
-7
-16
9
13
16
18
-7
13
-3
-15
-7
-22
6
1
-4
26
-2
16
4
-18
2
-34
-3
-2
-6
18
11
17
27
-9
1
-23
-16
-10
-1
1
14
10
12
22
-11
21
-18
-9
8
-25
23
-9
18
38
-6
39
-15
10
9
-21
14
-3
11
19
-16
13
-1
-2
4
-18
9
4
-6
9
5
6
25
-8
13
6
-15
30
-6
23
25
-3
37
-11
11
12
-19
14
-22
7
19
-12
19
-6
14
11
-17
2
-15
15
-1
5
10
-8
29
-22
16
2
-23
28
-41
12
-15
-30
29
-38
9
-18
-36
28
-37
10
-8
-40
16
-49
-3
-14
-29
7
-24
17
7
-3
14
-6
1
-16
-19
-19
-8
-7
-9
4
-22
7
-14
-13
-2
-25
2
-15
-8
21
4
22
-4
-7
13
-8
11
-6
3
3
4
9
3
-5
14
2
-5
-3
-16
17
-5
-6
8
-4
18
-11
-4
11
-14
23
-7
12
22
-20
15
-11
12
10
-15
28
-7
14
12
-13
24
-24
-4
-1
-14
21
-15
11
17
-6
22
-2
11
13
-20
22
2
19
13
-5
24
-4
3
-8
-2
6
-4
-3
-11
-4
-5
-7
13
-1
13
-12
-2
12
-18
26
-22
4
9
-19
26
-17
12
9
-13
29
-17
12
7
-9
26
-18
18
11
-5
22
-11
22
1
-5
9
-13
15
-5
-1
13
-5
24
-3
3
6
-9
4
-21
-5
7
-5
12
-1
2
15
-11
-1
-4
-19
0
-22
-9
-13
-18
-2
-12
-19
-10
-17
-3
-15
-31
-10
-13
-10
-16
-12
3
12
-12
3
-11
-8
0
-23
13
-12
-8
3
-18
4
-8
-25
-3
-13
-2
8
-22
8
-8
-7
19
-18
21
-5
1
29
-15
16
-6
-11
29
-14
14
0
-6
40
-19
18
-20
-9
12
-30
5
-17
-6
17
-7
15
-3
-8
12
-12
19
-10
-1
14
-3
14
-3
9
14
-9
-1
-3
2
16
-9
11
6
12
19
-2
13
-3
11
12
12
29
6
30
15
10
18
-8
16
0
-2
19
6
33
8
7
19
-5
18
-16
-9
9
-11
17
3
8
27
12
20
8
-3
19
-1
3
2
-5
18
4
24
3
-1
-1
-12
8
-21
-1
-1
-1
29
-15
17
-2
3
20
-25
13
-9
5
12
-8
22
14
9
19
0
15
-2
-16
-3
-16
-4
-5
-13
-1
-8
-16
4
-32
-14
-32
-33
-6
-38
-11
-30
-12
2
-20
8
-18
-5
-1
-25
9
-27
10
-7
1
5
-18
0
-28
-9
-17
-21
-9
-19
-10
-16
-17
2
-17
-4
-13
-7
6
-8
-5
-7
-4
-10
-2
-15
-27
-7
-22
6
-8
-6
4
-14
9
-13
-6
-4
-12
-4
-6
-11
12
-4
-3
15
1
8
-10
-13
-7
-1
0
2
-1
6
-5
-3
-1
-22
-16
-7
-10
3
-2
-6
41
-4
14
4
-14
30
-4
14
18
11
44
9
29
30
-1
35
-4
26
22
-2
14
9
20
8
5
1
3
13
-6
14
10
0
12
3
16
19
11
18
5
16
5
0
4
-8
14
13
6
25
11
4
6
-13
8
-6
-5
3
2
21
12
16
22
11
26
6
-1
1
-11
-1
7
2
20
18
15
32
8
4
4
-21
16
-4
-8
19
-13
36
9
-2
22
-36
15
-18
-29
13
-45
11
-6
-24
24
-42
5
-10
-20
5
-47
-8
-26
-26
-4
-20
-5
-13
-9
-1
-8
-29
-14
-4
-8
1
-18
9
2
-10
1
-24
-5
-15
-35
9
-32
-6
-8
-21
29
-20
-7
2
-22
22
-25
-6
0
-28
11
-16
2
28
-19
22
0
-6
14
-18
7
3
-6
2
0
-4
13
-13
-3
1
-13
16
-15
-2
20
-16
28
-2
-1
24
-37
21
-4
3
21
-22
32
11
5
10
1
31
-2
-1
0
3
21
-1
9
-3
12
-2
-1
12
-11
15
-1
4
25
-23
16
0
5
9
-25
15
-6
1
16
-17
31
3
-1
35
-19
23
-4
-5
14
-18
10
3
3
18
-10
23
9
-4
8
-17
3
9
-12
10
-4
3
20
5
20
-5
4
5
-9
8
-16
-3
1
-9
11
-3
20
4
1
12
-23
7
-23
-11
7
-11
31
-9
10
14
-27
19
-43
-15
-8
-43
17
-23
6
14
-11
30
-16
-22
-14
-35
1
-14
-17
7
-10
9
11
-23
-2
-24
-21
7
-32
-9
0
-10
24
-16
-3
2
-26
-3
-22
-15
13
-19
17
7
-3
21
-16
-2
-6
-19
7
-7
-5
1
3
26
3
0
7
-7
12
-4
-6
2
-9
-1
5
-1
11
-20
-10
-9
-8
16
-12
17
3
-3
15
-5
6
-4
-20
12
-15
8
4
-2
23
0
-3
8
-18
-1
-9
-5
15
2
20
11
9
4
-20
-10
-10
1
-1
1
11
18
11
-2
-1
-11
-23
-19
-30
4
-6
3
12
9
31
-9
2
-24
-23
-5
-35
0
-8
13
26
5
42
2
21
-2
-17
18
-29
4
4
-3
42
11
28
28
-13
9
-18
-16
-5
-27
8
9
6
36
8
18
18
-18
22
-16
-11
0
-20
19
9
-2
12
-7
-2
8
-19
1
-16
-13
17
-18
28
-5
-1
14
-27
1
-23
-15
-8
-33
10
-6
6
12
-11
25
-16
5
-9
-2
6
-27
15
-4
22
6
-15
14
-16
-1
-2
-14
18
-17
3
3
-9
15
-19
3
1
-19
3
-24
8
13
-13
19
-4
7
7
-27
7
-13
-1
8
-6
44
-5
33
13
4
28
-21
16
1
0
13
-6
9
7
-2
14
-10
12
-11
-7
13
-20
12
-13
-1
14
-14
14
-10
1
26
-22
24
-23
2
19
-34
28
-26
1
21
-29
31
-22
-4
27
-20
38
-19
-6
22
-29
24
-20
-8
27
-7
29
-1
-3
21
-17
11
-19
2
20
-8
36
2
31
8
-6
13
-24
-2
-20
-6
17
-6
26
1
14
16
-10
10
-13
-15
-13
-26
-6
-3
0
-10
1
-8
-15
-17
-26
-10
-10
-8
-5
3
6
11
12
3
-2
-13
-7
-2
-11
16
-3
33
22
1
30
-25
12
0
-28
21
-19
5
25
-24
36
-4
12
10
-33
24
-20
10
9
-23
33
-2
-4
8
-24
12
-19
-13
-3
-6
24
-16
21
-1
-9
6
-31
0
-15
-17
-2
-2
16
-8
4
-6
-12
21
-38
4
-17
-17
18
-20
23
-19
6
5
-37
26
-45
-11
24
-52
42
-16
-8
44
-31
36
-13
-12
24
-32
36
-12
-3
35
-34
43
1
-15
26
-25
15
13
-2
-3
0
2
10
34
-4
3
19
11
12
-9
0
-2
19
9
-8
45
0
10
21
-26
17
-6
-8
10
-1
15
-5
20
19
-8
30
-19
15
32
-36
28
-10
-4
24
-27
24
-1
10
9
-17
26
-21
4
14
-28
22
-4
-6
29
-12
-7
2
-16
-3
-5
-3
9
1
3
-20
3
-4
-27
-2
-20
-7
24
-14
-12
4
-31
-14
-6
-23
-8
-13
-14
-8
3
-11
-28
20
-9
-8
7
-46
11
-3
-28
7
-10
7
-1
5
-10
-5
11
-33
-3
-5
-29
10
-10
-2
19
5
-20
0
2
-23
10
-15
-25
21
-18
-6
23
-2
13
14
8
7
6
-8
-37
20
8
-6
43
-2
27
32
-11
5
-15
-16
-21
-1
9
-8
36
1
7
34
-36
-4
-10
-28
10
-7
-12
13
7
10
1
-1
-1
-5
7
-30
-9
-4
-23
11
11
0
32
4
-1
2
-16
-7
-9
-1
-9
8
18
4
24
12
-6
12
-11
4
21
3
23
16
20
18
7
7
-6
0
10
-5
13
13
13
35
-13
16
18
-3
-3
-25
-1
6
-8
-10
-2
17
4
8
17
2
9
-17
-8
-4
0
2
3
31
10
13
4
-10
14
-7
-23
0
-7
0
6
12
8
1
-4
-16
9
-15
-14
-13
2
11
3
9
-5
-2
4
-18
7
-18
-29
7
-26
21
2
-9
7
-14
7
-12
-12
-6
-11
3
-3
-6
1
-8
-6
-4
-18
-16
-1
-17
10
2
-12
2
-14
-15
10
-25
-6
4
-4
35
-11
8
11
-26
12
-20
3
23
-33
35
0
-6
25
-50
7
0
-31
24
-17
23
21
-19
28
-29
-6
3
-39
20
-20
0
31
-9
33
3
-3
9
-21
10
-2
3
0
2
21
5
20
6
15
-1
-5
-2
-24
5
-19
-1
20
-1
41
-4
7
4
-22
4
-41
-12
-6
-9
31
13
31
28
-14
2
-30
-27
-14
-25
12
1
12
25
-8
10
-16
-26
-7
-43
-3
-19
1
21
-5
29
-6
4
-2
-23
13
-11
2
6
2
21
-3
18
3
12
11
-15
8
-16
5
6
-5
12
-4
20
2
-10
10
-24
18
-6
0
24
-6
21
4
15
10
-22
-8
-18
-1
-1
-27
17
-7
8
-1
-12
-3
-15
-9
-13
2
-9
-1
-2
1
-2
1
-15
-20
-10
-5
-1
8
-20
1
13
-21
8
-22
-1
15
-29
6
-4
16
8
-24
12
-13
10
-6
-23
24
-4
8
17
-8
16
-8
-8
-2
7
-5
-9
-1
1
10
1
-19
-4
-3
-22
4
-26
-1
-5
-7
7
-13
14
-19
-4
11
-25
27
-18
-13
7
-35
17
-13
1
2
-8
24
-24
7
-20
-19
9
-35
13
-13
-5
4
-9
20
-21
12
-8
-7
33
-25
43
12
-6
26
-28
28
-8
-6
15
-14
46
-9
5
24
-28
39
-38
0
17
-30
37
-23
23
1
-18
30
-14
33
-5
-7
42
-18
30
6
-3
36
-3
19
15
1
15
9
13
11
-2
5
-8
0
0
-3
20
5
7
5
-9
-14
-16
-18
-11
10
-13
6
14
-7
34
-11
4
6
-22
7
-11
13
13
9
33
-1
14
-2
-26
18
-27
-9
5
-11
15
7
-3
23
12
3
7
-15
10
-23
2
5
-9
35
-15
20
23
-19
21
-6
-8
27
-13
14
10
12
19
0
11
-18
3
6
-12
8
-2
-22
22
-7
-5
13
-20
9
3
-9
-10
-4
-1
-14
5
-11
-15
13
-27
5
2
-20
-1
-4
0
7
-1
2
-7
20
-12
-20
16
-19
23
7
-12
22
0
-6
5
-13
-5
-6
1
0
2
10
-10
9
-1
-13
1
-2
-5
-2
11
-9
-3
8
-30
23
-15
-1
16
-36
21
-26
-8
21
-21
36
-22
-6
36
-40
26
-38
-20
29
-36
24
-7
-11
35
-30
11
3
-19
19
-28
12
5
-16
7
-18
8
3
-13
14
1
11
12
-10
13
-10
-4
6
14
14
5
6
-5
10
3
-6
22
10
20
27
4
15
-11
-6
-14
-10
14
-22
20
20
10
33
-18
-8
0
-21
-13
-12
14
7
28
10
-10
14
-24
-15
0
-8
8
10
6
-9
6
-13
-22
2
-36
-9
-9
-17
1
-6
10
-18
-2
-4
-32
18
-32
-21
21
-35
19
-3
-23
23
-9
10
6
-10
6
-18
-3
-6
0
41
-4
4
25
-32
3
-8
-35
22
-7
1
42
8
22
0
-9
-1
-27
-4
-25
-1
22
-9
39
13
-6
21
-24
-4
3
-17
-4
