2.360024e+062 1.682012e+058 2.850000e+059 6.817318e+059 5.857133e+059 2.078998e+059 2.808263e+059 3.580147e+059 2.536858e+059 1.875838e+059 -1.405074e+058 1.759356e+056 
2.359120e+062 -2.327222e+057 6.397486e+059 1.295080e+060 1.077170e+060 2.122062e+059 -1.903728e+059 2.317315e+059 6.491153e+059 5.102312e+059 1.034928e+059 6.046683e+056 
2.358639e+062 2.153955e+058 8.135469e+059 1.573332e+060 1.207817e+060 1.356182e+059 -3.260419e+059 1.074785e+059 5.798912e+059 6.025532e+059 2.441290e+059 7.179350e+056 
2.359863e+062 1.192097e+059 5.535526e+059 7.709446e+059 3.779800e+059 9.950212e+058 8.209904e+058 1.121995e+059 1.950724e+059 1.643644e+059 9.784773e+058 1.548137e+056 
2.360039e+062 6.710438e+058 4.161443e+059 6.760576e+059 4.554122e+059 1.060576e+059 1.829326e+059 3.054253e+059 2.244466e+059 1.571025e+059 8.053363e+058 1.566420e+056 
2.358918e+062 -3.658542e+058 6.322898e+059 1.376285e+060 1.279287e+060 4.712676e+059 -2.586265e+059 -1.696153e+059 3.711814e+059 6.452751e+059 4.038740e+059 3.523589e+056 
2.356914e+062 1.801555e+059 1.303704e+060 2.037655e+060 1.517913e+060 4.424639e+059 4.113817e+058 4.342937e+059 9.666678e+059 1.016754e+060 5.060240e+059 2.012119e+057 
2.354378e+062 -1.321313e+058 1.540536e+060 3.423914e+060 3.339631e+060 9.351775e+059 -8.799407e+059 -3.265830e+059 1.380790e+060 2.179221e+060 1.294038e+060 3.539258e+057 
2.358133e+062 1.465245e+058 7.326580e+059 1.373022e+060 1.167517e+060 4.979554e+059 2.602752e+059 4.415085e+059 5.274441e+059 4.299734e+059 1.855722e+059 6.739244e+056 
2.357408e+062 -5.478263e+058 5.994387e+059 1.423493e+060 1.364409e+060 6.992511e+059 3.000915e+059 3.859987e+059 6.139327e+059 6.148323e+059 2.379893e+059 7.615585e+056 
2.342773e+062 -1.142831e+060 -5.041444e+059 1.329297e+060 1.154057e+060 -3.398231e+059 -7.942678e+059 -4.247866e+059 -4.298686e+059 -1.143891e+060 -1.151489e+060 2.551424e+057 
2.327487e+062 -9.224496e+060 -2.131932e+061 -3.224112e+061 -3.972928e+061 -4.319727e+061 -4.249827e+061 -3.789857e+061 -3.014856e+061 -2.076943e+061 -1.144304e+061 1.901623e+060 
2.341254e+062 -5.048438e+060 -1.095603e+061 -1.552211e+061 -1.897879e+061 -2.185980e+061 -2.393263e+061 -2.458038e+061 -2.260831e+061 -1.771743e+061 -1.093688e+061 6.528352e+059 
2.338501e+062 -5.296764e+060 -1.098672e+061 -1.399150e+061 -1.477443e+061 -1.527865e+061 -1.583410e+061 -1.704372e+061 -1.745906e+061 -1.516798e+061 -1.054245e+061 4.564979e+059 
2.348169e+062 -3.414261e+060 -7.518832e+060 -1.052603e+061 -1.249197e+061 -1.435058e+061 -1.589357e+061 -1.724824e+061 -1.747492e+061 -1.512583e+061 -1.041288e+061 3.379685e+059 
2.353930e+062 -2.355213e+060 -5.667252e+060 -9.068226e+060 -1.212168e+061 -1.478773e+061 -1.655237e+061 -1.712922e+061 -1.640526e+061 -1.398079e+061 -9.747320e+060 2.766689e+059 
2.352335e+062 -2.700561e+060 -6.783022e+060 -1.099981e+061 -1.486886e+061 -1.827465e+061 -2.019207e+061 -2.065300e+061 -1.955176e+061 -1.630778e+061 -1.118929e+061 3.989005e+059 
2.351966e+062 -2.659365e+060 -7.249704e+060 -1.220399e+061 -1.687747e+061 -2.157123e+061 -2.400778e+061 -2.411099e+061 -2.268261e+061 -1.854761e+061 -1.234580e+061 5.112644e+059 
2.353989e+062 -2.781935e+060 -7.188791e+060 -1.243160e+061 -1.767652e+061 -2.213703e+061 -2.488368e+061 -2.535063e+061 -2.340639e+061 -1.905775e+061 -1.270739e+061 5.432598e+059 
2.355629e+062 -2.241892e+060 -5.781698e+060 -1.005478e+061 -1.448088e+061 -1.830358e+061 -2.069503e+061 -2.121385e+061 -1.968736e+061 -1.616377e+061 -1.092847e+061 3.706532e+059 
2.353917e+062 -2.628013e+060 -6.709599e+060 -1.162761e+061 -1.678073e+061 -2.127677e+061 -2.403597e+061 -2.446116e+061 -2.249888e+061 -1.827967e+061 -1.224859e+061 4.944984e+059 
2.352032e+062 -3.375758e+060 -8.663482e+060 -1.499858e+061 -2.131899e+061 -2.648706e+061 -2.948456e+061 -2.967272e+061 -2.695422e+061 -2.162016e+061 -1.422286e+061 7.613315e+059 
2.347842e+062 -4.734490e+060 -1.215831e+061 -2.093629e+061 -2.945381e+061 -3.613508e+061 -3.975851e+061 -3.955655e+061 -3.541562e+061 -2.785369e+061 -1.788235e+061 1.405354e+060 
2.347367e+062 -4.706095e+060 -1.202529e+061 -2.066758e+061 -2.912487e+061 -3.581778e+061 -3.945764e+061 -3.915347e+061 -3.491275e+061 -2.736390e+061 -1.752329e+061 1.373167e+060 
2.345865e+062 -5.199253e+060 -1.330760e+061 -2.283667e+061 -3.198738e+061 -3.911190e+061 -4.289440e+061 -4.237966e+061 -3.752638e+061 -2.916795e+061 -1.849247e+061 1.632976e+060 
2.342988e+062 -6.237909e+060 -1.595928e+061 -2.733564e+061 -3.825314e+061 -4.662603e+061 -5.082834e+061 -4.995733e+061 -4.406729e+061 -3.405447e+061 -2.140208e+061 2.315622e+060 
2.347002e+062 -4.822576e+060 -1.229000e+061 -2.101763e+061 -2.951511e+061 -3.622028e+061 -3.986587e+061 -3.956346e+061 -3.520833e+061 -2.750770e+061 -1.754766e+061 1.408199e+060 
2.349603e+062 -2.924195e+060 -7.085092e+060 -1.216079e+061 -1.780975e+061 -2.275487e+061 -2.559951e+061 -2.526808e+061 -2.234592e+061 -1.772473e+061 -1.172747e+061 5.356813e+059 
2.344718e+062 -7.868281e+059 -6.949288e+059 -1.349363e+060 -4.890140e+060 -9.643834e+060 -1.134211e+061 -1.002866e+061 -8.424755e+060 -6.644761e+060 -5.090282e+060 5.614856e+058 
2.340931e+062 -1.650858e+060 -2.743665e+060 -5.811954e+060 -1.161402e+061 -1.613493e+061 -1.852330e+061 -1.782942e+061 -1.546329e+061 -1.209960e+061 -8.634370e+060 2.190761e+059 
2.348493e+062 -1.940869e+060 -4.730033e+060 -8.637313e+060 -1.330524e+061 -1.676129e+061 -1.922076e+061 -1.955596e+061 -1.781248e+061 -1.430729e+061 -9.715406e+060 2.977187e+059 
2.345149e+062 -7.671222e+059 -5.584053e+059 -1.723316e+060 -5.130481e+060 -8.741339e+060 -1.115807e+061 -1.031995e+061 -8.440984e+060 -6.649195e+060 -5.376499e+060 5.517171e+058 
2.338371e+062 4.685815e+059 2.837382e+060 8.093344e+060 8.345317e+060 2.823263e+060 1.028309e+060 1.121728e+060 2.342578e+060 4.217460e+060 2.402330e+060 2.075230e+058 
2.335565e+062 7.265362e+059 4.709376e+060 9.668915e+060 8.566022e+060 2.789497e+060 6.003147e+059 2.670920e+060 5.497978e+060 4.924766e+060 2.134348e+060 4.597260e+058 
2.351361e+062 5.176872e+059 1.824544e+060 3.107327e+060 3.152845e+060 1.831298e+060 8.069512e+059 1.395633e+060 1.857540e+060 1.875636e+060 1.086430e+060 7.177001e+057 
2.351281e+062 6.631129e+059 1.928479e+060 3.337868e+060 3.154319e+060 1.222267e+060 3.710517e+059 1.310604e+060 2.177793e+060 2.177991e+060 1.065258e+060 8.224642e+057 
2.351554e+062 2.778933e+059 1.757561e+060 3.750883e+060 3.117414e+060 1.169752e+060 8.249077e+059 1.303676e+060 1.686604e+060 1.613681e+060 8.177890e+059 6.157348e+057 
2.346334e+062 3.108407e+059 3.880783e+060 6.731093e+060 4.604538e+060 3.094338e+059 -1.287498e+060 2.149558e+060 4.975743e+060 4.415318e+060 1.650152e+060 2.824196e+058 
2.348688e+062 3.812411e+059 2.658258e+060 4.398868e+060 3.333240e+060 2.101548e+060 1.812045e+060 2.798374e+060 2.377321e+060 1.528932e+060 9.052640e+059 1.097401e+058 
2.348974e+062 5.500553e+059 3.039264e+060 4.063964e+060 2.333356e+060 1.399189e+060 2.633424e+060 4.097480e+060 3.001023e+060 1.098203e+060 3.544537e+059 1.090360e+058 
2.348601e+062 1.720643e+059 2.726422e+060 4.875373e+060 3.722224e+060 1.172951e+060 2.264282e+059 1.243496e+060 2.614667e+060 2.628688e+060 1.310731e+060 1.155614e+058 
