72
68
48
27
4
-21
-40
-53
-62
-68
-70
-70
-68
-62
-54
-45
-31
-16
0
17
33
47
57
67
65
59
47
25
3
-18
-38
-56
-65
-69
-73
-68
-61
-55
-43
-28
-13
3
22
36
46
52
53
49
43
36
26
15
-1
-14
-31
-44
-57
-60
-57
-48
-32
-17
-2
11
23
30
38
44
44
44
38
27
11
-5
-16
-26
-31
-32
-31
-26
-25
-25
-23
-22
-17
-11
3
20
37
54
65
74
75
70
60
46
30
13
-2
-16
-29
-38
-49
-54
-54
-48
-39
-29
-13
5
22
40
55
67
74
73
63
49
31
11
-12
-29
-43
-55
-62
-69
-76
-81
-83
-84
-77
-65
-50
-31
-10
10
27
38
47
48
49
48
46
41
30
16
-1
-16
-30
-40
-45
-45
-43
-39
-31
-25
-18
-10
-2
11
25
38
49
55
56
55
46
37
28
17
11
3
-2
-8
-17
-25
-35
-39
-39
-36
-30
-24
-17
-12
-9
-8
-5
-1
5
13
19
24
27
27
26
21
20
17
15
14
14
12
6
1
-7
-10
-13
-15
-13
-13
-10
-11
-15
-16
-16
-16
-14
-12
-6
-3
1
5
7
9
12
14
14
13
7
3
-3
-9
-13
-19
-19
-21
-21
-14
-9
-5
2
5
9
12
16
20
26
32
35
36
32
26
20
9
0
-8
-16
-22
-27
-30
-29
-26
-19
-12
-1
8
14
18
19
17
13
12
9
10
9
8
10
7
7
4
-2
-3
-7
-8
-7
-5
-1
5
9
13
21
27
29
31
33
34
30
27
25
20
16
10
3
-7
-18
-24
-31
-35
-32
-28
-22
-15
-6
1
9
13
16
18
19
18
15
13
8
3
-1
-5
-11
-13
-17
-19
-19
-16
-11
-6
1
7
15
22
30
33
33
31
26
25
20
16
13
8
2
-5
-13
-25
-29
-35
-38
-37
-35
-34
-31
-28
-24
-16
-12
-4
4
13
20
25
27
29
25
18
10
-1
-12
-21
-26
-30
-29
-23
-16
-9
-3
1
4
6
5
5
6
13
19
22
26
25
25
21
18
17
13
10
4
-5
-18
-26
-36
-42
-42
-41
-37
-36
-31
-30
-28
-22
-17
-8
1
8
12
14
11
7
0
-7
-13
-19
-22
-23
-24
-25
-24
-21
-17
-12
-3
2
6
10
15
15
20
19
17
17
14
10
5
2
-1
-6
-7
-9
-11
-13
-13
-13
-10
-4
1
5
8
11
9
8
3
1
-4
-10
-15
-22
-24
-26
-25
-22
-19
-11
-4
3
9
15
22
27
31
34
36
34
28
24
15
4
-6
-17
-26
-30
-31
-34
-31
-27
-20
-13
-6
0
8
17
25
31
35
40
42
39
35
29
20
12
0
-8
-15
-21
-28
-33
-38
-44
-48
-48
-45
-41
-35
-25
-12
2
12
25
34
40
43
44
46
46
42
37
31
23
12
1
-10
-19
-24
-25
-23
-18
-13
-7
-2
6
12
19
23
25
25
20
18
15
10
6
1
-3
-11
-16
-22
-27
-28
-29
-26
-21
-11
-4
6
14
22
26
27
25
20
14
10
5
2
2
1
1
0
2
3
7
10
16
21
25
30
30
28
26
22
19
17
14
11
7
1
-4
-11
-18
-24
-26
-25
-22
-16
-12
-6
1
7
9
10
10
7
4
-4
-7
-15
-19
-22
-27
-29
-32
-32
-31
-28
-26
-21
-16
-11
-7
-2
3
6
11
16
19
22
21
20
19
17
14
9
10
5
4
1
-5
-9
-14
-18
-23
-26
-28
-27
-23
-19
-15
-8
-1
7
13
20
25
27
28
26
22
16
10
3
-7
-11
-17
-24
-26
-27
-24
-22
-18
-11
-6
2
7
12
18
20
22
22
20
11
5
-3
-10
-17
-25
-26
-26
-21
-19
-14
-6
3
13
25
35
41
44
43
37
27
14
-1
-15
-24
-32
-40
-45
-46
-49
-51
-48
-42
-31
-16
0
14
29
37
41
46
46
47
45
40
32
24
10
-5
-23
-37
-48
-56
-58
-57
-52
-41
-31
-17
-3
14
29
44
56
64
71
70
63
52
41
28
15
6
-4
-13
-21
-29
-41
-46
-50
-51
-42
-27
-10
8
29
44
55
60
61
57
46
36
26
7
-9
-25
-42
-56
-68
-74
-75
-74
-68
-56
-42
-27
-13
0
17
34
48
59
66
66
63
54
42
30
11
-6
-23
-39
-48
-55
-57
-54
-42
-33
-19
-4
9
20
27
34
38
41
45
46
42
37
28
15
3
-12
-25
-37
-44
-50
-48
-48
-44
-42
-36
-26
-18
-6
6
14
24
30
32
34
32
29
27
20
16
6
0
-4
-8
-9
-7
-1
1
11
20
28
40
47
53
58
56
49
38
25
9
-7
-22
-38
-50
-60
-64
-63
-58
-50
-40
-26
-14
-6
3
8
14
19
21
28
30
30
26
18
5
-8
-24
-36
-41
-42
-40
-38
-32
-24
-16
-8
-3
6
13
21
30
38
45
47
49
42
39
29
17
8
-7
-18
-28
-34
-38
-40
-37
-31
-25
-16
-9
-2
2
5
12
15
17
16
16
8
-5
-17
-31
-41
-50
-57
-57
-53
-47
-40
-29
-21
-10
5
20
33
51
61
67
68
64
58
47
38
25
11
3
-7
-17
-24
-28
-34
-34
-30
-30
-24
-18
-11
-3
7
17
23
29
33
32
30
24
17
8
-2
-13
-23
-30
-37
-41
-46
-43
-39
-32
-25
-16
0
11
24
31
39
46
43
40
33
26
21
13
10
8
2
-3
-11
-14
-18
-21
-16
-16
-13
-7
-1
6
11
19
22
29
34
37
36
31
27
19
9
-1
-14
-24
-38
-47
-56
-65
-67
-67
-57
-46
-30
-11
5
19
27
31
30
29
27
22
22
20
15
13
9
5
-1
-8
-11
-11
-13
-11
-5
2
11
21
27
31
31
28
22
13
2
-9
-20
-29
-32
-35
-35
-28
-24
-17
-13
-9
-2
1
6
9
13
19
22
25
26
26
24
18
10
-1
-16
-25
-34
-42
-47
-44
-40
-34
-25
-13
0
14
28
44
57
69
72
70
65
54
39
22
2
-17
-34
-50
-60
-63
-56
-54
-44
-33
-24
-10
1
15
23
33
37
37
37
33
28
22
15
11
8
7
5
0
-2
-5
-10
-17
-22
-24
-22
-16
-8
3
17
32
39
45
46
47
44
39
36
29
20
13
3
-1
-8
-12
-14
-22
-28
-38
-41
-43
-46
-39
-32
-21
-6
9
23
31
38
39
36
30
22
10
-2
-12
-20
-25
-32
-35
-33
-32
-28
-18
-10
1
14
22
29
30
29
27
22
18
13
8
6
2
-2
-5
-8
-7
-11
-9
-11
-15
-16
-20
-19
-19
-14
-7
-3
-1
1
3
2
0
-1
-4
-8
-11
-10
-4
2
12
21
30
37
42
44
43
42
37
26
16
2
-9
-19
-28
-31
-37
-40
-40
-34
-30
-21
-11
3
14
23
26
27
25
23
20
16
12
8
5
-5
-10
-24
-31
-38
-41
-44
-44
-40
-38
-30
-23
-13
-3
4
11
14
17
20
20
20
22
26
35
39
48
48
47
41
30
19
3
-9
-20
-24
-31
-33
-34
-32
-28
-29
-26
-25
-22
-19
-11
-8
1
9
17
22
24
21
13
1
-9
-17
-24
-25
-23
-17
-14
-10
-4
-2
-2
1
2
7
14
18
27
29
30
31
28
27
23
16
11
-1
-11
-21
-29
-32
-29
-30
-26
-17
-13
-6
-7
-4
-3
-4
-6
-9
-9
-11
-16
-14
-12
-11
-5
-3
2
5
10
15
14
15
18
13
7
-2
-18
-34
-44
-48
-45
-31
-12
6
23
38
42
39
31
25
17
14
14
10
14
17
13
11
2
-11
-23
-32
-37
-43
-45
-40
-36
-31
-19
-17
-12
-6
-8
-1
6
14
18
21
25
26
25
28
25
22
23
19
15
12
10
5
4
3
4
6
5
4
2
-2
-1
2
9
19
24
31
29
26
19
4
-7
-18
-21
-20
-25
-30
-28
-30
-30
-34
-35
-30
-29
-31
-34
-36
-31
-31
-24
-2
24
55
80
102
112
103
83
54
23
-7
-26
-32
-29
-8
13
27
37
31
19
2
-17
-26
-25
-17
-5
7
14
11
0
-11
-25
-30
-28
-26
-18
-2
9
13
14
8
0
-11
-21
-24
-26
-22
-16
-11
-4
1
7
7
8
11
12
17
17
15
14
14
15
15
19
20
18
9
2
-7
-20
-30
-38
-43
-43
-41
-37
-31
-23
-15
-8
0
2
1
2
4
1
-2
-6
-12
-15
-16
-18
-17
-14
-14
-13
-10
-8
-1
1
3
4
2
2
1
1
-1
0
-2
0
1
-3
-1
-1
-4
-8
-9
-11
-10
-8
-2
-1
0
5
-2
-3
-8
-11
-13
-11
-10
-10
-8
-9
-9
-10
-6
-7
0
7
11
14
15
15
8
7
-4
-11
-12
-15
-13
-12
-10
-11
-11
-11
-13
-12
-9
-3
4
12
19
21
22
23
19
15
10
6
3
2
4
6
7
10
6
1
-1
-7
-9
-11
-9
-7
-3
1
0
0
1
-1
-4
-3
3
10
20
31
35
40
39
33
19
1
-10
-18
-22
-21
-17
-7
0
5
11
12
10
7
5
4
-1
0
1
1
6
7
7
6
4
4
0
-1
1
3
4
5
4
2
0
0
2
5
10
15
22
23
23
24
23
20
15
12
5
-2
-6
-10
-15
-15
-13
-16
-11
-8
-9
-6
0
3
7
13
21
21
19
19
12
10
7
3
3
4
6
9
11
15
18
18
17
14
9
-1
-11
-20
-21
-23
-24
-20
-13
-9
-6
-1
-6
-8
-7
-9
-11
-11
-9
-7
-3
4
10
15
14
13
12
5
1
-5
-9
-14
-17
-16
-17
-17
-18
-16
-16
-16
-12
-6
-1
2
9
14
20
22
24
24
21
16
11
4
-3
-5
-9
-8
-7
-4
0
5
8
7
5
3
0
-4
-2
-1
0
5
8
11
17
17
15
13
8
1
-4
-7
-12
-16
-18
-17
-16
-15
-11
-11
-12
-12
-10
-11
-7
0
4
6
13
17
18
19
13
9
4
-6
-13
-19
-24
-29
-33
-30
-31
-30
-29
-26
-20
-16
-11
-6
-5
3
5
6
7
8
10
8
8
5
3
-2
-8
-16
-22
-23
-19
-15
-7
2
11
17
17
16
15
9
5
3
0
-1
-3
-3
-8
-9
-10
-11
-9
-5
0
6
12
16
20
20
18
14
9
4
1
-3
-6
-6
-8
-11
-14
-20
-23
-25
-26
-28
-24
-19
-10
0
8
18
25
32
34
34
32
26
22
18
13
6
-1
-6
-14
-19
-21
-26
-25
-26
-23
-20
-13
-6
-3
1
4
5
6
7
10
11
15
18
16
18
14
7
1
-3
-12
-14
-14
-13
-7
1
9
17
26
30
35
35
36
38
34
30
23
16
8
-2
-12
-22
-27
-29
-29
-31
-28
-26
-22
-15
-8
1
10
20
30
39
42
42
41
34
23
13
1
-6
-13
-14
-12
-11
-8
-7
-8
-10
-11
-12
-14
-14
-13
-9
-5
2
9
13
17
18
17
12
7
-1
-10
-15
-18
-18
-15
-4
4
10
14
15
13
11
8
6
8
6
6
7
7
4
3
0
-8
-17
-24
-29
-33
-36
-32
-27
-23
-14
-5
1
10
19
20
22
25
22
22
18
11
6
-3
-8
-13
-19
-21
-21
-19
-18
-16
-10
-4
3
12
19
26
29
28
27
19
14
7
-2
-7
-13
-15
-20
-21
-19
-21
-19
-15
-11
-4
0
7
14
19
22
25
26
26
24
19
17
9
2
-6
-15
-23
-26
-29
-28
-25
-21
-18
-13
-7
0
6
9
13
14
14
13
11
10
6
3
1
-4
-10
-13
-16
-17
-17
-15
-12
-9
-3
4
8
13
16
15
10
3
-5
-14
-21
-27
-32
-31
-27
-21
-13
-5
2
7
10
13
13
12
14
16
17
21
24
23
22
16
6
-3
-14
-20
-28
-32
-29
-26
-19
-9
-2
8
13
19
20
18
16
10
5
-3
-7
-9
-9
-8
-11
-16
-18
-20
-24
-25
-23
-21
-15
-9
0
13
23
34
43
48
52
48
39
27
12
-2
-14
-22
-27
-32
-31
-29
-26
-26
-23
-23
-23
-16
-12
-5
6
15
25
33
37
40
37
35
29
20
11
2
-8
-14
-19
-21
-23
-21
-21
-18
-17
-14
-12
-7
0
5
11
17
24
25
27
27
24
23
18
15
7
2
-4
-13
-18
-24
-30
-30
-31
-28
-23
-17
-12
-7
-2
-1
2
5
9
14
16
18
18
17
17
13
7
1
-6
-11
-17
-21
-22
-17
-13
-10
-5
0
4
6
10
12
12
14
12
13
13
11
10
6
2
-5
-12
-15
-17
-17
-13
-9
-3
1
4
7
7
8
7
4
6
6
5
4
0
-2
-7
-12
-15
-16
-17
-14
-10
-7
-3
2
9
15
22
29
32
30
24
15
6
-3
-9
-16
-19
-23
-27
-26
-27
-28
-23
-19
-13
-6
3
13
20
29
34
39
40
38
33
25
15
3
-11
-23
-32
-39
-44
-48
-46
-43
-38
-26
-19
-6
6
16
26
34
39
43
43
44
42
38
27
17
5
-8
-19
-30
-36
-38
-37
-35
-29
-25
-16
-6
6
18
28
39
42
43
39
32
24
11
-1
-10
-18
-25
-29
-31
-32
-32
-31
-31
-26
-19
-12
-1
9
17
28
36
43
44
45
41
32
20
5
-10
-23
-31
-37
-38
-34
-30
-24
-19
-12
-6
1
9
14
21
26
30
34
35
31
25
17
8
-4
-14
-23
-31
-38
-39
-41
-38
-33
-27
-18
-9
1
11
20
31
36
39
41
39
35
28
17
7
-1
-11
-19
-23
-26
-29
-28
-27
-26
-24
-21
-16
-9
-1
7
14
21
26
26
24
19
9
2
-5
-12
-16
-21
-25
-23
-22
-19
-13
-7
-3
2
8
12
15
17
19
20
19
21
20
19
14
8
5
-1
-8
-10
-14
-15
-15
-14
-11
-6
1
4
11
15
15
14
11
9
6
3
1
0
1
1
1
3
1
1
2
1
1
2
-1
0
5
7
10
11
12
11
9
6
4
1
-4
-4
-5
-4
-4
-1
0
3
5
6
7
5
2
2
1
-1
-2
-3
-5
-8
-9
-11
-10
-11
-11
-10
-8
-3
-1
1
4
7
7
10
10
8
8
7
4
5
3
2
3
2
4
4
6
7
6
5
5
4
3
2
-2
-4
-7
-9
-13
-15
-17
-18
-17
-17
-14
-9
-6
-1
7
15
19
23
25
25
26
20
16
12
7
0
-7
-16
-23
-29
-34
-36
-35
-32
-28
-20
-12
-2
7
12
18
23
27
28
30
26
22
16
7
-1
-11
-19
-25
-30
-33
-33
-32
-29
-23
-15
-7
4
14
24
32
35
36
37
32
30
21
10
2
-9
-20
-28
-32
-37
-36
-32
-29
-22
-16
-9
-4
2
9
14
21
26
29
34
33
30
26
21
12
4
-4
-11
-12
-15
-19
-21
-19
-20
-17
-15
-10
-6
-3
-1
0
3
7
10
12
14
12
12
13
11
10
10
11
11
11
9
7
5
0
-3
-8
-11
-13
-14
-14
-17
-17
-17
-17
-15
-12
-8
-5
-3
2
4
8
8
8
8
4
4
-1
-7
-13
-19
-23
-28
-30
-26
-22
-18
-12
-4
1
6
10
13
16
18
17
17
17
15
12
10
4
-3
-7
-11
-17
-17
-20
-21
-20
-17
-15
-9
-4
0
7
12
15
14
15
10
4
3
-2
-5
-5
-7
-5
-3
-3
-2
0
1
1
4
7
8
13
18
18
19
18
11
6
-1
-8
-9
-11
-11
-6
-5
-1
1
1
2
3
5
5
7
9
11
11
11
10
7
4
-1
-5
-11
-14
-18
-18
-16
-15
-8
-1
3
12
15
19
23
25
27
28
28
24
20
15
8
1
-5
-14
-19
-19
-22
-22
-19
-18
-18
-13
-9
-8
2
6
12
21
24
24
21
17
11
5
0
-4
-4
-4
-3
-1
-2
-6
-9
-8
-11
-12
-9
-7
-3
1
6
6
9
7
1
-3
-11
-17
-20
-20
-17
-10
-3
2
6
11
9
6
5
3
6
12
14
19
18
14
10
2
-9
-17
-22
-27
-28
-26
-23
-19
-14
-13
-11
-10
-8
-4
-1
3
9
12
14
16
12
9
4
-4
-10
-14
-18
-20
-18
-15
-15
-13
-10
-11
-8
-2
2
9
17
24
32
36
38
33
24
14
3
-5
-15
-21
-24
-27
-25
-26
-26
-28
-26
-24
-20
-14
-4
3
11
18
25
33
32
30
26
21
15
12
9
8
4
0
-4
-13
-19
-23
-30
-32
-30
-25
-19
-10
-4
2
9
12
13
14
14
14
15
16
17
18
18
13
11
3
-6
-10
-15
-16
-18
-18
-18
-17
-16
-17
-17
-18
-18
-15
-13
-7
-1
6
13
17
22
25
23
21
17
13
9
7
1
-4
-7
-11
-17
-19
-24
-25
-23
-21
-17
-10
-4
0
7
9
10
9
11
10
13
15
18
19
18
16
10
4
-2
-7
-14
-16
-14
-11
-7
-1
5
10
12
15
14
13
15
16
18
21
22
24
24
19
13
6
-4
-8
-11
-14
-11
-10
-7
-2
-2
-1
-1
-1
-1
0
-1
2
7
7
12
14
11
10
6
2
-2
-7
-10
-13
-13
-13
-13
-14
-11
-8
-9
-10
-11
-12
-12
-12
-11
-9
-6
-3
-2
4
8
9
10
11
13
12
12
11
13
15
13
10
7
3
2
-2
-6
-7
-9
-8
-6
-8
-5
-2
1
5
6
11
14
16
18
20
18
17
16
14
12
10
11
7
4
2
-2
-5
-7
-8
-7
-6
-5
-5
-5
-2
0
1
4
0
0
0
-3
-10
-14
-18
-23
-25
-30
-33
-35
-38
-37
-36
-35
-32
-31
-25
-21
-18
-14
-13
-11
-9
-8
-10
-9
-7
-12
-13
-14
-17
-16
-15
-14
-14
-9
-6
-7
1
5
11
17
22
26
32
36
35
38
39
36
32
29
26
23
19
14
13
13
11
10
9
8
14
20
25
32
39
45
54
58
62
63
62
60
56
52
46
41
36
31
26
23
18
15
10
10
10
9
12
18
22
26
31
32
30
29
25
18
7
-2
-11
-21
-32
-43
-56
-66
-78
-86
-93
-99
-100
-100
-100
-96
-97
-95
-94
-97
-99
-102
-106
-112
-116
-120
-122
-122
-126
-128
-133
-132
-129
-123
-114
-102
-88
-74
-57
-43
-29
-11
6
15
27
39
46
56
65
71
76
81
86
87
86
89
94
99
106
111
125
138
151
164
175
189
195
202
208
212
214
217
213
210
209
201
196
188
179
170
161
150
143
138
131
126
121
114
106
99
92
83
73
66
57
50
41
33
26
19
14
6
-5
-19
-30
-43
-57
-72
-89
-108
-126
-147
-168
-188
-209
-228
-249
-270
-289
-308
-327
-344
-360
-374
-387
-398
-407
-412
-420
-423
-422
-420
-418
-414
-408
-401
-390
-370
-349
-328
-302
-269
-237
-205
-166
-127
-88
-41
4
52
100
143
189
232
272
312
348
382
410
434
456
474
493
507
517
526
535
540
541
546
545
543
540
530
519
505
488
473
448
424
402
373
344
317
289
259
229
200
170
142
115
91
63
37
14
-10
-30
-53
-76
-101
-127
-150
-173
-201
-229
-260
-291
-320
-354
-387
-422
-456
-489
-523
-555
-587
-620
-649
-678
-703
-728
-747
-764
-781
-795
-803
-809
-815
-815
-809
-801
-788
-769
-745
-715
-680
-635
-586
-529
-462
-394
-315
-226
-133
-35
66
171
276
383
488
591
691
785
868
946
1016
1070
1116
1153
1179
1196
1197
1184
1160
1126
1084
1037
983
919
851
781
709
633
554
477
402
327
259
184
117
53
-10
-64
-117
-163
-208
-246
-280
-308
-324
-341
-348
-348
-342
-327
-307
-283
-254
-224
-192
-160
-125
-94
-70
-46
-28
-18
-10
-11
-19
-34
-56
-85
-116
-153
-198
-241
-283
-327
-369
-414
-453
-494
-533
-562
-592
-619
-648
-675
-696
-716
-735
-751
-766
-776
-785
-788
-789
-784
-773
-757
-727
-690
-646
-591
-527
-446
-357
-262
-161
-52
56
170
291
408
521
627
729
825
913
989
1056
1111
1156
1189
1206
1216
1213
1198
1178
1146
1105
1058
999
931
857
776
690
601
508
414
320
226
135
44
-42
-126
-204
-271
-334
-391
-438
-479
-513
-533
-546
-550
-549
-541
-520
-497
-471
-437
-398
-349
-300
-254
-206
-158
-113
-68
-25
8
41
68
85
98
103
103
95
76
50
21
-15
-58
-101
-148
-199
-251
-301
-349
-404
-454
-495
-540
-579
-614
-644
-671
-695
-714
-729
-743
-753
-755
-755
-746
-730
-713
-686
-646
-603
-545
-479
-403
-317
-222
-125
-23
82
197
310
421
533
639
739
833
919
991
1055
1111
1156
1185
1203
1210
1207
1193
1168
1138
1099
1051
996
935
869
798
724
645
563
479
392
302
212
123
36
-53
-134
-209
-283
-349
-409
-460
-505
-540
-568
-587
-596
-598
-589
-573
-553
-529
-493
-458
-422
-384
-344
-304
-267
-232
-202
-172
-147
-124
-107
-89
-80
-76
-76
-77
-82
-89
-99
-119
-129
-148
-166
-186
-206
-228
-253
-276
-300
-321
-341
-361
-380
-401
-420
-437
-453
-467
-479
-487
-493
-495
-491
-484
-471
-450
-426
-393
-354
-306
-248
-189
-118
-43
39
122
209
295
390
477
561
643
714
783
840
894
937
973
995
1005
1007
998
981
955
922
881
834
781
723
663
601
534
464
389
322
248
175
101
32
-40
-107
-173
-238
-293
-345
-390
-436
-473
-503
-526
-540
-545
-543
-531
-511
-485
-454
-416
-372
-324
-278
-235
-185
-142
-106
-69
-39
-15
6
22
36
44
47
50
45
41
35
28
19
6
-2
-16
-31
-41
-56
-70
-84
-102
-118
-145
-173
-202
-234
-260
-291
-326
-353
-381
-402
-420
-442
-455
-463
-464
-458
-445
-419
-393
-359
-314
-273
-220
-161
-103
-38
26
90
153
218
280
338
390
438
482
520
559
589
615
635
646
656
653
646
640
624
604
575
543
506
468
429
384
342
298
256
209
161
116
72
30
-9
-46
-81
-111
-142
-164
-183
-200
-213
-221
-229
-227
-220
-216
-206
-189
-172
-154
-137
-121
-98
-78
-61
-43
-26
-13
-7
-3
5
3
1
-1
-13
-22
-35
-50
-67
-84
-96
-113
-126
-139
-155
-165
-178
-187
-196
-207
-215
-227
-237
-246
-263
-279
-296
-315
-333
-357
-376
-391
-407
-420
-435
-437
-439
-432
-416
-396
-371
-340
-302
-261
-211
-154
-95
-37
27
86
150
209
268
323
370
418
459
498
531
562
583
599
617
626
634
631
623
616
602
579
555
529
498
460
417
371
326
277
222
171
114
67
16
-38
-80
-119
-153
-185
-211
-230
-242
-254
-261
-264
-257
-255
-253
-243
-234
-222
-206
-192
-181
-167
-152
-138
-124
-105
-93
-82
-70
-59
-50
-38
-23
-13
-2
5
12
11
12
10
6
1
-10
-23
-33
-44
-60
-70
-79
-95
-110
-124
-138
-151
-164
-178
-199
-217
-233
-250
-268
-287
-303
-323
-341
-359
-371
-384
-391
-390
-386
-377
-360
-338
-309
-270
-227
-179
-133
-83
-25
26
80
136
185
230
273
312
344
377
403
419
433
441
448
453
450
444
437
425
417
406
395
377
354
337
311
287
257
227
198
166
137
108
79
52
27
3
-15
-28
-43
-49
-53
-57
-52
-44
-36
-24
-9
6
22
43
60
75
89
98
107
112
115
114
112
107
103
97
87
78
69
61
52
40
30
17
5
-5
-18
-34
-48
-68
-88
-107
-130
-153
-175
-202
-229
-256
-285
-314
-346
-374
-406
-437
-466
-494
-521
-545
-567
-585
-595
-603
-605
-603
-594
-583
-561
-528
-492
-452
-409
-358
-301
-244
-181
-119
-54
14
75
135
196
250
299
347
390
427
462
489
512
531
542
551
556
557
554
552
544
536
526
509
490
474
454
431
406
380
349
316
286
250
218
186
156
125
95
74
55
35
18
6
-2
-11
-15
-16
-22
-25
-31
-34
-37
-40
-44
-52
-60
-69
-77
-93
-102
-111
-123
-134
-146
-152
-158
-162
-169
-173
-172
-174
-178
-179
-180
-184
-191
-201
-209
-221
-232
-248
-267
-285
-304
-330
-351
-371
-390
-412
-430
-447
-465
-476
-486
-496
-497
-496
-496
-486
-474
-460
-438
-414
-385
-351
-317
-281
-235
-187
-133
-76
-21
41
102
166
228
289
350
406
462
513
559
601
638
668
691
709
719
720
724
716
704
690
667
642
613
587
553
517
485
447
410
372
334
293
254
220
183
148
112
78
51
23
-6
-35
-57
-78
-96
-112
-127
-142
-151
-160
-168
-172
-177
-179
-178
-177
-179
-173
-170
-167
-158
-153
-147
-144
-141
-138
-134
-131
-125
-122
-120
-114
-117
-119
-127
-134
-143
-154
-169
-181
-197
-216
-240
-256
-273
-295
-314
-329
-347
-363
-377
-398
-408
-414
-422
-426
-427
-425
-422
-415
-406
-393
-377
-356
-333
-306
-265
-226
-187
-137
-80
-27
30
89
151
214
279
342
399
457
509
555
591
623
651
668
677
682
680
676
665
646
620
595
568
535
503
470
432
396
356
323
289
252
215
181
145
112
79
40
10
-20
-49
-78
-101
-125
-143
-157
-171
-173
-181
-180
-175
-167
-155
-148
-139
-123
-109
-101
-93
-87
-74
-64
-62
-58
-54
-51
-50
-52
-52
-53
-59
-64
-70
-74
-85
-95
-106
-116
-133
-156
-182
-213
-238
-263
-289
-316
-346
-369
-386
-411
-434
-452
-468
-484
-493
-497
-498
-497
-492
-485
-476
-463
-452
-439
-416
-391
-363
-328
-287
-247
-202
-148
-92
-34
25
87
150
217
286
350
414
474
521
564
600
628
649
663
664
660
655
639
623
597
573
544
509
479
448
416
387
354
321
289
258
224
192
160
123
88
52
18
-17
-44
-75
-103
-123
-143
-161
-173
-180
-187
-185
-185
-172
-159
-146
-138
-123
-103
-91
-78
-64
-55
-48
-41
-40
-39
-38
-39
-41
-49
-57
-65
-73
-79
-85
-92
-99
-105
-117
-128
-135
-146
-162
-177
-196
-218
-235
-252
-270
-291
-309
-331
-352
-367
-378
-391
-398
-404
-409
-404
-401
-393
-379
-363
-345
-324
-299
-281
-255
-217
-182
-135
-92
-51
-9
41
96
146
198
245
298
350
400
446
491
530
562
583
604
609
613
613
600
590
570
547
525
496
470
438
402
375
344
311
275
258
237
211
183
150
136
122
94
66
48
27
-2
-25
-48
-71
-82
-93
-115
-129
-141
-142
-152
-154
-145
-147
-144
-130
-117
-109
-105
-102
-90
-75
-85
-106
-110
-111
-110
-123
-142
-157
-170
-175
-195
-203
-220
-239
-250
-261
-259
-273
-280
-277
-278
-277
-270
-274
-272
-277
-273
-278
-284
-273
-265
-254
-265
-277
-272
-262
-249
-246
-243
-230
-224
-212
-190
-151
-111
-72
-51
-46
-30
26
76
123
147
136
210
233
247
259
302
329
336
343
329
357
365
375
368
373
365
346
345
352
358
315
290
301
371
367
247
172
248
341
261
149
109
124
88
67
65
-5
-97
-120
-87
-119
-181
-216
-226
-239
-230
-228
-249
-266
-245
-224
-220
-184
-177
-189
-176
-116
-93
-90
-70
-51
-53
-40
1
19
19
7
28
26
37
41
53
35
17
34
25
2
-38
-34
-40
-57
-80
-127
-177
-203
-197
-225
-278
-310
-349
-387
-389
-387
-411
-453
-451
-438
-441
-412
-377
-355
-347
-232
-167
-177
-124
8
123
159
208
236
319
431
515
526
564
618
640
676
701
766
726
704
683
701
681
609
587
550
555
451
350
293
288
242
142
52
-30
-93
-157
-210
-262
-306
-369
-430
-466
-476
-486
-518
-508
-486
-490
-501
-487
-421
-365
-320
-305
-253
-175
-155
-136
-39
68
101
105
118
154
214
294
323
296
284
295
298
301
313
314
249
202
186
132
81
55
38
-37
-110
-196
-267
-299
-294
-344
-449
-519
-561
-586
-630
-610
-632
-675
-706
-728
-708
-702
-639
-620
-577
-554
-540
-490
-353
-170
-172
-156
-48
150
241
298
368
487
653
720
744
772
932
998
1018
1015
1073
1097
1054
1064
1055
1069
997
927
845
812
762
647
548
478
390
239
116
23
-43
-155
-285
-426
-508
-555
-655
-766
-823
-815
-840
-910
-913
-884
-858
-827
-760
-690
-636
-586
-521
-385
-269
-184
-141
-54
31
108
205
270
338
380
449
481
510
538
581
591
580
533
485
472
461
415
215
186
139
44
-121
-260
-346
-501
-599
-697
-873
-1029
-1029
-1107
-1256
-1340
-1348
-1409
-1439
-1398
-1363
-1382
-1354
-1269
-1069
-875
-902
-820
-619
-248
-93
-70
37
313
672
776
870
997
1279
1458
1545
1560
1803
2014
1990
1952
1940
2098
2053
2027
1903
1877
1793
1605
1452
1365
1310
1050
805
603
462
261
21
-210
-310
-406
-660
-935
-1031
-1025
-1086
-1203
-1344
-1410
-1387
-1421
-1404
-1303
-1196
-1251
-1279
-1091
-932
-827
-749
-628
-533
-416
-297
-127
13
138
258
335
399
468
594
612
668
696
672
630
637
672
624
542
460
373
266
171
42
-57
-148
-297
-496
-665
-757
-840
-921
-1112
-1219
-1293
-1410
-1492
-1512
-1413
-1530
-1571
-1621
-1381
-1182
-1230
-1148
-994
-623
-500
-383
-300
-27
312
494
540
730
1075
1188
1271
1381
1724
1802
1793
1778
1917
2109
2042
1976
1882
2036
1991
1787
1628
1669
1647
1375
1123
957
921
782
532
231
69
-49
-253
-496
-619
-682
-867
-1045
-1128
-1163
-1222
-1298
-1318
-1271
-1253
-1300
-1302
-1185
-1027
-960
-953
-860
-715
-593
-490
-358
-251
-157
-65
17
153
264
373
420
483
562
591
609
622
660
627
586
485
426
394
303
204
67
-36
-178
-333
-440
-543
-683
-836
-909
-1041
-1164
-1178
-1221
-1303
-1337
-1326
-1393
-1375
-1242
-1049
-1103
-1161
-986
-692
-468
-455
-396
-300
101
343
333
401
702
1023
1040
1087
1216
1502
1626
1660
1605
1703
1821
1809
1766
1758
1801
1634
1525
1490
1510
1389
1179
1018
914
850
658
441
286
230
76
-167
-318
-356
-423
-601
-746
-811
-861
-905
-1037
-1084
-999
-984
-1046
-1040
-942
-923
-881
-762
-671
-643
-580
-534
-423
-300
-191
-164
-135
22
124
172
185
283
341
323
332
375
391
367
353
280
229
213
170
76
10
-81
-217
-293
-377
-505
-606
-646
-788
-911
-962
-1032
-1090
-1122
-1087
-1185
-1222
-1197
-1018
-968
-1045
-941
-712
-479
-479
-438
-357
-46
208
271
286
426
668
795
921
975
1177
1273
1320
1315
1446
1594
1579
1577
1530
1597
1528
1467
1427
1420
1370
1166
1012
915
897
766
610
421
309
191
-1
-132
-204
-254
-435
-606
-694
-686
-722
-822
-867
-863
-875
-970
-954
-886
-837
-859
-883
-801
-725
-662
-653
-586
-495
-424
-399
-352
-251
-172
-88
-46
20
84
152
165
220
304
297
251
226
262
232
214
181
143
51
-22
-72
-95
-161
-254
-336
-459
-513
-531
-621
-755
-719
-771
-828
-864
-860
-909
-821
-651
-784
-781
-630
-378
-362
-349
-262
-115
117
217
300
334
533
636
761
818
951
1026
1023
1115
1138
1255
1218
1257
1221
1248
1262
1143
1080
1096
1145
983
863
757
716
670
582
427
279
223
78
-82
-147
-144
-321
-464
-522
-564
-587
-648
-686
-703
-693
-750
-759
-674
-645
-655
-659
-589
-515
-477
-466
-416
-327
-281
-256
-226
-146
-83
-26
-3
47
120
138
156
201
290
278
262
279
285
296
259
234
205
134
43
-19
-59
-113
-217
-312
-395
-464
-504
-555
-629
-661
-714
-803
-819
-777
-736
-804
-715
-679
-708
-605
-460
-332
-336
-262
-223
-73
94
185
207
270
393
470
582
674
848
828
850
927
1031
1118
1114
1158
1077
1078
1059
1020
998
1019
949
780
687
641
635
533
417
255
168
73
-66
-146
-188
-234
-352
-463
-514
-512
-545
-578
-612
-666
-706
-735
-691
-604
-597
-638
-619
-529
-466
-460
-399
-299
-246
-249
-232
-144
-44
29
42
28
79
138
160
184
194
183
145
123
138
138
100
45
4
-53
-122
-142
-169
-204
-255
-348
-444
-480
-470
-503
-550
-650
-724
-700
-646
-649
-747
-730
-671
-587
-513
-586
-608
-455
-229
-145
-221
-194
-48
179
315
331
338
424
582
699
742
783
879
910
933
948
981
993
1031
1024
919
855
839
882
855
779
629
498
488
463
376
244
116
26
-33
-79
-178
-271
-284
-333
-400
-488
-520
-530
-510
-514
-572
-599
-563
-502
-474
-420
-403
-383
-336
-244
-198
-170
-99
-33
-2
7
110
158
176
205
242
256
243
306
311
285
232
184
185
178
145
75
13
-1
-49
-139
-174
-201
-210
-286
-400
-433
-466
-465
-516
-609
-643
-621
-581
-656
-707
-671
-650
-562
-541
-529
-548
-536
-358
-156
-114
-211
-173
25
262
333
315
328
477
610
611
661
742
855
840
801
802
841
947
916
903
807
773
741
722
724
651
556
429
370
320
257
174
95
-2
-91
-141
-206
-260
-302
-338
-437
-495
-510
-510
-497
-493
-505
-548
-529
-453
-379
-354
-340
-326
-258
-180
-117
-80
-37
26
70
112
170
255
277
285
297
299
336
337
341
303
259
227
194
188
156
87
-12
-65
-103
-164
-228
-283
-354
-410
-458
-499
-525
-543
-583
-666
-658
-652
-679
-690
-693
-717
-689
-672
-648
-603
-536
-459
-458
-399
-310
-129
-55
-27
20
135
271
385
450
467
562
660
757
803
830
808
824
874
890
886
836
809
744
718
681
621
570
506
447
360
294
225
174
126
50
-57
-123
-156
-204
-251
-313
-379
-443
-447
-464
-472
-473
-472
-460
-456
-426
-376
-318
-269
-204
-171
-140
-50
55
116
156
202
235
282
350
381
375
402
409
414
404
382
376
356
328
248
209
197
132
74
-3
-57
-133
-205
-240
-290
-364
-454
-500
-553
-594
-680
-754
-763
-764
-810
-928
-929
-845
-812
-876
-884
-751
-689
-651
-657
-563
-412
-283
-235
-233
-113
17
146
204
303
387
480
546
610
706
767
861
837
845
854
916
925
914
904
834
798
751
753
704
646
535
436
379
335
283
202
106
2
-55
-123
-164
-221
-271
-330
-372
-393
-421
-420
-427
-412
-414
-412
-374
-311
-250
-221
-178
-135
-48
17
62
101
150
201
234
282
327
364
357
364
365
375
383
383
370
327
275
223
208
192
141
47
-16
-66
-117
-176
-232
-308
-384
-440
-494
-553
-623
-661
-718
-745
-794
-822
-864
-853
-825
-851
-864
-795
-709
-672
-700
-655
-497
-364
-287
-272
-194
-59
109
199
267
328
390
472
579
658
701
739
736
761
804
865
874
871
855
811
772
752
766
728
666
555
481
438
402
367
279
199
122
47
-24
-54
-91
-153
-233
-292
-312
-325
-340
-354
-364
-383
-385
-334
-260
-234
-231
-207
-159
-108
-50
-6
26
45
58
87
116
181
184
162
131
144
170
188
193
152
108
81
74
60
46
-4
-65
-123
-167
-208
-254
-293
-372
-437
-490
-539
-566
-608
-664
-704
-718
-730
-801
-802
-803
-773
-756
-779
-720
-728
-692
-645
-478
-391
-380
-372
-272
-132
-26
83
134
222
263
344
466
597
674
685
695
735
812
881
918
904
886
853
853
837
823
808
756
686
581
544
525
503
433
319
225
163
123
83
45
-22
-125
-210
-221
-231
-275
-311
-314
-376
-421
-401
-337
-317
-329
-340
-324
-256
-188
-165
-133
-70
-57
-44
-4
83
107
83
84
88
115
112
120
120
92
69
43
15
28
3
-59
-115
-133
-153
-215
-240
-289
-338
-377
-416
-454
-508
-546
-567
-611
-669
-703
-722
-694
-699
-711
-730
-692
-574
-621
-620
-517
-343
-302
-296
-224
-119
27
130
213
247
319
359
461
574
696
698
664
731
790
880
869
924
919
878
867
831
862
855
836
707
586
535
533
504
413
267
168
136
89
45
-2
0
-90
-128
-137
-177
-196
-229
-241
-273
-320
-347
-331
-290
-325
-348
-325
-304
-292
-283
-237
-211
-210
-201
-141
-79
-44
-29
9
50
56
79
98
136
139
94
79
80
81
26
-11
-20
-61
-107
-156
-181
-206
-246
-314
-356
-382
-427
-473
-504
-553
-595
-601
-630
-617
-600
-639
-665
-585
-505
-563
-530
-400
-288
-268
-239
-180
-113
8
111
200
247
285
344
460
584
665
664
651
726
784
850
877
906
858
815
817
805
822
825
786
680
618
596
579
547
461
342
264
229
174
114
46
-42
-151
-190
-180
-217
-280
-338
-324
-336
-370
-361
-328
-313
-324
-296
-280
-277
-245
-207
-191
-199
-199
-181
-141
-113
-109
-117
-102
-89
-73
-35
-20
-15
-19
-23
-8
0
-21
-66
-82
-82
-117
-159
-199
-212
-236
-290
-356
-373
-368
-412
-439
-478
-488
-515
-508
-510
-494
-480
-496
-455
-383
-375
-420
-318
-182
-160
-206
-157
-57
27
115
144
185
229
285
351
435
496
517
534
564
583
604
666
725
710
641
629
662
667
649
634
568
485
453
460
452
386
294
196
183
159
108
49
-2
-68
-149
-136
-146
-188
-226
-242
-288
-324
-305
-284
-272
-286
-289
-313
-286
-249
-220
-212
-198
-187
-218
-193
-138
-101
-127
-138
-137
-131
-107
-83
-81
-106
-114
-119
-119
-101
-106
-140
-159
-162
-187
-194
-181
-193
-243
-282
-289
-288
-280
-285
-318
-354
-378
-369
-355
-349
-351
-337
-264
-275
-319
-277
-111
-26
-67
-93
-39
74
176
264
260
247
273
360
461
536
547
504
530
582
620
626
653
652
602
576
583
595
598
576
498
429
385
386
396
360
272
166
131
120
109
63
2
-70
-106
-103
-112
-149
-200
-212
-247
-273
-270
-230
-234
-247
-256
-273
-260
-211
-166
-166
-171
-187
-172
-133
-89
-95
-128
-115
-105
-105
-101
-85
-77
-104
-139
-141
-126
-96
-109
-135
-157
-172
-171
-176
-152
-168
-226
-260
-253
-241
-264
-291
-301
-307
-310
-294
-297
-276
-283
-293
-219
-171
-179
-196
-101
-15
11
19
40
103
169
254
296
303
297
349
448
534
542
502
502
555
599
600
606
587
551
523
533
509
471
468
422
332
260
235
233
201
113
14
-35
-42
-71
-123
-156
-196
-246
-255
-236
-253
-276
-279
-281
-299
-304
-263
-209
-199
-239
-258
-215
-153
-122
-114
-114
-115
-119
-76
-3
17
-24
-54
-37
-24
-16
-12
-30
-66
-109
-131
-120
-97
-113
-173
-221
-234
-243
-235
-233
-254
-310
-350
-349
-345
-338
-344
-371
-409
-417
-409
-373
-346
-332
-348
-316
-251
-230
-201
-112
-11
8
21
69
167
253
327
366
367
385
431
498
554
578
534
512
541
584
586
572
565
527
495
498
493
455
422
373
306
242
211
194
136
56
-36
-92
-115
-151
-199
-260
-307
-348
-366
-356
-369
-379
-378
-354
-349
-342
-308
-252
-217
-226
-231
-198
-138
-87
-60
-69
-84
-84
-36
19
37
18
-5
5
21
43
63
59
33
7
-2
6
15
1
-35
-63
-95
-126
-144
-143
-165
-214
-259
-273
-277
-281
-281
-304
-324
-335
-317
-304
-286
-274
-278
-267
-217
-186
-179
-126
-52
2
27
62
120
203
290
338
358
392
447
508
557
585
589
596
617
629
629
626
611
573
528
508
491
455
403
354
299
242
201
170
129
62
-1
-49
-85
-121
-176
-227
-268
-317
-338
-347
-363
-397
-426
-428
-418
-404
-386
-364
-339
-312
-293
-251
-197
-158
-141
-122
-93
-75
-47
-23
-7
-26
-28
-11
10
12
-1
6
5
-3
-10
-5
-4
-11
-24
-34
-42
-61
-76
-94
-107
-127
-160
-184
-195
-207
-242
-268
-281
-271
-276
-287
-280
-261
-227
-213
-179
-137
-95
-57
-5
35
75
125
183
249
279
313
335
392
435
477
504
523
541
552
589
594
598
586
569
558
528
498
475
440
384
323
269
218
167
111
46
-24
-87
-140
-174
-201
-248
-307
-347
-366
-384
-394
-404
-434
-456
-458
-433
-426
-434
-433
-420
-387
-362
-333
-307
-280
-251
-220
-188
-150
-118
-91
-64
-41
-24
-2
27
37
39
27
30
49
54
54
32
16
12
6
1
-7
-29
-60
-72
-77
-84
-92
-87
-118
-138
-152
-148
-140
-132
-133
-159
-161
-142
-112
-97
-83
-57
-16
29
63
106
157
207
257
301
338
379
418
454
494
519
530
537
545
558
572
569
545
521
505
490
461
430
399
354
310
255
206
161
117
60
-1
-53
-103
-149
-193
-241
-300
-352
-384
-412
-438
-457
-478
-502
-510
-498
-472
-459
-450
-437
-416
-382
-345
-316
-302
-292
-273
-248
-218
-182
-163
-152
-145
-133
-111
-79
-48
-36
-34
-29
-16
0
31
46
32
7
-8
-9
-6
-1
-16
-56
-94
-108
-113
-117
-127
-136
-156
-159
-157
-140
-100
-65
-40
-34
6
73
130
172
210
250
291
348
409
447
473
498
525
566
596
617
617
610
608
600
606
596
565
531
496
454
414
375
327
251
170
95
35
-14
-75
-153
-230
-294
-346
-376
-395
-415
-450
-479
-475
-453
-428
-411
-397
-384
-368
-326
-273
-235
-215
-203
-180
-142
-105
-74
-58
-48
-47
-40
-12
14
24
10
-5
-11
-9
0
-10
-33
-61
-85
-98
-106
-115
-141
-171
-186
-193
-189
-189
-184
-180
-186
-173
-143
-118
-105
-92
-81
-61
-35
-3
16
22
32
41
67
96
116
123
128
143
170
195
227
247
260
276
293
323
350
373
388
391
396
403
416
423
414
392
373
362
345
331
308
274
238
196
164
133
97
62
14
-32
-71
-114
-150
-195
-235
-274
-306
-325
-348
-371
-388
-396
-403
-399
-388
-381
-368
-349
-321
-295
-268
-243
-219
-196
-169
-144
-121
-99
-92
-90
-90
-82
-78
-77
-81
-95
-107
-116
-120
-133
-142
-161
-185
-193
-205
-206
-215
-230
-247
-257
-252
-255
-255
-256
-255
-253
-237
-216
-189
-162
-136
-104
-67
-19
27
80
135
185
233
285
350
406
458
501
544
587
638
677
710
732
743
761
768
771
762
749
731
709
678
635
588
541
491
436
376
306
234
164
95
28
-40
-106
-171
-230
-286
-334
-373
-407
-438
-466
-487
-502
-507
-501
-496
-497
-490
-475
-453
-426
-400
-381
-356
-329
-301
-273
-242
-218
-204
-192
-187
-178
-171
-167
-169
-183
-200
-217
-227
-243
-266
-295
-320
-340
-353
-366
-383
-390
-400
-409
-409
-401
-390
-371
-343
-317
-296
-263
-224
-178
-128
-77
-31
20
79
135
195
256
316
369
433
494
557
609
654
700
738
775
800
821
835
842
833
823
805
777
745
701
655
601
547
491
437
379
319
259
200
146
94
40
-18
-67
-116
-161
-207
-250
-290
-327
-359
-390
-412
-425
-434
-443
-443
-437
-431
-421
-407
-387
-372
-352
-328
-307
-290
-277
-266
-258
-250
-245
-243
-250
-256
-263
-274
-278
-287
-296
-306
-313
-321
-323
-323
-317
-316
-318
-312
-307
-292
-279
-264
-258
-246
-232
-209
-184
-160
-138
-113
-78
-37
8
53
98
144
194
252
308
365
415
464
507
550
592
628
652
673
689
695
701
703
699
687
673
653
631
611
585
554
519
482
443
401
361
318
271
223
173
124
79
30
-17
-64
-109
-153
-188
-222
-254
-280
-304
-322
-340
-349
-358
-361
-362
-364
-361
-359
-355
-352
-346
-344
-341
-338
-339
-338
-337
-336
-342
-345
-352
-359
-365
-371
-378
-386
-391
-397
-402
-404
-402
-403
-401
-395
-389
-374
-362
-347
-327
-304
-280
-252
-216
-181
-142
-104
-63
-19
29
73
116
155
194
236
275
315
347
382
414
448
478
504
529
551
573
588
599
608
610
609
604
592
578
563
540
515
486
453
418
383
348
310
270
232
195
161
129
99
69
41
15
-3
-23
-41
-61
-79
-96
-113
-130
-146
-164
-182
-198
-219
-232
-246
-262
-276
-291
-301
-313
-322
-330
-337
-346
-355
-361
-366
-371
-377
-384
-392
-400
-408
-416
-422
-428
-433
-440
-442
-443
-439
-435
-426
-412
-398
-377
-355
-326
-294
-260
-225
-190
-151
-112
-71
-30
10
51
93
133
170
210
247
280
314
347
376
405
429
454
477
499
520
530
540
549
554
556
550
545
531
517
499
481
459
431
402
372
345
315
290
255
223
190
161
131
102
78
47
22
-2
-22
-48
-69
-89
-109
-127
-143
-160
-173
-185
-202
-213
-222
-229
-239
-245
-251
-259
-260
-264
-268
-273
-276
-285
-289
-292
-299
-307
-310
-314
-321
-324
-329
-333
-332
-331
-331
-329
-323
-315
-306
-296
-287
-273
-256
-239
-220
-201
-181
-159
-134
-110
-87
-61
-33
-7
25
54
83
112
143
175
206
233
257
285
309
330
350
369
382
395
406
412
418
422
423
418
412
401
392
382
368
348
328
308
285
264
239
216
190
163
135
109
83
55
27
0
-24
-48
-72
-94
-113
-131
-145
-159
-168
-175
-180
-184
-187
-187
-187
-183
-180
-175
-166
-165
-159
-153
-146
-140
-136
-130
-128
-125
-121
-119
-115
-110
-110
-108
-105
-105
-106
-105
-106
-108
-110
-112
-117
-120
-121
-126
-128
-129
-132
-132
-133
-132
-129
-125
-120
-109
-100
-89
-77
-62
-45
-28
-9
7
26
46
68
90
110
130
146
164
180
194
210
223
233
241
251
256
259
262
262
257
255
250
237
230
215
198
181
162
144
124
105
83
61
42
23
1
-19
-39
-56
-71
-90
-103
-115
-125
-135
-143
-151
-156
-160
-163
-162
-163
-164
-165
-163
-158
-153
-148
-142
-134
-126
-116
-108
-101
-95
-86
-78
-72
-66
-59
-56
-54
-53
-52
-51
-48
-49
-49
-49
-50
-48
-48
-46
-44
-43
-41
-37
-35
-32
-26
-21
-14
-7
1
7
16
24
32
44
55
66
78
91
102
116
128
140
153
164
173
186
196
206
216
223
228
231
232
231
228
223
218
210
200
190
176
164
150
137
119
102
82
65
46
27
8
-12
-30
-49
-64
-81
-97
-113
-128
-145
-156
-167
-177
-184
-192
-199
-205
-208
-208
-208
-204
-202
-198
-192
-188
-180
-171
-163
-154
-146
-136
-127
-118
-108
-100
-91
-83
-75
-68
-60
-53
-48
-40
-35
-31
-26
-22
-18
-13
-9
-6
-1
3
5
9
12
16
23
27
32
38
42
47
54
59
68
74
81
90
99
107
115
123
132
140
148
154
159
166
171
175
178
181
182
181
180
179
174
170
166
158
151
142
132
120
108
97
84
69
55
40
22
8
-8
-24
-37
-53
-68
-81
-95
-108
-120
-130
-141
-149
-155
-163
-167
-172
-175
-177
-177
-178
-178
-176
-175
-174
-169
-165
-160
-155
-151
-144
-140
-130
-123
-116
-108
-102
-93
-85
-77
-68
-60
-50
-43
-33
-25
-16
-5
3
10
20
28
37
44
53
60
67
74
80
91
99
108
116
124
131
137
145
151
155
161
166
168
172
174
175
175
174
171
168
162
158
150
142
135
128
119
110
101
88
78
66
55
43
29
18
4
-9
-21
-34
-49
-62
-74
-85
-96
-108
-117
-125
-132
-138
-146
-151
-154
-155
-157
-158
-158
-156
-153
-149
-145
-141
-137
-132
-126
-121
-115
-109
-105
-98
-92
-86
-79
-72
-64
-59
-53
-44
-38
-30
-22
-16
-9
-4
4
9
14
19
25
30
36
40
45
50
55
59
63
68
73
79
82
87
92
95
100
102
104
106
110
112
112
113
112
111
109
108
107
104
100
97
93
90
85
80
74
68
63
56
49
42
35
26
18
9
2
-7
-13
-22
-30
-36
-42
-49
-56
-60
-65
-69
-74
-77
-77
-79
-80
-82
-82
-83
-84
-83
-84
-85
-83
-81
-81
-79
-77
-76
-72
-71
-68
-64
-57
-53
-48
-42
-37
-33
-29
-26
-22
-18
-14
-11
-9
-7
-4
-2
1
3
5
9
12
15
17
18
20
23
27
27
29
31
33
35
38
38
38
40
39
40
39
39
39
38
38
37
37
36
34
33
34
33
31
31
31
29
27
26
24
23
22
22
19
17
15
12
11
8
7
4
0
0
-3
-5
-7
-9
-9
-10
-11
-13
-12
-12
-16
-16
-16
-15
-17
-15
-16
-16
-14
-16
-14
-16
-16
-16
-17
-17
-17
-18
-19
-17
-17
-17
-17
-15
-14
-14
-13
-11
-11
-10
-8
-8
-6
-6
-7
-5
-7
-5
-5
-4
-5
-3
-3
-3
0
1
2
5
7
7
8
10
13
14
15
16
16
18
19
20
19
20
21
20
20
20
21
23
23
23
23
25
23
24
24
24
22
22
20
19
17
15
15
12
11
8
6
4
5
1
-1
0
0
-2
-2
-2
-2
-5
-6
-9
-9
-10
-14
-15
-15
-16
-18
-19
-20
-22
-22
-22
-23
-22
-22
-21
-22
-20
-18
-17
-17
-17
-15
-15
-14
-13
-14
-12
-12
-13
-12
-10
-10
-10
-9
-9
-6
-5
-3
-1
0
0
1
3
4
4
5
4
4
4
3
3
2
1
1
1
2
2
3
3
4
5
7
7
8
8
7
7
6
5
3
2
2
0
1
1
-1
1
1
1
0
0
1
1
2
2
3
5
6
6
7
7
8
7
7
6
6
5
4
3
2
1
1
2
3
5
5
5
5
5
5
6
6
5
4
2
1
1
-1
-2
-2
-2
-5
-6
-7
-8
-7
-9
-10
-10
-10
-9
-8
-7
-8
-7
-6
-6
-6
-7
-8
-8
-8
-8
-8
-7
-6
-6
-4
-3
-4
-2
-2
-1
-1
0
0
0
1
1
2
2
3
4
4
3
5
4
4
5
6
6
6
5
7
6
6
8
9
6
6
5
6
6
6
6
5
5
5
4
3
4
4
3
4
3
3
4
2
2
3
2
2
2
2
1
0
-2
-1
-2
-2
-4
-4
-4
-6
-5
-5
-5
-4
-3
-3
-4
-3
-4
-5
-6
-4
-5
-7
-6
-7
-9
-8
-9
-8
-10
-10
-12
-13
-13
-13
-13
-12
-12
-11
-10
-10
-10
-9
-9
-8
-7
-5
-5
-3
-3
-4
-1
-2
0
0
1
2
3
5
6
6
8
7
9
10
12
11
10
12
12
13
13
13
13
12
12
11
10
10
10
9
7
8
7
7
6
6
5
5
5
5
5
6
6
6
4
5
4
4
5
4
5
3
4
4
4
4
4
4
4
4
4
4
4
6
5
5
4
5
4
2
1
-1
-3
-3
-5
-6
-7
-7
-8
-8
-10
-9
-9
-10
-10
-9
-9
-10
-10
-11
-10
-11
-11
-11
-13
-11
-11
-10
-10
-7
-7
-4
-4
-3
-1
-1
2
1
2
4
5
6
6
7
7
7
6
6
6
4
7
6
5
5
4
5
5
6
6
6
7
7
6
6
4
4
2
3
2
0
-2
-3
-4
-4
-5
-5
-4
-4
-3
-2
0
0
0
1
2
0
1
1
-1
-1
-1
-2
-3
-4
-3
-3
-3
-4
-3
-3
-3
-3
-3
-3
-3
-2
-1
-2
-3
-2
-3
-3
-5
-5
-7
-7
-9
-8
-8
-7
-6
-5
-5
-5
-4
-2
-1
-1
0
1
1
1
1
2
3
2
2
2
1
2
2
3
2
3
3
3
2
4
3
4
3
3
4
3
4
3
3
2
3
1
3
2
1
1
2
2
1
0
2
0
1
2
2
2
1
2
1
2
0
0
0
0
0
0
-1
0
-2
0
0
0
1
1
1
0
0
0
1
1
0
-1
-1
0
0
0
-1
0
-1
-1
0
0
1
-1
0
1
0
1
2
3
3
3
3
3
1
-1
0
-1
0
0
-1
1
1
1
2
3
4
4
5
5
4
5
4
1
1
1
1
0
-1
-1
0
2
2
1
3
3
2
3
3
3
3
4
3
2
4
2
1
1
1
0
1
-1
-1
-1
-1
-1
-1
0
-1
-1
-1
-2
-1
-2
-2
-2
-2
-2
-2
-2
-3
-3
-3
-5
-3
-3
-3
-4
-4
-4
-3
-3
-2
-2
-3
-1
-1
-3
-3
-4
-3
-2
-3
-2
-2
-2
-2
-1
-2
-1
0
0
1
1
1
1
1
0
1
2
3
3
2
2
1
1
1
1
0
-1
0
0
-2
-2
-2
-1
0
0
1
2
2
2
1
1
0
1
0
-1
-1
-2
-1
-1
-1
-1
-1
0
0
1
1
1
0
1
0
0
1
1
2
0
0
0
-2
0
-1
-1
-3
-3
-1
-1
-1
0
1
1
3
4
4
5
5
5
5
4
2
1
1
1
-1
0
-1
0
0
-1
0
0
2
2
4
4
3
4
4
5
5
3
3
3
2
1
1
2
1
-1
-1
-1
-2
-2
-1
-1
-1
0
-1
0
0
-1
0
0
-1
-1
-1
-1
-3
-3
-2
-2
-3
-2
-2
-1
-1
-1
-1
-1
-2
-3
-4
-4
-3
-5
-5
-3
-3
-4
-3
-4
-5
-4
-3
-4
-5
-4
-4
-4
-2
-4
-4
-4
-4
-6
-4
-3
-4
-4
-1
-2
0
0
1
0
0
1
-1
1
0
0
1
2
1
2
4
3
2
2
2
2
2
3
1
2
3
3
5
5
6
6
6
8
7
6
5
6
4
4
5
4
4
4
4
4
5
4
3
4
4
3
2
2
1
0
0
1
0
0
0
-2
-2
-1
-1
-1
-1
-2
-1
0
0
-1
0
-1
-1
-2
-3
-3
-2
-1
-1
-2
-2
-2
-2
0
1
2
1
3
3
1
1
1
1
1
1
1
-1
0
1
0
1
2
1
1
4
3
1
2
0
-1
-1
0
1
3
4
5
5
5
4
3
4
3
2
3
1
2
4
3
2
3
3
3
2
2
1
2
3
4
4
4
4
4
4
2
2
0
-2
-1
-2
0
0
1
1
-1
0
-3
-2
-3
-4
-3
-4
-4
-2
-3
-3
-1
-3
-3
-3
-5
-5
-5
-5
-5
-4
-3
-2
-1
-2
-2
-2
-4
-5
-6
-7
-8
-6
-6
-6
-4
-5
-5
-5
-4
-5
-4
-5
-6
-4
-5
-3
-2
-1
-2
-2
-2
-3
-5
-7
-6
-4
-4
-2
-2
0
1
0
0
1
0
1
3
4
3
3
3
3
4
4
4
5
5
3
3
4
3
3
3
4
3
4
3
3
2
2
2
4
5
5
6
4
1
0
-2
-3
-5
-4
-5
-5
-5
-4
-3
-3
-4
-4
-4
-4
-4
-3
-3
-1
-1
1
2
2
1
0
-2
-4
-5
-5
-5
-5
-3
-1
2
2
3
3
3
1
0
-2
-2
-3
-3
-2
0
0
0
0
1
-1
0
-1
-3
-4
-4
-4
-6
-6
-4
-3
-3
-4
-4
-4
-3
-3
-3
-1
3
5
7
6
4
0
-2
-5
-6
-6
-5
-4
-1
1
5
8
10
10
9
7
4
2
0
-1
1
3
4
6
6
7
5
3
1
0
1
0
0
0
1
1
2
3
1
2
-1
-2
-4
-4
-2
0
-1
2
2
1
-2
-3
-6
-8
-8
-10
-11
-8
-6
-4
-1
2
2
3
3
-2
-2
-3
-4
-3
-2
-3
-1
0
-1
0
1
1
2
2
2
3
3
3
4
5
5
3
3
2
2
2
0
2
3
5
6
8
7
6
5
4
4
3
4
5
7
9
10
10
10
10
7
3
2
0
1
1
2
3
4
6
6
5
6
5
2
0
0
0
2
5
6
8
6
4
2
-1
-4
-8
-8
-8
-6
-2
0
3
3
3
3
-1
-3
-6
-6
-6
-8
-4
-2
0
2
3
1
-1
-3
-6
-7
-8
-7
-6
-4
-2
-3
-1
-3
-4
-4
-7
-8
-7
-5
-3
0
4
4
3
2
1
-2
-5
-3
-4
-3
-3
-3
-1
1
0
1
0
-1
-3
-2
-2
-1
2
3
4
4
5
2
0
-1
-2
-3
-2
-1
1
2
3
4
3
3
1
1
0
-2
-4
-4
-4
-5
-4
-3
-3
-1
0
0
0
-1
0
1
3
3
3
2
-2
-3
-6
-10
-11
-11
-10
-8
-5
-2
-1
1
0
-2
-7
-8
-10
-12
-11
-8
-7
-2
2
3
4
2
1
-2
-6
-7
-10
-11
-10
-6
-2
1
5
7
8
7
4
1
-1
-1
-2
1
2
3
7
7
7
5
4
2
-1
-1
0
2
3
5
8
7
6
7
6
4
3
0
-2
-3
-4
-4
-2
0
2
2
4
4
0
-1
-3
-8
-9
-10
-9
-5
-3
-2
0
0
1
1
1
0
-1
-2
-3
-1
-1
-1
0
0
-1
-3
0
0
1
5
7
8
8
8
7
6
6
5
4
5
6
6
7
9
8
9
8
6
3
1
0
0
-1
2
4
8
11
11
9
8
7
3
0
0
-2
-2
0
3
4
6
6
5
4
1
-1
-2
-4
-2
1
5
8
11
12
10
7
3
-2
-5
-8
-8
-9
-5
-2
1
5
4
3
1
-3
-5
-6
-6
-4
-4
-1
-1
0
2
0
1
-1
-2
-5
-7
-6
-6
-5
-3
-1
2
2
4
2
1
0
-1
0
1
2
3
2
2
1
-1
-2
-4
-4
-3
-3
-1
-2
-1
0
0
-1
-1
-2
-3
-3
-4
-4
-1
-1
1
3
4
2
1
0
-2
-2
-4
-3
-3
-2
1
1
2
4
4
4
4
3
4
4
3
3
6
6
7
6
5
2
-1
-2
-4
-3
-1
0
3
6
8
6
4
-1
-3
-4
-7
-6
-5
-7
-5
-3
-1
1
2
1
-1
-3
-7
-10
-8
-6
-4
-2
3
4
1
-1
-3
-6
-8
-7
-4
-2
-1
2
4
4
2
1
-1
-4
-6
-7
-9
-6
-3
-2
1
3
4
3
1
-2
-4
-6
-7
-6
-5
-1
0
2
2
2
1
-3
-5
-7
-8
-8
-6
-4
-1
1
2
3
3
0
-3
-5
-5
-4
-2
-1
3
4
5
5
3
2
1
-2
-2
-4
-3
-2
-1
-1
0
1
-2
-3
-3
-4
-4
-3
-3
-2
1
1
2
4
2
1
-2
-5
-7
-8
-8
-6
-4
-1
2
5
6
7
5
1
-1
-3
-2
-1
-1
3
5
6
8
8
7
7
5
3
3
1
1
2
4
7
8
6
7
6
4
2
0
0
0
2
4
8
10
10
8
7
4
2
0
0
1
2
6
9
10
11
10
9
8
5
3
1
0
1
1
4
5
5
4
4
3
2
1
-1
0
1
0
-1
0
-1
-2
-2
-3
-5
-6
-7
-6
-6
-5
-2
-2
-1
-1
-3
-4
-6
-7
-8
-7
-7
-4
-3
0
0
2
2
-1
-2
-3
-2
-4
-3
-2
-2
-1
0
0
0
0
1
1
0
-1
-1
-2
-3
-2
-2
0
1
1
3
2
1
-1
-1
-1
-2
-4
-3
-3
-3
-2
0
0
2
3
1
1
1
-2
-3
-4
-3
-3
-2
-2
-4
-3
-4
-3
-3
-1
-1
-1
-1
0
1
0
0
1
-1
0
0
-2
-2
-3
-3
-4
-2
-1
-1
-1
-1
0
-1
0
1
-1
0
0
-1
-2
-3
-4
-6
-6
-6
-6
-6
-4
-2
-3
-1
-2
-1
-1
-2
-2
-2
-2
-3
-2
-1
0
1
2
2
2
3
3
3
3
3
4
5
4
5
5
6
5
4
3
2
1
0
0
0
1
3
3
3
6
4
5
2
2
1
0
-1
0
0
-1
-1
-2
-1
-1
0
1
1
1
1
2
2
2
2
0
0
-2
-1
-1
0
0
0
1
0
0
-1
-2
-3
-3
-3
-1
0
2
2
1
0
-2
-3
-5
-5
-6
-7
-5
-4
-3
-4
-4
-2
-3
-2
-2
-2
-1
-1
0
1
1
1
0
0
0
0
1
2
1
2
1
1
1
2
1
1
3
4
3
4
4
5
5
6
5
3
4
3
1
2
1
0
0
0
0
-1
-2
-1
0
0
0
0
-1
-2
-2
-2
-1
-1
0
0
2
2
1
0
0
-1
-2
-2
-2
-1
-1
-1
-1
1
2
0
0
-1
-2
-1
-1
-1
0
0
0
0
-1
-1
-1
0
0
0
1
1
2
1
2
3
3
3
3
2
2
0
1
1
-1
-1
1
1
3
5
5
4
3
2
0
-1
-3
-2
-1
2
3
3
2
1
1
-1
-5
-5
-5
-7
-6
-6
-3
-2
1
3
4
4
4
3
2
2
3
3
4
5
5
2
2
-1
-3
-3
-4
-6
-6
-4
-3
-1
3
4
5
4
2
0
0
-2
-3
-2
-2
-2
-2
-3
-4
-3
-4
-4
-4
-4
-2
-2
-1
-1
-1
-3
-1
-2
-2
-2
-2
-3
-4
-4
-4
-5
-4
-4
-3
-1
-1
-1
-2
-2
-3
-1
-1
1
4
4
4
4
2
2
-2
-3
-3
-4
-3
-1
0
0
0
2
1
2
3
4
4
5
7
5
5
4
1
0
-1
-2
-2
-3
-4
-4
-3
-4
-4
-5
-3
-1
0
2
3
4
7
6
5
6
2
0
-2
-5
-7
-10
-9
-9
-8
-6
-6
-5
-2
-2
1
4
3
5
5
5
7
7
7
5
5
3
1
-2
-5
-7
-8
-7
-7
-8
-8
-7
-5
-3
0
3
7
10
12
13
13
10
8
4
2
-1
-4
-7
-8
-11
-12
-14
-14
-12
-10
-6
-2
2
7
10
12
14
13
13
11
10
6
4
1
-4
-6
-9
-11
-13
-13
-11
-10
-9
-7
-4
-1
2
8
11
14
17
15
16
13
9
7
5
2
-1
-4
-7
-9
-9
-11
-10
-9
-5
-3
-1
4
8
9
12
13
13
15
14
14
12
10
5
1
-1
-6
-8
-11
-12
-11
-8
-6
-4
-3
-1
0
3
6
8
11
10
10
9
6
5
3
0
-1
-2
-4
-4
-6
-7
-8
-7
-7
-5
-2
0
2
4
5
5
5
5
5
7
6
8
9
7
5
3
-1
-4
-6
-6
-5
-5
-3
-3
-3
-2
-2
0
1
1
3
3
5
6
5
6
6
4
1
1
-1
-3
-3
-5
-6
-7
-8
-6
-6
-3
-4
-4
-4
-4
-4
-4
-3
-2
-2
-1
0
0
0
-1
-1
-3
-5
-4
-6
-5
-4
-4
-4
-3
-3
-3
-1
-1
0
1
3
4
3
3
2
0
1
-1
0
-1
-2
-3
-3
-4
-4
-3
-3
-3
-2
-2
-1
-1
-1
-2
-2
-1
0
0
0
-1
-1
-2
-2
-2
-1
-2
0
1
2
4
3
3
3
2
2
3
2
3
4
5
4
4
3
4
3
3
3
4
3
3
3
3
4
4
5
5
6
6
5
3
0
-2
-3
-3
-4
-3
-3
-1
-2
-2
-3
-2
-4
-3
-3
-3
-1
-1
0
-1
-1
-2
-2
-3
-4
-2
-2
-2
-3
-3
-4
-5
-4
-3
-3
-2
-2
-1
0
0
1
1
1
1
2
2
2
2
4
4
4
2
1
-1
0
-2
-2
-1
-2
0
1
2
3
3
4
5
5
5
5
4
5
6
4
3
3
1
0
-1
-1
-4
-5
-5
-4
-1
1
2
3
3
1
2
1
2
2
2
1
1
1
-1
-1
-2
-2
-3
-4
-5
-4
-3
-3
-2
-1
-1
2
3
2
1
0
0
-1
-1
-3
-1
-2
-1
0
0
1
1
2
2
1
2
3
3
3
6
5
5
3
3
1
0
0
0
-2
-1
-1
-2
-2
-2
-1
0
0
1
2
1
0
0
1
0
-1
0
-2
-1
-1
-2
-2
-3
-3
-5
-4
-4
-4
-4
-3
-1
-2
-1
0
-1
-1
0
-1
-1
-2
-2
-1
-2
-3
-3
-4
-5
-5
-2
-1
1
0
0
0
1
2
3
3
2
0
0
-2
-3
-3
-2
-2
-2
-1
0
-1
-1
-2
-3
-4
-5
-4
-2
-1
-1
-2
-2
-3
-2
-2
-2
-2
-3
-2
-3
-3
-4
-4
-2
-1
-1
1
1
0
0
0
0
2
3
3
2
2
1
1
1
0
-2
-1
-1
0
0
1
1
1
2
3
2
3
3
4
5
4
2
1
0
-1
-1
-1
1
2
2
3
3
3
2
1
1
1
1
2
3
3
3
1
-1
-2
-1
1
1
3
4
5
5
5
6
5
2
3
3
2
1
0
1
2
3
2
3
1
2
3
3
3
2
2
0
-1
-2
-3
-3
-1
0
0
1
1
0
0
0
1
1
1
1
0
-2
-2
-2
-2
-2
-1
0
1
1
1
