1.000000e-030   1.000000e-030   1.000000e-030   1.000000e-030   1.000000e-030   1.000000e-030   1.000000e-030   1.000000e-030   1.000000e-030   1.000000e-030   1.000000e-001   1.000000e-030   1.000000e-030   1.000000e-030   1.000000e-030   5.000000e-001   1.000000e-030   1.000000e-030   1.000000e-030   1.000000e-030   3.000000e-001   1.000000e-030   1.000000e-030   1.000000e-030   1.000000e-030   1.000000e-030   1.000000e-030   1.000000e-030   4.410481e-231   1.000000e-030   1.000000e-001   1.000000e-030   

1.000000e-030   1.000000e-030   1.000000e-030   1.000000e-030   1.000000e-030   1.000000e-030   1.000000e-030   1.000000e-030   1.000000e-030   1.000000e-030   2.679367e-262   1.000000e+000   1.000000e-030   1.000000e-030   1.000000e-030   7.116534e-261   1.000000e-030   1.000000e-030   1.000000e-030   1.000000e-030   1.815013e-228   1.000000e-030   1.000000e-030   1.000000e-030   1.000000e-030   1.000000e-030   1.000000e-030   1.000000e-030   1.000000e-030   1.000000e-030   1.000000e-030   1.000000e-030   

1.000000e-030   1.000000e-030   1.000000e-030   1.000000e-030   1.000000e-030   2.321027e-242   1.000000e-030   1.000000e-030   1.000000e-030   2.102897e-259   1.000000e-030   1.318450e-294   9.769575e-242   1.000000e-030   1.000000e-030   4.909975e-291   1.000000e-030   1.000000e-030   1.000000e-030   1.000000e+000   1.815013e-228   1.000000e-030   1.000000e-030   1.118203e-240   1.000000e-030   1.000000e-030   1.000000e-030   1.000000e-030   1.000000e-030   1.000000e-030   1.000000e-030   1.000000e-030   

1.000000e-030   1.000000e-030   2.595414e-233   1.000000e-030   1.000000e-030   7.306050e-001   1.000000e-030   1.000000e-030   1.000000e-030   8.674378e-002   1.000000e-030   1.000000e-030   9.132562e-002   1.000000e-030   1.000000e-030   1.000000e-030   1.285827e-021   1.709467e-238   1.000000e-030   2.538660e-245   1.657572e-229   1.000000e-030   1.000000e-030   9.132562e-002   2.059937e-237   1.750058e-235   1.000000e-030   1.000000e-030   1.069407e-232   1.000000e-030   1.256238e-231   1.000000e-030   

1.000000e-030   1.000000e-030   8.298638e-002   1.000000e-030   1.000000e-030   1.000000e-030   1.000000e-030   1.000000e-030   1.000000e-030   4.163457e-003   1.000000e-030   1.000000e-030   1.000000e-030   1.000000e-030   1.000000e-030   1.000000e-030   8.298638e-002   8.298638e-002   1.000000e-030   1.000000e-030   8.298638e-002   1.000000e-030   1.000000e-030   5.134507e-242   8.298638e-002   2.489591e-001   1.000000e-030   1.000000e-030   2.489591e-001   1.000000e-030   8.298638e-002   1.000000e-030   

