2.363257e+062 -3.660198e+058 -9.885034e+058 -1.735174e+059 -2.563299e+059 -3.311769e+059 -3.843520e+059 -4.079777e+059 -3.957065e+059 -3.383001e+059 -2.399545e+059 1.259929e+056 
2.363263e+062 -3.708634e+058 -9.820136e+058 -1.742392e+059 -2.569316e+059 -3.303285e+059 -3.851842e+059 -4.102874e+059 -3.969495e+059 -3.397868e+059 -2.415902e+059 1.266896e+056 
2.363262e+062 -3.653268e+058 -9.842668e+058 -1.742921e+059 -2.561255e+059 -3.311721e+059 -3.876615e+059 -4.097453e+059 -3.983439e+059 -3.415831e+059 -2.422459e+059 1.269060e+056 
2.363263e+062 -3.761239e+058 -9.956467e+058 -1.764347e+059 -2.579940e+059 -3.320205e+059 -3.868878e+059 -4.105544e+059 -3.973755e+059 -3.410099e+059 -2.417593e+059 1.281364e+056 
2.363260e+062 -3.698729e+058 -9.919902e+058 -1.751935e+059 -2.592335e+059 -3.306771e+059 -3.874690e+059 -4.114766e+059 -3.953467e+059 -3.408644e+059 -2.398866e+059 1.274383e+056 
2.363251e+062 -3.661711e+058 -9.782092e+058 -1.737928e+059 -2.578040e+059 -3.278347e+059 -3.872099e+059 -4.079989e+059 -3.962089e+059 -3.402017e+059 -2.399981e+059 1.260563e+056 
2.363265e+062 -3.642867e+058 -9.831150e+058 -1.752888e+059 -2.564284e+059 -3.313585e+059 -3.874554e+059 -4.114188e+059 -3.983117e+059 -3.419095e+059 -2.421865e+059 1.271591e+056 
2.363258e+062 -3.557217e+058 -9.791303e+058 -1.721018e+059 -2.570360e+059 -3.319657e+059 -3.875449e+059 -4.120401e+059 -3.977281e+059 -3.430668e+059 -2.428464e+059 1.264544e+056 
2.363248e+062 -3.444655e+058 -9.596464e+058 -1.694694e+059 -2.490189e+059 -3.248680e+059 -3.791759e+059 -3.997103e+059 -3.889562e+059 -3.359677e+059 -2.361972e+059 1.204968e+056 
2.363261e+062 -3.495792e+058 -9.692755e+058 -1.725674e+059 -2.514773e+059 -3.284641e+059 -3.852281e+059 -4.063942e+059 -3.950353e+059 -3.405730e+059 -2.404604e+059 1.239581e+056 
2.363153e+062 -7.873834e+058 -2.131505e+059 -3.751204e+059 -5.421650e+059 -6.976672e+059 -8.059510e+059 -8.414461e+059 -8.060053e+059 -6.843793e+059 -4.756968e+059 5.510153e+056 
2.356833e+062 -2.044411e+060 -5.287507e+060 -9.211241e+060 -1.318924e+061 -1.655947e+061 -1.870886e+061 -1.919257e+061 -1.781057e+061 -1.460364e+061 -9.841709e+060 3.047065e+059 
2.350494e+062 -3.779312e+060 -9.781078e+060 -1.689284e+061 -2.392955e+061 -2.987229e+061 -3.332086e+061 -3.349419e+061 -3.045567e+061 -2.439615e+061 -1.599299e+061 9.704819e+059 
2.351700e+062 -3.610051e+060 -9.305974e+060 -1.611310e+061 -2.287570e+061 -2.841870e+061 -3.169746e+061 -3.202752e+061 -2.919920e+061 -2.344781e+061 -1.541982e+061 8.841902e+059 
2.357421e+062 -1.834814e+060 -4.735479e+060 -8.218352e+060 -1.171590e+061 -1.464254e+061 -1.647286e+061 -1.683443e+061 -1.556172e+061 -1.270366e+061 -8.517549e+060 2.369323e+059 
2.357485e+062 -1.781649e+060 -4.608962e+060 -8.013147e+060 -1.143489e+061 -1.429384e+061 -1.608093e+061 -1.642392e+061 -1.516505e+061 -1.235425e+061 -8.257054e+060 2.249259e+059 
2.358018e+062 -1.650488e+060 -4.269923e+060 -7.426972e+060 -1.060421e+061 -1.325666e+061 -1.492020e+061 -1.524418e+061 -1.407869e+061 -1.146934e+061 -7.664145e+060 1.933153e+059 
2.360061e+062 -9.870697e+059 -2.542675e+060 -4.450094e+060 -6.424243e+060 -8.088708e+060 -9.142993e+060 -9.384908e+060 -8.735196e+060 -7.184051e+060 -4.853637e+060 7.185344e+058 
2.342672e+062 -1.954218e+060 -3.049198e+060 -5.075674e+060 -9.545220e+060 -1.340240e+061 -1.710075e+061 -1.723595e+061 -1.567783e+061 -1.171512e+061 -7.647460e+060 1.883135e+059 
2.337259e+062 -3.986090e+060 -7.125251e+060 -1.082173e+061 -1.794546e+061 -2.718901e+061 -3.455632e+061 -3.585574e+061 -3.103855e+061 -2.294788e+061 -1.437893e+061 7.808346e+059 
2.339070e+062 -4.043611e+060 -8.112092e+060 -1.284203e+061 -2.066894e+061 -2.984372e+061 -3.653902e+061 -3.737235e+061 -3.226349e+061 -2.420350e+061 -1.556690e+061 9.226155e+059 
2.342649e+062 -3.912970e+060 -8.082854e+060 -1.297202e+061 -2.011411e+061 -2.860746e+061 -3.486280e+061 -3.556015e+061 -3.081798e+061 -2.320895e+061 -1.500850e+061 8.609989e+059 
2.345940e+062 -3.918571e+060 -8.914553e+060 -1.486377e+061 -2.236956e+061 -3.004425e+061 -3.506777e+061 -3.536786e+061 -3.111813e+061 -2.420012e+061 -1.593095e+061 9.494196e+059 
2.346734e+062 -4.231808e+060 -1.012046e+061 -1.717706e+061 -2.512598e+061 -3.260195e+061 -3.730185e+061 -3.750954e+061 -3.332160e+061 -2.609544e+061 -1.705311e+061 1.133640e+060 
2.350301e+062 -3.648283e+060 -9.129069e+060 -1.571968e+061 -2.271822e+061 -2.873202e+061 -3.228638e+061 -3.238943e+061 -2.913843e+061 -2.324190e+061 -1.533379e+061 8.836227e+059 
2.355855e+062 -2.141325e+060 -5.537906e+060 -9.545814e+060 -1.386939e+061 -1.752232e+061 -1.989211e+061 -2.051552e+061 -1.892333e+061 -1.552944e+061 -1.048456e+061 3.405691e+059 
2.357155e+062 -1.861267e+060 -4.854366e+060 -8.451148e+060 -1.219031e+061 -1.535105e+061 -1.742681e+061 -1.802516e+061 -1.681179e+061 -1.389700e+061 -9.436376e+060 2.641287e+059 
2.359322e+062 -1.195290e+060 -3.098186e+060 -5.415010e+060 -7.792445e+060 -9.837268e+060 -1.119540e+061 -1.158022e+061 -1.084383e+061 -8.974978e+060 -6.112712e+060 1.083568e+059 
2.359234e+062 -1.245080e+060 -3.227704e+060 -5.630548e+060 -8.072122e+060 -1.014567e+061 -1.148653e+061 -1.182231e+061 -1.101087e+061 -9.058030e+060 -6.123806e+060 1.143136e+059 
2.362927e+062 -1.630661e+059 -4.263643e+059 -7.504852e+059 -1.084165e+060 -1.374649e+060 -1.576743e+060 -1.643852e+060 -1.554547e+060 -1.302618e+060 -8.984123e+059 2.131789e+057 
2.363173e+062 -7.579310e+058 -2.016404e+059 -3.560297e+059 -5.198439e+059 -6.661575e+059 -7.747246e+059 -8.167784e+059 -7.838607e+059 -6.681772e+059 -4.672430e+059 5.104768e+056 
2.363253e+062 -3.822013e+058 -1.025850e+059 -1.824222e+059 -2.704428e+059 -3.471654e+059 -4.042085e+059 -4.311310e+059 -4.155090e+059 -3.570436e+059 -2.527471e+059 1.391079e+056 
2.363244e+062 -3.725107e+058 -1.015934e+059 -1.778835e+059 -2.640499e+059 -3.408821e+059 -3.969355e+059 -4.216341e+059 -4.078119e+059 -3.513798e+059 -2.478527e+059 1.337167e+056 
2.363240e+062 -3.777573e+058 -1.046076e+059 -1.824036e+059 -2.705200e+059 -3.506249e+059 -4.111696e+059 -4.348038e+059 -4.210546e+059 -3.632783e+059 -2.554320e+059 1.416293e+056 
2.363211e+062 -3.273609e+058 -9.734270e+058 -1.762955e+059 -2.489024e+059 -3.292785e+059 -3.963434e+059 -4.092203e+059 -4.005460e+059 -3.491789e+059 -2.444000e+059 1.256879e+056 
2.363179e+062 -2.792839e+058 -9.586886e+058 -1.656068e+059 -2.360903e+059 -3.274929e+059 -3.861398e+059 -4.039840e+059 -3.924943e+059 -3.396721e+059 -2.416339e+059 1.174176e+056 
2.362944e+062 2.646750e+057 -8.025364e+058 -1.414606e+059 -1.438875e+059 -2.720233e+059 -3.727335e+059 -3.371280e+059 -3.451313e+059 -3.329156e+059 -2.236686e+059 7.425654e+055 
2.359453e+062 3.455802e+059 1.373577e+059 6.341672e+059 6.310422e+059 3.512684e+059 4.324803e+059 5.125098e+059 1.093692e+059 2.620424e+059 2.761754e+058 1.971246e+056 
2.359700e+062 3.328004e+059 9.455095e+058 7.069695e+059 5.688118e+059 1.003522e+059 6.631455e+059 3.248166e+059 6.150028e+057 3.735257e+059 -4.357578e+058 6.677549e+055 
