-4
-3
0
-2
-2
0
-1
0
-1
-2
-3
-3
-1
0
0
-2
-4
-2
-2
-1
1
-1
-2
-3
-3
-1
-1
-1
-4
-5
-5
-4
-3
0
2
-2
-5
-4
-3
-2
-1
-2
-4
-5
-5
-2
-1
1
1
3
2
0
1
2
2
2
-1
-3
-4
-4
-4
-2
-3
-2
-1
-3
-3
-2
1
3
4
1
1
1
1
2
2
-2
-2
-5
-2
0
0
-1
1
4
4
4
4
2
1
1
1
-1
-2
1
1
3
2
0
1
-1
0
1
0
-1
-1
1
2
1
5
5
3
0
1
2
2
2
4
5
3
4
1
0
2
2
1
-1
-3
-2
-2
-1
0
1
1
1
3
4
4
7
5
5
6
2
2
1
1
1
-2
-4
-4
1
1
0
2
0
-1
-2
-1
0
-2
0
1
2
0
-1
1
0
-1
-1
-3
-3
-2
-1
1
0
0
0
-3
-4
-3
-2
-1
-1
1
3
2
1
1
0
-2
0
-1
-1
2
0
0
3
-1
0
2
-1
0
2
0
-2
-1
0
0
2
0
-1
0
-4
-4
-3
-2
-3
-5
-4
-5
-3
0
1
-1
-2
-1
-2
1
-1
2
2
-1
-2
-4
-3
-3
-2
-3
-5
-5
-4
-3
-4
-3
-2
-1
-2
-3
-5
-3
-1
1
0
-1
-1
-1
1
2
0
0
-2
-5
-3
-3
-2
-1
-4
-3
-1
-2
2
4
5
5
3
1
1
3
3
4
1
-1
-2
-1
1
2
4
1
-1
0
3
4
5
4
5
5
4
5
5
4
3
3
4
2
-3
-3
-2
1
1
2
2
4
1
2
3
1
-1
0
0
0
0
-2
0
1
-1
-2
-3
-4
1
5
4
3
4
3
3
3
2
1
1
0
-2
-2
0
0
-2
0
0
-3
-3
0
-1
-2
0
1
2
0
0
0
0
-2
-2
1
3
3
3
-1
-1
0
1
2
0
-2
-4
-4
-4
-2
-3
-4
-3
-4
-2
-3
-5
-4
-2
-2
0
-2
2
6
3
4
5
4
4
6
6
4
2
3
2
2
0
-2
-4
-3
-3
-3
-2
-2
-1
-3
0
1
1
1
-1
0
1
-1
-1
2
1
-2
0
0
-1
-2
-2
-2
-3
-3
0
1
-2
-2
-2
-5
-5
-5
-1
-1
-2
-3
-4
-4
-6
-4
-5
-4
-3
-1
-1
-2
1
-2
-2
-3
-4
-5
-4
-1
-1
1
1
1
3
3
2
3
2
4
4
4
4
2
5
2
-1
0
0
-2
-4
-2
-1
-1
-3
-1
2
1
2
2
1
-3
-4
-2
3
4
6
3
1
3
1
4
6
6
1
1
-1
0
2
1
1
-2
-3
0
0
1
4
0
-5
-4
0
-1
1
4
2
2
0
0
3
2
2
0
0
1
1
0
0
-3
-6
-6
-4
-2
-1
-2
1
-1
-2
-3
-3
-4
-4
-1
-2
-2
-2
-4
-2
-1
0
0
1
1
-1
-1
0
1
3
5
5
0
1
2
3
2
3
3
-2
-2
-1
1
3
2
1
2
0
6
5
4
3
3
1
-2
-1
-1
-2
-2
-3
-3
0
-1
0
3
1
0
1
1
1
1
-1
-4
-2
-4
-3
-3
-4
0
-2
1
0
-2
-3
-1
0
-1
1
1
0
-1
2
4
2
3
6
10
2
1
7
7
4
4
5
4
3
6
11
5
-2
-5
1
0
3
6
4
3
0
3
4
5
7
7
-1
-5
-5
-7
1
4
6
-1
-6
-8
-4
3
6
10
6
2
-4
-5
-4
-4
1
-3
-6
2
3
1
-1
3
4
2
3
0
0
1
-1
-7
-10
-9
-2
1
-5
-6
-12
-6
5
8
7
5
1
1
-2
-4
3
6
9
6
-3
-6
-3
4
14
7
0
-3
-6
-1
4
3
-4
-5
-6
-5
-8
3
5
-10
-9
-12
-4
-2
3
15
5
-10
-7
-9
-10
-5
2
5
0
11
6
7
-18
3
-5
4
-22
-3
52
5
-7
0
-34
-35
38
24
-5
-6
-15
-11
-48
-27
6
4
40
20
-16
-4
-13
0
10
-14
-14
-8
-4
-4
2
3
-12
-12
0
-11
-9
11
-17
-34
-13
-7
-11
11
31
21
13
24
8
-6
-1
6
14
14
1
-7
-15
-11
-2
-1
5
-8
-17
-13
-17
-5
7
2
0
-4
-13
-10
1
13
6
-2
7
7
7
14
6
-3
-2
-11
-8
1
2
4
0
-12
-19
-19
-4
10
10
12
2
-8
-9
3
13
13
12
6
-2
2
9
11
10
9
7
5
4
7
3
4
12
5
6
16
15
6
7
0
-1
10
6
7
14
7
10
14
5
6
8
11
11
9
7
4
-2
-4
1
2
5
13
11
3
2
13
16
11
10
4
2
8
12
6
-3
-2
2
4
3
7
5
-4
-3
-1
1
-4
-6
1
0
-5
3
3
-6
-3
-2
-13
-15
-5
-4
-5
-2
-7
-14
-14
-15
-15
-8
-5
-8
-3
-6
-8
-4
-2
-2
-7
-8
-10
-4
3
-2
-14
-9
-15
-16
3
-5
-14
-7
-9
-17
-18
-14
-14
-4
0
-5
-14
-13
-4
0
0
-7
-13
-11
-10
-8
-5
-3
-6
-10
-2
-6
-14
-8
-9
-4
0
-7
-7
-15
-12
-4
-10
-11
-10
1
1
-1
-3
-10
-7
-4
4
4
-2
0
3
2
8
10
0
-6
1
7
11
9
4
3
-7
5
10
7
9
4
9
7
3
7
0
-6
0
5
2
2
7
10
8
5
5
6
5
8
6
10
9
11
19
9
5
11
8
12
18
7
2
5
2
3
8
5
5
7
2
3
-1
-5
2
7
5
2
3
3
5
9
8
7
6
10
15
6
-1
3
-1
2
5
5
-1
-8
-6
2
0
-6
-2
0
-2
-3
1
-5
-5
-1
2
0
-4
1
-4
4
6
-3
-2
-3
-5
-5
-4
-5
-1
-1
-9
-3
-2
-1
2
1
2
1
-4
-4
-6
-5
-1
0
-1
-3
4
-2
0
5
6
6
5
8
2
1
3
-1
0
-2
-7
-12
-10
1
4
-6
-6
-11
-13
1
4
7
8
-2
-3
0
0
-2
-2
0
-4
-10
-6
-3
-3
3
0
-2
-4
-6
-3
-1
0
0
-2
-4
-5
-5
-3
-4
-6
-3
2
0
-5
-4
0
3
0
-2
-6
-5
-4
4
2
-5
-7
-3
1
3
-2
-9
-6
-3
-2
1
0
2
3
-8
-5
-5
-10
-9
-2
0
2
5
5
4
4
4
3
0
-3
0
4
0
-2
-3
-1
-1
1
0
-4
-5
-3
-1
2
3
2
2
4
6
10
10
4
3
1
-3
-4
4
7
4
6
3
3
5
4
3
1
-6
-7
-2
0
6
10
0
-4
-3
1
4
4
1
-5
-6
-3
3
4
0
-6
-11
-8
-3
3
7
5
1
-1
2
3
4
5
1
-3
0
3
2
2
1
-2
-7
-5
-7
-5
1
-1
0
0
-2
0
2
5
7
4
2
0
5
6
8
8
10
1
0
7
3
4
2
1
-3
-5
-1
0
3
2
-2
1
-3
-3
-1
0
-2
-3
-5
-6
-2
-5
-6
-4
0
3
4
0
-3
-2
1
2
-2
-4
-5
-7
1
2
1
0
-1
-2
3
6
4
2
-1
-1
4
1
-2
4
2
-4
-6
-4
-3
0
4
9
4
3
2
1
5
3
6
4
1
-2
0
0
4
5
5
3
-1
2
6
5
8
8
4
2
1
5
13
8
2
-6
-6
3
8
10
6
1
0
3
6
5
6
3
-3
1
2
1
3
4
3
1
0
0
2
6
4
2
-2
-5
-2
1
2
2
-3
-5
-7
-6
0
-4
-7
-6
-3
-3
0
3
0
1
0
1
-3
-2
-2
-1
0
0
-1
-3
0
0
0
-3
-4
-5
0
-4
-7
-6
-8
-2
-1
-2
-7
-5
-1
-2
4
7
6
2
0
0
-1
1
-2
-2
-5
-7
-6
-4
-4
-2
-1
-2
-3
-4
-1
-2
-2
-2
3
6
2
1
2
1
1
2
-2
-1
-1
1
0
1
-3
-5
-3
-4
1
2
-3
-9
-6
-1
0
1
1
0
-1
0
1
7
9
8
0
-1
0
0
1
2
0
-2
0
-6
-7
-2
-1
1
-2
-4
-2
0
2
3
-2
-7
-7
-5
-1
4
3
-3
-5
1
3
2
0
5
0
-4
-1
-1
2
2
4
4
2
4
4
2
0
-2
1
1
0
0
-3
-6
-4
3
5
2
-1
-2
-1
1
3
2
0
-3
-4
-1
2
3
3
0
-3
0
5
2
-1
1
1
4
3
4
2
2
-1
-4
0
1
4
5
4
3
0
-2
-1
-1
0
1
2
-1
-1
-3
2
5
1
-1
-1
2
2
3
5
5
5
4
6
5
2
1
2
-1
-1
-1
-1
1
0
1
0
-2
-2
-2
-3
0
0
1
-2
-2
0
-1
1
3
5
1
-1
-1
-1
-2
-1
-1
-1
0
-2
1
1
-1
0
0
-2
-1
1
-1
-3
-5
-2
0
-1
-1
-2
-3
-2
-2
-2
-3
-3
-2
1
1
-1
0
-1
-2
-2
0
2
1
0
0
-1
0
4
3
0
-5
-2
-4
-5
-5
-5
-4
-3
-4
-2
-1
-2
2
1
1
-1
-2
-2
-1
3
4
1
-2
0
0
3
0
-1
-2
-5
-3
2
5
5
2
-2
-4
-2
-2
-1
-1
1
2
2
3
2
3
4
3
1
0
3
2
2
4
2
-3
-3
-5
-4
-2
-1
0
-1
-1
0
0
1
0
-2
0
-1
-2
-1
-1
-1
3
5
4
3
2
3
3
3
3
2
-2
1
2
3
1
0
1
2
3
6
6
5
4
3
5
3
5
1
-1
-2
0
2
5
6
6
3
4
4
6
6
3
0
0
-1
0
1
-1
-3
-4
-5
-5
-5
-6
-2
1
1
1
-2
-3
-4
-4
-3
-4
-6
-8
-6
-2
-1
-1
-1
-3
-2
-2
-1
-3
-4
-3
-4
-2
-4
-4
-6
-7
-5
-5
-5
-4
-4
-4
-3
-2
0
-2
-3
-2
-2
-1
-2
-1
1
0
2
0
-1
1
0
0
1
0
-3
-3
-4
-3
-2
-2
-4
-2
-3
-1
5
4
4
2
-1
0
3
3
1
-3
-6
-3
-2
-1
-3
-3
-4
-4
-3
-3
-1
0
-3
0
0
-1
1
2
5
3
-1
-4
-3
-2
-1
0
-3
-7
-9
-5
2
1
0
-4
-3
-1
0
3
1
2
2
1
4
4
3
2
1
6
7
4
2
0
0
3
3
3
2
1
4
6
9
8
6
4
5
7
8
7
7
7
6
4
2
3
4
0
1
3
1
1
2
3
4
3
4
3
2
2
4
4
2
-2
-3
-1
1
3
3
2
1
0
0
2
4
4
1
0
1
0
2
5
5
0
-2
-2
-1
2
0
-2
-4
-6
-7
-6
-3
-4
-2
-3
-3
1
6
7
5
4
3
5
7
6
6
3
1
-2
-2
0
-4
-6
-3
-4
-3
-3
-4
-5
-7
-6
-3
-1
1
0
0
1
1
2
1
2
2
2
1
2
4
2
1
1
0
-2
-2
-1
-2
-2
-3
-4
-2
0
-1
-4
-4
-4
-4
-2
0
2
1
-1
1
2
3
5
4
1
0
-1
0
3
3
1
-1
-3
-3
-3
-2
-1
-3
-2
0
0
1
-1
-2
-4
-3
-3
-3
1
1
4
5
3
2
3
1
3
5
2
-2
0
0
-1
0
-3
-6
-4
-6
-6
-5
-5
-2
-1
-3
-6
-6
-4
-1
-2
-2
-1
-1
-1
2
0
-3
0
0
3
0
-2
-3
-1
-1
-1
-4
-5
-3
-2
0
-1
-1
-3
-2
0
2
4
2
-2
0
-1
-2
2
2
1
1
0
-2
-2
0
-3
-6
-4
-2
-3
-3
-4
-5
0
0
1
-1
-4
-4
-1
-2
-1
-1
-1
1
1
1
-1
-4
-4
-3
-1
1
0
1
1
-2
-1
0
-1
1
1
3
2
1
0
1
1
2
1
-1
-2
0
2
5
2
0
-1
-3
-2
-1
1
5
4
1
0
-1
0
2
2
0
0
-2
-1
-2
0
-1
-3
-1
0
2
4
3
4
4
6
5
3
4
3
5
4
3
0
0
1
4
5
4
4
0
0
0
2
3
1
2
1
1
1
3
4
3
1
1
0
-2
-1
1
0
2
4
2
0
1
4
5
2
1
1
2
3
3
5
3
1
1
1
1
2
-3
-4
-3
-1
0
0
1
-2
-5
-4
-3
-2
-2
0
-2
-3
-3
-2
-2
0
0
0
-2
-4
-3
-1
1
3
2
0
-2
-2
-2
-3
-4
-4
-3
-3
-3
-4
-8
-6
-3
-4
-5
-5
-5
-5
-1
0
-1
-3
-6
-5
-2
-3
-1
3
0
-3
-4
-2
-2
0
2
0
-3
-1
-1
-1
0
0
1
1
1
-3
-3
-1
-2
1
3
1
-2
-1
0
1
-1
-2
-3
-1
0
1
2
0
1
4
6
7
4
2
3
3
5
4
0
-1
-1
1
3
0
-2
-2
0
1
-2
-3
-3
0
3
0
-1
-1
-2
1
3
5
5
4
2
2
1
1
4
1
0
-2
0
1
1
2
0
0
0
1
4
5
4
5
4
4
4
2
3
5
5
3
3
1
1
-1
-1
0
1
1
2
2
3
1
3
7
7
6
4
4
2
2
2
1
-2
-2
-1
-2
0
-1
-2
-4
-5
-6
-7
-6
-6
-4
-4
-3
0
-1
-1
1
-1
-1
0
-2
-1
1
2
0
-1
-3
-4
-1
-1
-1
0
-3
-3
-1
0
-1
0
-1
-2
-1
0
-1
3
5
5
2
-1
-1
1
1
-1
0
0
-1
-1
-1
-1
0
-2
-1
-2
-5
-2
-1
-2
0
2
0
0
2
4
4
4
3
3
3
2
3
3
1
-1
-2
-1
1
0
2
3
0
-1
0
3
5
4
2
0
1
2
3
1
-2
-4
-4
-2
3
4
2
2
-1
0
0
0
0
-3
-3
-2
0
2
3
0
-2
-3
-2
0
0
-1
0
1
3
6
5
1
-2
-1
-1
-2
-3
-5
-2
-1
-1
-2
-2
-2
0
0
-2
-2
-1
0
1
-1
-3
-6
-6
-4
-3
-4
-5
-5
-2
0
-1
-2
-3
-1
0
1
2
2
2
0
-1
1
0
0
0
-1
-1
-2
-1
2
3
3
3
1
-2
-1
0
-2
-2
-3
-3
-1
0
3
4
2
4
4
0
0
2
3
2
2
1
4
3
2
-2
-2
1
2
0
-3
-4
-2
1
2
0
-3
-3
-2
1
3
1
1
1
2
3
4
3
2
1
1
2
2
1
0
-3
1
3
1
2
2
-1
-1
0
0
-1
-1
-1
1
1
0
1
2
1
3
5
2
3
3
2
1
3
4
7
4
2
4
4
3
1
-1
0
2
3
3
0
0
1
3
2
1
-1
0
1
0
0
-3
-2
-1
-2
-1
-2
-3
-4
-5
-3
-2
-4
-5
-5
-6
-5
-3
-5
-5
-2
-3
-5
-4
-4
-2
1
-2
-2
-1
-4
-2
-2
-4
-4
-1
-1
-3
-2
-3
-3
-4
-1
-3
-2
-3
-3
-2
-1
-2
-1
-2
0
1
0
-4
-2
0
-1
-2
-1
-4
-6
-4
-1
1
-2
-5
-3
1
1
0
-3
-5
-2
1
3
5
2
1
2
0
1
2
2
1
0
1
1
2
4
4
3
0
1
2
1
3
4
4
5
5
8
6
5
3
2
1
2
2
2
2
4
2
-2
-1
0
1
4
4
3
0
-1
3
6
6
4
3
3
1
2
5
5
3
3
3
3
3
3
2
3
1
0
-1
-1
-3
-4
-2
-1
1
5
4
1
0
-1
1
2
2
3
0
0
-1
1
-1
-2
-3
-3
-1
0
1
-1
-2
-2
0
2
3
0
-3
-4
-4
0
3
4
5
1
-2
1
1
0
-2
-3
-3
-2
-2
-1
-1
-1
-2
0
-3
-4
0
1
1
3
4
2
1
2
3
2
0
0
-2
-2
0
2
2
0
0
-1
-1
-1
-1
-1
-2
-4
-3
-3
-2
-2
0
0
-2
-6
-5
-4
-1
0
0
-2
-6
-5
-3
-3
-3
-3
-6
-5
-4
-1
-3
-2
3
1
-2
-4
-3
-1
0
0
0
-4
-4
-2
0
2
0
-1
-1
-1
0
2
3
4
3
2
0
1
3
3
2
0
-1
1
0
0
2
1
-1
-3
0
0
1
-1
-7
-10
-8
-6
-4
-5
-5
-5
-5
-4
-1
0
0
0
-3
-3
-4
-1
-3
-5
-2
1
3
3
1
3
5
9
12
12
9
4
4
6
8
4
-4
-3
-1
5
6
1
-6
-6
0
4
2
-1
-2
2
7
12
7
2
-1
1
5
5
2
0
-1
3
3
-4
-9
-12
-10
-9
-11
-18
-22
-18
-15
-13
-6
-3
1
9
16
20
24
27
26
24
23
23
20
12
4
-2
-2
0
-3
-6
-11
-11
-5
5
8
2
-6
-9
0
4
4
0
-8
-11
-5
-2
0
-2
-7
-2
2
7
3
-7
-9
-6
-2
-5
-12
-23
-27
-19
-13
-12
-15
-21
-21
-13
3
16
13
11
13
12
19
30
29
21
17
19
23
22
18
12
6
7
10
7
-5
-11
-6
3
9
5
3
0
5
11
15
14
10
10
7
4
2
-1
-4
-12
-24
-31
-32
-31
-26
-26
-36
-44
-43
-31
-15
-18
-26
-27
-22
-8
3
7
-2
-4
6
9
9
3
-3
1
1
-4
-11
-13
-4
-1
-1
-2
-5
3
15
28
30
23
19
29
42
46
38
26
16
22
33
28
19
5
4
10
10
10
0
-9
-9
0
3
-6
-12
-20
-17
-10
-9
-7
-9
-6
-2
3
8
15
17
14
6
2
5
4
1
-15
-37
-49
-48
-45
-45
-52
-57
-49
-36
-24
-16
-11
5
23
32
31
24
25
37
49
41
23
-1
-7
11
26
22
10
-3
10
36
48
42
23
21
30
42
42
22
4
0
6
20
15
-2
-21
-23
-3
9
12
-3
-14
-20
-17
-6
-2
-9
-24
-35
-50
-54
-48
-37
-30
-38
-43
-34
-17
11
26
21
13
5
19
27
15
7
-14
-33
-47
-53
-28
2
23
35
11
18
83
183
278
258
206
171
209
353
400
330
135
-23
20
96
97
-101
-309
-359
-233
-53
-6
-61
-120
-21
167
321
325
236
155
143
173
127
15
-155
-246
-271
-290
-343
-449
-486
-453
-410
-397
-439
-466
-412
-357
-309
-326
-340
-274
-202
-123
-102
-68
38
106
110
80
65
121
153
110
70
50
100
163
150
122
98
118
170
132
71
107
146
134
86
55
134
142
116
168
139
118
20
-6
129
91
42
-9
-12
109
108
142
151
92
128
71
1
-24
-69
-18
-62
-158
-102
-40
54
75
49
102
13
-95
-127
-161
-182
-256
-331
-272
-236
-205
-124
-100
-56
-99
-182
-221
-320
-339
-369
-433
-422
-409
-326
-277
-218
-97
-40
-33
-37
-63
-51
-84
-101
-43
-6
58
100
204
315
385
430
432
399
391
347
297
276
253
281
278
286
326
365
396
382
343
331
256
183
135
107
125
110
95
115
134
181
194
171
180
119
105
79
70
118
98
109
118
127
145
122
98
94
56
47
17
-12
-17
-39
-32
-64
-118
-194
-277
-358
-433
-521
-615
-699
-765
-786
-782
-738
-737
-715
-731
-744
-750
-747
-734
-755
-792
-813
-773
-735
-613
-527
-399
-338
-282
-201
-100
7
77
170
259
376
454
595
713
877
981
1055
1099
1127
1174
1176
1166
1117
1064
994
948
896
904
852
770
673
628
603
536
469
376
309
246
204
163
152
111
98
77
49
10
-39
-59
-92
-124
-158
-181
-200
-175
-134
-73
-44
-21
10
13
-1
-52
-102
-204
-343
-479
-577
-663
-755
-840
-878
-896
-909
-905
-914
-927
-1018
-1078
-1150
-1201
-1292
-1341
-1393
-1429
-1421
-1346
-1234
-1138
-973
-781
-511
-359
-124
55
296
456
631
782
911
1023
1095
1233
1297
1433
1482
1597
1610
1665
1677
1673
1600
1525
1416
1256
1080
901
769
574
423
223
144
6
-97
-219
-311
-400
-520
-605
-706
-788
-863
-894
-928
-900
-859
-750
-650
-540
-402
-230
-69
73
217
305
408
447
539
624
685
689
689
706
705
718
707
698
625
531
434
342
241
95
-75
-241
-426
-589
-739
-864
-984
-1081
-1183
-1261
-1323
-1396
-1458
-1551
-1592
-1672
-1732
-1796
-1794
-1765
-1692
-1548
-1353
-1072
-838
-538
-256
62
326
562
764
891
987
1027
1134
1202
1298
1363
1451
1515
1599
1696
1734
1717
1671
1609
1476
1292
1079
931
739
576
400
277
166
61
-17
-81
-133
-215
-301
-402
-469
-545
-617
-663
-698
-677
-613
-521
-381
-279
-109
48
215
328
416
508
548
543
523
539
504
477
435
462
461
448
433
444
424
358
260
125
-45
-259
-405
-629
-787
-969
-1094
-1182
-1305
-1334
-1388
-1412
-1486
-1534
-1578
-1674
-1741
-1783
-1761
-1730
-1650
-1442
-1256
-951
-658
-296
43
305
615
799
999
1082
1191
1234
1263
1279
1319
1348
1402
1469
1552
1591
1615
1626
1573
1513
1358
1246
993
807
555
375
196
-3
-132
-270
-351
-435
-443
-492
-527
-586
-599
-640
-673
-710
-675
-666
-620
-531
-407
-223
-130
116
269
462
581
702
849
852
858
835
841
781
758
727
716
674
663
668
630
555
464
355
191
-61
-293
-514
-816
-1035
-1278
-1459
-1656
-1837
-1913
-1992
-2037
-2073
-2116
-2127
-2160
-2146
-2060
-2020
-1826
-1686
-1439
-1176
-893
-488
-193
226
465
798
965
1156
1273
1366
1450
1481
1529
1494
1535
1563
1666
1673
1720
1702
1696
1588
1537
1383
1225
1015
796
604
340
178
-40
-94
-253
-323
-393
-464
-501
-551
-553
-593
-636
-664
-692
-701
-659
-608
-476
-364
-194
-25
158
372
557
708
814
903
934
961
934
924
882
793
753
716
669
607
532
500
398
246
73
-126
-331
-590
-824
-1077
-1337
-1590
-1752
-1892
-2020
-2105
-2172
-2190
-2212
-2186
-2168
-2118
-2058
-1882
-1716
-1571
-1315
-1090
-734
-489
-97
227
520
780
979
1241
1390
1559
1638
1714
1691
1758
1762
1804
1784
1801
1766
1713
1688
1619
1516
1328
1215
1017
852
595
441
244
77
-74
-219
-335
-480
-534
-580
-621
-698
-708
-745
-746
-756
-694
-667
-616
-519
-382
-244
-132
83
249
430
535
684
797
826
859
876
890
821
775
742
704
624
550
491
386
226
94
-67
-270
-506
-715
-958
-1210
-1455
-1641
-1809
-1990
-2095
-2223
-2265
-2344
-2291
-2279
-2220
-2123
-1964
-1752
-1626
-1319
-1057
-708
-466
-150
155
431
669
886
1123
1245
1413
1502
1643
1690
1777
1800
1843
1835
1852
1813
1702
1634
1538
1446
1246
1108
907
756
522
384
222
38
-133
-284
-366
-499
-584
-689
-744
-824
-860
-906
-885
-888
-837
-770
-702
-570
-435
-268
-87
130
298
468
615
758
837
899
931
946
933
909
865
838
814
768
724
610
542
393
275
71
-102
-308
-558
-788
-1015
-1189
-1407
-1563
-1725
-1808
-1914
-1984
-2065
-2072
-2082
-2052
-1999
-1915
-1709
-1566
-1302
-1066
-711
-404
-98
234
524
838
1015
1245
1387
1544
1636
1713
1797
1826
1848
1865
1876
1870
1838
1785
1712
1581
1476
1292
1127
908
715
493
272
77
-145
-302
-486
-597
-722
-823
-900
-946
-961
-978
-987
-962
-935
-888
-808
-710
-548
-432
-260
-110
98
284
452
613
741
890
937
1008
1015
1048
1028
982
940
885
842
780
728
678
601
457
306
133
-24
-272
-505
-755
-1003
-1234
-1463
-1617
-1796
-1918
-2044
-2106
-2144
-2178
-2144
-2150
-2071
-1994
-1819
-1678
-1477
-1192
-926
-594
-326
59
333
627
828
1071
1244
1358
1478
1535
1616
1603
1639
1627
1643
1617
1604
1528
1463
1363
1247
1083
918
769
545
341
113
-31
-228
-380
-523
-630
-740
-838
-883
-921
-944
-971
-955
-932
-886
-822
-729
-626
-483
-336
-136
11
267
469
682
834
978
1148
1191
1284
1275
1329
1251
1224
1176
1132
1058
957
884
768
665
525
398
231
43
-191
-400
-653
-856
-1093
-1278
-1502
-1639
-1775
-1919
-1999
-2085
-2110
-2174
-2159
-2139
-2065
-1949
-1768
-1555
-1257
-1005
-656
-375
2
285
555
815
982
1187
1228
1366
1391
1491
1493
1488
1513
1514
1523
1494
1464
1410
1313
1198
1074
897
761
509
323
80
-74
-253
-423
-544
-675
-720
-801
-822
-846
-836
-844
-820
-796
-711
-655
-540
-435
-288
-123
33
241
421
648
784
960
1061
1193
1234
1264
1267
1224
1175
1086
1052
963
903
833
765
681
583
462
314
115
-90
-342
-602
-884
-1146
-1396
-1625
-1821
-1950
-2074
-2124
-2191
-2138
-2137
-2061
-1992
-1929
-1784
-1756
-1472
-1425
-1097
-970
-627
-364
-71
327
546
915
1042
1361
1439
1631
1647
1739
1693
1680
1614
1572
1523
1431
1407
1248
1237
1052
1027
788
699
473
297
85
-139
-288
-525
-635
-820
-868
-994
-1004
-1053
-1018
-1019
-937
-889
-800
-689
-592
-438
-347
-134
-20
200
338
585
743
923
1077
1213
1327
1343
1420
1398
1397
1293
1240
1144
1066
950
860
723
586
448
297
138
-58
-233
-463
-663
-895
-1102
-1323
-1517
-1689
-1860
-1984
-2101
-2135
-2196
-2180
-2186
-2130
-2056
-1967
-1735
-1596
-1295
-1087
-727
-447
-122
227
471
792
956
1245
1362
1532
1593
1668
1697
1700
1687
1665
1600
1552
1503
1412
1367
1209
1147
918
823
612
436
236
12
-137
-373
-511
-684
-758
-889
-946
-998
-1005
-1010
-960
-910
-831
-751
-665
-536
-437
-267
-136
59
194
417
571
739
868
991
1091
1150
1223
1214
1226
1140
1101
1023
958
849
759
635
512
375
234
85
-93
-259
-486
-670
-901
-1080
-1286
-1446
-1599
-1748
-1849
-1986
-1997
-2057
-2014
-2029
-1945
-1861
-1727
-1526
-1354
-1040
-866
-509
-307
95
348
632
882
1061
1301
1369
1547
1549
1659
1607
1624
1576
1560
1495
1458
1384
1295
1211
1065
966
770
689
432
288
17
-129
-329
-533
-654
-823
-886
-1030
-1038
-1080
-1059
-1052
-997
-953
-867
-796
-684
-555
-425
-251
-127
62
193
411
561
742
875
1020
1109
1156
1212
1232
1224
1175
1143
1068
990
883
808
686
599
440
313
141
-20
-190
-402
-577
-799
-994
-1197
-1384
-1520
-1669
-1781
-1872
-1939
-1966
-1990
-1931
-1883
-1777
-1668
-1469
-1304
-1051
-838
-554
-284
6
318
534
837
982
1243
1327
1485
1548
1586
1601
1557
1567
1502
1473
1376
1333
1222
1135
1013
942
800
676
510
357
189
18
-109
-317
-430
-616
-708
-846
-885
-930
-971
-962
-955
-882
-834
-716
-628
-489
-381
-213
-71
93
233
371
530
643
767
848
947
991
1059
1072
1081
1051
1024
981
912
827
731
624
500
384
240
101
-72
-235
-425
-600
-766
-953
-1110
-1289
-1440
-1581
-1727
-1808
-1894
-1930
-1937
-1942
-1847
-1787
-1611
-1435
-1229
-932
-731
-390
-190
145
386
612
854
982
1189
1223
1367
1408
1476
1483
1473
1472
1453
1435
1391
1324
1252
1173
1050
941
758
640
424
269
57
-99
-269
-459
-569
-732
-796
-926
-954
-1015
-1029
-1023
-1017
-943
-891
-787
-698
-560
-426
-261
-110
56
211
377
517
640
783
875
955
984
1020
1034
1021
979
952
895
836
754
673
570
460
339
193
64
-108
-290
-477
-649
-811
-990
-1155
-1327
-1487
-1604
-1728
-1778
-1849
-1876
-1877
-1849
-1744
-1664
-1488
-1348
-1145
-905
-690
-369
-154
197
403
665
877
1042
1262
1322
1479
1496
1568
1564
1558
1573
1544
1507
1453
1380
1315
1207
1108
995
850
741
507
373
144
8
-190
-373
-498
-677
-768
-911
-939
-1009
-1012
-1020
-975
-942
-858
-765
-655
-510
-390
-231
-120
47
171
351
436
565
650
759
825
863
935
921
946
889
904
848
799
699
609
513
382
253
101
-51
-217
-397
-574
-731
-896
-1048
-1224
-1320
-1453
-1549
-1639
-1685
-1727
-1746
-1742
-1692
-1595
-1505
-1327
-1208
-932
-756
-465
-243
12
305
495
787
902
1158
1224
1380
1447
1520
1578
1541
1558
1522
1525
1450
1403
1324
1267
1118
1038
890
794
611
424
264
87
-41
-254
-376
-570
-666
-820
-911
-976
-1040
-1060
-1101
-1060
-1001
-910
-805
-681
-546
-360
-236
-41
100
293
417
530
667
720
827
825
902
892
909
884
865
855
809
748
665
597
490
388
229
116
-69
-248
-455
-624
-796
-975
-1144
-1297
-1419
-1542
-1629
-1718
-1720
-1757
-1738
-1726
-1636
-1552
-1417
-1287
-1089
-851
-652
-381
-187
160
357
643
822
1057
1243
1347
1509
1550
1680
1631
1661
1615
1590
1533
1460
1389
1302
1190
1055
921
777
660
458
328
133
11
-201
-363
-511
-664
-777
-934
-978
-1076
-1091
-1139
-1110
-1062
-1001
-899
-786
-613
-449
-276
-106
72
233
396
499
627
718
794
821
857
889
880
845
809
800
747
691
618
571
473
355
223
94
-67
-242
-430
-603
-774
-956
-1135
-1295
-1423
-1561
-1645
-1743
-1744
-1769
-1771
-1718
-1664
-1507
-1411
-1237
-1042
-829
-576
-377
-75
152
418
631
840
1087
1218
1397
1493
1630
1698
1715
1755
1735
1731
1657
1584
1524
1402
1302
1149
998
859
661
491
298
154
-23
-215
-379
-531
-681
-835
-949
-1038
-1108
-1172
-1196
-1196
-1167
-1120
-1045
-930
-781
-641
-482
-311
-130
50
193
363
486
621
703
763
818
842
877
850
847
812
766
704
654
601
514
413
274
146
-7
-164
-340
-521
-718
-931
-1123
-1294
-1450
-1587
-1708
-1792
-1826
-1864
-1808
-1773
-1633
-1514
-1374
-1122
-956
-650
-472
-145
105
328
581
740
1011
1126
1313
1415
1524
1610
1643
1692
1701
1714
1691
1645
1602
1533
1438
1328
1181
1070
875
705
498
323
115
-101
-256
-458
-584
-770
-876
-973
-1069
-1124
-1175
-1180
-1157
-1112
-1052
-952
-841
-718
-603
-425
-258
-73
75
228
388
505
616
704
810
843
868
862
861
841
792
745
704
627
507
391
260
134
-25
-190
-377
-544
-740
-935
-1103
-1272
-1414
-1554
-1667
-1735
-1757
-1799
-1747
-1710
-1573
-1480
-1318
-1119
-918
-662
-469
-147
52
352
530
781
999
1177
1366
1466
1640
1689
1783
1806
1865
1881
1854
1823
1781
1718
1633
1514
1392
1251
1056
879
649
483
237
30
-209
-404
-594
-799
-916
-1056
-1104
-1207
-1224
-1250
-1220
-1187
-1129
-1038
-942
-827
-724
-571
-458
-292
-191
-23
97
241
354
466
590
651
740
770
831
840
832
800
781
706
612
493
365
224
46
-118
-313
-478
-685
-873
-1055
-1205
-1361
-1488
-1599
-1655
-1700
-1728
-1693
-1656
-1526
-1455
-1287
-1136
-928
-743
-533
-287
-78
171
362
606
774
990
1131
1285
1401
1488
1587
1621
1673
1676
1680
1653
1624
1558
1489
1396
1297
1152
1006
836
665
479
244
57
-166
-352
-553
-709
-847
-972
-1084
-1145
-1164
-1165
-1145
-1101
-1020
-944
-841
-753
-618
-506
-381
-286
-157
-31
70
186
280
393
472
559
602
674
690
699
692
662
626
531
447
325
199
46
-115
-278
-442
-621
-780
-931
-1061
-1178
-1304
-1373
-1447
-1471
-1490
-1470
-1410
-1357
-1251
-1150
-991
-831
-667
-461
-263
-36
158
378
576
772
967
1115
1285
1406
1529
1608
1686
1740
1766
1778
1762
1743
1693
1619
1523
1405
1281
1134
961
801
593
397
186
-8
-208
-405
-560
-721
-837
-948
-1020
-1068
-1094
-1089
-1054
-990
-935
-868
-794
-710
-609
-517
-411
-314
-208
-113
-13
87
182
275
348
426
500
545
570
588
584
558
486
417
322
196
64
-77
-226
-390
-550
-695
-835
-975
-1095
-1209
-1286
-1336
-1365
-1375
-1355
-1296
-1235
-1130
-1019
-860
-717
-543
-359
-181
15
182
387
564
747
896
1048
1188
1299
1406
1493
1572
1618
1634
1648
1641
1604
1558
1477
1388
1261
1130
975
825
660
482
315
137
-24
-183
-329
-454
-556
-654
-731
-793
-819
-847
-843
-831
-795
-759
-732
-674
-619
-553
-499
-418
-343
-258
-201
-120
-40
45
128
193
274
317
362
372
379
361
317
250
161
67
-45
-177
-303
-452
-582
-728
-870
-955
-1083
-1133
-1221
-1233
-1257
-1252
-1190
-1170
-1061
-1019
-860
-764
-622
-475
-336
-158
-48
139
268
443
578
721
863
979
1099
1203
1311
1404
1470
1520
1550
1559
1551
1496
1448
1354
1277
1138
1004
850
677
523
323
178
6
-133
-280
-397
-479
-562
-608
-655
-660
-672
-655
-631
-602
-559
-537
-492
-467
-428
-389
-349
-299
-273
-221
-182
-133
-81
-31
33
68
122
152
179
188
174
162
112
43
-50
-155
-260
-387
-505
-639
-766
-866
-978
-1041
-1111
-1119
-1139
-1122
-1069
-1018
-910
-829
-698
-597
-473
-349
-222
-98
19
144
239
351
453
563
652
754
848
949
1036
1132
1212
1272
1318
1346
1375
1361
1341
1278
1216
1112
1006
867
721
579
420
286
117
5
-126
-211
-297
-359
-396
-433
-443
-453
-437
-438
-412
-401
-363
-356
-333
-325
-308
-294
-280
-249
-234
-204
-194
-162
-141
-98
-75
-54
-40
-18
-21
-39
-61
-97
-147
-212
-275
-376
-457
-553
-627
-719
-790
-862
-920
-954
-973
-962
-955
-897
-842
-752
-675
-564
-455
-339
-222
-125
-5
100
215
301
402
478
560
628
707
781
845
915
967
1025
1059
1103
1121
1136
1130
1111
1065
1005
936
847
751
630
521
386
273
155
43
-44
-130
-185
-235
-257
-269
-274
-264
-246
-212
-184
-151
-127
-98
-84
-71
-63
-78
-72
-83
-89
-97
-103
-101
-116
-106
-114
-115
-133
-142
-145
-180
-216
-268
-321
-389
-448
-524
-602
-677
-747
-809
-865
-893
-917
-908
-893
-850
-791
-720
-626
-525
-418
-307
-188
-74
39
136
224
292
365
419
470
517
556
603
624
666
691
728
744
771
795
791
794
781
775
736
696
627
563
489
415
334
257
188
111
46
-14
-42
-82
-91
-95
-86
-75
-68
-57
-40
-21
-13
-1
12
15
8
0
-14
-18
-33
-51
-75
-86
-102
-116
-134
-157
-183
-224
-259
-303
-335
-384
-441
-489
-551
-607
-655
-703
-746
-778
-807
-819
-825
-796
-754
-688
-627
-555
-464
-371
-262
-164
-55
41
141
223
321
398
468
524
576
622
661
696
705
731
722
731
702
692
675
646
608
543
499
428
372
305
241
158
84
18
-35
-92
-143
-190
-218
-230
-243
-232
-240
-200
-181
-144
-111
-69
-23
0
53
85
124
145
178
187
201
206
193
191
175
158
129
89
53
-4
-53
-108
-160
-212
-296
-346
-425
-465
-525
-579
-620
-669
-684
-719
-715
-725
-705
-697
-667
-617
-559
-484
-411
-317
-229
-129
-27
83
183
291
376
459
530
593
650
685
723
734
743
728
718
691
657
614
569
525
471
417
358
310
250
193
131
84
33
-19
-56
-92
-130
-154
-178
-205
-225
-241
-245
-248
-239
-234
-220
-210
-195
-177
-164
-150
-149
-149
-155
-165
-167
-194
-217
-247
-289
-318
-364
-396
-443
-468
-515
-547
-578
-597
-603
-618
-592
-597
-552
-535
-466
-410
-322
-221
-137
-14
56
194
275
413
490
584
665
714
810
834
911
906
936
939
947
954
929
929
889
859
809
762
696
623
543
443
334
224
85
-31
-160
-271
-388
-506
-591
-668
-703
-746
-743
-746
-713
-660
-599
-519
-437
-348
-269
-181
-111
-34
25
92
143
189
216
244
273
298
315
329
340
333
329
300
287
250
209
143
74
-8
-91
-165
-263
-347
-439
-514
-585
-625
-668
-687
-696
-675
-644
-606
-553
-501
-414
-350
-260
-201
-126
-52
14
91
139
209
257
323
386
438
485
515
565
611
644
671
675
680
662
642
596
546
490
411
349
255
193
99
19
-50
-115
-159
-226
-253
-289
-293
-309
-319
-318
-321
-299
-301
-291
-281
-275
-259
-256
-240
-236
-232
-230
-240
-238
-249
-244
-255
-269
-286
-313
-323
-339
-353
-393
-420
-443
-459
-478
-498
-519
-539
-554
-565
-542
-535
-504
-472
-425
-369
-300
-214
-124
-7
95
216
332
454
569
676
780
862
934
998
1049
1079
1101
1107
1094
1072
1039
1002
956
899
855
801
745
673
615
548
471
404
317
245
146
59
-47
-139
-229
-316
-382
-455
-504
-552
-571
-586
-574
-557
-526
-487
-443
-394
-362
-323
-302
-279
-272
-274
-276
-293
-320
-344
-380
-412
-432
-445
-452
-469
-467
-472
-453
-447
-437
-432
-434
-437
-448
-445
-465
-458
-472
-473
-476
-454
-411
-355
-263
-187
-75
27
158
296
437
572
691
799
879
959
1011
1046
1061
1057
1036
1004
975
935
896
865
828
794
755
717
679
644
602
548
492
406
330
237
138
40
-59
-156
-250
-327
-401
-444
-491
-515
-528
-524
-501
-482
-451
-437
-417
-399
-392
-404
-425
-449
-488
-519
-551
-595
-638
-674
-696
-715
-724
-731
-734
-724
-712
-683
-667
-640
-631
-615
-600
-583
-553
-531
-490
-455
-390
-321
-237
-134
-24
102
230
363
493
614
732
837
925
996
1029
1060
1063
1063
1046
1019
976
921
874
822
784
728
689
640
593
550
515
468
408
354
287
223
154
90
23
-37
-96
-140
-182
-204
-217
-222
-220
-204
-175
-169
-146
-138
-126
-131
-146
-169
-209
-254
-308
-362
-421
-479
-546
-601
-653
-686
-727
-746
-761
-772
-772
-784
-770
-780
-770
-783
-772
-765
-750
-719
-701
-652
-613
-526
-439
-319
-205
-77
69
212
376
507
647
756
855
934
988
1024
1032
1030
1008
971
925
867
818
770
727
685
641
611
571
553
514
480
433
381
337
269
209
137
68
-9
-74
-130
-177
-213
-230
-229
-226
-195
-166
-127
-91
-53
-21
-4
8
-5
-37
-85
-133
-203
-285
-380
-472
-559
-634
-694
-755
-803
-842
-861
-867
-860
-851
-844
-829
-819
-808
-795
-777
-761
-751
-718
-685
-630
-567
-480
-380
-269
-134
5
149
295
440
575
696
804
893
960
1003
1034
1041
1024
1001
956
910
858
807
760
698
656
602
558
512
469
423
368
324
261
201
127
60
-11
-80
-134
-191
-237
-273
-292
-289
-276
-249
-213
-177
-128
-79
-35
-1
27
34
40
28
-1
-37
-89
-139
-208
-261
-323
-370
-413
-451
-484
-515
-528
-544
-549
-564
-578
-597
-606
-621
-629
-639
-639
-631
-624
-580
-540
-462
-386
-278
-172
-55
85
213
362
482
612
703
790
854
905
943
947
956
926
898
858
818
785
742
699
652
626
590
564
537
498
462
405
360
300
234
162
83
16
-67
-140
-207
-257
-293
-323
-338
-344
-338
-321
-292
-270
-245
-220
-212
-206
-205
-213
-229
-255
-282
-311
-344
-377
-409
-429
-440
-449
-466
-465
-472
-472
-487
-495
-502
-524
-533
-558
-573
-600
-600
-608
-587
-562
-525
-455
-381
-266
-175
-49
64
196
312
422
530
601
683
722
768
781
784
777
757
742
713
693
661
641
630
618
602
587
558
528
491
447
404
340
271
189
107
22
-48
-123
-197
-263
-319
-348
-363
-358
-366
-363
-355
-346
-331
-318
-312
-327
-342
-367
-386
-405
-429
-453
-475
-487
-487
-472
-451
-429
-408
-368
-337
-297
-275
-256
-244
-237
-232
-247
-253
-282
-294
-318
-327
-324
-309
-273
-241
-175
-115
-28
54
149
240
321
408
468
535
582
619
646
663
673
671
675
669
660
656
642
643
639
632
625
604
579
547
516
470
415
353
277
204
133
61
-15
-83
-144
-199
-240
-279
-299
-325
-347
-357
-366
-374
-381
-393
-404
-418
-427
-437
-451
-460
-470
-466
-455
-429
-414
-382
-355
-325
-290
-258
-220
-202
-183
-180
-164
-167
-159
-165
-166
-177
-179
-174
-175
-148
-129
-86
-63
-12
23
75
128
170
226
252
294
304
342
361
381
399
398
419
415
437
435
448
456
456
470
466
472
449
432
409
379
351
306
264
209
158
106
60
11
-36
-80
-130
-162
-196
-225
-253
-294
-319
-354
-384
-406
-438
-461
-485
-495
-506
-503
-506
-502
-489
-467
-428
-396
-347
-314
-271
-234
-198
-163
-141
-115
-111
-100
-106
-94
-97
-91
-89
-101
-87
-89
-58
-48
-26
-11
14
45
66
93
108
142
159
193
196
203
223
234
255
265
277
284
300
317
331
345
348
362
364
373
374
362
355
343
338
315
295
262
235
207
174
147
110
78
39
7
-18
-47
-66
-89
-108
-127
-148
-155
-167
-173
-175
-177
-179
-179
-175
-172
-172
-171
-172
-170
-160
-158
-151
-147
-145
-140
-136
-124
-114
-108
-98
-89
-77
-68
-51
-41
-33
-15
-10
0
2
9
16
20
25
29
36
45
57
70
86
103
122
138
158
167
181
194
200
203
198
200
184
185
171
160
145
126
116
95
94
82
74
60
48
39
32
23
12
-3
-21
-43
-67
-81
-101
-120
-137
-145
-157
-158
-161
-161
-154
-139
-125
-113
-95
-86
-69
-58
-50
-42
-42
-34
-35
-28
-33
-32
-31
-26
-15
-6
5
5
20
31
44
48
44
43
38
43
35
21
12
2
1
-9
-12
-9
-7
6
16
28
41
52
65
75
85
90
95
94
94
81
63
50
28
18
-1
-13
-27
-40
-43
-56
-58
-62
-60
-66
-79
-88
-100
-110
-122
-131
-151
-173
-187
-204
-207
-209
-207
-200
-195
-177
-152
-124
-103
-73
-55
-27
-3
21
43
54
67
67
79
82
85
82
89
95
102
117
119
131
137
149
157
160
165
160
158
146
134
118
106
87
68
53
34
26
16
15
6
7
12
18
33
37
42
40
40
45
46
42
27
17
2
-17
-28
-45
-58
-73
-88
-97
-106
-118
-119
-120
-129
-128
-140
-140
-143
-151
-153
-158
-161
-167
-168
-166
-155
-151
-144
-123
-113
-87
-67
-49
-24
1
23
44
66
82
101
109
120
129
135
140
142
149
155
160
166
168
169
179
179
183
180
179
169
157
148
127
113
91
76
55
37
20
2
-8
-13
-12
-20
-22
-25
-28
-23
-23
-24
-35
-45
-50
-55
-64
-77
-97
-110
-119
-127
-132
-131
-132
-132
-124
-120
-109
-105
-100
-93
-100
-105
-111
-124
-135
-145
-155
-167
-173
-180
-182
-176
-167
-157
-142
-115
-87
-54
-23
7
29
58
80
95
110
114
124
129
127
126
126
125
133
144
151
162
175
189
201
222
235
244
255
259
257
249
239
231
220
197
175
148
129
110
95
80
58
46
32
29
22
9
-3
-15
-24
-41
-50
-68
-92
-113
-137
-158
-178
-200
-215
-233
-247
-253
-259
-262
-262
-254
-254
-244
-231
-233
-227
-212
-201
-194
-177
-166
-157
-140
-127
-108
-86
-60
-38
-12
8
32
60
83
109
125
143
157
173
187
196
207
211
212
211
210
212
207
205
204
199
188
174
164
154
141
130
112
92
79
67
41
16
-10
-32
-49
-66
-78
-99
-108
-115
-117
-117
-116
-114
-119
-113
-110
-104
-102
-98
-107
-115
-117
-116
-122
-131
-132
-133
-131
-130
-124
-120
-116
-96
-79
-69
-56
-46
-34
-17
-4
3
10
18
27
33
39
46
47
51
60
77
88
90
101
106
122
142
163
172
180
195
210
226
232
238
234
232
229
227
223
217
211
190
178
158
149
133
116
101
80
68
51
36
17
1
-12
-32
-54
-70
-83
-101
-114
-132
-149
-169
-181
-186
-199
-200
-204
-213
-221
-223
-214
-214
-210
-202
-197
-190
-184
-169
-162
-155
-151
-144
-142
-136
-121
-121
-111
-113
-111
-109
-104
-98
-95
-84
-74
-53
-46
-22
-1
16
37
55
78
96
124
135
149
163
174
191
195
203
206
211
221
231
243
244
255
262
271
282
285
286
273
263
245
235
215
186
154
116
90
62
30
-3
-35
-73
-101
-123
-150
-172
-200
-216
-227
-237
-254
-270
-274
-281
-280
-285
-289
-290
-283
-277
-261
-249
-245
-232
-221
-202
-175
-148
-124
-104
-86
-67
-37
-11
8
27
34
43
52
65
70
72
73
75
80
79
83
87
92
97
104
107
110
118
124
131
137
143
146
152
158
165
175
180
179
179
184
187
195
203
203
200
201
203
206
200
190
181
167
149
129
113
88
69
49
22
-4
-30
-59
-86
-107
-128
-152
-177
-199
-219
-237
-253
-267
-281
-296
-309
-320
-322
-317
-309
-310
-298
-284
-269
-254
-230
-206
-183
-155
-133
-110
-90
-66
-43
-21
-2
11
22
30
46
61
76
86
96
108
118
130
142
155
164
170
176
187
193
192
190
188
183
183
178
176
174
168
168
167
169
167
172
171
172
180
179
178
176
174
166
162
148
130
110
93
75
43
18
-10
-34
-55
-80
-107
-126
-148
-169
-188
-202
-214
-229
-242
-261
-271
-286
-302
-307
-308
-316
-320
-320
-313
-305
-290
-276
-261
-237
-215
-182
-152
-118
-85
-52
-17
14
40
63
85
102
117
130
142
153
163
165
166
173
179
187
190
195
199
200
202
201
205
203
197
192
187
185
171
159
149
136
123
111
102
92
84
76
64
58
57
58
58
56
56
56
51
51
51
45
37
30
18
4
-13
-30
-48
-68
-85
-103
-121
-139
-156
-171
-186
-200
-211
-222
-229
-232
-234
-237
-235
-235
-237
-231
-226
-218
-209
-200
-192
-179
-169
-160
-150
-132
-112
-96
-73
-50
-22
0
29
56
75
95
117
143
164
179
190
202
207
218
227
229
229
225
220
218
215
212
210
202
189
179
172
164
151
142
132
119
105
94
85
63
41
23
6
-7
-26
-43
-58
-76
-86
-101
-110
-120
-125
-127
-126
-123
-129
-130
-134
-134
-139
-140
-141
-149
-159
-162
-160
-164
-169
-170
-171
-170
-172
-166
-158
-156
-153
-143
-135
-128
-121
-114
-112
-100
-87
-79
-71
-63
-50
-39
-28
-16
-9
3
16
25
36
48
58
70
87
106
113
124
139
147
154
159
163
165
173
178
175
172
174
168
163
159
148
134
122
114
105
91
73
59
41
26
18
4
-15
-28
-37
-47
-57
-66
-74
-82
-87
-98
-108
-111
-116
-117
-117
-118
-118
-122
-120
-118
-111
-110
-109
-101
-97
-94
-88
-74
-72
-67
-60
-51
-44
-38
-35
-32
-27
-22
-15
-10
-8
-5
2
11
17
22
29
40
43
51
68
75
82
86
96
111
119
123
129
131
135
137
144
150
152
151
151
154
152
157
157
152
144
138
129
123
118
109
97
80
67
52
36
19
3
-10
-26
-42
-59
-73
-82
-92
-96
-103
-111
-119
-121
-121
-122
-123
-120
-121
-121
-114
-110
-110
-106
-99
-96
-91
-79
-69
-65
-56
-51
-46
-44
-34
-23
-20
-16
-11
-7
-4
-2
1
3
3
5
9
10
11
11
10
10
14
17
13
17
22
26
28
37
45
44
52
58
59
65
75
83
85
86
90
94
99
104
107
105
106
108
106
102
104
104
100
95
88
79
70
61
55
44
31
26
15
0
-10
-22
-40
-50
-59
-74
-80
-84
-90
-97
-102
-105
-112
-118
-118
-120
-124
-124
-125
-128
-127
-122
-117
-112
-108
-102
-96
-84
-70
-56
-48
-37
-26
-14
2
16
25
30
39
51
62
72
87
92
99
110
116
124
134
143
142
141
146
146
146
148
142
136
132
124
117
110
102
98
91
77
67
58
46
37
26
12
-3
-15
-25
-34
-45
-57
-69
-80
-91
-97
-103
-112
-124
-129
-134
-142
-142
-142
-145
-147
-148
-145
-142
-139
-134
-127
-122
-115
-107
-104
-97
-86
-74
-65
-56
-48
-40
-28
-17
-3
6
16
22
27
37
46
56
66
76
81
87
90
94
97
103
104
103
101
100
95
89
89
84
74
64
58
53
45
38
33
29
20
12
7
0
-2
-2
-4
-9
-12
-16
-19
-22
-24
-27
-30
-30
-35
-36
-36
-38
-41
-44
-47
-48
-51
-50
-50
-55
-58
-62
-65
-66
-67
-71
-73
-76
-79
-79
-82
-85
-84
-85
-82
-81
-83
-82
-81
-81
-78
-77
-78
-75
-69
-68
-64
-53
-49
-48
-38
-32
-24
-15
0
11
20
34
50
63
75
88
101
111
123
132
138
148
156
162
167
174
177
176
178
183
184
181
182
182
179
171
165
160
148
138
129
119
106
91
77
64
49
34
22
11
-4
-17
-30
-42
-48
-54
-62
-69
-82
-93
-100
-105
-108
-113
-119
-124
-123
-120
-118
-119
-119
-120
-119
-113
-106
-100
-94
-89
-84
-78
-71
-65
-59
-48
-40
-33
-28
-24
-21
-13
-6
3
10
16
21
24
26
31
40
47
53
54
57
62
67
67
67
67
66
64
64
66
65
65
60
54
46
40
35
35
32
27
22
11
8
4
-2
-6
-10
-13
-18
-24
-30
-35
-37
-37
-43
-45
-50
-55
-57
-54
-60
-65
-63
-68
-70
-70
-72
-71
-74
-77
-78
-77
-73
-67
-64
-66
-71
-69
-65
-61
-54
-50
-44
-42
-40
-33
-32
-28
-25
-22
-17
-15
-12
-8
-7
0
2
2
7
12
17
25
32
33
40
45
51
58
59
60
63
67
66
64
65
68
70
68
65
64
62
59
62
59
53
47
42
40
38
34
26
24
18
10
5
-2
-8
-15
-23
-29
-34
-37
-39
-41
-48
-55
-62
-64
-68
-70
-72
-73
-71
-70
-73
-68
-67
-66
-62
-57
-55
-51
-45
-38
-31
-24
-20
-15
-6
3
10
16
20
24
33
40
45
51
54
61
64
64
68
70
73
78
83
86
84
84
80
83
88
89
89
88
86
86
82
77
77
74
68
62
60
54
46
42
29
20
20
11
5
7
-2
-14
-19
-22
-24
-26
-28
-33
-38
-45
-45
-47
-52
-55
-54
-54
-56
-56
-58
-62
-60
-60
-62
-61
-60
-57
-57
-53
-49
-48
-51
-52
-46
-40
-36
-32
-27
-29
-26
-17
-12
-3
5
4
6
12
18
20
23
24
24
26
30
30
34
36
36
41
41
38
37
41
38
39
42
39
37
35
32
31
31
26
22
24
23
22
22
16
9
3
-3
-9
-12
-12
-19
-24
-29
-31
-36
-46
-47
-48
-48
-50
-48
-47
-49
-50
-51
-51
-53
-53
-45
-44
-44
-40
-40
-43
-43
-41
-36
-31
-30
-30
-29
-26
-26
-20
-13
-10
-3
6
10
14
19
26
33
42
49
54
65
68
69
73
76
79
86
93
92
93
97
95
97
96
91
86
82
78
78
74
69
63
58
55
52
45
32
32
24
14
9
0
-9
-18
-20
-27
-34
-42
-49
-58
-65
-66
-73
-81
-87
-89
-90
-92
-97
-102
-108
-112
-111
-111
-113
-115
-114
-114
-115
-110
-110
-106
-100
-98
-96
-86
-80
-74
-70
-65
-59
-53
-44
-40
-30
-18
-14
-8
0
6
12
19
26
34
43
53
63
74
79
85
91
95
107
113
115
118
120
120
125
123
118
119
117
117
114
107
100
95
92
89
87
82
76
74
74
72
69
63
60
58
53
47
40
31
25
17
8
-2
-10
-19
-25
-34
-48
-57
-62
-66
-73
-77
-84
-88
-90
-92
-90
-92
-91
-90
-89
-92
-93
-90
-91
-92
-93
-89
-90
-89
-89
-89
-86
-85
-84
-81
-77
-68
-64
-57
-49
-44
-42
-34
-26
-15
-2
6
13
19
26
32
41
50
59
66
73
77
80
86
91
96
96
94
93
92
91
93
89
80
71
68
67
62
61
61
57
51
48
48
49
52
53
52
47
46
47
45
40
37
28
17
15
7
-2
-9
-18
-30
-39
-45
-54
-63
-77
-86
-85
-87
-89
-91
-92
-90
-84
-80
-73
-70
-68
-64
-57
-47
-45
-48
-43
-39
-37
-35
-33
-35
-32
-28
-24
-23
-22
-14
-3
2
4
10
14
21
32
41
49
53
58
66
74
82
81
74
73
73
75
75
76
74
69
66
63
64
66
60
58
59
53
47
45
41
35
28
21
13
9
0
-2
0
-10
-20
-26
-29
-34
-31
-25
-28
-32
-34
-37
-40
-42
-46
-51
-57
-64
-69
-76
-86
-97
-104
-113
-124
-128
-130
-126
-122
-116
-108
-99
-89
-76
-59
-37
-17
-5
9
22
33
42
44
44
45
48
45
37
29
24
8
1
-2
-7
-6
-10
-9
-2
4
14
29
46
65
78
92
105
116
129
135
136
139
136
130
120
110
95
80
66
52
39
27
15
3
-3
-7
-10
-14
-19
-21
-24
-28
-31
-29
-38
-42
-46
-51
-53
-60
-61
-67
-76
-76
-74
-71
-72
-70
-67
-64
-58
-53
-50
-47
-41
-41
-35
-35
-35
-37
-39
-34
-37
-38
-35
-32
-32
-27
-21
-13
-5
1
10
18
26
33
36
33
32
32
27
24
22
13
4
0
-5
-6
-8
-8
-2
7
18
29
40
57
77
91
103
116
126
135
143
144
134
124
113
95
70
43
24
1
-24
-46
-65
-83
-97
-104
-108
-103
-100
-91
-79
-68
-51
-31
-13
0
10
17
24
25
24
19
11
2
-9
-24
-37
-48
-59
-65
-70
-72
-67
-62
-56
-50
-38
-22
-15
-6
10
15
14
16
15
12
6
-3
-13
-21
-32
-44
-49
-50
-47
-44
-40
-36
-26
-8
7
22
38
49
63
77
86
97
101
98
94
93
91
81
74
62
53
42
33
27
23
16
10
6
-2
-7
-12
-22
-31
-35
-43
-50
-60
-69
-71
-75
-78
-75
-76
-81
-79
-70
-59
-48
-34
-22
-12
2
15
27
40
52
58
52
48
40
32
26
13
-6
-26
-44
-61
-70
-76
-84
-84
-81
-69
-49
-27
-1
28
49
73
101
125
146
160
169
172
168
159
149
125
102
77
50
29
-1
-28
-41
-58
-72
-79
-83
-87
-79
-59
-39
-24
-8
6
14
23
31
32
29
17
5
-9
-28
-47
-71
-90
-101
-111
-118
-122
-124
-120
-114
-107
-101
-95
-81
-64
-39
-17
-4
9
18
32
43
51
55
53
49
48
45
42
30
22
13
4
0
0
-3
-8
-17
-23
-24
-24
-20
-17
-15
-12
-6
-1
8
19
32
50
58
70
82
90
101
112
119
124
128
124
115
107
91
76
61
45
26
2
-20
-42
-60
-74
-88
-93
-97
-99
-99
-94
-78
-60
-42
-22
1
26
51
70
85
88
83
76
70
63
50
32
6
-23
-50
-79
-105
-122
-134
-144
-150
-155
-154
-152
-141
-122
-104
-79
-56
-36
-18
-2
17
32
39
37
27
23
18
11
0
-14
-27
-33
-38
-33
-20
-7
5
15
36
53
73
95
116
133
142
151
162
162
160
158
148
139
132
112
89
75
64
50
34
14
0
-18
-27
-36
-47
-49
-53
-56
-53
-46
-36
-31
-29
-28
-31
-32
-30
-32
-35
-33
-33
-35
-36
-40
-41
-41
-39
-35
-37
-46
-52
-60
-66
-75
-80
-83
-92
-95
-95
-99
-101
-96
-87
-76
-65
-54
-40
-25
-7
15
43
64
79
97
111
119
128
133
131
123
113
97
77
60
46
29
10
-4
-18
-25
-26
-22
-8
6
22
43
62
79
102
120
133
139
146
145
137
126
113
95
72
40
11
-14
-42
-69
-89
-104
-114
-120
-118
-110
-101
-83
-70
-52
-31
-16
-1
10
15
12
9
2
-13
-27
-47
-70
-96
-114
-131
-151
-163
-171
-174
-175
-175
-169
-162
-147
-131
-115
-93
-70
-48
-24
-5
13
29
40
49
56
61
64
64
64
57
48
43
44
49
52
55
55
49
49
54
57
56
55
58
58
61
61
55
51
46
42
41
44
48
54
58
65
74
80
90
93
95
102
109
114
111
103
91
80
63
46
23
-2
-27
-49
-59
-71
-89
-107
-116
-117
-112
-104
-92
-80
-66
-52
-40
-28
-20
-8
-2
-4
-13
-19
-31
-45
-58
-76
-94
-107
-120
-124
-128
-135
-131
-120
-103
-85
-65
-44
-13
21
50
75
96
113
125
136
143
142
130
114
104
86
63
39
18
-6
-18
-25
-37
-47
-50
-43
-36
-23
-3
12
27
44
63
75
83
89
94
97
96
95
89
82
69
54
41
29
18
4
-5
-14
-20
-21
-23
-31
-34
-34
-34
-27
-23
-21
-23
-20
-22
-21
-22
-25
-25
-24
-24
-19
-10
-9
-9
-4
-2
0
3
1
1
2
2
4
0
-9
-22
-35
-45
-56
-57
-62
-70
-73
-75
-71
-69
-60
-50
-41
-26
-9
4
20
37
47
51
49
49
48
41
35
23
15
6
-4
-12
-23
-30
-35
-35
-27
-14
-7
7
24
44
62
79
86
92
100
105
106
101
89
73
54
34
13
-13
-41
-67
-82
-98
-111
-121
-126
-127
-128
-124
-113
-100
-81
-60
-38
-16
-2
13
24
34
43
49
51
44
34
25
14
7
-6
-23
-36
-42
-43
-39
-33
-30
-29
-25
-16
-8
4
18
31
40
48
51
56
65
74
77
72
68
69
65
64
61
57
48
37
29
25
19
15
11
3
-6
-13
-16
-18
-20
-23
-25
-29
-34
-34
-34
-38
-41
-41
-40
-43
-44
-40
-33
-27
-25
-27
-28
-29
-19
-9
-8
-11
-13
-12
-12
-7
-4
-2
0
2
11
17
16
17
19
19
23
24
26
34
40
41
38
36
29
26
25
21
17
10
-2
-13
-23
-31
-38
-42
-47
-49
-45
-40
-38
-38
-39
-34
-23
-12
2
13
20
21
21
20
20
19
13
6
-1
-8
-15
-25
-35
-42
-47
-52
-54
-58
-52
-46
-38
-24
-11
4
17
28
37
47
61
69
73
73
74
70
66
65
60
48
37
27
17
5
-2
-8
-15
-20
-25
-26
-29
-28
-21
-20
-21
-14
-10
-8
-6
0
1
1
-1
-2
-1
-4
-5
-9
-12
-14
-8
-5
-7
-10
-11
-7
2
9
10
8
4
5
10
15
16
15
18
24
30
36
37
38
35
30
29
27
28
28
26
23
19
15
12
10
8
2
-4
-8
-15
-20
-29
-41
-47
-58
-64
-69
-70
-68
-69
-68
-66
-64
-58
-48
-45
-43
-40
-32
-20
-12
-7
-6
-10
-9
-7
-3
1
3
3
-1
-3
-2
-1
2
6
5
3
2
8
17
26
41
50
55
64
76
88
101
108
104
100
98
94
93
90
84
72
62
54
43
36
30
17
2
-12
-19
-22
-25
-27
-34
-36
-38
-37
-32
-30
-28
-26
-30
-34
-32
-37
-37
-35
-39
-44
-54
-59
-59
-59
-57
-55
-55
-59
-54
-47
-43
-41
-39
-38
-35
-28
-22
-17
-13
-6
1
5
9
11
14
12
17
16
15
13
7
7
6
0
-2
-6
-9
-8
-4
0
1
-2
-7
-5
1
6
10
11
10
10
15
23
27
29
28
32
39
39
43
44
44
41
36
34
29
24
25
25
22
17
15
16
20
27
25
22
24
30
33
35
35
35
35
37
37
36
28
19
15
11
4
-7
-14
-24
-33
-36
-42
-48
-55
-61
-65
-71
-74
-76
-74
-74
-75
-70
-66
-59
-51
-52
-55
-49
-43
-44
-38
-36
-33
-31
-27
-25
-27
-24
-20
-17
-16
-16
-17
-11
-5
3
7
13
11
13
22
31
37
39
42
51
58
67
72
72
77
77
77
78
79
77
72
71
64
49
41
31
23
18
16
18
10
3
-3
-5
0
2
3
-6
-10
-6
-7
-2
-5
-15
-24
-30
-34
-34
-32
-32
-35
-36
-27
-19
-12
-6
-12
-15
-16
-21
-16
-11
-10
-9
-13
-15
-17
-17
-9
3
13
10
12
20
17
13
18
16
18
13
11
14
15
19
19
24
24
26
28
35
33
26
12
6
13
7
3
4
2
-5
-2
0
1
3
5
4
2
-3
-10
-11
-18
-27
-25
-26
-27
-16
-8
-7
-6
-1
6
6
1
0
-6
-8
-15
-18
-25
-34
-30
-27
-27
-18
-16
-13
-9
-8
0
-6
-7
-19
-29
-30
-35
-37
-32
-15
-3
-7
-9
-5
-8
-9
-15
-16
-25
-37
-38
-46
-48
-36
-23
-4
9
21
31
34
39
39
31
15
3
-6
-20
-28
-29
-25
-17
2
18
23
25
27
30
34
28
33
34
19
21
10
5
12
18
37
41
53
51
46
49
42
24
16
1
10
-21
-16
1
-13
17
14
14
-7
16
6
-18
-16
-14
-27
-31
-49
-67
-72
-70
-52
-52
-44
-29
-15
-13
-3
3
-13
-23
-23
-37
-42
-38
-33
-23
-11
-3
-4
2
12
19
12
0
-6
-9
-19
-28
-23
-27
-26
-21
-7
11
15
31
29
30
33
29
20
4
3
3
7
16
30
39
46
47
51
45
44
37
19
6
6
-6
-19
-25
-34
-24
-15
3
19
27
25
23
28
26
19
3
-14
-20
-15
-14
-2
6
7
11
11
16
13
9
11
5
-3
-10
-11
-14
-16
-5
8
8
20
30
35
36
32
32
19
7
0
-4
-1
-2
-1
-3
-5
-2
5
10
14
17
13
5
2
-5
-13
-18
-22
-27
-29
-25
-23
-19
-13
-12
-21
-26
-24
-25
-23
-24
-24
-27
-25
-16
-9
-6
-5
0
1
-2
-8
-10
-14
-17
-9
-8
-9
-14
-16
-12
-19
-14
-12
-14
-6
1
3
-1
-5
2
0
0
-1
0
5
8
16
16
14
9
9
1
2
-3
-5
-3
1
5
4
0
2
2
-4
-11
-10
-6
-4
3
4
4
1
2
7
12
17
16
13
10
12
18
13
13
8
2
5
4
9
8
9
14
14
18
17
18
20
19
19
15
11
20
18
22
22
14
14
10
12
8
4
3
3
4
10
8
9
8
6
2
-3
-3
-11
-17
-19
-27
-30
-37
-33
-23
-16
-5
-5
-4
-2
-6
-8
-13
-13
-15
-19
-13
-13
-12
-10
-10
-7
-4
-7
-5
-1
-4
-5
-7
-11
-22
-21
-21
-17
-12
-15
-16
-7
2
13
26
29
24
21
14
11
10
0
-2
-3
-4
-9
-10
-7
-8
-4
-2
-2
-8
-10
-1
4
2
-1
-4
-11
-15
-8
-3
-1
-2
2
4
4
3
2
-5
-7
-3
-4
-1
1
6
6
7
7
7
5
3
4
6
6
10
11
11
15
13
9
9
12
18
23
19
17
22
21
21
20
17
9
13
19
21
20
16
11
11
14
14
8
6
3
0
5
8
5
1
-5
-11
-11
-14
-12
-7
-9
-12
-13
-11
-14
-14
-8
-6
-5
-2
-8
-11
-10
-11
-10
-10
-14
-21
-24
-27
-25
-20
-17
-17
-18
-16
-16
-15
-10
-9
-9
-7
-6
-6
-2
2
0
-3
-1
-3
1
3
3
4
-1
-4
-4
-8
-10
-9
-9
-5
-3
-3
-2
6
12
13
14
10
11
11
14
18
13
8
6
8
9
6
3
2
2
6
9
13
13
12
19
21
21
13
14
17
22
23
21
19
13
17
18
20
27
28
23
18
21
23
17
17
19
14
15
15
11
5
4
1
-2
2
2
-5
-7
-6
-7
-9
-6
-6
-12
-9
-14
-16
-11
-9
-7
-11
-12
-15
-18
-15
-19
-23
-24
-23
-22
-21
-19
-20
-16
-8
-12
-16
-19
-25
-20
-16
-18
-20
-20
-15
-8
-4
-1
-5
-11
-8
-10
-10
-8
-10
-7
2
-3
-7
-15
-20
-17
-15
-8
-3
1
-3
-4
0
-8
-14
-10
-10
1
9
20
18
12
13
5
7
5
2
8
4
12
9
-4
-12
-19
-17
-11
1
8
0
-1
8
5
2
6
6
3
9
9
9
18
20
17
21
22
15
14
18
12
17
33
34
30
28
24
24
32
30
28
32
35
33
28
26
19
12
15
14
20
25
10
-4
-5
-16
-12
-6
-9
15
29
19
16
11
-6
-7
6
15
-2
37
35
-41
-6
-54
-86
-43
-47
-12
7
16
-7
-32
-33
-67
-61
-36
-30
5
9
-19
-33
-58
-66
-61
-53
-35
-26
-8
-23
-39
-40
-66
-64
-49
-34
-25
-24
-20
-30
-30
-34
-41
-30
-22
-11
5
8
-17
-35
-34
-30
-4
19
15
6
14
5
-4
3
-2
4
12
18
26
22
14
-1
0
22
24
36
43
27
33
38
31
34
40
48
63
65
55
48
37
35
37
36
40
41
45
46
39
36
33
20
21
37
48
40
29
32
19
20
31
29
34
27
31
32
17
7
