1.000000e-030   2.857143e-001   1.000000e-030   1.428571e-001   1.000000e-030   1.000000e-030   1.000000e-030   1.000000e-030   1.000000e-030   1.000000e-030   1.000000e-030   1.000000e-030   1.000000e-030   1.000000e-030   1.000000e-030   1.000000e-030   9.660323e-235   1.000000e-030   1.000000e-030   1.000000e-030   1.000000e-030   4.285714e-001   1.000000e-030   1.000000e-030   1.000000e-030   1.000000e-030   1.000000e-030   1.000000e-030   1.428571e-001   1.883554e-227   1.000000e-030   2.179618e-244   

1.000000e-030   1.000000e-030   5.882353e-002   1.893408e-319   1.000000e-030   1.000000e-030   1.000000e-030   1.854451e-237   1.000000e-030   1.000000e-030   1.000000e-030   1.000000e-030   1.000000e-030   1.000000e-030   1.000000e-030   1.000000e-030   2.352941e-001   1.000000e-030   1.000000e-030   1.000000e-030   1.848321e-241   4.222609e-227   1.000000e-030   1.000000e-030   7.054261e-241   1.000000e-030   1.000000e-030   1.000000e-030   1.301984e-073   1.000000e-030   1.000000e-030   7.058824e-001   

1.000000e-030   1.000000e-030   5.882353e-002   1.000000e-030   1.000000e-030   2.409705e-238   5.001811e-237   4.672081e-236   1.000000e-030   1.000000e-030   1.000000e-030   1.000000e-030   1.000000e-030   1.000000e-030   1.000000e-030   1.000000e-030   1.000000e-030   1.000000e-030   1.000000e-030   1.000000e-030   1.176471e-001   4.222609e-227   1.000000e-030   1.000000e-030   8.235294e-001   7.962333e-073   1.000000e-030   1.000000e-030   1.000000e-030   1.000000e-030   1.000000e-030   2.271589e-243   

1.000000e-030   7.841083e-232   1.428571e-001   3.617251e-229   1.000000e-030   1.428571e-001   2.857143e-001   1.428571e-001   1.000000e-030   1.000000e-030   1.000000e-030   1.000000e-030   1.000000e-030   1.000000e-030   1.000000e-030   1.000000e-030   1.000000e-030   8.971187e-230   1.428571e-001   1.000000e-030   1.000000e-030   5.127453e-227   1.000000e-030   1.000000e-030   3.844252e-239   1.428571e-001   1.000000e-030   1.000000e-030   1.000000e-030   8.285467e-229   1.000000e-030   1.000000e-030   

1.000000e-030   1.111111e-001   8.415810e-277   1.111111e-001   1.000000e-030   1.000000e-030   1.000000e-030   1.000000e-030   1.000000e-030   1.000000e-030   1.000000e-030   1.000000e-030   1.000000e-030   1.000000e-030   1.000000e-030   1.000000e-030   1.000000e-030   2.222222e-001   7.244754e-045   1.000000e-030   1.000000e-030   1.111111e-001   1.000000e-030   1.000000e-030   1.000000e-030   1.000000e-030   1.000000e-030   1.000000e-030   1.000000e-030   4.444444e-001   1.000000e-030   1.000000e-030   

