2.363238e+062 -4.657663e+058 -1.162568e+059 -1.952590e+059 -2.703873e+059 -3.340215e+059 -3.791174e+059 -3.983692e+059 -3.860623e+059 -3.350852e+059 -2.405027e+059 1.375031e+056 
2.363231e+062 -4.758314e+058 -1.226029e+059 -2.102458e+059 -2.977695e+059 -3.699447e+059 -4.160669e+059 -4.282722e+059 -4.024083e+059 -3.369996e+059 -2.340764e+059 1.548277e+056 
2.363256e+062 -4.008229e+058 -1.053655e+059 -1.812670e+059 -2.630668e+059 -3.336482e+059 -3.874666e+059 -4.126565e+059 -3.996675e+059 -3.438468e+059 -2.436905e+059 1.327647e+056 
2.363268e+062 -4.159949e+058 -1.087402e+059 -1.901943e+059 -2.764095e+059 -3.513904e+059 -4.050746e+059 -4.270211e+059 -4.094206e+059 -3.486121e+059 -2.455662e+059 1.426971e+056 
2.363126e+062 -8.105411e+058 -2.045938e+059 -3.428641e+059 -4.705551e+059 -5.612494e+059 -5.987819e+059 -5.795946e+059 -5.079112e+059 -3.941462e+059 -2.524114e+059 3.188745e+056 
2.363265e+062 -3.879576e+058 -1.027235e+059 -1.813318e+059 -2.651642e+059 -3.392881e+059 -3.925104e+059 -4.159816e+059 -4.012530e+059 -3.425798e+059 -2.417030e+059 1.329136e+056 
2.363277e+062 -3.722956e+058 -9.838111e+058 -1.742283e+059 -2.563325e+059 -3.306662e+059 -3.843392e+059 -4.095551e+059 -3.966703e+059 -3.402248e+059 -2.414173e+059 1.266313e+056 
2.363268e+062 -3.892897e+058 -1.027895e+059 -1.801438e+059 -2.621850e+059 -3.359899e+059 -3.894997e+059 -4.126391e+059 -3.987003e+059 -3.416707e+059 -2.422084e+059 1.314365e+056 
2.363240e+062 -3.620796e+058 -1.038873e+059 -1.728166e+059 -2.560136e+059 -3.308993e+059 -3.750056e+059 -4.041749e+059 -3.899008e+059 -3.331488e+059 -2.401715e+059 1.250274e+056 
2.361847e+062 6.501382e+058 -3.637191e+058 1.863433e+059 -1.104021e+059 -2.947778e+057 -1.723699e+059 -1.225842e+059 -1.468843e+059 -1.903712e+059 -7.398349e+058 -1.089130e+055 
2.341488e+062 1.446306e+060 1.883967e+060 5.397651e+060 4.536829e+060 5.093992e+060 3.681619e+059 2.153448e+060 3.087188e+060 1.465453e+060 2.088862e+060 1.710424e+058 
2.347078e+062 -3.181013e+060 -8.502018e+060 -1.498925e+061 -2.124707e+061 -2.716870e+061 -3.154421e+061 -3.114934e+061 -2.760298e+061 -2.247573e+061 -1.476165e+061 7.943684e+059 
2.333698e+062 -1.163469e+060 -5.821850e+060 -1.267855e+061 -1.507902e+061 -2.109349e+061 -3.108525e+061 -2.924932e+061 -2.293121e+061 -2.065874e+061 -1.440011e+061 5.222872e+059 
2.322102e+062 8.361593e+059 -5.069605e+060 -1.333939e+061 -1.347107e+061 -1.807013e+061 -3.116456e+061 -2.772642e+061 -2.038283e+061 -2.113743e+061 -1.529569e+061 4.068163e+059 
2.322023e+062 1.071180e+060 -5.203922e+060 -1.455678e+061 -1.286178e+061 -1.825537e+061 -3.226653e+061 -2.831087e+061 -1.983649e+061 -2.140039e+061 -1.581882e+061 4.123451e+059 
2.338587e+062 -1.405025e+060 -6.244533e+060 -1.283728e+061 -1.538352e+061 -2.102769e+061 -2.923159e+061 -2.812144e+061 -2.265152e+061 -1.983618e+061 -1.372517e+061 5.163876e+059 
2.325332e+062 8.252215e+059 -1.711375e+060 -6.648964e+060 -4.207191e+060 -1.005158e+061 -2.452161e+061 -2.261052e+061 -1.351042e+061 -1.315939e+061 -1.014966e+061 1.236674e+059 
2.340159e+062 2.573614e+059 -2.442210e+060 -7.315046e+060 -6.806377e+060 -1.009533e+061 -1.868368e+061 -1.756204e+061 -1.220492e+061 -1.197371e+061 -9.275748e+060 1.314730e+059 
2.347325e+062 -3.782897e+060 -1.015101e+061 -1.768780e+061 -2.448774e+061 -3.070322e+061 -3.481897e+061 -3.413197e+061 -3.024656e+061 -2.408478e+061 -1.543877e+061 1.010028e+060 
2.352906e+062 -2.873306e+060 -7.497514e+060 -1.302240e+061 -1.834370e+061 -2.288187e+061 -2.582964e+061 -2.586343e+061 -2.334326e+061 -1.874404e+061 -1.228768e+061 5.693344e+059 
2.358442e+062 -1.419669e+060 -3.728891e+060 -6.553044e+060 -9.416346e+060 -1.196162e+061 -1.375883e+061 -1.423747e+061 -1.340042e+061 -1.118723e+061 -7.666648e+060 1.620639e+059 
2.359090e+062 -4.160450e+059 -7.022520e+059 -1.223512e+060 -2.363324e+060 -3.655888e+060 -4.580182e+060 -4.252916e+060 -3.792575e+060 -3.072735e+060 -2.201873e+060 1.192301e+058 
2.359423e+062 -1.232346e+060 -3.204581e+060 -5.617853e+060 -8.099520e+060 -1.025153e+061 -1.170502e+061 -1.214853e+061 -1.143220e+061 -9.518238e+060 -6.521324e+060 1.184778e+059 
2.359399e+062 -1.234220e+060 -3.203483e+060 -5.603034e+060 -8.056975e+060 -1.016907e+061 -1.157292e+061 -1.198505e+061 -1.124261e+061 -9.326479e+060 -6.363865e+060 1.161461e+059 
2.362110e+062 -3.514235e+059 -9.161024e+059 -1.609578e+060 -2.330924e+060 -2.963241e+060 -3.405616e+060 -3.564872e+060 -3.384998e+060 -2.847095e+060 -1.972057e+060 9.985573e+057 
2.362998e+062 -1.431508e+059 -3.738673e+059 -6.565679e+059 -9.473571e+059 -1.202306e+060 -1.378073e+060 -1.437630e+060 -1.360149e+060 -1.140255e+060 -7.870361e+059 1.632111e+057 
2.362939e+062 -1.568479e+059 -4.086652e+059 -7.182051e+059 -1.039851e+060 -1.321486e+060 -1.516946e+060 -1.586095e+060 -1.504227e+060 -1.264406e+060 -8.751840e+059 1.977664e+057 
2.363260e+062 -4.520955e+058 -1.197164e+059 -2.115153e+059 -3.099265e+059 -3.985184e+059 -4.633526e+059 -4.921401e+059 -4.745049e+059 -4.063956e+059 -2.862545e+059 1.837744e+056 
2.363256e+062 -4.738645e+058 -1.250868e+059 -2.215704e+059 -3.241953e+059 -4.173777e+059 -4.846811e+059 -5.147680e+059 -4.957175e+059 -4.241503e+059 -2.991206e+059 2.010578e+056 
2.363276e+062 -3.812278e+058 -1.005414e+059 -1.785801e+059 -2.620273e+059 -3.379603e+059 -3.939716e+059 -4.191582e+059 -4.052101e+059 -3.474797e+059 -2.459321e+059 1.324445e+056 
2.363280e+062 -3.775566e+058 -9.950911e+058 -1.761061e+059 -2.584288e+059 -3.339619e+059 -3.889906e+059 -4.137052e+059 -4.006081e+059 -3.434950e+059 -2.433056e+059 1.292672e+056 
2.363277e+062 -3.756402e+058 -9.955613e+058 -1.771620e+059 -2.591417e+059 -3.340357e+059 -3.891897e+059 -4.149043e+059 -4.007693e+059 -3.438176e+059 -2.434547e+059 1.295931e+056 
2.363276e+062 -3.729370e+058 -9.904626e+058 -1.765153e+059 -2.583182e+059 -3.330153e+059 -3.895765e+059 -4.140522e+059 -4.001617e+059 -3.436682e+059 -2.432966e+059 1.289663e+056 
2.363276e+062 -3.755781e+058 -9.934255e+058 -1.768438e+059 -2.597874e+059 -3.336957e+059 -3.893240e+059 -4.140873e+059 -4.013096e+059 -3.441531e+059 -2.439287e+059 1.295782e+056 
2.363277e+062 -3.779422e+058 -1.000291e+059 -1.778668e+059 -2.606328e+059 -3.361969e+059 -3.915115e+059 -4.160213e+059 -4.022981e+059 -3.451873e+059 -2.446028e+059 1.308471e+056 
