1.000000e-030   1.000000e-030   1.000000e-030   4.000000e-001   1.000000e-030   1.000000e-030   1.000000e-030   1.000000e-030   1.000000e-030   1.000000e-030   1.000000e-030   1.000000e-030   8.255554e-230   1.000000e-030   4.834832e-295   1.000000e-030   1.000000e-030   1.000000e-030   5.372035e-265   3.000000e-001   1.000000e-030   1.000000e-030   1.000000e-030   1.000000e-030   1.000000e-030   1.000000e-030   1.000000e-030   1.000000e-030   1.000000e-030   3.000000e-001   1.000000e-030   1.000000e-030   

1.000000e-030   1.000000e-030   1.000000e-030   1.000000e-030   1.000000e-030   1.000000e-030   1.000000e-030   1.000000e-030   1.000000e-030   3.525366e-242   1.000000e-030   1.000000e-030   8.255554e-229   1.000000e-030   7.683824e-244   1.000000e-030   1.000000e-030   1.000000e-030   1.000000e+000   1.000000e-030   1.000000e-030   1.000000e-030   1.000000e-030   1.000000e-030   1.000000e-030   1.000000e-030   1.000000e-030   1.000000e-030   1.000000e-030   8.926899e-261   1.000000e-030   1.000000e-030   

1.000000e-030   1.000000e-030   2.379026e-239   1.000000e-030   1.000000e-030   1.000000e-030   1.544947e-241   9.268740e-241   1.000000e-030   8.000000e-001   1.000000e-030   1.000000e-030   8.255554e-230   1.000000e-030   2.000000e-001   1.000000e-030   1.000000e-030   1.000000e-030   1.506910e-235   1.000000e-030   1.000000e-030   1.000000e-030   1.000000e-030   1.843344e-231   1.000000e-030   1.000000e-030   1.000000e-030   1.000000e-030   7.930063e-239   1.000000e-030   1.000000e-030   1.000000e-030   

1.000000e-030   1.000000e-030   1.553429e-001   1.000000e-030   1.000000e-030   1.000000e-030   1.553429e-001   3.106859e-001   1.000000e-030   5.464457e-306   1.000000e-030   1.386695e-219   2.232853e-001   1.000000e-030   1.701278e-138   1.000000e-030   1.000000e-030   1.000000e-030   1.346891e-232   1.000000e-030   1.000000e-030   1.000000e-030   1.000000e-030   2.905772e-230   1.000000e-030   1.000000e-030   1.000000e-030   1.000000e-030   1.553429e-001   1.372752e-231   1.000000e-030   1.000000e-030   

1.000000e-030   1.000000e-030   6.253241e-266   1.000000e-030   1.000000e-030   1.000000e-030   7.090873e-271   1.156132e-271   1.000000e-030   1.000000e-030   1.000000e-030   9.467339e-002   2.426128e-001   1.000000e-030   1.000000e-030   1.000000e-030   1.000000e-030   1.000000e-030   2.840202e-001   1.000000e-030   1.000000e-030   1.000000e-030   1.000000e-030   2.840202e-001   1.000000e-030   1.000000e-030   1.000000e-030   1.000000e-030   8.839909e-237   9.467339e-002   1.000000e-030   1.000000e-030   

