2.363289e+062 -3.879114e+058 -1.016891e+059 -1.803948e+059 -2.637315e+059 -3.394348e+059 -3.952805e+059 -4.202096e+059 -4.060022e+059 -3.480202e+059 -2.462714e+059 1.339483e+056 
2.363291e+062 -3.812614e+058 -1.000052e+059 -1.773215e+059 -2.593467e+059 -3.338334e+059 -3.888572e+059 -4.135016e+059 -3.995654e+059 -3.426756e+059 -2.425837e+059 1.296282e+056 
2.363289e+062 -3.855414e+058 -1.010893e+059 -1.791719e+059 -2.620575e+059 -3.373346e+059 -3.929956e+059 -4.179038e+059 -4.038099e+059 -3.462995e+059 -2.451557e+059 1.323980e+056 
2.363286e+062 -3.883976e+058 -1.018541e+059 -1.805204e+059 -2.640128e+059 -3.397787e+059 -3.957531e+059 -4.208246e+059 -4.066399e+059 -3.487060e+059 -2.468189e+059 1.343117e+056 
2.363288e+062 -3.870103e+058 -1.014943e+059 -1.799572e+059 -2.633106e+059 -3.391235e+059 -3.950251e+059 -4.199536e+059 -4.058289e+059 -3.479629e+059 -2.463307e+059 1.336609e+056 
2.363292e+062 -3.783289e+058 -9.936216e+058 -1.762336e+059 -2.578145e+059 -3.320343e+059 -3.868718e+059 -4.114731e+059 -3.975308e+059 -3.409193e+059 -2.413830e+059 1.281807e+056 
2.363293e+062 -3.789789e+058 -9.942275e+058 -1.762910e+059 -2.578523e+059 -3.319554e+059 -3.866301e+059 -4.110664e+059 -3.973134e+059 -3.406944e+059 -2.411955e+059 1.281370e+056 
2.363291e+062 -3.807020e+058 -9.982103e+058 -1.771403e+059 -2.591027e+059 -3.336032e+059 -3.886411e+059 -4.133354e+059 -3.996034e+059 -3.426863e+059 -2.426355e+059 1.294594e+056 
2.363289e+062 -3.853569e+058 -1.011465e+059 -1.793646e+059 -2.623250e+059 -3.376163e+059 -3.932413e+059 -4.181975e+059 -4.041619e+059 -3.466100e+059 -2.453611e+059 1.325939e+056 
2.363290e+062 -3.861543e+058 -1.013981e+059 -1.798522e+059 -2.630646e+059 -3.386460e+059 -3.944025e+059 -4.193324e+059 -4.051457e+059 -3.474396e+059 -2.459836e+059 1.333016e+056 
2.363213e+062 -4.326196e+058 -1.094988e+059 -1.865883e+059 -2.688396e+059 -3.460452e+059 -4.060647e+059 -4.361913e+059 -4.204767e+059 -3.562552e+059 -2.494651e+059 1.440703e+056 
2.319618e+062 -3.638573e+059 5.136501e+060 7.539840e+060 4.261977e+060 -1.868711e+059 -8.577373e+060 -1.516624e+061 -1.060424e+061 -7.407594e+059 1.958390e+060 -5.335775e+058 
2.252815e+062 -4.528720e+060 1.354532e+061 3.667715e+061 3.767103e+061 1.571081e+061 -1.519865e+061 -2.869779e+061 -1.472245e+061 6.664496e+060 1.169465e+061 -6.677910e+059 
2.254947e+062 -3.649810e+060 1.449789e+061 3.392444e+061 3.093281e+061 8.468921e+060 -1.682564e+061 -2.701415e+061 -1.462384e+061 4.975303e+060 9.593973e+060 -5.152318e+059 
2.285657e+062 -2.970091e+060 6.362819e+060 1.593730e+061 1.075924e+061 -2.202984e+060 -1.955087e+061 -2.820757e+061 -2.106730e+061 -7.521199e+060 -2.321903e+058 -2.463830e+059 
2.250408e+062 -5.135728e+060 9.709516e+060 2.701641e+061 2.384337e+061 4.606063e+060 -2.257080e+061 -3.740654e+061 -2.840570e+061 -7.559096e+060 3.464001e+060 -7.015142e+059 
2.202664e+062 -8.636676e+060 1.601436e+061 5.098702e+061 5.475281e+061 2.262973e+061 -2.263977e+061 -4.341410e+061 -2.587190e+061 4.235756e+060 1.418295e+061 -1.696555e+060 
2.277001e+062 -5.206505e+060 6.074669e+060 2.254445e+061 2.308372e+061 5.136291e+060 -2.015897e+061 -3.263654e+061 -2.345925e+061 -5.588623e+060 3.134479e+060 -5.252043e+059 
2.265616e+062 -5.044926e+060 9.232601e+060 2.724451e+061 2.653062e+061 6.123119e+060 -1.958082e+061 -3.183195e+061 -2.196078e+061 -2.534863e+060 5.735082e+060 -6.061151e+059 
2.246831e+062 -4.751856e+060 1.353484e+061 3.408503e+061 3.336654e+061 1.309882e+061 -1.351681e+061 -2.991773e+061 -2.257766e+061 -5.438356e+059 9.952406e+060 -7.749110e+059 
2.299490e+062 -3.846118e+060 6.336262e+060 2.099262e+061 2.075441e+061 2.312161e+060 -1.765358e+061 -2.180802e+061 -1.026066e+061 2.214500e+060 4.532992e+060 -2.559091e+059 
2.357570e+062 -5.188334e+059 3.280522e+058 1.049872e+060 9.796214e+059 -6.931638e+059 -2.798473e+060 -3.656476e+060 -2.769877e+060 -1.230232e+060 -3.558689e+059 -1.353794e+057 
2.361634e+062 -4.343603e+059 -9.879087e+059 -1.643002e+060 -2.431151e+060 -3.262056e+060 -3.914996e+060 -4.145227e+060 -3.833652e+060 -3.071794e+060 -2.048816e+060 1.213169e+058 
2.362700e+062 -2.029249e+059 -4.985827e+059 -8.614684e+059 -1.266570e+060 -1.657451e+060 -1.953971e+060 -2.073758e+060 -1.965904e+060 -1.636048e+060 -1.127293e+060 3.165351e+057 
2.363258e+062 -5.257633e+058 -1.354663e+059 -2.394501e+059 -3.516106e+059 -4.547008e+059 -5.304459e+059 -5.629489e+059 -5.406165e+059 -4.601142e+059 -3.239794e+059 2.384750e+056 
2.363170e+062 -7.718740e+058 -1.988875e+059 -3.480011e+059 -5.033614e+059 -6.412995e+059 -7.385313e+059 -7.740343e+059 -7.358078e+059 -6.205777e+059 -4.326485e+059 4.699530e+056 
2.354439e+062 -1.460313e+059 1.837203e+060 3.850299e+060 3.011869e+060 -2.245600e+059 -2.385648e+060 -1.228113e+060 1.398257e+060 2.241741e+060 9.864993e+059 3.680517e+057 
2.361977e+062 -1.077880e+059 5.602718e+058 3.039306e+059 2.154247e+059 -2.919708e+059 -8.132575e+059 -8.861420e+059 -5.362070e+059 -1.851354e+059 -9.488362e+058 -4.691540e+055 
2.363203e+062 -4.590230e+058 -9.941858e+058 -1.579914e+059 -2.331550e+059 -3.210164e+059 -3.965839e+059 -4.258800e+059 -3.978383e+059 -3.273984e+059 -2.284253e+059 1.248170e+056 
2.363203e+062 -5.504500e+058 -1.332200e+059 -2.215945e+059 -3.118153e+059 -3.912191e+059 -4.441523e+059 -4.546462e+059 -4.169913e+059 -3.395189e+059 -2.313201e+059 1.723167e+056 
2.363244e+062 -4.831610e+058 -1.207600e+059 -2.040075e+059 -2.862757e+059 -3.564999e+059 -4.044953e+059 -4.204183e+059 -3.981350e+059 -3.355905e+059 -2.343747e+059 1.489224e+056 
2.363219e+062 -5.799473e+058 -1.451455e+059 -2.445457e+059 -3.389997e+059 -4.139216e+059 -4.571462e+059 -4.600033e+059 -4.210205e+059 -3.435799e+059 -2.332855e+059 1.887879e+056 
2.363197e+062 -6.474593e+058 -1.614611e+059 -2.704336e+059 -3.725278e+059 -4.503509e+059 -4.916639e+059 -4.879259e+059 -4.389544e+059 -3.516387e+059 -2.341899e+059 2.177433e+056 
2.363265e+062 -4.516227e+058 -1.149642e+059 -1.975996e+059 -2.807601e+059 -3.532210e+059 -4.036760e+059 -4.217877e+059 -4.013786e+059 -3.396661e+059 -2.379697e+059 1.451787e+056 
2.363250e+062 -4.826068e+058 -1.216832e+059 -2.077147e+059 -2.940223e+059 -3.678772e+059 -4.169777e+059 -4.309510e+059 -4.048049e+059 -3.384157e+059 -2.347927e+059 1.545302e+056 
2.363276e+062 -4.135126e+058 -1.060193e+059 -1.845504e+059 -2.667171e+059 -3.409435e+059 -3.954333e+059 -4.191928e+059 -4.038273e+059 -3.456077e+059 -2.443458e+059 1.367439e+056 
2.363256e+062 -4.548618e+058 -1.151039e+059 -1.970469e+059 -2.799202e+059 -3.514833e+059 -4.002769e+059 -4.162324e+059 -3.935902e+059 -3.313820e+059 -2.317026e+059 1.425031e+056 
2.363020e+062 -1.108504e+059 -2.684498e+059 -4.289603e+059 -5.526302e+059 -6.111711e+059 -5.973498e+059 -5.199698e+059 -4.028744e+059 -2.738843e+059 -1.545001e+059 3.187864e+056 
