2.363278e+062 -3.787799e+058 -1.002817e+059 -1.774347e+059 -2.604437e+059 -3.360656e+059 -3.925020e+059 -4.168674e+059 -4.032870e+059 -3.460765e+059 -2.453839e+059 1.311678e+056 
2.363275e+062 -3.760536e+058 -9.894371e+058 -1.761331e+059 -2.582421e+059 -3.328046e+059 -3.891031e+059 -4.134789e+059 -4.005192e+059 -3.431393e+059 -2.433433e+059 1.289071e+056 
2.363271e+062 -3.765922e+058 -9.937584e+058 -1.766395e+059 -2.590165e+059 -3.317179e+059 -3.884401e+059 -4.133446e+059 -4.009596e+059 -3.441342e+059 -2.442788e+059 1.291944e+056 
2.363277e+062 -3.718501e+058 -9.827749e+058 -1.745102e+059 -2.546293e+059 -3.285405e+059 -3.812951e+059 -4.076110e+059 -3.949237e+059 -3.393209e+059 -2.404328e+059 1.256033e+056 
2.363276e+062 -3.804292e+058 -1.006669e+059 -1.785894e+059 -2.614637e+059 -3.370339e+059 -3.931274e+059 -4.183767e+059 -4.048330e+059 -3.473168e+059 -2.460321e+059 1.321251e+056 
2.363272e+062 -3.759780e+058 -9.922144e+058 -1.761616e+059 -2.579573e+059 -3.317953e+059 -3.885372e+059 -4.137893e+059 -4.009358e+059 -3.439322e+059 -2.439561e+059 1.289431e+056 
2.363271e+062 -3.787490e+058 -9.948546e+058 -1.774510e+059 -2.590484e+059 -3.341547e+059 -3.908544e+059 -4.162480e+059 -4.033177e+059 -3.465081e+059 -2.452660e+059 1.304784e+056 
2.363278e+062 -3.699756e+058 -9.807796e+058 -1.743021e+059 -2.553029e+059 -3.305572e+059 -3.840941e+059 -4.088228e+059 -3.956460e+059 -3.395103e+059 -2.407027e+059 1.261023e+056 
2.363269e+062 -3.667350e+058 -9.818874e+058 -1.749750e+059 -2.563817e+059 -3.305491e+059 -3.854369e+059 -4.100037e+059 -3.978945e+059 -3.423436e+059 -2.429830e+059 1.268983e+056 
2.363276e+062 -3.759795e+058 -9.977188e+058 -1.770649e+059 -2.596182e+059 -3.338873e+059 -3.902858e+059 -4.140305e+059 -4.021098e+059 -3.441507e+059 -2.435045e+059 1.298279e+056 
2.363103e+062 -8.295797e+058 -2.163419e+059 -3.820926e+059 -5.550906e+059 -7.088666e+059 -8.193924e+059 -8.633693e+059 -8.251729e+059 -6.992726e+059 -4.878981e+059 5.763263e+056 
2.353461e+062 -3.056289e+060 -7.840784e+060 -1.348716e+061 -1.898228e+061 -2.331985e+061 -2.568021e+061 -2.558792e+061 -2.295325e+061 -1.807903e+061 -1.162230e+061 5.787445e+059 
2.348498e+062 -1.664472e+060 -6.384763e+060 -1.000717e+061 -1.391211e+061 -1.917388e+061 -2.006812e+061 -2.001469e+061 -1.879237e+061 -1.433661e+061 -9.428690e+060 3.430879e+059 
2.337677e+062 2.285023e+060 -3.090441e+059 1.688753e+060 1.676776e+060 -3.274695e+060 -7.649141e+059 -5.926898e+059 -3.358892e+060 -1.629423e+060 -1.528605e+060 -8.070332e+057 
2.326294e+062 3.562122e+060 4.026659e+059 4.325334e+060 3.728430e+060 -1.265292e+060 5.821630e+059 8.246100e+059 -6.051945e+059 -1.790632e+060 -1.055055e+060 -7.880330e+057 
2.202600e+062 1.810992e+061 1.088757e+061 3.343643e+061 3.533150e+061 3.165498e+061 3.791061e+061 3.260091e+061 3.616272e+061 2.386564e+061 1.303777e+061 1.686597e+060 
1.367180e+062 9.991866e+061 4.879361e+061 2.097511e+062 3.632518e+062 3.214525e+062 5.449456e+062 7.124283e+062 7.310355e+062 8.333912e+062 7.508151e+062 3.841064e+062 
1.947925e+062 3.943711e+061 1.413054e+061 9.420965e+061 1.164228e+062 6.983825e+061 1.215286e+062 1.027731e+062 8.518381e+061 8.954802e+061 5.256544e+061 1.317204e+061 
2.183491e+062 2.156396e+060 1.088780e+060 3.216880e+061 4.781894e+061 1.973884e+061 2.361563e+060 -1.417985e+061 -2.646585e+061 -1.151502e+061 -3.705713e+060 -6.028523e+059 
2.321488e+062 -1.609716e+060 -4.745697e+060 -3.250219e+060 -8.422238e+060 -2.156199e+061 -2.649729e+061 -2.801907e+061 -2.370707e+061 -1.482975e+061 -1.026133e+061 3.224293e+059 
2.335797e+062 -3.336458e+060 -6.209354e+060 -8.343018e+060 -1.418066e+061 -2.415155e+061 -3.119368e+061 -3.192764e+061 -2.704171e+061 -1.943863e+061 -1.236290e+061 5.724692e+059 
2.321476e+062 -4.540201e+060 -4.660686e+060 -2.404990e+060 -7.549645e+060 -2.260591e+061 -3.642064e+061 -3.946862e+061 -3.102114e+061 -1.888688e+061 -1.073840e+061 4.785373e+059 
2.329616e+062 -4.099720e+060 -5.474089e+060 -4.835617e+060 -9.727310e+060 -2.142819e+061 -3.278555e+061 -3.577340e+061 -2.884081e+061 -1.871989e+061 -1.071625e+061 4.882590e+059 
2.332833e+062 -4.676844e+060 -7.121448e+060 -7.847377e+060 -1.241970e+061 -2.261534e+061 -3.326035e+061 -3.707091e+061 -3.160690e+061 -2.147287e+061 -1.209923e+061 6.373932e+059 
2.338339e+062 -5.032807e+060 -1.126115e+061 -1.640101e+061 -2.296485e+061 -3.109457e+061 -3.713668e+061 -3.966415e+061 -3.586775e+061 -2.649695e+061 -1.601467e+061 1.161334e+060 
2.342292e+062 -5.333698e+060 -1.234134e+061 -1.982155e+061 -2.734052e+061 -3.390404e+061 -3.789987e+061 -3.805101e+061 -3.398696e+061 -2.628894e+061 -1.632505e+061 1.301828e+060 
2.345736e+062 -3.968544e+060 -9.016397e+060 -1.527503e+061 -2.276754e+061 -2.952880e+061 -3.285589e+061 -3.189469e+061 -2.786879e+061 -2.191072e+061 -1.432064e+061 8.728879e+059 
2.341198e+062 -6.751141e+060 -1.710163e+061 -2.894080e+061 -3.994159e+061 -4.795659e+061 -5.138505e+061 -4.948932e+061 -4.255935e+061 -3.183636e+061 -1.922298e+061 2.378078e+060 
2.335980e+062 -8.354047e+060 -2.108311e+061 -3.539403e+061 -4.825448e+061 -5.701665e+061 -5.993407e+061 -5.647546e+061 -4.737950e+061 -3.444148e+061 -2.008743e+061 3.288566e+060 
2.338987e+062 -7.353512e+060 -1.845547e+061 -3.078199e+061 -4.166726e+061 -4.888445e+061 -5.107803e+061 -4.796126e+061 -4.026210e+061 -2.946868e+061 -1.746014e+061 2.410465e+060 
2.345661e+062 -5.230299e+060 -1.304418e+061 -2.160988e+061 -2.903039e+061 -3.376386e+061 -3.492642e+061 -3.241838e+061 -2.686501e+061 -1.940021e+061 -1.135555e+061 1.110173e+060 
2.356132e+062 -2.233221e+060 -5.666613e+060 -9.625696e+060 -1.336813e+061 -1.622229e+061 -1.769885e+061 -1.754609e+061 -1.575924e+061 -1.254000e+061 -8.236633e+060 2.820381e+059 
2.356535e+062 -2.074158e+060 -5.223862e+060 -8.794135e+060 -1.209067e+061 -1.452235e+061 -1.569550e+061 -1.544534e+061 -1.381663e+061 -1.099832e+061 -7.263177e+060 2.257941e+059 
2.360809e+062 -7.554253e+059 -1.914201e+060 -3.248424e+060 -4.508546e+060 -5.467981e+060 -5.962460e+060 -5.906269e+060 -5.300218e+060 -4.211759e+060 -2.760732e+060 3.162933e+058 
2.361391e+062 -6.207320e+059 -1.596416e+060 -2.757693e+060 -3.906748e+060 -4.843717e+060 -5.401591e+060 -5.469774e+060 -5.008411e+060 -4.047241e+060 -2.685956e+060 2.533058e+058 
2.363119e+062 -8.854040e+058 -2.299837e+059 -4.014041e+059 -5.770307e+059 -7.268166e+059 -8.260326e+059 -8.548784e+059 -8.025826e+059 -6.684260e+059 -4.593341e+059 5.897683e+056 
2.363274e+062 -3.964567e+058 -1.047841e+059 -1.860490e+059 -2.722363e+059 -3.510200e+059 -4.077405e+059 -4.330385e+059 -4.170094e+059 -3.579010e+059 -2.528105e+059 1.421076e+056 
2.363276e+062 -3.805223e+058 -1.005847e+059 -1.781806e+059 -2.610112e+059 -3.360610e+059 -3.926556e+059 -4.175386e+059 -4.037283e+059 -3.464760e+059 -2.457428e+059 1.316451e+056 
2.363276e+062 -3.782636e+058 -9.992967e+058 -1.775904e+059 -2.606751e+059 -3.362309e+059 -3.920268e+059 -4.165275e+059 -4.029439e+059 -3.458445e+059 -2.451017e+059 1.310070e+056 
2.363278e+062 -3.750720e+058 -9.925751e+058 -1.763154e+059 -2.589805e+059 -3.333958e+059 -3.876490e+059 -4.128089e+059 -3.991158e+059 -3.428408e+059 -2.429495e+059 1.287952e+056 
2.363278e+062 -3.788866e+058 -9.974113e+058 -1.771143e+059 -2.592005e+059 -3.338605e+059 -3.897408e+059 -4.141466e+059 -4.019928e+059 -3.445057e+059 -2.442894e+059 1.299427e+056 
2.363275e+062 -3.788386e+058 -9.934482e+058 -1.768157e+059 -2.588002e+059 -3.342992e+059 -3.888559e+059 -4.143584e+059 -4.011269e+059 -3.443959e+059 -2.441465e+059 1.296642e+056 
2.363277e+062 -3.713914e+058 -9.863092e+058 -1.753891e+059 -2.570597e+059 -3.317297e+059 -3.866126e+059 -4.113374e+059 -3.990506e+059 -3.419388e+059 -2.421531e+059 1.276500e+056 
2.363277e+062 -3.721866e+058 -9.906202e+058 -1.764573e+059 -2.576594e+059 -3.329027e+059 -3.886484e+059 -4.136227e+059 -4.004333e+059 -3.434404e+059 -2.438379e+059 1.287729e+056 
