-2
-2
0
1
1
2
3
4
4
4
4
4
4
4
3
4
4
4
4
4
2
1
0
0
0
0
2
1
0
0
1
0
-1
1
1
1
0
0
0
-1
-2
-2
-1
-1
-1
-2
-2
-1
-3
-2
-1
-1
-2
-1
0
0
-1
-1
-1
-1
0
0
1
1
1
1
1
1
1
2
4
4
5
5
7
7
6
5
6
6
7
7
5
6
6
5
4
3
3
3
2
2
2
2
2
2
3
3
3
2
2
1
2
0
1
0
-1
0
0
-1
-2
-3
-3
-4
-4
-4
-4
-3
-3
-3
-2
-4
-4
-4
-4
-4
-3
-2
-3
-2
-3
-3
-3
-3
-4
-4
-2
-4
-3
-2
-3
-1
0
1
0
1
2
1
1
2
2
3
2
4
3
2
2
1
0
0
0
1
0
2
1
2
1
0
0
0
0
0
1
1
3
2
-1
-2
-2
-1
-1
0
1
2
1
0
1
0
0
-2
-2
-1
-2
-2
-2
-1
-1
0
-1
-1
-3
-2
-2
-3
-1
-2
-1
-2
-2
-1
-1
-1
0
0
1
-2
0
1
3
4
3
1
0
1
1
1
3
2
1
-1
-1
-2
-3
0
1
1
0
0
-2
-2
-2
-2
0
0
1
0
-1
-1
-2
-3
-2
-2
-2
-2
-2
-3
-4
-3
-4
-5
-5
-5
-6
-5
-3
-2
-4
-5
-7
-5
-4
-4
-3
-2
-2
-2
0
-1
0
2
1
1
0
2
2
1
2
4
3
2
4
2
3
1
-1
-2
-2
-4
-4
-3
-3
-2
-2
-3
-3
-3
-3
-2
-1
0
-2
-1
-1
0
1
4
2
1
2
0
2
2
2
2
1
2
1
1
4
3
3
5
5
2
3
2
4
4
4
5
5
5
7
9
7
4
5
6
5
6
5
5
5
5
4
5
8
5
2
2
5
3
4
4
4
4
4
3
2
3
4
4
3
4
1
2
4
3
3
2
6
5
3
1
0
-1
-3
-2
-1
1
0
0
-1
0
-5
-5
-5
-2
-1
0
-2
-3
-1
-3
-3
-3
-3
-3
-1
-1
-2
-1
-4
-4
-5
-3
-2
-3
-1
1
-2
-4
-3
-3
-3
-3
-2
-1
-4
-4
-1
1
-1
-3
-3
-2
-6
-6
-4
0
-3
-4
-4
-8
-10
-8
-6
-6
-6
-6
-6
-4
-4
-6
-3
-4
-4
-4
-4
-3
-5
-3
-2
-3
-2
-3
-3
-6
-4
-6
-3
-2
-2
-1
-1
-1
0
-2
-1
-1
-1
-1
-2
2
3
1
0
1
0
1
1
0
1
1
4
9
8
5
5
3
3
0
3
5
7
4
7
6
2
-1
-1
-1
-3
-2
1
4
2
1
0
1
-2
-5
1
6
4
3
7
9
6
5
10
8
7
7
12
12
5
4
7
6
0
1
3
-2
-5
-2
2
3
1
-1
0
-5
-6
-5
0
-4
-6
-3
-4
-8
-9
-5
-4
0
-1
0
-2
-5
-3
-2
2
-6
-13
-3
-2
-6
-3
5
6
-5
-1
3
4
0
-4
1
1
2
2
6
7
3
-3
-2
2
0
-2
-1
0
1
1
0
3
1
4
1
3
8
2
2
3
3
-1
4
6
2
1
-4
1
0
3
7
7
3
-5
-3
1
1
0
-1
1
-5
-10
-3
5
-4
-9
-5
0
-7
-13
-2
-2
-5
-8
-3
-4
-8
-11
-1
9
-1
-8
-6
1
-7
-5
7
7
-2
-4
10
7
1
2
5
3
-1
6
13
8
2
6
14
13
-5
-1
12
12
5
12
21
6
2
0
13
14
5
4
4
3
-1
6
13
6
0
2
0
1
1
7
4
-1
1
1
-2
-7
-4
-2
2
2
-1
4
-1
-6
-6
-2
-8
-13
-13
-12
-8
-8
-3
-4
-8
-12
-11
-2
-2
-7
-13
-15
-20
-16
-4
-2
-13
-14
-12
-11
-5
-8
-11
-12
-4
-3
0
-3
-7
-4
2
8
5
-4
-20
-12
2
4
3
-2
1
-5
-6
1
3
-2
-9
2
14
12
5
-2
7
11
8
14
16
2
-4
6
20
12
7
5
2
7
1
4
0
-2
-11
1
12
-4
0
-1
-8
-9
-2
7
-5
-6
4
1
4
-10
-4
8
-1
-6
-8
6
6
-1
5
11
0
-16
7
13
8
-2
-8
8
7
11
1
4
0
-13
7
23
9
2
-2
-2
14
6
6
11
4
7
14
24
21
0
14
8
24
24
-5
8
1
19
31
15
-4
-8
11
1
10
7
-9
-4
-2
11
13
10
-21
-31
-4
3
6
-11
-27
-23
-8
7
7
-5
-13
-35
-24
-12
-7
-9
-25
-20
-11
0
-4
-12
-21
-25
-28
-18
-7
-9
-14
-27
-13
-9
-8
-1
-14
-16
-20
-8
1
4
5
-11
-11
-4
-1
9
-2
-16
-16
5
4
14
18
5
-8
6
25
27
25
-10
-7
8
26
15
21
20
-4
0
16
18
15
-14
-21
-5
13
20
1
11
-21
-16
-6
-3
0
-16
-25
-26
-3
14
3
1
-4
-12
0
9
1
4
0
-22
-3
2
7
-3
1
4
-6
8
1
-5
6
-6
-7
17
9
11
15
0
-5
3
1
12
9
0
-10
5
18
4
22
-6
-18
-1
9
16
9
14
5
11
15
3
16
9
2
8
3
12
5
8
3
5
13
-11
-1
-1
1
12
4
0
-10
-15
-7
-3
2
-12
-5
24
25
4
-7
6
-7
-17
-27
-9
1
-9
-6
15
22
-1
-7
5
6
4
-8
-11
5
-8
11
27
21
-17
-22
-13
-23
-6
5
-19
-27
-28
-9
25
13
-31
-56
-16
-8
-2
-17
-19
-13
-21
-8
-12
-12
-42
-42
-21
-3
10
-5
-19
-17
2
-13
4
11
-20
-23
-8
38
18
1
14
-9
-16
-9
0
9
3
8
0
-3
26
-6
20
29
-17
-12
-1
40
40
42
26
-6
-4
31
76
33
3
-37
-26
39
65
30
-25
-19
2
25
55
43
3
-31
-37
-14
55
53
-9
-24
-36
-6
37
45
11
-33
-27
-23
31
45
-19
-25
-27
-31
14
50
-1
-15
-4
9
45
42
-15
1
21
-6
9
5
15
18
3
-7
8
49
11
10
26
-10
10
5
-9
8
15
13
6
11
10
18
26
-7
-15
-11
-13
-24
3
-22
-35
-23
-29
6
23
-19
-41
-20
-14
-14
-4
-9
-22
16
7
-12
23
21
-14
-14
-13
-17
-18
-21
-36
-40
2
-15
-19
1
-20
-40
-17
6
-14
-12
-8
-3
-1
-11
-7
4
9
-1
-13
-7
-18
-14
-4
11
3
5
-15
-18
-6
-24
-5
-27
7
29
1
-15
-30
22
22
-8
-4
-26
7
-6
4
27
-1
0
-17
5
-1
-26
-13
0
25
12
4
8
2
-4
1
13
-2
4
-24
-14
42
53
45
-2
-44
-30
22
24
17
-4
-20
2
45
52
0
-3
-8
6
10
7
4
7
-5
18
28
33
-8
-11
-14
-28
8
-13
26
17
-11
-16
-8
19
11
10
-10
-21
-18
-12
14
15
-8
16
9
-21
-18
-29
-28
5
50
1
-16
-2
0
27
7
-19
-14
-15
-22
0
9
36
47
19
-13
-4
0
-10
19
6
-24
-5
-4
1
52
59
-28
-53
-28
-31
27
5
-10
-33
-29
-6
16
41
-38
-15
-11
-6
11
16
25
15
6
0
18
35
0
-30
10
-9
13
7
11
-9
-10
4
-19
16
0
10
-20
0
38
5
-16
-64
-24
-1
7
10
-21
-4
14
21
36
3
-19
-37
-37
14
17
9
0
-1
-25
12
39
13
15
-1
-5
5
35
27
-34
7
-5
10
11
-11
27
-14
3
-10
-6
31
4
0
5
14
13
-15
27
-1
-8
39
-6
33
23
-16
-36
-31
40
36
45
-53
-81
3
26
60
5
-46
-89
-2
49
14
-13
-48
-63
1
-2
11
13
-61
-51
-17
48
-8
-30
-36
-40
10
-24
-17
6
-44
-20
10
46
9
-35
-11
-36
24
16
-2
36
-48
-23
57
40
21
-33
-23
11
10
24
-8
27
2
-22
29
29
-11
-13
9
-7
10
-24
6
58
21
-21
-36
-19
13
10
-4
-19
-19
-26
-9
17
-4
2
-11
-32
-29
-4
-1
-12
-13
-23
-25
5
7
-2
14
-22
-34
6
-6
17
-1
-25
-5
10
20
20
5
-24
9
34
33
-15
21
-3
-6
39
13
1
-40
-16
1
27
21
2
-22
-11
1
33
13
1
29
-7
33
21
-3
36
21
-2
-14
15
16
48
23
-18
-8
-7
26
-34
-3
15
1
65
27
17
20
-15
12
-4
12
12
-31
31
51
28
-4
-24
-41
-6
14
25
14
-46
24
-10
26
15
-63
-15
-41
11
11
45
32
-46
-18
-37
3
8
-81
-78
-44
-5
0
16
2
-53
-22
-6
-1
20
3
-37
-27
-20
-11
21
23
-14
-13
-7
28
56
42
10
-45
-30
16
16
-23
-4
52
38
41
28
43
12
7
-67
-35
51
12
15
-11
-1
34
34
16
-12
-72
-26
16
44
-26
4
21
-20
38
26
-2
0
24
-21
23
64
-8
-34
-13
-18
-25
-1
14
-24
-4
1
11
15
-10
14
-33
2
61
17
-7
15
30
23
38
57
-21
15
51
6
33
23
-10
2
23
-11
-41
2
30
-1
-26
-31
14
-7
30
37
-5
-9
-40
-51
23
49
9
-64
-33
22
35
38
-30
-43
-34
2
33
19
2
8
-14
-7
36
37
-37
-8
-17
-28
36
31
7
-28
7
-56
-45
12
-2
-21
22
30
-4
54
-8
10
-31
-24
16
-56
-1
17
3
26
-18
-2
-26
-35
-8
-61
19
14
-52
28
36
-5
6
-38
-24
-1
-37
-50
-23
13
16
35
1
-114
-38
-15
-38
-15
-27
-91
-8
10
-41
23
13
-21
-27
-21
-56
32
22
-30
-21
42
-20
39
64
-1
-43
-48
-8
72
65
-71
-25
26
-1
-17
19
5
-16
-24
0
13
26
30
11
8
2
-70
-18
43
60
4
-44
-13
8
13
78
15
-47
-43
-41
40
62
55
-12
-52
7
-8
7
8
-14
-15
-42
15
10
-13
-1
-13
-24
-23
-12
0
-19
38
10
32
17
-9
4
-10
7
-23
9
-12
-55
27
22
25
0
-25
3
-12
-23
9
31
1
-20
4
29
16
-2
3
48
-3
-26
-36
56
31
0
26
-17
7
-59
-25
35
54
19
-49
8
17
6
10
-13
21
-20
-35
-30
17
77
15
-3
-2
-28
22
27
29
-11
-65
-28
29
44
40
-25
-34
38
15
-3
-24
-1
-10
-22
19
-51
-8
-12
14
6
-6
15
-65
30
-21
-12
11
-53
-45
-47
19
87
7
3
-48
6
8
-10
88
3
-30
-40
-50
49
51
37
-31
-27
-3
20
90
44
-9
-10
-5
21
44
-1
22
-16
-37
45
92
21
9
-34
4
29
26
-16
-27
20
-37
34
60
-13
-37
-47
19
50
-7
-28
-30
15
41
51
28
1
-24
-62
3
51
27
-63
-24
1
25
49
7
-74
-14
-5
-44
-13
-9
13
34
51
21
10
-17
4
24
65
-18
-14
-36
42
32
4
11
-30
-23
-46
40
-24
-23
-1
-14
8
3
-35
-16
-17
-28
-28
-25
-9
17
-5
6
-4
-8
11
-12
-31
-45
-11
5
-16
-6
23
-44
13
17
21
1
-50
-35
-47
30
46
-6
1
-7
8
-1
-23
24
12
-24
-45
-27
-13
43
-36
-13
1
-18
24
-14
28
11
7
16
1
15
48
-39
-22
46
26
3
-26
-43
-41
8
-13
-41
-12
-55
-40
15
48
16
-13
-18
-27
34
27
-28
-7
-7
-52
31
33
-3
-16
-55
56
14
-13
-8
-64
30
63
8
6
-1
-19
32
47
36
-1
-15
13
39
36
42
26
9
16
2
33
-37
-5
46
4
-1
-71
-23
7
53
-12
-77
-8
-7
15
38
-17
-32
14
-24
3
-2
12
8
-24
-24
3
-10
33
27
-20
-17
-34
16
16
38
-9
-15
9
30
10
-7
5
-17
9
-21
-7
26
12
1
12
-8
3
17
24
14
-12
-15
-22
23
39
11
-12
-2
2
-13
30
-23
3
-19
-58
-6
-19
29
-33
-52
-22
0
9
-3
-63
-49
8
-22
-9
-34
-58
24
65
33
-42
-43
36
-6
-4
-20
-10
43
-1
10
36
40
-1
16
41
42
8
-27
39
48
57
42
-3
42
-9
27
62
7
63
33
-2
0
13
16
-32
-21
-40
-31
63
-15
-12
7
3
-24
-19
3
-68
-57
-26
14
-17
-34
-4
-27
39
12
-11
-14
-34
-5
-4
41
2
-5
-46
-7
24
7
26
2
-1
-50
45
21
17
95
2
-52
-6
60
85
39
6
-10
-24
81
28
37
22
-62
50
5
-9
-47
0
30
24
12
-72
3
-4
-25
28
-20
-45
-20
-10
-33
-23
30
-41
-15
7
-11
10
-3
-6
-21
-38
20
-22
19
23
-51
6
61
23
6
9
-2
-2
-16
13
4
6
-9
32
55
55
-7
-3
26
-19
-9
23
31
17
-11
8
49
96
-19
-39
26
-10
-6
-10
18
-28
-21
-38
-52
-12
4
-33
-40
-41
-27
11
-14
-13
-17
-17
-12
4
-37
5
-3
32
58
-30
-6
-105
14
34
-19
-43
-51
-34
-35
0
28
-13
-72
-7
-21
63
-15
11
-32
-5
25
14
25
15
32
-10
56
2
-30
-79
32
9
-32
-2
-30
35
-14
17
-11
-39
-28
-106
-11
62
45
75
-18
8
-56
-33
47
6
-36
-36
9
39
60
37
-1
-74
-23
-14
-27
19
12
-31
21
35
17
24
4
-7
-52
-7
43
50
40
14
8
-57
-4
50
17
23
-52
-19
6
56
20
-16
38
-9
-14
19
-41
-59
-4
-5
-7
0
5
-40
32
-5
-23
-4
-77
-45
-20
14
1
-21
30
14
3
-4
30
-29
-30
-6
-6
88
21
11
-6
16
35
-22
-11
33
48
46
-11
9
34
38
39
-17
-61
-12
48
52
118
88
46
-21
-60
12
10
-2
-47
-7
-7
-39
82
51
52
26
-61
-91
-28
1
-45
-67
-57
-24
50
77
-23
-63
-53
-23
-19
-20
-22
-35
-29
-6
96
78
30
-21
-104
-26
24
2
-3
11
-19
42
87
64
67
-61
-73
2
18
72
54
38
26
-53
36
92
15
39
-125
-16
33
23
81
15
29
-103
-26
24
-52
2
-61
-14
23
28
30
-8
-19
-26
-20
-48
8
0
25
-47
-13
65
98
105
-22
-75
-62
15
10
18
-14
-16
4
11
58
17
58
-74
-9
29
0
-6
-79
-63
-2
102
-29
-16
11
-7
1
-15
-49
-18
17
7
-16
14
28
30
4
38
46
-14
-57
-77
-7
-55
-1
38
9
28
-12
-57
16
19
10
-23
-6
-32
-25
30
-13
9
1
65
35
-69
-36
45
8
-13
-34
-93
-26
67
36
-17
-16
-42
-48
22
-44
-50
13
-38
-58
-8
25
46
19
-28
1
-12
4
20
-77
-65
-11
39
74
39
-4
9
-8
0
-1
-85
-29
-80
38
54
56
5
-68
80
55
20
-45
-52
-41
-72
-4
50
10
1
-34
-110
21
125
31
-43
-17
-67
-20
-7
-15
-14
16
102
24
32
-29
-65
-29
-1
-62
-55
-43
20
50
-1
35
-9
-19
-75
-46
27
25
61
46
12
-4
-26
-81
-25
4
-26
20
6
21
55
43
74
-26
-31
-67
-57
11
45
85
39
51
-6
20
7
6
-5
61
23
6
24
-11
105
82
17
-68
-73
2
5
15
-29
-35
-22
-25
46
120
87
37
-38
-49
68
93
20
-77
-68
-16
33
115
85
-4
-15
-102
15
29
-7
-36
-89
-4
-12
68
35
-18
11
-23
-41
-43
-4
-29
28
41
-30
83
23
44
34
-113
-62
-45
35
83
81
74
-57
-30
-13
-96
-64
-87
-46
60
115
78
44
22
-36
-77
-92
-124
-102
-42
-41
46
65
91
47
-3
-29
-134
-114
-25
57
16
24
-26
39
84
43
34
-77
-105
-120
-77
2
35
-33
5
10
48
74
5
-28
-52
-38
13
73
53
48
30
43
41
3
-23
-106
-59
-54
51
18
74
93
26
62
36
29
-70
-74
-38
-14
15
86
58
92
10
-9
4
27
-39
-59
-33
-53
42
34
36
-26
-74
-76
-22
-10
-5
-48
35
74
68
27
-19
-42
-50
70
15
72
-5
-11
10
55
88
1
-7
-51
-78
54
58
22
92
-87
-44
2
75
100
70
-8
-36
22
52
86
25
-47
-37
9
62
71
104
73
12
-8
-76
-82
-68
-84
-51
53
70
34
83
13
14
51
-93
-40
-59
-81
63
34
12
1
-1
19
-18
-10
-63
-47
1
-89
-33
-16
-50
13
1
5
11
-38
-105
-26
-17
-44
8
-29
-19
15
13
-6
-8
-33
-47
-35
-4
27
0
6
-30
-45
-20
-35
-22
-10
-33
-10
-28
-32
11
18
3
-55
-64
-63
-28
1
-33
-3
-17
7
35
25
18
-2
-30
-38
-31
-13
24
32
48
-17
3
35
-12
-4
-43
-46
-1
-3
36
41
23
-2
-11
11
-8
-31
-29
-3
45
36
35
29
25
30
10
-16
-35
-39
-32
-23
8
9
-1
17
-5
-5
14
-4
-3
-19
-30
5
-13
-10
-2
8
31
17
14
17
33
27
2
14
14
24
34
23
16
4
24
20
12
9
6
20
50
60
82
69
28
16
12
10
21
28
20
54
75
78
63
75
53
14
-6
-12
5
-2
-3
19
27
53
56
27
8
2
4
-31
-22
-18
-44
-26
-11
9
34
27
11
-1
-10
1
-1
1
-10
-14
-12
-17
3
-12
-10
4
-20
-6
-9
-14
-4
-20
-3
-8
-23
-29
-40
-23
-28
-36
-6
3
10
-20
-42
-32
-55
-51
-71
-66
-51
-51
-21
-33
-36
-41
-58
-54
-61
-59
-55
-62
-65
-89
-84
-81
-81
-75
-64
-52
-64
-49
-27
4
7
-11
10
9
23
43
15
43
45
29
57
47
69
57
37
73
49
53
71
67
89
63
56
52
31
40
23
27
31
19
17
15
14
20
30
48
46
35
64
74
83
91
88
97
77
70
56
52
52
41
36
32
4
-7
-3
-4
-6
-28
-38
-56
-66
-83
-116
-145
-178
-221
-258
-303
-342
-379
-416
-410
-383
-340
-291
-264
-235
-219
-199
-200
-227
-249
-280
-324
-356
-388
-409
-386
-380
-365
-320
-258
-183
-129
-84
-33
1
25
39
52
68
93
113
131
164
194
242
301
392
498
595
674
736
773
796
801
774
763
755
722
677
633
602
578
550
517
485
446
420
402
389
402
422
441
430
399
362
319
288
262
219
183
154
102
65
15
-27
-50
-88
-110
-144
-179
-197
-264
-340
-412
-511
-610
-738
-839
-894
-899
-877
-844
-809
-779
-734
-699
-679
-676
-720
-773
-838
-908
-950
-991
-1000
-1028
-1063
-1098
-1117
-1126
-1152
-1172
-1196
-1198
-1173
-1047
-723
-216
533
1440
2218
2698
2814
2787
2668
2333
1814
1137
551
139
-200
-352
-284
13
378
485
410
248
77
-68
-314
-541
-699
-787
-821
-834
-624
-138
473
1110
1557
1886
2107
2133
2061
1839
1567
1245
786
345
-13
-201
-229
-245
-263
-319
-438
-620
-881
-1083
-1166
-1190
-1125
-996
-724
-290
158
569
904
1135
1215
1062
783
491
251
89
-73
-161
-162
-102
-22
-21
-89
-225
-468
-783
-1150
-1477
-1701
-1870
-1957
-1989
-1928
-1731
-1488
-1233
-995
-789
-618
-576
-680
-888
-1140
-1393
-1652
-1871
-1987
-1901
-1488
-578
829
2286
3289
3621
3554
3380
2927
2096
1035
136
-369
-689
-851
-715
-112
761
1332
1397
1076
637
190
-432
-1010
-1322
-1350
-1164
-1020
-726
-53
890
1892
2610
2982
3082
2834
2333
1707
1176
819
487
187
-32
-100
-28
10
0
-45
-220
-618
-1218
-1780
-2111
-2175
-2026
-1658
-1046
-278
507
1136
1603
1930
1986
1700
1075
336
-233
-610
-761
-672
-372
98
462
602
573
342
-57
-675
-1436
-2129
-2632
-2830
-2720
-2317
-1681
-1006
-439
-82
83
114
32
-145
-473
-845
-1174
-1406
-1538
-1592
-1559
-1505
-1503
-1569
-1705
-1793
-1696
-1302
-312
1139
2506
3292
3380
3340
3338
3028
2346
1458
868
660
449
250
298
800
1386
1436
933
219
-324
-729
-1134
-1303
-1099
-624
-195
7
306
935
1676
2228
2410
2315
2067
1650
1121
745
663
773
880
806
672
575
351
-10
-478
-958
-1413
-2004
-2527
-2733
-2523
-1981
-1341
-629
108
752
1113
1098
933
698
398
-37
-553
-809
-748
-473
-103
258
657
907
783
334
-282
-816
-1241
-1625
-1913
-2004
-1855
-1567
-1219
-855
-562
-380
-395
-605
-821
-936
-879
-733
-579
-374
-201
-147
-255
-509
-855
-1240
-1640
-2043
-2350
-2371
-2006
-1106
486
2379
3915
4529
4245
3744
3141
2223
1067
-16
-405
-188
97
400
832
1525
1983
1614
605
-601
-1546
-2146
-2467
-2246
-1408
-289
644
1155
1547
1996
2232
2079
1584
1009
575
248
99
321
867
1515
1927
1916
1573
962
89
-929
-1856
-2455
-2684
-2720
-2538
-1920
-949
68
760
1057
1125
947
499
-117
-537
-532
-273
18
292
652
1060
1273
1121
717
271
-183
-695
-1197
-1451
-1337
-1045
-847
-841
-927
-1044
-1230
-1480
-1625
-1544
-1319
-1059
-840
-557
-146
195
368
292
65
-192
-548
-965
-1357
-1613
-1743
-1812
-1879
-1954
-1929
-1766
-1231
-71
1618
3173
3899
3694
3165
2823
2340
1564
775
483
881
1283
1396
1442
1617
1778
1307
197
-1020
-1900
-2317
-2403
-1972
-894
381
1217
1319
1054
904
824
619
336
236
466
813
1107
1478
1921
2237
2171
1603
812
-77
-999
-1691
-2052
-1994
-1649
-1367
-1172
-992
-726
-424
-333
-372
-398
-343
-257
-183
71
491
947
1141
969
766
578
395
159
-97
-143
-101
-158
-324
-519
-591
-594
-706
-982
-1294
-1503
-1610
-1621
-1468
-1071
-604
-295
-186
-167
-117
-66
-73
-92
-90
-106
-156
-291
-521
-745
-1059
-1480
-1931
-2362
-2581
-2678
-2541
-1924
-593
1515
3445
4406
4256
3494
2890
2145
1193
410
152
706
1382
1763
1984
2081
1947
1093
-339
-1724
-2681
-3109
-3036
-2215
-686
937
1876
1835
1284
729
304
-44
-196
73
686
1360
1880
2309
2680
2766
2348
1485
452
-478
-1205
-1723
-1870
-1591
-1109
-786
-820
-1017
-1158
-1267
-1305
-1189
-828
-316
81
374
693
1060
1264
1051
579
187
-15
-99
-155
-94
153
384
362
37
-368
-632
-824
-1049
-1223
-1214
-1049
-945
-969
-949
-788
-592
-551
-682
-752
-608
-278
69
326
510
515
265
-221
-796
-1272
-1684
-2038
-2328
-2456
-2305
-2104
-1841
-1342
-324
1420
3050
3811
3559
2707
2154
1768
1305
975
918
1456
2073
2276
2184
1770
1135
73
-1286
-2324
-2787
-2613
-2023
-1069
214
1275
1589
985
-68
-895
-1218
-1043
-378
683
1801
2654
3019
3003
2777
2170
1264
245
-598
-959
-975
-753
-427
-174
-81
-316
-866
-1535
-2022
-2167
-1974
-1401
-579
267
773
868
808
672
522
272
8
27
265
573
825
931
923
687
162
-450
-864
-937
-789
-633
-508
-366
-326
-537
-996
-1433
-1571
-1488
-1301
-1011
-619
-158
164
249
168
-40
-323
-644
-921
-1060
-1013
-913
-957
-1140
-1483
-1801
-2041
-2298
-2252
-1756
-489
1487
3139
3908
3524
2552
1890
1299
784
425
485
1226
1952
2339
2319
1909
1161
-199
-1642
-2564
-2752
-2248
-1529
-593
448
1098
1057
280
-657
-1154
-1133
-630
288
1422
2388
2821
2629
2178
1752
1191
591
115
-14
313
581
729
809
531
-1
-893
-1802
-2241
-2320
-1960
-1299
-491
307
737
772
494
199
14
-81
45
273
676
1058
1157
1137
922
588
178
-265
-408
-285
-70
80
68
-62
-401
-958
-1641
-2162
-2268
-2021
-1540
-1019
-579
-208
-126
-314
-568
-817
-917
-964
-963
-708
-401
-224
-290
-732
-1224
-1685
-2054
-2162
-2209
-2019
-1419
-184
1693
3109
3407
2560
1390
982
945
1057
1271
1652
2456
2875
2819
2463
1736
767
-722
-1947
-2184
-1579
-519
244
774
1075
784
-23
-1106
-1796
-1809
-1356
-506
620
1836
2618
2650
2160
1536
1019
547
304
481
1029
1535
1525
1204
651
-115
-967
-1855
-2270
-2149
-1821
-1415
-1103
-731
-434
-448
-644
-861
-728
-361
56
543
884
1134
1092
767
498
266
231
292
360
545
633
587
346
-87
-550
-1052
-1468
-1734
-1775
-1586
-1342
-1090
-950
-949
-1069
-1276
-1331
-1143
-791
-418
-192
-40
89
75
-100
-452
-849
-1207
-1476
-1652
-1693
-1650
-1677
-1526
-889
499
2092
2705
2266
1309
856
1217
1530
1752
1877
2047
2248
2098
2036
1963
1572
640
-644
-1177
-925
-235
349
490
577
176
-630
-1400
-1797
-1415
-848
-258
503
1280
1961
2103
1873
1644
1450
1269
1111
1348
1836
2165
1999
1245
582
-78
-853
-1449
-1907
-1837
-1694
-1771
-1666
-1482
-1139
-1067
-1223
-1157
-1001
-562
-232
50
434
425
365
135
5
278
433
665
752
698
648
314
2
-338
-682
-968
-1296
-1400
-1415
-1376
-1292
-1245
-1080
-1059
-1189
-1271
-1276
-1029
-668
-424
-148
75
217
340
149
-102
-416
-848
-1125
-1371
-1393
-1244
-1287
-1298
-1080
-285
1247
2529
2815
2086
1027
763
1228
1816
2243
2356
2320
2063
1737
1753
1834
1570
626
-524
-918
-656
-71
304
257
94
-506
-1279
-1705
-1642
-1069
-560
-207
243
737
1152
1305
1298
1261
1173
1033
996
1265
1635
1713
1294
599
-94
-508
-804
-1212
-1461
-1745
-1862
-1832
-1776
-1296
-932
-762
-694
-760
-455
-263
-169
-40
-64
112
180
302
588
783
1114
1196
1109
938
598
392
106
-49
-67
-132
-213
-519
-809
-1030
-1108
-1044
-1066
-1084
-1170
-1165
-994
-771
-457
-240
-148
-164
-291
-325
-389
-499
-680
-912
-965
-1061
-1104
-1070
-1148
-1203
-1126
-612
688
1993
2361
1708
600
315
988
1805
2349
2322
1993
1512
1049
1156
1531
1618
979
-90
-517
-328
57
196
-155
-537
-1046
-1562
-1643
-1312
-723
-367
-393
-271
158
635
910
946
942
985
925
911
1147
1431
1500
1196
695
241
-135
-487
-725
-852
-999
-1178
-1372
-1449
-1270
-911
-573
-508
-717
-948
-997
-786
-482
-118
251
488
581
629
798
1021
1069
886
638
555
688
812
794
611
325
-4
-394
-746
-904
-951
-977
-1049
-1129
-1032
-910
-799
-716
-638
-554
-516
-546
-588
-548
-598
-617
-679
-863
-913
-1057
-1028
-916
-917
-958
-1142
-878
-38
1246
2106
1793
847
104
440
1418
2108
2274
1888
1407
1011
1026
1551
1916
1624
567
-325
-420
-159
12
-304
-737
-1011
-1279
-1310
-1042
-609
-363
-519
-713
-491
18
434
582
576
658
790
888
1107
1382
1492
1223
726
276
187
223
-70
-378
-758
-950
-1009
-1166
-1055
-910
-837
-911
-1072
-939
-821
-720
-620
-415
19
305
452
530
521
548
592
688
910
1095
1055
903
708
556
443
111
-243
-491
-595
-513
-452
-362
-378
-561
-782
-917
-766
-604
-582
-695
-809
-824
-691
-576
-555
-684
-987
-1122
-1143
-1036
-945
-1044
-1097
-1245
-1062
-448
599
1694
1759
1085
216
162
1142
2035
2413
2080
1541
1197
1071
1430
1794
1708
846
-203
-538
-262
165
67
-362
-679
-951
-1038
-952
-640
-423
-573
-790
-683
-108
409
581
542
575
818
1026
1220
1433
1459
1215
677
326
337
317
202
-116
-327
-381
-602
-844
-1073
-1094
-966
-916
-782
-756
-716
-574
-455
-174
49
123
82
-63
12
280
604
831
929
916
782
609
372
248
168
61
2
-17
70
122
20
-137
-343
-554
-710
-794
-740
-626
-536
-549
-643
-621
-616
-698
-845
-1128
-1279
-1385
-1382
-1245
-1236
-1175
-1271
-1236
-1117
-929
-416
285
1298
1661
1194
533
296
1127
1986
2300
2004
1417
1141
946
1107
1378
1360
908
95
-169
65
397
323
-221
-587
-815
-822
-809
-702
-477
-530
-564
-419
95
651
658
363
145
329
696
912
981
886
691
348
179
316
491
455
111
-127
-201
-236
-353
-575
-570
-445
-326
-258
-354
-486
-626
-675
-541
-307
-99
-71
-150
-193
-36
229
394
427
286
156
116
192
384
503
516
404
244
151
25
-65
-138
-201
-241
-260
-233
-247
-299
-489
-664
-841
-996
-1094
-1263
-1340
-1465
-1516
-1533
-1532
-1442
-1434
-1332
-1231
-1008
-767
-495
-13
631
1330
1349
786
281
423
1339
2020
2097
1734
1301
1163
1075
1250
1434
1358
928
281
171
391
540
335
-137
-334
-402
-408
-427
-393
-272
-272
-230
-53
244
346
58
-226
-219
188
539
613
519
345
199
51
12
297
566
424
102
-197
-47
210
160
33
-165
-212
-255
-376
-327
-418
-491
-595
-577
-273
-148
-107
-249
-372
-252
-128
43
75
83
83
105
288
474
673
596
352
201
121
212
224
192
221
148
42
-134
-303
-437
-583
-745
-890
-1032
-1168
-1334
-1500
-1574
-1503
-1349
-1304
-1317
-1356
-1218
-1006
-808
-714
-526
-241
242
732
801
629
379
619
1270
1718
1736
1278
922
891
1050
1408
1580
1504
1075
526
360
486
658
512
168
-74
-171
-151
-159
-85
-16
-35
-71
-126
-109
-145
-265
-285
-117
194
417
383
172
26
-9
104
342
484
757
630
244
85
-43
284
293
88
63
-163
-171
-375
-434
-229
-282
-292
-521
-545
-468
-548
-451
-466
-257
-125
-180
-157
-256
-101
38
158
361
376
384
221
80
165
285
399
355
261
103
-87
-259
-341
-259
-316
-434
-634
-830
-930
-1064
-1086
-1047
-1010
-1033
-1207
-1299
-1265
-1104
-939
-862
-829
-741
-479
-26
543
711
529
228
280
890
1387
1457
1162
863
918
1094
1358
1461
1274
768
193
88
372
768
746
365
104
-76
-48
-49
-58
-7
-182
-374
-463
-401
-248
-272
-359
-297
-109
39
-43
-215
-278
-107
105
295
348
333
420
194
151
239
438
600
302
75
-7
76
192
57
44
-90
-249
-336
-374
-158
-176
-252
-312
-370
-240
-250
-246
-203
-113
107
225
324
354
295
193
105
169
295
386
376
232
135
46
-66
-149
-180
-254
-458
-686
-919
-1010
-977
-968
-941
-1036
-1187
-1299
-1365
-1267
-1069
-928
-882
-927
-790
-419
92
598
617
411
110
87
610
1086
1284
1048
670
622
770
1088
1232
1051
698
289
271
537
827
860
527
238
96
117
199
183
130
-22
-159
-204
-153
-114
-195
-327
-410
-281
-133
-93
-125
-190
-150
-6
128
255
340
206
140
153
368
569
474
260
83
219
339
368
347
115
-30
-230
-258
-81
-95
-152
-398
-470
-358
-331
-252
-305
-212
-50
73
277
287
271
205
147
250
381
518
456
328
209
107
68
-24
-79
-160
-318
-486
-692
-793
-804
-812
-797
-883
-995
-1168
-1285
-1208
-1049
-854
-772
-826
-882
-846
-549
-247
159
320
157
5
-76
330
830
1034
975
601
474
549
725
998
989
887
599
474
685
884
996
784
510
394
349
419
383
357
243
61
-36
-82
-56
-121
-231
-262
-163
27
100
69
-12
-17
31
160
205
358
488
382
382
258
380
487
333
276
80
102
124
21
39
-238
-382
-546
-571
-354
-414
-401
-579
-699
-560
-459
-172
-68
-60
-61
-121
-13
85
222
259
201
175
160
225
181
68
-67
-195
-246
-293
-292
-372
-517
-678
-754
-704
-629
-566
-701
-885
-1038
-1040
-890
-750
-667
-751
-854
-916
-890
-658
-372
-98
56
24
-32
-69
85
398
606
627
445
308
392
593
862
994
971
891
767
811
956
1039
1009
818
655
557
480
434
381
328
245
162
80
26
-17
-91
-125
-79
14
77
37
-17
-71
58
200
450
630
501
436
227
279
424
347
377
156
131
202
102
163
-160
-380
-502
-594
-393
-480
-502
-609
-785
-612
-535
-301
-239
-348
-341
-369
-155
37
150
197
72
29
-10
33
60
-8
-54
-192
-212
-176
-134
-110
-242
-341
-459
-598
-617
-611
-581
-583
-666
-727
-789
-794
-776
-760
-655
-683
-710
-658
-605
-328
-72
168
415
305
210
133
184
539
726
820
755
637
709
775
940
1045
1006
951
792
758
789
820
815
671
538
390
293
269
287
315
249
197
102
53
-3
-78
-51
-56
5
21
-71
-51
-64
115
302
256
219
14
-12
46
38
156
90
49
-42
-141
-41
-105
-212
-381
-484
-373
-341
-316
-379
-509
-585
-646
-528
-374
-255
-250
-329
-296
-222
-81
-2
-5
-36
-154
-184
-182
-99
15
-11
-49
-119
-150
-134
-186
-208
-261
-309
-338
-351
-298
-304
-343
-483
-634
-670
-694
-642
-592
-580
-558
-591
-558
-452
-322
-121
-28
46
118
102
168
237
426
687
799
845
739
694
777
836
989
1033
1032
999
823
799
811
826
823
648
510
391
295
281
255
221
122
-31
-144
-184
-210
-239
-224
-206
-190
-181
-223
-199
-142
-68
177
190
67
-59
-186
42
177
180
113
-180
-291
-388
-292
-67
-187
-322
-582
-634
-475
-471
-369
-465
-556
-485
-432
-173
-44
-56
-80
-115
18
162
246
238
173
124
150
247
274
263
165
32
-6
-6
38
15
-102
-204
-287
-301
-304
-359
-464
-600
-668
-650
-556
-442
-427
-491
-535
-571
-480
-365
-348
-319
-330
-170
-13
35
113
58
60
91
143
360
458
487
380
348
552
704
869
842
754
690
560
659
766
845
830
576
445
377
374
360
237
183
59
-51
-137
-199
-117
-120
-128
-151
-141
50
24
-44
-93
-78
149
198
185
82
-73
-53
-83
60
165
45
-94
-312
-259
-129
-135
-142
-339
-431
-438
-449
-313
-265
-264
-346
-423
-351
-240
-131
-104
-94
-77
-30
33
14
63
112
137
169
113
107
106
103
149
99
65
2
-136
-187
-230
-204
-200
-305
-387
-467
-470
-445
-469
-484
-523
-547
-551
-493
-369
-309
-320
-376
-343
-201
-57
65
72
100
168
262
449
548
594
526
419
492
595
754
800
665
601
513
521
567
511
474
333
191
140
101
150
128
60
5
-73
-50
-20
-11
55
33
145
224
116
83
-12
113
286
247
215
12
-89
-83
-50
166
133
-16
-244
-408
-268
-197
-126
-158
-317
-359
-433
-350
-200
-139
-155
-272
-311
-254
-136
-73
-59
-56
-76
-51
-69
-50
42
62
76
25
-36
-43
-76
-45
-9
-18
-56
-168
-220
-194
-183
-129
-183
-258
-302
-413
-351
-300
-252
-212
-332
-336
-347
-318
-213
-262
-243
-296
-331
-231
-161
25
76
54
33
-2
167
333
469
511
461
498
530
656
753
780
743
582
516
520
589
645
537
436
302
190
163
129
151
78
-20
-55
-32
42
-8
-78
-115
-74
18
15
6
-12
-7
87
120
169
117
28
23
14
104
116
17
-98
-265
-271
-231
-208
-211
-339
-428
-480
-459
-353
-302
-313
-394
-438
-369
-251
-163
-160
-179
-191
-139
-33
46
92
53
-12
-23
-2
70
77
0
-81
-176
-164
-134
-152
-195
-311
-369
-376
-365
-310
-320
-359
-380
-397
-338
-295
-286
-288
-273
-255
-192
-137
-88
-7
-27
-5
28
60
180
181
228
299
319
429
408
446
508
462
512
471
491
566
502
509
449
435
471
390
369
338
311
325
289
302
309
268
237
191
180
156
96
68
83
119
107
63
30
11
9
-23
-41
-54
-82
-119
-177
-160
-156
-174
-206
-281
-285
-290
-300
-289
-315
-316
-332
-335
-290
-265
-236
-249
-266
-248
-228
-181
-134
-98
-88
-102
-111
-92
-49
-23
-24
-54
-79
-91
-85
-58
-42
-31
-55
-89
-107
-115
-87
-97
-105
-125
-171
-176
-205
-186
-175
-192
-173
-209
-192
-200
-191
-121
-115
-74
-86
-61
-6
42
154
214
290
302
285
348
378
500
523
529
552
501
570
580
594
610
494
478
415
391
425
343
336
274
244
265
215
198
137
84
92
83
120
124
108
78
60
79
95
103
76
45
8
-41
-50
-71
-87
-127
-208
-246
-310
-352
-385
-440
-441
-475
-507
-522
-554
-520
-484
-448
-392
-382
-356
-328
-287
-194
-113
-61
-33
-32
-18
3
33
62
65
49
12
-8
-29
-20
-16
-34
-44
-100
-111
-117
-121
-93
-134
-120
-128
-145
-93
-116
-83
-80
-108
-69
-72
-27
3
-17
4
-14
1
28
34
49
61
60
77
79
83
118
118
153
177
177
211
207
249
278
290
330
300
297
283
267
310
307
309
266
213
182
151
157
146
133
84
21
-3
-24
-8
-34
-66
-87
-124
-98
-109
-98
-97
-140
-132
-139
-126
-106
-141
-154
-172
-167
-143
-150
-164
-202
-229
-238
-231
-210
-202
-202
-208
-211
-188
-170
-149
-137
-114
-74
-54
-24
-12
19
59
94
133
152
168
168
161
184
206
228
216
190
168
145
145
140
135
108
60
16
-25
-22
-32
-41
-46
-80
-60
-90
-87
-71
-75
-26
-31
-16
16
9
45
39
64
95
92
114
102
119
119
103
113
106
109
83
62
55
32
33
-10
-10
-6
-18
-17
-55
-50
-41
-56
-36
-41
-23
-7
-32
-19
-2
5
24
6
1
17
-2
4
-11
-34
-37
-77
-75
-72
-99
-107
-156
-169
-153
-158
-139
-148
-153
-138
-137
-102
-65
-40
-18
-16
3
48
84
114
142
147
169
179
188
207
201
196
184
170
174
166
147
130
107
90
98
69
62
56
28
42
19
22
38
0
9
-19
-20
30
-40
-5
-31
-58
-12
-74
-57
-94
-113
-111
-148
-123
-132
-159
-150
-163
-131
-118
-110
-124
-120
-101
-104
-40
-49
-6
-17
-22
25
22
66
60
30
52
14
44
47
16
35
-34
-33
-42
-42
-11
-50
-68
-97
-94
-69
-54
-25
-33
-40
-43
-43
-6
3
24
15
3
6
-11
6
4
9
21
-1
-5
-28
-37
-31
-47
-29
-33
-33
-27
-49
-24
-2
29
59
56
66
73
88
112
130
155
161
161
158
153
171
167
165
153
139
135
109
90
64
35
22
-1
-9
-32
-60
-80
-96
-85
-84
-89
-95
-114
-111
-111
-103
-80
-68
-62
-64
-63
-45
-29
-15
-13
-4
3
9
8
7
13
11
4
3
1
2
-12
-25
-22
-23
-10
-19
-32
-35
-45
-39
-36
-28
-20
-29
-22
-28
-6
14
14
14
-4
-1
5
6
11
-7
-21
-31
-39
-26
-27
-21
-29
-33
-35
-30
-21
-17
-18
-21
-21
-15
-3
5
11
12
20
31
47
60
66
65
69
76
78
85
81
72
73
63
61
57
54
49
37
38
42
42
39
26
18
12
6
-2
-14
-23
-36
-36
-38
-39
-45
-54
-60
-71
-75
-79
-89
-100
-114
-122
-122
-114
-102
-100
-101
-103
-92
-73
-53
-37
-24
-11
3
16
37
53
69
76
82
86
94
97
97
94
92
82
80
71
55
41
21
8
-2
-7
-7
-11
-12
-15
-18
-15
-13
-9
-15
-25
-31
-33
-24
-23
-10
-6
2
2
-4
2
-3
6
-4
-14
-16
-32
-23
-31
-36
-4
-34
-10
-13
-19
16
1
33
19
34
44
32
57
55
65
87
72
88
76
92
84
71
86
57
71
45
36
35
20
13
-2
-9
-10
-30
-15
-35
-25
-22
-41
-32
-48
-43
-44
-44
-36
-40
-37
-38
-39
-27
-27
-24
-30
-37
-31
-31
-23
-26
-23
-23
-26
-22
-18
-3
10
10
17
20
28
32
29
29
24
24
20
12
24
20
25
24
23
28
21
19
7
3
0
-4
-8
-14
-16
-22
-29
-26
-28
-26
-29
-32
-24
-24
-19
-18
-23
-16
-21
-17
-19
-16
-9
-9
2
6
14
23
19
18
14
10
14
6
7
2
-2
0
-3
2
3
11
16
19
20
16
16
15
13
11
8
7
5
3
2
2
3
0
-2
-3
-7
-9
-18
-23
-26
-24
-24
-23
-25
-29
-34
-35
-31
-28
-24
-22
-23
-21
-19
-15
-7
-6
-3
0
1
8
14
20
20
22
21
13
13
5
1
-7
-11
-16
-20
-20
-20
-23
-19
-21
-20
-19
-15
-8
-7
0
3
3
9
7
11
13
15
20
18
22
20
23
27
24
22
15
11
11
3
4
3
5
7
6
14
13
17
18
16
17
16
18
20
22
27
25
26
26
24
30
27
27
22
13
8
-4
-6
-10
-11
-8
-14
-16
-19
-20
-16
-17
-11
-11
-13
-14
-17
-13
-10
-3
3
1
6
9
10
8
6
4
2
1
0
-1
-3
-3
-3
-1
4
6
6
7
7
11
12
11
11
9
6
4
3
5
3
6
4
1
3
-3
-3
-3
-7
-10
-17
-17
-22
-24
-22
-25
-24
-24
-22
-20
-18
-17
-16
-13
-9
-13
-10
-16
-14
-12
-12
-7
-7
-4
-4
-3
4
6
11
8
4
5
2
5
4
4
9
8
13
14
17
21
21
20
17
16
15
16
16
12
10
12
12
14
18
18
17
16
14
10
6
4
1
-2
-8
-12
-14
-16
-15
-14
-10
-9
-8
-9
-9
-8
-12
-13
-11
-10
-9
-8
-6
-5
0
6
8
8
9
6
6
4
3
3
-1
-6
-10
-11
-11
-12
-9
-11
-8
-8
-10
-10
-12
-10
-12
-12
-10
-10
-7
-7
-6
-4
-3
-3
-3
-3
-2
-5
-5
-4
-3
-4
-7
-7
-10
-9
-7
-6
-1
0
1
1
1
3
4
5
4
4
4
5
6
12
16
20
21
21
21
18
19
18
18
17
15
13
13
10
11
9
10
11
8
8
4
3
2
-1
-3
-5
-6
-6
-6
-6
-6
-5
-3
-2
0
0
-3
-5
-6
-9
-10
-12
-11
-11
-9
-8
-7
-5
-2
-1
0
-1
-3
-5
-8
-7
-8
-5
-5
-4
-4
-3
-4
-4
-2
0
-2
-3
-7
-6
-6
-7
-6
-8
-6
-6
-4
-3
-4
-3
-3
-5
-3
-2
-1
-3
-4
-6
-4
-4
-2
-2
0
4
5
8
10
10
11
10
6
4
3
0
-1
-2
-5
-5
-3
0
1
2
3
3
3
4
6
7
8
6
6
8
8
8
9
9
10
11
9
7
6
5
4
3
3
1
0
-1
-3
-1
-1
-1
-2
-3
-4
-4
-3
-3
-5
-4
-3
-4
-2
2
2
3
5
5
8
10
7
6
2
0
-3
-3
-3
-3
-2
-3
-3
-1
2
1
1
1
1
-1
-1
-2
-2
0
0
1
1
3
4
5
6
7
7
9
9
8
7
7
4
3
3
0
3
2
0
-2
-1
0
0
-1
-4
-5
-6
-6
-5
-5
-4
-3
-4
-2
-3
-2
0
0
1
0
0
-1
-2
-3
-5
-4
-5
-5
-5
-4
-3
-1
0
1
1
-1
0
-1
-2
-3
-2
-4
-3
-4
-3
-2
1
0
0
2
0
1
1
1
1
-1
-1
0
1
0
1
0
1
0
0
-1
0
0
0
-1
-1
0
2
2
1
0
-1
-1
-2
-2
-3
-4
-5
-4
-1
-2
-3
-3
-6
-6
-4
-5
-5
-5
-4
-5
-3
-3
-3
-3
-3
-3
-1
3
3
6
8
9
9
11
12
10
10
8
6
7
6
6
6
6
3
2
1
0
0
-1
-1
-1
0
0
0
0
-1
0
3
2
1
1
1
-1
-1
-1
-2
-2
-3
-3
-3
-2
-1
-2
-1
-1
-2
-4
-4
-5
-6
-7
-6
-6
-6
-5
-5
-4
-3
-2
-1
0
1
3
4
5
6
6
6
7
6
7
6
6
5
5
6
5
3
3
2
1
0
-2
-2
-2
-3
-4
-3
-3
-4
-4
-3
-4
-3
-3
-3
-2
-2
-3
-1
-1
-1
-1
-2
-3
-2
-3
-3
-3
-2
-1
-1
0
0
0
-2
-2
-2
-2
-1
-1
-1
-1
0
0
1
2
5
5
6
6
7
6
6
6
4
4
5
4
5
4
4
4
4
4
3
4
4
3
2
3
3
4
4
2
0
0
-1
0
1
2
2
0
1
0
-1
-1
-2
-4
-5
-5
-4
-5
-4
-2
-4
-3
-3
-4
-5
-4
-3
-3
-1
0
1
1
1
0
-1
-2
-1
-3
-3
-3
-3
-2
-2
-2
-2
-3
-3
-3
-4
-5
-5
-4
-3
-3
-3
-3
-1
-2
-3
-4
-3
-3
-2
-1
0
1
2
4
4
4
3
2
1
1
0
2
1
1
1
0
1
1
1
0
-1
-1
0
0
1
2
2
4
4
6
5
4
4
3
3
3
3
5
3
4
4
3
2
3
3
1
2
2
2
4
4
4
4
3
1
2
1
1
0
0
-1
0
1
2
1
0
0
0
0
-1
-1
-1
-2
-3
-4
-4
-5
-4
-4
-3
-4
-4
-4
-4
-4
-5
-6
-4
-4
-3
-2
-1
-1
-2
-1
-1
-1
0
-1
-2
-3
-4
-5
-6
-6
-5
-4
-2
-2
-1
1
3
2
3
2
1
1
1
1
0
1
1
1
2
1
2
2
1
0
0
-1
-2
-2
-2
-2
-2
-2
-1
-1
0
0
0
1
0
1
2
2
3
2
0
1
0
0
2
4
5
5
5
6
6
7
7
4
4
3
4
5
5
5
5
5
6
5
6
3
3
3
1
2
2
3
2
2
1
1
1
1
2
2
1
0
-1
-2
-3
-5
-6
-8
-10
-10
-10
-9
-9
-7
-7
-6
-4
-5
-4
-5
-5
-6
-6
-6
-5
-5
-5
-4
-4
-3
-2
-2
0
0
1
1
1
1
2
2
2
2
2
1
1
1
2
3
3
1
1
1
1
0
1
0
1
0
-1
1
2
2
2
3
2
3
3
0
-1
-1
-2
-4
-4
-4
-3
-3
-3
-3
-2
-2
-3
-2
-3
-4
-4
-4
-3
-2
-1
-1
0
0
1
0
0
0
-1
-1
-2
-1
0
0
0
1
1
2
0
0
0
-1
-1
-1
-2
0
0
0
0
1
1
1
2
3
4
5
6
5
6
6
6
6
7
6
5
5
5
3
2
3
3
3
3
2
1
0
-1
-2
-2
-2
0
1
1
1
1
1
2
2
1
-1
-2
-4
-4
-5
-6
-7
-6
-6
-5
-5
-6
-6
-5
-6
-5
-6
-6
-6
-7
-6
-5
-4
-3
-1
-2
-1
-2
-1
0
1
2
3
3
2
2
3
2
3
3
3
4
4
5
4
4
3
2
2
1
0
1
1
2
3
2
2
2
2
2
2
1
2
1
1
1
1
0
0
-2
-2
-2
-3
-3
-5
-5
-5
-5
-5
-6
-4
-4
-5
-4
-4
-3
-3
-2
0
-1
0
1
2
1
2
0
-1
-1
0
-1
0
1
1
1
1
2
3
3
2
2
1
1
3
3
4
4
4
5
5
4
3
3
4
3
4
3
2
4
3
3
3
2
2
1
0
1
1
0
0
2
1
2
2
4
5
5
6
6
5
6
4
3
4
3
1
1
3
1
0
0
0
0
-1
-1
0
1
-1
0
-1
-1
-2
-1
0
0
1
2
3
3
2
2
1
1
-1
0
0
-1
1
0
0
-1
0
0
0
-1
-1
-1
1
0
1
0
0
-1
-1
0
0
0
0
1
2
2
4
2
1
1
0
-1
0
1
1
1
2
1
1
2
0
-2
-4
-5
-4
-4
-5
-7
-6
-6
-4
-5
-5
-5
-4
-2
-2
-1
0
0
1
1
1
-1
-1
-1
-3
-1
-2
-2
-1
-1
-1
-2
-2
-1
-3
-3
-5
-7
-6
-7
-5
-5
-3
-3
-1
1
1
2
1
0
0
-1
1
0
-1
0
-1
0
0
0
0
-1
-2
-2
-4
-3
-5
-6
-5
-6
-5
-7
-8
-7
-6
-5
-3
-3
-2
0
-1
-1
0
-1
-1
1
2
2
2
3
4
5
4
4
3
2
2
1
1
1
0
1
2
4
5
6
6
6
6
5
4
3
5
4
5
6
5
6
6
5
4
3
3
2
3
2
3
3
2
2
2
1
2
1
0
1
0
1
1
2
2
1
0
0
0
-1
0
0
-2
-1
0
-1
0
-1
0
-1
-3
-3
-5
-6
-7
-6
-6
-4
-1
-1
-1
1
1
3
3
2
2
2
2
2
2
3
2
2
2
2
1
0
-1
-2
-1
-2
-3
-2
-2
-1
-2
-1
0
1
3
3
6
6
6
7
7
6
7
4
2
1
1
0
0
0
1
1
2
2
2
1
0
-3
-4
-5
-7
-8
-7
-8
-7
-7
-6
-4
-1
-1
0
1
0
0
0
0
-1
0
-1
-1
-1
-1
0
1
2
1
1
0
0
-1
-2
-3
-4
-3
-3
-2
0
1
1
3
2
2
3
3
3
1
1
1
0
-2
-1
-3
-4
-4
-5
-5
-5
-5
-5
-3
-4
-4
-4
-4
-4
-5
-5
-5
-4
-4
-2
0
0
1
2
2
2
-1
-2
-1
0
0
0
1
1
2
2
2
3
3
2
0
1
1
1
0
2
2
2
4
4
5
5
5
5
6
4
5
4
2
2
3
4
4
2
2
2
1
0
0
-1
-1
1
0
1
0
0
-1
-2
1
-1
0
1
0
0
0
-1
-1
-2
-2
-3
-3
-3
-4
-4
-4
-3
-3
-3
-3
-3
-3
-2
-2
-2
-1
-2
-1
-1
0
0
1
0
0
0
-1
-3
-1
-2
-3
-2
-2
-3
-3
-4
-4
-3
-4
-3
-3
-1
0
0
0
-1
-2
0
1
1
1
2
1
0
1
1
1
2
4
4
3
3
2
3
3
3
4
3
4
5
5
5
6
6
5
3
4
2
2
3
4
4
4
4
4
4
5
6
5
5
4
4
3
1
0
-1
0
-1
-1
-2
-1
-1
-1
-1
-1
-1
-2
-3
-4
-5
-5
-5
-3
-4
-3
-1
-1
0
2
1
0
1
1
4
2
3
2
2
2
1
1
2
2
1
0
-1
0
0
0
1
2
2
1
1
0
1
3
4
6
6
5
4
4
6
4
3
2
2
0
0
-1
-1
-2
-1
0
-1
-2
-2
-3
-4
-4
-3
-3
-3
-3
-3
-4
-4
-3
-3
-2
-2
-2
-3
-4
-5
-5
-7
-6
-7
-7
-7
-7
-7
-6
-5
-3
-2
-1
-1
0
0
0
0
0
-1
0
1
0
0
1
1
1
1
1
-1
-1
-2
-2
-1
-4
-2
-2
-3
-3
-3
-4
-4
-3
-3
-2
-1
0
2
2
2
2
3
1
0
0
1
0
2
2
1
1
0
1
0
1
1
0
1
-1
0
1
2
3
3
2
3
3
3
2
2
3
2
2
3
2
4
3
2
2
1
1
1
-1
0
-1
0
0
0
-1
0
-1
-1
0
-1
-1
-1
-2
-2
0
-1
-1
-1
0
1
2
2
1
1
1
1
0
2
1
1
0
1
0
1
1
1
1
3
4
3
4
3
3
2
2
2
0
2
1
3
2
2
2
0
0
0
0
0
0
0
-1
-1
-1
-1
-3
-3
-3
-3
-4
-3
-5
-6
-5
-6
-6
-7
-7
-8
-8
-8
-7
-8
-10
-8
-7
-7
-4
-2
-3
-3
-3
-2
-2
-2
0
2
2
3
4
4
5
3
3
2
3
3
2
1
0
-1
0
-1
0
1
0
1
2
3
4
4
5
4
4
4
4
2
3
4
4
5
6
7
7
7
7
9
8
6
5
5
5
4
2
2
2
3
1
0
-1
-1
-2
-1
0
0
1
2
3
4
4
3
4
5
7
6
6
6
5
5
5
4
4
3
2
2
2
2
1
1
0
1
1
1
1
1
-1
-2
-2
-2
-4
-4
-4
-4
-3
-2
-3
-3
-6
-6
-5
-4
-5
-6
-6
-7
-9
-8
-9
-8
-8
-7
-6
-5
-5
-6
-6
-5
-5
-5
-5
-6
-6
-6
-5
-5
-4
-3
-1
0
-1
-2
-3
-3
-2
-2
-2
-2
0
2
2
2
1
2
3
1
2
3
5
6
6
5
4
4
2
2
2
1
0
-1
-1
-2
-4
-4
-4
-5
-5
-6
-5
-5
-5
-4
-5
-4
-5
-3
-3
-3
-2
-3
-3
-3
-3
-2
-1
-2
0
1
2
2
3
2
2
3
3
3
3
4
3
4
4
3
3
2
3
3
3
4
5
6
7
8
9
8
8
7
6
5
5
4
5
4
5
3
1
1
-1
0
0
1
1
1
0
-1
-3
-3
-4
-5
-6
-5
-6
-5
-3
-2
0
1
2
2
4
3
3
4
3
3
2
0
0
-1
2
1
1
1
1
1
3
3
4
4
4
4
2
3
1
2
1
1
2
1
1
0
0
1
1
1
0
0
-1
-1
-1
-3
-3
-3
-4
-4
-6
-6
-7
-8
-8
-9
-9
-7
-5
-4
-4
-3
-4
-3
-2
-2
-1
1
1
0
1
1
0
0
-1
-1
-1
-1
-1
0
1
2
2
2
4
4
3
4
4
3
3
1
2
1
3
2
3
5
5
4
1
-1
-3
-4
-3
-2
-1
0
0
0
0
-2
-2
-4
-3
-4
-5
-5
-5
-5
-4
-5
-4
-4
-3
-2
-1
-2
-1
-1
-1
0
0
2
1
0
-1
0
0
-2
-1
0
2
3
5
6
6
6
4
3
3
4
5
5
5
5
5
3
2
2
1
0
-2
0
-3
-3
-2
-3
-4
-4
-7
-5
-4
-5
-5
-7
-7
-7
-7
-6
-6
-5
-5
-5
-5
-4
-5
-5
-4
-3
-2
-2
-2
-2
-2
-3
-3
-3
-2
-1
0
1
2
2
3
3
5
5
6
4
4
6
6
5
4
5
4
5
5
3
4
4
4
4
5
5
4
4
5
4
5
4
3
1
0
-1
-2
-2
-1
-3
-2
0
0
0
0
-1
-3
-3
-2
-3
-3
-4
-2
-2
-2
-2
-3
-4
-4
-5
-5
-5
-6
-4
-2
0
1
2
1
0
1
1
0
-2
-3
-5
-4
-2
0
2
2
1
0
0
1
-1
-2
-1
1
0
1
1
0
0
1
1
0
1
1
3
3
3
4
3
2
1
2
2
2
1
0
1
3
3
5
4
2
-1
-2
-3
-4
-3
-2
-1
-1
0
1
-1
0
0
1
3
3
3
3
1
1
-1
-1
0
2
4
5
5
5
6
5
3
2
0
1
1
-1
-1
-2
-1
0
1
1
1
0
0
-1
1
-1
-1
0
0
1
1
2
2
3
3
3
3
2
2
2
3
2
2
2
2
1
2
2
2
5
2
2
2
0
0
0
0
-1
1
0
-1
-1
-1
-1
-1
0
0
1
0
0
-1
-3
-4
-5
-6
-7
-6
-5
-4
-3
-1
-1
-1
-2
-3
-2
-2
-3
-3
-3
-3
-3
-2
-2
-2
-1
0
0
1
0
0
1
1
0
-1
0
-1
1
2
2
3
2
1
3
3
1
1
0
1
1
1
2
3
2
2
3
1
1
1
0
-1
0
-1
-3
-3
-4
-3
-3
-3
-4
-5
-7
-8
-7
-7
-5
-5
-2
-3
-5
-4
-3
-3
-4
-3
-3
-5
-5
-5
-6
-4
-5
-5
-3
-2
-1
-1
0
2
1
0
1
2
1
2
1
3
3
1
1
2
0
0
-1
-1
0
0
1
2
2
3
3
2
4
4
4
4
3
3
2
2
3
2
3
2
2
2
2
1
2
1
1
2
4
5
4
3
1
0
-1
-1
-2
0
1
2
2
1
0
1
1
3
3
5
5
5
6
5
5
3
4
3
3
3
3
1
2
2
3
4
4
5
3
2
3
2
3
3
2
1
1
1
0
0
1
0
1
0
0
0
-1
-1
-2
-2
-4
-4
-5
-4
-2
-1
0
0
-2
-3
-3
-4
-4
-4
-3
-3
-3
-3
-4
-3
-3
-3
-3
-2
-1
0
1
-1
-2
-3
-2
-2
0
1
1
0
2
2
3
3
3
3
3
2
