1.000000e-030   1.000000e-030   1.000000e-030   2.000000e-001   1.000000e-030   1.000000e-030   2.619856e-245   1.000000e-030   1.000000e-030   1.000000e-030   1.000000e-030   2.000000e-001   1.000000e-030   5.442106e-229   1.000000e-030   1.000000e-030   9.820777e-247   1.000000e-030   1.000000e-030   1.000000e-030   1.000000e-030   2.000000e-001   1.000000e-030   2.865467e-246   1.000000e-030   1.000000e-030   1.000000e-030   1.000000e-030   4.000000e-001   1.000000e-030   1.000000e-030   1.000000e-030   

1.000000e-030   1.000000e-030   1.000000e-030   1.000000e-030   1.000000e-030   1.000000e-030   1.250000e-001   1.000000e-030   1.000000e-030   1.982653e-242   1.000000e-030   1.000000e-030   1.000000e-030   3.401316e-229   1.000000e-030   5.985797e-141   7.500000e-001   1.000000e-030   1.000000e-030   1.000000e-030   1.000000e-030   1.000000e-030   1.000000e-030   1.250000e-001   7.351142e-242   4.705805e-241   1.000000e-030   1.000000e-030   1.043081e-247   1.000000e-030   1.000000e-030   1.000000e-030   

1.000000e-030   1.000000e-030   2.933291e-237   1.000000e-030   1.000000e-030   1.571732e-001   9.860349e-238   1.000000e-030   1.000000e-030   1.685654e-001   1.000000e-030   1.000000e-030   1.000000e-030   4.586753e-229   1.000000e-030   1.685654e-001   1.245027e-243   1.000000e-030   2.092950e-236   1.291509e-235   1.000000e-030   1.000000e-030   1.000000e-030   8.838088e-265   3.371307e-001   1.685654e-001   1.000000e-030   1.000000e-030   1.000000e-030   1.000000e-030   1.000000e-030   1.000000e-030   

1.000000e-030   1.090290e-230   1.685653e-001   1.000000e-030   1.000000e-030   1.139217e-002   3.371305e-001   1.000000e-030   1.000000e-030   1.000000e-030   1.000000e-030   1.000000e-030   1.000000e-030   4.586750e-229   1.000000e-030   1.000000e-030   3.951374e-296   1.090019e-231   1.685653e-001   1.685653e-001   1.000000e-030   5.384435e-231   1.000000e-030   1.000000e-030   1.000000e-030   1.618409e-240   1.000000e-030   1.000000e-030   1.000000e-030   1.457816e-001   1.000000e-030   1.000000e-030   

1.000000e-030   2.803020e-001   1.000000e-030   1.000000e-030   1.000000e-030   1.000000e-030   2.366147e-273   1.000000e-030   1.000000e-030   1.000000e-030   1.000000e-030   1.000000e-030   1.000000e-030   1.401510e-001   1.000000e-030   1.000000e-030   6.660642e-297   2.803020e-001   5.476000e-265   5.678109e-235   1.000000e-030   2.803020e-001   1.000000e-030   1.000000e-030   1.000000e-030   1.000000e-030   1.000000e-030   1.000000e-030   1.000000e-030   1.894315e-002   1.000000e-030   1.000000e-030   

