2.363289e+062 -3.827710e+058 -1.003980e+059 -1.780173e+059 -2.605549e+059 -3.354301e+059 -3.910186e+059 -4.159381e+059 -4.021609e+059 -3.449582e+059 -2.441844e+059 1.309903e+056 
2.363278e+062 -3.752910e+058 -9.921810e+058 -1.778140e+059 -2.590711e+059 -3.320038e+059 -3.885548e+059 -4.153955e+059 -4.012720e+059 -3.432809e+059 -2.434538e+059 1.293814e+056 
2.363088e+062 -2.317655e+058 -6.202568e+058 -1.230883e+059 -2.195497e+059 -2.913921e+059 -3.662913e+059 -3.863294e+059 -3.586817e+059 -2.988852e+059 -2.159138e+059 8.890048e+055 
2.361853e+062 3.194120e+058 1.779148e+059 3.435885e+059 2.086118e+059 -1.515337e+059 -3.867981e+059 -2.419266e+059 -7.520866e+058 2.888025e+058 -1.124941e+058 -7.099299e+054 
2.361068e+062 9.130075e+058 2.864717e+059 5.497354e+059 2.540098e+059 5.924299e+058 -2.533028e+059 2.084550e+058 1.302969e+059 8.437813e+058 5.842281e+058 5.164615e+055 
2.360247e+062 2.323297e+059 3.048745e+059 5.303504e+059 5.240329e+059 2.318039e+059 -1.028505e+058 3.314287e+059 3.130561e+059 7.395278e+058 9.742233e+058 1.697405e+056 
2.359420e+062 2.112491e+059 5.577892e+059 9.692474e+059 5.973743e+059 3.665077e+059 5.925435e+058 3.154509e+059 4.735070e+059 3.831314e+059 2.467892e+059 4.760396e+056 
2.359349e+062 2.928348e+059 4.587440e+059 8.040809e+059 4.904969e+059 5.379709e+059 1.540450e+059 5.181659e+059 3.958353e+059 1.903071e+059 1.918487e+059 3.777018e+056 
2.356768e+062 2.836352e+059 8.355000e+059 1.714696e+060 1.130671e+060 1.085919e+060 5.251464e+059 9.521732e+059 1.050022e+060 9.257146e+059 5.625327e+059 1.955120e+057 
2.356827e+062 -1.483020e+058 3.644614e+059 1.276026e+060 1.261947e+060 1.299603e+060 1.131211e+060 1.527822e+060 1.531323e+060 1.122435e+060 4.333399e+059 1.926397e+057 
2.362727e+062 -5.280809e+058 -1.509360e+059 -1.898928e+059 -3.413314e+059 -3.377099e+059 -3.776787e+059 -4.098188e+059 -3.403178e+059 -3.333841e+059 -2.216051e+059 1.512610e+056 
2.273191e+062 -2.236253e+061 -4.693063e+061 -6.110317e+061 -5.816638e+061 -3.885764e+061 -1.193704e+061 1.070316e+061 2.149869e+061 2.016258e+061 1.164553e+061 -1.595173e+060 
2.240865e+062 -2.709585e+061 -5.199052e+061 -6.053855e+061 -4.818730e+061 -1.942855e+061 1.075972e+061 2.610757e+061 2.318341e+061 1.145523e+061 1.412068e+060 -1.596527e+060 
2.206995e+062 -3.305590e+061 -5.696092e+061 -5.140240e+061 -1.899421e+061 2.164610e+061 4.603935e+061 4.088802e+061 1.464481e+061 -1.123448e+061 -1.979889e+061 1.092558e+060 
2.258870e+062 -1.692368e+061 -2.558837e+061 -2.364735e+061 -2.066232e+061 -1.958055e+061 -2.140854e+061 -2.306579e+061 -2.003598e+061 -1.379814e+061 -7.468702e+060 1.013061e+060 
2.260967e+062 -1.014645e+061 -5.079985e+060 5.236960e+060 -4.740592e+059 -2.266856e+061 -4.530992e+061 -4.969023e+061 -3.341400e+061 -1.215298e+061 -1.641073e+060 2.796785e+059 
2.308634e+062 -4.613599e+060 -1.835154e+060 1.971117e+060 -3.878141e+060 -1.568265e+061 -2.652837e+061 -2.864305e+061 -2.174941e+061 -1.232631e+061 -5.743871e+060 1.868293e+059 
2.322148e+062 -3.359501e+060 -3.261470e+059 4.945635e+060 1.215943e+060 -9.850591e+060 -2.129680e+061 -2.238348e+061 -1.386121e+061 -5.342812e+060 -1.621350e+060 2.869200e+058 
2.347141e+062 -1.691377e+060 -2.032214e+060 -9.062112e+059 -2.769479e+060 -5.517504e+060 -9.498098e+060 -1.095270e+061 -8.476822e+060 -5.637109e+060 -2.705938e+060 4.103898e+058 
2.348800e+062 -9.432341e+059 -1.244673e+059 1.946025e+060 3.052538e+059 -2.668250e+060 -6.495410e+060 -7.545578e+060 -4.639812e+060 -2.211616e+060 -5.187652e+059 1.190284e+057 
2.360251e+062 -4.483831e+059 -1.053753e+060 -1.463481e+060 -2.505524e+060 -3.071319e+060 -3.791421e+060 -3.957261e+060 -3.301662e+060 -2.646183e+060 -1.577352e+060 1.074368e+058 
2.362106e+062 -7.242494e+058 -2.276906e+059 -1.957482e+059 -6.189833e+059 -6.358554e+059 -8.781858e+059 -9.732513e+059 -7.288892e+059 -6.698288e+059 -3.683050e+059 5.143793e+056 
2.363099e+062 -4.222930e+058 -1.189764e+059 -1.843989e+059 -3.229567e+059 -3.642345e+059 -4.555124e+059 -4.744627e+059 -4.366513e+059 -3.951221e+059 -2.555450e+059 1.666379e+056 
2.363282e+062 -3.991284e+058 -1.041246e+059 -1.827972e+059 -2.671604e+059 -3.414681e+059 -3.972135e+059 -4.209807e+059 -4.052970e+059 -3.473295e+059 -2.448413e+059 1.360273e+056 
2.363289e+062 -3.861590e+058 -1.012515e+059 -1.793701e+059 -2.622376e+059 -3.376983e+059 -3.932120e+059 -4.178245e+059 -4.036721e+059 -3.459178e+059 -2.447525e+059 1.324987e+056 
2.363288e+062 -3.836877e+058 -1.006758e+059 -1.784822e+059 -2.609149e+059 -3.359754e+059 -3.912838e+059 -4.161265e+059 -4.020737e+059 -3.448354e+059 -2.440892e+059 1.312776e+056 
2.363289e+062 -3.847443e+058 -1.009197e+059 -1.788683e+059 -2.615260e+059 -3.368208e+059 -3.922745e+059 -4.171384e+059 -4.030821e+059 -3.456551e+059 -2.446886e+059 1.319193e+056 
2.363288e+062 -3.829080e+058 -1.005365e+059 -1.780364e+059 -2.604225e+059 -3.351283e+059 -3.902474e+059 -4.148430e+059 -4.007532e+059 -3.436963e+059 -2.433374e+059 1.306011e+056 
2.363289e+062 -3.828287e+058 -1.004540e+059 -1.781364e+059 -2.604235e+059 -3.353712e+059 -3.907517e+059 -4.155430e+059 -4.015084e+059 -3.443342e+059 -2.437815e+059 1.308367e+056 
2.363289e+062 -3.830209e+058 -1.004984e+059 -1.783306e+059 -2.607417e+059 -3.356831e+059 -3.910019e+059 -4.156783e+059 -4.016668e+059 -3.443859e+059 -2.438063e+059 1.309998e+056 
2.363288e+062 -3.854159e+058 -1.010027e+059 -1.788845e+059 -2.615487e+059 -3.364793e+059 -3.917513e+059 -4.165966e+059 -4.026381e+059 -3.453669e+059 -2.444779e+059 1.317930e+056 
2.363290e+062 -3.840982e+058 -1.008422e+059 -1.787226e+059 -2.612306e+059 -3.363540e+059 -3.916595e+059 -4.162764e+059 -4.024922e+059 -3.450593e+059 -2.442898e+059 1.315458e+056 
