1
0
-1
-1
0
-2
-2
-2
-4
-5
-5
-6
-7
-8
-8
-7
-7
-8
-6
-6
-5
-4
-5
-5
-3
-4
-3
-3
-2
0
0
0
0
0
0
0
1
0
-1
-1
-1
-3
-2
-3
-3
-4
-3
-3
-5
-4
-5
-5
-5
-4
-4
-3
-2
-1
-2
-1
-1
-1
1
0
1
2
2
2
2
1
1
1
0
-1
-1
-3
-3
-5
-4
-5
-6
-6
-6
-6
-7
-7
-7
-7
-7
-6
-6
-5
-4
-3
-2
-1
-1
0
-1
-1
0
2
4
4
3
4
3
3
3
3
2
2
0
0
0
0
0
-2
-2
-1
-1
-1
-2
-3
-2
-2
-1
-1
0
-1
1
2
2
3
5
4
5
7
6
7
6
7
6
6
5
4
3
3
1
0
-1
-2
-1
-2
-4
-3
-4
-4
-5
-4
-5
-5
-5
-5
-5
-4
-4
-3
-3
-2
0
0
0
1
2
1
3
3
4
3
3
4
4
3
2
3
3
3
2
2
1
0
0
-2
-2
-1
-1
0
0
0
2
2
2
2
2
3
3
4
5
5
5
7
7
8
8
7
8
6
6
6
5
6
7
7
6
5
4
3
2
2
0
0
-1
0
0
-1
-1
1
1
3
2
2
3
3
4
5
5
5
5
5
6
4
4
4
3
5
4
4
3
4
2
2
2
0
0
-2
-2
-4
-5
-4
-4
-3
-3
-3
-3
-2
-2
-2
-3
-3
-2
-1
-1
-1
1
0
0
0
-2
-2
-2
-3
-3
-3
-3
-5
-4
-5
-5
-6
-6
-6
-8
-6
-7
-9
-8
-8
-8
-8
-8
-8
-5
-4
-3
-2
-3
-2
-2
-2
-2
-1
-3
-2
-4
-4
-4
-4
-3
-3
-3
-1
-1
-1
0
0
1
0
2
-1
0
0
-1
-1
-2
-3
-2
-3
-2
-2
-1
0
0
1
1
-1
-1
-1
-1
-1
-1
-1
0
0
0
0
0
-1
-2
-2
-1
-2
-1
-1
-1
-2
-1
0
0
1
1
3
2
1
2
2
1
2
3
3
5
5
6
4
5
6
6
6
6
6
5
6
4
4
3
2
2
2
3
3
3
2
3
4
3
5
5
5
6
5
5
4
5
4
5
5
4
4
3
2
1
1
0
0
1
1
2
2
3
0
-1
-2
-3
-6
-7
-7
-6
-7
-6
-6
-5
-4
-5
-5
-3
-2
-1
-1
0
1
0
-1
-2
-4
-4
-3
-2
-2
-2
-3
-4
-5
-6
-7
-6
-6
-6
-5
-6
-6
-6
-6
-8
-8
-7
-5
-4
-2
1
0
0
1
2
1
1
1
3
2
1
3
1
2
2
2
1
1
-1
-2
-3
-3
-3
-2
-3
-5
-5
-4
-3
-4
-2
-2
1
1
0
1
0
1
-1
0
2
4
6
8
9
11
10
9
7
6
5
6
5
3
4
5
5
4
4
3
1
0
-2
-2
-3
-2
0
0
3
3
2
1
-1
-1
-1
1
2
5
7
5
6
6
5
5
4
5
5
6
5
5
3
2
1
0
-2
-4
-4
-4
-6
-5
-5
-5
-4
-5
-5
-5
-7
-5
-5
-4
-3
-2
-3
-2
0
1
2
1
3
4
3
4
5
5
6
8
7
6
5
3
2
0
0
-1
1
1
1
1
0
0
0
-2
-2
0
1
3
2
3
3
3
2
3
2
0
-1
1
0
1
3
2
0
-2
-2
-4
-5
-5
-8
-8
-9
-8
-8
-11
-12
-14
-16
-17
-16
-17
-15
-14
-12
-11
-9
-8
-6
-7
-7
-6
-6
-6
-6
-4
-1
-1
-2
-1
-2
-4
-4
-2
-3
-4
-5
-2
-1
0
2
3
3
2
2
0
1
-1
2
4
5
6
6
7
8
9
10
8
6
8
9
9
9
10
9
7
7
7
5
2
2
2
2
4
3
4
4
1
1
-1
-2
-3
-3
-2
-2
-1
-1
0
-2
-1
1
-1
-1
1
0
1
1
1
2
1
1
3
4
2
3
1
1
1
-1
-1
-1
-1
-1
-1
-1
0
1
2
-1
-2
1
2
0
4
4
5
8
10
9
8
9
8
7
7
5
8
7
9
10
8
5
1
2
2
3
0
0
-2
-1
-1
-4
-8
-8
-9
-8
-7
-4
-5
-3
-5
-5
-3
-5
-3
-3
-1
0
1
-1
-1
0
2
2
1
2
3
3
3
1
-1
1
0
-2
-4
-6
-5
-5
-5
-3
-3
-4
-2
-5
-6
-3
-2
2
4
7
7
9
10
9
9
8
9
10
11
13
12
9
7
4
3
3
3
5
5
4
2
1
-1
-5
-5
-3
-5
-3
-2
-2
-1
0
-2
-1
-2
-2
2
6
9
10
7
4
2
-1
-1
-4
-5
-2
0
3
5
5
4
5
2
-2
-3
-7
-4
-2
-2
-4
-7
-9
-11
-12
-13
-12
-11
-7
-6
-1
1
2
1
-1
-2
2
8
8
8
8
10
5
-3
-5
-4
-5
-3
-1
-3
-4
-7
-8
-10
-12
-8
-4
-5
-5
-10
-14
-18
-24
-25
-19
-15
-12
-5
0
3
5
0
-2
-5
-6
-3
-2
-1
2
2
2
-4
-13
-12
-12
-14
-10
-6
-4
-4
-5
-9
-16
-17
-15
-11
-10
-9
0
1
-2
-3
-2
-3
-5
-2
3
10
12
14
11
6
3
1
-1
-2
0
8
15
11
7
5
2
-9
-12
-12
-13
-4
7
9
5
5
0
-3
-10
-2
3
5
7
7
7
6
7
4
7
4
4
5
7
5
6
8
6
4
2
6
3
2
5
5
2
3
2
-3
-1
2
3
4
5
10
10
5
-2
-6
-11
-12
-7
-1
8
17
20
19
13
0
-5
-4
-4
-3
3
13
14
14
11
2
-6
-5
2
2
7
14
14
14
9
-2
-9
-10
-4
2
2
4
9
8
5
5
0
4
13
17
20
21
12
7
-2
-3
-4
-8
2
13
20
19
13
4
4
1
-5
-7
-7
-2
2
-2
-6
-15
-14
-2
2
3
6
12
15
5
-8
-9
-11
-15
-7
13
18
18
16
14
12
6
5
-3
-5
3
12
4
-2
-9
-14
-15
-21
-29
-17
5
16
19
13
18
7
-14
-27
-29
-25
-13
-3
-1
8
18
18
12
0
-6
-10
-7
13
21
24
14
2
-9
-19
-28
-28
-29
-16
11
29
28
17
19
9
-22
-45
-45
-38
-31
-10
-4
12
24
19
0
-16
-2
2
-2
-2
12
17
8
-6
-26
-34
-34
-22
-14
2
18
26
14
1
-7
-29
-28
-36
-37
-27
-7
-21
-27
-13
-8
-18
-8
26
29
21
16
13
-3
-11
-29
-46
-39
-13
9
7
-1
9
32
25
9
19
37
24
-6
-20
-28
-40
-41
-28
-14
15
49
56
38
3
-15
-18
-26
-31
-8
20
28
26
13
-7
-14
-22
-19
5
50
73
53
43
25
-11
-46
-59
-59
-39
-9
16
31
33
10
-11
-18
-42
-69
-59
-21
0
8
15
13
-3
-23
-31
-35
-44
-28
12
34
25
31
56
49
8
-18
-11
-13
-19
-12
3
18
37
57
45
19
-4
-3
-11
-38
-43
-11
18
23
31
27
16
-3
-17
-32
-25
-6
9
24
52
57
39
15
8
4
-7
-6
-5
12
17
20
22
20
1
1
18
7
-15
-11
2
-16
-40
-39
-10
0
-3
4
9
21
34
28
4
-15
-15
-2
12
2
-3
25
52
51
28
19
28
15
-11
-22
-5
23
31
11
6
24
28
7
-23
-28
-7
19
17
-8
-25
-17
-7
0
-4
-16
17
54
45
10
11
20
-7
-28
4
18
8
22
27
9
-5
4
2
-10
-20
-13
-8
-2
-13
-21
-20
-17
-23
-24
-26
-44
-67
-76
-35
-17
-13
8
52
40
19
21
1
-43
-61
-35
-23
-20
-1
12
3
11
5
8
20
10
-20
-8
-1
-36
-53
-44
-59
-53
-40
-17
-18
-22
0
14
50
33
-29
-32
8
-5
4
38
26
-14
5
39
6
-28
-29
-10
27
61
81
57
19
8
4
-52
-64
-44
-34
-21
-28
-26
-20
-18
-23
-14
-5
13
13
9
-13
-42
-41
-37
-38
-14
2
25
17
8
22
31
17
-3
5
3
11
-14
-28
-57
-27
-33
-37
33
52
34
37
47
8
-30
-22
-29
-74
-58
-7
-29
-17
20
25
57
37
9
-3
19
19
2
27
85
70
44
44
-40
-70
-20
0
-21
35
124
139
83
52
31
-25
-69
-54
-24
-40
-16
30
12
-33
-33
-41
-36
-11
8
17
16
2
-17
-16
-23
-73
-70
-2
-10
-36
-12
6
-1
18
42
42
22
40
43
1
-23
-1
-21
-39
-31
-37
-27
-3
17
24
37
20
4
18
28
9
-21
-33
-24
-17
-6
-8
3
14
41
75
82
90
43
20
12
-17
-60
-40
-40
-36
60
79
50
14
18
3
34
41
-27
-20
35
46
-18
-21
-17
-40
-44
-8
-21
-43
35
59
42
50
48
29
24
-1
-43
-20
-16
-31
-34
-7
8
-4
-4
-2
10
26
57
63
49
28
-3
-65
-95
-99
-120
-54
21
31
78
124
64
-9
-61
-65
-44
-38
-16
51
70
46
20
-21
-16
-62
-87
-16
17
9
118
142
48
21
46
-25
-89
-86
-53
-2
-20
-15
43
51
3
12
20
16
-48
-43
45
6
8
74
10
-98
-67
-49
-42
1
26
59
81
59
28
1
-14
-39
-54
-34
-17
-1
15
20
1
-19
-4
-60
-58
17
6
47
66
29
-15
-2
-42
-27
-31
-40
32
4
53
87
84
-4
-16
6
-45
-25
-36
21
41
33
-14
-24
-31
-78
-33
-6
6
6
40
28
-45
-39
1
-36
-65
-10
-23
-81
-25
19
-49
-57
-4
-30
-59
-3
44
-5
-23
-7
0
20
9
36
30
-22
-59
-28
-24
-85
-71
-23
-3
-17
39
59
-25
-56
-11
7
-17
-21
-48
-8
15
19
44
26
18
33
77
52
30
46
40
-33
-57
24
9
-37
-2
40
-18
0
43
-52
-51
-11
-35
-59
-36
-20
-42
-74
14
75
-2
9
-4
-64
-15
7
-6
-4
41
100
86
43
58
68
-14
-8
-61
5
89
58
58
105
69
20
6
-58
-61
-21
46
36
-29
24
22
-25
-24
-35
-17
-1
24
-8
56
87
55
7
44
52
31
63
13
-8
46
47
-19
38
131
52
10
87
46
-41
-30
-15
-56
-11
66
36
-28
20
0
-12
-23
-47
-52
-34
14
-18
4
-2
-5
-21
18
22
-53
13
-12
7
51
37
-13
5
42
-18
52
45
22
-51
-54
27
-2
9
28
-9
-37
-8
-48
-92
-88
-87
-93
-99
-85
-64
-28
24
-6
18
36
-17
-56
-55
-50
-78
8
47
28
-7
52
101
53
17
21
-24
-34
53
72
76
4
-32
-17
-35
-83
-68
-43
-6
31
28
5
11
-7
-44
-83
-91
-27
23
32
18
54
13
-15
-20
24
35
41
49
61
34
-23
8
22
20
14
36
3
-16
-35
-9
12
20
14
7
-19
-100
-86
-43
-3
-17
-12
14
56
48
32
26
-41
-47
-31
10
17
46
85
68
52
15
-24
-48
-48
-5
23
39
51
54
28
9
-31
-91
-88
-95
-22
7
26
43
-4
-26
-41
-41
-69
-61
-65
-31
4
-21
-24
18
82
26
-31
-24
-29
-48
-4
29
19
60
78
33
-63
-65
-5
27
-6
-28
-31
-18
-14
-72
-8
12
50
59
73
28
-54
-66
-73
-69
-48
69
81
113
103
65
22
-41
-89
-77
-14
16
66
54
51
46
-15
-58
-22
-56
-90
-64
-44
-24
-46
-43
31
62
23
49
0
-31
-25
-27
0
-10
-2
-3
17
4
55
46
-16
-11
15
57
18
-19
-11
22
77
30
-75
-92
-38
10
-15
-19
-2
-4
13
55
21
6
58
63
56
48
10
-31
-39
-53
-4
44
32
55
59
58
80
95
77
30
-15
-46
-82
-109
-54
-25
-46
-24
-18
-49
6
60
68
34
-28
-57
-78
-82
-65
-20
-1
-44
-25
31
35
21
-4
-6
-7
16
5
1
-18
-18
48
31
11
-51
-57
-2
13
23
37
37
52
106
58
39
19
3
-8
-38
-21
-4
43
18
33
23
2
41
96
108
57
19
20
32
24
9
-43
-48
8
58
0
-39
-66
-13
77
11
-74
-44
34
6
20
49
38
12
-10
-46
-106
-91
-89
-30
12
11
14
30
11
-1
6
-12
-24
-71
-43
-16
-49
-62
-78
-85
9
54
86
108
92
9
-54
-40
-58
-78
-147
-160
-106
-67
-14
52
64
58
73
88
85
-10
-69
-34
-27
6
57
56
70
82
34
1
-86
-181
-138
-63
22
70
75
55
89
76
51
37
-63
-114
-124
-120
-65
17
50
49
-7
-1
-24
-110
-142
-102
-55
20
81
6
-42
14
53
90
71
-10
-51
-105
-67
-8
-19
-41
-43
-30
13
-14
-26
24
34
17
20
41
25
5
47
19
-44
-62
-88
-40
-24
23
112
135
98
109
74
44
18
-4
46
35
5
24
47
21
-7
-39
56
86
66
49
9
-41
-52
-8
-29
-58
-52
30
36
-73
-106
-91
-53
50
134
160
149
82
22
6
-78
-126
-111
-89
12
59
7
10
-5
7
38
16
-13
4
51
73
48
24
-54
-136
-97
-60
-59
-35
-14
-34
-3
-21
-10
-22
-26
36
9
18
-5
-51
-13
86
72
77
105
75
45
42
71
64
78
63
51
47
1
-134
-178
-109
-28
-9
26
11
-12
32
65
44
-83
-95
-48
-13
-37
-55
-78
-44
4
31
54
49
118
167
170
116
48
-12
-54
-16
38
77
8
-43
-52
-26
20
10
29
47
15
-28
-22
-65
-96
-127
-62
26
13
-19
-69
-122
-160
-91
10
87
83
113
153
121
34
-25
-38
-98
-84
-36
40
32
31
4
-37
23
50
88
74
47
-71
-96
-68
-71
-57
-62
-32
-70
-42
-35
-88
-161
-98
38
97
72
42
115
108
62
9
-68
-91
-43
100
149
9
-50
-38
-40
-6
88
57
7
55
36
-14
-79
-80
-85
-56
-4
-5
-57
-62
-17
0
25
27
-2
-74
-79
-130
-98
-20
-21
0
63
102
21
34
24
11
28
62
78
7
-13
-46
-74
-129
-95
-60
-44
19
82
111
-1
-71
-17
99
134
93
40
-67
-113
-97
-50
-55
-7
83
102
73
-5
-39
-27
31
42
49
39
83
154
129
88
-4
-99
-167
-93
6
6
1
12
18
4
33
41
-33
-62
-28
16
15
-10
12
12
32
85
78
-2
-38
4
28
4
-67
-110
-103
-71
-23
48
80
104
131
111
47
-3
-73
-82
-72
-87
-67
-81
-54
-2
68
29
-67
-92
-41
-5
-3
31
31
44
57
47
-19
-122
-108
-62
7
68
127
126
116
104
44
-18
-120
-128
-64
17
35
30
-33
-24
47
113
85
-6
-27
13
41
13
1
-34
-20
44
110
96
-4
-81
-135
-132
-60
7
67
137
182
179
152
53
-41
-98
-133
-143
-130
-109
-73
-26
31
72
64
40
25
4
-19
-26
-23
-18
-14
-5
-53
-86
-87
-51
-11
36
83
132
143
132
96
15
-35
-46
-21
-38
-55
-53
-34
-15
5
21
6
-9
-13
-26
-38
-32
-8
36
94
121
104
74
16
-48
-107
-130
-103
-49
51
129
191
165
72
13
-24
-80
-112
-43
9
67
104
104
38
-17
-2
-22
-51
-43
-33
-54
-57
-46
-57
-76
-109
-84
-52
-44
-20
11
55
107
150
137
84
-11
-75
-108
-106
-90
-64
-1
35
33
9
8
-23
-59
-58
-32
4
52
91
73
48
8
-31
-85
-112
-92
-27
1
-15
-50
-109
-126
-71
-3
21
45
71
113
122
118
84
8
-63
-100
-87
-54
-15
21
60
86
75
25
-35
-99
-119
-84
-46
-5
30
62
75
67
30
-17
-53
-41
-17
-1
8
18
19
-18
-36
-54
-14
28
24
-4
-5
23
36
40
44
51
44
27
35
38
-5
-14
-18
-15
-21
-18
-6
-13
-29
-12
3
-21
-32
-31
-26
-42
-3
41
57
78
102
114
52
-18
-92
-128
-144
-121
-40
29
107
138
151
97
25
-31
-50
-40
-24
17
46
35
-2
-21
-52
-96
-131
-109
-43
14
40
79
118
130
96
56
50
4
-48
-73
-90
-83
-27
15
23
27
8
10
19
15
-1
3
35
50
47
32
-10
-55
-76
-64
-11
51
76
61
57
32
-15
-67
-88
-51
8
68
106
81
27
4
-28
-49
-76
-74
-27
-1
5
14
20
9
3
11
-9
-52
-67
-91
-99
-72
-28
51
109
126
123
88
20
-60
-105
-115
-93
-52
-13
28
50
48
50
44
13
-9
-20
-22
-25
-35
-17
-5
-15
-15
-6
1
-11
-20
5
14
8
18
25
29
44
33
5
11
21
36
35
49
53
27
-1
-32
-46
-60
-37
10
47
55
43
28
-18
-53
-45
-15
-8
-7
15
31
28
8
-22
-34
-41
-38
-34
-17
6
-15
-11
-3
-19
-22
-12
-11
-21
-1
28
48
54
42
35
16
-11
-41
-45
-20
-11
11
37
36
13
-10
-32
-34
-10
11
34
37
41
26
-7
-45
-78
-87
-65
-46
-41
-22
-12
-10
-27
-36
-30
-23
-30
-31
-14
-10
-6
-7
0
13
26
29
18
5
-16
-26
-24
-23
-24
-25
-12
6
13
11
17
17
-7
-22
-34
-41
-49
-46
-23
1
17
19
24
14
6
8
21
23
14
31
48
61
76
87
79
62
58
65
61
42
27
24
14
5
8
9
9
12
12
8
-16
-45
-64
-80
-73
-55
-39
-16
1
12
14
-4
-29
-43
-48
-52
-49
-36
-15
-2
7
18
25
26
27
20
4
-11
-24
-18
-14
-15
-1
-12
-18
-30
-31
-29
-35
-24
-13
6
-7
-9
-21
-28
-25
-31
-23
-26
-10
-4
1
9
6
15
7
22
25
34
46
42
71
76
71
53
38
33
24
17
7
9
-5
11
39
54
59
39
41
36
21
5
-2
1
8
33
49
48
40
43
49
50
46
49
49
50
52
63
80
78
67
61
66
45
24
21
19
9
-5
13
33
42
44
42
29
-2
-15
-12
-4
-1
7
30
30
18
6
8
3
-16
-9
-9
-13
-32
-37
-37
-46
-47
-53
-62
-87
-119
-156
-179
-207
-232
-229
-204
-184
-176
-164
-151
-149
-143
-139
-134
-128
-125
-117
-121
-121
-147
-165
-174
-188
-181
-172
-158
-155
-135
-118
-105
-107
-83
-53
-42
-22
-13
10
17
16
28
41
48
65
92
119
137
155
173
194
216
235
252
243
232
225
224
228
234
245
259
265
270
281
275
269
278
273
280
292
292
295
288
287
298
300
302
310
316
328
343
340
348
341
321
306
274
243
212
196
179
162
141
109
75
19
-37
-89
-142
-182
-221
-250
-285
-337
-403
-462
-516
-577
-616
-647
-663
-675
-679
-676
-674
-653
-638
-630
-639
-636
-649
-672
-687
-711
-706
-715
-710
-713
-729
-723
-721
-695
-672
-644
-608
-567
-532
-502
-465
-452
-425
-368
-258
-125
2
135
294
503
706
893
1056
1192
1332
1438
1511
1536
1503
1447
1358
1245
1114
989
842
686
548
446
390
337
293
263
247
249
256
249
224
206
183
152
117
90
72
40
34
54
111
187
258
352
437
515
608
696
721
692
647
592
486
328
187
42
-117
-275
-379
-443
-540
-609
-613
-569
-546
-516
-444
-408
-408
-421
-425
-467
-563
-639
-691
-750
-830
-885
-903
-933
-956
-940
-910
-907
-947
-970
-997
-1026
-1094
-1173
-1245
-1360
-1462
-1551
-1621
-1661
-1651
-1570
-1340
-970
-572
-181
199
656
1166
1572
1866
2085
2262
2391
2412
2331
2166
1931
1653
1373
1081
808
592
408
256
160
155
194
195
153
135
139
104
8
-117
-231
-330
-445
-539
-592
-597
-563
-502
-383
-191
46
301
518
689
863
1022
1140
1155
1093
1033
945
800
619
447
296
126
-31
-140
-194
-230
-252
-234
-208
-163
-113
-86
-69
-80
-89
-94
-125
-164
-203
-230
-252
-282
-302
-320
-359
-420
-459
-480
-506
-557
-624
-658
-709
-767
-838
-947
-1045
-1192
-1306
-1424
-1567
-1690
-1835
-1931
-2004
-2079
-2116
-2115
-2100
-1997
-1751
-1321
-778
-327
103
635
1278
1891
2308
2598
2843
3060
3180
3171
3058
2838
2562
2246
1903
1567
1249
974
722
505
388
356
318
226
134
85
47
-61
-238
-408
-564
-699
-825
-913
-923
-884
-811
-708
-521
-265
26
286
563
841
1020
1178
1255
1315
1278
1148
1040
847
613
360
163
-42
-291
-479
-598
-652
-750
-778
-724
-703
-670
-647
-584
-557
-576
-541
-487
-473
-480
-446
-413
-410
-417
-413
-411
-463
-502
-496
-478
-505
-548
-559
-591
-651
-763
-863
-965
-1147
-1291
-1419
-1585
-1733
-1923
-2060
-2138
-2239
-2252
-2245
-2202
-2012
-1653
-1085
-508
-22
496
1115
1809
2379
2785
3056
3278
3477
3538
3476
3275
2988
2663
2262
1851
1469
1126
825
552
355
256
207
103
-27
-133
-213
-294
-452
-628
-788
-924
-1036
-1130
-1151
-1095
-987
-872
-717
-457
-163
152
425
698
982
1160
1295
1347
1358
1324
1192
1024
802
568
360
155
-76
-279
-441
-564
-635
-705
-719
-692
-686
-658
-629
-601
-564
-539
-488
-412
-338
-281
-230
-173
-122
-66
-58
-67
-84
-131
-147
-168
-212
-273
-352
-420
-518
-643
-797
-944
-1125
-1314
-1443
-1605
-1766
-1950
-2110
-2202
-2303
-2365
-2404
-2427
-2337
-2024
-1476
-908
-431
67
713
1480
2144
2624
2971
3247
3503
3663
3668
3511
3232
2894
2513
2088
1664
1282
932
596
329
186
120
27
-147
-290
-353
-417
-542
-736
-920
-1040
-1150
-1256
-1291
-1249
-1155
-1041
-878
-617
-294
43
354
636
905
1148
1397
1539
1536
1501
1434
1386
1173
873
651
409
152
-120
-302
-452
-621
-765
-815
-789
-825
-808
-772
-757
-711
-649
-546
-489
-462
-367
-242
-174
-123
-32
35
55
27
26
53
17
-23
-49
-88
-157
-232
-331
-467
-625
-825
-985
-1168
-1376
-1540
-1725
-1904
-2066
-2203
-2299
-2386
-2455
-2483
-2405
-2166
-1701
-1076
-545
-35
588
1364
2166
2701
3065
3347
3601
3803
3822
3659
3350
2992
2584
2120
1623
1174
812
454
144
-32
-98
-154
-289
-433
-494
-522
-615
-793
-993
-1138
-1230
-1337
-1407
-1381
-1290
-1157
-983
-728
-381
1
368
698
996
1258
1520
1697
1684
1619
1517
1438
1236
869
587
310
23
-280
-523
-657
-840
-1014
-1083
-1037
-1004
-999
-934
-863
-777
-682
-560
-446
-397
-319
-176
-50
18
98
188
239
258
284
336
318
245
196
161
87
-32
-174
-343
-552
-799
-1029
-1259
-1508
-1748
-1982
-2201
-2391
-2555
-2690
-2809
-2876
-2883
-2818
-2640
-2209
-1571
-925
-326
258
1049
1924
2612
3101
3424
3734
3993
4099
4021
3764
3417
3007
2555
2026
1529
1118
724
379
115
0
-46
-165
-344
-464
-499
-574
-734
-953
-1110
-1201
-1313
-1384
-1375
-1260
-1093
-907
-638
-284
121
509
883
1208
1483
1722
1924
2003
1913
1803
1660
1479
1139
755
479
140
-186
-490
-693
-845
-1047
-1141
-1159
-1100
-1090
-1042
-932
-872
-753
-638
-496
-384
-299
-147
-1
105
206
336
429
465
494
524
532
438
335
272
184
56
-122
-315
-550
-799
-1067
-1326
-1568
-1852
-2066
-2284
-2468
-2606
-2761
-2863
-2936
-2956
-2909
-2838
-2698
-2304
-1648
-941
-331
201
907
1785
2537
3027
3329
3589
3855
3981
3876
3618
3268
2849
2359
1797
1301
903
521
167
-102
-210
-235
-304
-459
-582
-616
-674
-790
-981
-1129
-1195
-1267
-1323
-1290
-1155
-945
-711
-449
-86
346
775
1163
1464
1710
1947
2129
2166
2050
1906
1735
1524
1155
776
459
90
-243
-563
-764
-919
-1100
-1200
-1209
-1165
-1145
-1080
-986
-888
-757
-621
-454
-340
-223
-53
110
225
324
441
522
563
582
600
596
506
401
308
196
78
-111
-320
-551
-806
-1057
-1317
-1589
-1863
-2112
-2341
-2527
-2674
-2820
-2917
-2952
-2948
-2857
-2766
-2609
-2240
-1619
-823
-132
440
1100
1958
2807
3351
3664
3870
4075
4193
4073
3833
3441
2991
2499
1938
1443
989
610
235
-84
-244
-297
-334
-501
-652
-734
-794
-881
-1082
-1241
-1351
-1434
-1459
-1439
-1288
-1053
-804
-532
-182
264
727
1122
1392
1591
1781
1891
1938
1901
1696
1450
1159
865
577
157
-216
-546
-834
-1032
-1187
-1276
-1377
-1427
-1392
-1267
-1148
-1088
-953
-832
-681
-501
-327
-144
-33
100
278
458
570
644
718
732
734
685
620
536
366
238
119
-39
-233
-478
-714
-949
-1195
-1453
-1684
-1926
-2159
-2350
-2484
-2603
-2699
-2774
-2784
-2676
-2599
-2449
-2201
-1694
-883
-172
436
1018
1781
2675
3285
3637
3801
3982
4103
4027
3803
3383
2938
2435
1914
1429
935
568
212
-97
-282
-343
-316
-403
-546
-666
-688
-730
-904
-1081
-1209
-1259
-1302
-1314
-1182
-948
-685
-405
-83
333
779
1148
1421
1609
1758
1858
1879
1787
1571
1307
981
678
338
-55
-408
-768
-1030
-1232
-1365
-1414
-1476
-1483
-1448
-1323
-1182
-1073
-953
-831
-648
-483
-296
-103
43
203
349
529
670
761
822
830
832
786
716
600
426
260
89
-68
-275
-525
-784
-1062
-1307
-1544
-1781
-2006
-2210
-2390
-2513
-2627
-2703
-2724
-2742
-2643
-2534
-2395
-2172
-1796
-1055
-268
388
955
1573
2431
3164
3647
3869
3971
4078
4046
3891
3515
3063
2573
2038
1535
1015
626
293
-48
-289
-405
-383
-397
-533
-687
-770
-804
-899
-1065
-1242
-1344
-1380
-1392
-1292
-1073
-778
-461
-169
208
659
1078
1413
1620
1755
1840
1871
1839
1629
1324
996
695
396
-22
-366
-660
-910
-1086
-1205
-1194
-1213
-1239
-1226
-1104
-954
-875
-760
-670
-552
-408
-243
-42
83
220
385
553
687
787
888
893
855
790
743
665
457
268
101
-62
-256
-507
-748
-1020
-1293
-1552
-1771
-1984
-2225
-2397
-2563
-2632
-2706
-2771
-2731
-2696
-2534
-2407
-2217
-1820
-1163
-322
318
875
1456
2240
3020
3423
3639
3676
3748
3749
3520
3193
2719
2249
1746
1234
781
421
149
-160
-395
-509
-494
-482
-625
-795
-906
-976
-1083
-1257
-1428
-1473
-1474
-1434
-1256
-981
-584
-205
157
595
1061
1513
1832
2012
2062
2079
2060
1884
1586
1180
853
550
168
-162
-434
-604
-774
-902
-917
-881
-874
-942
-928
-896
-854
-816
-803
-743
-693
-560
-372
-185
14
225
476
678
855
1022
1135
1157
1054
969
858
680
437
191
0
-207
-427
-655
-894
-1172
-1428
-1654
-1833
-2022
-2231
-2365
-2528
-2618
-2677
-2732
-2703
-2689
-2575
-2412
-2221
-1798
-1082
-242
438
989
1594
2419
3168
3541
3704
3690
3700
3642
3347
2960
2472
1951
1451
940
500
214
-33
-275
-439
-528
-474
-448
-597
-745
-864
-981
-1098
-1296
-1438
-1432
-1409
-1281
-1037
-682
-209
239
654
1097
1547
1936
2193
2240
2169
2099
1937
1657
1249
805
480
166
-140
-383
-553
-635
-702
-736
-721
-708
-769
-866
-942
-1010
-1034
-1068
-1069
-1015
-908
-697
-448
-177
107
410
693
911
1067
1163
1195
1076
904
730
545
344
89
-111
-275
-428
-562
-716
-882
-1095
-1340
-1552
-1740
-1948
-2164
-2400
-2589
-2715
-2834
-2879
-2893
-2809
-2643
-2461
-2087
-1452
-553
281
891
1439
2110
2902
3396
3549
3499
3421
3358
3119
2770
2358
1922
1489
1035
678
469
322
145
-46
-176
-183
-201
-363
-591
-823
-1012
-1176
-1360
-1480
-1465
-1365
-1170
-871
-456
93
610
1064
1465
1828
2156
2354
2363
2147
1875
1561
1276
1016
613
282
3
-161
-157
-234
-238
-275
-378
-407
-494
-596
-778
-1053
-1286
-1377
-1392
-1371
-1242
-1107
-841
-501
-172
235
509
708
884
954
988
910
718
513
294
75
-63
-197
-328
-410
-511
-567
-631
-776
-935
-1188
-1473
-1711
-1970
-2201
-2446
-2715
-2853
-2890
-2857
-2701
-2554
-2344
-2030
-1584
-803
64
755
1283
1734
2333
2940
3214
3216
3105
3003
2920
2697
2381
2086
1760
1384
1026
733
594
477
222
-31
-218
-308
-414
-690
-972
-1153
-1290
-1388
-1474
-1441
-1225
-978
-704
-345
118
636
1099
1400
1627
1844
1951
2013
1857
1557
1312
1021
838
591
343
238
104
13
-90
-130
-148
-272
-482
-697
-794
-931
-1113
-1297
-1391
-1315
-1219
-1072
-860
-609
-311
-62
155
355
511
606
614
576
523
455
344
210
113
78
38
-23
-85
-142
-214
-366
-581
-824
-1079
-1352
-1638
-1907
-2129
-2288
-2400
-2437
-2448
-2385
-2209
-2068
-1884
-1718
-1327
-586
144
747
1113
1532
2192
2737
2980
2983
2900
2889
2830
2598
2354
2115
1797
1416
989
667
530
357
85
-187
-402
-458
-571
-856
-1109
-1282
-1332
-1344
-1401
-1314
-1070
-783
-451
-104
333
824
1189
1425
1584
1710
1792
1768
1585
1324
1076
866
744
549
349
241
159
131
18
-105
-182
-326
-522
-737
-891
-1002
-1133
-1257
-1292
-1203
-1052
-852
-641
-421
-186
13
183
293
320
305
266
201
140
66
-20
-115
-189
-171
-164
-157
-235
-340
-426
-608
-775
-1001
-1262
-1515
-1792
-1936
-2014
-2114
-2149
-2163
-2077
-1923
-1785
-1647
-1489
-1251
-742
-4
609
1071
1370
1831
2442
2758
2837
2729
2668
2681
2513
2245
2035
1828
1572
1187
745
536
431
249
-42
-378
-555
-640
-823
-1055
-1235
-1354
-1348
-1313
-1206
-912
-611
-277
58
410
866
1218
1437
1520
1560
1608
1574
1413
1202
1044
841
727
562
563
583
409
341
129
78
-64
-333
-508
-768
-937
-1074
-1109
-1106
-1069
-1031
-912
-729
-593
-411
-283
-196
-145
-100
-62
-30
-90
-134
-177
-264
-264
-308
-272
-306
-363
-367
-385
-406
-543
-708
-895
-1088
-1288
-1443
-1572
-1728
-1827
-1901
-1867
-1797
-1801
-1742
-1644
-1537
-1299
-917
-278
443
886
1246
1631
2165
2619
2668
2522
2365
2349
2265
2030
1761
1561
1439
1214
953
706
545
384
112
-155
-392
-604
-849
-1159
-1360
-1397
-1379
-1300
-1230
-1018
-613
-188
222
540
860
1170
1399
1503
1521
1529
1463
1328
1189
1089
1014
945
827
871
829
725
583
365
302
32
-201
-423
-593
-689
-818
-798
-766
-669
-616
-485
-334
-221
-160
-144
-95
-113
-125
-165
-176
-216
-221
-250
-289
-327
-412
-378
-441
-486
-547
-610
-672
-835
-993
-1162
-1251
-1400
-1519
-1610
-1682
-1690
-1673
-1603
-1527
-1459
-1419
-1345
-1299
-1078
-612
80
722
1100
1419
1845
2445
2731
2653
2371
2152
2110
1972
1769
1536
1351
1174
979
808
703
580
318
-28
-354
-543
-716
-962
-1268
-1495
-1510
-1406
-1237
-1065
-787
-426
-60
268
571
889
1091
1172
1123
1093
1138
1150
1042
904
834
838
911
842
871
822
702
554
260
153
-106
-404
-645
-887
-889
-836
-792
-667
-569
-478
-262
-178
-101
-97
-200
-242
-364
-423
-444
-472
-586
-627
-640
-644
-591
-650
-607
-631
-683
-733
-794
-866
-1063
-1261
-1453
-1552
-1649
-1701
-1765
-1735
-1668
-1570
-1354
-1296
-1136
-1083
-998
-663
-147
561
1114
1392
1592
2018
2474
2755
2585
2228
2069
2016
2002
1845
1707
1592
1481
1275
1082
1013
851
561
54
-335
-540
-731
-992
-1293
-1410
-1336
-1164
-985
-728
-380
-22
230
452
672
874
984
913
827
779
807
805
753
727
742
889
912
935
977
877
768
498
234
105
-141
-420
-639
-846
-797
-752
-651
-513
-451
-333
-269
-156
-130
-87
-178
-291
-370
-407
-425
-506
-602
-728
-798
-863
-908
-933
-895
-910
-952
-977
-981
-1003
-1164
-1376
-1551
-1687
-1719
-1830
-1868
-1900
-1859
-1727
-1637
-1385
-1249
-1057
-720
-182
634
1340
1722
1950
2177
2530
2801
2585
2215
1882
1773
1807
1659
1561
1530
1568
1481
1283
1136
1085
908
405
-146
-560
-735
-939
-1294
-1550
-1499
-1265
-1034
-857
-558
-124
166
332
417
607
780
729
546
425
510
606
578
508
532
630
693
733
774
776
721
489
299
232
136
16
-275
-436
-420
-361
-302
-348
-396
-338
-283
-248
-168
-134
-95
-203
-291
-294
-286
-333
-532
-722
-868
-909
-976
-1061
-1110
-1110
-1109
-1108
-1078
-1069
-1094
-1249
-1378
-1452
-1473
-1485
-1583
-1627
-1628
-1519
-1465
-1401
-1274
-1132
-720
-126
613
1282
1711
1960
2263
2581
2762
2587
2150
1919
1858
1908
1799
1603
1501
1523
1536
1364
1201
1069
965
659
221
-121
-333
-494
-752
-982
-1038
-817
-646
-538
-455
-267
10
154
269
334
448
482
437
390
465
544
561
472
421
548
608
705
588
489
377
305
228
100
2
-142
-218
-260
-178
-133
-117
-203
-229
-290
-306
-313
-438
-466
-476
-479
-470
-488
-561
-649
-715
-820
-872
-914
-950
-983
-1042
-1050
-1032
-1064
-1173
-1263
-1406
-1453
-1501
-1569
-1593
-1563
-1532
-1420
-1330
-1280
-1189
-1223
-1171
-1025
-700
-164
352
799
1185
1502
1803
1996
1962
1759
1547
1529
1707
1884
1956
1931
1907
1851
1772
1574
1275
1012
809
691
575
377
93
-154
-329
-407
-454
-449
-387
-297
-192
-165
-211
-267
-326
-378
-400
-361
-246
-90
73
186
253
242
192
143
110
79
-13
-134
-248
-367
-478
-602
-726
-796
-822
-803
-734
-592
-463
-404
-437
-577
-688
-699
-766
-810
-659
-521
-351
-78
171
306
553
831
980
1142
1207
1197
1054
871
652
417
249
159
124
229
416
449
456
469
381
249
138
-80
-302
-319
-341
-430
-453
-455
-486
-442
-366
-376
-410
-409
-402
-395
-286
-214
-207
-169
-93
-11
87
143
129
131
166
205
234
269
274
285
332
392
416
428
413
389
366
335
312
254
224
206
194
214
189
158
126
85
58
8
-36
-47
-44
-34
-10
46
106
159
169
139
152
149
109
61
8
-36
-79
-85
-77
-81
-98
-137
-167
-215
-282
-349
-421
-502
-589
-665
-706
-722
-736
-732
-707
-640
-570
-496
-429
-403
-354
-314
-262
-193
-154
-106
-56
16
94
178
259
317
349
380
410
424
411
373
332
294
263
233
193
121
40
-23
-45
-50
-57
-79
-86
-66
-25
50
112
176
257
330
404
494
560
596
632
641
642
638
613
596
560
510
451
390
309
224
134
39
-32
-108
-193
-275
-352
-426
-486
-543
-577
-602
-616
-592
-558
-510
-441
-395
-356
-312
-290
-257
-203
-165
-132
-100
-69
-37
-30
-24
-35
-48
-62
-78
-97
-126
-162
-190
-227
-273
-284
-310
-326
-333
-323
-301
-284
-262
-254
-250
-233
-192
-167
-133
-93
-58
24
139
245
343
428
489
536
570
578
559
508
436
379
319
273
226
161
124
80
34
3
-53
-121
-188
-256
-304
-324
-325
-332
-337
-297
-227
-146
-61
3
70
156
214
276
296
322
358
362
397
416
412
396
346
300
257
207
148
79
-8
-89
-163
-227
-247
-294
-335
-355
-372
-369
-359
-353
-358
-378
-368
-322
-266
-205
-155
-86
-12
55
152
215
260
277
280
309
344
357
391
514
708
1058
1311
1256
880
374
-89
-377
-592
-829
-889
-642
208
1212
1605
1520
842
83
-398
-1016
-1616
-2021
-1910
-879
462
1147
1282
870
398
101
-389
-973
-1198
-955
-42
964
1249
1083
601
25
-266
-631
-1013
-860
-537
-6
375
260
4
-147
-320
-177
-131
-173
109
232
195
-45
-420
-523
-363
-266
70
277
434
777
758
551
369
73
-83
-33
3
58
159
153
217
119
-31
-92
-256
-280
-260
-350
-380
-316
-407
-431
-573
-779
-741
-554
-422
-422
-405
-298
-218
-291
-349
-483
-491
-301
-166
-58
-8
-74
-123
-218
-372
-301
-123
54
158
191
204
136
37
-35
-96
-209
-251
-274
-250
-133
-113
-44
14
11
81
116
89
91
124
137
148
118
156
267
312
348
387
366
248
78
-19
33
33
70
153
162
258
309
259
141
-47
-163
-209
-254
-276
-181
-12
136
185
140
139
118
82
69
50
123
284
283
233
222
201
292
288
173
137
170
253
352
359
302
227
81
-91
-226
-221
-86
-17
-45
-34
-26
-65
-57
-118
-187
-228
-247
-168
-101
-63
-53
6
152
307
359
332
301
256
209
128
7
-94
-17
183
430
604
573
497
374
224
10
-162
-201
-226
-244
-143
39
138
172
58
-93
-193
-292
-456
-581
-465
-274
-62
28
40
46
-34
-140
-252
-279
-211
-226
-296
-284
-109
117
145
-53
-242
-111
57
1
-224
-242
-187
-29
3
-61
-148
-224
-68
-20
23
27
163
212
252
140
45
76
73
35
-43
-30
4
48
70
252
88
36
134
176
106
-120
-298
-239
-173
-222
-213
-426
-395
-259
-38
-103
-325
-560
-354
-305
-550
-207
-165
-314
-323
82
192
29
-236
-159
149
130
-79
-328
-328
-52
242
150
0
-165
117
415
213
-15
74
274
462
481
455
321
148
155
147
73
28
36
208
545
770
771
691
663
702
811
630
388
245
185
156
139
32
-20
94
247
366
350
276
204
169
62
-121
-258
-296
-243
-126
-10
30
49
81
100
99
12
-68
-101
-15
112
194
265
310
329
315
246
140
36
-30
-30
4
45
104
174
217
238
202
131
35
-64
-138
-171
-207
-210
-189
-188
-171
-146
-142
-143
-152
-182
-241
-324
-386
-433
-448
-457
-447
-404
-370
-353
-333
-329
-346
-353
-359
-343
-305
-281
-243
-203
-158
-119
-104
-110
-124
-106
-98
-102
-95
-88
-70
-22
52
101
120
122
131
117
116
104
85
75
63
59
58
59
69
104
131
127
101
86
66
40
36
22
22
32
41
74
91
91
97
69
28
11
-5
-16
-11
-18
-12
16
63
111
113
119
121
117
84
34
-14
-73
-96
-113
-97
-87
-105
-79
-84
-100
-106
-120
-117
-136
-138
-135
-159
-207
-228
-260
-294
-301
-297
-279
-273
-278
-292
-271
-254
-250
-260
-313
-327
-304
-309
-324
-311
-255
-214
-175
-165
-128
-80
-48
-22
-9
34
70
117
143
178
228
288
321
343
387
426
449
459
470
463
441
427
431
469
471
442
405
382
361
312
259
219
188
184
165
125
87
47
39
11
-27
-51
-38
-29
-39
-79
-109
-118
-128
-145
-164
-143
-134
-1
119
116
61
-27
-112
-124
-148
-269
-358
-322
-105
97
179
175
125
123
113
-27
-184
-224
-152
33
230
316
489
768
874
747
465
61
-255
-385
-495
-628
-696
-509
-152
168
309
146
-234
-475
-477
-531
-560
-655
-467
-26
213
115
-124
-108
-219
-199
-278
-234
-180
-19
330
445
542
535
501
249
151
9
2
-66
-167
-33
215
444
364
380
448
444
516
535
455
472
475
404
364
326
178
-108
-258
-12
145
208
142
-122
-230
-179
-182
-439
-662
-536
-162
94
-28
-171
-23
71
-74
-347
-587
-441
-318
-96
215
159
332
461
397
305
107
-180
-261
-270
-306
-239
-276
-111
116
200
103
-44
-192
-219
-121
-381
-563
-630
-495
-241
-129
-51
24
38
-111
-224
-453
-594
-656
-548
-367
-286
-124
-28
82
27
-125
-235
-222
-140
-162
-188
-165
49
139
128
-8
-122
-7
17
10
-4
11
-22
140
197
140
199
136
208
236
280
358
307
204
240
180
60
150
140
170
263
280
359
463
289
109
47
1
52
-113
-277
-311
-239
-8
-89
-305
-342
-130
6
-179
-464
-590
-413
-227
-302
-458
-427
-279
38
24
-238
-471
-286
55
1
-111
-275
-296
-51
248
154
-4
-147
48
294
228
-5
-310
-169
171
261
180
46
-52
376
499
-25
-246
-204
5
387
416
334
382
388
349
108
-143
-199
-78
64
234
181
173
379
322
191
151
50
-62
-4
54
40
62
26
125
140
2
-66
-2
186
196
183
96
126
213
149
-5
-46
84
193
309
250
123
175
286
240
115
-26
-56
82
345
308
74
3
48
8
109
-72
-322
-161
22
143
50
-190
-296
-41
-7
-210
-267
-141
-71
-50
-124
-12
20
-53
-26
-91
-172
-28
97
32
51
15
101
204
-3
-154
106
32
42
43
-39
-101
49
94
-17
8
-122
-79
23
23
-213
-21
43
-42
-61
-29
17
-99
-9
-83
-74
38
-60
-191
-54
6
-5
-13
-167
-219
-95
69
61
-138
-100
124
43
-69
-131
-235
-92
35
-49
-27
118
93
224
311
64
-76
-32
132
164
129
74
191
296
470
423
141
81
151
322
192
15
-98
97
238
249
125
-19
64
77
38
-173
-285
-327
-252
-175
-232
-231
-167
-130
-137
-179
-324
-335
-283
-282
-204
-170
-109
-97
-49
3
-33
-133
-178
-87
-54
39
59
-17
52
114
66
63
24
47
187
161
136
161
161
144
80
63
83
107
103
130
93
104
183
115
-5
37
59
2
-18
-77
-8
7
1
28
26
10
-15
-42
-76
-142
-170
-28
-16
-62
-14
34
41
64
-14
-118
-105
-52
6
-35
-19
3
64
105
116
96
14
51
83
60
54
7
-78
31
132
112
37
-30
25
119
93
-38
-158
-182
-28
-16
-115
-121
-93
8
76
-76
-252
-254
-239
-194
-186
-186
-157
-81
71
73
-92
-143
-9
-31
-69
-118
-201
-128
6
68
47
69
110
161
130
26
-11
-2
54
81
69
150
154
4
-36
-97
-112
-14
-6
36
86
115
109
-23
-139
-110
-46
-8
-53
-118
-50
39
-19
-51
1
-29
6
-42
-172
-161
-18
38
17
-9
45
141
25
-103
-117
-60
8
-70
-275
-185
36
62
39
-58
-46
171
227
33
-68
-46
-24
-42
-104
-91
-35
62
190
143
34
25
9
-37
-42
-58
-46
50
53
36
-14
-102
-149
-144
-120
-174
-271
-275
-174
-145
-118
-77
-53
-5
31
-24
-100
-150
-186
-117
-52
-6
88
188
234
198
151
153
169
159
167
154
172
209
243
269
264
267
292
268
162
89
69
85
64
83
131
139
175
174
114
64
25
-43
-62
-20
10
41
91
68
3
12
-10
-41
10
78
78
13
20
64
72
42
-3
-22
41
65
-4
-24
56
147
147
104
63
63
77
71
18
6
69
125
137
113
92
72
49
-22
-111
-111
-54
-30
-8
10
7
-11
-36
-63
-91
-142
-181
-209
-249
-252
-247
-249
-228
-201
-167
-134
-141
-166
-155
-157
-180
-203
-226
-222
-210
-198
-174
-157
-154
-140
-134
-132
-112
-81
-70
-68
-71
-62
-36
-49
-74
-99
-118
-99
-74
-61
-24
9
23
52
61
32
6
-11
-19
-20
-27
-43
-35
-11
34
56
67
105
126
121
115
98
87
124
119
98
97
95
98
104
102
88
87
124
167
170
158
158
168
164
161
142
126
116
79
66
48
37
46
31
30
46
68
78
62
36
30
14
-38
-74
-94
-92
-95
-105
-100
-77
-68
-67
-73
-74
-72
-57
-45
-69
-100
-118
-138
-168
-166
-154
-127
-97
-80
-57
-44
-47
-66
-78
-84
-74
-54
-41
-24
0
22
30
33
31
41
49
64
87
104
114
116
114
109
101
93
90
105
115
96
100
112
112
99
81
84
86
71
71
66
53
69
105
124
119
122
134
118
87
64
45
18
13
32
48
57
76
120
148
128
92
54
22
-2
-29
-44
-47
-38
-10
19
25
3
-27
-44
-65
-92
-115
-132
-135
-120
-102
-100
-92
-94
-91
-94
-116
-144
-166
-170
-163
-147
-132
-122
-95
-80
-82
-81
-85
-78
-78
-83
-95
-103
-96
-92
-83
-58
-36
-11
7
16
33
45
42
30
30
30
32
32
38
57
74
97
118
127
122
112
104
113
110
91
95
112
130
144
145
137
139
140
132
127
126
135
146
138
126
122
115
111
87
77
72
55
63
73
67
69
73
63
50
25
-6
-26
-41
-59
-65
-60
-50
-45
-39
-47
-50
-49
-59
-77
-93
-107
-117
-122
-124
-125
-131
-123
-106
-94
-98
-101
-112
-115
-111
-114
-122
-115
-114
-127
-124
-118
-118
-105
-93
-88
-73
-71
-70
-81
-95
-103
-103
-100
-94
-83
-73
-65
-48
-51
-57
-65
-71
-67
-60
-53
-34
-1
17
35
40
40
44
51
54
43
37
54
75
82
98
116
124
134
147
146
136
125
116
112
104
98
91
96
109
114
110
122
128
111
106
90
78
66
53
37
24
25
19
23
20
6
-2
-6
-22
-36
-37
-45
-58
-68
-76
-82
-75
-71
-83
-91
-100
-102
-89
-90
-88
-78
-72
-54
-43
-55
-61
-67
-65
-57
-53
-57
-50
-37
-14
1
4
6
19
22
19
16
4
5
8
2
3
16
34
49
55
60
56
49
37
27
19
12
11
23
42
46
48
55
60
55
47
37
35
43
46
42
44
55
60
66
67
58
57
66
64
53
48
43
41
40
38
25
19
36
42
38
35
28
24
23
10
-9
-19
-22
-18
-17
-27
-33
-34
-35
-41
-46
-57
-66
-65
-69
-73
-78
-79
-73
-66
-73
-74
-80
-90
-90
-97
-94
-92
-85
-72
-56
-67
-63
-44
-60
-66
-67
-71
-56
-43
-36
-29
-18
-14
-14
-15
-23
-30
-18
-4
1
12
20
20
22
18
12
11
4
6
10
12
20
31
35
42
42
32
28
30
32
39
35
39
53
60
60
58
60
57
59
53
58
68
80
85
86
90
86
85
86
79
69
69
60
54
53
48
43
41
35
30
31
26
17
15
6
1
-6
-17
-19
-26
-34
-38
-41
-39
-29
-26
-26
-23
-19
-15
-19
-29
-31
-39
-45
-42
-47
-51
-49
-49
-42
-37
-43
-40
-38
-34
-31
-37
-39
-30
-25
-19
-15
-14
-6
6
8
4
6
12
15
19
20
19
20
25
24
22
27
25
26
26
26
15
11
3
-4
-2
-6
-4
-2
-3
-8
-11
-17
-21
-23
-21
-25
-25
-26
-26
-30
-28
-32
-32
-27
-36
-34
-33
-33
-32
-26
-23
-24
-24
-19
-13
-12
-10
-17
-14
-9
-7
-6
-6
1
2
4
2
-1
-7
-4
-6
-10
-7
-3
0
2
4
-6
-6
1
-2
-13
-18
-19
-20
-12
-7
-11
-14
-7
-8
-10
-9
-11
-13
-6
-1
0
7
8
11
18
19
14
10
15
14
17
17
20
19
28
33
33
37
37
39
44
48
43
46
46
50
45
46
41
44
45
40
40
38
35
28
22
18
19
18
9
12
8
1
-1
2
-8
-21
-20
-20
-20
-23
-25
-23
-11
-7
-21
-16
-10
-18
-23
-20
-23
-18
-14
-14
-18
-3
4
-7
-16
-25
-12
-18
-7
-48
-45
26
53
4
-42
-6
-16
-2
-56
-73
-49
-1
-6
-6
19
5
20
0
-2
-30
-21
-28
-33
-41
-20
6
-15
-26
-17
5
19
7
-27
-2
31
17
-7
-11
6
18
12
-2
9
19
15
17
14
16
13
25
17
17
18
20
16
11
12
12
27
21
19
19
25
19
14
13
12
13
7
4
4
11
7
0
2
3
1
2
12
12
15
11
1
-6
-6
-6
-9
-6
-3
6
11
14
13
5
3
-5
-7
-9
-9
-6
-1
7
5
8
4
8
5
6
-1
-9
-6
-10
-1
0
-3
0
4
-1
-8
-14
-21
-15
-18
-24
-21
-17
-12
-8
-1
-2
2
-3
-7
-8
-19
-21
-19
-15
-9
-10
-5
5
12
12
11
4
3
-3
-6
-7
-7
-6
-2
7
0
5
5
2
0
1
-4
-8
-5
-8
-6
-13
-14
-16
-14
-19
-19
-22
-20
-15
-16
-19
-21
-26
-22
-17
-24
-25
-26
-20
-18
-21
-25
-22
-20
-19
-21
-23
-19
-16
-11
-5
-1
-1
1
8
10
13
9
7
11
13
17
18
18
17
18
14
18
19
13
19
21
17
16
18
12
12
12
13
16
16
13
15
18
19
18
14
12
11
12
6
3
1
4
6
8
5
3
8
6
4
1
4
3
3
6
3
5
9
7
8
9
9
5
6
4
3
7
6
5
7
7
9
10
7
8
8
7
6
2
1
-2
-7
-6
-6
-6
-6
-5
-8
-10
-9
-11
-13
-17
-14
-13
-11
-12
-11
-11
-7
-6
-9
-7
-7
-7
-7
-5
-3
-2
-5
-5
-1
-2
-2
-2
-2
-1
2
0
0
1
0
4
4
1
-1
0
1
3
0
0
3
2
2
4
3
1
0
-2
0
-2
-3
0
1
0
-1
-2
-2
1
3
4
3
5
3
4
1
-2
-4
-2
1
0
4
7
10
10
11
9
7
8
9
10
10
11
12
11
9
11
9
7
5
5
6
6
7
6
8
6
7
2
1
-1
-3
-3
-5
-4
-5
-5
-6
-3
-6
-8
-9
-12
-11
-10
-11
-12
-12
-11
-9
-9
-9
-10
-8
-4
-4
-6
-3
-3
1
1
1
2
2
3
1
3
1
2
0
-1
-3
-5
-8
-8
-8
-9
-8
-7
-7
-6
-6
-7
-8
-9
-6
-7
-5
-8
-8
-8
-8
-9
-11
-9
-7
-6
-4
-4
-3
-2
0
0
-2
2
4
4
6
6
6
9
8
7
6
4
3
5
3
3
5
6
5
7
7
4
4
3
3
2
6
4
5
6
6
6
4
5
-1
-2
0
0
-2
-3
-5
-7
-5
-7
-9
-10
-10
-8
-8
-9
-7
-7
-6
-7
-8
-7
-5
-2
-1
1
1
2
4
3
3
4
2
3
4
4
6
6
5
7
7
5
6
7
8
7
9
7
6
6
4
5
3
2
2
3
2
0
2
2
2
1
0
-1
-2
-1
-1
-2
-2
-2
1
1
1
-1
1
3
4
5
5
7
8
8
9
8
8
8
9
10
9
12
11
10
11
10
9
9
9
8
7
8
7
8
7
8
8
9
8
7
3
2
0
0
-1
-1
-1
-2
-3
-6
-5
-6
-9
-9
-9
-9
-9
-10
-12
-11
-11
-11
-10
-9
-10
-8
-6
-6
-5
-5
-5
-5
-4
-5
-4
-2
-1
-1
-1
1
1
-2
-3
-3
-3
-3
-4
-2
-3
-1
-1
-1
-3
-4
-3
-2
-1
-3
-2
-3
-5
-5
-7
-4
-6
-6
-7
-6
-5
-6
-2
-3
-3
-3
-3
-3
-2
-3
-2
-1
-1
1
0
2
1
-1
-1
1
2
2
4
5
5
7
6
5
5
4
3
4
2
4
3
3
4
0
1
-1
-1
-1
-3
-1
-1
0
-1
0
0
-2
-1
-5
-4
-4
-5
-3
-3
-2
0
-2
-3
-4
-3
-3
-3
-4
-4
-4
-3
-2
-2
-2
1
2
3
4
3
4
5
5
5
6
5
3
4
4
4
4
6
6
5
5
3
3
3
2
3
3
4
2
3
0
-1
-1
-1
2
1
1
1
2
2
3
3
2
4
3
3
3
4
4
4
5
6
4
4
6
5
3
3
2
3
2
2
2
2
1
1
1
1
0
0
1
2
1
-1
-1
-1
-2
-3
-3
-4
-3
-4
-5
-5
-5
-4
-5
-6
-8
-9
-8
-7
-7
-7
-5
-5
-5
-6
-6
-6
-7
-4
-4
-2
-2
-1
0
0
1
2
1
2
6
4
5
6
6
4
5
7
7
8
8
8
8
9
8
8
8
8
8
9
9
7
6
6
5
5
5
3
2
3
2
2
1
1
2
0
0
0
-2
-2
-2
-2
-2
-1
-1
-1
-2
-3
-2
-3
-3
-3
-3
-3
-3
-3
-2
-4
-4
-5
-5
-5
-6
-6
-7
-7
-7
-7
-7
-7
-6
-8
-7
-6
-6
-7
-6
-5
-6
-6
-6
-4
-6
-5
-5
-5
-5
-5
-6
-5
-5
-6
-6
-6
-6
-5
-6
-5
-5
-4
-3
-3
-3
-2
-1
-1
0
0
0
-1
0
0
0
0
0
1
1
2
2
2
3
5
6
7
5
4
4
3
3
4
3
3
4
4
4
4
2
2
3
2
2
2
3
2
3
2
1
2
0
1
2
1
1
2
1
1
0
2
2
1
1
1
1
2
0
-1
0
0
0
-1
0
1
0
-1
-1
0
0
-1
0
-1
-1
-1
1
0
-1
-1
0
-1
-1
-1
-1
-1
-1
-2
0
-1
-1
0
0
1
-1
-1
-1
-1
-1
0
1
1
2
3
1
0
1
1
1
2
3
2
2
3
3
1
2
-1
0
0
0
0
-2
-1
-1
0
1
0
0
2
1
0
1
0
0
0
0
-1
0
0
1
1
2
1
2
1
1
1
2
2
3
3
4
4
5
5
5
5
3
2
2
1
0
1
1
2
2
2
1
1
1
1
0
-1
-1
0
-1
-1
-1
-3
-2
-2
-3
-1
-1
0
0
0
-1
-1
0
1
1
0
1
0
-1
-1
-1
-1
-1
-1
-2
-1
1
0
1
-1
0
0
1
1
1
2
0
1
2
1
2
2
3
2
3
3
4
3
4
4
4
4
5
4
3
3
2
3
3
2
2
1
0
-1
0
-2
-1
-1
-2
-2
-3
-1
-2
-2
-2
0
-1
-1
0
-1
0
-2
-1
-2
0
-1
0
-1
-1
-2
-3
-2
-3
-2
-3
-3
-2
-2
-3
-3
-3
-2
-2
-2
-1
-1
-1
-2
-2
-1
-2
-2
-2
-3
-2
-1
0
-2
-1
-2
-2
-2
-2
-2
-2
-1
-1
0
1
-1
0
0
0
1
1
0
2
0
0
1
0
1
0
0
1
1
2
2
0
1
2
1
1
2
2
3
2
1
1
1
1
2
1
0
1
0
0
0
-1
-2
-1
-4
-2
-3
-3
-3
-4
-4
-5
-6
-6
-5
-7
-5
-5
-5
-5
-5
-4
-4
-4
-4
-3
-2
-2
-1
-1
-2
-2
-2
-2
-2
-1
-1
0
0
-1
0
-1
0
0
0
0
1
0
0
1
-1
0
0
-1
-1
-1
0
-1
-1
-2
-1
-1
-1
0
-1
-1
-2
-1
-2
-2
-1
-1
0
0
-1
0
0
1
1
2
2
3
2
3
3
3
3
2
2
4
3
3
3
3
3
2
3
3
3
4
4
4
2
3
2
2
2
2
1
3
3
3
3
2
2
2
1
1
3
2
3
3
3
2
2
3
3
4
2
1
3
3
2
2
2
1
1
3
2
1
2
3
4
4
5
4
3
4
4
3
4
3
2
2
3
1
3
1
1
1
0
0
-1
1
-1
-1
0
-1
-1
-2
-2
-3
-2
-2
-3
-2
-3
-3
-4
-3
-2
-2
-1
-1
-1
0
0
0
1
1
0
2
3
1
0
0
1
1
1
1
1
1
0
0
0
0
0
0
0
1
1
-1
0
-1
-1
0
1
1
1
0
-1
-1
-2
-1
-2
-3
-3
-3
-4
-3
-4
-4
-4
-5
-5
-4
-5
-5
-3
-2
-3
-2
-2
-2
-3
-3
-2
-2
-1
-1
-1
-3
-2
-2
-2
-1
-1
-1
-2
-2
-2
-2
-1
-1
-1
0
-1
1
1
1
0
0
0
0
0
-1
-2
-1
-2
-2
-2
-2
-2
-2
-1
-2
-3
-2
-2
-3
-4
-5
-5
-4
-4
-3
-4
-4
-3
-4
-3
-3
-3
-2
-2
-1
-1
0
-1
-1
0
0
0
1
1
0
0
0
0
1
1
1
1
1
0
1
1
0
0
1
0
0
0
1
0
1
1
1
0
0
0
-1
-1
-2
-2
-3
-2
-2
-2
-3
-1
-2
-1
1
1
0
1
1
1
2
1
2
0
0
0
-1
0
-1
-1
-1
0
-1
-1
-1
-3
-2
-2
-2
0
-2
0
1
0
0
0
1
2
2
3
5
3
5
5
5
5
5
6
6
6
7
6
7
7
7
8
8
7
7
8
7
7
6
6
6
4
5
6
6
4
4
4
3
4
2
3
3
2
2
2
3
1
0
1
1
0
0
-1
-3
-3
-4
-4
-5
-5
-4
-5
-4
-4
-5
-3
-3
-3
-3
-3
-3
-2
-1
-1
-2
-2
-2
-2
-3
-2
-1
-2
0
1
0
1
1
1
3
2
3
2
3
5
4
3
3
2
2
4
2
1
2
1
1
1
1
0
0
0
0
0
1
1
1
1
2
2
3
2
1
1
1
1
1
3
3
2
2
2
3
2
2
1
1
1
1
2
1
1
0
1
1
0
1
1
0
0
-1
0
0
1
0
-1
-1
-2
-3
-3
-3
-3
-2
-4
-3
-4
-4
-4
-5
-4
-6
-5
-5
-5
-4
-3
-5
-3
-4
-5
-4
-5
-4
-3
-3
-3
-3
-3
-4
-4
-4
-4
-2
-2
-2
-1
-1
0
0
1
1
1
2
3
2
2
3
4
4
3
3
3
2
3
2
2
1
0
0
0
-1
0
0
0
0
0
-1
-1
-2
-2
-1
-1
0
-1
-2
-1
-2
-1
-1
-1
-1
-1
-2
-2
-2
-2
-1
-2
-3
-3
-3
-4
-4
-4
-4
-3
-3
-3
-4
-3
-3
-3
-1
-1
-1
-1
-3
-3
-4
-2
-2
-3
-2
-2
-3
-4
-3
-3
-4
-4
-3
-2
-1
-2
-2
-1
-2
-3
-1
-2
0
0
0
1
2
2
3
2
2
2
4
4
4
4
4
5
4
5
5
7
6
6
6
6
5
5
4
4
4
2
3
3
5
3
5
5
4
4
4
4
2
2
2
3
3
3
3
1
0
-1
-1
-2
-2
-1
-1
-1
-1
-1
-1
0
-1
-1
1
1
1
1
2
1
2
3
1
2
1
0
0
0
1
1
0
0
0
0
-1
-1
0
1
0
1
-1
0
-1
0
-1
0
-2
-1
-1
-2
-1
-2
-3
-2
-2
-3
-2
-2
-3
-2
0
-1
-2
-2
-1
-1
0
-1
1
2
1
2
2
2
1
1
1
1
1
1
1
2
1
2
1
0
2
1
2
2
2
2
1
0
0
0
0
-1
0
0
1
1
0
-1
0
0
-1
-1
-1
-1
-1
-1
0
-1
-1
0
-1
-2
-2
-2
-3
-2
-1
-1
0
-1
-1
-2
-1
0
-1
-1
0
0
0
1
2
2
1
2
1
1
2
1
2
2
3
3
1
2
2
3
3
3
2
2
2
2
2
1
-1
1
1
0
0
0
1
-1
0
0
1
1
3
2
3
1
2
2
2
2
2
2
2
2
2
2
3
2
2
2
1
2
-1
-1
-1
-1
-2
-2
-2
-2
-1
-1
-1
-1
-2
-1
-1
-1
-1
-1
-2
-2
-2
-2
-3
-4
-4
-4
-5
-4
-4
-5
-5
-5
-4
-5
-4
-5
-4
-5
-5
-5
-6
-4
-4
-5
-5
-6
-6
-7
-7
-7
-5
-6
-6
-5
-5
-5
-5
-4
-5
-5
-4
-4
-4
-3
-4
-3
-3
-4
-3
-2
-2
-3
-2
-2
-2
-1
-2
-3
-2
-4
-2
-3
-4
-1
-2
-1
-1
-1
0
-1
-2
-1
-1
-1
0
0
0
0
0
1
1
2
2
3
2
2
2
2
2
3
2
3
4
3
4
3
3
3
1
1
2
3
2
3
2
3
3
5
4
4
4
4
4
4
3
3
2
4
2
3
3
3
5
4
4
4
4
4
5
5
4
5
5
5
5
4
5
4
6
6
5
6
6
6
6
6
6
4
5
5
6
5
5
6
5
4
5
3
3
3
5
5
5
5
4
4
3
3
4
4
4
3
3
3
3
3
1
2
2
2
2
2
3
1
1
0
-1
0
-1
-2
-1
-2
-2
-2
-2
-3
-5
-4
-5
-6
-5
-6
-4
-4
-5
-6
-7
-6
-7
-7
-7
-7
-6
-6
-4
-6
-5
-3
-4
-4
-3
-2
-2
-3
-2
-2
-3
-2
-3
-2
-2
-3
-2
-2
-2
-3
-2
-2
-2
-1
-1
-1
-1
0
0
0
1
1
1
3
3
3
4
3
2
3
1
0
1
1
1
1
1
0
1
0
1
1
0
0
0
-1
0
-2
-1
-1
-2
-1
-2
-1
-1
-1
-2
-3
-1
-3
-2
-1
-1
-1
-1
-1
-2
-2
0
0
-1
-1
0
-1
-1
-1
-1
-2
-2
-2
-1
-2
0
-1
-2
-2
-2
-2
-2
-2
-2
-2
-3
-2
-3
-3
-3
-2
-3
-4
-2
-3
-3
-3
-2
-3
-3
-3
-2
-1
-2
-1
-2
-2
-3
-3
-3
-3
-2
-2
-2
-2
-2
-2
-2
-2
-2
-2
-3
-2
-3
-2
-3
-3
-3
-3
-3
-4
-4
-2
-2
-2
-1
-3
-1
-2
-1
-2
-2
-3
-1
-1
0
-1
0
0
0
-1
0
-1
0
1
0
0
0
1
1
1
