1.000000e-030   1.000000e-030   1.000000e-030   5.000000e-001   1.000000e-030   1.000000e-030   1.000000e-030   1.000000e-030   1.000000e-030   1.000000e-030   1.000000e-030   1.000000e-030   1.000000e-030   1.000000e-030   1.000000e-030   1.000000e-030   1.000000e-030   1.000000e-001   1.000000e-030   2.000000e-001   1.000000e-030   1.000000e-030   1.000000e-030   2.764800e-227   1.000000e-030   1.000000e-030   1.000000e-030   1.000000e-030   1.000000e-030   2.000000e-001   1.000000e-030   1.000000e-030   

1.000000e-030   1.000000e-030   1.000000e-030   5.663488e-258   1.000000e-030   1.000000e-030   1.000000e-030   1.000000e-030   1.000000e-030   1.000000e-030   1.000000e-030   1.000000e+000   1.000000e-030   1.000000e-030   1.000000e-030   1.000000e-030   1.000000e-030   1.000000e-030   1.000000e-030   1.000000e-030   1.000000e-030   1.000000e-030   1.000000e-030   2.764800e-226   1.000000e-030   1.000000e-030   1.000000e-030   1.000000e-030   1.000000e-030   2.488618e-258   1.000000e-030   7.113237e-243   

1.000000e-030   1.000000e-030   1.000000e-030   1.000000e-030   1.000000e-030   2.000000e-001   3.200009e-236   1.816960e-235   1.000000e-030   1.000000e-030   1.000000e-030   8.259759e-245   1.000000e-030   1.000000e-030   1.000000e-030   1.000000e-030   1.000000e-030   3.265174e-291   1.000000e-030   4.976640e-289   4.686920e-240   1.000000e-030   1.000000e-030   5.529600e-227   3.370339e-239   7.469158e-238   1.000000e-030   1.000000e-030   1.000000e-030   1.000000e-030   1.000000e-030   8.000000e-001   

1.000000e-030   1.000000e-030   1.400256e-232   4.174361e-320   1.000000e-030   1.124485e-242   1.666667e-001   1.666667e-001   1.000000e-030   1.000000e-030   1.000000e-030   1.000000e-030   1.000000e-030   1.000000e-030   1.000000e-030   1.000000e-030   1.000000e-030   1.000000e-030   4.562442e-231   1.000000e-030   1.666667e-001   8.727273e-229   1.000000e-030   2.317925e-227   3.333333e-001   1.666667e-001   1.000000e-030   1.000000e-030   1.000000e-030   1.000000e-030   1.000000e-030   1.463606e-264   

1.000000e-030   1.000000e-030   1.818182e-001   1.000000e-030   1.000000e-030   2.659024e-296   1.626140e-272   7.679463e-228   1.000000e-030   1.000000e-030   1.000000e-030   1.000000e-030   1.000000e-030   1.000000e-030   1.000000e-030   1.000000e-030   1.000000e-030   1.000000e-030   2.727273e-001   1.000000e-030   9.205598e-268   9.090909e-002   1.000000e-030   4.545455e-001   1.000000e-030   1.000000e-030   1.000000e-030   1.000000e-030   1.000000e-030   1.000000e-030   1.000000e-030   1.064648e-295   

