6.666667e-031   6.060597e-003   1.000000e-030   9.666667e-031   9.333333e-031   1.000000e-030   1.920635e-002   2.389880e-001   1.212119e-002   9.333333e-031   3.753586e-002   8.333333e-031   2.534870e-002   9.666667e-031   9.666667e-031   8.333333e-031   1.208137e-001   7.666667e-031   7.296296e-002   3.120370e-002   8.409667e-002   6.333333e-031   9.000000e-031   1.817383e-001   1.964923e-002   9.666667e-031   2.445892e-002   1.000000e-030   1.989418e-002   5.688130e-002   1.000000e-030   4.904029e-002   

2.526347e-002   6.666941e-003   1.000000e-030   2.000000e-002   3.000000e-031   9.666667e-031   8.333333e-002   1.619815e-001   9.764539e-003   4.549733e-003   5.709401e-002   3.621076e-002   1.403628e-001   1.666647e-002   6.666667e-003   2.763936e-002   7.447978e-002   7.887003e-002   6.060617e-003   1.111111e-002   1.082252e-002   3.333333e-032   8.333233e-003   1.009736e-002   1.363500e-011   8.000000e-031   1.720786e-001   1.000000e-030   1.690339e-002   1.028189e-002   1.000000e-030   4.761903e-003   

2.220571e-001   4.840492e-002   1.000000e-030   1.000000e-030   1.810863e-002   9.333333e-031   9.000000e-031   3.666667e-031   2.848122e-002   3.991867e-002   8.000000e-031   1.908032e-002   2.628940e-002   2.486606e-002   9.666667e-031   2.218566e-002   5.666667e-031   8.346990e-002   9.000000e-031   9.333333e-031   9.000000e-031   4.449916e-001   2.214647e-002   6.666667e-031   8.333333e-031   6.666667e-031   6.000000e-031   1.000000e-030   9.666667e-031   8.333333e-031   1.000000e-030   1.000000e-030   

5.179981e-002   7.972617e-002   1.000000e-030   1.000000e-030   3.584696e-001   5.893670e-003   4.333333e-031   2.666667e-031   7.070326e-002   2.484543e-001   8.666667e-031   2.404036e-003   1.581499e-002   8.000000e-031   9.333333e-031   8.000000e-031   4.333333e-031   6.000000e-031   2.333333e-031   8.333333e-031   6.333333e-031   1.218998e-001   3.515830e-003   5.000000e-031   8.000000e-031   4.131852e-002   2.345987e-031   1.000000e-030   2.666667e-031   6.000000e-031   1.000000e-030   8.333333e-031   

7.333333e-031   1.134402e-002   1.000000e-030   1.000000e-030   4.333333e-031   1.000000e-030   6.907025e-002   1.172775e-001   5.250224e-002   3.016205e-003   2.019137e-002   1.000000e-030   9.372651e-002   9.333333e-031   1.579665e-002   9.333333e-031   7.049352e-002   9.000000e-031   1.356191e-001   1.258067e-002   4.710135e-002   5.666667e-031   3.032061e-003   5.201950e-002   3.122022e-002   8.333333e-031   1.122260e-001   1.000000e-030   9.794183e-002   3.773683e-002   1.000000e-030   1.710416e-002   

