2.363288e+062 -3.840378e+058 -1.006748e+059 -1.785306e+059 -2.608421e+059 -3.360323e+059 -3.913767e+059 -4.164268e+059 -4.026114e+059 -3.453095e+059 -2.444944e+059 1.314254e+056 
2.363288e+062 -3.823224e+058 -1.003720e+059 -1.778825e+059 -2.605402e+059 -3.353870e+059 -3.911137e+059 -4.159095e+059 -4.022249e+059 -3.451254e+059 -2.442593e+059 1.309639e+056 
2.363289e+062 -3.806173e+058 -1.001495e+059 -1.776929e+059 -2.599778e+059 -3.347291e+059 -3.904451e+059 -4.150545e+059 -4.011945e+059 -3.441952e+059 -2.436144e+059 1.303801e+056 
2.363289e+062 -3.827539e+058 -1.004918e+059 -1.781203e+059 -2.606926e+059 -3.355471e+059 -3.911604e+059 -4.160388e+059 -4.021510e+059 -3.450886e+059 -2.442698e+059 1.310879e+056 
2.363289e+062 -3.824870e+058 -1.003968e+059 -1.779417e+059 -2.604063e+059 -3.353705e+059 -3.907567e+059 -4.157452e+059 -4.016575e+059 -3.445981e+059 -2.438986e+059 1.308274e+056 
2.363289e+062 -3.820511e+058 -1.002949e+059 -1.778129e+059 -2.601404e+059 -3.352818e+059 -3.907515e+059 -4.157295e+059 -4.020463e+059 -3.447907e+059 -2.439915e+059 1.307690e+056 
2.363290e+062 -3.823061e+058 -1.002844e+059 -1.779721e+059 -2.602438e+059 -3.353545e+059 -3.907026e+059 -4.155049e+059 -4.016124e+059 -3.444596e+059 -2.439413e+059 1.307457e+056 
2.363289e+062 -3.842686e+058 -1.008210e+059 -1.787877e+059 -2.617130e+059 -3.368521e+059 -3.925199e+059 -4.173415e+059 -4.033084e+059 -3.459845e+059 -2.448343e+059 1.319709e+056 
2.363289e+062 -3.828787e+058 -1.004823e+059 -1.781302e+059 -2.606206e+059 -3.357879e+059 -3.912256e+059 -4.162382e+059 -4.023090e+059 -3.449705e+059 -2.442077e+059 1.311261e+056 
2.363266e+062 -3.519265e+058 -9.957498e+058 -1.747387e+059 -2.516258e+059 -3.323326e+059 -3.885708e+059 -4.077294e+059 -3.989425e+059 -3.439943e+059 -2.406421e+059 1.262527e+056 
2.361645e+062 6.473388e+058 2.845858e+058 1.502283e+059 -1.173761e+059 1.441949e+059 -4.715912e+059 -2.614455e+058 -3.019478e+059 -3.202478e+059 -8.887935e+058 -5.011112e+055 
2.358747e+062 -8.298416e+059 -2.209838e+060 -3.569646e+060 -5.403776e+060 -6.974839e+060 -8.439695e+060 -8.584524e+060 -8.075291e+060 -6.623026e+060 -4.298402e+060 5.548365e+058 
2.349723e+062 -2.060740e+060 -4.397346e+060 -6.160883e+060 -9.507334e+060 -1.405087e+061 -1.829852e+061 -1.903849e+061 -1.659138e+061 -1.240459e+061 -7.379954e+060 2.220171e+059 
2.347112e+062 -2.290520e+060 -4.689251e+060 -6.607873e+060 -1.005122e+061 -1.490764e+061 -2.036136e+061 -2.082803e+061 -1.790638e+061 -1.335463e+061 -7.813314e+060 2.591416e+059 
2.346801e+062 -3.003188e+060 -6.332543e+060 -9.429275e+060 -1.364483e+061 -1.904481e+061 -2.423900e+061 -2.491688e+061 -2.180966e+061 -1.600206e+061 -9.483841e+060 4.190049e+059 
2.344758e+062 -4.287568e+060 -1.023771e+061 -1.656445e+061 -2.306073e+061 -2.913897e+061 -3.345873e+061 -3.321673e+061 -2.861164e+061 -2.136359e+061 -1.276320e+061 9.187220e+059 
2.341771e+062 -5.633036e+060 -1.383861e+061 -2.234225e+061 -3.036627e+061 -3.598085e+061 -3.885340e+061 -3.746667e+061 -3.177332e+061 -2.358810e+061 -1.381767e+061 1.366681e+060 
2.335958e+062 -7.559003e+060 -1.831408e+061 -2.904652e+061 -3.778682e+061 -4.236360e+061 -4.315255e+061 -3.965372e+061 -3.283110e+061 -2.388983e+061 -1.381075e+061 1.849265e+060 
2.335097e+062 -7.989652e+060 -1.949328e+061 -3.121385e+061 -4.068325e+061 -4.560983e+061 -4.569769e+061 -4.079379e+061 -3.217311e+061 -2.181746e+061 -1.156360e+061 1.969423e+060 
2.346993e+062 -4.690006e+060 -1.153755e+061 -1.871086e+061 -2.475271e+061 -2.824078e+061 -2.885491e+061 -2.659496e+061 -2.193765e+061 -1.589169e+061 -9.295034e+060 7.805604e+059 
2.360594e+062 -8.014051e+059 -1.986079e+060 -3.277762e+060 -4.498868e+060 -5.409957e+060 -5.932899e+060 -5.975316e+060 -5.477905e+060 -4.485856e+060 -3.031069e+060 3.307940e+058 
2.359534e+062 -2.273199e+059 -4.865569e+059 -1.225275e+060 -2.253004e+060 -2.605963e+060 -2.744762e+060 -2.284777e+060 -2.431661e+060 -2.218980e+060 -1.476919e+060 5.722470e+057 
2.358308e+062 -2.814085e+058 -3.190903e+058 -3.692848e+059 -1.225122e+060 -8.576279e+059 -1.167717e+060 -7.874510e+059 -1.025829e+060 -1.051823e+060 -6.726586e+059 7.237787e+056 
2.355096e+062 4.184814e+059 1.338807e+060 1.366104e+060 -1.773452e+059 8.757688e+059 7.540449e+059 1.662497e+060 9.211268e+059 3.135323e+059 2.568460e+059 1.043841e+057 
2.358573e+062 2.556470e+059 7.568182e+059 5.085331e+059 -1.266925e+059 5.425119e+059 3.088659e+059 6.890986e+059 -5.313131e+058 -2.311716e+058 -3.966057e+058 -2.503458e+055 
2.360420e+062 1.696246e+059 4.732094e+059 4.394507e+059 -1.422050e+059 3.357988e+059 2.235340e+059 4.145885e+059 1.386556e+058 -1.121390e+059 -1.491046e+058 -3.637040e+055 
2.362079e+062 4.258846e+058 2.018442e+059 1.275036e+059 -2.033428e+059 -1.697760e+059 -1.270037e+059 5.589747e+058 -2.050022e+059 -2.572419e+059 -1.926809e+059 -5.807909e+055 
2.362960e+062 -1.105796e+058 -7.511406e+057 -9.756763e+058 -2.562530e+059 -3.154209e+059 -2.997959e+059 -2.982189e+059 -3.428746e+059 -3.258422e+059 -2.269328e+059 6.399481e+055 
2.363268e+062 -3.746749e+058 -9.698213e+058 -1.747409e+059 -2.605028e+059 -3.338965e+059 -3.874245e+059 -4.105193e+059 -4.002682e+059 -3.438086e+059 -2.425653e+059 1.281638e+056 
2.363285e+062 -3.794021e+058 -9.951377e+058 -1.769341e+059 -2.594287e+059 -3.341579e+059 -3.898407e+059 -4.141822e+059 -4.009416e+059 -3.438948e+059 -2.433939e+059 1.297754e+056 
2.363289e+062 -3.825321e+058 -1.004651e+059 -1.782815e+059 -2.611721e+059 -3.360828e+059 -3.915544e+059 -4.164271e+059 -4.024529e+059 -3.452405e+059 -2.443594e+059 1.313030e+056 
2.363288e+062 -3.830997e+058 -1.004783e+059 -1.780966e+059 -2.606986e+059 -3.357400e+059 -3.911901e+059 -4.162747e+059 -4.024654e+059 -3.450307e+059 -2.442510e+059 1.311522e+056 
2.363286e+062 -3.825009e+058 -9.992835e+058 -1.777956e+059 -2.605534e+059 -3.352527e+059 -3.912583e+059 -4.158360e+059 -4.026220e+059 -3.449631e+059 -2.444260e+059 1.308791e+056 
2.363288e+062 -3.829766e+058 -1.006464e+059 -1.784373e+059 -2.613223e+059 -3.366999e+059 -3.926667e+059 -4.177786e+059 -4.038184e+059 -3.461598e+059 -2.449675e+059 1.318573e+056 
