1.000000e-030   1.000000e-030   1.000000e-030   1.000000e-030   1.000000e-030   2.500000e-001   1.000000e-030   2.500000e-001   1.000000e-030   1.000000e-030   8.682400e-225   1.000000e-030   1.000000e-030   1.000000e-030   1.000000e-030   1.000000e-030   5.215231e-247   1.000000e-030   1.000000e-030   1.000000e-030   1.000000e-030   1.000000e-030   1.000000e-030   1.000000e-030   1.000000e-030   1.000000e-030   1.000000e-030   1.000000e-030   1.000000e-030   1.000000e-030   1.000000e-030   5.000000e-001   

1.000000e-030   1.000000e-030   1.000000e-030   1.000000e-030   1.000000e-030   1.284045e-256   1.000000e-030   4.748017e-256   2.782616e-244   1.000000e-030   5.000000e-001   1.000000e-030   1.000000e-030   1.000000e-030   1.000000e-030   1.000000e-030   5.000000e-001   1.000000e-030   1.000000e-030   1.000000e-030   1.000000e-030   1.000000e-030   1.000000e-030   1.000000e-030   1.000000e-030   1.000000e-030   6.846672e-242   1.000000e-030   1.000000e-030   1.000000e-030   1.000000e-030   1.885254e-223   

1.000000e-030   1.000000e-030   1.000000e-030   1.000000e-030   1.000000e-030   8.470569e-287   1.000000e-030   1.000000e-030   2.857143e-001   1.073604e-238   5.443138e-225   1.000000e-030   1.000000e-030   1.000000e-030   1.000000e-030   1.000000e-030   1.636691e-285   1.000000e-030   1.000000e-030   1.000000e-030   1.774552e-239   1.000000e-030   1.000000e-030   1.000000e-030   8.906762e-237   1.000000e-030   5.714286e-001   1.000000e-030   1.000000e-030   1.000000e-030   1.000000e-030   1.428571e-001   

1.000000e-030   1.000000e-030   1.000000e-030   1.000000e-030   3.089698e-231   3.943158e-228   9.090909e-002   1.000000e-030   2.364203e-241   1.818182e-001   5.742381e-226   1.000000e-030   1.000000e-030   1.000000e-030   1.000000e-030   4.043260e-230   5.249467e-291   1.000000e-030   1.000000e-030   1.000000e-030   1.818182e-001   1.000000e-030   1.000000e-030   1.000000e-030   5.454545e-001   1.000000e-030   4.577243e-263   1.000000e-030   1.000000e-030   1.000000e-030   1.000000e-030   1.802173e-224   

1.000000e-030   1.000000e-030   1.000000e-030   1.000000e-030   1.875000e-001   1.250000e-001   2.106749e-125   1.000000e-030   3.967752e-295   1.000000e-030   1.875000e-001   1.000000e-030   1.000000e-030   1.000000e-030   1.000000e-030   6.250000e-002   1.000000e-030   1.000000e-030   1.000000e-030   1.000000e-030   1.000000e-030   1.000000e-030   1.000000e-030   1.000000e-030   1.000000e-030   1.000000e-030   2.464002e-294   1.000000e-030   1.000000e-030   1.000000e-030   1.000000e-030   4.375000e-001   

