2.349745e+062 -3.158942e+060 -8.243224e+060 -1.400906e+061 -1.941971e+061 -2.458030e+061 -2.808953e+061 -2.818658e+061 -2.534289e+061 -2.017039e+061 -1.296198e+061 6.659969e+059 
2.357212e+062 -1.745206e+060 -4.526787e+060 -7.845489e+060 -1.120926e+061 -1.420762e+061 -1.627431e+061 -1.678227e+061 -1.564319e+061 -1.293644e+061 -8.781713e+060 2.279915e+059 
2.357699e+062 -1.640602e+060 -4.159155e+060 -7.195835e+060 -1.040565e+061 -1.333294e+061 -1.535851e+061 -1.591606e+061 -1.485773e+061 -1.228135e+061 -8.389053e+060 2.005339e+059 
2.357168e+062 -1.753732e+060 -4.458324e+060 -7.700832e+060 -1.107099e+061 -1.404426e+061 -1.597338e+061 -1.632931e+061 -1.503456e+061 -1.223579e+061 -8.214449e+060 2.170264e+059 
2.357607e+062 -1.171991e+060 -2.549076e+060 -4.232525e+060 -6.591392e+060 -9.101903e+060 -1.074774e+061 -1.065548e+061 -9.171845e+060 -7.147272e+060 -4.846716e+060 8.230089e+058 
2.358625e+062 -1.114235e+060 -2.646030e+060 -4.505656e+060 -6.678563e+060 -8.758650e+060 -1.002709e+061 -1.002136e+061 -8.891574e+060 -7.047938e+060 -4.720526e+060 7.885515e+058 
2.360498e+062 -8.800679e+059 -2.275681e+060 -3.964212e+060 -5.692731e+060 -7.165293e+060 -8.138265e+060 -8.401257e+060 -7.852863e+060 -6.494870e+060 -4.422782e+060 5.734092e+058 
2.359540e+062 -1.100258e+060 -2.670053e+060 -4.293860e+060 -5.625567e+060 -6.442890e+060 -6.683121e+060 -6.368530e+060 -5.577200e+060 -4.377381e+060 -2.868567e+060 4.401432e+058 
2.356097e+062 -1.840753e+060 -4.033897e+060 -5.651321e+060 -6.245326e+060 -5.889387e+060 -5.031035e+060 -4.129538e+060 -3.386135e+060 -2.719538e+060 -1.894470e+060 3.637111e+058 
2.355054e+062 -2.038886e+060 -4.366266e+060 -6.074753e+060 -6.981360e+060 -7.443044e+060 -7.859369e+060 -8.205130e+060 -8.023021e+060 -6.830459e+060 -4.581054e+060 8.791878e+058 
2.356363e+062 -1.942495e+060 -4.566888e+060 -7.040167e+060 -8.754922e+060 -9.376635e+060 -8.956805e+060 -7.746961e+060 -6.068838e+060 -4.233952e+060 -2.446823e+060 7.949635e+058 
2.355077e+062 -2.197339e+060 -4.996820e+060 -7.345313e+060 -8.519042e+060 -8.317404e+060 -6.996507e+060 -5.083360e+060 -3.149624e+060 -1.585583e+060 -5.548582e+059 4.423935e+058 
2.346637e+062 -4.278744e+060 -9.380174e+060 -1.306251e+061 -1.407863e+061 -1.242055e+061 -9.062087e+060 -5.246674e+060 -1.956355e+060 2.217046e+059 1.127016e+060 5.295181e+058 
2.350849e+062 -3.008196e+060 -6.210443e+060 -7.972217e+060 -7.720001e+060 -5.950795e+060 -3.688814e+060 -1.735933e+060 -3.671878e+059 4.924334e+059 8.962614e+059 4.019371e+057 
2.356436e+062 -1.868958e+060 -4.292134e+060 -6.382252e+060 -7.487325e+060 -7.352964e+060 -6.148585e+060 -4.284192e+060 -2.266426e+060 -5.982206e+059 3.588119e+059 2.698589e+058 
2.357544e+062 -1.526907e+060 -3.454382e+060 -5.039659e+060 -5.802670e+060 -5.600074e+060 -4.615695e+060 -3.162941e+060 -1.636180e+060 -3.542699e+059 3.803533e+059 1.481793e+058 
2.352107e+062 -2.920720e+060 -6.461675e+060 -9.056157e+060 -9.685276e+060 -8.180156e+060 -5.174590e+060 -1.701940e+060 1.198406e+060 2.810969e+060 2.844530e+060 -1.564298e+058 
2.350451e+062 -3.515163e+060 -8.137062e+060 -1.219684e+061 -1.440583e+061 -1.420316e+061 -1.182167e+061 -8.061432e+060 -3.999509e+060 -6.894260e+059 1.092068e+060 9.483300e+058 
2.360873e+062 -6.617826e+059 -1.520901e+060 -2.271278e+060 -2.698431e+060 -2.716156e+060 -2.385119e+060 -1.816680e+060 -1.164511e+060 -5.643446e+059 -1.318316e+059 4.771220e+057 
2.358611e+062 -1.231222e+060 -2.720605e+060 -3.818245e+060 -4.132326e+060 -3.617860e+060 -2.547262e+060 -1.307938e+060 -2.439034e+059 4.112880e+059 5.863032e+059 2.168211e+057 
2.360745e+062 -7.105174e+059 -1.636455e+060 -2.459071e+060 -2.947222e+060 -3.007907e+060 -2.686142e+060 -2.091303e+060 -1.361796e+060 -6.658911e+059 -1.467321e+059 5.991091e+057 
