2.363257e+062 -3.679765e+058 -9.812659e+058 -1.749876e+059 -2.588277e+059 -3.340340e+059 -3.909409e+059 -4.150646e+059 -4.028280e+059 -3.453720e+059 -2.446698e+059 1.290240e+056 
2.363270e+062 -3.688541e+058 -9.778307e+058 -1.733169e+059 -2.555398e+059 -3.290439e+059 -3.846949e+059 -4.102666e+059 -3.967580e+059 -3.399054e+059 -2.410913e+059 1.259995e+056 
2.363271e+062 -3.689364e+058 -9.837827e+058 -1.751835e+059 -2.576933e+059 -3.319109e+059 -3.874142e+059 -4.129294e+059 -3.994265e+059 -3.419805e+059 -2.425207e+059 1.277758e+056 
2.363268e+062 -3.738329e+058 -9.977622e+058 -1.766603e+059 -2.593516e+059 -3.359079e+059 -3.908084e+059 -4.156502e+059 -4.030634e+059 -3.453186e+059 -2.447508e+059 1.302229e+056 
2.363271e+062 -3.753432e+058 -9.891641e+058 -1.761842e+059 -2.581992e+059 -3.330868e+059 -3.889720e+059 -4.141954e+059 -4.005125e+059 -3.437922e+059 -2.437688e+059 1.290128e+056 
2.363270e+062 -3.650518e+058 -9.740204e+058 -1.725211e+059 -2.543323e+059 -3.289248e+059 -3.828271e+059 -4.086344e+059 -3.956417e+059 -3.386844e+059 -2.405919e+059 1.250135e+056 
2.363270e+062 -3.744572e+058 -1.000016e+059 -1.780626e+059 -2.593681e+059 -3.352106e+059 -3.916072e+059 -4.147750e+059 -4.025869e+059 -3.453292e+059 -2.441108e+059 1.303820e+056 
2.363267e+062 -3.733535e+058 -9.821619e+058 -1.763134e+059 -2.577740e+059 -3.337559e+059 -3.887201e+059 -4.134958e+059 -4.010650e+059 -3.437106e+059 -2.433321e+059 1.287261e+056 
2.363266e+062 -3.685485e+058 -9.676571e+058 -1.733584e+059 -2.551762e+059 -3.271052e+059 -3.842289e+059 -4.065836e+059 -3.952845e+059 -3.373687e+059 -2.398680e+059 1.248855e+056 
2.363268e+062 -3.714628e+058 -9.835320e+058 -1.740652e+059 -2.560490e+059 -3.282962e+059 -3.836389e+059 -4.084112e+059 -3.952376e+059 -3.385479e+059 -2.404367e+059 1.258935e+056 
2.362904e+062 -1.676923e+059 -4.394657e+059 -7.706504e+059 -1.116154e+060 -1.419808e+060 -1.628619e+060 -1.702801e+060 -1.615426e+060 -1.357085e+060 -9.389639e+059 2.279015e+057 
2.354205e+062 -2.806000e+060 -7.164386e+060 -1.234725e+061 -1.756040e+061 -2.193794e+061 -2.465777e+061 -2.508455e+061 -2.296176e+061 -1.849449e+061 -1.221755e+061 5.305501e+059 
2.352506e+062 -3.379621e+060 -8.698110e+060 -1.503758e+061 -2.131310e+061 -2.642773e+061 -2.944505e+061 -2.972755e+061 -2.705889e+061 -2.167307e+061 -1.420683e+061 7.626622e+059 
2.360720e+062 -7.789005e+059 -1.998614e+060 -3.472159e+060 -4.989528e+060 -6.289101e+060 -7.170765e+060 -7.422520e+060 -6.939375e+060 -5.722700e+060 -3.879132e+060 4.435777e+058 
2.340944e+062 -2.212932e+060 -6.612950e+060 -1.242274e+061 -1.749984e+061 -2.410661e+061 -2.988252e+061 -2.800400e+061 -2.368946e+061 -2.020535e+061 -1.347876e+061 5.885139e+059 
2.346350e+062 -3.971966e+060 -1.053947e+061 -1.840017e+061 -2.615159e+061 -3.273728e+061 -3.710441e+061 -3.703860e+061 -3.342583e+061 -2.704749e+061 -1.749089e+061 1.168177e+060 
2.346409e+062 -4.367336e+060 -1.127467e+061 -1.942645e+061 -2.769927e+061 -3.456097e+061 -3.915110e+061 -3.924873e+061 -3.523652e+061 -2.819107e+061 -1.826474e+061 1.310957e+060 
2.347902e+062 -4.017193e+060 -1.064548e+061 -1.857633e+061 -2.619720e+061 -3.269900e+061 -3.691988e+061 -3.690735e+061 -3.336976e+061 -2.694234e+061 -1.756229e+061 1.170557e+060 
2.348128e+062 -4.062026e+060 -1.077009e+061 -1.880747e+061 -2.634877e+061 -3.284711e+061 -3.700389e+061 -3.698560e+061 -3.337600e+061 -2.686286e+061 -1.748894e+061 1.181054e+060 
2.351404e+062 -3.397856e+060 -8.700300e+060 -1.505281e+061 -2.142484e+061 -2.682781e+061 -3.012328e+061 -3.029975e+061 -2.740531e+061 -2.193653e+061 -1.436650e+061 7.804818e+059 
2.350811e+062 -3.714878e+060 -9.525906e+060 -1.645603e+061 -2.333524e+061 -2.908200e+061 -3.252935e+061 -3.270789e+061 -2.955664e+061 -2.356068e+061 -1.537990e+061 9.189588e+059 
2.356194e+062 -1.868065e+060 -4.831935e+060 -8.410428e+060 -1.196279e+061 -1.528169e+061 -1.760394e+061 -1.788774e+061 -1.636724e+061 -1.341810e+061 -9.024761e+060 2.581363e+059 
2.358450e+062 -1.515851e+060 -3.935941e+060 -6.890712e+060 -9.949593e+060 -1.261451e+061 -1.445374e+061 -1.502994e+061 -1.414691e+061 -1.179443e+061 -8.089517e+060 1.805287e+059 
2.358425e+062 -1.532713e+060 -3.990847e+060 -6.987745e+060 -1.009608e+061 -1.275122e+061 -1.458604e+061 -1.513042e+061 -1.423460e+061 -1.186079e+061 -8.121029e+060 1.841287e+059 
2.360600e+062 -8.637205e+059 -2.254070e+060 -3.964165e+060 -5.745505e+060 -7.303670e+060 -8.396433e+060 -8.780825e+060 -8.335818e+060 -7.007288e+060 -4.851063e+060 6.080034e+058 
2.361680e+062 -4.703252e+059 -1.225093e+060 -2.152647e+060 -3.117294e+060 -3.960716e+060 -4.543381e+060 -4.742196e+060 -4.492621e+060 -3.766092e+060 -2.599632e+060 1.774637e+058 
2.362801e+062 -1.597996e+059 -4.182521e+059 -7.382429e+059 -1.072787e+060 -1.371283e+060 -1.582993e+060 -1.663102e+060 -1.590026e+060 -1.346220e+060 -9.387737e+059 2.147611e+057 
2.363256e+062 -3.842083e+058 -1.034849e+059 -1.840101e+059 -2.694313e+059 -3.475182e+059 -4.064451e+059 -4.300276e+059 -4.175155e+059 -3.579748e+059 -2.528982e+059 1.399084e+056 
2.363267e+062 -3.833378e+058 -1.022213e+059 -1.818606e+059 -2.653650e+059 -3.430647e+059 -3.995527e+059 -4.250043e+059 -4.107584e+059 -3.528351e+059 -2.501321e+059 1.362984e+056 
2.363262e+062 -3.848032e+058 -1.024865e+059 -1.825170e+059 -2.678923e+059 -3.449156e+059 -4.041810e+059 -4.281536e+059 -4.139471e+059 -3.564416e+059 -2.512137e+059 1.381982e+056 
2.363267e+062 -3.695967e+058 -9.996718e+058 -1.787285e+059 -2.602297e+059 -3.358368e+059 -3.944316e+059 -4.164607e+059 -4.033266e+059 -3.475210e+059 -2.449550e+059 1.310315e+056 
2.363263e+062 -3.689379e+058 -9.940659e+058 -1.768599e+059 -2.589461e+059 -3.361436e+059 -3.931820e+059 -4.166128e+059 -4.055804e+059 -3.461823e+059 -2.457972e+059 1.304886e+056 
2.363269e+062 -3.707517e+058 -9.977211e+058 -1.770835e+059 -2.587470e+059 -3.353193e+059 -3.921069e+059 -4.159842e+059 -4.022751e+059 -3.450337e+059 -2.447029e+059 1.300755e+056 
2.363277e+062 -3.777493e+058 -9.984681e+058 -1.773876e+059 -2.605688e+059 -3.356464e+059 -3.912806e+059 -4.164880e+059 -4.026682e+059 -3.460141e+059 -2.448571e+059 1.307752e+056 
2.363275e+062 -3.753718e+058 -1.001530e+059 -1.784052e+059 -2.604343e+059 -3.368555e+059 -3.929738e+059 -4.168999e+059 -4.039536e+059 -3.467249e+059 -2.455332e+059 1.313505e+056 
2.363265e+062 -3.663585e+058 -9.828254e+058 -1.750746e+059 -2.563664e+059 -3.303221e+059 -3.854943e+059 -4.087797e+059 -3.951907e+059 -3.395855e+059 -2.404981e+059 1.262779e+056 
