2.361612e+062 -5.459771e+059 -1.423159e+060 -2.502783e+060 -3.623668e+060 -4.609574e+060 -5.294789e+060 -5.540917e+060 -5.259485e+060 -4.420760e+060 -3.060606e+060 2.415379e+058 
2.363270e+062 -4.313005e+058 -1.118144e+059 -1.969384e+059 -2.871508e+059 -3.682400e+059 -4.287840e+059 -4.554483e+059 -4.395986e+059 -3.774197e+059 -2.668599e+059 1.587552e+056 
2.363276e+062 -3.902619e+058 -1.025994e+059 -1.817646e+059 -2.653741e+059 -3.423182e+059 -3.989834e+059 -4.246218e+059 -4.104294e+059 -3.519245e+059 -2.489408e+059 1.363727e+056 
2.363275e+062 -3.881045e+058 -1.012823e+059 -1.790520e+059 -2.618022e+059 -3.375856e+059 -3.938429e+059 -4.193430e+059 -4.056369e+059 -3.476027e+059 -2.460176e+059 1.329888e+056 
2.363279e+062 -3.828939e+058 -1.012972e+059 -1.792614e+059 -2.621401e+059 -3.384152e+059 -3.941321e+059 -4.190710e+059 -4.054955e+059 -3.476878e+059 -2.457740e+059 1.328901e+056 
2.363280e+062 -3.777732e+058 -9.927847e+058 -1.760900e+059 -2.584805e+059 -3.333758e+059 -3.880157e+059 -4.125949e+059 -3.994914e+059 -3.425533e+059 -2.425699e+059 1.288206e+056 
2.363277e+062 -3.787189e+058 -9.947443e+058 -1.757432e+059 -2.571142e+059 -3.316496e+059 -3.868856e+059 -4.123436e+059 -3.986623e+059 -3.420441e+059 -2.422666e+059 1.283095e+056 
2.363280e+062 -3.849095e+058 -1.008067e+059 -1.781178e+059 -2.606731e+059 -3.359186e+059 -3.919048e+059 -4.174852e+059 -4.043937e+059 -3.467302e+059 -2.454394e+059 1.318084e+056 
2.363281e+062 -3.797484e+058 -9.962943e+058 -1.770865e+059 -2.589732e+059 -3.335618e+059 -3.894240e+059 -4.142866e+059 -4.008832e+059 -3.440793e+059 -2.435989e+059 1.297277e+056 
2.363275e+062 -3.730822e+058 -9.981305e+058 -1.759924e+059 -2.577641e+059 -3.339340e+059 -3.892512e+059 -4.141324e+059 -4.021648e+059 -3.441850e+059 -2.437493e+059 1.292731e+056 
2.362670e+062 -2.118588e+059 -5.546068e+059 -9.699178e+059 -1.398102e+060 -1.777165e+060 -2.030508e+060 -2.113448e+060 -2.000282e+060 -1.670504e+060 -1.149965e+060 3.546996e+057 
2.353986e+062 -2.730573e+060 -6.900894e+060 -1.178226e+061 -1.674071e+061 -2.105730e+061 -2.374822e+061 -2.415002e+061 -2.202225e+061 -1.757036e+061 -1.150983e+061 4.869749e+059 
2.353563e+062 -3.017989e+060 -7.769232e+060 -1.343962e+061 -1.908131e+061 -2.373349e+061 -2.652335e+061 -2.686032e+061 -2.452988e+061 -1.970967e+061 -1.296858e+061 6.163184e+059 
2.358662e+062 -1.419354e+060 -3.672624e+060 -6.403929e+060 -9.150307e+060 -1.142576e+061 -1.291041e+061 -1.318762e+061 -1.217682e+061 -9.923152e+060 -6.639837e+060 1.438742e+059 
2.356037e+062 -3.729583e+059 -1.551753e+060 -3.098877e+060 -4.946443e+060 -5.263762e+060 -7.302578e+060 -7.296689e+060 -6.552128e+060 -5.717762e+060 -3.896254e+060 3.634265e+058 
2.287490e+062 6.172592e+060 9.414703e+060 8.598391e+060 5.835791e+060 2.057695e+061 4.620735e+060 8.025349e+060 5.894533e+060 6.993608e+060 1.698835e+060 1.186679e+059 
2.312752e+062 1.403745e+060 -7.307017e+059 -7.146168e+060 -8.676998e+060 -9.316163e+060 -2.268781e+061 -2.140048e+061 -1.610688e+061 -1.302513e+061 -1.162645e+061 1.274224e+059 
2.331979e+062 -2.388545e+060 -7.908502e+060 -1.481038e+061 -2.152372e+061 -2.568220e+061 -3.447582e+061 -3.574570e+061 -3.001574e+061 -2.371977e+061 -1.629603e+061 8.301233e+059 
2.335677e+062 -2.943905e+060 -8.281193e+060 -1.476727e+061 -2.111792e+061 -2.612560e+061 -3.495183e+061 -3.686132e+061 -3.054655e+061 -2.389399e+061 -1.586389e+061 8.642492e+059 
2.338482e+062 -3.415930e+060 -7.334285e+060 -1.162729e+061 -1.703134e+061 -2.439734e+061 -3.281894e+061 -3.495314e+061 -2.926337e+061 -2.148423e+061 -1.370673e+061 7.084852e+059 
2.344937e+062 -2.406177e+060 -5.967938e+060 -1.007329e+061 -1.530172e+061 -1.962640e+061 -2.557997e+061 -2.621094e+061 -2.244354e+061 -1.764467e+061 -1.151443e+061 4.557994e+059 
2.352290e+062 -9.905510e+059 -2.339434e+060 -3.931011e+060 -5.678915e+060 -8.137210e+060 -1.219499e+061 -1.271389e+061 -1.058749e+061 -8.175810e+060 -5.421864e+060 8.442048e+058 
2.354674e+062 -1.505537e+060 -3.996799e+060 -7.000544e+060 -1.004525e+061 -1.274671e+061 -1.573905e+061 -1.604018e+061 -1.419234e+061 -1.160565e+061 -7.756134e+060 1.883246e+059 
2.355138e+062 -2.288442e+060 -6.011323e+060 -1.049807e+061 -1.487134e+061 -1.856153e+061 -2.110774e+061 -2.143185e+061 -1.956612e+061 -1.591476e+061 -1.057550e+061 3.814610e+059 
2.356165e+062 -1.716511e+060 -4.500815e+060 -7.861303e+060 -1.113446e+061 -1.411067e+061 -1.657993e+061 -1.697938e+061 -1.540215e+061 -1.259892e+061 -8.439098e+060 2.255608e+059 
2.353360e+062 -2.640265e+060 -6.940998e+060 -1.203092e+061 -1.701314e+061 -2.109329e+061 -2.401961e+061 -2.413305e+061 -2.175944e+061 -1.756764e+061 -1.147958e+061 4.898786e+059 
2.360655e+062 -7.620671e+059 -1.991379e+060 -3.494921e+060 -5.039364e+060 -6.394664e+060 -7.338768e+060 -7.636256e+060 -7.196926e+060 -6.019249e+060 -4.137909e+060 4.624434e+058 
2.362924e+062 -1.564408e+059 -4.074009e+059 -7.117533e+059 -1.024323e+060 -1.291424e+060 -1.471116e+060 -1.521530e+060 -1.426824e+060 -1.183632e+060 -8.067852e+059 1.857593e+057 
2.362339e+062 -3.447623e+059 -8.998231e+059 -1.583227e+060 -2.293588e+060 -2.920453e+060 -3.357614e+060 -3.516692e+060 -3.342012e+060 -2.812748e+060 -1.950488e+060 9.693871e+057 
2.363225e+062 -5.118761e+058 -1.351621e+059 -2.384362e+059 -3.484941e+059 -4.476047e+059 -5.194461e+059 -5.496743e+059 -5.281070e+059 -4.503279e+059 -3.165207e+059 2.306586e+056 
2.363270e+062 -4.173797e+058 -1.102591e+059 -1.949278e+059 -2.859007e+059 -3.682779e+059 -4.288272e+059 -4.554157e+059 -4.399830e+059 -3.769073e+059 -2.659869e+059 1.570990e+056 
2.363281e+062 -3.748162e+058 -9.964517e+058 -1.772689e+059 -2.593196e+059 -3.338809e+059 -3.904117e+059 -4.151489e+059 -4.007686e+059 -3.441184e+059 -2.434082e+059 1.297336e+056 
2.363275e+062 -3.813501e+058 -1.001909e+059 -1.777119e+059 -2.605873e+059 -3.366978e+059 -3.924985e+059 -4.179610e+059 -4.043954e+059 -3.473550e+059 -2.459783e+059 1.316689e+056 
2.363271e+062 -3.837347e+058 -1.012648e+059 -1.789441e+059 -2.627690e+059 -3.370955e+059 -3.939173e+059 -4.187406e+059 -4.056090e+059 -3.487425e+059 -2.469212e+059 1.329373e+056 
2.363272e+062 -3.728079e+058 -9.901099e+058 -1.754301e+059 -2.567960e+059 -3.322535e+059 -3.880986e+059 -4.120781e+059 -4.001998e+059 -3.432580e+059 -2.432368e+059 1.282412e+056 
2.363277e+062 -3.772736e+058 -9.983636e+058 -1.763943e+059 -2.583255e+059 -3.334830e+059 -3.900642e+059 -4.143499e+059 -4.012399e+059 -3.446808e+059 -2.437521e+059 1.296055e+056 
2.363279e+062 -3.738608e+058 -9.976082e+058 -1.766038e+059 -2.590500e+059 -3.345358e+059 -3.898938e+059 -4.149716e+059 -4.019010e+059 -3.447430e+059 -2.438255e+059 1.297378e+056 
