-4
-4
-4
-2
-3
-3
-4
-4
-4
-3
-4
-5
-6
-5
-5
-3
-3
-4
-4
-5
-4
-4
-3
-3
-3
-3
-3
-4
-2
0
-1
-1
-1
0
-1
-1
0
1
2
3
3
2
2
2
2
1
0
-1
0
1
0
-1
0
0
1
1
2
3
3
3
3
4
4
3
3
3
3
3
4
4
3
2
1
1
1
1
2
3
2
3
3
2
2
1
1
2
1
2
0
2
3
2
2
2
1
2
1
1
2
1
1
1
0
1
1
2
2
2
2
4
5
3
3
3
2
2
3
4
4
3
3
2
3
1
2
0
-1
-1
-1
0
0
-1
-1
-1
-2
0
1
1
-1
-1
0
0
0
-1
-1
-1
0
-1
0
1
1
1
2
1
1
-1
-2
-3
-2
-1
-1
0
0
0
0
-1
0
0
-2
-1
-2
1
1
1
0
-1
-1
0
-1
-1
-1
-1
-1
-2
-1
-2
-1
1
0
1
-1
-1
1
1
1
1
1
1
1
0
0
-1
1
0
-1
-1
-1
0
0
0
0
0
0
1
1
0
0
-3
-2
-2
-4
-3
-3
-3
-2
-5
-6
-5
-4
-3
-2
-2
-1
-1
-2
-1
-1
-1
1
0
0
-2
-3
-4
-5
-6
-5
-5
-4
-4
-5
-5
-4
-4
-4
-2
-1
-2
-2
-1
-2
0
-1
-2
-1
-1
0
-2
-3
-3
-1
-1
-1
-1
-1
-2
-2
-1
-1
-1
-1
1
0
-1
-1
-2
-1
-1
-1
0
1
0
1
1
1
2
2
1
0
0
1
2
0
0
-1
-1
-1
-1
-2
-2
-3
-1
0
0
2
1
2
2
2
2
3
2
2
2
2
1
2
1
0
1
0
1
0
1
2
3
4
4
4
5
6
4
4
4
3
2
2
1
3
4
2
2
3
1
1
0
0
0
1
1
1
2
0
1
1
0
-1
0
0
0
0
-1
0
1
0
0
0
0
2
2
1
1
1
1
0
-2
-1
-1
0
1
1
0
0
1
0
0
1
1
1
1
3
1
1
1
1
-1
-1
-2
-1
-1
-1
-2
-2
-2
-2
-2
-2
0
-1
-1
0
-1
-1
-2
-3
-3
-3
-1
-1
-2
-2
-2
-2
-2
-2
-1
-1
-1
-2
-1
-2
-1
2
2
1
1
0
1
0
3
4
4
4
4
5
5
6
4
2
0
-1
1
1
3
2
0
0
-1
-1
1
2
1
0
-1
-1
-1
1
1
0
-1
-2
-3
-2
-1
-1
-1
-2
-1
-1
-1
-1
-1
-1
-1
-2
-2
-3
-2
-1
-1
-2
-2
-1
-2
-2
-1
-1
0
0
-1
-1
-1
0
-1
-1
-1
-2
-3
-1
-2
-2
-2
-2
-3
-2
-2
-2
-2
0
-2
0
1
-1
-1
0
0
-1
-1
0
1
3
4
3
1
1
3
3
2
2
2
2
1
2
3
3
3
3
3
3
2
2
3
2
1
0
0
-1
0
-2
-1
0
0
0
0
-1
-1
-1
-1
-1
-1
0
0
1
0
-1
1
0
0
0
0
1
0
1
0
0
0
0
0
-2
-2
-1
-1
-2
-1
-3
-2
-3
-3
-2
0
0
0
1
1
1
0
0
0
1
0
0
0
0
1
1
1
0
0
-2
-3
-1
-1
-1
0
-2
-1
-1
0
0
1
1
1
1
2
3
1
2
3
2
2
0
1
0
-1
-1
0
0
1
0
0
-1
-1
-1
-2
-2
-3
-2
0
-2
-2
-2
-1
-2
-2
-2
-2
-2
-2
-1
-2
0
-1
-1
-1
0
0
0
1
0
1
-1
-1
-1
-1
0
1
0
0
0
1
1
1
3
2
3
3
5
3
4
4
3
2
3
3
4
4
4
5
3
2
3
2
2
1
2
1
1
3
3
3
3
4
3
3
3
2
2
1
0
1
1
1
2
1
-1
0
-2
-2
-1
0
0
0
-1
0
-1
-2
-1
-2
-3
-2
-3
-2
-3
-2
-2
-2
-2
-4
-4
-3
-3
-3
-2
-3
-4
-5
-3
-2
-1
-1
-2
0
-1
-1
1
1
1
2
1
1
0
0
-1
0
-3
-2
-2
-5
-2
-3
-4
-4
-3
-2
-2
-1
-1
-2
-1
-1
-3
0
-1
0
-1
0
0
0
1
0
1
-1
1
-1
-1
-1
-1
-2
-2
-1
-2
0
1
1
1
2
3
3
3
5
5
7
5
5
5
4
4
3
3
2
2
-2
0
1
0
1
-2
-2
0
1
1
2
3
1
-1
1
2
2
3
3
3
3
3
2
0
0
-2
-3
-4
-4
-2
-2
-1
-1
-2
-2
-2
-3
-2
-2
-1
-1
0
-1
-2
-3
-3
-3
-2
0
-1
-1
-2
-2
-2
-2
0
0
-1
-2
-2
-3
-3
-3
-2
-3
-2
-2
-2
-1
-1
-1
0
-1
0
-1
-2
-1
-2
-2
-2
-1
-1
-2
-3
-3
-3
-2
-1
0
0
0
-1
0
0
-1
0
0
0
-1
0
-1
0
1
2
4
3
2
3
2
4
5
5
4
5
4
5
4
5
6
5
5
3
4
4
2
1
2
2
2
3
3
2
3
3
3
3
4
4
3
3
3
2
1
1
0
0
0
-1
1
0
-1
-2
-1
-1
0
-1
1
-1
-1
-1
-1
0
-1
-1
-2
-2
-3
-3
-3
-3
-3
-4
-5
-4
-4
-3
-2
-4
-4
-4
-3
-4
-4
-5
-3
-2
-2
-1
0
1
0
0
-1
-1
-2
-3
-3
-2
-3
-4
-4
-4
-4
-4
-4
-3
-3
-2
-2
-1
-1
0
-1
0
-1
-1
-1
-1
0
0
0
1
-1
0
0
0
0
1
2
2
1
0
1
0
-1
0
1
1
1
2
1
1
1
1
2
2
4
5
6
4
4
4
2
1
2
2
1
0
1
-1
0
0
1
1
1
0
2
3
3
4
3
5
4
4
3
3
4
3
3
3
4
5
4
2
2
2
3
3
4
3
2
1
-1
2
2
2
2
1
2
2
0
1
1
2
1
1
1
0
0
-1
0
1
1
2
1
2
3
1
1
0
-1
-1
-1
1
1
1
1
0
-1
0
-1
-1
-1
-1
-1
-1
-3
-2
-3
-4
-5
-5
-4
-3
-2
-2
-2
-1
-1
-3
-2
0
-1
0
-1
-1
0
-1
-2
-3
-2
-1
1
-1
1
0
-2
-2
-3
-3
-4
-2
-1
-1
-1
0
-1
-1
-1
-1
0
0
0
0
-1
-1
-3
-4
-3
-3
-5
-5
-6
-6
-5
-5
-5
-3
-2
-1
-1
1
1
2
1
1
1
2
3
4
4
4
3
2
2
1
2
1
0
-1
0
0
-1
-1
-1
-1
-1
0
1
3
1
2
3
1
0
2
2
1
2
0
1
0
-2
-3
-3
-3
-1
-2
-1
1
-1
1
-1
-2
-2
-1
0
0
4
3
4
3
6
1
5
5
6
6
6
6
3
3
2
2
0
2
-1
1
1
2
1
5
4
6
6
3
8
3
8
6
8
7
7
5
5
3
0
3
2
4
0
5
4
4
5
4
7
6
8
3
7
7
6
7
5
8
7
7
4
3
2
3
2
1
0
-3
-2
-5
-5
-6
-4
-1
0
1
0
4
1
3
3
0
5
3
3
5
3
2
1
-4
-1
-6
-6
-4
-7
-6
-5
-9
-7
-7
-9
-2
-6
-1
-1
-7
-4
-8
-8
-5
-9
-6
-9
-8
-7
-10
-9
-9
-13
-9
-11
-10
-8
-11
-6
-7
-4
-1
0
-1
0
-3
-3
-3
-4
-1
-4
-6
-5
-9
-6
-8
-9
-7
-10
-8
-7
-9
-5
-9
-5
-7
-3
-1
-3
-1
0
1
0
2
1
3
5
5
6
2
1
4
-1
3
1
-1
3
-2
-1
5
-1
8
-2
4
5
2
11
8
11
11
9
8
8
3
9
1
2
5
-1
6
4
0
11
4
6
9
1
8
7
4
12
3
9
6
0
8
-2
-1
-2
-8
-2
-7
-4
-4
-7
-2
-10
0
-2
-2
6
-1
8
4
2
6
0
4
-2
-3
5
-2
0
2
-10
-2
-10
-20
1
-22
-2
-8
-7
-3
3
-19
20
-14
-5
23
-64
66
-43
11
26
-19
32
1
-19
30
-31
-7
6
-53
37
-35
7
11
-8
14
-12
-9
-7
-13
-10
-1
5
3
7
-3
9
-8
-6
-5
-12
1
-22
9
-5
1
-1
-1
-11
1
-17
-7
2
-5
5
-3
13
-5
6
-3
0
3
-4
2
0
-5
8
-4
-5
6
-19
2
-7
-9
5
-5
3
8
-1
7
9
6
13
3
12
10
9
3
9
8
5
10
-2
5
5
-2
0
6
-6
8
4
3
9
1
2
7
2
5
8
3
13
3
6
16
1
4
5
-5
9
-9
-1
7
1
5
-3
5
8
-3
5
-1
3
7
-4
10
4
4
5
-3
8
4
-2
3
-2
4
3
-2
3
4
-1
5
-2
-2
-1
-8
-6
-1
-9
0
-4
-3
6
-6
3
-3
-3
0
-11
3
-7
1
2
-11
12
-19
8
-4
-7
16
-15
6
1
-11
8
-6
-4
5
-12
6
-6
-10
2
-16
0
-10
-4
-1
-8
-3
-10
-1
-4
-4
-6
-1
-5
-4
-8
-6
-3
-9
-1
-4
-2
-3
-1
-7
3
-4
-4
-4
-3
-3
-4
-5
-2
-5
-3
-6
-10
12
-12
0
-8
-10
-2
-18
-5
-12
-10
2
-9
-2
6
-14
1
-10
-10
-4
-17
6
-6
2
5
-7
8
-4
0
1
-1
5
7
6
12
7
6
9
1
5
4
4
2
2
13
-6
4
0
-4
-1
-1
3
0
12
0
5
6
8
1
2
8
9
9
11
10
11
7
-2
4
3
6
4
4
4
4
2
8
0
1
-2
-1
3
1
6
2
2
-3
-5
0
1
6
5
6
4
2
0
-7
-2
-4
3
-5
7
-3
8
-6
3
0
1
16
-23
20
3
17
1
21
-1
8
10
-3
21
-8
21
-9
16
2
7
3
10
6
-7
13
-13
18
-5
9
6
0
2
-6
7
-4
7
-6
11
1
4
-2
-1
4
-2
9
-4
6
-1
-2
-8
-5
-6
-4
-7
-8
1
-4
-8
-7
-7
-12
-9
-23
-6
-8
-5
-5
-4
-1
-13
-9
-9
-5
-16
-7
-10
1
-12
-5
1
-1
-5
-13
-3
-7
-2
-8
3
-1
-1
-3
-3
-1
-9
-4
-3
-3
-7
1
-5
2
-4
-8
5
-11
-6
-1
-4
3
0
1
7
-3
-1
0
-2
3
-1
8
9
5
6
6
7
-1
0
-1
4
4
5
7
4
6
1
5
5
3
3
5
6
4
-1
1
1
-3
5
2
6
3
1
5
3
5
3
3
8
3
4
6
6
3
-1
2
0
-1
2
3
3
5
0
1
2
0
1
3
3
2
4
4
3
3
3
1
2
-1
1
-1
0
0
0
2
-1
2
2
5
-3
4
1
2
4
0
4
1
3
3
2
2
2
0
1
-3
-3
-3
-7
-5
-6
-5
-2
-6
-4
-3
-5
-1
-5
-7
-8
-11
-8
-7
-6
-5
-2
-5
-3
-6
-6
-7
-10
-5
-6
0
-1
-1
0
-1
-2
-4
-7
-3
-4
-4
0
-1
-1
1
-2
0
-1
-1
1
-2
1
2
1
1
0
-4
1
-3
-1
-2
0
0
0
2
-1
-1
-1
0
2
4
2
4
4
2
3
-1
2
3
3
3
4
3
4
2
1
2
1
1
-2
2
-2
0
-2
0
0
0
3
0
3
0
3
1
2
5
6
8
8
9
7
7
7
5
4
4
6
2
5
2
2
1
-2
-2
-3
-2
-3
0
1
1
2
3
2
3
2
3
5
5
6
7
7
8
4
6
3
2
3
4
4
2
2
1
2
-1
-1
-1
0
0
1
0
-1
0
0
0
1
1
2
4
1
-2
-2
-2
-4
-2
-3
-2
-1
-1
-3
-2
-3
-1
-2
-3
-1
-1
0
-1
0
-1
1
-2
-2
-5
-5
-7
-7
-6
-4
-7
-6
-7
-6
-5
-6
-3
-3
-1
-4
-3
-8
-3
-4
-4
-5
-3
-2
-1
-2
-5
-3
-6
-4
-8
-6
-6
-5
-5
-4
-5
-7
-4
-5
-4
-4
-4
-1
-1
1
1
2
3
-2
-1
-2
0
-3
-2
-2
0
0
0
2
0
1
0
1
2
3
2
2
3
0
2
1
3
4
3
4
3
3
5
3
6
3
5
5
5
6
3
4
3
4
3
3
4
5
3
5
3
3
1
3
4
3
6
4
5
4
6
5
3
4
7
6
8
8
6
7
6
7
7
7
6
7
6
6
5
4
3
4
4
5
7
6
6
5
5
4
2
3
3
3
4
3
4
2
3
1
2
-1
-1
-1
-1
-1
-1
-1
-4
-2
-5
-3
-3
-4
-4
-3
-1
-2
-2
-3
-3
-5
-6
-6
-7
-6
-8
-6
-7
-7
-8
-9
-9
-10
-8
-7
-7
-6
-6
-5
-5
-6
-7
-5
-5
-5
-5
-4
-5
-4
-5
-6
-5
-4
-4
-5
-5
-3
-4
-4
-3
-4
-3
-3
-2
-3
-3
-3
-1
-2
-1
-1
-2
0
1
1
0
1
0
-1
1
0
1
-1
2
2
3
5
5
6
5
5
4
5
5
6
5
6
5
6
6
3
4
3
3
3
3
3
3
3
3
4
2
2
4
2
2
3
3
3
1
2
1
1
2
2
2
1
2
1
1
-1
0
2
3
3
4
4
3
2
4
2
3
2
3
2
2
1
1
1
0
0
1
0
0
2
0
3
3
2
0
1
-1
0
0
-1
0
-1
0
0
-1
-1
-2
-2
0
-2
-3
-3
-2
-2
-1
-2
-1
-2
-5
-5
-7
-5
-5
-5
-5
-4
-6
-7
-7
-8
-7
-6
-7
-6
-5
-5
-5
-5
-6
-7
-6
-5
-5
-4
-3
-2
0
-2
-2
-2
-4
-3
-2
-2
-4
-3
-5
-1
-1
-3
-3
-4
-3
-4
-4
-3
-2
-3
-1
-1
-1
-1
0
-1
-2
-1
-2
-2
0
1
0
-2
-1
-2
-1
-1
0
0
2
1
1
2
1
1
2
2
3
2
4
3
4
3
4
3
2
4
3
3
3
4
4
5
5
3
5
4
5
4
4
4
4
4
4
4
4
3
3
4
2
3
3
3
4
4
3
4
4
4
4
4
4
2
3
4
3
3
4
4
3
3
3
4
4
3
3
3
3
2
1
2
2
1
3
2
3
2
1
1
2
1
2
3
2
1
1
1
0
2
1
2
0
1
0
1
2
0
1
0
0
-1
-2
-2
-2
-2
-2
-1
-1
-2
-3
-3
-3
-2
-3
-4
-4
-3
-3
-3
-3
-3
-2
-1
-1
-1
0
-1
-2
-2
-1
-2
-1
-2
-2
-2
-2
-2
-3
-2
-4
-4
-3
-3
-3
-1
-1
-3
-3
-4
-4
-5
-3
-2
-3
-2
-2
-3
-4
-3
-3
-4
-3
-2
-1
-1
-1
-1
0
-2
0
-2
-1
0
1
2
3
2
0
1
0
-1
0
-1
-1
-1
1
0
0
-1
-2
-4
-5
-6
-6
-4
-4
-2
-2
-2
-1
-1
-1
-2
-2
-1
0
1
0
1
1
-1
-2
-2
-1
-3
-1
-2
-1
0
0
-1
-1
-2
-2
-4
-3
-1
0
0
1
2
1
0
1
1
1
0
1
2
3
3
2
2
1
2
1
0
1
1
2
2
0
1
2
2
1
2
2
3
3
3
2
2
2
4
4
3
2
2
2
2
2
2
3
2
3
1
2
2
1
1
-1
0
0
0
-1
-1
-2
-1
-1
-1
0
-1
-1
-1
0
-1
-1
-1
-2
-2
-1
-1
0
0
-1
-1
0
0
-1
0
0
1
1
1
-1
-1
-4
-2
-2
-3
-3
0
-1
-2
-2
-1
-2
-2
-3
-2
-2
-2
0
0
2
0
1
-1
-2
-1
-1
0
1
1
1
0
0
-1
0
1
1
1
2
2
1
1
0
0
0
1
0
1
1
0
0
0
1
-1
-2
-2
0
-1
1
1
1
-1
-1
-2
-1
-2
-3
-1
-1
0
0
-1
0
1
0
1
2
2
2
3
4
3
3
2
1
3
4
3
4
2
2
2
3
4
3
3
3
3
3
3
2
2
3
2
2
2
1
0
0
2
3
3
1
1
1
1
0
1
2
1
1
0
0
0
-1
0
0
1
0
0
1
-1
-2
-2
-3
-3
-4
-2
-1
0
0
0
-2
-3
-3
-3
-1
0
0
-1
0
0
-1
-2
-2
-3
-2
0
0
0
0
0
-1
-1
-1
-2
0
0
-1
-2
-1
0
-1
-1
-3
-2
-2
-2
-1
-1
-2
-1
-2
-3
-2
-2
-1
-1
-1
-3
-2
-3
-2
-2
-2
-3
-2
-3
-3
-2
-2
-1
-1
-1
-1
-2
-2
-1
0
1
2
0
0
-1
-1
0
1
2
2
2
2
1
3
2
3
2
0
1
1
0
1
1
1
1
0
-1
-1
0
-1
-1
-2
-3
-3
-3
-2
-3
-2
-2
-2
-3
-1
-1
-1
1
-1
-1
-3
-3
-1
0
3
3
1
-2
-4
-4
-1
2
5
4
1
-1
-2
0
3
6
6
5
4
3
5
9
12
15
17
12
8
7
8
11
16
21
23
20
16
12
10
12
12
12
13
14
13
13
14
12
9
6
3
-1
-4
-5
-4
-4
-4
-7
-11
-17
-24
-27
-29
-25
-23
-21
-23
-27
-33
-39
-41
-43
-42
-38
-36
-34
-34
-32
-32
-34
-35
-35
-33
-30
-24
-16
-7
-2
0
0
-2
-3
0
8
18
30
39
44
47
47
47
49
50
54
58
65
72
79
83
84
81
76
71
66
65
68
75
80
84
84
76
67
59
54
54
56
62
66
66
64
62
58
54
52
51
51
53
55
59
64
67
68
66
60
53
51
54
62
71
77
79
74
64
55
49
51
54
60
63
58
48
33
23
15
8
5
-4
-17
-31
-45
-56
-69
-80
-94
-114
-135
-154
-170
-181
-185
-193
-205
-222
-248
-273
-291
-298
-299
-297
-298
-306
-324
-344
-359
-366
-364
-358
-353
-349
-352
-355
-356
-356
-353
-350
-344
-339
-334
-324
-310
-290
-271
-253
-244
-242
-239
-233
-212
-179
-140
-100
-68
-47
-35
-25
-9
20
58
102
149
191
231
265
296
327
355
381
411
439
475
516
556
599
630
651
659
658
656
658
670
687
704
718
720
710
690
661
628
595
566
543
523
503
477
446
405
354
301
247
197
157
122
94
63
30
-13
-59
-104
-150
-187
-220
-246
-267
-287
-305
-325
-349
-374
-403
-426
-446
-456
-455
-446
-435
-432
-442
-462
-485
-503
-503
-488
-465
-443
-427
-421
-422
-427
-436
-446
-451
-444
-426
-404
-387
-377
-377
-383
-394
-410
-428
-444
-447
-434
-401
-360
-329
-317
-328
-354
-382
-398
-394
-358
-276
-143
16
141
184
152
87
51
84
179
293
383
436
485
554
635
701
709
651
558
492
504
600
748
880
932
877
720
522
361
296
347
473
591
634
575
446
315
232
202
195
178
147
123
130
169
207
191
95
-56
-206
-297
-306
-236
-139
-76
-75
-136
-233
-320
-360
-345
-302
-264
-239
-232
-226
-206
-168
-141
-144
-177
-215
-223
-187
-108
-22
31
33
-11
-66
-109
-116
-75
-5
62
95
81
38
-12
-44
-53
-56
-74
-114
-164
-209
-230
-232
-237
-263
-313
-375
-429
-473
-492
-497
-503
-515
-548
-600
-668
-727
-750
-746
-743
-765
-794
-783
-659
-407
-114
79
84
-59
-218
-262
-139
83
292
412
457
511
609
734
809
778
652
508
450
531
720
938
1086
1088
933
659
363
165
149
307
540
710
717
577
364
189
101
77
76
68
74
131
230
311
307
175
-36
-245
-370
-385
-313
-187
-71
-2
-16
-107
-242
-379
-454
-437
-355
-255
-182
-144
-127
-111
-95
-106
-145
-191
-198
-132
-14
111
186
198
160
108
84
89
128
183
230
267
273
253
222
194
188
189
178
140
67
-14
-70
-86
-91
-107
-144
-195
-239
-284
-344
-426
-526
-618
-674
-690
-687
-696
-728
-787
-858
-939
-1037
-1143
-1225
-1226
-1057
-702
-273
15
24
-217
-520
-657
-549
-257
45
231
313
380
516
706
840
827
647
410
278
367
675
1064
1357
1425
1238
856
419
106
41
239
584
885
988
863
614
391
268
230
211
163
123
146
268
459
595
564
339
8
-281
-425
-389
-226
-35
95
115
39
-99
-240
-339
-376
-360
-324
-270
-204
-125
-39
25
50
13
-75
-174
-229
-183
-46
122
241
267
218
133
70
51
62
93
127
143
147
148
159
175
183
163
106
30
-51
-122
-167
-173
-148
-127
-146
-214
-309
-391
-462
-533
-604
-678
-735
-773
-790
-797
-818
-871
-948
-1036
-1120
-1182
-1245
-1318
-1364
-1284
-965
-459
-7
127
-120
-529
-788
-689
-297
145
413
460
432
504
740
1031
1180
1085
796
515
457
698
1145
1575
1798
1712
1328
785
284
52
188
592
1021
1219
1095
763
428
254
238
258
204
77
-15
27
231
485
608
490
150
-237
-515
-591
-472
-255
-48
65
63
-33
-190
-330
-396
-394
-356
-324
-301
-266
-179
-39
107
172
116
-37
-204
-272
-206
-48
117
212
229
190
137
102
88
87
104
134
156
156
145
157
194
234
240
170
28
-143
-262
-279
-206
-140
-150
-241
-363
-453
-497
-524
-570
-648
-740
-815
-878
-913
-932
-954
-990
-1056
-1142
-1244
-1350
-1462
-1552
-1509
-1183
-616
-66
166
-31
-462
-799
-790
-455
-9
292
381
384
472
721
1032
1215
1109
758
378
252
492
1015
1559
1881
1852
1483
920
368
60
118
496
945
1203
1149
872
574
411
390
382
284
88
-87
-100
111
445
688
651
327
-112
-478
-642
-598
-432
-257
-140
-90
-95
-159
-260
-347
-401
-434
-455
-457
-416
-310
-126
106
275
299
182
-21
-183
-213
-102
72
208
271
282
286
301
323
323
296
251
215
206
227
271
329
393
430
408
295
119
-40
-106
-67
-5
8
-64
-179
-271
-308
-319
-374
-478
-588
-697
-790
-853
-893
-931
-978
-1021
-1063
-1128
-1260
-1450
-1627
-1611
-1216
-540
63
229
-106
-633
-961
-873
-442
22
262
267
228
358
689
1061
1239
1066
613
158
17
308
904
1515
1873
1836
1415
787
190
-125
-23
403
878
1120
1022
736
477
388
440
465
322
26
-262
-331
-102
298
618
628
304
-189
-602
-767
-685
-489
-307
-216
-203
-226
-250
-248
-229
-236
-284
-355
-424
-432
-338
-142
104
289
345
254
85
-30
-8
124
278
342
300
218
179
247
369
483
530
486
366
231
140
131
199
303
416
464
401
244
75
-16
-36
-44
-95
-205
-333
-405
-402
-365
-359
-439
-586
-767
-944
-1061
-1119
-1125
-1108
-1113
-1160
-1272
-1450
-1649
-1812
-1771
-1355
-684
-119
9
-321
-804
-1075
-956
-536
-103
109
124
130
322
714
1116
1279
1057
542
62
-63
266
912
1555
1929
1891
1467
844
263
-44
47
426
839
1039
948
725
574
581
685
704
491
104
-269
-397
-180
242
611
685
424
-5
-393
-601
-601
-486
-356
-268
-234
-214
-196
-172
-138
-111
-116
-196
-338
-437
-409
-228
64
341
472
400
211
53
34
150
309
396
352
250
183
207
315
438
536
576
526
414
280
191
187
267
398
489
465
333
187
125
150
174
117
-49
-263
-411
-425
-349
-277
-285
-411
-601
-813
-983
-1074
-1095
-1068
-1058
-1105
-1223
-1422
-1643
-1716
-1402
-727
-54
190
-99
-640
-1034
-1024
-628
-115
193
210
139
249
623
1093
1357
1231
747
169
-134
43
636
1337
1811
1890
1574
989
345
-105
-177
121
543
798
767
558
377
353
474
581
489
123
-353
-653
-586
-208
209
410
282
-82
-468
-693
-703
-608
-547
-571
-634
-651
-592
-481
-362
-276
-248
-292
-392
-491
-532
-479
-302
-45
190
296
243
143
103
165
278
335
287
181
105
126
260
434
561
607
574
498
409
326
289
321
396
475
499
446
331
230
211
254
272
174
-43
-254
-338
-298
-214
-199
-290
-456
-629
-754
-810
-840
-903
-993
-1095
-1203
-1352
-1541
-1593
-1252
-540
174
442
122
-505
-998
-1046
-653
-112
243
310
264
378
766
1241
1471
1237
630
-16
-290
-26
634
1361
1828
1887
1557
969
309
-193
-346
-100
348
694
737
539
334
278
380
502
449
122
-383
-756
-741
-357
117
365
262
-109
-530
-818
-889
-790
-691
-676
-691
-666
-590
-518
-478
-466
-456
-442
-458
-513
-561
-499
-302
-24
226
312
201
4
-81
26
251
449
522
454
332
242
218
242
272
318
383
472
557
581
520
414
345
341
335
259
134
64
132
284
403
353
126
-196
-461
-542
-498
-451
-478
-559
-662
-903
-1188
-1331
-1341
-1392
-1569
-1704
-1736
-1744
-1580
-814
536
1686
1709
698
-314
-599
-397
-264
-303
-268
-64
242
784
1635
2359
2237
1269
292
-56
-30
-112
-103
491
1429
1891
1604
1079
767
494
173
221
750
1081
630
-134
-240
411
980
992
706
452
152
-208
-239
166
482
320
-3
-45
27
-167
-492
-527
-266
-88
-121
-198
-235
-317
-396
-290
-116
-235
-696
-1042
-947
-586
-280
-42
189
265
51
-213
-256
-161
-167
-217
-50
280
497
468
416
480
502
402
254
152
65
-67
-97
19
126
51
-216
-513
-757
-902
-907
-803
-731
-785
-902
-928
-903
-964
-1077
-1098
-1008
-933
-935
-964
-994
-1118
-1354
-1584
-1717
-1867
-2152
-2090
-723
2064
4677
5218
3689
1864
961
298
-982
-2281
-2463
-1526
-257
1135
2824
3868
2997
732
-949
-1230
-1314
-2012
-2099
-397
2023
3171
2641
1610
697
-385
-1369
-1277
-57
1007
994
551
760
1507
1732
1007
-50
-712
-936
-1008
-876
-371
234
425
58
-452
-813
-1240
-1807
-2036
-1431
-260
631
855
780
779
844
742
437
55
-351
-621
-573
-177
354
660
589
303
78
40
59
34
105
421
930
1283
1219
897
628
548
508
414
308
170
-8
-150
-173
-129
-217
-450
-666
-774
-785
-768
-725
-686
-743
-874
-939
-872
-760
-756
-756
-652
-547
-525
-561
-586
-597
-711
-874
-1041
-1279
-1578
-1942
-2241
-2511
-2555
-1418
1401
4712
6171
4781
2319
689
-86
-1100
-2550
-3149
-2330
-607
1503
3473
4684
3924
1309
-994
-1632
-1141
-1019
-1204
-123
2066
3605
3179
1278
-427
-1478
-1934
-1469
-50
1670
2266
1495
602
332
395
-71
-983
-1390
-1075
-422
69
374
668
489
-331
-1364
-2079
-2205
-2033
-1603
-748
293
1182
1416
974
365
-65
-112
2
58
59
-65
-186
-282
-321
-205
-151
-224
-348
-316
28
375
556
586
586
679
617
371
215
309
584
680
536
261
-67
-294
-497
-601
-468
-226
-7
19
-129
-270
-457
-750
-1082
-1243
-1075
-868
-753
-647
-516
-363
-396
-605
-816
-1052
-1218
-1337
-1368
-1311
-1447
-1732
-2010
-2226
-2008
-555
2342
5333
6207
4482
1929
300
-445
-1426
-2634
-2878
-1710
310
2319
3799
4341
3136
729
-1199
-1616
-937
-554
-340
681
2268
3236
2383
361
-1192
-1772
-1389
-326
1219
2719
2942
1924
652
-78
-246
-594
-1003
-895
-230
526
768
667
537
101
-722
-1672
-2220
-2049
-1567
-839
165
1082
1609
1395
782
333
62
98
213
348
514
323
-17
-380
-604
-546
-569
-513
-355
-130
204
305
370
418
393
397
226
158
235
405
685
746
628
298
-172
-520
-802
-888
-802
-635
-402
-371
-461
-558
-621
-759
-1124
-1482
-1589
-1323
-1008
-909
-928
-946
-818
-730
-764
-815
-874
-870
-1003
-1291
-1565
-1968
-2320
-2706
-2960
-2050
525
4096
6438
5866
3466
1089
-215
-1127
-2492
-3326
-2948
-1277
1182
3353
4807
4385
1988
-513
-1815
-1470
-806
-633
103
1458
2829
2905
1302
-413
-1588
-1799
-985
384
2136
2975
2415
1246
111
-295
-541
-934
-976
-664
74
635
743
741
316
-382
-1238
-1993
-2100
-1889
-1301
-437
498
1442
1721
1415
858
301
125
138
267
403
308
158
-59
-171
-61
84
127
3
-65
37
203
320
313
337
436
487
378
219
257
446
628
649
518
329
69
-220
-493
-644
-612
-497
-387
-380
-420
-474
-563
-737
-1018
-1237
-1277
-1209
-1144
-1136
-991
-739
-503
-391
-478
-623
-853
-1095
-1345
-1581
-1822
-2049
-2236
-2412
-2582
-2630
-1708
902
4240
6190
5320
2749
629
-378
-1013
-2036
-2756
-2325
-858
1238
3229
4520
4083
1679
-758
-1668
-973
-122
-37
405
1611
2711
2466
790
-694
-1284
-1133
-390
753
2185
2758
1796
181
-910
-811
-327
-231
-225
-10
474
723
582
408
72
-585
-1519
-2280
-2233
-1518
-595
205
717
1152
1320
954
292
-234
-114
469
905
947
614
171
-290
-692
-683
-346
2
55
-105
-25
225
360
260
99
211
431
533
576
731
1029
1086
757
295
-88
-310
-527
-678
-503
-71
306
299
-20
-376
-699
-1055
-1364
-1439
-1299
-1070
-906
-782
-658
-539
-534
-765
-1027
-1153
-1103
-978
-966
-987
-1175
-1596
-2128
-2662
-2937
-3052
-2465
-208
3349
6303
6387
3835
992
-716
-1439
-2257
-2944
-2605
-1302
747
2862
4400
4441
2158
-812
-2385
-1917
-474
283
835
1816
2706
2649
1143
-525
-1332
-1346
-609
584
2102
3053
2398
669
-900
-1290
-763
-327
-71
220
658
997
877
614
175
-659
-1698
-2557
-2499
-1520
-361
521
865
1007
1117
889
372
-168
-200
362
949
1217
1008
492
-124
-762
-970
-679
-184
120
27
-33
56
153
144
-5
67
333
590
839
1063
1297
1301
915
333
-256
-673
-909
-950
-704
-252
159
270
71
-285
-709
-1176
-1580
-1658
-1431
-1132
-883
-752
-678
-750
-922
-1024
-1076
-1063
-1054
-1007
-922
-1017
-1345
-1888
-2413
-2696
-2820
-2800
-2375
-679
2495
5573
6397
4345
1234
-869
-1637
-1940
-2267
-2106
-1148
363
2093
3547
3987
2557
-103
-2005
-1961
-511
750
1321
1821
2285
2207
1115
-372
-1182
-1171
-493
576
1891
2968
2776
1279
-585
-1509
-1054
-162
558
917
1123
1249
927
431
-129
-774
-1479
-2205
-2253
-1516
-380
613
921
932
853
713
503
146
190
601
1107
1398
1096
568
-143
-827
-1084
-888
-212
298
293
82
-123
-75
-56
-131
-31
214
605
862
1008
1194
1178
911
347
-276
-619
-761
-697
-537
-309
-9
70
-134
-512
-899
-1130
-1298
-1387
-1290
-1110
-948
-976
-1125
-1172
-1087
-917
-844
-937
-973
-888
-786
-801
-1193
-1777
-2357
-2756
-2731
-2604
-2015
-140
2876
5666
6024
3685
680
-1303
-1813
-1914
-1959
-1380
-338
1072
2376
3253
3315
1663
-723
-2123
-1663
105
1356
1863
2134
2120
1577
108
-1243
-1503
-904
189
1182
2077
2636
2066
522
-1181
-1842
-1126
28
978
1431
1497
1206
386
-518
-1145
-1480
-1668
-1857
-1693
-868
302
1141
1156
563
36
-208
-201
69
549
1215
1603
1405
914
245
-338
-820
-1046
-543
248
850
869
340
-98
-438
-565
-452
-216
324
771
1088
1372
1450
1433
988
255
-373
-719
-531
-277
-170
-110
-133
-164
-440
-803
-963
-947
-926
-1105
-1201
-1170
-1150
-1237
-1449
-1369
-1040
-655
-482
-683
-885
-1124
-1298
-1510
-1957
-2234
-2563
-2704
-2652
-2525
-1089
1653
4700
5982
4177
1306
-869
-1635
-1597
-1831
-1438
-594
430
1736
2645
3216
2244
-127
-1794
-1887
-187
1505
2060
2272
1953
1388
272
-1122
-1422
-975
123
1348
2102
2588
1955
382
-1275
-2236
-1535
-45
1334
2157
2017
1505
509
-711
-1409
-1728
-1551
-1336
-1197
-664
-204
100
22
-387
-378
-221
111
498
800
1402
1660
1437
807
-151
-727
-989
-721
63
731
1169
937
336
-179
-615
-597
-377
12
560
912
1226
1261
1106
1013
804
647
347
50
4
-35
-40
-217
-392
-391
-502
-636
-788
-684
-449
-547
-856
-1198
-1349
-1422
-1538
-1532
-1342
-872
-517
-395
-501
-905
-1228
-1786
-2296
-2539
-2583
-2248
-2307
-1964
-64
2964
5633
5219
2385
-220
-1428
-1173
-1297
-1482
-819
-27
1068
1716
2178
2283
654
-1127
-1776
-681
1370
2064
2097
1931
1490
904
-497
-1136
-632
239
1390
1916
2350
2271
840
-842
-2127
-1776
-147
1152
2051
2010
1431
528
-871
-1541
-1467
-935
-420
-623
-718
-698
-817
-878
-923
-428
180
450
661
831
1178
1286
780
207
-292
-577
-636
-553
-5
620
865
706
233
-86
-257
-418
-374
-166
233
539
522
506
544
728
944
897
784
531
222
-72
-421
-475
-371
-283
-306
-633
-862
-907
-786
-576
-674
-864
-1063
-1275
-1424
-1593
-1516
-1267
-1019
-869
-813
-710
-764
-991
-1405
-1780
-1930
-2090
-2232
-2628
-2700
-1253
1686
4708
5203
2931
181
-1144
-776
-396
-497
-382
-93
500
1139
1899
2395
1295
-644
-1666
-732
1295
2224
1921
1337
905
528
-266
-704
-158
801
1642
1956
2034
1863
759
-822
-1902
-1550
100
1519
2092
1801
950
83
-860
-1219
-689
-27
400
92
-394
-577
-956
-1240
-1439
-1142
-257
365
855
1070
1174
1304
929
522
107
-239
-323
-483
-213
348
821
1000
512
21
-243
-339
-250
-278
-36
335
500
576
506
712
972
883
610
172
22
31
-131
-204
-348
-405
-521
-864
-1034
-1070
-892
-714
-725
-747
-806
-949
-1278
-1734
-1961
-1796
-1310
-949
-883
-1013
-1072
-1190
-1553
-1916
-2249
-2260
-2271
-1602
621
3323
4622
2984
156
-1123
-637
391
406
90
289
343
583
973
1487
1264
-514
-1617
-755
1378
2672
1802
778
476
430
170
-427
109
1159
1480
1337
1057
1441
1371
119
-914
-952
285
1227
966
487
41
-168
-619
-940
-342
341
453
-198
-854
-767
-708
-1029
-1313
-1131
-454
-61
-113
-143
137
694
1026
997
773
327
-140
-532
-611
-190
291
504
379
215
314
391
222
-52
-166
-3
184
265
372
627
880
864
625
436
372
327
237
146
152
115
-193
-705
-1161
-1319
-1147
-907
-626
-454
-465
-660
-1019
-1237
-1382
-1391
-1449
-1533
-1343
-1139
-979
-974
-1216
-1386
-1580
-1690
-1746
-1593
97
2182
3528
2625
21
-971
-414
966
1255
443
422
212
363
862
1212
1728
301
-1116
-706
707
2304
1458
319
390
527
951
405
576
1507
1264
921
287
564
1074
245
28
252
1147
1623
544
-121
-668
-857
-692
-702
311
926
629
82
-729
-602
-683
-965
-699
-587
-159
-415
-933
-788
-638
24
439
655
962
453
46
-318
-415
49
111
234
151
62
322
198
210
115
31
245
82
46
-3
101
468
458
432
200
26
103
72
182
138
97
-3
-307
-526
-1001
-1116
-1098
-998
-781
-917
-795
-800
-686
-697
-967
-940
-1263
-1362
-1477
-1647
-1436
-1682
-1559
-1510
-1490
-1184
-435
1722
3081
2607
573
-1172
-394
797
1261
753
92
241
58
718
1805
2110
1027
-1159
-1081
750
1950
1327
-362
-261
450
643
664
884
1881
1645
626
304
488
859
73
-281
660
1563
1843
897
338
232
-411
-891
-1135
-395
273
-71
-159
-219
48
-213
-963
-753
-397
-16
-173
-558
-330
-481
-465
-263
13
418
-48
-309
-156
72
373
177
263
269
-92
-201
-154
364
599
319
240
176
205
-26
-167
228
434
376
17
-174
0
2
-101
-213
-145
-87
-329
-470
-474
-402
-555
-913
-976
-1097
-1169
-1210
-1045
-580
-521
-756
-1126
-1244
-993
-1192
-1268
-1352
-1626
-1726
-1931
-1761
-861
892
2409
2525
1225
-233
-352
578
1238
811
172
-80
-188
618
1745
2242
1391
-566
-904
393
1717
1610
143
-186
53
96
261
530
1384
1315
542
478
767
1136
445
-226
361
980
1268
839
618
791
332
-191
-353
-96
17
-566
-859
-447
-180
-325
-781
-753
-246
-201
-219
-58
59
-6
-384
-204
330
280
-146
-692
-553
-182
-221
-11
225
424
151
-321
-87
214
347
289
315
669
553
162
1
221
534
278
-136
-288
-328
-312
-326
-160
55
-69
-420
-670
-587
-551
-607
-638
-570
-561
-943
-1124
-1085
-941
-887
-1275
-1296
-1226
-1168
-1015
-1162
-956
-1154
-1552
-1654
-1928
-891
482
1357
1460
281
182
766
1401
1356
54
-347
-491
-39
1399
2201
2315
699
-859
-244
1120
2191
1340
28
-91
-109
325
731
1115
1276
346
-219
2
571
922
545
599
938
876
698
578
807
926
511
222
126
114
59
-140
36
136
-303
-791
-1126
-1025
-705
-480
-48
142
63
-88
-149
329
563
385
132
-178
-247
-398
-359
46
243
256
-26
-123
129
136
135
163
332
505
375
341
398
434
407
225
122
12
-172
-250
-325
-396
-459
-527
-452
-378
-542
-724
-799
-829
-712
-707
-643
-706
-930
-903
-951
-936
-1099
-1502
-1542
-1473
-1239
-984
-970
-1071
-1429
-909
377
1267
1057
-124
-320
547
1451
1309
348
-132
-401
-113
963
2062
2167
542
-874
-369
1165
1987
1012
-43
-121
167
693
1165
1597
1223
-17
-680
-289
496
599
111
47
213
255
289
569
1046
932
424
126
45
10
-198
-83
342
271
-196
-702
-825
-726
-801
-742
-567
-425
-455
-432
14
402
381
172
43
64
-48
-151
48
301
311
-31
-292
-201
-124
-99
3
303
559
478
392
380
418
430
303
296
276
159
70
69
139
-28
-289
-457
-591
-741
-874
-792
-510
-447
-540
-679
-679
-682
-951
-897
-698
-476
-618
-1154
-1352
-1384
-1299
-1016
-989
-927
-1242
-1285
-97
781
1127
222
-481
346
1010
1418
771
-105
-236
-463
472
1607
1716
981
-466
-148
1272
1859
1456
49
-425
-89
399
1494
1941
1574
490
-508
-99
598
870
653
166
68
-157
-238
249
645
830
588
283
225
22
26
127
181
111
-327
-535
-471
-437
-388
-436
-450
-521
-610
-447
-300
-180
-52
85
320
298
42
-120
-91
120
185
163
213
154
116
56
31
86
43
69
136
276
425
431
437
315
121
-18
-125
-94
-80
-87
-121
-156
-237
-403
-615
-897
-868
-855
-716
-608
-823
-811
-1055
-1107
-901
-987
-807
-1021
-1234
-981
-1049
-649
-724
-1176
-1147
-901
193
713
266
-55
-101
644
1052
549
229
-122
-142
335
932
1496
896
-273
-388
569
1732
1662
509
-213
-366
37
818
1431
1611
812
-117
-110
387
912
872
570
463
64
-120
132
535
802
332
-74
-119
-125
143
268
460
464
-76
-386
-514
-417
-304
-406
-251
-230
-266
-199
-197
-43
-37
-138
-132
-186
-147
-73
90
329
333
230
77
-47
-13
90
258
379
380
301
213
212
284
317
371
381
241
114
53
74
98
1
-99
-182
-212
-208
-321
-383
-406
-464
-432
-433
-465
-568
-699
-828
-875
-923
-910
-916
-1038
-1069
-1093
-922
-648
-689
-403
90
388
437
-161
-64
511
848
819
53
-97
144
341
968
1128
810
18
-685
105
1135
1415
739
-343
-385
-32
381
970
1105
855
147
-391
-11
426
539
364
126
159
-16
-115
147
374
435
108
-219
-316
-382
-141
201
301
12
-597
-845
-678
-447
-295
-306
-369
-544
-707
-520
-179
3
-48
-192
-192
-180
-261
-275
-153
43
100
15
-36
-60
-86
-56
45
176
225
193
158
186
265
368
464
479
371
200
107
40
-66
-190
-238
-177
-175
-305
-478
-541
-487
-424
-400
-444
-464
-427
-389
-397
-486
-686
-842
-896
-847
-794
-710
-696
-522
33
446
578
286
328
842
1134
981
311
-13
242
501
964
1148
890
378
-104
378
1025
987
322
-488
-400
149
577
954
881
560
85
-231
36
264
359
338
245
216
23
-40
249
476
464
188
-106
-217
-265
-108
105
181
17
-314
-419
-300
-262
-341
-446
-536
-598
-589
-431
-201
-84
-113
-191
-211
-132
-88
-40
-32
-99
-100
-53
27
19
-42
-82
-168
-148
23
138
160
84
20
124
262
298
142
118
193
108
30
59
-84
-193
-112
-409
-618
-549
-509
-587
-451
-323
-610
-663
-523
-661
-607
-484
-603
-623
-439
-268
-471
-359
80
288
417
238
111
416
771
836
444
159
236
438
840
1128
997
495
12
172
769
1057
713
73
-206
-34
266
563
683
515
124
-258
-206
160
344
262
121
54
0
-36
78
248
266
116
-92
-158
-106
-24
46
71
-64
-283
-482
-498
-375
-310
-285
-295
-285
-324
-356
-225
-84
-114
-235
-305
-240
-161
-110
-45
33
106
68
3
14
43
34
-8
16
82
112
123
97
69
32
-4
24
90
148
140
88
71
46
14
-34
-147
-264
-326
-292
-236
-251
-328
-425
-472
-481
-468
-446
-483
-529
-614
-595
-512
-454
-473
-365
-5
355
474
376
392
565
690
585
425
382
442
470
615
826
805
494
165
288
621
690
427
109
75
218
330
460
515
382
51
-208
-106
109
197
96
-7
-19
-82
-164
-166
-51
4
-71
-149
-185
-192
-219
-247
-196
-189
-292
-428
-475
-417
-366
-379
-373
-341
-403
-428
-402
-270
-144
-124
-158
-178
-119
-72
-57
-11
42
52
14
2
56
101
116
123
168
233
238
171
113
115
135
148
148
130
106
62
12
-57
-116
-165
-226
-266
-320
-340
-325
-314
-322
-376
-397
-401
-416
-395
-376
-380
-395
-424
-433
-426
-431
-442
-373
-227
-69
51
96
94
88
151
270
411
520
544
571
690
857
981
1011
947
783
625
568
616
741
858
907
850
752
636
533
494
502
525
514
496
442
357
278
250
256
210
135
44
-25
-45
-75
-90
-115
-171
-257
-404
-484
-466
-382
-321
-346
-383
-434
-478
-499
-508
-484
-470
-499
-507
-446
-347
-301
-357
-413
-400
-328
-248
-209
-192
-194
-202
-164
-128
-125
-170
-256
-282
-244
-162
-91
-89
-105
-130
-138
-125
-132
-152
-195
-224
-239
-267
-289
-296
-307
-334
-363
-413
-460
-500
-526
-512
-473
-439
-450
-434
-393
-307
-155
1
154
206
155
65
29
111
244
358
410
409
433
526
688
839
865
747
596
539
599
707
818
906
900
808
681
571
516
471
446
448
469
481
402
337
309
276
254
223
211
160
93
38
31
53
7
-58
-151
-252
-327
-365
-319
-266
-257
-306
-385
-409
-437
-441
-408
-374
-314
-282
-253
-228
-237
-262
-305
-316
-324
-312
-267
-236
-208
-190
-191
-181
-167
-177
-186
-167
-131
-122
-138
-153
-157
-160
-168
-182
-209
-248
-284
-300
-291
-263
-245
-237
-224
-227
-267
-320
-352
-365
-360
-339
-307
-277
-282
-309
-337
-332
-266
-143
6
140
198
204
193
196
279
360
407
430
433
471
550
656
751
762
696
597
533
533
569
640
714
758
738
674
576
478
420
404
425
461
463
407
341
290
243
200
190
157
94
25
-28
-26
-12
-36
-115
-197
-259
-311
-334
-325
-322
-345
-370
-389
-378
-360
-351
-351
-348
-340
-347
-368
-373
-353
-330
-305
-291
-283
-280
-257
-220
-194
-187
-197
-201
-193
-192
-194
-185
-176
-165
-175
-162
-135
-129
-138
-175
-199
-214
-243
-263
-271
-251
-244
-257
-257
-244
-225
-227
-243
-253
-254
-238
-223
-212
-209
-219
-222
-215
-167
-79
35
128
179
194
189
180
178
217
288
356
403
422
455
510
552
578
580
562
522
484
477
511
569
603
592
543
469
393
339
344
376
389
377
337
290
250
220
218
226
205
149
86
47
33
29
27
14
-4
-62
-150
-208
-247
-248
-235
-222
-216
-234
-257
-278
-254
-225
-228
-258
-299
-293
-247
-205
-172
-189
-224
-252
-268
-254
-249
-244
-242
-236
-220
-215
-216
-221
-236
-243
-233
-227
-239
-260
-278
-278
-273
-288
-321
-336
-339
-339
-321
-310
-298
-312
-347
-352
-332
-305
-285
-269
-255
-243
-222
-203
-179
-154
-135
-88
-11
84
156
191
212
222
248
291
347
424
469
475
476
497
540
584
618
624
590
549
525
549
600
626
622
598
553
495
443
413
406
390
373
362
346
325
292
255
226
197
162
122
94
76
52
40
32
17
-19
-79
-143
-181
-184
-159
-129
-120
-150
-209
-261
-278
-273
-257
-251
-248
-246
-242
-220
-219
-227
-242
-258
-249
-238
-232
-225
-219
-215
-216
-219
-231
-257
-281
-297
-300
-296
-289
-289
-302
-309
-320
-327
-325
-325
-324
-335
-347
-353
-349
-337
-348
-359
-360
-353
-342
-340
-330
-308
-277
-252
-240
-215
-189
-151
-99
-22
71
130
142
135
133
156
217
305
371
390
390
400
434
492
539
562
555
523
511
528
576
612
613
588
551
511
469
441
438
452
460
439
404
363
320
285
264
256
238
199
145
98
74
59
46
21
-18
-63
-99
-115
-124
-123
-124
-141
-171
-208
-222
-204
-187
-179
-183
-191
-204
-229
-243
-241
-226
-220
-217
-215
-214
-214
-215
-216
-210
-204
-211
-207
-202
-208
-212
-212
-211
-205
-207
-231
-265
-284
-287
-276
-265
-272
-288
-310
-315
-308
-297
-286
-278
-278
-274
-264
-260
-252
-249
-243
-226
-203
-177
-150
-126
-87
-45
3
46
73
102
125
163
202
248
291
322
349
360
372
401
436
465
482
492
503
495
486
491
505
524
534
523
495
456
423
409
418
422
388
332
285
264
256
238
209
163
113
75
53
49
28
-2
-30
-57
-74
-103
-141
-165
-176
-174
-175
-177
-189
-204
-220
-228
-221
-217
-225
-230
-221
-201
-189
-187
-187
-191
-192
-197
-205
-205
-203
-198
-196
-187
-180
-187
-192
-190
-192
-201
-212
-213
-203
-192
-188
-199
-207
-218
-233
-245
-250
-246
-250
-257
-252
-244
-231
-230
-232
-221
-209
-196
-180
-161
-141
-120
-94
-76
-65
-56
-43
-15
18
55
91
124
153
177
205
225
241
254
275
309
344
365
368
375
376
376
389
407
408
388
372
378
392
398
379
359
340
323
294
261
248
236
211
181
147
116
85
56
36
24
-2
-35
-61
-79
-91
-110
-129
-149
-172
-192
-208
-214
-217
-224
-232
-239
-240
-248
-256
-250
-238
-227
-224
-222
-212
-202
-192
-184
-175
-164
-160
-149
-134
-119
-109
-114
-119
-120
-113
-99
-82
-62
-49
-53
-54
-52
-47
-44
-51
-55
-63
-66
-62
-50
-40
-47
-61
-71
-67
-52
-43
-36
-33
-37
-35
-24
-3
7
13
20
30
48
64
80
94
104
109
111
115
125
147
174
192
205
211
211
221
231
234
232
228
224
215
210
214
212
205
196
188
182
172
160
148
136
125
115
102
85
64
48
35
30
17
-3
-19
-29
-36
-45
-51
-59
-66
-73
-81
-85
-83
-87
-90
-98
-103
-106
-108
-103
-101
-96
-102
-110
-110
-105
-98
-92
-93
-91
-86
-80
-74
-74
-73
-77
-73
-65
-60
-59
-63
-65
-60
-48
-39
-41
-47
-53
-54
-42
-28
-23
-29
-37
-38
-36
-31
-31
-37
-45
-50
-46
-40
-32
-31
-34
-34
-29
-19
-18
-15
-12
-9
-5
-3
1
3
10
16
20
24
28
28
30
33
37
41
44
45
41
44
50
58
63
61
57
51
47
45
48
52
53
47
44
47
48
51
49
46
42
41
44
44
42
38
36
37
34
29
21
21
27
29
24
19
17
21
25
30
29
27
24
16
19
29
29
21
9
2
3
7
8
3
1
-1
0
-2
-1
1
0
-5
-10
-11
-9
-13
-19
-23
-25
-28
-33
-37
-38
-44
-49
-50
-49
-48
-51
-55
-59
-58
-60
-58
-56
-53
-55
-62
-60
-57
-54
-55
-59
-58
-56
-54
-45
-33
-25
-25
-24
-22
-18
-15
-11
-6
2
8
10
12
16
21
23
25
27
31
30
32
31
33
35
34
35
38
41
37
36
40
40
38
34
31
30
32
32
31
32
31
29
29
30
27
23
19
15
17
15
9
7
7
10
10
7
3
-1
0
-1
-3
-2
-1
1
3
3
0
1
2
1
-2
-2
1
-2
-8
-9
-6
-2
-2
-3
0
3
0
-3
-3
-1
-4
-11
-13
-13
-13
-12
-10
-10
-13
-18
-25
-26
-24
-24
-24
-21
-17
-15
-19
-19
-20
-19
-16
-17
-16
-13
-7
-1
-3
-5
-9
-11
-10
-6
0
7
9
9
9
13
15
14
11
9
11
11
11
8
8
10
11
12
12
12
12
11
11
15
16
14
9
5
4
7
12
14
11
8
5
5
7
7
5
2
1
3
6
10
8
5
3
1
1
3
1
1
3
5
7
6
4
3
3
0
-2
-1
0
1
0
4
4
2
1
-2
-3
-5
-5
-2
1
3
0
-3
-3
-1
-3
-4
-2
-3
-5
-5
-5
-3
-7
-10
-12
-10
-11
-12
-10
-7
-4
-10
-12
-12
-10
-7
-8
-5
-3
-4
-8
-13
-12
-8
-8
-6
-4
-4
-5
-7
-6
-5
0
1
2
1
2
4
5
10
14
15
14
10
9
10
11
12
12
13
14
14
11
9
9
10
10
9
5
3
3
0
0
0
-1
-2
-5
-5
-6
-2
-3
-5
-5
-6
-5
-6
-7
-8
-7
-7
-5
-6
-7
-7
-9
-8
-6
-5
-5
-4
0
0
-1
-1
-2
-4
-4
-4
-2
-2
-4
-6
-8
-7
-6
-9
-8
-6
-4
-3
-6
-6
-8
-9
-9
-7
-7
-4
-4
-3
-4
-5
-5
-5
-5
-4
-3
-2
2
1
0
0
1
1
1
1
1
3
5
7
6
5
5
5
5
6
8
9
8
6
5
5
6
5
4
3
5
5
7
7
7
9
8
7
6
6
7
5
4
3
2
1
-2
-1
0
0
0
-1
-1
-1
-2
-3
-5
-4
-2
-3
-2
-2
0
0
-3
-3
-3
-3
-4
-7
-5
-3
-2
-3
-4
-2
-3
-5
-7
-4
-2
-1
0
1
3
4
5
3
4
3
5
6
4
3
3
1
0
1
1
2
2
1
2
4
5
3
0
-1
-1
0
0
2
2
2
2
0
2
2
2
1
1
4
3
3
3
4
5
4
2
1
3
3
3
5
5
5
5
3
4
3
3
2
2
1
2
2
3
2
1
0
-2
-1
-2
-3
-4
-2
-2
-2
-2
-2
-2
-4
-7
-7
-5
-3
-5
-5
-5
-4
-3
-3
-3
-4
-5
-6
-8
-6
-6
-5
-5
-7
-7
-5
-4
-5
-4
-3
-3
-3
-4
-4
-1
1
1
0
0
0
0
0
0
1
2
1
1
2
2
3
2
2
2
2
1
1
0
0
0
0
1
2
3
2
3
3
3
2
-1
0
1
0
1
2
2
1
0
0
1
0
0
1
1
1
3
3
2
1
1
2
2
3
3
1
3
2
4
4
5
6
6
6
5
3
2
4
5
3
2
1
1
-1
0
0
-2
-3
-5
-4
-4
-4
-3
-1
-3
-2
-3
-4
-4
-4
-3
-3
-4
-3
-4
-4
-3
-3
-4
-3
-2
0
0
-2
-3
-2
0
0
0
0
0
0
0
1
0
-1
-2
-2
-2
-1
-1
1
-1
-2
-3
-5
-5
-4
-4
-4
-5
-6
-7
-8
-8
-10
-8
-8
-7
-8
-8
-7
-6
-6
-5
-4
-4
-3
-2
-1
-1
0
-1
-1
-2
-3
-2
-2
0
1
1
2
3
3
3
4
5
6
7
7
9
9
9
10
10
8
6
7
8
8
9
9
11
11
11
10
10
9
11
13
13
13
11
11
10
11
11
11
8
6
5
5
5
5
4
1
0
0
-1
0
0
1
0
-1
0
-1
0
0
0
-1
-1
-1
-2
-2
-1
-3
-3
-3
-3
-1
-1
-1
0
-1
-2
-4
-3
-2
-2
-4
-6
-6
-6
-5
-3
-4
-5
-7
-7
-6
-7
-8
-7
-8
-8
-7
-5
-6
-6
-8
-7
-8
-7
-7
-5
-5
-5
-5
-6
-6
-5
-4
-4
-4
-4
-4
-4
-4
-4
-4
-4
-3
-3
-1
1
1
1
3
3
2
2
3
3
4
3
3
4
5
4
5
6
6
6
7
7
7
6
5
4
5
4
3
3
3
1
0
2
1
2
0
-1
0
-1
0
0
1
1
1
0
0
-1
-1
-2
-1
-2
-2
0
1
1
0
0
0
1
0
-1
0
1
1
0
0
-2
-2
-3
-4
-3
-2
-2
-3
-3
-6
-8
-7
-7
-6
-4
-3
-2
-2
-2
-2
-2
-1
-1
-2
-1
-1
-1
0
1
1
1
-2
-1
0
-1
2
3
4
4
3
2
2
1
2
4
3
4
4
4
4
3
3
4
4
4
3
3
4
3
4
4
3
2
2
2
1
2
1
2
1
2
2
1
2
1
1
1
1
0
0
-1
-1
-2
-2
-3
-4
-4
-4
-4
-4
-4
-3
-4
-2
-2
-2
-1
-1
-1
-1
1
1
1
1
1
2
2
1
0
1
2
1
1
0
1
2
1
3
3
3
2
2
3
3
3
2
2
2
2
0
0
1
0
1
0
0
0
-1
-1
-2
-3
-3
-3
-2
-3
-4
-5
-3
-3
-4
-4
-3
-3
-2
-2
-2
-2
-4
-2
-3
-3
-1
-1
0
2
2
2
2
2
2
4
4
5
6
6
7
6
4
3
2
1
1
3
2
2
1
2
2
2
1
0
-1
-2
-1
-3
-2
-3
-4
-3
-3
-2
-3
-2
-1
-1
-2
-2
-1
-1
1
0
1
1
1
1
2
2
2
2
2
1
0
1
1
2
1
0
-1
0
0
-2
-3
-4
-4
-3
-4
-3
-5
-5
-4
-5
-5
-4
-7
-6
-5
-4
-5
-4
-5
-4
-5
-4
-3
-1
-2
-1
-1
0
1
0
1
0
1
1
1
0
0
-2
-1
-1
-2
1
-1
0
0
0
-2
-1
-1
-2
-1
-2
-1
-1
-1
-1
-1
-1
-2
-1
-2
0
-1
0
0
-1
0
2
3
1
2
2
2
2
1
1
0
1
1
2
1
-1
-1
0
-1
-1
-1
-2
-3
-1
-1
-1
1
1
2
2
1
1
2
3
3
4
4
4
5
5
5
5
6
7
6
5
4
5
4
5
4
5
5
4
3
3
3
2
4
2
2
2
1
2
1
-1
0
-1
-1
-2
-2
-2
-3
-3
-3
-3
-2
-2
-1
-2
-1
-1
0
0
1
1
2
3
2
2
1
1
2
2
2
0
1
2
2
3
2
2
3
3
3
3
3
4
4
4
5
4
6
5
3
4
3
3
3
3
2
3
3
3
3
2
2
1
1
0
0
1
0
-1
-2
-2
-3
-4
-5
-4
-3
-2
-2
-2
-1
-1
-2
-2
0
-1
-1
-1
-2
-2
-3
-3
-3
-3
-3
-5
-5
-6
-4
-5
-6
-6
-7
-7
-7
-8
-8
-7
-7
-8
-6
-8
-8
-10
-10
-9
-9
-9
-8
-7
-7
-6
-6
-5
-5
-5
-5
-4
-4
-3
-3
-2
-3
-2
-1
-1
1
1
1
0
1
2
2
3
3
2
3
4
5
6
6
6
5
6
7
8
8
7
8
6
7
8
8
9
7
8
8
9
8
7
7
7
6
5
5
4
4
5
3
3
2
1
0
-2
-2
-2
-2
-3
-5
-3
-3
-5
-6
-5
-4
-4
-3
-4
-3
-3
-3
-3
-4
-3
-3
-3
-3
-2
-3
-3
-4
-4
-3
-5
-4
-4
-4
-3
-3
-2
-3
-3
-3
-3
-3
-3
-4
-3
-4
-3
-4
-3
-4
-4
-4
-5
-4
-4
-3
-2
-2
-1
0
1
1
1
1
0
0
0
1
2
3
5
6
5
5
7
9
8
8
7
7
7
7
7
9
9
9
10
9
9
8
7
7
8
8
8
9
7
6
5
5
6
6
4
3
3
4
2
1
1
-1
0
-1
1
2
1
1
2
1
1
1
1
0
1
0
1
1
0
-2
-1
-1
-1
-2
-3
-3
-3
-3
-3
-2
-2
-2
-4
-4
-4
-4
-3
-3
-3
-3
-3
-4
-5
-5
-4
-5
-5
-5
-4
-3
-4
-3
-3
-5
-4
-5
-6
-6
-6
-6
-5
-5
-6
-5
-6
-5
-6
-5
-5
-5
-5
-3
-4
-3
-3
-3
-4
-5
-3
-3
-5
-4
-2
-3
-3
-2
0
0
-1
-2
-1
1
1
1
0
-1
0
-1
-1
0
1
0
0
0
-2
-1
-2
-2
-1
-1
-1
-1
-1
0
1
1
0
0
-1
0
1
3
3
5
4
3
3
3
3
4
5
4
5
4
6
6
7
7
8
8
8
8
10
8
8
8
9
9
9
9
8
7
7
6
6
6
5
3
4
4
3
2
1
2
0
1
0
0
0
0
0
-1
0
0
-1
-1
-3
-3
-3
-3
-4
-5
-4
-5
-4
-5
-5
-5
-5
-4
-4
-3
-4
-3
-3
-3
-2
-3
-1
-2
-2
-4
-4
-5
-3
-4
-5
-4
-4
-4
-3
-4
-4
-3
-3
-2
-4
-3
-2
-1
0
1
1
0
0
0
0
1
2
1
3
3
1
1
1
1
1
1
1
1
-1
-1
-1
0
-1
1
0
0
0
1
2
3
1
2
1
2
3
2
1
1
2
2
3
2
1
2
2
1
1
1
0
0
-2
-2
-4
-5
-5
-5
-6
-6
-6
-6
-6
-7
-6
-8
-6
-7
-7
-6
-6
-5
-6
-7
-7
-6
-6
-5
-4
-3
-3
-2
-1
-2
-1
-1
1
1
3
3
2
4
4
3
3
3
4
4
4
4
4
5
4
4
4
5
5
4
4
5
5
4
5
5
5
5
4
4
5
5
5
4
6
6
5
5
3
5
4
5
6
5
5
4
4
4
3
4
3
3
3
3
3
1
1
0
0
0
0
1
0
0
-1
-1
-1
-1
-1
0
1
1
2
1
0
-1
-1
-3
-1
0
0
0
0
-1
-1
-1
-1
-1
-3
-5
-4
-5
-4
-3
-3
-3
-5
-5
-4
-3
-4
-4
-4
-4
-4
-7
-5
-6
-5
-5
-5
-4
-5
-5
-5
-5
-5
-4
-3
-4
-3
-2
-2
-3
-1
-1
-2
-1
0
0
0
2
1
1
2
2
3
0
2
2
2
0
0
0
0
-1
-1
-1
-1
-1
-3
-3
-3
-4
-4
-4
-4
-3
-3
-2
-2
-1
0
1
2
2
2
2
2
3
3
3
4
3
3
3
2
3
4
4
4
5
4
4
3
3
3
3
4
4
2
2
3
1
1
2
2
3
1
1
2
2
4
3
3
3
3
2
2
2
1
0
2
0
0
0
0
1
-1
1
1
1
-1
-1
-1
-1
0
-1
0
0
0
-1
-1
-1
-2
-3
-3
-2
-3
-2
-1
-1
-2
-2
-3
-1
-2
0
-1
-1
-1
-1
0
-2
-2
-2
-3
-2
-2
-1
-1
-1
-1
1
0
1
1
0
-1
1
1
0
0
-1
-1
-3
-1
-2
-1
0
0
1
1
2
1
1
1
3
2
3
4
4
4
5
7
6
5
7
6
5
7
6
5
5
6
6
6
5
5
4
4
3
3
3
3
1
0
0
0
-2
-2
-2
-2
-3
-3
-4
-4
-3
-4
-3
-3
-4
-4
-3
-3
-3
-3
-4
-3
-3
-4
-4
-3
-3
-3
-5
-4
-3
-3
-2
-2
-1
-1
-1
0
0
0
0
0
0
0
0
0
0
1
1
-1
1
0
1
1
1
0
0
-1
-1
-1
0
-1
1
0
0
0
0
-2
-3
-1
-2
-1
-2
-1
-2
-2
-2
-4
-3
-5
-4
-2
-4
-3
-3
-3
-2
-2
-1
-2
-2
-2
-1
0
1
1
2
2
2
2
2
1
2
2
3
2
2
3
2
0
1
1
0
0
-1
-1
-1
-3
-2
-3
-3
-4
-5
-5
-5
-4
-4
-4
-4
-4
-4
-3
-1
-1
1
2
2
2
4
4
2
4
5
7
6
8
8
8
8
7
7
7
7
8
7
8
7
6
7
7
6
6
5
5
4
4
4
4
5
5
5
5
6
5
4
5
5
4
5
3
3
2
2
2
3
1
1
1
1
1
0
0
0
0
1
0
0
1
0
-2
-2
-2
-3
-3
-1
-1
-3
-5
-4
-5
-6
-5
-6
-5
-5
-5
-4
-4
-4
-5
-5
-5
-3
-3
-3
-2
-3
-2
-2
-3
-3
-1
-2
-2
-1
-3
-1
-2
-1
-3
-1
-2
-2
-2
-2
-2
-3
-1
-4
-3
-3
-3
-3
-3
-3
-4
-3
-3
-4
-3
-4
-3
-2
-3
-1
0
0
0
0
-1
0
-1
0
0
0
-1
0
-1
-1
-1
-1
-1
-1
0
1
0
-1
0
0
0
0
0
1
0
-1
-2
-3
-2
-4
-5
-4
-4
-4
-4
-4
-2
-3
-2
-3
-3
-3
-1
-1
0
1
1
1
2
3
2
3
2
3
4
4
3
4
2
4
2
3
4
4
4
3
4
4
5
4
4
3
3
2
2
2
1
0
0
2
1
2
2
3
2
3
3
3
3
3
3
5
5
5
6
6
7
6
6
5
7
6
7
9
8
7
8
6
6
5
6
5
3
4
4
3
1
1
0
-1
-2
-1
-2
-2
-1
0
-1
-1
-2
-1
-2
-2
-3
-3
-2
-3
-4
-3
-3
-4
-4
-5
-4
-2
-2
-2
-2
-1
-2
-3
-3
-3
-3
-3
-3
-3
-4
-4
-6
-5
-5
-5
-5
-4
-5
-4
-3
-3
-3
-4
-5
-3
-4
-4
-4
-3
-3
-3
-2
-3
-3
-4
-4
-5
-3
-3
-4
-3
-4
-3
-4
-3
-3
-4
-5
-4
-3
-3
-3
-3
-4
-3
-4
-5
-3
-3
-3
-3
-3
-3
-2
-3
-3
-4
-4
-5
-5
-3
-5
-5
-4
-4
-3
-3
-2
-2
0
2
2
3
2
2
4
4
6
5
5
5
5
6
7
6
6
6
4
7
7
6
7
7
7
7
6
6
6
6
6
7
6
6
7
7
7
6
6
7
6
6
6
7
8
8
9
7
8
8
7
7
6
6
8
7
7
7
7
8
8
7
6
7
6
6
6
5
5
5
4
3
4
1
1
-1
-2
-3
-3
-5
-6
-6
-8
-7
-8
-6
-8
-7
-7
-7
-8
-8
-9
-9
-10
-10
-9
-9
-9
-9
-8
-8
-8
-7
-7
-7
-7
-7
-7
-6
-6
-6
-4
-4
-5
-3
-3
-2
-3
-3
-3
-3
-3
-3
-3
-3
-1
-1
-1
-1
-2
-3
-3
-3
-5
-5
-5
-5
-4
-3
-2
-1
-1
-1
-1
-1
-2
-1
-2
-2
-1
0
0
1
1
0
0
1
0
0
1
1
0
0
1
1
0
-1
-1
-3
-2
-3
-5
-4
-4
-4
-3
-3
-3
-4
-4
-3
-4
-5
-5
-4
-5
-3
-2
-1
-1
-1
0
0
1
1
2
1
3
3
4
4
2
2
2
1
2
1
3
3
2
2
1
2
1
1
0
1
0
-1
-1
0
-1
1
1
2
3
4
3
4
5
5
7
7
7
7
8
9
9
9
10
9
7
8
8
8
9
10
11
11
12
11
11
11
10
9
9
9
7
7
7
6
4
4
3
2
2
3
2
2
1
1
0
0
1
0
0
-1
0
0
-2
-4
-3
-3
-3
-3
-2
-3
-2
-1
-2
-3
-5
-5
-6
-8
-9
-8
-8
-7
-7
-6
-7
-7
-6
-8
-9
-9
-9
-10
-9
-10
-10
-9
-9
-7
-6
-4
-4
-4
-3
-1
-2
-2
-2
0
1
1
2
3
3
4
4
5
4
3
4
4
4
5
5
5
6
7
6
5
5
4
4
2
2
0
1
0
-2
0
0
-1
0
-1
0
0
-1
-2
-3
-3
-3
-4
-3
-3
-2
-2
-4
-2
-3
-3
-2
-2
0
-1
-1
-2
-1
-1
-2
-3
-2
-3
-3
-4
-5
-6
-4
-5
-5
-5
-6
-7
-6
-6
-5
-2
-2
-2
0
0
1
1
1
1
1
2
2
2
1
2
4
4
4
4
6
7
7
8
8
7
8
8
8
7
6
6
5
5
4
4
4
4
4
5
5
4
4
4
4
3
4
3
2
2
1
0
0
-1
-1
0
0
0
0
0
1
0
1
0
1
2
2
3
2
2
2
2
2
1
0
-1
-1
-2
-1
-1
-2
-1
0
-1
-1
-2
-2
-3
-4
-3
-5
-5
-7
-8
-9
-10
-10
-9
-10
-8
-8
-8
-6
-5
-4
-3
-3
-2
-4
-2
-2
-3
-3
-3
-1
-1
-1
-1
-1
-2
-2
-2
-2
-2
-1
0
1
3
1
3
1
0
-2
-2
-2
-3
-3
-2
-3
-2
-1
-2
0
0
0
0
0
0
-1
-1
-1
-1
-2
-1
-1
-1
1
1
2
1
2
2
2
3
3
4
3
5
6
5
6
6
5
4
4
3
3
2
4
5
5
5
6
5
6
5
4
2
1
1
2
1
1
2
3
3
4
6
6
7
7
8
7
8
8
6
7
8
8
7
6
7
7
5
5
5
5
6
5
6
6
4
5
3
3
2
2
1
1
1
1
0
0
1
0
2
0
0
1
-1
-2
-2
-2
-2
-4
-3
-4
-3
-3
