2.363283e+062 -3.785167e+058 -9.947389e+058 -1.771244e+059 -2.594313e+059 -3.342324e+059 -3.900228e+059 -4.146474e+059 -4.011677e+059 -3.440387e+059 -2.435616e+059 1.298492e+056 
2.363282e+062 -3.772447e+058 -1.000592e+059 -1.776578e+059 -2.602826e+059 -3.356507e+059 -3.914449e+059 -4.160589e+059 -4.028897e+059 -3.453447e+059 -2.445834e+059 1.307432e+056 
2.363283e+062 -3.769532e+058 -9.963367e+058 -1.772880e+059 -2.593365e+059 -3.342368e+059 -3.904952e+059 -4.149639e+059 -4.012580e+059 -3.446121e+059 -2.440003e+059 1.299673e+056 
2.363283e+062 -3.767035e+058 -9.977318e+058 -1.773519e+059 -2.594717e+059 -3.345856e+059 -3.905085e+059 -4.145997e+059 -4.009965e+059 -3.441753e+059 -2.436612e+059 1.299510e+056 
2.363283e+062 -3.772184e+058 -9.970763e+058 -1.772391e+059 -2.594096e+059 -3.341484e+059 -3.902129e+059 -4.141217e+059 -4.007461e+059 -3.435372e+059 -2.434975e+059 1.297619e+056 
2.363283e+062 -3.754106e+058 -9.926881e+058 -1.758574e+059 -2.582982e+059 -3.325206e+059 -3.879096e+059 -4.124990e+059 -3.989786e+059 -3.420622e+059 -2.422522e+059 1.284683e+056 
2.363284e+062 -3.783537e+058 -9.986930e+058 -1.769334e+059 -2.600408e+059 -3.344134e+059 -3.899805e+059 -4.148264e+059 -4.009214e+059 -3.442322e+059 -2.436258e+059 1.300026e+056 
2.363060e+062 -3.043310e+057 -7.693731e+058 -1.714327e+059 -1.737173e+059 -2.598194e+059 -3.979606e+059 -3.618856e+059 -3.241169e+059 -3.349604e+059 -2.326436e+059 8.318471e+055 
2.360678e+062 2.697454e+059 2.357452e+059 7.789030e+058 3.858567e+059 5.840554e+059 -2.313923e+059 2.552449e+059 2.469005e+059 -1.271356e+059 -2.716052e+058 -3.158317e+055 
2.344714e+062 2.561836e+060 1.625815e+060 1.348249e+060 6.434261e+060 4.496882e+060 5.707940e+059 5.209119e+060 4.105001e+060 8.629541e+059 1.597451e+060 2.077671e+058 
2.181032e+062 2.758046e+061 2.152689e+061 4.202352e+060 6.162029e+061 6.950044e+061 1.184752e+061 4.263195e+061 6.500157e+061 2.589154e+061 1.149650e+061 1.887051e+060 
2.099631e+062 3.963986e+061 3.136423e+061 9.252428e+060 8.759975e+061 9.718146e+061 3.205430e+061 7.102654e+061 9.082577e+061 4.344610e+061 2.858424e+061 5.579184e+060 
1.895061e+062 6.950545e+061 5.768638e+061 1.290381e+061 1.608420e+062 2.079669e+062 8.068263e+061 1.386021e+062 2.228157e+062 1.317163e+062 7.472958e+061 2.345848e+061 
2.294966e+062 9.203889e+060 6.790591e+060 5.257662e+060 2.368072e+061 1.814016e+061 4.530603e+060 2.002481e+061 1.686664e+061 5.870236e+060 6.104925e+060 3.188760e+059 
2.310153e+062 5.677074e+060 7.055203e+060 5.656274e+060 1.481988e+061 1.564190e+061 5.854081e+060 1.366156e+061 9.351460e+060 7.659508e+060 4.568414e+060 1.837840e+059 
2.346439e+062 1.695104e+060 2.385597e+060 2.624839e+060 5.572729e+060 3.959749e+060 3.362220e+059 2.849622e+060 3.880159e+060 2.029985e+060 1.490619e+060 1.666029e+058 
2.356672e+062 6.681524e+059 8.157441e+059 8.086386e+059 1.725679e+060 1.246676e+060 7.941275e+058 7.419666e+059 1.046923e+060 4.621181e+059 2.870190e+059 1.320439e+057 
2.350684e+062 -2.295954e+060 -5.912970e+060 -1.032632e+061 -1.476243e+061 -1.975095e+061 -2.321842e+061 -2.271426e+061 -2.003375e+061 -1.623765e+061 -1.081547e+061 4.056008e+059 
2.343562e+062 -3.315845e+060 -9.440780e+060 -1.683514e+061 -2.291438e+061 -3.006968e+061 -3.570692e+061 -3.466728e+061 -3.070922e+061 -2.515356e+061 -1.643561e+061 9.782055e+059 
2.343003e+062 -3.741515e+060 -9.912913e+060 -1.719981e+061 -2.401046e+061 -3.166470e+061 -3.729230e+061 -3.682781e+061 -3.268905e+061 -2.621431e+061 -1.701269e+061 1.084479e+060 
2.342285e+062 -3.527554e+060 -9.889566e+060 -1.757469e+061 -2.440951e+061 -3.211822e+061 -3.777993e+061 -3.646538e+061 -3.242702e+061 -2.646071e+061 -1.732868e+061 1.094057e+060 
2.343816e+062 -3.178124e+060 -9.706026e+060 -1.752109e+061 -2.334844e+061 -3.035505e+061 -3.587462e+061 -3.458674e+061 -3.086267e+061 -2.562600e+061 -1.667908e+061 1.000549e+060 
2.346427e+062 -2.491901e+060 -8.073385e+060 -1.458702e+061 -1.895404e+061 -2.504463e+061 -2.999827e+061 -2.867349e+061 -2.569783e+061 -2.170043e+061 -1.402739e+061 6.825370e+059 
2.353173e+062 -2.884517e+060 -7.569825e+060 -1.313079e+061 -1.846445e+061 -2.300491e+061 -2.582080e+061 -2.584925e+061 -2.351346e+061 -1.890165e+061 -1.233467e+061 5.750796e+059 
2.358788e+062 -1.360948e+060 -3.563954e+060 -6.235727e+060 -8.945238e+060 -1.132211e+061 -1.292869e+061 -1.332356e+061 -1.248889e+061 -1.036442e+061 -7.048387e+060 1.436956e+059 
2.359691e+062 -1.147244e+060 -2.993808e+060 -5.261052e+060 -7.597977e+060 -9.664532e+060 -1.107864e+061 -1.151969e+061 -1.087582e+061 -9.106388e+060 -6.271637e+060 1.056083e+059 
2.360728e+062 -7.874584e+059 -2.044125e+060 -3.569875e+060 -5.117111e+060 -6.445022e+060 -7.309920e+060 -7.520520e+060 -7.008735e+060 -5.778798e+060 -3.913781e+060 4.599797e+058 
2.362483e+062 -2.373040e+059 -6.182441e+059 -1.084213e+060 -1.563072e+060 -1.981772e+060 -2.266090e+060 -2.356860e+060 -2.223600e+060 -1.857173e+060 -1.276673e+060 4.412127e+057 
2.363142e+062 -6.389743e+058 -1.670687e+059 -2.945398e+059 -4.278027e+059 -5.451976e+059 -6.293104e+059 -6.584015e+059 -6.272490e+059 -5.293230e+059 -3.678256e+059 3.380354e+056 
2.363147e+062 -8.260513e+058 -2.159787e+059 -3.798766e+059 -5.490547e+059 -6.971161e+059 -8.008342e+059 -8.364856e+059 -7.919984e+059 -6.654898e+059 -4.601081e+059 5.499219e+056 
2.363034e+062 -1.169655e+059 -3.054625e+059 -5.381635e+059 -7.813633e+059 -9.970111e+059 -1.148638e+060 -1.207119e+060 -1.150913e+060 -9.724722e+059 -6.775800e+059 1.133391e+057 
2.363102e+062 -8.469313e+058 -2.222466e+059 -3.931685e+059 -5.720592e+059 -7.320243e+059 -8.475107e+059 -8.935810e+059 -8.563736e+059 -7.277506e+059 -5.095641e+059 6.153240e+056 
2.363214e+062 -6.256592e+058 -1.643218e+059 -2.906384e+059 -4.237907e+059 -5.434244e+059 -6.302677e+059 -6.668648e+059 -6.407904e+059 -5.461343e+059 -3.839778e+059 3.405598e+056 
2.363161e+062 -7.595482e+058 -1.995642e+059 -3.518690e+059 -5.136523e+059 -6.579142e+059 -7.620842e+059 -8.054726e+059 -7.720699e+059 -6.569082e+059 -4.607257e+059 4.977199e+056 
2.363200e+062 -5.427716e+058 -1.425522e+059 -2.524077e+059 -3.693618e+059 -4.744756e+059 -5.510854e+059 -5.833337e+059 -5.615301e+059 -4.794280e+059 -3.376836e+059 2.595914e+056 
2.363269e+062 -3.977981e+058 -1.046208e+059 -1.863287e+059 -2.729655e+059 -3.512152e+059 -4.097221e+059 -4.349895e+059 -4.201588e+059 -3.599369e+059 -2.548335e+059 1.431252e+056 
2.363285e+062 -3.790908e+058 -1.005187e+059 -1.780452e+059 -2.608997e+059 -3.361886e+059 -3.910633e+059 -4.157538e+059 -4.025003e+059 -3.447254e+059 -2.442239e+059 1.309701e+056 
