8.914915e-002   1.000000e-030   5.282882e-002   8.128640e-003   4.000000e-002   7.929860e-003   2.383275e-002   9.000000e-003   5.018663e-002   2.776039e-002   2.352942e-003   5.000000e-003   3.992621e-002   4.443682e-002   1.000000e-030   1.772968e-002   6.964774e-002   1.519236e-002   8.600000e-031   1.202338e-002   6.986274e-002   6.666666e-003   4.878384e-002   8.268566e-003   1.726857e-002   5.844005e-002   9.800000e-031   1.000000e-030   1.897880e-001   1.000000e-030   6.079622e-002   2.500000e-002   

1.655169e-002   9.800000e-031   3.464232e-002   1.183205e-001   1.200000e-031   6.291063e-003   1.154559e-001   1.167613e-002   4.000000e-031   7.265279e-003   9.640335e-002   1.176526e-002   1.743318e-002   6.400000e-031   9.800000e-031   1.552341e-001   2.502867e-002   3.784737e-002   8.688819e-003   3.800000e-031   7.914250e-002   2.138530e-003   2.201157e-002   2.930909e-002   3.120548e-002   3.913023e-002   8.600000e-031   9.800000e-031   3.103121e-002   1.000000e-030   8.689196e-002   1.653577e-002   

4.000000e-003   8.695652e-004   1.056896e-003   2.847570e-004   3.981295e-001   4.266468e-002   8.484848e-003   1.137969e-002   7.473276e-002   3.238326e-002   6.000000e-031   2.472564e-002   7.498341e-002   2.439867e-002   1.739130e-003   6.400000e-031   2.433049e-002   1.869488e-002   3.399532e-002   9.871441e-002   7.400000e-031   9.800000e-031   6.225251e-002   2.664478e-002   5.426555e-003   1.256954e-002   5.142312e-003   4.000000e-003   5.896402e-003   2.500000e-003   8.600000e-031   9.400000e-031   

6.000000e-031   9.800000e-031   2.733976e-003   5.800000e-031   1.887093e-002   2.153464e-001   5.800000e-031   8.200000e-031   4.335972e-002   1.910129e-002   6.400000e-031   2.587848e-003   1.598405e-001   7.643771e-002   1.000000e-030   4.200000e-031   1.677584e-002   8.331489e-003   6.666763e-002   8.848105e-002   5.400000e-031   9.600000e-031   1.681839e-001   5.273546e-002   6.400000e-031   7.000000e-031   6.054630e-002   1.000000e-030   2.200000e-031   9.800000e-031   4.200000e-031   9.200000e-031   

4.601668e-002   1.000000e-030   5.045712e-002   5.060231e-002   3.396847e-002   1.351068e-002   6.619243e-002   2.053910e-002   4.843159e-002   4.408775e-002   3.279950e-002   3.046285e-002   8.859959e-003   9.721442e-003   1.000000e-030   7.629480e-002   3.151671e-002   4.984603e-002   5.810922e-003   1.405465e-002   5.603421e-002   1.987480e-003   3.302955e-002   1.819224e-002   3.382220e-002   2.240116e-002   1.666667e-003   1.000000e-030   1.141153e-001   9.800000e-031   7.822954e-002   7.348622e-003   

