44
41
40
40
41
35
24
23
25
24
18
8
0
-3
-6
-10
-15
-22
-26
-25
-30
-37
-43
-44
-43
-43
-46
-43
-41
-39
-36
-37
-35
-31
-28
-23
-20
-18
-18
-10
-4
-4
-1
2
4
9
12
12
12
12
16
20
22
22
22
22
20
19
18
14
10
10
9
6
2
1
-1
-6
-9
-13
-13
-13
-14
-17
-22
-21
-18
-15
-18
-23
-22
-14
-7
-4
-7
-3
-1
3
10
14
14
11
11
17
21
22
21
17
19
23
27
25
21
19
20
24
23
18
10
9
11
12
9
6
0
-4
-7
-8
-10
-17
-21
-23
-23
-23
-26
-27
-25
-24
-22
-21
-23
-24
-22
-21
-19
-18
-15
-13
-13
-12
-10
-7
-5
-3
3
2
-2
0
5
9
9
9
8
11
15
17
20
19
15
15
14
14
16
12
8
6
4
3
3
4
1
-4
-5
-4
-3
1
-2
-6
-5
-5
-4
-2
0
-1
-2
-1
2
3
2
1
2
2
5
6
4
5
7
6
8
6
5
7
8
9
8
7
8
10
9
5
2
7
6
1
-3
-3
-2
0
-4
-6
-3
-3
-5
-8
-10
-13
-14
-15
-12
-6
-5
-7
-9
-11
-7
-5
-7
-10
-10
-9
-6
-2
0
-1
-1
3
5
3
-2
-1
0
-1
1
2
1
1
1
0
2
4
5
3
1
3
4
3
2
2
4
7
5
4
1
4
5
4
2
2
5
5
5
6
4
2
3
3
4
5
6
3
1
3
4
6
5
6
4
4
11
11
8
5
6
11
9
7
8
6
5
5
5
3
2
2
2
1
1
1
-2
-7
-11
-11
-8
-9
-9
-9
-12
-13
-12
-14
-13
-12
-15
-14
-13
-13
-9
-10
-10
-10
-9
-9
-5
-6
-8
-7
-6
-6
-2
0
-2
-1
3
3
3
5
5
5
3
2
2
2
2
-1
-1
1
2
3
3
3
3
1
0
3
4
4
3
2
3
4
7
7
4
7
8
10
9
4
2
7
8
10
9
4
4
2
4
6
6
9
5
1
4
5
5
5
3
1
0
3
3
5
5
1
-1
0
0
-2
-4
-7
-5
-3
-3
-4
-10
-16
-14
-13
-13
-12
-9
-8
-6
-7
-13
-15
-15
-13
-12
-14
-13
-13
-12
-10
-9
-9
-11
-10
-6
-7
-6
-4
-4
-1
3
5
1
-2
-2
-4
-2
3
4
0
-3
-1
-1
-4
-1
1
-1
0
3
4
4
1
1
0
3
8
10
8
6
5
7
12
14
13
9
10
11
13
11
8
7
8
12
12
10
7
6
5
3
4
3
3
2
1
2
2
4
4
3
2
6
6
3
0
3
8
8
2
0
-1
0
2
1
-4
-7
-5
-6
-9
-9
-9
-8
-7
-5
-5
-4
-1
-2
-5
-4
-2
1
1
2
-1
-2
0
0
-1
0
3
2
1
2
4
4
1
3
3
3
6
4
1
-1
-2
0
-2
-1
-2
-5
-1
-1
-3
-3
-5
-5
-4
-4
-3
-2
2
0
0
-2
-3
1
1
2
3
4
4
2
3
2
1
1
2
3
4
3
0
-1
1
5
2
-4
-5
-4
-2
1
1
-3
-5
-1
1
-1
2
-2
-3
0
-1
-2
-4
-5
-4
-3
-2
-4
-6
-6
-8
-10
-8
-7
-7
-8
-8
-9
-9
-8
-11
-10
-8
-3
3
3
-2
-4
-1
3
5
3
3
1
4
9
9
6
4
3
5
6
4
2
2
3
5
5
1
1
3
1
4
3
2
4
4
3
5
3
2
2
3
3
3
6
3
4
2
3
5
2
3
5
5
5
8
7
8
9
7
6
5
6
6
6
8
6
7
6
3
2
0
2
1
-1
-2
-4
-2
3
2
-2
-7
-9
-7
-6
-6
-9
-12
-11
-11
-14
-10
-10
-7
-6
-7
-8
-9
-10
-10
-11
-12
-9
-6
-4
-5
-6
-6
-3
-2
0
-3
-6
-1
2
3
2
1
1
0
2
3
3
1
2
0
-5
-5
-3
-1
-1
-3
-4
-2
0
1
3
4
-1
0
1
2
0
0
0
0
-1
-1
1
3
2
-1
-3
-4
1
4
4
3
2
0
2
4
3
3
2
6
9
5
4
3
4
4
6
5
4
6
4
0
-2
-3
1
1
1
-1
-2
-2
-4
-1
-3
-4
-2
0
-1
-2
-3
-6
-4
-4
-3
1
2
-2
-6
-7
-5
-2
1
1
-2
-1
-2
0
3
3
4
6
7
7
6
2
1
5
5
6
6
4
6
8
5
2
2
2
1
1
1
2
2
0
-2
-4
0
3
2
-2
-5
-4
-1
-5
-6
-6
-5
-2
2
2
0
1
3
4
7
6
3
2
2
2
-2
0
0
0
4
2
1
1
2
2
6
7
6
3
0
2
3
0
1
0
2
6
2
-5
-8
-9
-3
0
-1
-4
-4
-1
-3
-4
-4
-5
-5
-5
-4
2
1
0
-1
-5
-6
-3
2
1
-4
-4
-4
1
5
5
2
-2
-2
4
8
10
8
3
0
-1
0
3
2
1
1
0
1
-2
-3
-4
-6
-7
-7
-5
-6
-8
-6
-8
-6
-5
-3
0
-4
-4
-4
-1
0
0
2
2
1
-1
2
5
4
7
7
4
2
1
4
5
2
5
4
3
2
0
0
3
5
2
-3
-5
-2
3
8
7
3
-1
-3
1
1
-1
0
0
2
3
1
-1
-2
-2
-3
-6
-3
0
-1
2
-1
-6
-4
-2
0
-3
-5
0
1
1
3
2
0
-1
-3
1
5
7
9
6
2
3
6
6
6
3
0
3
3
4
1
-2
-3
-2
0
-3
-6
-5
-6
-4
-4
-3
0
-1
-1
-1
-1
2
1
1
-1
-1
1
0
-3
-3
-4
-4
-1
-2
-3
-6
-9
-7
-9
-5
-3
-1
1
-4
-4
-4
-4
-2
-1
1
-2
-4
-4
-6
-4
-5
-5
-7
-7
-6
-6
-4
-3
-1
-1
-3
-5
-7
-8
-6
-3
-2
-3
-5
-3
-1
1
2
1
-1
2
3
4
4
3
2
1
1
5
7
8
4
2
2
2
3
1
0
4
6
6
6
5
6
7
8
11
11
13
10
7
5
5
5
8
9
7
8
5
6
6
3
0
1
1
2
1
-2
1
0
-3
-2
0
-1
-2
-5
-7
-4
-3
-1
1
-2
-3
-2
3
2
0
0
-1
1
2
1
2
3
3
3
1
-3
-2
-2
-4
-3
-2
-1
-2
-3
-4
-3
-1
-4
-3
-5
-7
-2
-2
-3
-4
-5
-4
-2
0
-1
-3
0
1
0
-2
-3
-1
0
1
1
-2
-2
0
3
3
4
1
-2
-3
-1
2
6
7
3
1
1
2
3
-4
-7
-7
-6
-3
-4
-4
-3
-2
1
3
-2
-5
-5
0
2
0
-3
-1
-1
2
2
0
2
0
-2
0
-4
-3
1
-3
-3
-2
0
1
2
4
5
1
-1
-2
-1
1
1
1
0
1
1
0
-1
0
-1
-1
2
4
2
1
0
2
2
0
-2
-3
-1
2
-2
-6
-6
-5
-2
-4
-4
-3
-2
-4
-4
-4
-1
0
0
0
-3
-3
1
1
1
2
3
2
-1
-3
0
3
2
4
3
2
-1
-1
1
0
-2
-3
-3
-2
0
1
-1
-1
1
1
0
-2
-2
-2
0
0
0
3
0
0
0
0
2
0
1
2
1
1
3
0
-2
1
4
1
0
-1
-1
2
1
1
1
3
2
2
-1
-3
-1
2
2
2
-1
0
-2
0
1
-1
0
-1
0
2
3
2
0
0
3
4
6
3
0
-2
2
4
-1
-3
-1
3
8
7
3
-2
-1
3
8
9
8
6
4
4
3
6
6
5
3
3
4
5
8
5
3
2
3
4
0
-2
-5
-5
-6
-6
-6
-4
-3
-5
-5
-5
-3
-1
0
0
0
4
4
2
4
5
3
1
0
-1
0
1
3
1
1
1
2
5
5
1
1
1
1
-1
-3
-1
-1
-4
-6
-7
-4
-2
-1
-2
-3
-3
-2
0
1
0
0
-1
-1
-3
-4
0
4
4
0
-1
0
3
6
4
3
4
6
4
2
0
0
2
1
-1
-1
-1
-1
0
1
2
-1
1
1
4
4
0
-2
0
3
5
6
0
-2
-1
-2
-4
-2
-3
-4
-4
-4
-4
-2
-2
-6
-8
-6
-3
1
0
-4
-5
0
0
4
3
-2
0
2
0
1
1
1
-2
-4
-3
0
-1
-1
-4
-3
1
1
0
-3
-3
-3
-6
-5
-5
-7
-6
-7
-8
-3
0
-1
-4
-5
-4
-2
0
2
-1
-1
1
4
6
5
4
1
1
0
0
1
3
4
3
2
2
3
1
-2
0
3
2
2
3
3
3
2
3
3
6
6
4
1
0
2
7
6
3
4
2
-3
-1
-2
-5
-5
-5
-2
-1
-3
-6
-6
-5
-2
-1
0
0
-3
1
1
3
0
-1
1
3
2
-2
-1
-1
-1
1
5
2
1
0
-5
-2
1
0
0
0
-1
1
4
3
0
-3
-6
-2
0
-1
-2
2
2
1
0
-4
-4
-3
-5
-6
-6
-4
-3
0
-1
-4
-1
4
7
6
4
2
0
4
8
7
6
4
4
3
-1
-1
-1
-1
0
0
0
0
2
3
-1
-2
2
3
1
0
0
1
1
1
1
0
0
-1
0
0
0
0
2
1
1
2
2
1
-1
-1
1
4
3
3
2
1
2
4
1
1
6
7
7
6
2
1
0
1
5
4
-1
-4
-4
0
1
-2
-3
-5
-6
-1
-1
-1
-1
-5
-5
-5
-5
-6
-7
-4
0
-2
-1
-3
-5
-5
-1
3
3
2
-1
-3
-3
-1
2
3
2
0
1
0
1
3
2
-1
-4
-3
-5
-4
-1
-3
-4
-2
-4
-6
-6
-4
-4
-3
-3
-3
-3
-1
1
1
1
-3
-5
-2
0
3
3
-1
2
2
-1
-1
0
-2
-2
2
3
2
2
3
2
1
0
-2
-6
-7
-7
-4
-5
-9
-8
-7
-7
-3
-3
-5
-4
-1
2
1
-1
-1
2
3
3
1
-1
-1
0
2
2
3
2
1
0
0
3
3
1
0
-3
-3
-5
-3
2
4
2
2
6
8
7
4
1
3
7
6
6
5
5
5
5
0
0
2
-2
0
2
1
0
-1
2
-2
-4
-5
-3
-1
-1
0
0
-1
-1
1
-1
0
1
-1
1
-1
-1
-2
-4
-3
-2
0
0
0
2
2
-1
-2
1
1
1
1
0
-3
-6
-6
-7
-7
-5
-3
-4
-6
-6
-7
-5
-4
-3
0
-2
-2
1
1
0
1
0
-2
2
4
4
3
1
1
4
3
4
3
2
4
4
1
0
3
7
6
7
6
3
3
4
6
10
10
10
13
13
11
9
7
4
5
4
3
0
-1
1
1
2
-1
-3
0
-2
-4
-4
-5
-8
-10
-7
-7
-6
-6
-6
-7
-5
-5
-5
-3
0
1
1
2
3
2
1
2
1
-1
1
2
1
3
2
0
1
-1
-2
-2
-1
-2
-3
-3
-4
-4
-1
1
4
4
2
3
1
0
3
3
5
3
1
0
2
3
5
4
3
2
0
1
2
0
0
2
2
2
-1
-1
3
1
3
-1
-1
1
2
0
0
-1
-3
-2
1
3
4
4
2
-1
-2
-2
0
0
1
0
0
2
2
1
1
1
1
2
4
0
1
1
-3
-5
-4
-5
-6
-4
-7
-6
-6
-5
-2
-3
-3
-3
-3
0
0
-3
-5
-2
1
1
-1
-1
-3
-2
-2
-4
-2
-3
-4
-2
-4
-4
-4
-5
-3
0
1
1
0
2
1
1
3
6
7
4
3
2
3
3
0
1
3
-2
-1
-2
0
3
4
3
1
1
-1
-3
-3
0
1
1
0
-1
-1
-3
-4
-3
-3
-3
-2
-2
0
1
0
1
1
-1
-2
-3
1
6
7
3
1
-2
0
3
3
1
-3
-2
-2
-2
0
-1
-4
-6
-3
-1
0
2
0
0
0
0
1
-2
-1
-1
2
1
-4
-4
-3
-3
0
0
1
0
-2
-8
-8
-4
0
0
-4
-6
-5
-5
-1
0
-4
-5
-4
1
5
3
5
5
2
3
6
9
7
3
2
2
5
6
6
1
-3
-5
-4
0
2
-1
-2
0
2
2
-1
-5
-3
0
0
0
-1
-3
0
3
1
1
1
1
0
0
0
-5
-4
0
0
3
3
2
4
3
3
6
5
1
1
2
-1
-1
-3
-4
-1
1
2
-1
-5
-5
-1
0
0
-1
-4
-5
2
7
3
1
1
0
0
4
7
6
4
4
7
9
6
4
1
-1
3
7
5
2
-1
-1
4
7
8
6
3
0
1
2
2
4
5
3
-1
1
4
2
2
0
0
4
4
5
3
1
2
4
7
8
3
1
0
1
2
4
4
1
1
0
0
-2
0
0
-1
-2
-2
-3
-3
-4
-4
-5
-5
-6
-4
-2
-3
-2
-1
-1
-1
-1
0
-1
-2
-4
-5
-4
0
-1
-5
-7
-7
-6
-2
-1
-2
-4
-5
-2
1
3
3
6
4
1
0
3
6
7
8
6
7
8
5
3
4
4
0
-2
-2
-7
-5
-2
-4
-4
-1
0
-2
-3
-4
-3
-7
-11
-10
-8
-5
-4
-5
-8
-8
-5
-5
-5
-6
-6
-5
-2
-1
-3
-1
1
2
0
-4
-7
-5
-1
3
1
-1
-1
0
1
2
1
3
2
3
5
3
4
3
0
-2
-1
-2
-2
-3
-3
-1
-2
-3
-3
-5
-6
-4
-3
-3
-5
-6
-5
-5
-6
-7
-6
-4
-3
-3
1
3
5
5
6
7
6
8
9
10
10
11
12
7
5
8
7
6
10
10
7
7
2
0
-3
-3
-3
-1
2
4
3
2
0
-1
-2
-1
2
2
-2
-2
0
0
-1
-4
-4
-3
-3
-2
-3
-5
-5
-2
1
2
1
-4
-5
-2
2
2
1
2
-1
0
6
9
6
4
3
2
3
4
2
2
0
-3
-5
-5
-1
2
4
0
-3
-5
-6
-3
-1
-2
-6
-8
-8
-7
-3
0
1
4
2
-1
1
1
1
1
1
4
4
4
4
7
9
5
3
4
2
1
6
7
8
10
9
8
7
8
5
3
3
2
-1
-3
-2
-4
-7
-5
-3
0
-2
-4
-5
-6
-4
-4
-4
-2
-2
-2
2
2
3
0
-3
-2
-1
3
6
6
5
-1
-1
2
-1
0
1
-2
-3
-1
-1
-4
-2
-2
0
1
-4
-6
-5
-5
-7
-5
-4
-4
-5
-6
-4
-3
-2
-4
-7
-6
-3
-2
-2
-3
-3
-4
1
4
1
1
2
-1
0
1
-1
0
3
-2
-2
2
1
3
3
2
4
5
4
1
0
2
4
3
1
-1
0
1
2
-1
-2
-2
-3
-5
-6
-4
-2
-4
-4
-6
-7
-3
-5
-7
-7
-7
-4
-2
-4
-4
-4
-3
-1
-2
-4
-4
-1
1
0
-1
1
2
-1
-1
0
1
1
0
0
-1
-4
-1
0
-3
-2
-4
-4
-7
-7
-2
-1
-2
-5
-6
-2
0
1
-5
-8
-7
-5
-2
-2
-5
-6
-4
-1
-3
-3
-2
-3
-2
-4
1
4
4
3
3
3
5
4
4
5
5
7
8
6
6
4
5
7
7
7
7
10
10
7
5
3
2
1
0
-2
-5
-6
-6
-2
0
-4
-4
-1
0
0
-4
-9
-5
-1
2
3
2
3
1
-2
-2
1
5
7
10
9
10
10
8
8
7
7
9
7
3
5
4
3
3
0
1
0
-4
-3
-4
-3
-5
-9
-11
-9
-6
-5
-5
-9
-11
-6
-4
-4
-4
-3
-2
2
0
-2
-1
1
4
6
3
4
7
9
5
3
8
10
9
8
8
4
2
5
3
4
6
9
8
1
0
5
3
1
4
1
0
3
7
8
6
2
0
-3
-3
0
-1
-2
-5
-2
-3
-3
1
-3
-4
-5
-3
0
0
2
4
3
1
-2
-4
-4
0
-1
0
3
3
5
4
0
0
0
2
2
0
-4
-5
-2
0
2
-1
-1
0
0
-2
-7
-4
-3
-4
-1
0
-1
-2
-3
-5
-3
-2
-5
-6
-5
-4
-4
-2
-3
-7
-3
-1
-2
-1
1
0
0
-1
0
2
1
-2
-1
0
1
6
7
2
2
2
4
3
0
-1
-3
-2
-1
0
-1
1
0
-1
1
1
2
3
4
7
5
5
5
0
-3
-5
-4
-3
-3
-5
-5
-6
-3
-1
-3
-3
-3
-2
-1
0
2
5
7
7
5
7
10
8
3
1
1
0
3
5
3
1
0
2
5
8
6
1
-1
0
2
5
3
4
3
2
2
5
5
5
6
5
9
9
8
8
3
4
2
3
6
4
1
1
-1
-2
0
1
3
4
4
4
2
1
-2
-2
-1
-2
-4
-8
-12
-14
-16
-15
-10
-7
-5
-3
-6
-9
-10
-11
-10
-7
-2
-1
-3
-7
-7
-7
-7
-6
-8
-11
-13
-10
-6
-5
-6
-9
-10
-9
-3
-2
-1
1
-1
1
-3
-2
-2
-1
2
3
5
1
-1
2
6
5
5
4
3
8
9
7
5
3
9
12
12
9
5
2
4
7
11
13
12
10
8
9
8
10
10
7
7
11
13
14
12
11
13
20
22
23
22
19
17
22
24
22
20
18
15
14
13
15
18
16
14
11
9
11
9
3
3
6
5
2
-5
-11
-15
-17
-15
-17
-25
-30
-36
-37
-38
-43
-51
-57
-59
-60
-63
-66
-67
-65
-67
-67
-63
-58
-55
-58
-58
-57
-51
-45
-41
-39
-37
-31
-21
-14
-13
-10
-8
-5
-2
2
7
14
20
20
19
22
24
28
31
33
32
34
35
32
36
39
43
43
41
41
42
48
54
56
56
58
62
69
65
64
68
73
81
84
86
87
87
90
94
98
99
99
98
94
94
89
87
90
91
88
84
77
65
56
51
42
36
26
16
8
-9
-25
-38
-52
-60
-73
-89
-103
-118
-127
-141
-157
-169
-178
-184
-194
-211
-225
-233
-234
-238
-245
-253
-253
-254
-252
-250
-249
-247
-240
-233
-227
-221
-215
-206
-195
-185
-178
-167
-154
-141
-129
-121
-106
-90
-75
-60
-48
-36
-21
-3
13
28
40
55
73
89
105
116
127
139
151
169
186
201
215
227
238
247
258
271
283
290
299
310
316
327
333
339
344
346
349
353
358
358
356
351
345
338
332
325
314
307
292
280
270
252
235
215
198
185
167
148
124
97
70
47
25
1
-24
-49
-75
-101
-122
-146
-172
-198
-222
-243
-260
-281
-306
-329
-348
-360
-368
-381
-393
-402
-416
-425
-432
-441
-447
-447
-449
-451
-456
-459
-457
-452
-445
-439
-436
-433
-423
-413
-396
-375
-357
-341
-332
-317
-303
-287
-264
-235
-197
-167
-146
-126
-108
-76
-37
7
43
76
104
129
162
195
235
281
319
356
386
409
433
465
502
535
563
588
611
628
640
649
659
669
680
686
684
676
667
658
651
641
622
597
572
546
517
484
446
409
370
329
292
253
201
146
95
46
4
-31
-69
-111
-161
-210
-250
-286
-319
-342
-364
-388
-411
-438
-460
-472
-478
-485
-492
-503
-515
-520
-521
-520
-516
-516
-518
-520
-524
-529
-534
-530
-523
-529
-539
-549
-560
-558
-555
-550
-548
-562
-580
-586
-581
-566
-543
-522
-518
-517
-512
-497
-462
-410
-348
-293
-253
-226
-190
-134
-55
48
143
219
276
330
384
448
536
639
732
804
848
866
875
912
973
1026
1057
1061
1037
999
969
963
965
945
903
835
751
683
636
596
551
492
417
335
260
201
158
117
76
22
-35
-84
-123
-133
-127
-128
-137
-163
-203
-227
-228
-209
-167
-129
-124
-142
-170
-176
-159
-128
-93
-70
-73
-89
-109
-129
-137
-130
-125
-138
-172
-223
-268
-300
-327
-355
-388
-420
-462
-507
-559
-615
-658
-684
-701
-723
-748
-776
-802
-820
-841
-851
-851
-845
-827
-807
-793
-773
-752
-728
-694
-648
-586
-515
-443
-384
-333
-273
-188
-81
30
143
239
304
367
430
516
628
742
852
916
936
947
966
1007
1064
1117
1142
1137
1112
1078
1045
1034
1033
1014
965
896
818
738
668
615
562
492
405
310
216
126
58
13
-35
-89
-151
-211
-249
-267
-275
-272
-267
-275
-300
-311
-299
-264
-214
-175
-153
-157
-176
-163
-122
-79
-33
-6
-6
-15
-23
-23
-7
16
37
34
13
-23
-66
-102
-128
-151
-188
-245
-306
-372
-435
-481
-513
-543
-586
-636
-679
-726
-753
-755
-758
-763
-776
-787
-798
-803
-786
-751
-728
-709
-695
-687
-666
-619
-554
-490
-433
-375
-332
-296
-229
-117
11
135
240
316
366
415
499
617
738
844
907
924
917
928
963
1014
1072
1101
1093
1059
1012
968
956
968
975
949
876
782
689
613
553
514
471
389
275
158
50
-40
-104
-148
-197
-256
-317
-364
-395
-414
-416
-402
-383
-366
-356
-341
-324
-296
-257
-219
-187
-164
-152
-141
-115
-82
-48
-23
-7
8
23
36
45
48
48
43
26
8
-17
-46
-85
-125
-168
-229
-295
-365
-433
-488
-531
-573
-624
-674
-716
-743
-762
-766
-771
-774
-771
-773
-767
-753
-733
-702
-675
-652
-638
-622
-597
-544
-475
-410
-363
-327
-274
-204
-107
8
126
240
329
390
440
496
579
689
802
898
941
928
904
902
937
996
1041
1060
1038
985
936
912
917
932
922
875
801
710
636
586
546
498
430
341
236
136
50
-27
-83
-132
-178
-229
-286
-329
-351
-344
-328
-325
-322
-327
-324
-301
-266
-223
-192
-178
-174
-160
-138
-111
-80
-54
-34
-26
-17
-3
16
41
64
79
69
47
28
7
-12
-25
-46
-89
-154
-231
-305
-374
-439
-489
-541
-593
-649
-701
-736
-755
-763
-766
-775
-790
-799
-799
-776
-740
-698
-660
-636
-640
-652
-638
-599
-537
-466
-406
-367
-343
-306
-227
-117
9
130
225
288
337
395
492
618
754
883
960
975
968
967
1005
1062
1112
1146
1133
1079
1032
1007
1004
1013
1005
956
870
782
710
657
608
562
515
438
334
228
122
40
-24
-93
-165
-237
-312
-363
-385
-400
-408
-423
-448
-470
-481
-464
-424
-373
-319
-281
-264
-250
-224
-187
-149
-108
-69
-39
-13
14
46
92
138
167
173
156
120
84
62
42
22
-8
-58
-116
-179
-252
-327
-394
-467
-541
-596
-637
-661
-677
-704
-732
-750
-766
-781
-789
-792
-774
-735
-692
-666
-655
-647
-635
-612
-570
-527
-487
-449
-423
-385
-323
-245
-150
-34
85
190
263
308
360
439
563
708
843
938
979
973
964
974
994
1022
1050
1051
1033
997
954
919
889
867
833
782
714
629
560
505
458
410
344
270
183
84
-9
-86
-168
-239
-288
-330
-359
-381
-401
-420
-440
-444
-442
-431
-399
-347
-276
-207
-156
-135
-120
-101
-73
-25
17
44
75
82
73
77
87
109
128
126
101
73
36
5
-16
-50
-80
-117
-165
-219
-287
-355
-415
-470
-528
-583
-630
-673
-705
-736
-752
-760
-762
-763
-783
-789
-778
-754
-716
-685
-675
-675
-680
-666
-624
-563
-500
-450
-414
-406
-392
-329
-224
-80
73
188
261
301
324
384
505
675
856
987
1036
1023
994
991
1019
1069
1112
1128
1104
1046
1004
989
996
1000
973
905
810
723
669
640
616
586
530
440
331
206
100
11
-74
-154
-231
-298
-340
-360
-365
-366
-381
-409
-434
-454
-435
-373
-294
-216
-158
-138
-140
-140
-130
-97
-55
-26
-14
-6
-6
-3
10
18
21
22
19
4
-18
-28
-30
-35
-44
-78
-133
-190
-253
-313
-376
-447
-512
-570
-629
-676
-714
-748
-786
-817
-829
-833
-840
-839
-837
-824
-794
-761
-727
-695
-666
-646
-613
-562
-513
-458
-416
-375
-341
-292
-191
-64
77
225
335
394
435
507
617
758
912
1035
1096
1111
1094
1071
1084
1124
1172
1182
1147
1085
1019
976
965
955
926
874
783
689
613
560
529
488
432
346
232
122
23
-59
-126
-194
-261
-334
-405
-458
-489
-500
-498
-500
-508
-513
-510
-469
-399
-326
-253
-209
-205
-217
-202
-157
-91
-21
34
59
62
56
53
60
86
113
127
114
83
36
-10
-39
-61
-84
-122
-176
-265
-362
-445
-512
-556
-584
-622
-664
-711
-766
-815
-839
-834
-797
-754
-732
-727
-731
-728
-710
-678
-633
-588
-553
-512
-472
-424
-379
-346
-313
-289
-257
-192
-91
46
191
298
357
386
409
461
572
728
880
992
1040
1033
1009
1010
1048
1103
1144
1140
1088
1016
970
957
951
940
893
795
675
563
470
422
396
363
306
216
114
17
-63
-127
-185
-245
-299
-346
-380
-386
-368
-351
-353
-382
-429
-459
-451
-401
-326
-246
-172
-130
-126
-137
-138
-123
-78
-12
42
62
63
59
57
68
72
55
22
-17
-60
-94
-123
-155
-184
-224
-283
-361
-439
-508
-561
-591
-607
-617
-637
-681
-732
-764
-767
-739
-699
-677
-671
-679
-677
-653
-610
-555
-518
-505
-505
-501
-471
-404
-329
-264
-224
-219
-226
-210
-143
-21
132
270
370
417
437
488
588
732
893
1037
1104
1096
1063
1043
1067
1125
1187
1203
1149
1050
951
887
864
846
804
735
643
536
454
417
398
376
333
263
165
63
-8
-47
-68
-95
-141
-215
-307
-367
-382
-369
-334
-319
-346
-392
-417
-406
-361
-277
-191
-135
-102
-106
-124
-119
-83
-37
-3
18
25
25
11
-7
-19
-37
-67
-104
-145
-186
-217
-233
-243
-268
-303
-345
-403
-465
-507
-541
-565
-578
-605
-634
-678
-717
-726
-720
-702
-691
-700
-714
-721
-713
-681
-635
-591
-551
-528
-513
-471
-410
-343
-287
-258
-250
-223
-154
-47
98
258
391
460
481
475
483
563
712
876
1012
1073
1060
1008
956
933
945
971
978
946
903
867
840
831
809
758
683
615
564
532
522
523
505
454
374
267
160
86
44
14
-36
-118
-223
-323
-394
-424
-411
-377
-354
-364
-390
-406
-392
-335
-247
-161
-95
-60
-44
-36
-25
2
44
89
118
110
68
21
-1
1
6
5
-17
-65
-118
-157
-177
-183
-198
-241
-307
-371
-420
-461
-493
-510
-546
-605
-662
-711
-745
-761
-750
-736
-738
-742
-739
-718
-687
-654
-626
-608
-596
-582
-538
-464
-387
-302
-241
-223
-218
-208
-177
-97
32
171
299
378
398
415
453
537
664
808
930
995
999
975
970
994
1029
1051
1034
981
923
877
848
825
799
741
660
565
468
403
374
365
353
311
233
143
49
-42
-106
-155
-188
-214
-247
-282
-314
-333
-330
-309
-286
-281
-285
-288
-260
-188
-91
-8
53
68
42
12
-8
4
35
62
76
53
17
-26
-64
-85
-101
-130
-171
-217
-262
-293
-303
-284
-274
-298
-352
-427
-495
-552
-594
-620
-645
-667
-694
-736
-765
-775
-763
-746
-744
-734
-730
-722
-688
-638
-581
-525
-483
-473
-474
-463
-433
-384
-322
-262
-220
-191
-154
-85
20
156
312
438
522
579
633
730
881
1041
1190
1290
1322
1307
1252
1204
1176
1148
1098
1027
931
822
718
630
543
453
351
229
109
20
-38
-76
-101
-116
-139
-168
-205
-243
-265
-276
-272
-266
-265
-258
-254
-242
-205
-129
-50
4
33
38
38
75
169
296
396
465
497
468
429
404
386
370
346
288
205
121
49
-31
-116
-192
-280
-359
-446
-528
-582
-616
-646
-672
-696
-728
-752
-771
-789
-782
-772
-769
-772
-783
-780
-763
-721
-666
-607
-559
-530
-503
-482
-456
-415
-366
-330
-300
-276
-266
-247
-219
-207
-207
-216
-230
-247
-257
-225
-136
-10
127
238
312
358
429
552
717
924
1122
1254
1312
1320
1298
1288
1294
1290
1255
1172
1047
904
777
671
572
471
354
210
64
-55
-119
-134
-121
-93
-94
-133
-178
-239
-279
-274
-249
-210
-192
-217
-258
-276
-273
-233
-156
-89
-58
-33
-7
44
160
317
459
559
624
637
606
576
558
521
471
420
321
186
53
-72
-207
-338
-449
-572
-695
-780
-837
-868
-862
-834
-825
-827
-835
-840
-830
-809
-756
-720
-721
-731
-743
-747
-718
-651
-582
-545
-521
-508
-505
-464
-393
-324
-253
-183
-120
-75
-66
-73
-60
-36
-27
-40
-69
-122
-150
-113
-37
74
184
265
329
393
499
654
846
1051
1199
1285
1321
1336
1340
1322
1286
1211
1085
941
767
590
442
316
209
97
-22
-133
-211
-238
-210
-162
-98
-46
-31
-19
-23
-26
-23
-29
-67
-126
-191
-263
-324
-351
-356
-348
-326
-306
-279
-227
-131
0
164
335
480
582
649
677
678
677
672
644
568
439
268
82
-81
-217
-355
-486
-606
-722
-831
-901
-908
-899
-872
-815
-780
-768
-756
-731
-719
-724
-709
-699
-717
-736
-747
-758
-756
-724
-692
-663
-608
-521
-428
-332
-226
-115
-8
88
165
212
227
230
214
167
101
48
20
20
33
57
84
107
155
236
356
534
770
1006
1186
1308
1361
1354
1338
1323
1295
1239
1154
1009
805
606
433
275
140
-1
-156
-276
-339
-327
-280
-201
-101
-22
32
52
50
60
79
84
69
11
-50
-125
-210
-275
-312
-309
-302
-310
-294
-251
-162
-13
173
343
480
588
639
653
660
643
597
522
419
293
130
-21
-155
-308
-445
-564
-682
-783
-837
-848
-830
-777
-710
-678
-676
-675
-690
-711
-720
-721
-727
-750
-784
-820
-849
-864
-860
-844
-811
-741
-637
-533
-423
-303
-193
-92
7
91
131
157
168
164
141
98
44
-11
-38
-19
26
104
188
255
351
503
719
955
1172
1352
1456
1494
1501
1480
1441
1378
1271
1120
907
645
389
162
-3
-123
-245
-359
-454
-500
-494
-423
-299
-162
-23
70
112
131
116
94
82
38
-44
-127
-229
-332
-420
-466
-481
-477
-429
-377
-293
-160
12
213
407
591
736
830
881
866
824
760
647
512
356
204
25
-160
-312
-467
-594
-682
-753
-794
-800
-754
-680
-630
-582
-551
-539
-543
-558
-590
-649
-710
-759
-823
-880
-910
-922
-925
-919
-874
-804
-706
-562
-417
-280
-141
-10
90
154
223
279
280
261
217
143
65
11
8
46
109
191
256
308
380
525
726
952
1187
1374
1474
1496
1481
1444
1375
1295
1192
996
739
491
267
70
-85
-189
-288
-398
-464
-472
-440
-347
-203
-75
37
148
219
231
199
167
122
45
-33
-124
-253
-356
-426
-491
-519
-496
-436
-354
-247
-105
60
237
419
588
719
810
864
835
739
628
516
365
190
6
-205
-397
-545
-664
-776
-837
-858
-868
-845
-792
-713
-629
-558
-497
-481
-502
-524
-566
-631
-702
-756
-804
-863
-909
-942
-958
-946
-890
-806
-698
-557
-392
-243
-113
-7
93
177
256
300
267
202
143
72
-8
-31
-11
23
89
184
255
312
437
638
864
1118
1374
1542
1621
1645
1646
1592
1497
1393
1212
960
675
426
211
29
-112
-223
-334
-412
-442
-427
-392
-295
-139
-4
124
216
267
267
261
217
110
-16
-135
-254
-398
-487
-527
-569
-578
-527
-454
-360
-228
-25
173
321
494
676
790
874
967
965
844
700
545
324
88
-94
-253
-445
-601
-683
-788
-882
-855
-800
-780
-719
-617
-544
-505
-427
-369
-389
-425
-445
-525
-659
-758
-826
-929
-1001
-997
-994
-982
-894
-754
-626
-493
-319
-160
-67
50
191
268
306
322
282
182
89
22
-50
-108
-103
-69
-16
61
166
284
434
667
940
1178
1397
1585
1654
1646
1626
1586
1477
1322
1130
860
551
315
128
-66
-251
-387
-487
-560
-548
-473
-389
-277
-115
44
156
250
322
321
262
202
116
-17
-157
-277
-396
-502
-543
-546
-564
-547
-440
-270
-76
155
384
529
653
822
949
1017
1070
1054
902
668
448
212
-31
-218
-362
-542
-716
-796
-862
-930
-893
-793
-721
-640
-536
-461
-443
-403
-338
-328
-405
-491
-603
-771
-910
-981
-1052
-1121
-1128
-1107
-1085
-1007
-835
-632
-426
-221
-38
72
145
244
322
365
377
334
196
38
-87
-183
-223
-200
-139
-93
-52
28
166
356
628
956
1253
1459
1575
1617
1590
1552
1497
1384
1207
960
662
363
108
-85
-243
-363
-434
-482
-507
-463
-340
-183
-25
132
264
336
382
408
395
335
238
97
-97
-288
-455
-586
-673
-715
-718
-686
-605
-457
-251
-4
252
492
685
835
970
1066
1121
1120
1009
827
616
375
139
-81
-282
-488
-674
-822
-930
-970
-928
-833
-722
-611
-514
-453
-419
-360
-315
-328
-380
-452
-572
-719
-843
-941
-1051
-1129
-1159
-1180
-1153
-1055
-902
-716
-521
-319
-156
-54
47
156
255
321
344
304
160
-21
-153
-220
-230
-173
-87
-38
-7
54
206
451
752
1088
1375
1560
1647
1648
1621
1588
1513
1392
1200
935
618
297
25
-180
-332
-438
-513
-573
-583
-517
-364
-187
-15
131
247
326
366
398
386
326
205
32
-164
-350
-504
-589
-611
-601
-580
-543
-434
-264
-56
207
497
748
948
1117
1233
1258
1251
1228
1121
924
671
416
148
-122
-339
-547
-762
-894
-947
-991
-993
-910
-787
-673
-556
-447
-384
-361
-318
-309
-369
-467
-584
-719
-868
-975
-1061
-1153
-1197
-1183
-1149
-1075
-932
-754
-599
-425
-236
-86
35
165
268
301
276
216
97
-43
-140
-166
-122
-67
8
69
97
191
383
637
950
1276
1538
1649
1662
1664
1616
1547
1451
1296
1040
718
416
136
-133
-338
-478
-621
-714
-723
-664
-554
-387
-166
8
129
240
327
365
372
398
362
226
87
-66
-245
-402
-478
-508
-558
-549
-461
-351
-198
57
346
574
773
978
1108
1165
1235
1265
1174
1017
846
623
358
116
-103
-348
-589
-743
-849
-953
-973
-915
-854
-768
-648
-553
-496
-423
-343
-348
-420
-498
-618
-810
-955
-1018
-1108
-1220
-1264
-1306
-1359
-1326
-1193
-1032
-877
-663
-436
-285
-142
28
154
229
253
228
139
22
-9
45
115
187
264
284
283
385
606
856
1125
1427
1639
1714
1726
1735
1678
1551
1430
1261
962
628
335
53
-190
-376
-507
-660
-790
-828
-805
-704
-499
-257
-77
53
178
267
312
383
429
365
249
133
-32
-202
-291
-339
-395
-442
-420
-373
-309
-137
147
401
617
869
1043
1122
1216
1321
1352
1317
1246
1073
786
507
255
-12
-276
-465
-631
-843
-957
-970
-995
-940
-828
-764
-730
-670
-580
-533
-510
-473
-509
-646
-783
-907
-1068
-1207
-1251
-1305
-1380
-1354
-1285
-1226
-1100
-893
-676
-504
-305
-93
32
121
233
293
253
203
207
204
212
283
361
371
355
392
504
687
946
1246
1464
1562
1599
1596
1568
1531
1481
1361
1146
863
567
261
-19
-238
-423
-598
-727
-811
-868
-849
-729
-567
-394
-213
-59
38
106
182
237
270
271
210
67
-102
-198
-265
-335
-359
-363
-399
-398
-278
-76
146
397
668
868
989
1139
1263
1309
1353
1363
1236
1001
781
534
244
-18
-228
-487
-763
-911
-1007
-1104
-1098
-1014
-958
-913
-816
-735
-718
-661
-579
-595
-672
-727
-832
-1008
-1141
-1213
-1303
-1379
-1360
-1331
-1327
-1260
-1111
-970
-828
-611
-391
-244
-83
81
139
137
158
163
165
250
363
435
491
514
515
590
758
1000
1254
1456
1598
1639
1622
1643
1659
1583
1479
1330
1062
777
531
283
34
-170
-344
-514
-670
-741
-724
-681
-617
-471
-310
-206
-101
4
86
186
282
313
266
157
36
-51
-100
-134
-153
-210
-288
-307
-262
-138
55
270
461
634
791
946
1089
1179
1235
1245
1162
1045
906
683
430
206
-13
-272
-500
-656
-823
-971
-989
-934
-912
-869
-794
-771
-781
-711
-614
-595
-633
-663
-751
-913
-1022
-1097
-1222
-1322
-1335
-1330
-1338
-1286
-1181
-1116
-1031
-851
-664
-491
-276
-97
-7
53
114
133
168
306
455
553
624
658
647
689
866
1085
1286
1494
1613
1599
1547
1550
1554
1489
1444
1356
1113
832
612
386
138
-62
-223
-396
-571
-663
-690
-699
-636
-522
-435
-365
-265
-158
-64
47
134
149
119
61
-8
-65
-90
-112
-162
-212
-261
-296
-264
-142
34
213
396
566
691
809
977
1097
1159
1205
1167
1027
875
738
523
269
54
-156
-405
-626
-743
-848
-941
-939
-906
-905
-890
-816
-761
-742
-687
-628
-663
-732
-779
-879
-1017
-1097
-1164
-1268
-1343
-1375
-1384
-1381
-1306
-1192
-1121
-1034
-879
-707
-550
-373
-217
-143
-87
6
134
268
421
580
681
722
811
964
1114
1283
1484
1637
1686
1699
1716
1707
1657
1604
1525
1331
1085
871
639
399
203
34
-154
-356
-496
-590
-651
-635
-555
-484
-450
-398
-319
-252
-175
-74
-7
-2
-8
-23
-79
-141
-147
-149
-179
-204
-220
-225
-178
-44
132
304
465
600
725
846
974
1105
1195
1217
1156
1035
876
703
517
324
133
-90
-329
-522
-683
-816
-880
-887
-885
-866
-824
-803
-787
-750
-706
-674
-677
-702
-754
-845
-934
-1014
-1097
-1151
-1178
-1212
-1233
-1224
-1197
-1170
-1094
-959
-829
-705
-579
-455
-369
-291
-160
9
160
326
506
620
681
765
933
1132
1340
1566
1732
1767
1732
1724
1719
1677
1642
1582
1410
1161
941
721
506
322
147
-31
-209
-351
-454
-537
-555
-498
-443
-413
-361
-308
-293
-232
-141
-95
-83
-66
-73
-142
-196
-178
-167
-213
-230
-225
-246
-234
-135
-7
103
269
441
543
638
783
923
998
1068
1126
1080
954
861
730
499
310
167
-62
-326
-461
-575
-742
-803
-800
-864
-918
-894
-848
-849
-816
-729
-729
-781
-781
-810
-939
-1019
-1030
-1119
-1215
-1189
-1190
-1274
-1282
-1205
-1171
-1144
-1020
-877
-809
-721
-562
-472
-432
-271
-39
112
269
493
617
667
825
1050
1227
1437
1688
1782
1723
1694
1716
1676
1613
1594
1464
1171
921
739
508
312
203
59
-167
-337
-415
-503
-548
-470
-396
-401
-359
-303
-322
-311
-190
-80
-54
-24
-2
-75
-143
-125
-111
-153
-165
-142
-184
-209
-100
33
105
227
368
435
507
651
798
866
939
1007
954
833
754
636
455
311
187
-16
-217
-335
-451
-586
-651
-662
-715
-757
-729
-718
-754
-731
-670
-688
-718
-704
-761
-884
-963
-1013
-1110
-1179
-1181
-1212
-1266
-1264
-1232
-1246
-1227
-1116
-1024
-974
-856
-726
-654
-530
-279
-46
117
319
530
637
774
1040
1291
1481
1698
1880
1881
1789
1783
1798
1698
1618
1565
1357
1089
911
729
495
328
221
72
-122
-230
-289
-376
-411
-335
-287
-300
-262
-233
-257
-237
-179
-172
-197
-178
-149
-155
-142
-102
-134
-210
-210
-195
-213
-165
-30
69
146
268
368
398
470
629
728
762
832
864
786
713
669
567
415
308
190
-35
-230
-315
-420
-566
-613
-612
-680
-723
-696
-711
-769
-751
-684
-688
-723
-709
-733
-854
-931
-959
-1038
-1103
-1116
-1151
-1222
-1249
-1214
-1201
-1155
-1049
-984
-940
-852
-733
-607
-413
-145
95
277
438
577
718
920
1206
1465
1646
1774
1811
1748
1719
1744
1698
1609
1489
1305
1053
838
685
538
382
265
151
-15
-139
-166
-179
-181
-127
-99
-127
-147
-149
-135
-129
-115
-110
-185
-258
-284
-303
-302
-266
-236
-256
-262
-247
-225
-168
-65
53
144
227
313
353
391
501
592
628
667
673
619
537
469
409
312
212
127
17
-135
-253
-342
-449
-513
-545
-592
-614
-615
-633
-650
-664
-684
-696
-709
-725
-762
-833
-900
-955
-1007
-1057
-1084
-1103
-1139
-1161
-1154
-1130
-1104
-1050
-993
-956
-896
-805
-665
-469
-260
-51
105
215
354
581
848
1129
1407
1604
1704
1725
1716
1713
1701
1665
1605
1455
1229
1020
819
630
489
359
217
72
-60
-135
-157
-141
-76
-9
-3
-21
-32
-51
-44
-15
-17
-48
-107
-184
-241
-268
-252
-215
-200
-216
-244
-260
-242
-165
-39
79
180
264
302
319
369
437
489
534
550
509
423
336
258
170
91
16
-84
-222
-334
-410
-483
-521
-522
-533
-565
-577
-562
-542
-516
-481
-475
-517
-572
-611
-674
-732
-757
-790
-853
-934
-1004
-1068
-1137
-1148
-1119
-1106
-1075
-1037
-1011
-964
-862
-693
-506
-326
-155
1
125
293
554
831
1106
1385
1568
1639
1666
1695
1717
1716
1697
1626
1449
1231
1031
833
667
538
410
265
111
-17
-109
-129
-88
-22
50
107
148
123
88
111
128
133
146
121
41
-35
-68
-75
-84
-94
-78
-95
-143
-116
-31
63
177
286
343
352
354
377
420
456
467
443
355
238
122
0
-95
-158
-244
-357
-483
-603
-683
-719
-698
-658
-637
-622
-602
-587
-568
-502
-441
-425
-432
-443
-485
-560
-614
-651
-695
-748
-799
-864
-942
-973
-972
-970
-951
-917
-904
-882
-829
-739
-608
-454
-274
-113
-31
43
193
402
656
943
1171
1272
1307
1350
1414
1480
1521
1520
1429
1277
1128
966
791
632
497
350
201
66
-62
-161
-203
-158
-84
-25
37
82
97
131
198
252
276
288
274
231
180
149
126
86
57
33
-32
-79
-40
28
95
174
256
304
313
346
396
424
432
455
416
296
180
55
-72
-166
-236
-345
-522
-678
-769
-831
-831
-763
-736
-767
-771
-745
-717
-670
-579
-499
-508
-526
-516
-562
-631
-627
-615
-664
-703
-725
-784
-853
-839
-768
-747
-730
-679
-666
-685
-603
-433
-308
-182
-25
65
105
221
413
610
814
1002
1103
1093
1098
1195
1244
1248
1282
1213
1042
898
776
642
528
441
348
193
39
-49
-129
-183
-142
-76
-50
-13
44
81
133
227
319
352
367
383
347
304
302
295
251
229
214
152
94
102
149
172
190
243
270
275
331
403
416
417
417
342
233
140
39
-74
-188
-319
-473
-631
-756
-853
-947
-993
-993
-1020
-1041
-1001
-958
-918
-832
-738
-696
-683
-653
-628
-631
-604
-554
-555
-598
-624
-645
-686
-692
-659
-634
-622
-594
-568
-562
-518
-402
-263
-123
37
164
209
269
409
576
752
949
1098
1126
1086
1077
1100
1093
1119
1141
1054
914
783
655
523
425
364
294
191
87
4
-95
-156
-116
-72
-32
28
43
31
59
130
213
294
347
375
366
348
376
394
372
369
362
322
315
361
401
405
399
406
416
443
484
511
516
486
437
366
270
162
38
-81
-199
-321
-451
-602
-752
-872
-964
-1006
-1012
-1035
-1056
-1066
-1085
-1065
-1006
-951
-905
-883
-865
-839
-803
-747
-686
-660
-639
-609
-587
-556
-501
-450
-431
-409
-381
-362
-338
-289
-173
-54
49
161
227
233
294
441
594
762
913
989
980
935
950
991
1006
1028
1015
896
740
627
539
449
382
335
249
132
45
-26
-94
-132
-115
-84
-60
-24
-2
26
68
123
208
280
330
377
391
399
436
473
484
494
482
468
481
487
489
477
463
463
457
451
453
444
403
363
310
237
166
88
-8
-143
-278
-391
-514
-638
-728
-812
-917
-998
-1047
-1103
-1151
-1169
-1169
-1173
-1159
-1126
-1092
-1073
-1041
-969
-907
-840
-743
-662
-614
-563
-489
-426
-371
-305
-249
-225
-205
-185
-169
-143
-91
-8
81
149
204
239
275
360
481
618
752
849
883
893
909
927
942
964
954
873
762
642
529
442
369
301
200
88
0
-81
-136
-148
-138
-132
-108
-70
-37
7
66
124
168
230
301
340
345
361
382
402
440
500
514
488
485
487
486
506
526
515
490
466
440
387
325
280
211
101
-3
-95
-209
-336
-442
-528
-620
-690
-743
-820
-906
-969
-1012
-1048
-1063
-1068
-1085
-1111
-1122
-1118
-1112
-1080
-1025
-973
-919
-849
-769
-700
-637
-559
-468
-380
-294
-218
-151
-92
-46
-8
30
71
108
152
217
268
305
362
423
473
533
604
670
731
786
824
836
825
825
822
793
752
712
640
539
461
396
318
237
183
134
65
28
13
-8
-18
6
35
43
84
151
197
227
279
334
351
382
430
454
468
500
536
539
544
557
558
528
505
508
488
442
403
360
289
203
136
65
-30
-110
-187
-285
-374
-439
-498
-568
-628
-678
-733
-781
-811
-836
-886
-925
-951
-979
-986
-992
-1010
-1014
-1006
-987
-957
-917
-866
-803
-735
-652
-560
-476
-398
-320
-239
-158
-74
-6
41
75
106
133
166
193
212
233
256
267
288
328
359
404
444
473
508
542
568
589
615
645
657
641
604
572
524
472
450
418
365
313
269
218
163
137
133
127
118
124
135
130
154
201
237
268
309
343
349
362
400
438
472
498
515
499
481
488
487
471
449
411
341
263
191
123
43
-36
-118
-214
-301
-377
-455
-528
-582
-613
-658
-692
-699
-718
-732
-740
-749
-752
-766
-780
-807
-827
-837
-844
-829
-827
-814
-802
-787
-738
-689
-619
-531
-441
-373
-311
-222
-148
-64
20
99
149
172
213
224
224
221
228
221
207
207
188
170
168
196
208
221
263
302
315
333
383
432
474
509
533
537
517
513
510
483
461
435
396
350
302
262
221
197
189
182
180
183
197
214
240
281
321
343
369
405
428
443
442
433
426
406
384
358
327
282
235
187
134
87
41
3
-56
-113
-157
-201
-256
-288
-333
-373
-399
-436
-443
-484
-501
-524
-549
-552
-570
-548
-585
-585
-587
-591
-570
-584
-538
-562
-538
-512
-489
-438
-445
-377
-350
-290
-231
-203
-147
-123
-60
-23
9
44
80
112
129
162
161
161
134
135
133
127
121
103
102
65
74
73
79
107
110
146
159
201
235
260
305
335
371
382
394
392
382
384
383
380
359
334
301
270
246
246
241
232
244
254
278
291
321
351
370
412
417
421
402
386
386
357
337
277
218
152
72
13
-57
-97
-151
-201
-253
-312
-354
-408
-411
-417
-424
-425
-429
-430
-446
-442
-453
-433
-428
-396
-395
-406
-389
-411
-356
-361
-337
-312
-312
-244
-264
-220
-205
-196
-148
-156
-98
-87
-69
-59
-43
-14
-18
-1
-2
8
26
37
42
51
54
43
37
24
1
-9
-9
-4
0
-18
-17
-14
-5
2
23
70
81
117
158
184
220
238
263
292
299
299
304
313
307
296
282
259
224
186
158
137
133
124
117
134
128
137
154
172
225
233
246
257
271
289
267
266
221
205
159
108
54
-6
-48
-136
-148
-208
-224
-245
-298
-288
-320
-293
-293
-276
-256
-259
-245
-233
-215
-231
-199
-218
-194
-221
-240
-215
-246
-189
-241
-213
-215
-213
-152
-175
-108
-118
-76
-34
-9
18
-7
17
25
37
22
33
18
-4
4
-43
-28
-57
-74
-89
-106
-103
-113
-94
-114
-89
-103
-76
-62
-62
-16
-16
34
35
58
91
93
147
134
174
181
174
196
202
229
206
200
185
192
174
165
154
114
114
96
97
80
66
92
78
120
128
123
148
141
154
148
154
156
147
157
127
86
72
9
11
-36
-50
-59
-104
-107
-150
-133
-151
-137
-98
-122
-101
-106
-68
-29
-58
-17
-16
-11
12
-4
26
3
-14
9
-16
13
-8
-20
-20
-48
-15
-40
-40
-53
-39
-18
-18
15
-2
12
0
1
0
1
-3
-19
-14
-66
-59
-95
-106
-98
-127
-101
-164
-148
-153
-144
-98
-110
-67
-80
-81
-55
-61
-15
-10
-5
29
3
48
11
50
78
70
129
83
125
84
82
132
127
157
111
121
104
114
127
137
145
132
141
122
155
103
132
89
103
105
70
102
4
45
-49
-33
-40
-87
-67
-143
-122
-146
-107
-108
-108
-96
-141
-102
-80
-33
17
0
23
14
46
80
60
83
85
102
87
37
32
-5
-25
5
-21
-11
-73
-105
-84
-131
-96
-112
-67
-53
-82
-53
-85
-89
-72
-55
-44
-23
-66
-80
-103
-135
-71
-139
-102
-112
-142
-131
-167
-119
-152
-98
-61
-41
-45
-54
-61
-20
41
63
102
46
58
42
63
64
71
64
87
103
109
122
89
129
93
168
167
149
169
104
153
112
118
135
106
136
93
100
48
24
37
20
44
40
17
4
-40
-44
-48
-56
-40
-38
-73
-97
-81
-137
-65
-114
-75
-71
-119
0
-84
3
1
36
95
67
168
93
137
72
85
136
89
154
83
64
-5
-44
-21
-21
-15
-22
-82
-99
-81
-114
-59
-68
-69
-30
-101
-75
-116
-122
-91
-152
-70
-129
-164
-172
-228
-162
-187
-161
-153
-205
-188
-198
-174
-160
-108
-80
-103
-64
-77
-34
-1
18
85
67
83
101
74
127
97
118
142
114
160
159
112
121
77
59
143
90
179
115
78
136
19
118
30
95
72
55
70
26
39
-38
52
-66
-2
-64
-68
-50
-107
-25
-121
-9
-66
10
36
10
82
-10
92
94
141
162
120
146
128
162
170
142
132
112
101
98
60
46
63
61
100
71
55
48
-5
42
50
29
45
-35
-22
-74
-90
-56
-78
-44
-106
-88
-152
-151
-144
-169
-138
-183
-146
-188
-231
-191
-233
-211
-203
-210
-169
-205
-180
-176
-136
-94
-93
-37
-34
-7
-6
-3
66
85
134
150
150
181
151
194
168
143
161
156
196
154
157
91
92
109
54
114
12
61
19
-10
83
-35
40
-24
-22
12
-65
19
-13
12
20
3
20
-53
32
38
74
68
19
49
-12
49
63
68
63
65
50
16
-9
16
48
71
78
34
5
-71
-1
-4
21
16
-71
3
-32
5
-16
-70
-8
-49
20
14
-7
-44
-78
4
-13
35
-47
-78
-118
-78
-63
-112
-83
-167
-91
-184
-111
-132
-226
-155
-235
-96
-174
-179
-167
-226
-151
-139
-60
-92
-98
-81
-54
17
43
96
95
110
145
162
150
180
178
177
234
204
222
111
129
150
138
170
87
93
31
43
55
24
-9
-30
-32
3
-27
-1
-56
-29
-32
0
29
-41
66
-47
71
-14
31
81
6
124
5
65
-6
13
72
63
120
63
76
-5
39
0
-3
32
-75
-24
-140
-52
-114
-88
-58
-155
-88
-207
-99
-104
-89
-58
-130
-67
-107
-84
-42
-59
-15
-45
-3
-60
-76
-53
6
-8
8
-37
-91
-84
-86
50
-59
7
-75
-61
-51
-82
20
-61
19
-3
50
6
-9
47
-11
109
91
123
112
54
140
65
148
85
107
119
82
167
76
99
36
93
43
92
100
53
75
-5
28
-65
-57
24
-17
5
27
-74
15
-70
20
45
-33
67
-46
25
23
20
34
-8
25
1
10
0
21
-22
-24
27
-13
65
7
91
29
67
104
60
146
81
149
-12
57
23
20
44
-30
3
-144
-141
-172
-167
-153
-87
-91
-107
-127
-177
-142
-194
-38
12
-12
29
-55
21
-75
18
35
-43
65
-14
48
-37
-20
-58
-121
-36
-27
14
-44
21
-29
-51
3
47
76
34
89
26
9
21
82
79
58
113
73
-28
-13
-22
-20
50
47
144
-102
-60
-80
-85
50
-48
136
-31
-47
3
-66
19
-46
60
-18
-45
3
-85
-22
-89
-13
-43
-55
-37
-19
7
-40
9
-29
-11
-36
80
100
121
95
46
26
-2
18
105
123
116
63
-21
1
-99
0
-25
20
-54
-55
-26
-86
-32
-105
3
-84
-68
6
-73
-2
-63
55
1
-49
27
-21
3
-30
59
75
55
34
35
28
-18
59
1
0
-11
-57
31
-71
7
-36
-46
-4
-11
46
13
105
43
90
50
97
117
71
125
48
57
24
8
27
16
54
28
18
-43
-27
-12
2
56
-11
35
-47
-57
-79
-70
-65
-42
-20
4
-33
-89
-36
-118
-33
-91
-10
19
-60
-18
-81
-84
-38
-3
12
34
-9
3
-9
15
70
26
40
-1
29
48
35
52
26
43
-4
-20
-45
-57
-15
5
10
-31
-94
-44
-54
-14
14
-8
57
-43
-2
-15
-47
24
-39
62
8
-10
16
-84
-5
-58
31
4
-5
-8
-71
15
-46
68
15
45
53
23
109
23
76
57
94
78
95
65
46
66
-6
90
2
66
46
-29
7
-54
24
21
50
54
-14
-49
-85
-46
-56
-2
-3
-36
-35
-100
-84
-101
-52
-27
-35
10
-35
-33
-62
-69
8
-14
2
-34
-83
-37
-67
34
3
-1
-15
-86
14
-28
91
100
5
54
-58
38
17
35
113
37
89
22
20
-66
-32
-19
9
33
-33
-4
-104
-70
-58
-101
-18
13
20
-67
-85
-40
-10
26
19
63
-34
51
19
40
77
16
135
-12
42
37
-22
69
-5
98
2
-51
31
-43
42
-40
57
37
9
73
24
94
3
42
29
25
64
69
56
-14
-17
24
-2
-30
-30
-65
10
-73
-58
-44
-132
-20
-104
-89
-93
-126
8
-69
-69
1
-45
25
-6
-30
10
-96
19
6
-11
-30
-62
-43
-95
-47
-55
6
-18
-11
-20
-70
-26
-3
50
35
25
44
6
5
7
42
18
9
39
-30
-1
2
64
19
-20
-14
13
28
19
119
14
50
-16
-25
-40
-36
67
39
17
-21
-14
-39
-7
8
43
-2
38
30
-30
-32
29
51
27
86
33
29
-5
46
127
57
118
74
51
44
52
135
30
69
9
34
9
-7
48
-31
8
-5
-13
-49
-2
-45
-9
-71
-46
-2
-47
15
-45
-81
-88
-91
-69
-17
-88
-18
-87
-38
-42
-94
9
-71
27
-55
-32
-29
-69
41
5
35
-27
-26
15
-44
15
19
-8
10
2
75
0
21
23
24
56
7
51
-20
28
18
36
33
19
30
-54
-12
-21
10
53
12
49
-51
-43
-16
-10
82
43
63
-1
38
32
81
60
36
29
-52
16
-13
45
28
29
18
-12
33
13
65
7
43
19
-35
65
-2
51
-26
16
50
-75
-16
-67
-6
-5
47
21
-65
-74
-27
36
6
50
-44
-52
-51
-11
23
-60
-59
-39
-130
-72
-40
-10
4
-48
21
-72
-9
22
53
23
-5
-15
-36
-30
-13
32
-50
-35
-57
-24
-15
-4
26
-5
-34
14
-3
43
39
41
57
4
28
7
-48
20
-18
6
17
-66
37
-45
60
50
9
-8
11
0
31
73
34
58
-53
27
13
-1
104
25
51
0
-51
25
-98
17
-54
-7
-3
-9
60
-8
58
4
37
13
4
26
41
27
62
10
-3
15
-9
39
-35
-24
11
-30
21
-17
-3
-24
-51
-1
-36
-14
-4
-29
-29
-38
-29
-15
-58
-18
-69
-20
-30
-40
-5
-76
-11
-65
-22
-17
-46
-16
-30
-25
11
-11
-4
-18
-48
-11
-13
-11
18
-39
-20
-15
-65
18
-3
44
15
-20
20
-13
40
55
46
40
49
34
38
7
26
36
-8
102
48
75
12
-4
64
-14
79
2
26
26
39
93
-21
30
-38
-12
27
-8
78
-63
9
33
-7
37
-31
33
-29
-16
29
13
23
20
34
0
33
51
55
36
-20
56
3
53
69
-1
4
-47
-9
-41
-2
-7
-49
-59
-73
10
-37
21
-10
-39
-10
-67
38
-24
-1
-40
-68
-32
-62
-2
-57
-27
-36
-60
-7
-32
27
-43
-24
-11
-22
20
-19
11
-60
-31
-22
-27
27
-25
28
-37
-33
24
-19
70
2
25
-10
-10
77
36
57
-14
-28
4
-5
92
13
25
10
2
57
11
110
-15
15
4
5
59
-6
60
-20
-7
16
7
41
-22
25
-33
-18
32
-22
25
-61
10
-18
-16
48
-23
19
5
32
61
16
35
3
2
18
31
53
-19
13
-45
11
-22
12
3
-75
-21
-92
-17
-48
-22
-42
-87
-43
-49
-5
-9
-10
3
-60
-5
-26
13
-18
-19
-36
-81
-5
-40
6
-44
-38
-38
-20
13
3
-18
-52
-21
-7
18
2
8
-3
-4
18
12
47
13
36
2
11
6
7
19
0
27
-22
16
-12
48
49
42
64
-6
16
19
10
39
13
32
18
39
16
2
-5
7
29
11
35
-32
9
-22
22
2
-33
-18
-39
13
26
34
33
20
-3
37
7
46
17
14
47
6
51
-3
16
-3
-38
-7
-73
-5
-74
-10
-18
-53
-16
-85
11
-66
-1
-62
-22
-2
-10
54
-41
16
-96
-53
-45
-68
12
-27
23
-5
-39
11
-70
-8
-22
10
53
25
60
-4
2
-24
-28
-46
-27
-14
18
18
1
18
30
20
13
-13
3
19
70
64
64
68
45
76
-32
-25
-67
-26
24
-17
33
-70
-22
-30
-32
14
-31
27
-11
53
27
37
68
20
-7
-42
-6
21
73
51
31
-23
-13
25
42
49
6
21
-17
0
18
47
59
52
14
13
-21
2
9
-14
15
-38
-2
-19
14
-24
-40
-37
-35
-34
-33
3
-3
32
5
11
-2
1
-3
3
4
2
22
7
-20
-34
-58
-44
-74
-40
-38
-43
-16
-34
10
-33
-20
-45
-50
-44
-37
-29
-17
26
4
-3
-10
-14
5
12
51
42
35
33
59
77
54
68
19
-22
-12
16
54
71
43
29
-37
-72
-35
-53
24
42
21
22
-14
11
-32
-2
-5
22
9
27
57
10
50
-11
7
-9
-8
14
-16
-10
-25
0
27
40
18
-16
-6
-7
-17
2
-5
28
31
12
-5
-63
-42
-56
-17
6
6
34
-6
-11
-13
-5
-14
-13
-20
-8
-18
6
2
-19
-60
-53
-47
-11
8
-29
-21
-55
-28
-38
-31
-12
-35
-50
-51
-93
-33
-16
8
33
-24
-3
-59
-9
-10
-5
20
-22
39
33
67
57
-10
22
-1
37
46
25
53
17
41
34
-3
13
-6
7
20
13
31
12
16
-14
-39
-45
-46
13
27
30
35
-1
-4
19
17
44
9
23
29
4
61
20
39
13
-4
24
-3
18
25
26
26
22
19
12
-18
-33
17
4
33
29
-21
32
-30
19
-25
-36
0
-49
9
-18
-13
-22
-39
-26
-43
-29
-5
-6
10
2
-22
-25
-40
-28
3
-29
-22
-38
-35
14
-13
25
-47
-22
-23
-35
23
-13
7
-8
10
16
5
7
17
1
14
7
15
-14
11
-5
-13
-5
3
25
-6
20
-11
-2
-6
28
28
32
15
9
-10
-14
14
11
23
36
11
13
4
-14
20
-8
30
16
-4
-11
-34
3
4
29
28
39
18
-4
-11
-17
1
11
22
2
7
-23
-15
-38
-10
-4
-15
19
11
3
13
3
14
8
-16
21
-20
-7
-9
-23
-20
-26
4
-9
-33
-12
-8
-9
-2
-4
-7
-1
28
37
16
0
-18
-14
-11
0
-11
-35
2
-5
0
-4
-4
-4
-14
-14
2
5
-2
-1
-22
-23
-32
-19
-3
-9
-1
-7
-6
30
22
41
38
31
28
5
8
-17
12
1
33
31
3
-20
-33
13
-1
38
8
3
-29
-13
28
14
62
18
16
2
6
28
6
25
-11
-17
-5
0
11
-16
-19
-46
-30
-30
-3
6
1
14
5
18
-14
21
-6
5
18
12
18
-10
7
-18
-3
-34
-27
-24
-22
8
-8
-7
-18
-28
-23
-40
-23
-24
-21
0
-14
-15
-18
-15
-14
12
-25
26
-17
6
9
-26
48
-21
21
-40
-35
-4
-10
47
21
-3
6
20
40
33
14
25
-10
-18
1
-9
9
-21
-10
18
-20
24
-16
26
40
29
53
8
15
-26
-23
2
-10
-14
-28
-11
3
15
40
26
32
4
7
21
23
35
19
22
-9
-1
-8
-30
-3
-18
5
9
1
12
-13
-4
-9
19
46
34
28
25
15
3
-8
-23
-7
-31
-27
-6
-24
-42
-39
-32
-13
-22
-28
-16
-16
2
-2
10
-17
-45
-29
-29
-18
5
3
-3
5
-3
-4
-13
-22
8
14
20
17
-8
-15
-42
-21
13
12
42
24
4
16
-17
3
-9
-32
-6
-38
-24
-37
-30
-2
-5
29
25
38
33
38
29
31
27
35
40
26
33
28
40
13
18
-4
-28
-50
-30
-19
-21
-10
-46
-24
-15
3
20
23
15
19
45
41
57
41
18
16
2
9
-7
-15
-21
-5
10
-17
-30
-20
-25
-6
-5
-9
13
6
45
44
47
25
-22
-22
-52
-37
-45
-36
-29
-68
-69
-62
-49
-2
17
21
39
6
23
15
30
44
23
24
-24
-38
-37
-25
-2
-5
5
7
-5
3
9
42
49
44
45
35
26
15
18
-11
-33
-43
-40
-40
-47
-44
-35
-13
-5
-10
19
27
24
40
54
63
56
49
55
44
37
24
-5
-17
-20
-11
-27
-54
-51
-64
-42
-10
10
30
14
6
8
4
16
37
37
19
9
-6
-21
-27
-40
-34
-38
-39
-43
-46
-27
1
13
19
11
12
29
21
29
24
20
23
13
17
3
-17
-22
-23
-8
-15
-20
-16
-31
-24
-33
-21
-7
-29
-17
-20
-19
8
8
10
5
14
18
26
33
22
-3
-10
-18
-33
-25
-40
-44
-39
-39
-2
-1
10
37
41
52
54
67
69
46
33
10
-3
1
5
-4
-34
-45
-55
-36
-3
15
18
18
23
44
58
68
71
52
34
10
0
-14
-30
-43
-69
-82
-86
-70
-53
-46
-22
-15
4
22
38
59
48
50
63
58
47
27
23
12
-8
-3
-19
-26
-35
-57
-54
-52
-43
-26
-27
-15
5
14
26
24
19
13
10
15
12
-5
-23
-42
-50
-35
-40
-45
-40
-41
-27
-22
-12
-10
-5
18
29
38
49
49
50
33
28
23
-2
-15
-24
-19
-25
-25
-27
-33
-28
-25
-8
-6
-1
7
12
21
24
26
31
42
46
47
38
21
10
-5
-8
-5
-17
-18
-18
-23
-27
-34
-16
-7
-12
10
7
4
22
25
38
36
28
31
14
12
15
14
9
-16
-28
-27
-26
-13
-6
11
8
-6
7
8
27
33
23
21
-2
-8
-8
-3
4
-13
-23
-25
-35
-28
-19
-19
-11
-10
1
3
-1
3
0
1
7
17
13
3
-2
-1
1
-8
-21
-24
-30
-22
-18
-9
-1
-1
-2
-1
16
18
27
34
35
34
18
11
6
-8
-10
-9
-11
-23
-31
-33
-38
-31
-25
-13
2
6
14
26
39
35
25
26
27
23
20
17
6
-3
-8
-11
-14
-17
-23
-22
-15
-10
9
15
17
18
14
10
9
11
7
3
3
6
-2
-12
-13
-9
-13
-17
-16
-10
-5
-8
4
6
0
-6
-3
7
16
19
12
2
-7
-7
2
10
-2
-12
-18
-21
-11
-2
-5
-10
-19
-16
-5
-2
-4
1
7
5
17
23
17
17
10
11
8
-1
-8
-11
-7
-10
-12
-16
-21
-21
-26
-26
-14
-1
-2
2
2
-5
3
13
16
12
-2
-8
-2
2
2
-7
-12
-21
-14
-13
-15
-2
-2
1
6
6
9
12
11
13
7
9
7
-4
-15
-19
-12
-7
-9
-16
-15
3
12
14
18
14
13
11
8
12
9
6
11
8
0
-6
-15
-19
-13
-1
5
-6
-15
-13
-2
9
15
11
-1
1
9
11
5
-6
-12
-7
-7
0
3
-7
-20
-23
-13
-13
-3
0
1
6
6
10
12
10
5
9
15
13
6
3
-3
-2
1
-3
-7
-14
-7
1
2
3
6
10
6
9
13
14
8
2
-7
-2
-2
-7
-3
-6
-11
-2
4
-4
-7
0
1
5
13
16
20
13
4
10
13
12
7
-3
-18
-20
-8
-2
6
2
-8
-11
-4
6
11
5
-1
-1
5
5
10
9
2
4
4
4
-6
-7
-9
-12
-4
-1
0
-3
-6
-6
-1
-8
-10
-6
-3
4
4
-2
0
-3
-4
3
8
6
0
1
-5
1
4
-1
-7
-6
3
4
4
1
2
5
-6
-4
9
9
4
1
0
3
4
2
4
-4
-9
2
-7
-4
-1
-5
-6
-7
2
1
-2
1
3
0
-2
0
0
1
3
2
-3
-9
-8
-3
5
6
4
2
-2
5
14
21
15
7
4
7
15
17
19
12
1
-4
0
5
8
5
-4
-6
-1
11
15
5
-2
2
5
4
8
9
7
4
2
3
4
-3
-3
-5
-2
6
6
6
1
3
4
5
5
6
7
8
7
7
1
-6
-5
-8
-7
-13
-12
-11
-9
-4
-5
-6
-5
1
3
2
2
2
3
2
3
11
5
-3
-4
-6
-5
-4
0
-2
-11
-7
-1
-12
-9
-4
-8
-4
-3
1
7
2
3
4
0
1
1
-1
-1
-2
0
-4
-5
-3
0
1
3
7
7
8
0
5
8
6
9
1
-3
-5
1
5
3
4
-5
-3
2
-3
0
3
2
-1
2
0
3
6
1
4
5
3
0
-6
-11
-10
1
5
3
1
-5
-3
-5
-4
-6
-9
-10
-12
-8
-9
-13
-13
-10
-7
-3
2
2
3
1
0
1
0
2
5
4
0
-5
-5
-1
-7
-9
-5
-7
-7
-1
-4
-1
0
-2
4
4
-2
-3
-1
0
1
2
2
4
4
2
3
6
5
2
2
3
5
10
10
5
3
-2
-3
-1
1
-1
-4
-2
-1
4
3
3
1
-1
0
-2
2
1
1
5
7
2
1
-1
-1
-2
6
7
2
1
-1
5
3
4
4
1
1
3
3
-1
-2
-1
-3
-3
-5
-11
-12
-12
-5
5
2
0
-2
2
8
8
6
-1
-5
-2
1
0
-3
-7
-4
-3
-1
0
3
2
-4
-4
-5
-3
0
-2
-7
-3
-1
0
5
4
0
-2
2
10
9
6
1
1
1
0
6
5
2
2
-1
-4
-5
0
1
-2
-4
-4
0
6
6
6
5
0
0
2
1
-1
-5
-1
2
-1
1
-1
0
-1
0
-2
-7
-6
-5
-2
-2
-2
0
1
-1
-2
-1
-1
1
5
6
4
-1
0
3
3
4
3
1
-6
-7
-2
-2
-2
2
2
4
7
7
6
7
8
11
11
7
1
3
3
1
1
-7
-9
-5
-2
-1
-4
-9
-10
-5
0
1
4
5
1
1
1
1
0
-2
-7
-7
-6
-6
-5
-5
-8
-8
-5
-5
-3
3
5
-1
-4
-2
-4
-2
-2
-5
-3
-2
1
4
0
0
0
-4
-3
2
3
-1
1
2
4
3
0
-1
-3
-2
-5
-4
-5
-3
3
2
-2
-4
-3
-2
1
10
14
14
7
3
4
9
7
3
2
-1
0
4
0
-6
-2
-2
-2
3
6
4
2
-3
-2
2
6
6
2
6
6
5
3
1
1
-1
-1
-3
-2
2
6
7
0
-1
1
-1
1
-1
-2
-1
-1
-2
-6
-7
-5
-7
-8
-10
-12
-8
-1
0
0
1
1
1
6
5
4
6
3
7
6
5
8
2
-4
-6
-5
-3
-2
-3
-3
-3
-2
0
0
1
2
5
4
3
1
0
2
2
-2
-2
1
1
5
4
-1
-1
2
6
7
7
3
4
4
1
2
-2
-3
-2
0
-2
-2
0
-1
0
-4
-4
1
5
4
5
6
3
-5
-7
-2
0
-6
-7
-4
-2
1
2
3
0
0
2
1
1
3
5
5
7
5
2
5
6
7
4
-5
-3
-2
-3
2
4
2
-1
0
3
3
-5
-8
-2
2
2
0
-1
-2
-4
-1
2
3
2
0
-2
-1
4
5
3
2
0
-4
-4
0
0
-2
-7
-7
-5
-5
-5
-2
0
1
-2
2
4
4
3
2
2
-2
-4
-4
-3
-4
-8
-10
-6
1
6
3
-3
-7
-7
-3
-1
1
3
2
1
0
-4
-5
-3
3
3
-9
-16
-9
-3
-1
-4
-11
-10
-5
-2
1
-1
-2
-4
-1
1
4
6
4
-1
-1
-1
3
9
3
-2
-5
-7
-5
-6
-2
0
0
2
-1
-2
3
6
6
3
-1
-1
2
0
1
-1
-1
0
-1
1
-2
-2
-1
-3
-2
-3
0
4
3
1
-3
-3
0
-2
-2
-2
-1
-2
-4
-5
-1
1
0
-3
-4
-1
0
2
3
1
-1
-2
-1
4
5
3
0
-4
-8
-2
3
4
0
-1
-1
2
5
0
-5
-4
0
5
4
1
-2
-3
-4
2
6
2
1
-2
-9
-5
-1
0
-5
-12
-11
-6
3
6
1
-6
-5
-2
0
4
4
3
1
1
7
8
5
2
-2
-3
-1
2
0
-1
-1
3
5
-1
-2
-2
-1
0
0
-1
-2
1
5
1
-4
-1
2
2
0
-3
-2
1
2
-2
-4
-1
3
2
2
0
-2
-2
1
3
2
-5
-5
-8
-6
-2
-1
2
2
3
2
3
8
7
4
6
10
11
9
5
5
7
