2.271881e+062 8.443077e+060 5.523839e+060 8.281652e+060 1.563368e+061 1.806584e+061 6.880502e+060 1.975282e+061 1.338056e+061 -3.102916e+059 7.482404e+060 2.797320e+059 
2.335739e+062 2.495368e+060 1.036372e+060 5.639498e+058 4.606914e+060 3.629688e+060 -3.412189e+059 5.627956e+060 4.633148e+060 1.592405e+059 1.734057e+060 1.537906e+058 
2.359249e+062 1.713245e+059 -3.269217e+059 -6.666431e+059 -1.672908e+059 -5.524714e+059 -1.383383e+060 -5.293098e+059 -4.781453e+059 -9.448190e+059 -3.567500e+059 4.303372e+056 
2.362816e+062 2.114598e+057 -6.526249e+058 -1.446231e+059 -1.787062e+059 -2.386045e+059 -3.522390e+059 -3.320125e+059 -3.104169e+059 -3.204537e+059 -2.232985e+059 6.788236e+055 
2.363158e+062 -3.471752e+058 -9.503850e+058 -1.647448e+059 -2.516755e+059 -3.171961e+059 -3.708072e+059 -3.977110e+059 -3.882950e+059 -3.364056e+059 -2.374494e+059 1.185620e+056 
2.363212e+062 -3.337992e+058 -9.065237e+058 -1.627224e+059 -2.429777e+059 -3.151197e+059 -3.733011e+059 -3.978088e+059 -3.892934e+059 -3.318290e+059 -2.364172e+059 1.154298e+056 
2.363214e+062 -3.367795e+058 -9.197976e+058 -1.635113e+059 -2.493873e+059 -3.162706e+059 -3.787381e+059 -3.995200e+059 -3.939763e+059 -3.365088e+059 -2.396712e+059 1.181306e+056 
2.363216e+062 -3.536475e+058 -9.394308e+058 -1.657544e+059 -2.497089e+059 -3.218260e+059 -3.795781e+059 -4.055772e+059 -3.931564e+059 -3.386270e+059 -2.396546e+059 1.207901e+056 
2.363003e+062 -1.898140e+058 -8.011390e+058 -1.063019e+059 -2.454998e+059 -2.485186e+059 -3.526818e+059 -3.779566e+059 -3.302578e+059 -3.373845e+059 -2.099605e+059 8.679745e+055 
2.287876e+062 8.103563e+060 1.062369e+061 6.258487e+060 1.785955e+061 2.939620e+061 3.436407e+060 1.889519e+061 1.842124e+061 1.147154e+061 3.720200e+060 2.971267e+059 
1.658445e+062 5.048146e+061 1.010651e+062 1.133773e+062 1.312200e+062 2.933365e+062 2.050816e+062 3.065275e+062 2.782060e+062 2.760898e+062 2.152906e+062 8.090004e+061 
-1.555121e+060 7.159673e+061 -1.637965e+063 5.429597e+064 -2.019889e+066 7.862796e+067 -3.095240e+069 1.202772e+071 -4.500491e+072 1.562363e+074 -4.638998e+075 8.581327e+076 
-6.981190e+060 3.283879e+061 1.052660e+062 -5.173901e+062 7.806455e+062 2.465808e+063 -1.681001e+064 3.734093e+064 1.941373e+064 -3.547962e+065 8.659923e+065 -3.561043e+065 
9.330154e+061 2.195185e+061 1.443533e+062 2.129287e+062 2.416384e+062 4.165816e+062 3.636224e+062 6.636714e+062 7.280015e+062 8.667154e+062 7.840505e+062 4.239537e+062 
2.327065e+062 2.569808e+059 7.863386e+059 -4.292977e+060 -1.121691e+061 -1.410483e+061 -1.808313e+061 -1.766119e+061 -1.503885e+061 -1.232179e+061 -9.957831e+060 1.342435e+059 
2.335327e+062 -2.833413e+060 -7.603132e+060 -1.423803e+061 -2.299664e+061 -2.865228e+061 -3.464036e+061 -3.345345e+061 -2.922156e+061 -2.456895e+061 -1.610554e+061 8.578094e+059 
2.341378e+062 -2.844735e+060 -8.083876e+060 -1.429103e+061 -2.111896e+061 -2.594663e+061 -3.194012e+061 -3.158997e+061 -2.794895e+061 -2.297605e+061 -1.479750e+061 7.706964e+059 
2.343627e+062 -1.713091e+060 -5.827874e+060 -1.034072e+061 -1.472857e+061 -1.879895e+061 -2.478284e+061 -2.427843e+061 -2.129027e+061 -1.854891e+061 -1.190389e+061 4.194173e+059 
2.345889e+062 -2.101329e+060 -6.539113e+060 -1.112497e+061 -1.594710e+061 -2.024482e+061 -2.554014e+061 -2.517646e+061 -2.236944e+061 -1.912160e+061 -1.211295e+061 4.779273e+059 
2.346471e+062 -3.279296e+060 -9.475622e+060 -1.703339e+061 -2.337028e+061 -2.870527e+061 -3.349087e+061 -3.341299e+061 -2.946239e+061 -2.396137e+061 -1.573860e+061 9.263414e+059 
2.343184e+062 -4.663552e+060 -1.265460e+061 -2.210350e+061 -3.071102e+061 -3.749970e+061 -4.283925e+061 -4.190481e+061 -3.704473e+061 -2.948087e+061 -1.877750e+061 1.549400e+060 
2.349825e+062 -3.534995e+060 -9.448214e+060 -1.650670e+061 -2.289489e+061 -2.842266e+061 -3.207228e+061 -3.188722e+061 -2.860390e+061 -2.298185e+061 -1.492815e+061 8.816489e+059 
2.356879e+062 -1.692612e+060 -4.418367e+060 -7.728072e+060 -1.125811e+061 -1.411427e+061 -1.651152e+061 -1.692793e+061 -1.599699e+061 -1.331694e+061 -9.082537e+060 2.297255e+059 
2.357506e+062 -1.626630e+060 -4.156451e+060 -7.130905e+060 -1.015315e+061 -1.271734e+061 -1.438898e+061 -1.456734e+061 -1.327299e+061 -1.064277e+061 -6.971975e+060 1.761631e+059 
2.357987e+062 -1.664486e+060 -4.335642e+060 -7.612196e+060 -1.099179e+061 -1.393939e+061 -1.594697e+061 -1.660782e+061 -1.567721e+061 -1.309469e+061 -9.002254e+060 2.207916e+059 
2.356551e+062 -2.082385e+060 -5.397793e+060 -9.414057e+060 -1.348041e+061 -1.691978e+061 -1.912543e+061 -1.964727e+061 -1.825867e+061 -1.498514e+061 -1.010389e+061 3.189278e+059 
2.361527e+062 -5.684098e+059 -1.483493e+060 -2.602750e+060 -3.753610e+060 -4.757533e+060 -5.441434e+060 -5.662843e+060 -5.340128e+060 -4.461521e+060 -3.064334e+060 2.549526e+058 
2.361296e+062 -6.073215e+059 -1.587127e+060 -2.787257e+060 -4.017770e+060 -5.073622e+060 -5.791106e+060 -6.009509e+060 -5.647177e+060 -4.700225e+060 -3.217231e+060 2.886138e+058 
2.361295e+062 -6.230587e+059 -1.632959e+060 -2.881634e+060 -4.155205e+060 -5.270722e+060 -6.044457e+060 -6.292084e+060 -5.941635e+060 -4.967682e+060 -3.414293e+060 3.133996e+058 
2.361679e+062 -4.242785e+059 -1.124046e+060 -2.013486e+060 -2.913344e+060 -3.711005e+060 -4.307325e+060 -4.501417e+060 -4.260123e+060 -3.590776e+060 -2.491388e+060 1.565396e+058 
2.362350e+062 -2.297295e+059 -6.102638e+059 -1.097300e+060 -1.588814e+060 -2.020505e+060 -2.352949e+060 -2.474890e+060 -2.355082e+060 -1.988832e+060 -1.379253e+060 4.683991e+057 
2.363128e+062 -2.431383e+058 -8.227673e+058 -1.611205e+059 -2.296170e+059 -2.973469e+059 -3.884769e+059 -4.081808e+059 -3.808007e+059 -3.378155e+059 -2.388738e+059 1.079195e+056 
2.363204e+062 -3.588342e+058 -9.888745e+058 -1.797407e+059 -2.633241e+059 -3.414968e+059 -4.040797e+059 -4.291289e+059 -4.138318e+059 -3.572704e+059 -2.516814e+059 1.349380e+056 
2.363211e+062 -3.424948e+058 -9.767275e+058 -1.695865e+059 -2.523934e+059 -3.315140e+059 -3.875100e+059 -4.099378e+059 -4.026134e+059 -3.440479e+059 -2.435434e+059 1.251113e+056 
2.363219e+062 -3.246696e+058 -9.270319e+058 -1.634720e+059 -2.455032e+059 -3.223315e+059 -3.806651e+059 -4.038011e+059 -3.898102e+059 -3.338045e+059 -2.375338e+059 1.177630e+056 
2.363223e+062 -3.306270e+058 -9.541554e+058 -1.665039e+059 -2.493312e+059 -3.207470e+059 -3.780887e+059 -4.023260e+059 -3.871907e+059 -3.375668e+059 -2.378579e+059 1.191648e+056 
