2.361297e+062 -6.278646e+059 -1.639645e+060 -2.887208e+060 -4.183361e+060 -5.327933e+060 -6.131168e+060 -6.426156e+060 -6.111167e+060 -5.147910e+060 -3.573914e+060 3.238882e+058 
2.362154e+062 -3.551587e+059 -9.272414e+059 -1.632869e+060 -2.366586e+060 -3.016426e+060 -3.470870e+060 -3.639711e+060 -3.463656e+060 -2.918867e+060 -2.026869e+060 1.036085e+058 
2.362696e+062 -2.199432e+059 -5.777513e+059 -1.018898e+060 -1.479928e+060 -1.890890e+060 -2.181661e+060 -2.293259e+060 -2.188952e+060 -1.851076e+060 -1.289965e+060 4.080884e+057 
2.362273e+062 -3.193386e+059 -8.345798e+059 -1.471774e+060 -2.137086e+060 -2.724086e+060 -3.138706e+060 -3.296934e+060 -3.143180e+060 -2.653627e+060 -1.846896e+060 8.471452e+057 
2.362449e+062 -2.712410e+059 -7.093023e+059 -1.250090e+060 -1.814623e+060 -2.314321e+060 -2.669100e+060 -2.804966e+060 -2.674714e+060 -2.260821e+060 -1.573757e+060 6.122315e+057 
2.363053e+062 -1.075709e+059 -2.843245e+059 -5.025248e+059 -7.324062e+059 -9.389463e+059 -1.085007e+060 -1.143530e+060 -1.096760e+060 -9.313574e+059 -6.514627e+059 1.007397e+057 
2.363246e+062 -4.110047e+058 -1.092344e+059 -1.956749e+059 -2.897042e+059 -3.742932e+059 -4.362392e+059 -4.632562e+059 -4.479901e+059 -3.850303e+059 -2.724987e+059 1.607945e+056 
2.363245e+062 -3.699533e+058 -9.947056e+058 -1.778593e+059 -2.605863e+059 -3.367810e+059 -3.926474e+059 -4.164445e+059 -4.055578e+059 -3.461431e+059 -2.453816e+059 1.308730e+056 
2.363245e+062 -3.829057e+058 -1.007743e+059 -1.806320e+059 -2.644279e+059 -3.421263e+059 -3.992257e+059 -4.256707e+059 -4.143383e+059 -3.549863e+059 -2.512655e+059 1.360354e+056 
2.363258e+062 -3.661251e+058 -1.002503e+059 -1.764975e+059 -2.589928e+059 -3.373876e+059 -3.928725e+059 -4.194670e+059 -4.068672e+059 -3.499430e+059 -2.475384e+059 1.312675e+056 
2.361132e+062 -6.489727e+059 -1.684657e+060 -2.946388e+060 -4.236228e+060 -5.345939e+060 -6.082211e+060 -6.293103e+060 -5.900780e+060 -4.892872e+060 -3.338113e+060 3.191903e+058 
2.349717e+062 -4.183202e+060 -1.072957e+061 -1.836271e+061 -2.566693e+061 -3.129523e+061 -3.412322e+061 -3.358514e+061 -2.968336e+061 -2.296946e+061 -1.445329e+061 1.028436e+060 
2.332909e+062 -1.831263e+060 -9.107071e+060 -1.616751e+061 -2.092331e+061 -2.717862e+061 -3.389787e+061 -3.058884e+061 -2.663800e+061 -2.332636e+061 -1.451280e+061 7.902728e+059 
2.313925e+062 1.332908e+058 -9.303171e+060 -1.611146e+061 -2.022315e+061 -2.806117e+061 -3.655209e+061 -3.273463e+061 -2.720116e+061 -2.589310e+061 -1.595720e+061 7.973640e+059 
2.269848e+062 7.677329e+060 -3.993779e+060 -7.254995e+060 1.219275e+059 -1.641517e+061 -2.752858e+061 -1.623245e+061 -1.692815e+061 -2.102810e+061 -1.336008e+061 2.494306e+058 
2.262202e+062 7.692996e+060 -3.372701e+060 -4.398168e+060 -2.554764e+059 -8.097721e+060 -2.608672e+061 -1.938502e+061 -1.263011e+061 -2.128133e+061 -1.316650e+061 -6.674377e+058 
2.328374e+062 -2.693847e+060 -7.426962e+060 -1.004590e+061 -1.477363e+061 -2.464547e+061 -3.218033e+061 -3.380109e+061 -2.911459e+061 -2.194346e+061 -1.432036e+061 6.487163e+059 
2.335317e+062 -4.491258e+060 -8.734659e+060 -1.213502e+061 -1.846060e+061 -2.865519e+061 -3.742943e+061 -3.986010e+061 -3.452535e+061 -2.493786e+061 -1.525946e+061 9.368292e+059 
2.339622e+062 -4.070581e+060 -8.655932e+060 -1.305711e+061 -2.007634e+061 -2.901968e+061 -3.600006e+061 -3.729820e+061 -3.212601e+061 -2.381038e+061 -1.519982e+061 9.112349e+059 
2.341460e+062 -4.212103e+060 -9.427308e+060 -1.480772e+061 -2.205885e+061 -3.073241e+061 -3.719658e+061 -3.829442e+061 -3.345152e+061 -2.532751e+061 -1.619411e+061 1.030387e+060 
2.343016e+062 -4.548529e+060 -1.058064e+061 -1.691876e+061 -2.461769e+061 -3.273288e+061 -3.846687e+061 -3.973075e+061 -3.516241e+061 -2.684254e+061 -1.708763e+061 1.191005e+060 
2.343437e+062 -4.838687e+060 -1.179077e+061 -1.957056e+061 -2.749636e+061 -3.476514e+061 -4.017663e+061 -4.134939e+061 -3.722346e+061 -2.905167e+061 -1.836403e+061 1.392300e+060 
2.342260e+062 -4.066757e+060 -9.106474e+060 -1.552442e+061 -2.355764e+061 -3.145659e+061 -3.662555e+061 -3.688377e+061 -3.271434e+061 -2.572172e+061 -1.679976e+061 1.041521e+060 
2.341727e+062 -4.924774e+060 -1.141173e+061 -1.942272e+061 -2.860410e+061 -3.650485e+061 -4.030732e+061 -3.897911e+061 -3.386024e+061 -2.625183e+061 -1.671443e+061 1.336834e+060 
2.340052e+062 -6.974412e+060 -1.744680e+061 -2.920150e+061 -3.997218e+061 -4.770244e+061 -5.082746e+061 -4.861841e+061 -4.143434e+061 -3.064843e+061 -1.826747e+061 2.342678e+060 
2.341632e+062 -6.640884e+060 -1.682412e+061 -2.843964e+061 -3.916291e+061 -4.688352e+061 -5.010405e+061 -4.818948e+061 -4.147019e+061 -3.113010e+061 -1.892685e+061 2.275041e+060 
2.341783e+062 -6.557418e+060 -1.655785e+061 -2.785625e+061 -3.813259e+061 -4.531843e+061 -4.801668e+061 -4.572479e+061 -3.890404e+061 -2.883524e+061 -1.729239e+061 2.091245e+060 
2.346126e+062 -5.198015e+060 -1.303549e+061 -2.178663e+061 -2.964299e+061 -3.504414e+061 -3.695882e+061 -3.504812e+061 -2.971836e+061 -2.199409e+061 -1.322379e+061 1.235611e+060 
2.354517e+062 -2.638610e+060 -6.640274e+060 -1.115674e+061 -1.528966e+061 -1.826423e+061 -1.957000e+061 -1.901211e+061 -1.670335e+061 -1.298999e+061 -8.340804e+060 3.479514e+059 
2.356329e+062 -2.076634e+060 -5.247462e+060 -8.863766e+060 -1.222818e+061 -1.472401e+061 -1.592411e+061 -1.564444e+061 -1.392622e+061 -1.099319e+061 -7.177040e+060 2.293999e+059 
2.358936e+062 -1.413466e+060 -3.654174e+060 -6.354279e+060 -9.072779e+060 -1.135381e+061 -1.279450e+061 -1.310810e+061 -1.215189e+061 -9.954699e+060 -6.705196e+060 1.425449e+059 
2.361085e+062 -7.350713e+059 -1.892287e+060 -3.270921e+060 -4.645909e+060 -5.782263e+060 -6.491629e+060 -6.639037e+060 -6.162776e+060 -5.074100e+060 -3.450514e+060 3.704863e+058 
2.362244e+062 -3.645524e+059 -9.503735e+059 -1.672547e+060 -2.421999e+060 -3.082365e+060 -3.540794e+060 -3.705612e+060 -3.519403e+060 -2.960474e+060 -2.052115e+060 1.078650e+058 
2.363066e+062 -8.926122e+058 -2.337498e+059 -4.142778e+059 -6.024650e+059 -7.731574e+059 -8.927188e+059 -9.424106e+059 -9.032859e+059 -7.671581e+059 -5.375446e+059 6.837136e+056 
2.363258e+062 -3.545822e+058 -9.725463e+058 -1.732738e+059 -2.549664e+059 -3.290106e+059 -3.826280e+059 -4.106325e+059 -3.960929e+059 -3.398654e+059 -2.407505e+059 1.249563e+056 
2.363258e+062 -3.764980e+058 -1.007188e+059 -1.790419e+059 -2.634073e+059 -3.409017e+059 -3.958056e+059 -4.209172e+059 -4.082472e+059 -3.493319e+059 -2.477979e+059 1.335408e+056 
2.363248e+062 -3.650946e+058 -9.829282e+058 -1.773186e+059 -2.597441e+059 -3.366882e+059 -3.927255e+059 -4.187616e+059 -4.050802e+059 -3.480882e+059 -2.462298e+059 1.305149e+056 
2.363251e+062 -3.571901e+058 -9.675714e+058 -1.723172e+059 -2.518457e+059 -3.273489e+059 -3.820712e+059 -4.079250e+059 -3.961417e+059 -3.402427e+059 -2.408961e+059 1.240945e+056 
2.363260e+062 -3.757603e+058 -9.925768e+058 -1.772487e+059 -2.611974e+059 -3.365048e+059 -3.928876e+059 -4.175544e+059 -4.043405e+059 -3.475510e+059 -2.458402e+059 1.311804e+056 
2.363252e+062 -3.546133e+058 -9.811473e+058 -1.720436e+059 -2.554689e+059 -3.300348e+059 -3.845016e+059 -4.105734e+059 -3.963157e+059 -3.416801e+059 -2.424287e+059 1.255117e+056 
2.363254e+062 -3.655351e+058 -9.798417e+058 -1.742631e+059 -2.570891e+059 -3.323658e+059 -3.872747e+059 -4.142498e+059 -4.017663e+059 -3.435531e+059 -2.431515e+059 1.277522e+056 
