-116
-121
-125
-129
-131
-134
-137
-138
-141
-141
-143
-141
-139
-139
-136
-131
-127
-125
-119
-114
-113
-106
-99
-93
-84
-77
-70
-63
-56
-49
-42
-33
-26
-17
-9
1
8
14
23
32
39
45
54
61
70
78
83
87
93
100
104
109
113
117
120
121
123
124
127
127
127
124
123
122
123
120
119
115
111
110
105
98
94
90
82
76
68
63
57
51
43
33
24
17
12
4
-7
-15
-23
-31
-38
-46
-53
-62
-67
-76
-82
-87
-93
-95
-100
-105
-109
-114
-114
-115
-117
-119
-119
-118
-117
-116
-113
-113
-110
-109
-107
-101
-98
-93
-87
-84
-80
-73
-67
-61
-54
-48
-41
-33
-26
-21
-12
-4
2
9
13
21
27
35
41
48
54
58
63
69
72
78
84
86
90
93
96
98
98
100
100
101
101
101
102
97
97
94
91
90
86
87
82
81
76
71
66
59
55
50
45
39
32
25
20
15
9
3
-3
-10
-17
-21
-28
-33
-38
-44
-51
-57
-60
-64
-66
-70
-72
-76
-78
-80
-80
-81
-82
-80
-82
-83
-82
-83
-81
-81
-80
-78
-75
-72
-69
-63
-60
-59
-56
-53
-47
-43
-37
-31
-27
-23
-16
-13
-9
-5
1
5
9
14
18
23
28
33
35
39
44
45
49
55
58
60
63
66
68
69
71
73
73
73
73
72
73
73
70
69
69
67
67
66
64
61
58
54
49
48
44
42
38
33
29
25
21
17
14
10
6
2
-4
-7
-13
-17
-21
-25
-30
-34
-37
-39
-43
-46
-50
-53
-55
-58
-59
-62
-63
-64
-66
-67
-67
-68
-70
-68
-69
-69
-68
-65
-63
-62
-61
-59
-56
-54
-52
-49
-46
-44
-39
-35
-32
-29
-24
-20
-16
-13
-9
-6
-2
1
6
12
15
17
19
21
26
30
34
37
42
42
43
45
46
48
48
51
52
52
52
54
54
55
54
53
51
51
49
48
48
44
43
41
37
35
31
29
28
25
25
21
19
17
15
11
7
3
0
-2
-4
-8
-10
-14
-16
-17
-19
-19
-22
-23
-28
-30
-31
-33
-36
-37
-39
-42
-42
-44
-44
-44
-44
-44
-44
-42
-43
-41
-41
-41
-40
-40
-38
-36
-34
-31
-33
-30
-28
-26
-25
-21
-20
-17
-15
-14
-12
-8
-7
-5
-2
2
5
8
11
10
12
13
12
14
16
17
19
22
22
23
23
22
23
23
21
23
22
20
24
23
22
23
22
22
20
19
19
18
18
18
20
18
16
15
13
12
10
8
10
8
8
9
10
11
9
7
8
8
6
3
2
4
6
6
3
2
1
-4
-4
-6
-5
-6
-6
-7
-10
-10
-9
-9
-10
-12
-14
-14
-14
-15
-14
-14
-14
-13
-13
-14
-14
-12
-11
-11
-11
-11
-12
-10
-8
-7
-8
-8
-8
-6
-4
-1
0
2
2
1
-1
1
1
1
2
3
3
2
3
3
3
6
4
4
5
7
8
8
10
11
11
10
10
11
10
11
10
12
13
12
12
12
12
12
10
11
9
10
11
10
11
7
7
7
6
6
6
6
4
5
3
0
-1
-3
-5
-6
-6
-5
-6
-6
-8
-9
-8
-8
-9
-9
-9
-9
-9
-7
-6
-7
-7
-9
-8
-8
-7
-7
-9
-9
-10
-10
-8
-9
-9
-8
-8
-7
-7
-7
-6
-5
-4
-1
-1
-2
-2
-3
-2
0
-1
-1
-1
-1
-2
-2
0
1
4
3
3
2
3
5
5
6
7
8
8
8
8
7
8
9
11
11
9
10
9
11
10
9
10
9
10
10
9
8
6
8
6
6
5
5
4
4
2
0
-1
0
-3
-3
-3
-4
-4
-4
-6
-8
-9
-9
-10
-8
-8
-7
-7
-7
-6
-7
-6
-7
-7
-6
-6
-5
-4
-3
-3
-4
-4
-6
-6
-5
-4
-4
-2
-3
-3
-3
-3
-2
-3
-4
-5
-4
-2
-1
0
0
2
1
1
0
0
1
-1
-1
0
-1
2
1
0
-1
-2
-1
0
2
2
2
1
1
3
3
2
3
2
5
4
4
5
4
5
6
5
6
6
6
5
6
6
5
6
6
7
7
5
5
5
5
4
4
5
4
4
2
2
2
2
3
2
1
0
-1
-2
-4
-4
-4
-4
-2
-2
-3
-1
-3
-4
-3
-4
-4
-4
-4
-3
-5
-4
-4
-4
-3
-3
-3
-3
-3
-4
-1
0
-1
1
0
0
-1
-1
0
0
0
-2
-1
-1
-3
-2
-2
-2
-1
-1
1
1
0
-2
-1
-2
-2
-2
-2
-3
-2
-2
-2
-1
0
0
-1
-1
-2
-1
0
1
3
3
3
2
3
3
4
5
5
4
6
5
5
5
3
6
6
7
7
8
7
5
4
4
5
5
5
4
4
3
3
2
2
1
0
0
-2
0
-2
-2
-2
-1
-1
-1
-1
-4
-3
-2
-5
-3
-3
-2
-1
-1
-1
-2
-2
-3
-2
-2
-1
0
0
1
1
2
0
1
1
1
1
1
1
0
1
3
2
3
3
3
2
1
1
0
1
1
2
3
3
2
1
0
-1
-2
-1
0
-1
-1
0
1
0
0
-1
-4
-3
-1
-1
1
2
2
2
2
1
0
-2
-1
0
1
3
5
5
4
3
3
1
-2
-1
0
0
0
-2
-3
-3
-4
-5
-4
-4
-3
-3
-4
-4
-5
-7
-5
-5
-5
-5
-6
-6
-6
-4
-4
-4
-5
-6
-4
-6
-4
-4
-3
-3
-4
-1
-2
-1
-1
-2
-3
-3
-3
1
1
3
2
1
0
-1
-2
0
0
2
4
3
4
3
3
2
2
2
2
3
2
2
1
0
1
0
1
1
1
2
2
2
1
0
1
0
0
0
-1
0
0
1
1
1
0
-1
-1
0
-2
-2
-2
-2
-3
-3
0
0
0
1
1
0
0
0
0
-1
1
1
1
1
0
0
1
0
0
0
-1
0
2
1
1
1
1
1
1
1
0
-1
-1
-1
-1
0
0
0
0
0
-1
-2
-1
1
1
-1
0
1
0
0
1
1
2
3
4
3
3
3
1
3
2
0
3
5
4
6
5
5
5
4
4
3
5
6
3
2
0
1
3
3
2
2
1
1
0
0
0
0
1
0
-1
-2
-3
-1
-2
-3
-2
-3
-3
-3
-4
-3
-3
-2
-2
-1
-1
-3
-5
-3
-2
-2
-3
-2
-3
-2
-1
-1
0
0
1
0
1
1
1
3
4
3
4
4
2
1
0
1
1
1
2
1
0
2
2
1
1
1
1
1
2
2
0
2
0
1
1
1
1
0
0
0
-1
1
0
-1
-2
-1
-1
-1
-2
-3
-1
-1
-2
-2
-2
-3
-2
-2
-2
-3
-2
-3
-4
-2
-3
-3
-3
-3
-3
-4
-3
-2
-3
-3
-5
-5
-5
-3
-4
-4
-5
-5
-4
-4
-2
-4
-4
-5
-4
-4
-4
-3
-4
-4
-3
-4
-3
-2
-2
-1
0
0
0
0
2
0
1
3
3
3
4
4
1
3
4
3
5
4
4
5
3
3
5
6
5
6
4
4
5
6
7
7
6
7
5
4
4
2
2
2
2
1
0
1
0
1
0
-2
-2
-2
-1
-1
0
-3
-4
-4
-4
-2
-3
-3
-5
-5
-5
-6
-4
-4
-5
-5
-6
-6
-6
-6
-6
-5
-5
-4
-3
-3
-3
-4
-5
-4
-4
-3
-3
-4
-3
-3
-4
-3
-4
-3
-3
-1
0
0
0
0
1
0
3
1
3
3
2
3
4
3
3
3
4
5
5
4
3
3
4
3
3
3
4
5
4
2
3
4
5
4
6
6
6
6
7
6
6
5
5
6
7
6
4
4
3
3
2
3
3
2
1
0
0
0
0
1
-1
-2
-2
-3
-3
-3
-1
0
0
1
0
-1
-2
-3
-3
-3
-2
-3
-2
-1
-3
-3
-3
-3
-4
-3
-3
-1
1
0
1
0
2
2
2
2
3
4
3
4
4
4
5
5
5
4
4
4
4
3
3
2
1
-1
0
1
3
3
3
3
2
2
2
5
5
4
4
5
4
4
3
2
4
4
3
3
4
1
0
0
0
1
3
2
2
0
-1
-2
-2
-1
-1
-1
-2
-3
-2
-2
-4
-3
-2
-2
-2
-3
-5
-7
-7
-8
-7
-6
-6
-6
-5
-6
-5
-4
-4
-5
-6
-6
-6
-5
-6
-5
-5
-4
-3
-2
-2
-3
-4
-1
-1
-1
0
0
0
-1
-1
-1
0
-1
-3
-1
0
1
1
1
1
1
0
0
0
0
0
0
0
1
2
1
2
2
1
2
2
1
1
1
2
1
3
4
4
4
2
1
2
2
3
3
3
3
2
3
3
1
2
2
1
-1
-1
0
0
2
2
1
0
-1
0
-1
2
0
0
-1
-1
0
0
2
1
0
-2
-1
0
-2
-1
-1
-1
0
1
0
-1
-2
-3
-4
-4
-4
-2
-1
-2
-2
-2
-3
-4
-3
-4
-3
-3
-2
-3
-2
-1
0
-1
-1
-2
-1
-1
-2
0
0
1
0
1
2
2
3
3
3
2
1
0
1
1
1
2
2
2
2
1
0
0
1
2
3
3
3
3
2
2
0
1
-1
-1
-2
-2
-1
-2
-3
-4
-3
-3
-3
-4
-4
-3
-3
-2
0
0
0
0
-1
0
-2
-2
-1
-2
-1
-1
-2
-1
-2
-1
-2
-3
-2
-2
-1
0
0
2
1
2
1
1
2
3
2
-1
-1
0
-1
1
2
1
0
-1
0
0
1
0
0
0
1
2
3
1
0
1
0
-1
0
1
1
3
2
1
2
3
2
1
1
4
3
4
6
4
4
5
4
4
5
5
5
4
3
3
2
0
-1
0
-1
-2
0
-1
-3
-3
-2
0
0
-1
-1
-1
-1
-2
-3
-2
-3
-4
-4
-4
-4
-2
-3
-3
-4
-5
-4
-2
-2
-2
-2
-2
-3
-2
-2
-2
-2
-2
0
0
0
1
1
1
1
1
1
1
0
0
-2
-3
-3
-4
-4
-5
-4
-5
-3
-2
-2
-3
-3
-3
-3
-4
-4
-5
-2
-1
-2
-2
-2
-3
-3
-2
-4
-5
-5
-4
-5
-3
-3
-3
-1
0
1
2
2
0
0
1
1
1
1
1
-1
-1
-3
-3
-1
0
0
-1
-1
-1
-1
-1
-1
0
-1
-3
-2
-3
-2
-2
-3
-2
-1
0
-2
-2
-3
-2
-1
0
0
0
2
2
1
0
0
0
3
3
3
4
3
2
2
3
2
2
2
3
3
2
3
3
5
5
3
3
5
5
6
6
6
5
6
6
5
6
4
4
6
4
4
5
5
4
4
4
5
5
5
6
4
5
5
5
5
4
4
3
2
2
3
2
2
2
3
0
2
2
1
2
2
2
3
5
5
6
4
1
1
-2
0
-1
-1
-2
-2
-1
-2
-2
-1
-1
-1
-1
-1
-2
-2
-2
-3
-2
-3
-2
-3
-4
-3
-2
-2
-2
-3
-2
-2
-2
-2
-1
-1
0
-1
0
1
1
1
-1
-1
0
2
1
1
1
1
1
2
2
1
1
2
3
2
2
4
4
3
4
2
2
2
3
1
2
2
2
1
2
1
0
2
1
1
1
0
0
0
0
-1
-1
-2
-2
-2
-2
-2
-1
-2
-1
-2
-1
0
0
-1
-2
-2
-3
-2
-2
-1
-3
-4
-3
-4
-2
-4
-4
-3
-2
-1
-1
-1
0
0
-1
-1
-1
-2
-1
-1
-2
-2
-1
-1
-2
-1
-1
-1
1
1
1
0
1
1
1
1
2
2
1
1
1
0
1
2
1
2
3
1
3
4
4
2
4
3
5
6
5
5
6
4
4
4
4
3
2
2
2
1
2
1
1
2
0
1
1
0
0
0
-1
-1
-1
-3
-2
-3
-4
-3
-4
-4
-3
-4
-4
-5
-4
-5
-5
-5
-4
-6
-5
-5
-6
-6
-5
-6
-6
-3
-4
-2
-2
-4
-4
-3
-2
-3
-3
-4
-5
-3
-4
-2
-3
-3
-4
-5
-3
-3
-3
-1
-2
-1
-1
-1
0
1
2
1
1
0
1
2
3
4
4
2
1
0
-1
-1
0
-1
0
0
3
3
2
2
2
3
3
5
4
4
3
2
1
1
0
2
1
1
1
-1
-2
-3
-3
-1
-2
-1
-2
-2
-4
-4
-3
-4
-3
-4
-3
-1
-3
-5
-5
-6
-6
-5
-4
-4
-4
-3
-3
-3
-2
-2
-2
0
-2
-2
-2
-2
-2
-2
0
0
-1
1
-1
-2
0
0
-1
0
2
3
3
3
3
3
2
2
1
1
1
1
1
2
1
1
3
3
4
6
6
6
5
4
4
5
4
3
3
4
4
4
4
4
3
3
1
-1
-1
1
1
2
2
3
1
1
1
1
0
0
0
0
0
0
0
2
2
1
0
0
0
-1
-2
-1
-1
-1
0
-2
-2
-2
-2
-3
-3
-4
-3
-2
-1
0
0
0
1
-1
-1
-1
-3
-2
-1
-2
-2
-2
-4
-4
-4
-5
-4
-5
-5
-4
-5
-4
-2
-1
-1
0
-1
-3
-2
-2
0
-1
-1
0
0
0
-2
-1
1
1
1
1
0
1
1
2
4
2
3
2
0
-1
0
1
2
1
2
2
2
2
1
1
1
0
-1
-1
-1
0
1
0
1
0
-3
-3
0
-1
-2
-3
-3
-2
-2
-1
0
-1
-2
-2
-2
-3
-3
-3
-4
-4
-3
-3
-2
-3
-3
-2
-1
-3
-2
-2
-3
-1
0
0
1
2
3
3
2
0
1
-1
-1
0
1
1
2
1
1
0
0
0
1
2
2
3
3
4
3
2
1
3
2
4
3
2
3
3
2
2
4
4
4
5
5
5
5
6
7
7
6
6
4
5
4
3
3
1
2
2
5
4
4
4
4
2
2
1
-1
0
-1
0
1
-1
0
-2
-2
-1
-2
-2
-3
-2
-3
-3
-3
-4
-3
-2
-3
-2
-3
-3
-4
-4
-3
-2
0
-1
0
-1
-2
-3
-3
-2
-1
0
-1
-1
1
-1
-1
-1
-1
-2
-1
-1
-1
-1
-2
-2
-4
-2
0
0
-1
-1
-2
-2
-3
-1
-1
-2
-2
-1
-2
-2
-2
-2
0
0
-2
-1
-1
-1
-1
-1
0
0
1
1
0
0
0
0
0
1
-5
1
2
-1
2
-2
-1
-1
2
2
2
3
2
3
3
0
1
1
-1
-2
-2
-1
0
-1
-2
-3
-3
-3
-5
-3
-3
-4
-2
-2
-2
0
0
0
1
1
2
2
2
0
0
-1
-1
-1
-1
1
-1
-2
-1
0
0
-1
-1
-1
-1
0
-1
0
0
1
0
0
-1
0
0
0
1
0
1
0
1
1
1
2
2
2
2
2
5
3
2
2
3
2
3
3
1
1
1
1
1
3
3
2
3
2
0
-1
1
-1
0
1
-1
0
0
1
1
-1
-1
-2
-2
-3
-2
-2
-2
-1
-2
-3
-2
-3
-2
-1
-2
-1
-2
-3
-2
-1
-2
-1
-1
-1
-2
-3
-1
-1
-2
0
0
0
0
2
0
-1
-1
-2
-1
2
0
0
-2
-1
-2
-2
-1
0
0
0
1
-1
0
0
0
0
1
2
2
1
1
1
2
3
3
3
3
1
1
2
2
2
2
1
2
3
3
3
3
4
3
3
3
4
3
2
1
0
-1
0
0
0
1
2
2
1
3
1
0
1
0
1
0
0
0
0
-1
0
-1
-1
0
-1
1
0
-2
0
1
1
0
1
0
0
0
0
0
1
3
3
2
1
1
1
0
0
0
1
1
0
1
0
0
0
2
1
1
0
-1
0
1
4
4
4
5
2
2
1
0
1
3
3
5
6
4
2
1
2
1
1
2
2
1
2
3
1
2
4
3
4
4
2
3
4
5
5
4
1
1
0
-1
0
1
1
1
1
0
-1
-2
-3
-3
-1
1
0
2
2
1
0
-1
-3
-3
-1
-2
-1
-2
-4
-4
-5
-4
-3
-3
-5
-5
-5
-6
-3
-1
-2
0
2
2
1
-1
-1
0
-1
0
0
-1
-2
-2
-3
-2
-3
-1
-1
-1
0
-1
-3
-2
-2
-1
-1
0
0
-1
0
-2
-2
-2
-1
-1
-2
-1
-4
-3
-3
-3
-2
-2
-2
-1
-2
-2
-1
0
1
1
1
1
0
0
-1
-2
-1
1
3
1
0
1
0
0
-1
1
2
-1
1
0
-1
1
0
-1
0
0
0
0
2
-1
-2
-1
-1
-1
-1
0
0
0
2
-1
-2
-2
-1
-1
1
3
2
1
1
0
0
0
0
1
-2
-3
-2
-2
-1
0
2
-1
0
-1
0
0
-1
0
0
0
1
0
-2
-2
-1
-1
1
0
1
0
0
0
0
-1
1
2
1
2
1
2
1
1
1
-1
0
3
2
3
3
3
2
2
3
4
4
5
5
4
6
5
4
3
2
2
3
3
5
4
3
3
1
2
1
1
1
1
0
1
1
0
0
0
1
1
0
0
0
2
0
2
2
0
1
-2
-4
-4
-4
-5
-3
-2
-3
-4
-3
-5
-6
-6
-7
-6
-6
-4
-6
-5
-5
-6
-6
-7
-6
-7
-6
-7
-7
-6
-7
-5
-4
-5
-5
-8
-8
-7
-6
-6
-5
-3
-3
-4
-2
-3
0
0
2
3
3
3
2
4
5
5
7
6
7
8
9
7
6
8
6
9
10
10
10
10
10
9
10
10
10
11
11
11
10
11
12
12
13
12
12
10
10
6
8
7
4
2
2
3
3
2
1
-1
-1
-1
-2
-2
-2
-2
-5
-5
-6
-8
-10
-13
-16
-18
-19
-23
-24
-26
-28
-30
-33
-36
-39
-41
-42
-44
-46
-47
-49
-52
-53
-54
-53
-55
-55
-59
-61
-60
-60
-55
-54
-51
-49
-48
-45
-42
-37
-33
-28
-23
-19
-13
-10
-4
1
6
12
16
22
26
32
39
44
51
60
66
72
79
87
93
101
107
111
117
124
126
128
131
133
133
135
133
131
129
124
121
118
116
112
110
109
104
105
103
102
100
99
99
98
96
97
95
93
89
83
76
67
59
45
33
19
1
-17
-39
-60
-83
-106
-133
-156
-179
-205
-227
-253
-278
-300
-323
-344
-365
-384
-402
-419
-434
-446
-460
-468
-476
-481
-482
-478
-475
-464
-449
-435
-411
-385
-358
-325
-285
-247
-203
-155
-106
-55
-1
54
106
161
218
266
314
364
408
452
496
534
568
604
630
654
675
694
711
724
733
739
741
742
736
726
714
699
677
656
632
602
574
540
507
474
437
399
360
319
279
238
199
163
127
90
53
14
-25
-65
-107
-147
-185
-226
-268
-311
-355
-399
-446
-491
-538
-584
-629
-674
-720
-763
-803
-843
-880
-912
-945
-972
-998
-1022
-1043
-1060
-1072
-1082
-1085
-1081
-1074
-1062
-1040
-1010
-975
-927
-874
-813
-737
-655
-560
-453
-338
-208
-75
58
190
322
455
592
720
841
958
1056
1145
1226
1283
1326
1357
1368
1371
1363
1338
1299
1253
1193
1129
1055
979
898
812
729
647
565
491
415
339
273
205
138
78
25
-28
-66
-103
-137
-166
-191
-209
-223
-230
-231
-229
-217
-201
-175
-143
-114
-83
-51
-22
0
20
37
48
64
68
58
44
16
-23
-60
-104
-158
-208
-257
-304
-351
-399
-453
-515
-568
-617
-667
-711
-747
-786
-816
-847
-880
-912
-945
-973
-990
-1007
-1023
-1032
-1041
-1045
-1037
-1022
-1008
-986
-952
-912
-858
-780
-693
-593
-458
-302
-149
17
183
332
494
680
850
1012
1175
1302
1406
1507
1570
1599
1625
1629
1611
1582
1537
1459
1370
1290
1190
1081
973
841
695
571
449
319
222
120
5
-86
-168
-269
-354
-421
-488
-528
-543
-560
-581
-582
-574
-563
-536
-495
-460
-411
-338
-264
-184
-82
13
87
178
254
289
343
404
428
458
494
477
449
432
378
313
262
201
120
47
-20
-113
-209
-283
-377
-486
-573
-678
-798
-883
-958
-1041
-1097
-1149
-1211
-1261
-1302
-1342
-1368
-1384
-1387
-1387
-1376
-1349
-1330
-1300
-1249
-1198
-1141
-1060
-967
-861
-714
-529
-330
-116
109
318
515
734
954
1152
1361
1561
1716
1862
1985
2052
2099
2134
2136
2112
2065
1987
1873
1757
1644
1511
1374
1235
1055
863
683
492
314
175
39
-92
-194
-306
-430
-533
-626
-706
-759
-796
-825
-853
-863
-858
-845
-802
-751
-696
-620
-529
-436
-333
-198
-64
65
210
325
405
493
561
594
635
669
652
632
617
557
492
434
355
262
176
92
-16
-120
-203
-314
-429
-526
-648
-781
-878
-980
-1084
-1155
-1230
-1308
-1360
-1405
-1442
-1462
-1473
-1474
-1476
-1474
-1459
-1441
-1408
-1346
-1289
-1228
-1149
-1076
-975
-831
-669
-465
-235
-19
204
418
611
833
1071
1293
1528
1735
1884
2011
2101
2159
2213
2241
2245
2223
2152
2056
1930
1790
1654
1505
1337
1151
930
700
480
278
106
-37
-178
-318
-457
-613
-744
-846
-924
-958
-975
-1001
-1019
-1042
-1062
-1049
-999
-927
-841
-749
-660
-572
-470
-343
-200
-33
150
317
453
565
643
706
784
852
897
927
924
875
820
752
661
575
493
393
287
182
60
-64
-175
-284
-400
-516
-634
-766
-893
-998
-1094
-1180
-1246
-1312
-1378
-1426
-1466
-1505
-1523
-1529
-1534
-1525
-1513
-1499
-1474
-1434
-1385
-1333
-1286
-1238
-1179
-1093
-965
-792
-586
-360
-138
74
289
492
722
973
1216
1480
1714
1902
2072
2183
2260
2328
2368
2385
2377
2318
2218
2090
1932
1771
1605
1427
1245
1039
818
599
371
161
-14
-178
-307
-418
-540
-646
-743
-831
-888
-928
-956
-962
-952
-927
-882
-825
-759
-688
-610
-520
-416
-300
-168
-21
134
285
426
548
651
745
834
912
961
996
997
959
912
844
757
672
581
474
348
218
72
-80
-209
-330
-453
-570
-694
-838
-977
-1103
-1219
-1312
-1385
-1457
-1530
-1594
-1656
-1701
-1715
-1695
-1660
-1628
-1600
-1585
-1578
-1548
-1485
-1399
-1295
-1186
-1098
-1037
-989
-929
-830
-677
-455
-210
18
235
420
595
804
1040
1281
1537
1776
1958
2112
2230
2312
2396
2467
2509
2504
2436
2296
2122
1949
1797
1656
1513
1344
1122
865
595
328
97
-86
-243
-381
-516
-665
-818
-945
-1042
-1106
-1138
-1171
-1208
-1239
-1248
-1217
-1150
-1054
-951
-851
-758
-671
-572
-445
-283
-96
105
299
457
592
719
822
930
1040
1107
1140
1151
1119
1079
1045
990
922
832
699
537
369
209
72
-51
-163
-287
-445
-606
-775
-933
-1052
-1148
-1230
-1310
-1390
-1476
-1550
-1596
-1617
-1600
-1563
-1528
-1493
-1473
-1454
-1413
-1350
-1254
-1137
-1027
-931
-856
-797
-745
-674
-585
-474
-323
-161
-3
153
295
425
565
719
880
1046
1224
1387
1529
1660
1751
1813
1857
1880
1890
1882
1840
1760
1660
1550
1426
1300
1165
1005
825
641
453
272
116
-15
-125
-215
-306
-412
-520
-621
-698
-735
-747
-743
-732
-721
-707
-685
-645
-594
-525
-437
-342
-237
-128
-18
108
238
378
516
635
744
838
914
979
1035
1060
1051
1027
973
894
801
696
569
432
286
126
-41
-194
-344
-491
-627
-772
-919
-1053
-1169
-1269
-1343
-1406
-1476
-1547
-1614
-1674
-1711
-1711
-1679
-1623
-1549
-1469
-1396
-1323
-1235
-1137
-1028
-902
-780
-665
-549
-436
-330
-229
-138
-77
-39
-9
8
43
109
193
296
384
459
505
543
600
669
770
898
1023
1138
1220
1267
1299
1330
1365
1404
1435
1438
1407
1359
1300
1231
1165
1090
997
893
779
660
547
448
361
279
203
116
29
-45
-115
-157
-184
-210
-241
-278
-310
-332
-338
-328
-316
-303
-290
-272
-247
-215
-167
-109
-44
21
72
116
158
202
253
298
334
345
334
305
262
207
148
78
-1
-87
-183
-287
-391
-491
-585
-674
-758
-844
-930
-1004
-1066
-1114
-1150
-1173
-1186
-1185
-1173
-1148
-1111
-1064
-1007
-941
-866
-782
-688
-582
-470
-357
-244
-134
-37
48
133
204
271
324
359
385
406
414
409
388
350
298
238
187
157
146
150
167
177
180
180
174
184
225
283
359
442
501
542
569
588
615
651
689
718
731
729
716
697
684
681
680
681
678
661
636
605
571
542
514
477
443
402
353
295
223
133
36
-64
-156
-237
-299
-351
-398
-442
-483
-517
-537
-534
-503
-455
-398
-343
-298
-256
-208
-156
-98
-41
-3
10
7
-9
-29
-35
-40
-52
-71
-105
-158
-221
-277
-317
-347
-366
-385
-415
-448
-473
-489
-493
-484
-472
-462
-454
-447
-434
-406
-363
-309
-259
-222
-193
-171
-144
-96
-36
28
81
119
143
157
178
206
237
264
273
258
222
176
138
106
86
58
12
-57
-147
-231
-296
-342
-355
-359
-362
-369
-382
-389
-386
-353
-301
-234
-160
-92
-28
35
106
191
282
369
444
512
575
638
700
768
827
869
890
888
869
842
814
783
745
695
627
543
448
354
267
186
108
32
-41
-109
-167
-212
-248
-276
-298
-316
-328
-332
-332
-317
-298
-277
-262
-252
-239
-228
-209
-183
-163
-144
-132
-125
-120
-110
-90
-71
-52
-39
-32
-29
-29
-20
-13
-7
-4
-14
-33
-53
-71
-78
-79
-80
-86
-104
-127
-146
-154
-143
-120
-88
-58
-35
-22
-11
3
21
50
77
97
103
95
85
76
72
64
47
14
-31
-89
-140
-181
-212
-237
-266
-306
-359
-415
-466
-503
-518
-512
-496
-477
-455
-430
-397
-347
-283
-211
-127
-45
38
123
209
299
385
470
546
607
654
687
712
733
748
757
754
738
705
657
604
544
485
424
362
301
235
169
99
32
-34
-99
-155
-210
-259
-306
-345
-386
-422
-453
-477
-493
-498
-493
-481
-463
-438
-407
-369
-322
-267
-207
-142
-76
-13
41
99
152
202
254
298
332
353
363
362
360
359
355
350
341
319
293
263
234
208
189
172
153
131
104
75
51
34
16
2
-14
-34
-60
-87
-113
-133
-151
-170
-188
-206
-228
-248
-262
-271
-271
-271
-263
-260
-257
-251
-242
-225
-210
-189
-174
-162
-155
-150
-145
-138
-127
-118
-109
-100
-98
-94
-86
-73
-56
-37
-18
-3
9
23
38
56
75
92
104
111
107
99
96
85
72
59
40
19
-8
-36
-63
-87
-113
-135
-151
-168
-182
-196
-202
-204
-206
-196
-180
-155
-135
-116
-93
-69
-43
-18
20
62
100
142
179
215
252
288
323
364
404
444
478
502
524
540
555
567
578
578
572
560
538
511
483
450
409
360
314
266
213
168
115
58
-1
-55
-99
-146
-189
-229
-257
-288
-333
-360
-375
-395
-409
-411
-402
-411
-415
-404
-392
-382
-359
-320
-296
-275
-256
-233
-213
-193
-162
-145
-133
-118
-102
-95
-97
-103
-105
-103
-107
-116
-124
-144
-181
-208
-228
-252
-283
-307
-321
-348
-382
-407
-429
-442
-444
-436
-434
-438
-411
-396
-396
-381
-356
-329
-320
-277
-228
-203
-162
-117
-65
-11
45
99
139
182
225
272
317
361
408
445
470
487
499
510
533
558
576
572
570
557
552
557
541
533
539
539
525
519
515
477
442
420
398
379
360
333
280
217
158
117
78
33
-7
-37
-62
-93
-124
-146
-166
-183
-197
-203
-212
-232
-232
-211
-219
-215
-198
-176
-170
-173
-141
-143
-128
-108
-88
-79
-85
-56
-60
-47
-30
-26
-15
-28
-9
-15
-24
-13
-20
-18
-20
-26
-61
-101
-128
-147
-160
-170
-187
-216
-239
-266
-297
-324
-346
-363
-388
-403
-403
-416
-435
-436
-408
-398
-402
-385
-377
-372
-357
-341
-291
-252
-223
-218
-196
-149
-121
-67
-19
-1
27
82
141
192
194
227
280
309
316
334
392
369
408
390
441
412
444
367
562
853
306
150
424
882
321
-75
342
324
216
28
199
104
31
102
-24
-79
-14
41
-27
-91
-85
-76
-142
-42
1
-24
-80
-20
-7
301
490
47
-151
157
616
74
-146
108
93
14
-70
77
-67
37
136
-68
-75
69
96
46
56
98
-11
-130
17
43
-26
-130
-100
-35
-177
-162
-106
-154
-252
-247
-176
-235
-294
-268
-253
-331
-381
-328
-250
-302
-362
-241
-214
-262
-267
-224
-190
-267
-223
-179
-222
-228
-231
-135
-146
-214
-145
-88
-65
-128
-85
-29
-69
-13
53
62
28
104
154
120
78
171
216
122
160
199
224
139
155
240
185
158
166
194
130
120
149
112
98
111
131
96
93
87
64
74
51
89
126
120
103
78
164
149
87
123
142
190
114
112
181
191
187
144
270
255
193
227
264
253
217
263
244
205
193
206
161
143
132
106
80
33
51
38
-23
-46
10
-19
-116
-131
-69
-140
-205
-155
-177
-218
-318
-239
-235
-308
-331
-316
-248
-337
-343
-277
-284
-341
-319
-260
-262
-306
-254
-174
-187
-273
-254
-136
-82
-197
-189
-65
-62
-116
-124
17
-53
-89
-13
14
7
-67
-9
105
94
-27
-21
145
148
-50
23
192
157
35
53
175
82
29
44
144
130
7
15
119
97
-126
-22
131
27
-75
31
96
-86
-66
81
107
51
88
135
130
90
137
161
197
207
163
269
200
185
148
334
335
172
233
334
344
127
269
291
238
201
263
297
189
193
153
205
173
97
102
128
50
67
-32
-26
-70
-64
-20
-228
-105
-143
-216
-334
-152
-153
-360
-381
-131
-203
-442
-289
-145
-249
-430
-149
-220
-246
-218
-169
-245
-93
-106
-184
-239
55
17
-314
-88
-69
117
-367
-51
104
-125
-109
-215
216
-93
35
-174
-36
131
14
-150
-152
352
-188
-206
19
227
-232
-243
74
34
-93
-242
23
13
-69
-229
-12
-36
-139
-134
-54
-21
-122
-132
-14
40
-55
-29
-51
315
-154
-13
260
168
68
-38
480
115
176
136
254
365
106
308
308
327
226
234
389
189
210
284
293
83
188
312
84
162
44
258
131
-21
135
224
83
-87
151
124
-106
3
164
-116
-204
52
61
-66
-295
99
126
-281
-107
-48
219
-339
-209
215
-138
-149
-257
148
-134
-170
-215
-118
133
-169
-259
13
23
-263
-97
-141
-114
-210
-222
-174
-12
-309
-341
-77
104
-518
-262
200
-205
-316
-174
212
-504
-5
-93
-218
-28
-260
-13
-307
19
-157
-247
-12
-235
38
-207
-70
-85
-141
85
-124
-81
-78
169
50
-146
86
287
41
-53
217
326
112
46
276
270
217
170
178
421
123
197
331
255
280
6
479
203
230
191
208
387
34
228
144
221
56
104
204
43
6
-20
171
-66
-108
39
-12
-36
-256
-40
108
-133
-234
-133
147
-111
-214
73
37
0
-170
198
176
-139
123
120
220
65
64
173
33
213
-67
176
111
-23
-48
-29
450
-296
-239
14
258
-69
-435
-10
-50
23
-467
-158
54
-264
-375
-229
166
-267
-540
7
-167
-297
-198
-192
-310
-373
-7
-306
-231
-206
-376
-132
18
-226
-421
-231
167
-95
-363
-111
40
11
-394
-15
254
-193
-126
29
201
-7
-22
200
-166
208
240
-15
-29
213
293
-24
172
193
177
82
176
317
188
111
202
271
304
184
188
244
143
293
154
238
91
202
204
86
284
84
169
83
62
245
112
64
13
137
256
-2
61
-3
340
-37
-55
230
160
153
-220
299
200
86
-72
210
245
51
143
-20
273
28
47
-15
263
-97
36
-69
-23
42
-164
-6
-345
127
-267
-225
-192
-58
-297
-468
4
-374
-180
-424
-431
-157
-351
-204
-750
-82
-371
-597
-60
-429
-298
-605
36
-301
-374
-147
-259
-240
-20
-42
-466
-44
74
-92
-438
158
15
-208
-159
58
89
-263
188
-284
142
136
72
-276
68
466
-269
7
-15
389
-190
-11
287
108
95
-126
302
265
220
149
81
273
528
250
108
282
521
233
103
507
343
194
215
484
433
133
246
331
339
259
196
364
207
216
118
310
309
-18
99
126
256
-13
85
58
-18
18
-15
64
-8
-253
-55
118
39
-195
-234
89
21
-181
-210
106
-2
-242
-273
176
-109
-326
-213
50
-114
-488
54
-84
-211
-424
-71
-14
-455
-170
-253
-96
-207
-428
-355
46
-146
-628
-497
319
-243
-612
-78
-49
-279
-457
215
-383
-290
-153
-200
-185
-226
-35
-386
-173
-116
-296
-6
-206
-289
-395
22
146
-535
-199
-33
-36
-374
-156
160
-128
-328
-39
253
16
-167
113
319
-13
107
325
381
162
151
495
563
345
267
475
658
475
426
590
573
528
396
612
556
473
466
397
532
366
413
208
343
348
285
303
-14
226
188
183
9
-87
194
89
-221
50
-34
-81
-202
-154
74
-195
-178
-262
91
-77
-246
-120
-43
113
-142
39
-137
28
85
-3
13
-242
128
44
148
-359
-90
420
-51
-461
-128
394
-154
-265
-202
-75
-134
-143
-343
-360
23
-522
-664
-87
-179
-705
-829
-16
-168
-994
-663
-261
-237
-920
-749
-187
-244
-871
-929
-8
-500
-693
-643
-168
-208
-973
-365
-167
-287
-513
-353
-20
-258
-188
-304
116
225
-76
96
222
586
178
100
667
754
605
292
679
839
678
683
583
883
736
585
717
680
811
659
510
640
714
640
341
453
586
488
217
312
515
40
169
184
169
122
-50
165
-38
-115
-111
61
-20
-114
-181
-254
-9
56
-131
-441
40
85
12
-105
31
41
-192
209
327
196
-324
88
192
366
-209
-56
229
-136
189
-249
148
-353
50
-182
-145
-111
-396
-266
-468
203
-639
-482
-465
-345
-631
-775
-265
-823
-640
-507
-515
-1116
-805
-197
-774
-802
-729
-299
-972
-607
-205
-826
-494
-613
-80
-675
-452
-372
-550
281
-252
-261
-471
337
161
-71
309
159
484
136
749
520
457
605
764
994
550
816
726
886
831
869
820
642
829
703
665
545
741
557
389
526
429
337
185
398
307
176
71
20
129
143
-32
-227
-129
40
66
-328
-252
-235
0
-60
-320
-147
-238
49
-134
-128
-101
145
31
-82
422
-51
75
245
357
135
298
340
19
239
516
354
-272
394
470
19
153
29
76
164
-12
-116
-104
10
-552
-106
-13
-327
-888
-424
-1
-900
-400
-863
-430
-822
-439
-690
-1053
-498
-850
-545
-712
-685
-867
-734
-520
-480
-838
-668
-633
-439
-554
-652
-514
-457
-94
-418
-336
-286
8
115
34
156
195
362
378
538
567
476
672
793
705
723
656
841
805
813
880
534
622
749
782
529
431
555
432
381
336
274
145
193
184
39
-31
-56
-10
-141
-169
-101
-219
-236
-251
-201
-206
-249
-197
-224
-238
-45
-148
-101
-189
81
231
-172
19
264
630
-170
130
520
492
324
69
659
234
561
302
150
427
388
329
-70
321
300
113
-13
126
-3
-120
20
-195
-259
-562
46
-454
-736
-552
-405
-440
-981
-580
-814
-613
-744
-696
-991
-774
-400
-1025
-663
-656
-459
-926
-796
-270
-466
-634
-993
-463
-169
-290
-689
-449
-254
0
-118
-307
46
205
382
-60
446
652
349
302
738
975
537
537
698
986
866
703
670
649
810
806
590
506
551
587
508
298
287
265
255
270
131
-22
-128
39
-26
-181
-152
-179
-255
-443
-213
-201
-358
-416
-262
-41
-411
-313
-256
54
-33
-193
38
-73
201
112
301
242
367
343
346
521
498
649
314
475
519
748
425
218
580
536
368
209
476
140
213
162
115
-91
79
-42
-500
-112
-150
-500
-726
-116
-630
-497
-923
-626
-409
-779
-603
-1164
-242
-822
-749
-954
-463
-504
-946
-532
-850
-146
-807
-656
-739
-137
-356
-640
-134
-296
-107
-457
230
352
191
-101
137
669
734
406
245
852
930
677
525
771
938
779
743
800
751
515
624
788
636
485
256
383
392
284
163
57
147
37
-149
-241
-148
-256
-330
-273
-388
-484
-532
-516
-487
-466
-463
-476
-424
-389
-441
-381
-145
-120
-135
-86
-134
164
120
158
343
367
375
299
530
608
633
402
544
637
667
589
310
679
515
375
434
342
366
79
240
237
-38
23
-140
-381
-141
-163
-445
-578
-654
-179
-759
-844
-673
-660
-483
-972
-699
-837
-705
-750
-852
-789
-369
-609
-902
-914
-226
-324
-928
-380
-571
54
-419
-308
-383
115
360
-139
279
391
564
216
689
866
727
793
832
891
925
966
869
935
946
895
682
631
742
661
578
468
361
297
244
189
125
66
61
-29
-249
-274
-236
-334
-365
-437
-443
-585
-615
-550
-678
-594
-596
-518
-604
-619
-503
-425
-388
-243
-67
-231
-87
27
243
166
189
363
471
563
333
509
631
622
588
561
624
540
593
575
426
551
417
369
173
285
277
-9
136
-124
-19
-328
-332
-161
-436
-552
-672
-389
-622
-848
-874
-665
-626
-880
-1054
-913
-565
-885
-1030
-780
-572
-868
-746
-680
-391
-717
-635
-176
-251
-117
-637
-83
321
399
162
15
436
562
802
663
631
857
1013
1002
879
943
1099
1067
1039
1069
947
783
834
918
863
685
535
471
467
376
214
76
127
147
-140
-344
-313
-230
-294
-496
-555
-604
-632
-684
-645
-621
-708
-718
-717
-613
-729
-633
-517
-428
-325
-430
-374
-229
-31
84
56
142
268
228
295
393
645
480
375
713
681
531
207
687
761
443
418
292
412
249
344
94
73
158
-10
-101
-449
11
-271
-488
-391
-437
-472
-845
-386
-624
-668
-796
-617
-511
-1036
-687
-782
-526
-605
-803
-847
-715
-340
-692
-467
-368
-257
-484
-203
116
-147
133
280
469
254
443
577
684
856
812
930
920
947
930
1083
1087
981
987
1000
953
766
768
784
729
601
452
390
342
295
158
92
74
-40
-218
-272
-277
-330
-400
-475
-527
-605
-682
-616
-666
-715
-680
-721
-692
-649
-636
-748
-541
-312
-350
-425
-361
-124
-104
10
135
167
120
275
443
364
437
434
547
487
480
462
481
602
348
306
466
369
151
53
273
227
-112
-88
-208
-247
-311
-272
-365
-502
-701
-645
-578
-471
-830
-1017
-723
-637
-468
-1314
-712
-801
-677
-709
-897
-476
-1056
-462
-462
-223
-451
-609
-98
-22
305
-85
19
430
566
520
489
679
825
979
936
862
854
1075
1186
1091
1001
982
945
959
1019
832
727
691
729
685
401
274
286
318
289
21
-212
-213
-100
-169
-373
-494
-512
-463
-502
-627
-722
-684
-616
-601
-687
-718
-699
-611
-490
-411
-421
-472
-359
-220
-9
-94
-37
69
158
265
183
378
351
470
411
393
474
432
514
383
468
345
341
277
224
291
79
17
-4
42
-160
-346
-276
-297
-367
-592
-569
-539
-669
-727
-890
-576
-631
-1137
-974
-667
-645
-988
-820
-715
-815
-797
-644
-438
-579
-315
-447
-462
-156
143
84
67
264
403
529
502
709
746
954
1019
1039
998
1024
1178
1170
1337
1229
1004
976
1097
1214
1015
815
826
763
657
571
473
385
327
299
88
-101
-138
-119
-151
-295
-425
-491
-561
-556
-552
-625
-661
-618
-625
-726
-703
-623
-563
-550
-462
-339
-533
-507
-192
-36
-81
-104
-18
100
208
175
167
308
582
362
168
332
575
401
279
449
379
216
117
212
213
47
-11
-32
-150
-210
-408
-341
-417
-317
-617
-802
-663
-737
-660
-957
-780
-954
-963
-809
-909
-765
-1137
-774
-694
-772
-630
-833
-391
-568
-332
-290
-233
56
-141
250
325
484
319
405
955
824
830
968
1071
1048
999
1245
1277
1193
1172
1129
1102
1131
1107
952
895
929
791
584
552
493
426
274
172
104
-50
-128
-174
-233
-354
-451
-523
-575
-594
-621
-663
-701
-700
-661
-711
-733
-655
-561
-450
-457
-548
-450
-256
-138
-197
-91
3
-71
142
163
211
182
375
361
270
443
283
362
367
520
219
63
338
213
162
-36
-42
-149
-158
-193
-439
-464
-432
-565
-695
-705
-834
-843
-856
-847
-1072
-1004
-983
-1002
-1091
-890
-855
-1111
-910
-818
-585
-879
-658
-229
-324
-399
-339
131
240
232
310
394
686
734
842
896
1057
1136
1132
1275
1276
1368
1267
1363
1380
1318
1290
1115
1224
1187
1033
898
809
775
646
548
433
301
238
120
-69
-156
-161
-258
-413
-445
-498
-625
-635
-590
-693
-728
-670
-651
-673
-648
-595
-511
-412
-412
-312
-306
-197
-67
20
88
86
194
296
389
402
430
429
540
628
511
374
518
609
487
377
317
257
197
265
88
-58
-187
-178
-240
-484
-363
-627
-765
-797
-702
-801
-1215
-1120
-1044
-828
-1322
-1389
-1162
-1069
-1129
-1290
-1024
-1096
-899
-952
-766
-641
-702
-456
-265
41
-103
-49
306
503
497
698
816
780
1099
1204
1169
1066
1380
1509
1411
1333
1275
1393
1386
1399
1248
1100
1065
1079
895
762
735
573
433
333
257
24
-127
-90
-137
-367
-514
-584
-696
-672
-699
-785
-865
-854
-823
-859
-854
-825
-666
-618
-690
-619
-489
-395
-292
-127
-66
-104
-14
241
259
229
382
478
490
518
601
545
536
662
675
551
380
470
452
396
313
179
94
-113
-13
-197
-338
-415
-529
-536
-813
-805
-938
-1044
-995
-1045
-1178
-1392
-1214
-1194
-1263
-1276
-1241
-1090
-1172
-1039
-937
-831
-747
-711
-447
-241
-166
-190
88
383
392
526
709
809
940
1085
1233
1217
1280
1497
1521
1439
1493
1509
1498
1472
1460
1398
1239
1217
1152
1030
896
789
675
548
451
265
69
29
-29
-192
-404
-455
-546
-641
-674
-752
-851
-926
-852
-824
-949
-971
-769
-750
-753
-697
-594
-534
-485
-242
-254
-185
-48
67
139
201
359
328
423
542
604
491
592
707
652
618
547
594
480
516
480
266
192
204
111
-132
-220
-139
-347
-594
-583
-651
-849
-967
-950
-1032
-1120
-1167
-1269
-1309
-1242
-1216
-1318
-1284
-1059
-1142
-1083
-955
-869
-683
-582
-401
-392
-227
40
117
298
488
564
711
815
1031
1110
1130
1305
1379
1472
1436
1428
1467
1496
1572
1461
1319
1302
1275
1150
1065
983
858
704
598
514
293
191
98
-44
-199
-292
-424
-548
-596
-682
-722
-846
-877
-870
-904
-923
-880
-806
-819
-763
-751
-684
-523
-417
-369
-332
-205
-94
-46
105
211
274
371
396
458
459
599
634
593
669
581
562
483
524
544
374
293
268
261
28
-149
-85
-140
-311
-448
-653
-740
-657
-703
-969
-1114
-1028
-1039
-1227
-1192
-1192
-1304
-1096
-1055
-1070
-1208
-1032
-802
-660
-548
-646
-500
-324
5
50
121
155
435
698
668
730
781
1136
1223
1220
1180
1160
1346
1439
1456
1394
1287
1232
1291
1273
1175
950
900
964
839
595
370
373
384
260
40
-151
-271
-261
-299
-450
-617
-691
-666
-719
-757
-822
-885
-795
-712
-747
-853
-812
-595
-486
-471
-506
-445
-287
-145
-50
-54
-39
93
242
283
221
296
400
432
514
493
281
317
547
484
318
176
204
118
150
153
-186
-197
-216
-321
-455
-518
-548
-794
-673
-718
-857
-1003
-1047
-877
-942
-913
-1105
-960
-932
-913
-733
-693
-604
-688
-465
-307
-277
-95
-6
100
331
342
409
530
764
926
855
979
991
1054
1192
1217
1232
1213
1228
1222
1150
1118
1096
1029
1035
927
762
665
594
576
478
329
172
54
-6
-57
-185
-294
-379
-423
-484
-601
-674
-681
-615
-633
-723
-749
-710
-659
-575
-548
-550
-519
-450
-339
-332
-236
-196
-94
-18
-1
33
38
233
239
265
201
264
347
298
305
247
301
185
194
137
25
5
1
1
-278
-345
-352
-297
-353
-560
-727
-701
-540
-633
-803
-928
-784
-772
-670
-763
-933
-839
-556
-376
-527
-594
-537
-262
-73
102
-74
-15
230
397
506
423
625
728
882
914
849
899
989
1198
1218
1095
998
1032
1061
1097
1059
920
863
826
776
576
516
536
468
353
201
41
-68
-32
-39
-168
-324
-386
-438
-506
-517
-510
-550
-588
-579
-581
-640
-609
-469
-453
-429
-416
-425
-414
-275
-132
-154
-159
-101
-60
-33
101
127
86
62
209
221
122
140
136
254
106
65
-20
-29
24
-57
-59
-312
-312
-346
-290
-436
-517
-509
-593
-557
-687
-729
-756
-530
-593
-681
-807
-717
-551
-387
-366
-535
-358
-310
-90
-124
17
26
156
402
287
359
367
666
755
774
702
636
847
955
981
915
882
887
896
865
830
774
805
774
648
518
416
443
462
373
192
56
8
4
-34
-131
-241
-264
-278
-356
-441
-438
-403
-382
-429
-513
-517
-456
-355
-353
-343
-378
-369
-317
-239
-186
-181
-140
-133
-122
-111
-61
-22
11
27
-7
-65
-45
-4
5
-15
-20
-67
-163
-183
-152
-155
-189
-251
-337
-394
-353
-358
-400
-439
-383
-476
-588
-494
-494
-425
-426
-268
-454
-580
-307
-126
-94
-228
-65
-59
-2
183
205
207
328
499
418
367
486
654
669
731
724
585
600
745
867
757
680
661
628
629
597
538
499
542
500
281
167
220
255
216
124
7
-110
-108
-53
-80
-188
-250
-245
-239
-312
-340
-272
-255
-215
-271
-313
-329
-243
-93
-133
-189
-175
-124
-83
-54
4
-28
-47
35
3
-58
-35
48
46
-62
-99
-119
-181
-97
-120
-227
-350
-321
-264
-389
-425
-445
-462
-539
-512
-516
-657
-662
-508
-533
-687
-676
-576
-594
-502
-368
-470
-571
-323
-137
-212
-126
-15
49
59
314
365
277
494
611
642
577
728
807
806
913
874
823
816
908
924
849
799
770
711
672
628
539
489
434
400
255
129
112
101
30
-68
-154
-264
-288
-247
-282
-396
-427
-394
-418
-437
-417
-402
-378
-335
-272
-313
-291
-206
-102
-53
-72
-8
-5
65
142
197
160
155
269
242
199
198
234
189
201
182
87
6
36
29
-120
-177
-201
-290
-352
-356
-458
-543
-579
-540
-647
-726
-688
-758
-735
-751
-692
-754
-766
-557
-638
-627
-506
-343
-320
-314
-126
-108
-29
179
300
288
411
544
575
612
776
876
856
937
927
931
934
993
1042
992
940
856
806
775
744
679
600
505
384
271
183
145
80
-32
-150
-248
-337
-398
-415
-484
-563
-601
-632
-690
-701
-681
-666
-662
-651
-647
-641
-547
-489
-466
-411
-347
-321
-271
-168
-110
-85
-34
11
43
70
128
189
179
133
120
151
160
162
110
56
-2
13
-32
-160
-175
-185
-198
-297
-346
-442
-495
-415
-397
-515
-645
-599
-542
-508
-509
-587
-594
-432
-309
-368
-415
-288
-140
-50
39
29
65
217
424
487
410
499
632
781
824
780
799
846
992
1029
923
867
915
969
940
841
772
741
739
702
543
433
384
410
332
186
53
-35
-14
-61
-164
-303
-332
-338
-361
-447
-529
-523
-484
-464
-552
-594
-590
-524
-446
-430
-476
-499
-409
-313
-312
-311
-270
-219
-161
-142
-143
-157
-87
-19
-23
-48
-38
-27
-40
8
21
-27
-86
-40
-39
-68
-72
-96
-121
-132
-131
-152
-167
-149
-166
-197
-121
-145
-129
-188
-133
-27
-2
6
-52
59
94
164
212
225
242
294
395
404
419
436
501
554
588
550
514
576
620
642
587
527
505
517
526
485
417
385
351
317
277
201
169
141
124
66
-6
-67
-92
-85
-115
-167
-212
-235
-268
-259
-268
-292
-291
-314
-322
-342
-323
-311
-340
-306
-320
-344
-343
-307
-308
-334
-306
-323
-347
-339
-333
-359
-350
-347
-376
-432
-402
-378
-426
-394
-442
-431
-460
-429
-405
-416
-350
-399
-343
-342
-278
-263
-234
-151
-130
-59
-57
0
70
208
242
241
331
389
447
487
598
615
620
691
731
753
736
776
791
780
763
719
727
708
681
643
560
521
470
418
366
309
262
165
108
55
23
-15
-63
-121
-186
-221
-243
-238
-252
-266
-304
-302
-298
-302
-276
-257
-227
-212
-217
-225
-206
-129
-90
-102
-94
-98
-99
-96
-60
-55
-83
-96
-120
-163
-185
-200
-214
-235
-294
-333
-408
-415
-433
-482
-513
-549
-556
-619
-640
-643
-647
-629
-632
-635
-649
-610
-546
-489
-452
-422
-357
-304
-180
-127
-67
-3
121
253
288
379
430
551
637
744
781
791
876
932
982
981
1007
1014
1012
1011
975
924
883
870
854
764
664
586
519
466
396
310
211
131
64
-23
-99
-166
-213
-258
-323
-381
-432
-449
-450
-446
-452
-491
-484
-463
-444
-431
-408
-378
-363
-328
-319
-306
-266
-214
-197
-199
-199
-206
-183
-160
-160
-185
-211
-223
-233
-254
-287
-328
-357
-376
-417
-441
-480
-503
-521
-525
-546
-597
-584
-574
-551
-547
-548
-539
-510
-437
-373
-327
-270
-215
-152
-61
46
128
197
298
376
446
512
600
672
748
804
842
867
895
950
975
988
959
946
925
900
877
843
795
721
665
591
514
461
401
330
250
176
112
57
26
-30
-90
-145
-176
-209
-245
-252
-262
-261
-290
-293
-301
-288
-264
-246
-246
-268
-259
-245
-235
-228
-220
-244
-271
-285
-274
-304
-322
-324
-348
-401
-448
-452
-484
-502
-518
-553
-613
-642
-626
-652
-664
-659
-668
-688
-678
-633
-632
-586
-530
-500
-490
-439
-348
-289
-202
-131
-68
-12
75
188
268
358
452
521
587
648
720
799
852
911
922
931
947
963
992
976
966
928
890
856
812
781
724
677
608
531
470
408
355
299
236
156
97
51
8
-30
-69
-101
-134
-150
-165
-174
-182
-190
-194
-203
-198
-199
-190
-181
-189
-197
-210
-218
-223
-242
-269
-300
-340
-378
-415
-455
-514
-571
-632
-699
-743
-801
-838
-890
-945
-987
-1029
-1039
-1041
-1031
-1024
-1026
-1005
-967
-912
-824
-743
-643
-569
-471
-351
-238
-82
76
216
315
418
552
667
790
921
985
1047
1088
1132
1154
1178
1219
1201
1160
1108
1042
989
948
907
838
727
634
537
467
402
342
283
202
135
67
27
10
3
-1
-21
-47
-59
-48
-11
17
37
52
60
80
90
121
148
163
169
151
129
101
81
61
24
-25
-92
-160
-220
-283
-348
-419
-484
-549
-623
-681
-740
-783
-824
-864
-883
-910
-923
-935
-926
-920
-907
-882
-855
-814
-771
-725
-688
-633
-571
-508
-443
-379
-311
-249
-184
-110
-42
29
98
168
225
274
334
392
457
515
558
584
611
641
671
695
720
737
732
732
730
732
731
736
730
700
673
653
637
627
614
591
553
515
478
439
420
401
376
338
304
267
238
230
217
198
169
143
112
94
87
67
41
6
-37
-90
-132
-165
-219
-273
-335
-417
-487
-547
-608
-678
-741
-810
-885
-944
-991
-1029
-1065
-1094
-1126
-1156
-1157
-1141
-1105
-1077
-1054
-1016
-975
-902
-814
-711
-615
-519
-411
-308
-173
-36
116
278
408
498
588
704
829
937
1040
1079
1089
1102
1109
1120
1117
1112
1054
965
868
785
719
664
611
523
405
299
228
178
156
131
99
52
7
-5
11
54
100
134
148
162
194
256
337
417
460
482
508
542
580
619
655
642
622
602
544
503
473
424
337
246
151
23
-77
-155
-260
-388
-499
-604
-730
-822
-886
-973
-1063
-1120
-1177
-1240
-1265
-1270
-1286
-1292
-1273
-1256
-1241
-1187
-1122
-1074
-1026
-947
-877
-801
-701
-610
-524
-438
-342
-252
-156
-45
52
135
212
291
374
451
531
594
639
678
710
746
766
788
800
794
784
763
739
725
703
673
631
585
545
501
468
428
392
350
306
273
237
216
200
184
168
151
137
134
143
154
162
166
173
179
186
196
200
209
205
195
179
165
140
108
78
30
-27
-81
-141
-205
-277
-351
-425
-504
-575
-650
-727
-801
-856
-908
-957
-999
-1027
-1058
-1079
-1081
-1080
-1058
-1033
-989
-949
-906
-833
-757
-666
-559
-453
-348
-246
-119
-5
108
243
371
480
564
652
734
805
880
943
964
976
983
974
959
940
927
881
821
764
703
643
596
570
509
449
403
366
325
308
306
288
267
268
289
261
295
343
347
345
366
384
364
410
457
420
418
440
410
365
372
365
285
256
223
132
58
17
-42
-146
-222
-289
-413
-499
-544
-634
-728
-788
-844
-934
-979
-991
-1041
-1072
-1072
-1073
-1085
-1067
-1019
-1005
-971
-913
-876
-830
-765
-690
-634
-569
-490
-428
-362
-277
-199
-128
-58
19
89
148
229
291
349
403
453
490
521
561
581
597
615
616
609
610
608
598
580
567
546
525
510
499
480
466
460
437
421
415
409
400
396
390
375
365
368
359
346
338
324
306
287
273
249
226
203
169
130
94
59
19
-23
-69
-125
-185
-237
-293
-349
-406
-464
-520
-581
-634
-684
-729
-767
-805
-837
-870
-887
-893
-900
-899
-892
-877
-863
-835
-795
-768
-722
-675
-628
-578
-521
-451
-395
-321
-260
-199
-129
-61
13
78
144
208
260
320
374
421
470
509
544
567
590
612
631
650
657
656
653
650
649
645
642
637
625
621
610
603
599
591
582
569
559
540
528
520
508
498
481
463
439
415
394
367
337
306
274
239
201
163
123
82
40
-8
-56
-110
-156
-203
-256
-304
-358
-411
-463
-509
-552
-601
-637
-674
-710
-738
-762
-778
-795
-797
-797
-802
-792
-778
-756
-728
-698
-664
-628
-585
-542
-496
-450
-404
-352
-299
-248
-203
-145
-96
-47
4
48
89
137
181
216
253
290
319
344
375
399
417
433
448
453
458
474
476
480
487
488
486
482
484
480
475
479
476
469
462
463
454
442
437
425
411
399
387
367
347
327
304
273
250
222
188
156
123
84
41
4
-35
-79
-124
-165
-210
-256
-296
-338
-382
-423
-460
-498
-533
-561
-587
-615
-636
-650
-662
-668
-664
-662
-655
-642
-623
-607
-582
-548
-516
-483
-444
-404
-368
-321
-279
-237
-194
-156
-112
-75
-32
9
47
83
114
142
171
200
226
249
270
285
297
313
324
334
343
349
354
358
359
359
363
366
365
365
364
364
363
371
378
378
383
385
386
385
392
396
393
395
391
384
377
372
362
347
330
311
286
261
235
205
173
140
107
65
29
-11
-51
-92
-134
-175
-217
-257
-297
-334
-370
-403
-433
-462
-486
-509
-529
-543
-552
-558
-559
-557
-550
-541
-526
-508
-489
-467
-439
-410
-383
-353
-322
-288
-254
-221
-189
-158
-126
-96
-68
-39
-10
14
38
62
81
96
114
128
141
151
163
170
178
186
191
197
207
214
216
221
224
227
235
243
250
256
263
270
273
280
286
291
298
303
306
307
308
309
303
299
295
284
274
261
246
226
207
183
157
127
98
65
32
1
-35
-71
-108
-143
-177
-210
-242
-275
-301
-328
-352
-375
-390
-403
-417
-426
-432
-436
-435
-430
-421
-410
-398
-381
-363
-347
-325
-304
-280
-254
-227
-207
-182
-154
-128
-102
-76
-53
-33
-12
9
24
41
55
69
80
94
105
114
122
129
136
140
146
157
162
168
175
182
191
198
206
213
222
233
240
251
262
271
281
287
296
303
309
313
318
320
319
319
318
312
305
296
283
268
254
237
217
199
177
151
124
97
70
43
16
-14
-42
-70
-96
-121
-144
-165
-186
-206
-226
-241
-254
-266
-274
-280
-286
-291
-291
-292
-289
-284
-279
-271
-261
-249
-237
-224
-210
-196
-180
-165
-149
-136
-124
-106
-92
-79
-66
-55
-48
-40
-30
-20
-10
-2
9
15
22
27
32
37
44
50
54
62
68
74
80
84
91
95
100
111
117
123
131
136
143
149
156
160
167
172
175
180
183
186
188
188
186
181
176
171
166
158
151
146
135
121
110
94
79
66
51
34
16
0
-19
-38
-56
-73
-92
-108
-121
-135
-149
-160
-171
-185
-193
-203
-211
-215
-220
-221
-221
-221
-217
-215
-210
-203
-196
-187
-175
-165
-151
-137
-125
-113
-99
-87
-74
-59
-45
-31
-15
-3
7
18
28
37
44
52
59
66
70
74
77
80
83
83
82
82
80
78
78
80
77
74
71
69
68
70
72
71
74
73
77
77
81
85
86
91
96
101
106
109
113
116
119
121
124
123
125
126
126
125
121
117
110
104
95
86
74
64
51
38
25
10
-5
-22
-37
-53
-69
-84
-100
-115
-132
-145
-157
-167
-176
-183
-189
-195
-198
-199
-200
-199
-198
-194
-188
-182
-174
-166
-156
-147
-136
-125
-114
-103
-90
-78
-65
-55
-44
-32
-22
-13
-4
4
12
20
29
34
41
47
52
55
58
62
65
72
77
81
83
86
89
91
96
100
104
108
113
118
121
126
129
131
134
137
139
139
140
141
141
139
136
133
128
125
118
112
106
98
87
78
65
54
44
30
18
4
-9
-23
-37
-50
-61
-74
-86
-96
-107
-116
-124
-132
-139
-145
-154
-158
-162
-164
-162
-165
-165
-165
-164
-160
-157
-154
-149
-143
-138
-129
-123
-113
-106
-100
-93
-85
-77
-70
-61
-51
-42
-32
-23
-13
-4
4
12
21
29
37
47
56
66
74
83
91
98
106
113
119
128
135
140
145
149
154
158
160
163
166
165
164
162
159
156
155
149
144
138
132
125
115
105
95
85
75
63
51
39
26
16
4
-7
-21
-34
-46
-58
-69
-79
-89
-97
-106
-114
-121
-127
-131
-135
-139
-141
-144
-141
-141
-139
-136
-136
-134
-130
-128
-122
-116
-111
-104
-100
-95
-89
-84
-77
-72
-68
-62
-54
-48
-42
-36
-31
-27
-24
-19
-14
-10
-5
-2
4
10
19
26
33
37
41
47
52
59
64
71
79
84
90
94
99
103
106
109
115
118
121
123
122
121
117
116
113
109
105
100
94
88
80
72
65
57
48
37
26
14
6
-5
-13
-21
-30
-38
-47
-54
-60
-65
-69
-74
-77
-80
-82
-82
-82
-82
-83
-82
-81
-80
-74
-72
-66
-62
-57
-53
-48
-43
-38
-32
-29
-24
-20
-15
-10
-7
-6
-5
-3
-2
0
2
2
3
3
4
5
6
8
9
8
7
9
10
10
13
12
12
14
15
16
17
19
19
22
23
24
28
29
30
31
32
34
33
33
34
32
32
32
31
30
28
25
25
23
21
19
16
12
8
4
2
-1
-3
-5
-9
-10
-12
-15
-17
-20
-21
-22
-22
-26
-26
-26
-26
-27
-30
-28
-28
-27
-25
-25
-23
-21
-19
-17
-13
-10
-10
-9
-7
-5
-4
-1
1
2
3
3
4
5
6
7
7
8
10
10
11
10
9
10
11
9
11
11
13
13
10
9
8
8
10
11
10
9
8
7
4
5
6
6
7
5
5
4
5
4
2
2
1
-2
-4
-4
-5
-8
-9
-9
-11
-11
-12
-15
-15
-16
-19
-20
-20
-21
-22
-22
-23
-25
-23
-23
-22
-20
-21
-21
-19
-18
-17
-15
-13
-12
-10
-9
-6
-6
-4
-3
-1
0
2
5
5
7
8
11
14
16
17
15
16
18
19
19
19
19
19
19
20
20
20
20
18
19
19
20
19
19
18
16
17
16
15
16
15
15
12
13
12
12
13
12
11
10
8
4
2
0
-2
-4
-5
-5
-7
-6
-8
-8
-10
-11
-13
-15
-17
-18
-21
-24
-24
-26
-28
-27
-27
-29
-28
-28
-28
-26
-27
-26
-24
-24
-23
-23
-20
-19
-18
-17
-17
-16
-13
-13
-9
-7
-4
-2
0
3
3
5
5
7
10
12
14
15
18
19
21
21
20
21
20
22
23
23
23
24
24
23
22
20
18
18
18
18
19
17
18
18
17
14
13
13
12
11
11
7
6
3
3
2
2
2
-2
-5
-5
-8
-8
-9
-11
-13
-14
-15
-17
-17
-20
-21
-23
-23
-23
-24
-23
-24
-25
-25
-25
-25
-24
-23
-24
-22
-22
-22
-22
-22
-20
-20
-19
-18
-14
-13
-11
-7
-5
-3
-1
1
2
3
5
4
6
8
10
12
15
16
17
17
17
18
19
22
24
24
24
24
25
25
25
27
28
29
29
28
28
29
28
27
27
26
26
24
23
23
20
20
16
15
13
10
9
7
5
2
1
0
-3
-3
-8
-11
-13
-15
-17
-18
-20
-22
-24
-25
-27
-28
-29
-29
-28
-28
-29
-29
-28
-27
-28
-29
-28
-26
-25
-25
-23
-22
-20
-17
-15
-13
-12
-11
-8
-7
-3
-3
-2
-1
0
1
2
3
4
6
7
9
9
11
11
12
12
15
16
17
18
17
19
19
19
17
18
19
19
21
20
19
19
21
21
20
20
20
20
21
22
22
22
22
19
18
16
16
15
14
12
10
7
6
4
3
0
-2
-3
-6
-6
-10
-13
-14
-18
-19
-20
-21
-22
-24
-26
-26
-27
-29
-31
-29
-29
-27
-27
-26
-26
-26
-23
-24
-23
-23
-23
-21
-20
-17
-15
-13
-13
-11
-8
-6
-5
-3
-1
0
2
3
6
5
7
8
9
11
13
12
14
15
17
18
18
18
19
20
20
21
23
25
24
24
22
21
20
20
19
20
22
19
20
19
18
16
13
12
10
9
9
8
6
4
3
0
-1
-1
-2
-4
-4
-5
-7
-9
-10
-13
-14
-14
-16
-18
-18
-19
-18
-18
-18
-20
-21
-24
-23
-22
-22
-21
-20
-19
-19
-19
-20
-20
-17
-16
-14
-12
-10
-7
-7
-6
-6
-4
-2
0
0
0
2
2
4
6
6
7
8
8
8
9
10
11
13
13
14
14
15
15
14
15
15
13
14
15
14
15
16
16
16
16
17
18
17
17
17
17
16
15
16
14
13
12
12
11
11
10
8
6
7
6
4
4
1
0
-1
-5
-6
-6
-7
-8
-10
-13
-15
-16
-16
-17
-17
-17
-18
-20
-21
-23
-24
-22
-21
-19
-20
-18
-18
-18
-17
-16
-14
-12
-11
-9
-9
-10
-9
-9
-6
-3
-2
-2
-1
0
1
3
3
4
4
4
3
5
6
5
8
9
10
10
10
8
8
9
8
8
10
10
10
9
9
9
9
9
8
9
10
10
11
12
11
11
10
10
10
10
9
8
8
8
9
7
8
7
5
3
2
1
1
0
-2
-1
-2
-5
-5
-7
-7
-7
-9
-11
-12
-12
-13
-13
-13
-14
-14
-13
-15
-16
-15
-15
-14
-14
-13
-13
-12
-11
-11
-12
-11
-8
-8
-7
-5
-4
-2
-2
-1
1
2
2
4
5
6
6
6
7
9
10
8
10
9
9
10
10
10
10
8
8
6
7
7
10
9
8
9
8
8
8
8
7
8
7
8
8
8
7
7
8
6
7
7
5
5
4
4
4
4
4
2
2
1
0
-1
-2
-4
-5
-5
-5
-5
-5
-5
-6
-7
-8
-10
-11
-12
-13
-14
-13
-12
-12
-11
-12
-12
-12
-10
-8
-9
-7
-7
-7
-7
-5
-4
-4
-6
-6
-7
-7
-6
-3
-3
0
2
1
0
2
2
3
6
7
7
8
8
8
9
8
8
7
9
9
8
9
10
9
9
10
11
11
11
10
11
10
11
11
10
10
10
9
8
10
8
7
7
7
6
8
6
5
4
5
2
3
1
1
0
-2
-4
-5
-3
-4
-3
-3
-5
-7
-6
-6
-8
-8
-8
-9
-12
-11
-11
-12
-12
-12
-13
-13
-11
-12
-11
-10
-12
-10
-10
-9
-8
-8
-7
-6
-7
-7
-5
-5
-3
-1
-3
-3
-1
-2
-2
-2
-2
-1
-1
2
-1
0
0
2
1
2
3
2
4
3
3
3
6
6
6
7
7
8
8
8
10
8
9
11
10
10
10
11
9
9
8
7
6
7
8
7
6
5
3
3
4
2
2
1
1
2
0
-2
-2
-4
-6
-6
-6
-6
-5
-6
-6
-9
-9
-9
-10
-9
-8
-8
-9
-8
-7
-8
-8
-9
-9
-11
-10
-10
-8
-7
-6
-5
-6
-4
-5
-3
-3
-2
-1
-3
-4
-1
-3
0
-1
0
0
-1
-2
-2
0
1
1
1
1
1
0
2
3
4
4
4
3
4
4
5
8
9
9
8
6
6
6
8
8
9
9
8
9
7
8
7
7
6
7
6
6
6
4
4
3
0
2
1
1
-2
-2
-2
-3
-4
-6
-4
-7
-6
-9
-10
-11
-11
-9
-9
-9
-8
-8
-6
-6
-7
-8
-8
-6
-6
-6
-6
-6
-6
-7
-8
-8
-5
-5
-6
-5
-6
-7
-7
-5
-3
-2
-2
-2
-2
-3
-3
-3
-3
-2
-1
-1
1
0
1
1
1
1
2
3
5
5
4
5
6
8
8
9
10
9
10
10
10
11
11
11
11
12
10
9
8
8
7
7
7
6
7
7
7
6
5
3
3
4
2
2
1
0
0
-1
-3
-3
-5
-5
-6
-5
-4
-6
-5
-6
-5
-4
-5
-4
-5
-4
-5
-4
-5
-7
-7
-7
-8
-7
-6
-6
-6
-5
-5
-3
-3
-4
-4
-5
-4
-3
-4
-4
-3
-3
-2
-2
0
1
0
1
-1
0
0
-1
1
0
2
2
2
2
0
2
4
6
6
6
3
5
5
6
9
8
7
7
7
8
9
9
10
10
9
9
9
9
9
7
6
5
4
3
2
2
1
4
4
2
3
1
1
1
1
0
-1
-2
-1
-2
-2
-3
-3
-3
-3
-4
-5
-6
-7
-6
-6
-7
-8
-7
-7
-9
-9
-9
-7
-6
-5
-5
-5
-5
-6
-6
-6
-5
-5
-3
-3
-4
-2
-2
-2
-3
-3
-3
-4
0
-2
-1
-1
-1
-1
-2
0
2
2
2
3
3
4
5
6
6
6
7
6
7
7
6
5
6
7
7
8
7
5
4
6
6
7
8
7
5
5
5
5
5
4
4
3
4
2
1
1
0
-1
-2
-2
-1
-3
-3
-1
-2
-4
-4
-4
-5
-4
-5
-5
-7
-8
-8
-7
-6
-8
-9
-10
-8
-9
-7
-7
-8
-7
-8
-7
-6
-6
-6
-6
-5
-5
-5
-4
-4
-5
-4
-2
-2
-2
-2
0
0
2
2
1
1
1
1
2
2
2
3
4
4
3
4
4
4
4
5
6
5
5
6
6
7
8
8
8
8
8
8
8
8
6
6
5
4
5
6
6
5
5
2
1
1
1
2
2
2
3
1
0
0
-1
-1
-1
-2
-3
-5
-6
-5
-3
-6
-7
-7
-8
-8
-8
-8
-7
-8
-8
-7
-8
-7
-7
-8
-8
-8
-8
-9
-7
-6
-6
-6
-5
-5
-7
-4
-5
-4
-1
-1
-1
-1
1
1
1
2
3
2
3
2
2
4
5
4
6
3
4
5
6
7
7
9
8
5
6
6
7
7
8
7
7
8
7
6
6
7
6
7
7
6
6
6
5
6
5
6
4
5
4
3
3
3
2
3
2
0
-1
-3
-2
-3
-3
-4
-4
-4
-4
-4
-6
-5
-6
-5
-4
-3
-3
-4
-4
-6
-6
-6
-5
-6
-4
-4
-5
-3
-5
-6
-4
-5
-5
-4
-6
-4
-3
-3
-4
-3
-4
-4
-2
-4
-2
1
2
2
2
3
1
2
3
3
2
4
4
4
5
2
3
3
3
3
4
5
6
7
6
7
7
7
7
5
3
4
4
3
2
2
1
1
1
0
0
0
-1
0
1
1
1
0
-1
-2
-3
-2
-3
-2
-2
-3
-4
-5
-6
-6
-7
-8
-8
-6
-6
-8
-8
-7
-6
-7
-6
-7
-8
-7
-5
-5
-4
-5
-6
-5
-7
-5
-3
-4
-2
-3
-2
0
0
0
-2
-1
1
0
2
2
0
1
2
3
3
4
4
3
4
5
4
5
5
7
8
8
8
7
7
5
6
4
6
6
6
6
5
3
2
2
3
3
3
3
3
2
3
2
2
1
2
1
1
0
0
1
0
1
-2
-1
-1
-2
-3
-4
-3
-3
-2
-1
-4
-4
-5
-5
-5
-5
-4
-4
-6
-4
-4
-5
-5
-4
-5
-3
-2
-1
-2
-2
-3
-2
-2
-1
-1
0
0
-1
0
0
0
0
1
0
1
1
0
1
2
2
1
2
2
4
3
4
4
3
3
2
4
5
4
4
4
4
4
4
4
5
4
4
4
2
3
0
1
1
1
2
2
1
1
1
1
0
1
-1
1
1
1
1
1
2
1
0
1
0
-1
-2
-2
-2
-2
-1
-2
-2
-2
-2
-1
-2
-2
-2
-2
-1
0
-1
0
-1
-3
-3
-3
-2
-1
-2
-2
-2
-2
0
0
-1
0
-1
-2
-1
0
1
1
0
1
1
0
2
1
2
2
3
5
4
4
4
3
3
3
4
4
3
4
4
3
2
2
2
2
3
4
2
2
0
0
1
0
1
2
2
3
3
2
3
2
3
0
0
0
0
1
2
0
-1
-1
0
1
2
3
1
1
0
0
1
1
1
0
0
-2
-2
-2
-1
0
0
1
1
-1
-1
0
0
0
-1
0
0
-1
-1
-1
0
0
0
1
-2
1
0
-1
0
0
0
0
-1
-1
-2
-3
-4
-4
-4
-3
-3
-2
-3
-4
-3
-2
-2
-1
-1
-2
-2
-2
-2
-2
-2
-5
-5
-3
-3
0
-2
-3
0
-1
-1
-2
-1
0
0
-1
0
-1
-1
-1
0
0
-1
-1
-1
0
0
0
-1
-1
-1
-2
-1
0
1
-1
0
0
0
-1
0
0
0
0
-1
0
1
0
-1
-3
-3
-4
-2
-1
-1
0
0
1
1
-1
-2
-2
-2
-3
-2
-2
-2
-1
-1
-1
-2
-1
-2
-1
-1
-1
-2
-2
-2
-3
-3
-2
-3
-3
-3
-2
-3
-3
-2
-1
-1
1
-1
0
0
0
-2
-2
-1
-2
-1
0
1
0
1
1
0
1
1
2
3
2
1
3
2
1
0
0
1
1
1
0
0
1
1
1
1
1
-1
-1
-1
-1
0
1
0
1
0
-2
-1
-2
-1
-2
-1
1
-1
1
0
1
0
-1
-2
-4
-2
-3
-2
0
0
1
0
0
0
-1
0
-1
0
0
1
0
-1
-1
-2
-3
-1
-1
-1
1
2
3
3
1
0
1
1
0
1
2
2
2
1
0
1
0
1
3
2
2
3
4
5
3
5
4
2
2
1
0
0
0
0
0
1
1
1
1
1
3
3
4
2
5
4
2
2
0
1
0
1
1
1
2
0
1
0
1
2
1
2
2
1
1
0
-1
0
-1
0
0
0
0
-1
-1
0
1
-3
-1
-3
-5
-3
-2
-1
-1
-1
0
-1
-1
0
0
0
0
0
-1
1
1
1
0
-1
-1
-3
-1
-1
0
1
1
1
2
3
1
0
0
1
1
3
1
2
2
1
0
1
2
3
2
3
4
4
3
3
4
2
1
-1
-3
-3
-2
-1
0
0
2
1
1
0
-1
-1
-1
0
0
0
0
1
2
1
-1
-2
-2
-2
0
-1
0
0
-1
-1
-1
-1
-1
-2
-3
-1
-1
0
0
-1
-2
-3
-3
-2
-2
-2
-2
-2
-1
-2
-1
-1
-2
-2
-2
-1
-1
-1
0
2
2
1
2
2
0
1
0
1
1
0
1
0
1
1
1
0
0
1
0
2
1
0
2
2
2
3
4
3
3
4
4
4
4
4
5
5
5
3
3
2
2
2
0
0
0
0
1
2
2
2
1
1
1
2
1
-1
0
-2
-2
0
0
-1
-4
-4
-5
-4
-3
-3
-3
-5
-4
-3
-2
-1
-2
-2
-2
-2
-3
-3
-1
-1
1
2
1
0
0
-1
-1
2
1
1
2
1
0
1
-1
-1
-1
0
1
2
2
1
1
0
1
0
-1
-1
-1
-1
0
1
1
0
0
-1
-1
-1
-2
-1
-2
0
1
0
-1
-1
-2
-3
-3
-2
-2
-1
-1
-2
-1
-1
-2
-2
-1
-2
-2
-1
-2
-1
-1
-1
-1
-2
-3
-2
-2
0
1
0
2
3
1
-1
-1
-2
-2
0
0
1
0
0
2
0
0
2
3
2
2
2
0
0
1
1
1
1
1
3
3
3
2
1
1
1
2
2
3
3
4
6
4
3
2
0
0
0
0
1
1
1
0
0
-1
-1
-1
1
1
1
2
2
3
3
3
2
2
-1
1
1
2
3
4
2
1
1
1
2
2
3
3
2
3
3
4
4
5
3
2
1
1
0
0
0
0
1
1
1
1
1
0
-2
-3
-2
0
0
1
0
-1
0
0
-2
-1
0
-1
-1
-1
-2
-1
0
0
-1
-1
-1
-3
-2
-2
-3
-3
-2
-3
-1
-2
-1
-1
-3
-2
-3
-2
1
0
0
-2
-3
-4
-3
-3
-3
-3
-1
-2
-3
-3
-4
-3
-3
-3
-4
-3
-3
-4
-3
-4
-4
-2
-3
-2
-1
-2
-3
-1
-2
-3
-3
-3
-3
-4
-3
-3
-3
-2
-3
-3
-4
-3
-2
-1
-2
0
-1
-2
-1
-1
-3
-2
-1
-2
-1
-1
-2
-5
-3
-2
-2
-1
-2
-1
-2
1
0
-2
0
0
1
2
2
2
0
0
-1
-1
0
1
0
0
0
-1
-1
-2
-1
0
-2
0
0
-1
-2
-2
-2
-3
0
-1
-1
0
1
-1
1
0
1
2
2
-1
1
2
-1
2
1
2
3
1
2
4
4
5
4
2
3
1
1
0
1
2
1
3
1
2
2
2
2
3
3
2
3
4
3
4
3
1
3
4
2
2
1
2
1
1
2
0
-1
-1
-3
-5
-3
-2
-2
0
0
-1
-3
0
-3
-3
0
-1
-1
0
0
-1
-2
-2
-4
-3
-2
-1
-1
0
0
-3
-2
0
2
5
6
5
3
3
5
3
4
6
3
3
4
3
1
1
3
1
1
2
4
3
6
8
