2
1
2
3
2
2
2
2
2
3
2
2
2
2
3
3
4
4
4
4
3
4
4
3
3
3
4
5
4
6
5
5
6
6
6
6
6
6
7
7
7
8
7
6
5
6
5
4
4
4
4
4
4
4
3
1
2
2
2
2
2
3
2
2
3
3
3
2
2
3
3
3
3
3
4
5
4
5
5
6
5
5
5
5
6
6
5
6
5
5
4
6
5
4
4
4
4
4
5
4
2
2
2
2
3
2
2
1
2
0
1
0
0
-1
0
-1
-1
-1
0
-1
-2
-3
-3
-3
-3
-3
-5
-5
-5
-5
-4
-5
-5
-5
-5
-5
-4
-6
-5
-4
-4
-4
-3
-2
-2
-2
-3
-3
-2
-2
-2
-2
-1
-1
-2
-1
-3
-2
-1
-2
-1
-3
-2
-2
-3
-4
-4
-4
-3
-4
-3
-3
-3
-3
-3
-4
-4
-3
-4
-3
-2
-3
-3
-3
-2
-4
-4
-4
-2
-3
-3
-4
-4
-3
-5
-4
-4
-5
-4
-5
-4
-5
-5
-5
-5
-5
-4
-5
-4
-5
-5
-5
-3
-5
-4
-4
-5
-4
-6
-5
-5
-5
-4
-4
-4
-4
-3
-4
-5
-4
-3
-3
-3
-3
-2
-1
-1
-1
0
1
0
2
1
0
1
1
1
1
0
1
3
1
1
2
0
0
-1
-1
-1
-1
-1
-1
-2
-3
-1
-1
-1
-1
-2
-1
-1
-1
-1
-2
0
-1
0
-1
-1
0
1
0
-1
-1
-1
-1
0
1
2
0
1
1
1
2
2
3
2
2
4
3
3
3
3
4
3
4
5
4
5
5
4
3
4
4
5
4
4
4
3
3
2
3
2
3
3
3
3
3
3
3
2
1
1
1
2
3
2
2
2
3
2
2
1
2
2
1
0
2
1
1
2
2
1
1
1
1
0
1
1
1
1
0
1
1
0
0
-1
0
0
-1
0
0
0
-1
-2
0
0
1
1
0
2
1
1
2
3
3
2
2
1
2
1
2
2
3
4
4
5
4
5
5
4
5
6
6
6
5
6
6
6
5
5
5
6
5
6
4
5
4
4
5
5
4
4
4
6
5
5
4
4
3
3
5
5
5
3
4
2
2
1
1
1
1
1
0
0
0
-1
0
0
0
1
1
1
1
2
1
2
1
2
1
1
2
1
1
0
0
0
0
1
-1
0
-1
-1
-2
-3
-3
-2
-2
-3
-1
-2
-2
-1
-2
-1
-1
-1
0
-1
-1
-2
-3
-2
-2
-3
-4
-4
-4
-4
-4
-4
-5
-4
-5
-6
-6
-6
-6
-7
-6
-7
-7
-8
-7
-7
-6
-7
-5
-6
-7
-6
-6
-5
-4
-5
-5
-5
-4
-4
-5
-5
-5
-5
-6
-6
-6
-7
-5
-5
-6
-7
-6
-10
-11
-7
-4
-1
-2
-3
-2
-1
-1
1
-2
-3
0
4
3
0
-3
-4
-3
-6
-7
-6
-9
-9
-4
-5
-7
-9
-10
-6
-5
-7
-4
-2
1
2
1
0
-2
-4
-2
1
1
-2
0
0
-1
-3
-3
-2
0
1
1
3
2
2
3
3
4
1
2
4
7
7
6
5
4
4
5
5
3
5
5
5
6
4
5
5
6
6
6
5
4
4
4
2
1
0
1
4
3
2
2
2
0
1
0
0
0
0
0
1
1
0
1
0
-1
-1
1
1
1
1
0
1
-2
1
2
2
3
3
2
4
3
3
5
4
4
4
5
4
3
4
5
3
3
4
6
4
3
4
4
4
3
4
3
4
3
3
4
2
1
2
3
2
1
2
1
1
1
-1
-1
1
-1
-1
1
1
-1
1
0
0
-1
-2
-2
0
0
2
1
1
0
1
1
1
1
2
2
3
3
3
3
3
4
4
4
5
6
7
8
6
7
8
8
7
7
7
7
8
7
6
6
5
5
6
4
4
4
5
5
4
4
3
3
3
4
5
4
4
5
3
2
2
1
2
2
2
3
1
-1
-2
-1
0
-2
0
-1
-1
0
0
0
-1
-1
-1
-2
-2
-1
-3
-3
-3
-2
-2
-3
-4
-4
-5
-3
-4
-5
-4
-4
-4
-5
-3
-5
-5
-6
-7
-7
-8
-7
-6
-6
-7
-7
-8
-8
-10
-10
-10
-9
-10
-10
-10
-11
-10
-10
-11
-10
-11
-11
-11
-10
-10
-9
-10
-10
-10
-9
-11
-8
-7
-8
-6
-6
-7
-7
-5
-6
-6
-6
-5
-6
-5
-5
-5
-5
-5
-4
-4
-4
-4
-4
-5
-3
-2
-3
-2
-1
-1
-2
-2
-3
-3
-3
-3
-2
0
0
0
0
-1
-2
-1
-2
-2
-2
-2
-1
0
0
-1
-1
0
0
1
0
0
1
1
2
2
2
1
3
1
1
3
2
4
4
4
2
3
3
3
3
5
5
5
5
6
4
4
5
4
4
5
6
5
6
6
5
5
4
5
5
4
6
5
4
4
5
5
5
5
6
5
6
5
6
5
5
5
4
4
5
5
5
5
5
5
4
5
5
4
3
3
3
3
1
0
0
-1
0
0
1
0
0
0
0
0
1
0
0
-1
0
0
0
2
2
3
3
3
5
4
4
4
4
4
5
4
5
2
5
4
4
5
4
3
2
3
3
1
3
3
2
3
3
2
3
2
4
4
3
2
3
3
4
4
3
3
1
2
0
0
1
-1
0
0
-1
1
-1
2
2
0
4
3
4
5
4
6
6
5
4
3
2
2
1
5
3
1
0
1
1
-4
1
0
1
-1
3
2
0
1
1
-1
-1
-1
0
-1
-4
2
-2
-3
-2
-4
-4
-2
-4
-5
-4
-5
-3
-7
-2
-6
-3
0
-2
-1
-4
-6
-4
-10
-3
-4
-3
2
-3
-4
-2
-3
-5
-4
-3
-1
-4
-1
-2
-5
-3
-1
-6
-9
-4
-4
-13
-5
0
-15
-9
-3
-14
-17
-17
6
-25
-31
29
-22
-29
-6
-13
-19
-36
-2
4
-54
-1
13
-40
-17
-12
-6
-26
-21
8
-18
-25
-4
-11
-22
-9
-2
-14
-13
-3
-9
-5
-11
1
-7
-11
1
-10
-3
1
-4
-1
3
-1
-3
1
3
-4
-2
5
-2
-3
1
10
-7
-2
3
-1
-6
-1
6
-6
-6
-2
-7
-10
0
-6
2
-11
4
-6
-3
-5
-3
-7
-11
1
-12
2
-7
-3
-5
-1
-11
-3
-7
-1
-3
4
-1
-2
2
2
-1
-8
7
-7
0
0
7
-8
1
-3
1
-12
9
-6
0
0
7
-4
-5
19
-11
3
11
8
-13
21
-23
66
-84
82
15
-44
54
-14
18
3
-3
30
17
-57
120
-74
39
-3
6
12
-7
10
18
-13
3
23
-18
27
-9
20
-11
18
-5
19
-7
15
5
8
5
9
8
7
5
17
12
7
13
8
26
-21
51
-1
12
15
10
17
9
3
32
-7
11
42
-13
32
-2
20
7
5
16
17
3
17
14
10
4
19
0
12
-1
4
14
-5
15
3
8
9
-2
3
7
-4
5
8
4
8
1
12
10
-7
18
3
3
6
6
14
2
9
14
4
6
13
8
11
6
18
11
0
15
7
9
5
15
11
14
10
20
7
7
16
7
13
6
9
9
4
4
12
-3
7
-1
1
3
-3
1
0
-9
2
-7
-4
-8
-12
2
-12
-2
-11
-7
-9
-16
-9
-11
-18
-8
-13
-13
-10
-10
-13
-13
-20
-16
-14
-22
-13
-16
-17
-16
-12
-18
-12
-24
-10
-18
-20
-11
-16
-7
-16
-12
-14
-14
-22
-5
-16
-6
-11
-9
0
-19
-2
-13
-7
-14
-7
-6
-10
-15
-7
-17
-8
-18
-9
-9
-23
-2
-14
-10
-13
-13
-8
-20
-17
-10
-14
-13
-16
-4
-16
-10
-11
-11
-8
-22
0
-12
-12
-1
-10
-1
-8
-11
2
-16
-8
-2
-11
-1
-12
-4
-2
-14
-1
-10
-4
-8
-4
-5
-9
0
-1
2
-1
-1
7
-1
2
7
-3
5
3
3
1
0
1
2
0
1
0
-6
-1
1
-4
0
4
-6
7
-8
2
-2
-5
1
2
-3
6
2
3
4
0
6
2
5
8
7
9
9
4
13
6
12
13
7
12
7
10
11
10
10
10
4
13
5
8
9
11
10
10
10
10
10
4
16
4
13
8
12
8
8
8
3
7
5
9
7
10
7
10
6
12
6
9
11
5
10
5
8
4
4
5
3
2
6
6
3
6
5
3
4
3
7
-2
2
2
-1
4
-1
5
-4
0
-1
1
-1
-2
4
-1
4
2
2
1
-1
1
1
-1
1
0
2
2
2
2
2
1
7
3
6
8
8
10
6
6
7
3
5
8
5
6
8
4
7
5
4
5
5
7
8
9
9
11
6
6
5
6
5
5
3
4
1
3
-1
-1
3
-1
3
4
6
4
3
3
5
-2
5
0
1
3
-2
1
-3
-3
-5
-6
-7
-5
-6
-4
-4
-4
-3
0
-2
-2
-4
-3
-3
-5
-2
-4
-2
-4
-2
-3
-5
-3
-6
-3
-4
-4
-5
-6
-6
-6
-13
-7
-12
-12
-7
-12
-4
-13
-6
-9
-10
-8
-13
-6
-7
-7
-2
-6
-3
-3
-5
-4
-4
-5
-4
-5
-7
-4
-10
-3
-7
-6
-4
-8
-5
-7
-3
-7
-2
-3
-5
-3
-7
-6
-7
-5
-3
-4
-2
-3
-2
-1
-3
-2
-7
-6
-2
-6
-4
-4
-1
-5
-6
-4
-8
-7
-3
-5
-2
0
-2
2
-1
5
-2
0
2
0
6
1
7
5
3
4
-1
1
-2
1
5
1
8
3
4
4
1
4
2
3
5
4
5
3
2
5
3
4
2
4
3
3
6
7
6
7
5
7
5
3
6
7
8
5
7
5
5
9
7
6
6
7
7
6
8
7
8
7
7
4
3
5
4
3
5
4
4
1
3
3
0
4
2
2
2
3
3
3
1
1
0
-2
-2
-1
-3
-2
-2
-2
-3
-3
-2
-1
0
-1
0
0
0
-3
-4
-3
-4
-6
-4
-6
-4
-6
-5
-3
-5
-3
-2
-1
-3
-3
-4
-2
-4
-4
-2
-2
0
-1
-1
2
1
2
3
3
2
4
5
6
6
5
5
5
8
7
9
8
9
8
8
6
5
6
7
7
8
7
6
8
5
7
6
6
6
5
6
6
7
6
7
7
5
6
6
2
6
6
5
5
4
5
4
2
3
1
2
0
-3
-1
-3
0
-2
-2
1
-1
1
0
0
-1
0
0
-2
-4
-3
-2
-4
-3
-3
-3
-3
-2
-2
-1
-3
-1
0
0
2
1
0
0
-1
-1
-1
-1
-1
-3
-2
-2
-3
-1
0
0
1
0
-1
1
1
3
-2
1
-1
0
0
-1
2
-1
-1
0
-3
-3
-4
-5
-3
-5
-5
-7
-7
-9
-9
-10
-11
-10
-10
-9
-11
-9
-11
-10
-10
-12
-10
-12
-9
-11
-12
-12
-11
-12
-13
-12
-16
-15
-17
-15
-14
-13
-12
-12
-10
-13
-12
-13
-11
-13
-11
-11
-10
-10
-9
-7
-8
-7
-6
-7
-5
-5
-5
-4
-4
-3
-3
1
-2
-1
0
4
4
4
7
7
7
6
5
5
4
5
6
3
4
4
1
3
3
2
4
3
2
0
-1
-1
-2
-1
-2
0
-3
-1
-2
-1
0
-2
0
-1
1
0
1
1
1
3
4
3
5
5
8
8
6
6
5
7
8
9
10
12
12
12
9
10
10
12
10
11
10
9
8
8
7
9
8
9
7
5
9
4
5
3
4
4
3
3
2
2
3
3
2
2
3
0
0
1
1
1
1
4
0
1
0
0
1
-1
-1
-1
-1
-2
-1
-2
0
-2
-1
1
1
0
1
-1
-1
-1
-1
-2
-3
0
-1
1
1
2
3
2
2
0
1
1
1
4
4
4
3
4
3
3
2
2
1
1
4
0
0
-2
-1
-2
-3
0
-2
-4
-3
-5
-6
-5
-8
-5
-7
-6
-6
-5
-3
-4
-3
-3
-4
-5
-4
-2
-5
-2
-1
3
4
2
2
2
1
2
1
3
3
5
6
5
7
7
7
7
7
8
6
5
5
5
6
6
5
6
4
5
4
4
5
1
4
3
4
3
1
4
3
3
3
5
3
2
1
-1
-3
0
-1
1
0
1
1
-4
-2
-4
-3
-5
-5
-2
-5
-7
-6
-9
-9
-8
-9
-7
-7
-9
-8
-6
-9
-8
-8
-6
-6
-7
-7
-4
-4
-4
-2
-2
-4
-5
-5
-5
-6
-7
-4
-4
-5
-5
-1
-2
-1
-2
-1
-3
-3
-2
-2
-4
-4
0
-1
2
0
3
1
0
-1
-3
-3
-3
-3
-3
-1
1
0
2
0
1
-1
-2
-3
-4
-3
-5
-1
-2
1
0
0
-1
-3
-3
-2
-1
-3
-1
-2
-1
-1
-2
2
1
0
1
1
0
-2
-3
-1
-2
1
0
4
0
-1
0
-1
-2
-2
-2
-2
-2
-7
-4
-2
-4
-3
-3
-1
-4
-4
-4
-5
-4
-5
-3
-1
-1
-3
-2
-1
-3
-3
-2
2
-2
1
3
2
2
1
2
1
-1
-1
2
-2
1
1
4
0
0
1
0
-1
-2
-1
0
1
3
4
4
4
2
2
4
1
4
2
3
4
3
5
3
6
3
4
3
2
1
1
2
2
2
2
0
0
0
-1
-3
-2
-1
-3
-2
-2
-5
-3
-1
-2
-2
-2
1
2
-1
3
3
1
0
1
3
3
2
4
3
3
1
2
3
2
2
3
4
4
4
5
7
7
6
6
8
6
8
8
8
7
9
10
10
9
10
11
8
5
8
8
5
6
5
6
4
4
6
4
4
4
7
5
4
5
5
3
4
4
3
1
2
3
2
2
2
5
2
2
3
4
3
5
3
4
3
2
4
2
3
0
2
0
-1
0
0
-1
-2
1
-1
-2
-3
-1
-2
-1
-2
-2
-1
-1
-2
-1
-2
-3
-3
-3
-3
-2
-1
-1
-1
1
0
0
0
-1
-1
-2
-2
-2
1
-1
-2
-1
0
-2
-4
-3
-4
-4
-6
-4
-4
-4
-6
-3
-3
-6
-4
-5
-3
-6
-5
-3
-7
-5
-4
-5
-5
-5
-1
-2
-3
-1
-3
-4
-4
-1
0
0
1
0
1
1
1
2
1
1
-1
0
2
0
0
0
0
1
-4
-2
-3
-2
-3
-3
-4
-4
-3
-3
-3
-3
-3
-1
-1
0
0
-1
-1
0
0
-2
-1
-1
-2
-2
0
1
-2
-3
-2
-1
-3
-4
-5
-2
-5
-5
-4
-3
-4
-3
-3
-2
-2
-3
-1
-3
-2
-3
-2
-2
-2
-1
0
0
1
1
2
3
2
2
2
2
2
2
2
1
2
2
2
0
0
1
-1
-2
-2
-2
-2
-4
-2
-2
-1
-2
0
0
-2
-2
-2
-2
-3
-4
-3
-3
-4
-4
-3
-4
-5
-6
-6
-5
-7
-7
-7
-7
-7
-7
-8
-8
-8
-8
-6
-7
-6
-6
-5
-4
-4
-3
-3
-2
-2
-1
-2
-2
-2
-1
-1
-2
-1
-2
-1
0
0
0
0
0
-2
-1
-1
1
1
-1
3
2
1
2
4
4
4
5
6
8
8
11
13
13
13
13
14
14
14
13
15
14
13
12
11
12
10
9
8
7
6
3
2
0
-2
-4
-4
-6
-8
-10
-9
-8
-8
-7
-7
-6
-6
-4
-2
-2
0
2
3
5
6
9
10
10
12
12
12
12
12
12
12
10
11
11
10
8
7
5
2
1
-2
-1
-3
-3
-3
-4
-3
-4
-4
-4
-4
-3
-1
0
3
3
6
7
9
11
13
13
14
15
15
15
13
13
11
12
9
8
7
5
3
0
-1
-5
-7
-9
-11
-14
-15
-18
-17
-19
-19
-19
-18
-18
-16
-15
-14
-12
-11
-10
-8
-5
-3
0
1
4
7
8
8
10
9
9
10
8
8
7
5
2
1
0
-1
-4
-5
-8
-10
-13
-14
-15
-16
-16
-18
-16
-16
-15
-13
-12
-11
-10
-8
-5
-4
-3
0
1
2
3
3
4
2
4
2
3
3
3
1
1
1
-2
-2
-3
-4
-5
-7
-7
-7
-9
-9
-6
-5
-5
-3
-2
1
3
5
7
8
10
13
13
16
20
20
21
25
24
23
22
24
21
19
19
16
14
10
9
7
5
4
1
-2
-2
-6
-7
-8
-11
-12
-14
-13
-13
-13
-13
-11
-10
-9
-8
-7
-7
-7
-8
-6
-4
-5
-3
-4
-6
-6
-5
-6
-7
-6
-8
-10
-11
-11
-14
-15
-13
-12
-13
-14
-14
-13
-13
-10
-9
-10
-8
-7
-6
-2
0
1
2
4
5
7
8
9
10
10
11
10
9
9
9
10
9
8
6
4
5
1
-1
-1
-1
-3
-5
-5
-5
-4
-7
-5
-4
-8
-5
-4
-6
-5
-4
-2
-2
0
1
0
1
3
3
2
0
4
1
-3
-1
-1
-2
-5
-1
1
-2
-3
-1
-3
-4
-5
0
0
1
2
6
7
5
11
11
12
12
16
18
16
18
21
21
21
25
24
23
27
29
26
26
24
24
20
19
19
16
15
15
13
12
9
8
8
4
5
4
1
2
1
-1
-1
-1
-1
-2
1
1
0
2
3
3
0
2
4
3
5
4
2
3
2
-1
-2
0
-3
-6
-5
-4
-6
-9
-9
-8
-9
-7
-7
-8
-8
-11
-12
-13
-15
-16
-12
-14
-14
-10
-11
-8
-5
-3
-4
-4
1
1
-4
-2
-2
-2
1
1
4
3
2
2
-1
-2
-4
-6
-8
-12
-11
-12
-14
-16
-15
-16
-16
-19
-20
-19
-29
-30
-28
-39
-36
-31
-37
-35
-34
-29
-28
-29
-24
-26
-29
-18
-14
-9
0
2
3
8
15
12
10
17
18
22
25
24
18
16
15
11
8
7
14
4
7
13
2
-5
-5
2
-4
-11
8
15
-3
5
11
7
-7
0
14
18
17
42
55
37
34
40
28
26
44
57
14
56
197
51
-35
53
-21
-40
-10
-36
-26
-47
32
50
-131
-72
-34
-113
-73
-64
-56
-9
-33
-43
-34
-50
-35
-27
-18
2
21
27
24
12
12
10
6
8
27
39
26
28
17
-3
7
1
-16
-5
0
17
20
-10
-16
-13
-30
-49
-49
-32
-20
-15
34
44
-7
-23
-18
-15
9
50
45
-6
195
324
12
-33
23
-68
12
33
12
9
-3
175
55
-178
-62
-97
-86
-7
-57
6
24
-50
-45
-84
-92
-66
-38
-6
-21
2
6
-43
-56
-57
-76
-54
-25
-12
-2
3
-49
-62
-34
-55
-48
-18
0
1
2
14
-23
-43
-9
-15
-24
-5
2
18
18
23
37
0
2
22
11
26
33
31
39
25
61
48
27
64
28
12
58
34
36
44
15
50
23
4
7
11
39
25
12
27
12
12
40
15
1
22
37
31
36
28
27
44
18
36
36
20
37
43
57
27
14
41
15
10
28
4
-10
-22
-15
-4
-12
-19
-30
-35
-25
-31
-43
-35
-46
-39
-19
-22
-31
-24
-33
-35
-24
-17
-12
-4
3
14
21
13
16
25
38
46
35
39
48
34
47
34
19
42
37
37
23
14
30
3
6
17
2
15
7
1
4
-12
-3
0
7
22
10
6
-6
-16
-14
-21
-18
-2
-8
-16
-17
-18
-34
-42
-11
-16
-14
0
-7
-34
-52
-42
-33
-42
-47
-30
-33
-49
-66
-73
-63
-49
-42
-8
-11
-70
-58
-39
-10
-5
12
13
-34
258
357
-52
-158
14
167
357
123
40
26
-99
182
-11
-277
-197
-58
140
32
-155
-93
-177
-191
-178
-148
60
10
117
42
-159
-34
-102
-52
97
5
161
211
-1
147
-46
-156
5
-76
84
125
35
85
-43
-156
-32
-176
-99
19
-8
78
-1
-97
-157
-230
-134
-47
-114
44
6
-61
-6
-94
-113
-133
-133
46
-24
61
167
-51
-44
-72
-119
58
56
29
135
6
53
-53
-104
-4
-61
-9
90
13
57
88
-49
-24
-90
21
11
17
131
24
-25
41
-75
-83
-26
49
59
-52
90
-54
-166
-25
16
-27
-44
57
81
-37
9
101
-38
39
278
205
94
90
74
54
121
84
188
344
234
125
58
-59
-112
122
201
107
24
162
56
-249
-237
-130
-48
90
160
122
88
-94
-164
-227
-98
35
247
398
117
71
62
-214
-106
82
54
277
331
291
41
-134
-57
-177
-94
182
211
219
195
-87
-243
-302
-210
-42
66
206
192
-55
-137
-191
-288
-154
-17
114
227
129
109
-36
-276
-129
-79
-17
262
215
143
59
-208
-180
-172
-94
132
131
134
158
-79
-179
-153
-191
-62
103
168
162
16
-93
-113
-181
-167
-35
96
123
121
19
-112
-133
-140
-94
-16
-12
66
83
43
-50
-190
-118
-40
8
133
126
26
-42
-103
-118
-170
-39
51
-85
-44
1
-86
-138
-161
-172
-164
-123
6
-26
-102
-75
-151
-207
-120
-85
-64
-29
-20
-80
-86
18
17
-73
-66
-26
-54
12
108
92
6
-1
21
-2
-7
35
-19
-3
44
-6
35
15
-22
-21
-54
26
54
7
55
16
-58
-31
4
32
64
58
29
52
81
74
60
68
66
70
112
113
51
79
118
67
73
145
136
47
82
112
87
112
123
70
27
71
103
61
24
55
74
32
36
12
-69
-88
-64
-26
25
41
-12
-66
-127
-144
-129
-93
13
42
13
2
-82
-115
-79
-104
-68
25
72
72
33
-17
-78
-171
-115
16
26
62
98
-20
-160
-160
-106
-113
-18
95
37
-12
-32
-87
-119
-81
-16
-31
39
156
70
-75
-129
-89
-49
13
109
130
107
30
-57
-45
-22
37
99
108
79
-8
-41
-9
-74
-114
-47
35
46
9
-6
-85
-155
-130
-70
-3
31
28
-42
-106
-108
-83
-64
-13
32
10
9
8
-67
-118
-79
-37
22
78
96
66
-2
-59
-52
-42
-2
76
100
68
17
-65
-95
-68
-22
31
61
88
145
95
-29
-47
16
32
122
221
163
159
120
-50
-16
120
181
79
137
458
124
-66
205
90
-61
108
357
270
43
333
337
-98
73
301
232
221
351
362
156
134
179
63
93
211
211
180
181
91
-36
-2
-21
-95
-54
49
-7
-185
-188
-273
-371
-284
-328
-361
-262
-221
-288
-447
-480
-463
-477
-393
-372
-334
-225
-244
-354
-376
-353
-375
-310
-194
-192
-142
-60
-60
-80
-94
-137
-185
-140
-8
8
-16
-1
-44
-54
-11
-50
-68
13
31
36
35
64
120
66
-87
-5
78
80
78
99
160
58
37
187
67
8
148
205
223
165
222
323
238
191
231
286
336
362
425
398
376
428
460
435
438
481
531
507
474
419
382
406
385
299
305
375
344
226
109
92
108
96
68
-7
33
130
-16
-243
-207
-128
-274
-301
-36
-67
-382
-335
-153
-298
-447
-433
-349
-276
-302
-447
-567
-374
-217
-307
-530
-656
-396
14
-187
-817
-752
-61
-125
-510
-381
-421
-295
15
-185
-525
-353
111
-38
-471
-112
249
-64
-226
4
113
52
-42
-109
51
203
90
-48
-58
83
212
36
-131
-129
27
189
14
-275
-56
301
77
-244
-138
54
81
0
-7
59
62
103
23
-105
13
151
77
51
158
238
168
94
55
50
151
219
168
129
166
219
159
19
147
302
279
275
178
153
263
249
172
155
209
270
244
237
199
89
109
202
202
138
166
193
122
58
-4
-35
6
25
17
22
9
-3
-54
-104
-93
-55
-53
-69
-82
-104
-104
-90
-79
-91
-117
-98
-42
-8
-46
-101
-83
-51
-26
-26
-3
17
2
-5
-33
-43
33
99
93
103
136
135
113
104
112
165
177
129
142
205
205
106
61
96
118
120
98
63
36
29
7
-76
-66
-26
-71
-93
-143
-209
-212
-234
-275
-311
-297
-271
-336
-357
-355
-417
-431
-427
-443
-427
-420
-431
-439
-436
-437
-428
-407
-357
-333
-321
-301
-306
-296
-251
-193
-154
-120
-70
-36
-23
5
11
42
115
191
211
227
244
255
275
289
298
277
298
362
367
320
268
257
298
308
284
299
372
350
265
247
197
187
273
272
185
159
236
238
85
50
124
142
142
98
58
103
130
74
12
-6
24
65
71
43
52
50
1
-15
8
7
-35
-34
7
6
-33
-81
-86
-33
9
-33
-102
-67
4
22
-17
-91
-77
19
13
-81
-93
-41
12
-16
-115
-70
4
-52
-106
-161
-153
-72
-89
-140
-144
-135
-91
-164
-235
-148
-154
-214
-179
-163
-193
-196
-184
-234
-273
-165
-124
-202
-250
-171
-68
-149
-231
-170
-123
-115
-100
-184
-149
-94
-41
-10
-90
-27
66
32
16
77
87
171
174
155
152
103
126
233
214
159
146
157
619
955
714
187
-81
83
292
352
129
-85
45
426
263
-310
-404
-241
-349
-183
163
138
125
-79
-312
-474
-323
69
26
-104
210
391
123
-99
-178
-193
-202
8
172
14
14
305
202
-326
-466
-86
75
55
105
36
-18
91
105
-163
-465
-291
182
246
95
-180
-125
239
56
-221
-93
-18
42
34
82
207
7
-60
-25
-110
3
181
109
-82
-129
95
290
118
-100
-147
-49
170
155
-84
-176
-47
172
134
-91
-157
-110
54
104
-52
-124
-55
125
226
56
-65
31
179
200
73
148
353
394
290
225
260
350
318
358
483
466
421
379
403
459
426
251
154
250
390
323
193
99
-10
-2
20
28
-1
-35
-4
-97
-244
-205
-99
-224
-494
-369
21
-207
-549
-369
-304
-373
-401
-509
-492
-227
-62
-402
-707
-334
-176
-357
-260
-461
-578
-61
112
-480
-747
-140
184
-331
-585
-406
-224
54
13
-420
-591
-161
224
-136
-653
-586
-222
72
-52
-480
-508
-214
-54
-247
-542
-313
79
218
251
230
265
242
73
63
231
537
847
842
756
812
787
623
456
527
843
1106
1135
921
690
620
555
311
161
338
634
607
340
90
-21
-121
-271
-405
-312
-31
21
-208
-444
-460
-428
-426
-412
-247
35
232
32
-438
-600
-331
-111
-99
-16
112
207
53
-287
-422
-331
-50
148
68
27
115
146
-179
-665
-564
-84
175
72
-243
-409
-270
-63
-303
-849
-694
136
479
-87
-696
-488
-115
-212
-512
-567
-272
186
264
-327
-881
-619
150
146
-520
-622
-82
76
-174
-517
-633
-395
-121
-102
-479
-601
-246
35
32
148
201
45
-179
-214
46
419
724
784
739
764
828
661
401
403
792
1233
1336
1168
983
838
660
405
303
468
793
1001
758
295
-4
-79
-126
-269
-362
-199
13
47
-287
-610
-690
-657
-671
-722
-486
-4
270
73
-319
-571
-581
-523
-332
18
460
657
423
7
-287
-312
-141
100
288
460
525
380
114
-97
-182
-258
-207
90
375
376
142
-272
-569
-539
-346
-71
33
36
-48
-300
-501
-587
-518
-317
-188
2
47
-259
-507
-522
-436
-479
-541
-306
-49
-73
-250
-519
-658
-605
-485
-496
-299
227
827
831
152
-526
-730
-262
489
1068
1305
1450
1387
1086
495
137
316
979
1727
2091
1870
1287
762
390
181
173
430
871
1226
1069
372
-417
-738
-701
-602
-503
-319
-138
-90
-397
-998
-1548
-1648
-1323
-903
-571
-390
-366
-516
-704
-905
-927
-744
-470
-102
289
467
301
-53
-255
-161
52
252
386
480
526
445
259
79
33
114
187
211
244
253
158
-62
-343
-491
-438
-287
-215
-136
-94
-222
-541
-827
-835
-696
-564
-474
-473
-449
-535
-662
-704
-764
-754
-730
-667
-663
-579
-527
-626
-892
-1010
-975
-764
-307
325
833
632
-139
-975
-939
73
1298
1836
1720
1487
1395
1205
774
626
1100
2033
2658
2510
1868
1306
1068
866
645
630
1119
1709
1733
943
-105
-677
-714
-493
-300
-80
48
-68
-612
-1392
-1866
-1696
-1169
-714
-527
-540
-608
-744
-995
-1287
-1253
-786
-169
172
219
141
16
-228
-459
-365
154
709
933
679
262
5
-43
-5
121
363
567
516
158
-252
-468
-410
-335
-366
-354
-246
-243
-460
-779
-918
-845
-706
-722
-716
-657
-585
-752
-965
-1052
-874
-649
-574
-701
-831
-841
-907
-832
-874
-666
-634
-616
-751
-349
467
1252
1051
-64
-913
-606
883
2056
2394
2007
1824
1693
1507
1126
1236
2129
3131
3286
2436
1542
1265
1452
1410
1081
1059
1532
1886
1325
231
-599
-666
-369
-205
-246
-211
-126
-464
-1207
-1962
-1981
-1414
-706
-409
-511
-829
-1055
-1166
-1121
-896
-565
-175
11
64
27
49
-1
-48
-11
256
647
841
628
195
-93
-75
156
400
548
465
183
-210
-443
-355
-103
19
-179
-496
-666
-668
-628
-665
-758
-800
-796
-884
-932
-951
-826
-814
-980
-1089
-944
-691
-606
-768
-933
-956
-962
-883
-872
-643
-553
-651
-962
-901
-16
1089
1447
433
-874
-1091
240
1870
2679
2321
1880
1682
1465
1180
1149
2133
3224
3516
2562
1330
905
1326
1667
1499
1202
1245
1482
1063
122
-794
-799
-354
-129
-366
-805
-990
-1206
-1591
-2037
-2101
-1665
-1107
-1026
-1327
-1709
-1674
-1324
-976
-765
-675
-539
-501
-516
-378
-28
334
428
276
223
369
574
597
463
406
463
553
613
563
462
235
8
-41
129
383
329
-90
-584
-772
-569
-298
-247
-362
-544
-794
-1070
-1146
-811
-424
-345
-777
-1228
-1300
-983
-604
-565
-687
-846
-934
-1039
-1017
-877
-609
-595
-800
-893
-245
920
1366
602
-910
-1179
54
1945
2807
2418
1632
1317
1259
1327
1566
2300
3309
3408
2498
1093
649
1245
1966
1980
1489
1145
1096
767
18
-582
-546
15
251
-123
-765
-1271
-1449
-1542
-1578
-1481
-1210
-1016
-1145
-1579
-1904
-1786
-1297
-740
-431
-349
-539
-843
-1015
-827
-162
458
581
330
-21
-89
177
316
456
451
283
193
116
235
412
297
0
-130
-1
334
323
-110
-556
-652
-370
-85
-169
-397
-587
-842
-951
-921
-500
-43
-160
-751
-1317
-1300
-687
-76
-16
-224
-761
-1006
-1147
-896
-497
-99
-62
-648
-1128
-1278
-71
1271
1726
691
-851
-1295
189
1962
2809
2439
1358
1257
1218
1539
1894
2408
2942
2873
2013
1217
1179
1598
2006
1556
1054
910
1161
1063
432
-346
-612
-251
5
-7
-544
-1050
-1354
-1445
-1442
-1349
-1168
-978
-1057
-1407
-1646
-1530
-1017
-637
-521
-576
-599
-499
-217
-85
50
129
191
350
502
615
744
666
473
362
239
503
726
791
621
346
122
192
398
506
361
-53
-281
-272
-143
-167
-288
-509
-610
-694
-729
-614
-546
-539
-804
-1103
-1225
-997
-612
-333
-508
-789
-1147
-1176
-977
-827
-570
-649
-749
-1113
-1427
-1436
-736
456
1304
805
-587
-1721
-1053
878
2292
2436
1293
553
771
1239
1803
2018
2128
2325
2026
1536
1261
1350
1676
1645
1122
840
956
1117
791
-2
-638
-458
10
172
-233
-994
-1406
-1468
-1362
-1184
-1079
-1035
-1194
-1562
-1706
-1566
-1085
-661
-657
-810
-893
-749
-455
-297
-147
38
161
206
150
207
424
585
548
385
329
437
601
659
534
393
340
315
395
374
267
150
-82
-227
-242
-236
-260
-364
-587
-603
-650
-587
-513
-560
-761
-991
-1192
-983
-588
-369
-389
-842
-1015
-1183
-896
-730
-561
-592
-776
-1014
-1220
-1345
-1180
-656
129
975
554
-345
-1464
-1097
496
1927
2067
1082
207
609
1568
1997
1914
1374
1518
1771
1921
1837
1755
1579
1334
854
692
1181
1605
1543
630
-305
-542
-66
403
412
-232
-905
-1138
-1099
-774
-722
-836
-1140
-1392
-1401
-1096
-763
-649
-804
-970
-793
-605
-426
-418
-225
34
170
20
-93
19
315
536
419
387
362
541
595
574
529
569
582
512
370
312
451
465
343
-22
-161
-139
-22
-29
-142
-261
-266
-264
-303
-365
-526
-608
-589
-493
-303
-222
-388
-518
-792
-812
-608
-399
-297
-369
-762
-870
-1002
-895
-797
-686
-357
423
791
319
-669
-1468
-499
1020
2027
1595
533
92
976
1559
1749
1312
1019
1554
1893
1881
1425
1026
857
938
817
1085
1362
1354
763
-301
-841
-422
398
716
201
-874
-1393
-1322
-906
-513
-597
-847
-1133
-1384
-1304
-940
-645
-411
-619
-753
-678
-533
-298
-156
-15
167
267
128
97
98
380
643
747
647
532
440
445
624
719
831
673
434
328
453
568
510
134
-140
-121
-7
124
9
-177
-363
-498
-510
-382
-225
-224
-526
-848
-956
-737
-455
-456
-631
-876
-988
-939
-896
-862
-794
-888
-923
-1029
-1143
-1141
-1058
-654
243
472
-14
-977
-1475
-403
956
1585
1088
215
198
1093
1477
1487
978
1002
1651
1963
1771
1178
835
910
1213
1190
1322
1306
1059
507
-254
-475
59
673
683
-83
-1134
-1355
-1008
-566
-431
-818
-1145
-1297
-1285
-1207
-882
-776
-739
-934
-1039
-665
-531
-475
-538
-452
-234
-19
-186
-16
124
341
397
127
89
148
432
616
742
518
380
191
169
346
546
576
367
-61
-239
-104
-61
61
-131
-247
-286
-349
-303
-225
-302
-433
-691
-792
-606
-424
-373
-563
-875
-1032
-928
-763
-582
-608
-705
-803
-941
-1048
-1055
-1023
-603
-132
573
415
-294
-1173
-1072
231
1487
1670
870
159
426
1396
1630
1565
1017
1271
1753
1989
1677
1218
1036
1230
1413
1260
1309
1290
1128
553
-91
-195
439
852
591
-285
-1076
-1006
-634
-372
-486
-837
-966
-1015
-1110
-1160
-1072
-929
-590
-514
-707
-748
-932
-731
-307
-141
27
10
-211
119
132
262
459
215
333
446
580
865
798
464
398
284
551
812
705
555
267
-37
16
125
219
304
-45
-254
-302
-268
-84
-175
-385
-500
-638
-688
-550
-541
-481
-602
-896
-934
-863
-725
-610
-670
-817
-769
-1009
-1012
-1019
-942
-494
-95
382
202
-382
-1017
-707
348
1405
1422
755
212
697
1532
1693
1417
884
1338
1994
2275
1818
1180
950
1239
1446
1493
1526
1401
1093
397
-102
17
669
961
555
-470
-1135
-1038
-631
-326
-525
-850
-1085
-1167
-1239
-1165
-1071
-887
-873
-747
-803
-897
-960
-976
-464
-233
-172
-312
-434
-226
124
79
213
116
121
356
406
645
594
319
164
259
441
806
651
322
-14
-215
14
282
327
186
-167
-501
-428
-324
-71
-47
-315
-563
-770
-831
-609
-436
-390
-506
-918
-1022
-917
-672
-475
-547
-739
-849
-1038
-1006
-937
-793
-407
-156
391
197
-283
-851
-762
271
1293
1435
951
311
487
1291
1459
1494
1136
1431
1946
2004
1453
973
936
1358
1633
1361
1198
1027
822
398
-11
3
492
604
129
-671
-1262
-1066
-688
-529
-698
-1062
-1272
-1288
-1317
-1242
-1044
-942
-860
-982
-1095
-892
-774
-720
-658
-551
-174
23
-181
-241
-207
110
406
334
270
312
361
359
324
329
583
656
422
267
177
296
371
139
73
130
125
51
-222
-354
-237
-226
-172
-187
-284
-451
-691
-830
-593
-294
-272
-453
-891
-1039
-899
-659
-439
-405
-666
-879
-1066
-1066
-817
-694
-443
-360
50
116
-143
-615
-818
-23
966
1425
1025
366
285
1120
1531
1639
1288
1236
1708
1893
1643
1209
1160
1469
1797
1439
1155
1065
1111
939
375
18
270
603
459
-189
-986
-1007
-702
-441
-517
-899
-1136
-1170
-1235
-1229
-1112
-983
-813
-912
-1086
-1170
-997
-805
-222
95
-3
-321
-854
-510
260
765
839
446
0
291
406
697
899
655
626
449
363
565
685
524
385
-32
1
283
295
180
-190
-423
-244
-106
-64
-75
-424
-620
-724
-695
-352
-233
-417
-716
-1076
-1028
-715
-470
-378
-544
-858
-1002
-984
-898
-596
-631
-607
-624
-346
162
158
-219
-643
-395
479
1218
1085
750
435
966
1408
1392
1270
1194
1722
2027
1829
1263
1087
1322
1728
1574
1231
1100
1113
952
397
5
143
617
579
5
-801
-1045
-735
-410
-386
-695
-970
-1087
-1138
-1185
-1085
-890
-636
-670
-898
-1101
-983
-615
-224
-16
-204
-337
-408
-154
238
479
491
454
317
455
691
765
807
546
490
614
791
780
683
413
341
310
298
421
348
186
-96
-291
-269
-87
-85
-151
-410
-612
-666
-707
-615
-586
-651
-794
-987
-1060
-952
-859
-740
-809
-951
-1003
-1172
-1123
-1046
-880
-805
-875
-946
-555
-1
55
-297
-982
-694
276
1096
1019
457
44
673
1218
1283
1160
994
1463
1611
1329
964
1084
1380
1571
1108
752
836
1014
897
328
-62
98
480
375
-204
-861
-967
-602
-362
-459
-784
-1028
-1037
-1042
-1081
-975
-773
-576
-591
-923
-1066
-940
-523
-132
-70
-222
-375
-366
-182
156
342
496
472
384
338
341
379
512
612
647
630
403
266
215
339
470
418
208
34
-41
-108
-157
-221
-151
-53
-105
-362
-614
-746
-649
-516
-504
-521
-715
-876
-993
-973
-772
-589
-496
-684
-841
-1061
-1000
-824
-557
-431
-467
-610
-494
129
275
379
-237
-281
319
1081
1290
1109
668
1000
1572
1545
1605
1236
1595
1920
1897
1530
1379
1332
1588
1446
1115
1094
1066
1007
576
84
-36
264
291
34
-566
-946
-798
-615
-567
-730
-1033
-1087
-1084
-1197
-1137
-1048
-817
-592
-800
-980
-987
-823
-362
-227
-254
-306
-372
-214
47
178
340
324
243
269
282
404
492
495
436
443
359
357
359
375
420
332
128
-8
-24
33
59
-108
-219
-252
-222
-279
-429
-553
-567
-498
-526
-623
-731
-806
-821
-815
-794
-707
-602
-663
-766
-914
-951
-755
-575
-442
-536
-639
-648
-67
387
497
115
-418
-142
623
1216
1276
956
743
1260
1359
1389
1232
1282
1771
1890
1603
1235
1153
1304
1469
1175
1016
1006
1015
762
273
-69
81
370
289
-130
-741
-852
-665
-514
-546
-784
-928
-937
-1035
-1088
-978
-787
-542
-604
-859
-931
-820
-501
-230
-258
-268
-190
-81
55
30
38
290
498
543
427
258
291
445
549
604
643
493
340
201
212
399
378
207
53
-48
-31
-67
-222
-258
-224
-242
-324
-502
-584
-583
-642
-750
-752
-662
-627
-736
-990
-1002
-841
-595
-609
-753
-934
-864
-709
-546
-527
-677
-594
-492
136
344
226
-235
-537
-111
722
1117
1023
610
397
897
993
1157
1046
1162
1411
1412
1066
863
910
1081
1190
875
717
693
651
424
138
-62
200
305
84
-367
-814
-731
-448
-308
-422
-681
-879
-910
-947
-922
-713
-487
-423
-589
-904
-924
-653
-371
-134
-85
-189
-253
-347
-243
129
358
438
275
37
84
257
400
590
544
413
322
131
213
354
393
444
266
63
40
-11
24
26
-104
-86
-102
-209
-283
-466
-549
-487
-484
-455
-470
-611
-724
-802
-819
-609
-496
-517
-654
-813
-836
-599
-494
-364
-422
-605
-520
-351
199
415
272
-194
-316
99
832
1104
951
586
607
993
1101
1166
945
1137
1340
1353
1116
902
913
1051
1003
778
695
732
719
428
59
-87
121
185
-10
-406
-678
-578
-443
-413
-542
-730
-817
-819
-857
-768
-644
-516
-459
-643
-774
-754
-563
-287
-131
-148
-184
-301
-272
-77
141
358
300
148
86
194
374
462
404
359
363
366
314
284
299
366
384
243
152
123
160
161
57
-39
-34
-29
-74
-170
-306
-325
-316
-301
-305
-352
-448
-519
-562
-515
-376
-379
-433
-538
-617
-498
-355
-297
-236
-395
-479
-385
-228
335
488
253
-144
-407
101
811
1043
892
469
424
764
852
914
866
1041
1210
1089
751
624
772
982
958
653
525
586
555
334
25
-82
168
228
7
-348
-622
-517
-354
-376
-451
-573
-623
-641
-745
-750
-607
-375
-341
-498
-785
-769
-494
-162
9
-57
-233
-373
-326
-142
240
388
338
71
-62
16
216
341
370
367
300
185
13
28
174
364
291
63
-103
-54
68
31
-127
-227
-143
-85
-148
-360
-488
-504
-439
-389
-393
-437
-537
-624
-707
-657
-590
-488
-489
-570
-678
-675
-587
-420
-356
-495
-512
-522
-123
230
246
-1
-336
-243
338
786
866
676
401
634
765
858
848
910
1134
1215
1006
727
700
848
1030
860
627
542
592
522
278
-2
7
170
133
-95
-432
-529
-443
-386
-432
-517
-590
-626
-711
-799
-713
-513
-354
-409
-641
-764
-604
-349
-117
-121
-228
-308
-314
-181
18
167
179
79
-24
4
92
191
220
257
252
202
71
-30
33
200
294
175
-22
-113
-21
32
-28
-128
-122
-37
-58
-244
-401
-433
-330
-233
-266
-321
-409
-494
-555
-535
-448
-302
-293
-397
-518
-587
-448
-281
-137
-209
-303
-429
-222
160
344
278
-62
-167
181
610
764
720
417
573
696
761
814
723
879
1001
933
771
656
644
798
722
572
505
521
554
399
76
-59
65
171
159
-150
-395
-381
-313
-250
-279
-395
-384
-465
-549
-512
-421
-195
-149
-300
-453
-457
-308
-28
55
43
-39
-137
-41
101
208
253
209
163
216
176
181
209
266
357
311
165
33
8
108
244
212
91
-43
-100
-82
-99
-153
-161
-98
-80
-180
-377
-506
-447
-327
-280
-331
-450
-504
-527
-560
-529
-494
-443
-443
-504
-550
-500
-443
-356
-296
-369
-374
-373
-180
149
241
100
-98
-140
266
634
696
627
439
571
741
758
771
797
944
1068
935
737
689
764
860
774
613
584
624
545
328
94
65
251
272
108
-173
-366
-304
-227
-209
-214
-305
-384
-513
-598
-460
-229
-100
-240
-471
-581
-383
-160
-20
-47
-140
-200
-179
-156
-43
71
65
66
-57
-73
-39
-42
6
60
57
39
-126
-257
-194
-83
33
-18
-205
-305
-327
-320
-251
-224
-157
-150
-296
-464
-529
-468
-289
-226
-295
-386
-508
-494
-468
-411
-332
-279
-322
-360
-465
-442
-296
-192
-69
-116
-227
-261
-182
42
384
407
300
107
62
402
682
810
730
596
639
758
774
792
825
906
940
806
679
666
723
679
535
431
477
529
391
137
-53
-28
100
81
-61
-241
-353
-330
-344
-341
-321
-359
-347
-430
-525
-486
-388
-244
-198
-357
-440
-437
-307
-118
-85
-100
-188
-279
-281
-172
0
102
11
-165
-283
-207
-51
75
78
-33
-146
-234
-207
-98
41
43
-98
-268
-312
-214
-111
-118
-175
-210
-233
-238
-294
-306
-269
-246
-279
-298
-330
-334
-330
-380
-349
-305
-259
-254
-312
-393
-352
-285
-142
-68
-115
-172
-231
-149
15
243
316
294
121
78
185
424
622
658
582
463
463
484
624
703
784
711
594
463
433
508
524
498
400
360
312
242
103
53
81
137
114
-13
-126
-181
-150
-147
-63
-51
-71
-170
-298
-273
-124
17
43
-86
-248
-220
-147
44
93
48
-80
-175
-144
-46
89
88
18
-97
-146
-99
3
38
60
-12
-67
-68
-90
-31
-7
41
23
-43
-111
-129
-79
-37
-24
-69
-87
-106
-122
-183
-197
-176
-122
-128
-182
-226
-246
-202
-211
-174
-162
-108
-126
-156
-208
-158
-40
66
108
39
-11
7
126
229
341
344
391
354
298
315
408
616
736
645
478
370
459
638
700
646
522
438
405
400
391
415
362
292
178
128
134
99
46
-34
-74
-123
-116
-163
-99
-164
-252
-324
-317
-157
-110
-194
-335
-371
-326
-163
-210
-201
-264
-314
-264
-282
-210
-180
-213
-273
-312
-307
-189
-130
-143
-191
-278
-270
-200
-109
-45
-69
-164
-213
-198
-111
-18
-35
-66
-135
-153
-112
-90
-59
-60
-94
-108
-148
-189
-165
-149
-113
-119
-181
-186
-182
-162
-148
-145
-150
-122
-137
-128
-98
-62
-12
-9
-9
-18
45
77
121
92
88
118
179
207
202
165
181
223
249
287
260
264
231
231
232
255
270
270
225
180
156
154
183
189
155
112
50
36
36
61
57
31
1
-37
-32
-43
-35
-39
-34
-55
-63
-102
-84
-65
-65
-75
-139
-134
-115
-81
-88
-139
-181
-192
-163
-138
-144
-160
-187
-208
-212
-217
-202
-184
-173
-180
-205
-212
-222
-219
-202
-174
-158
-155
-178
-203
-176
-152
-125
-121
-130
-135
-139
-155
-159
-131
-106
-63
-93
-105
-113
-90
-65
-47
-40
-17
30
22
56
43
83
123
167
182
218
203
218
239
232
304
297
329
327
307
308
348
336
401
371
357
360
327
349
354
356
348
347
297
312
273
281
272
227
217
200
176
161
111
54
56
26
19
-4
-57
-78
-123
-143
-135
-150
-156
-186
-216
-223
-241
-263
-256
-231
-200
-193
-258
-289
-294
-245
-191
-181
-206
-224
-253
-245
-210
-183
-135
-142
-164
-171
-162
-127
-98
-98
-88
-72
-69
-66
-68
-37
-7
2
-9
-5
6
27
32
12
24
31
69
82
79
47
44
58
103
131
119
126
104
126
134
161
183
205
197
188
178
186
208
226
209
206
197
179
190
151
162
142
141
128
112
83
66
49
28
41
21
21
-20
-40
-63
-75
-83
-83
-80
-84
-97
-137
-154
-156
-141
-124
-123
-127
-138
-162
-161
-159
-124
-107
-99
-116
-133
-130
-123
-96
-87
-69
-63
-55
-61
-61
-64
-59
-42
-21
-7
-15
-25
-43
-39
-29
-3
8
2
-10
-28
-32
-22
-7
1
6
-7
-7
-23
-13
7
22
25
11
7
6
35
30
27
10
18
33
46
50
53
58
52
53
47
74
105
122
107
88
81
115
150
153
138
116
117
143
127
119
127
91
113
92
68
67
33
61
13
9
-16
-12
-25
-26
-70
-80
-68
-88
-64
-130
-120
-169
-127
-129
-121
-149
-171
-180
-177
-167
-174
-155
-173
-155
-177
-162
-161
-139
-137
-127
-129
-117
-119
-116
-106
-99
-78
-67
-54
-64
-64
-75
-58
-42
-11
-6
-20
-45
-49
-22
7
30
15
8
-5
5
21
40
55
57
58
50
58
61
81
87
97
100
94
100
100
105
105
106
111
112
109
109
105
109
112
120
121
121
128
127
128
121
115
127
143
145
134
116
116
128
132
113
95
87
89
88
73
52
35
30
5
-10
-33
-33
-36
-57
-88
-119
-116
-108
-101
-135
-156
-187
-183
-174
-165
-156
-167
-179
-201
-198
-186
-147
-135
-120
-133
-141
-128
-106
-72
-48
-31
-36
-32
-32
0
27
53
64
68
74
77
84
86
106
118
137
128
113
101
105
122
131
134
125
117
104
98
98
101
108
112
98
79
62
60
72
73
73
56
39
31
25
25
33
31
30
13
-4
-8
-4
15
20
15
5
1
2
11
14
16
14
23
21
21
15
13
23
28
31
14
10
6
15
13
1
-5
-14
-14
-26
-37
-44
-48
-49
-55
-69
-75
-77
-79
-77
-87
-94
-98
-88
-84
-83
-83
-84
-81
-70
-62
-53
-42
-34
-18
-13
-3
11
29
53
65
65
75
77
94
106
117
122
117
119
118
118
114
108
106
104
95
82
68
58
54
45
36
22
6
-4
-19
-26
-34
-41
-45
-58
-73
-86
-92
-90
-94
-95
-105
-114
-121
-123
-120
-119
-117
-123
-129
-137
-136
-133
-123
-115
-111
-115
-119
-116
-103
-91
-79
-79
-79
-72
-68
-59
-55
-41
-29
-24
-25
-31
-26
-11
-2
-1
-4
-5
-7
-12
-14
-14
-5
-4
-11
-26
-38
-37
-38
-37
-43
-52
-57
-64
-69
-71
-66
-63
-59
-57
-62
-60
-59
-43
-29
-17
-13
-3
8
22
41
52
64
74
89
100
113
123
128
138
145
154
151
146
147
149
148
143
133
125
116
109
100
90
80
69
51
37
32
26
19
4
-9
-21
-24
-25
-28
-36
-42
-48
-50
-49
-51
-49
-50
-45
-44
-40
-39
-34
-30
-21
-14
-11
-8
-9
-1
9
19
23
28
29
31
35
36
47
52
57
54
42
39
39
51
53
44
30
19
18
16
18
12
10
-4
-16
-26
-29
-23
-22
-27
-43
-49
-48
-43
-40
-39
-40
-36
-32
-29
-25
-20
-7
8
17
21
27
36
51
63
76
85
95
102
110
116
121
129
132
139
140
134
130
125
122
126
120
110
93
80
74
66
56
47
32
20
5
-9
-21
-28
-36
-50
-62
-76
-84
-86
-90
-96
-105
-115
-117
-116
-114
-113
-117
-119
-118
-118
-113
-108
-99
-95
-93
-91
-86
-75
-62
-49
-43
-41
-39
-29
-20
-6
1
8
15
19
23
27
32
41
50
49
48
47
49
49
52
53
51
52
45
38
30
32
33
35
30
23
18
18
16
14
14
11
11
8
6
6
12
17
17
15
13
18
22
26
25
27
28
31
28
29
29
29
27
21
17
14
9
1
-7
-14
-22
-31
-40
-53
-63
-72
-79
-87
-96
-107
-117
-124
-128
-131
-137
-139
-144
-150
-152
-150
-142
-139
-137
-137
-133
-128
-117
-105
-98
-90
-88
-76
-64
-52
-39
-31
-18
-10
0
7
16
29
40
47
51
57
65
72
75
79
84
93
98
98
95
93
96
97
98
96
89
83
77
72
69
64
58
51
40
28
20
10
4
-2
-8
-16
-28
-40
-48
-51
-55
-62
-70
-79
-84
-87
-89
-90
-89
-90
-87
-88
-85
-80
-73
-67
-60
-55
-50
-41
-35
-27
-22
-12
-4
4
10
16
22
29
39
46
50
53
54
56
61
63
65
66
65
68
68
68
67
65
63
62
58
55
53
51
48
44
41
37
35
32
26
24
19
19
14
10
9
7
3
-3
-7
-5
-2
-4
-8
-14
-15
-12
-9
-11
-13
-12
-10
-11
-15
-14
-13
-7
-6
-7
-8
-8
-7
-6
-4
-3
0
-2
-5
-8
-8
-5
-2
0
0
-2
-5
-7
-6
-2
1
0
-3
-6
-7
-4
0
-1
-1
-2
-1
-1
0
1
3
3
6
6
7
7
6
8
9
10
11
11
9
7
5
6
8
8
8
4
1
0
2
3
1
-3
-6
-8
-9
-9
-8
-9
-9
-12
-12
-14
-12
-12
-10
-10
-13
-11
-10
-6
-1
2
1
3
6
12
14
21
22
22
30
33
37
38
45
57
61
63
71
60
58
70
82
85
79
73
74
71
76
71
66
59
65
61
48
49
35
36
29
20
10
3
-4
-11
-14
-24
-34
-44
-51
-59
-66
-78
-85
-91
-100
-100
-107
-109
-113
-115
-113
-113
-113
-110
-106
-104
-104
-104
-104
-99
-91
-85
-80
-74
-64
-55
-44
-42
-37
-28
-18
-9
-2
4
10
15
22
29
34
41
47
52
56
60
64
65
67
66
66
66
67
66
64
62
56
52
50
50
46
42
37
30
27
21
19
13
11
6
-1
-6
-9
-12
-15
-17
-22
-24
-27
-31
-33
-36
-37
-38
-37
-41
-41
-44
-45
-45
-45
-46
-46
-46
-45
-44
-42
-39
-38
-38
-36
-34
-30
-27
-23
-20
-18
-15
-13
-9
-4
2
6
10
15
18
25
29
37
38
41
46
49
54
56
62
65
68
70
73
75
76
79
77
81
78
80
79
77
75
73
71
65
61
54
50
44
39
33
26
22
15
10
3
-6
-10
-19
-24
-35
-38
-45
-49
-54
-61
-65
-71
-68
-73
-71
-77
-76
-75
-78
-73
-74
-68
-64
-64
-61
-59
-51
-44
-35
-31
-25
-22
-13
-4
3
13
20
31
33
42
48
52
60
63
70
71
76
78
80
83
84
84
81
79
73
71
68
66
61
55
49
39
34
26
20
13
2
-5
-14
-21
-29
-33
-42
-46
-55
-60
-67
-72
-73
-78
-79
-83
-85
-89
-88
-88
-85
-83
-81
-78
-78
-74
-69
-64
-56
-52
-46
-43
-38
-32
-24
-16
-10
-5
-3
2
7
14
21
25
29
31
36
36
41
43
46
48
47
46
46
46
46
47
45
43
41
39
38
36
36
33
30
27
24
20
20
20
16
15
12
9
6
5
4
3
3
2
0
-1
0
-1
-1
-2
-2
-2
0
0
1
1
2
3
3
3
3
4
4
3
1
2
0
0
0
1
1
0
-1
-3
-3
-2
-3
-3
-6
-9
-10
-10
-10
-9
-10
-11
-13
-13
-14
-14
-13
-14
-15
-16
-16
-15
-15
-16
-16
-16
-18
-17
-19
-19
-19
-19
-19
-18
-20
-20
-20
-19
-18
-18
-17
-17
-20
-22
-20
-19
-18
-17
-17
-18
-18
-18
-16
-15
-14
-14
-13
-13
-12
-9
-8
-5
-5
-4
-2
-3
0
4
6
9
10
11
12
15
18
21
24
26
28
28
30
32
34
35
35
35
33
35
35
35
35
34
33
31
29
28
26
24
22
18
15
12
9
5
2
-2
-5
-10
-12
-13
-16
-20
-23
-26
-28
-30
-31
-32
-33
-36
-37
-38
-39
-38
-40
-39
-38
-39
-38
-37
-36
-35
-34
-32
-30
-29
-28
-26
-23
-18
-16
-14
-12
-10
-7
-5
-1
4
6
9
12
15
18
22
26
28
28
30
31
34
37
37
40
42
42
40
41
41
41
41
41
38
36
37
36
33
32
31
29
26
23
22
20
19
16
12
11
9
6
5
3
1
-1
-3
-4
-5
-7
-9
-9
-11
-12
-12
-12
-13
-14
-14
-17
-16
-18
-18
-19
-19
-18
-18
-18
-20
-19
-18
-18
-16
-16
-15
-15
-14
-12
-10
-7
-6
-5
-4
-2
-1
1
4
6
7
8
10
11
12
14
13
14
14
14
15
13
13
13
12
10
9
7
7
7
4
2
0
-3
-4
-6
-8
-8
-10
-12
-14
-14
-14
-16
-15
-15
-17
-18
-18
-17
-16
-16
-14
-16
-16
-15
-14
-12
-10
-8
-7
-6
-6
-4
-1
1
4
5
7
8
11
14
15
18
20
21
24
25
25
26
27
29
30
30
30
31
30
30
29
28
25
24
24
21
17
15
12
7
6
1
-2
-4
-7
-10
-14
-17
-22
-25
-27
-29
-33
-36
-39
-41
-43
-44
-44
-45
-48
-50
-51
-51
-49
-48
-47
-47
-46
-45
-44
-41
-38
-35
-34
-34
-32
-29
-25
-23
-20
-18
-15
-13
-11
-7
-4
-2
2
4
6
8
12
15
17
21
23
24
27
28
29
32
32
35
36
37
37
37
38
36
37
34
33
32
31
29
30
29
27
27
24
22
21
19
17
15
13
10
8
8
5
4
1
-2
-2
-4
-5
-7
-9
-11
-12
-14
-15
-17
-19
-20
-19
-21
-22
-23
-22
-22
-21
-20
-21
-23
-20
-19
-18
-16
-15
-12
-12
-12
-10
-7
-4
-1
2
4
6
8
10
13
16
18
20
23
24
24
27
27
29
29
29
30
30
29
30
29
28
28
27
26
25
23
22
21
19
17
15
15
13
11
9
7
7
5
5
2
0
-1
-2
-4
-5
-6
-7
-8
-9
-9
-12
-12
-14
-15
-13
-13
-13
-13
-13
-11
-12
-12
-12
-11
-9
-9
-8
-7
-8
-5
-4
-4
-4
-2
0
0
1
1
4
3
5
5
5
3
3
3
2
2
1
1
-1
-1
-2
-1
-2
-2
-3
-1
-1
-2
-3
-4
-4
-4
-5
-5
-5
-4
-5
-4
-4
-3
-3
-3
-3
-3
-1
-1
1
-1
-1
-1
-2
-2
-3
-2
-3
-2
-1
-3
-3
-4
-4
-5
-5
-4
-4
-5
-4
-4
-5
-5
-5
-6
-5
-4
-5
-6
-6
-6
-5
-5
-4
-4
-4
-3
-4
-3
-2
-2
-2
-1
-1
0
0
-1
-1
1
1
1
2
3
3
3
3
4
3
3
3
3
3
3
3
3
3
3
4
2
3
3
1
0
-1
0
-1
-1
-2
-3
-5
-6
-7
-5
-5
-6
-6
-8
-9
-7
-8
-8
-9
-9
-9
-9
-8
-7
-7
-7
-6
-6
-5
-4
-3
-2
0
-1
-2
1
2
2
2
2
2
3
4
5
6
6
7
6
8
8
7
8
7
6
7
7
7
6
5
3
2
2
3
1
2
0
0
1
0
-3
-3
-2
-3
-4
-4
-5
-4
-4
-4
-3
-3
-3
-4
-3
-1
-2
-1
2
2
4
2
3
4
3
4
4
5
5
5
6
6
7
7
7
8
8
8
6
7
7
8
7
8
6
5
5
4
3
4
3
2
2
1
1
-1
1
0
0
0
-1
-1
-1
-1
-1
-1
-1
-2
-2
-2
-2
-2
-2
-3
-2
-2
-3
-3
-3
-3
-3
-2
0
-2
-1
-2
-2
-1
-1
-2
-1
0
0
-1
-1
-1
-2
-2
-1
0
0
0
0
-1
-1
-2
-1
-1
1
1
0
1
2
3
2
2
3
2
2
2
1
4
4
4
4
4
5
6
7
7
8
7
7
8
7
6
6
7
7
7
6
7
6
6
6
5
5
4
2
1
2
0
-1
-1
0
0
-1
-3
-3
-3
-5
-4
-6
-6
-7
-6
-6
-7
-7
-7
-6
-5
-6
-5
-5
-4
-5
-3
-2
-1
-1
0
0
-1
1
1
1
2
1
2
5
6
6
5
5
4
6
6
6
6
6
6
5
5
7
6
6
6
6
4
4
6
3
1
3
1
1
0
-1
-2
-3
-3
-4
-5
-5
-8
-7
-9
-9
-10
-10
-10
-9
-10
-11
-10
-10
-11
-11
-11
-10
-10
-10
-10
-11
-10
-10
-9
-7
-8
-6
-6
-6
-6
-8
-7
-7
-6
-6
-7
-6
-7
-7
-7
-6
-5
-5
-5
-5
-6
-6
-7
-5
-6
-5
-4
-4
-5
-4
-2
-2
-2
-1
-1
-3
-1
0
1
2
1
1
0
0
1
2
0
1
1
2
2
1
1
3
2
1
1
1
1
2
3
3
4
3
4
3
3
4
4
4
4
3
3
4
5
4
4
3
2
4
3
3
3
4
3
3
4
3
4
3
2
3
3
4
2
3
2
3
5
5
7
8
7
7
5
7
9
8
8
7
7
6
6
6
6
7
7
7
6
3
3
3
3
3
3
4
3
3
2
1
2
1
1
0
2
2
2
2
4
2
2
3
2
3
3
3
3
2
3
1
0
1
3
2
3
1
-1
0
0
1
1
0
1
0
1
1
2
3
2
2
2
2
1
0
1
2
1
1
0
2
1
1
0
1
1
0
-1
-1
0
-1
0
0
-1
0
-1
1
0
0
-1
0
0
1
1
1
2
0
1
1
0
0
0
1
1
2
1
0
1
1
1
0
-1
1
1
0
0
-2
-1
-1
-2
-2
-3
-3
-1
-4
-5
-4
-4
-5
-5
-4
-4
-5
-6
-7
-7
-7
-8
-7
-6
-7
-7
-7
-7
-6
-5
-6
-6
-6
-6
-7
-6
-3
-5
-4
-5
-5
-4
-3
-2
-2
-3
-4
-4
-3
-2
-1
-2
-2
-1
-2
-3
-2
-1
-2
-2
-2
-2
-3
-4
-3
-3
-3
-4
-4
-4
-5
-5
-5
-4
-4
-4
-4
-5
-4
-4
-5
-5
-6
-5
-5
-5
-5
-6
-6
-7
-7
-7
-8
-8
-7
-7
-6
-4
-5
-5
-4
-3
-2
-2
-2
-4
-3
-1
-1
0
-1
-1
-1
-1
1
1
1
1
0
0
0
1
2
2
2
3
1
2
2
4
4
4
4
3
3
5
4
4
5
6
5
7
6
7
8
7
8
7
9
8
8
8
7
5
6
6
7
5
6
6
5
6
4
2
2
4
3
2
2
1
1
1
2
1
0
0
1
0
0
2
2
3
2
3
3
1
2
4
2
2
0
1
1
1
1
2
2
3
3
2
4
4
3
4
3
5
4
3
4
4
4
5
4
4
4
5
5
4
3
4
4
3
3
1
2
3
2
1
2
0
0
-1
1
-1
0
0
-1
-2
-3
-4
-4
-3
-3
-3
-1
-2
-2
-1
-2
-2
-1
-1
-1
-2
0
-1
-2
0
1
1
2
3
3
2
3
2
3
4
4
4
3
4
4
4
4
3
3
3
3
2
3
4
3
1
-1
-1
-1
-1
-2
-1
-1
-2
-4
-3
-4
-3
-4
-4
-2
-2
-2
-2
-2
-1
0
1
2
2
2
1
0
1
2
2
2
1
1
1
1
0
0
0
-1
-1
-1
-1
-1
-2
-1
-2
-3
-5
-4
-4
-4
-3
-2
-4
-4
-4
-3
-3
-4
-2
-2
-3
-3
-3
-2
-3
-2
-3
-3
-2
-2
-2
-3
-2
-2
-4
-3
-4
-4
-3
-3
-2
-3
-3
-1
-2
-2
-3
-4
-4
-5
-3
-3
-3
-3
-3
-4
-5
-5
-4
-4
-4
-4
-6
-6
-6
-6
-6
-6
-6
-6
-6
-6
-7
-7
-7
-7
-5
-7
-5
-5
-5
-3
-3
-3
-3
-1
-2
-2
-1
0
1
2
2
5
5
5
6
6
5
5
6
7
7
6
4
4
4
4
2
3
1
2
1
1
0
0
0
-1
-1
0
-1
0
-1
-2
-1
0
-2
-1
-1
0
-1
-1
-2
-1
0
-2
-2
-3
-2
-3
-2
-2
-3
-2
-3
-2
-3
-1
-1
0
-1
0
0
0
0
0
2
3
3
4
5
5
5
5
5
5
6
8
7
7
6
7
8
5
6
7
6
5
6
5
4
3
3
3
3
3
3
2
3
2
0
1
1
0
0
0
-1
1
1
-2
1
1
1
1
-1
0
0
0
0
1
0
2
1
0
1
-2
-2
-2
-2
-1
-1
-2
-3
-3
-3
-5
-5
-4
-5
-3
-1
-2
-3
-2
-2
0
0
0
2
3
2
3
5
4
5
6
6
8
7
8
7
7
8
8
9
9
10
10
9
11
10
10
8
6
6
6
6
6
5
5
3
4
4
5
5
5
5
5
5
5
6
4
3
2
3
1
1
1
1
1
0
-1
-1
-1
-1
0
-1
-2
-1
-2
-3
-3
-3
-3
-2
-4
-4
-4
-3
-4
-3
-3
-3
-3
-3
-3
-3
-2
-3
-3
-3
-1
-2
-1
-1
-2
-1
-1
-2
-2
-3
-3
-5
-4
-4
-4
-5
-6
-6
-7
-7
-6
-6
-6
-7
-8
-8
-9
-9
-8
-6
-7
-5
-6
-7
-8
-8
-7
-7
-6
-6
-7
-6
-7
-7
-7
-8
-7
-5
-5
-4
-5
-5
-6
-6
-5
-5
-4
-3
-3
-3
-3
-3
-3
-2
-3
-2
-2
-1
-1
-1
-1
-1
0
1
1
-1
-1
-1
0
0
0
0
0
0
0
-1
-1
1
0
0
0
0
1
2
1
2
1
2
0
-1
0
1
2
2
1
3
2
0
1
0
1
0
1
0
0
2
1
1
0
-1
0
1
1
0
0
1
1
2
2
2
2
3
4
2
3
4
5
5
5
5
6
6
6
6
7
5
6
5
5
5
4
6
5
6
6
5
5
4
4
3
2
3
3
1
2
1
0
1
2
1
1
-1
-2
-2
-2
-1
0
1
-1
-1
-1
-1
-1
-2
-2
-2
-2
-1
-3
-3
-3
-3
-3
-2
-2
-3
-1
-1
-1
-2
-2
-1
-2
0
-1
-1
-2
-1
0
1
1
2
2
1
3
3
3
4
4
3
4
5
4
4
3
3
3
2
3
2
3
3
3
4
3
3
4
2
4
3
2
4
3
3
3
2
3
2
3
2
4
4
4
3
4
5
4
4
4
4
3
3
2
2
3
3
3
3
4
4
4
3
4
4
5
5
6
5
4
2
3
4
3
3
4
4
4
4
2
3
3
5
4
4
5
3
3
2
1
1
-1
0
0
-1
1
-1
0
-1
-1
-1
-1
0
-1
1
0
0
-1
-1
-1
-1
-2
-2
-3
-3
-2
-3
-3
-3
-4
-5
-5
-4
-6
-6
-8
