1.000000e-030   2.000000e-001   1.000000e-001   1.000000e-030   1.000000e-030   1.000000e-001   1.000000e-030   1.000000e-001   1.000000e-030   1.000000e-030   1.000000e-030   1.000000e-030   1.000000e-001   1.000000e-030   1.000000e-030   1.000000e-030   1.000000e-030   1.000000e-030   1.000000e-030   1.000000e-030   1.000000e-030   1.000000e-030   1.000000e-030   1.000000e-030   1.620952e-293   1.801013e-263   1.000000e-030   1.000000e-030   5.604228e-225   4.000000e-001   1.000000e-030   1.000000e-030   

1.000000e-030   1.000000e-030   1.000000e+000   1.000000e-030   1.000000e-030   1.000000e-030   1.000000e-030   1.000000e-030   1.000000e-030   1.000000e-030   1.000000e-030   1.000000e-030   4.539424e-258   1.000000e-030   1.000000e-030   1.000000e-030   1.000000e-030   1.000000e-030   1.000000e-030   1.000000e-030   1.035745e-236   1.000000e-030   1.000000e-030   1.000000e-030   2.047204e-236   4.085921e-240   1.000000e-030   1.000000e-030   5.604228e-224   1.000000e-030   1.000000e-030   1.000000e-030   

1.000000e-030   1.000000e-030   1.995756e-243   1.000000e-030   1.000000e-030   1.000000e-030   1.000000e-030   1.000000e-030   1.000000e-030   1.000000e-030   1.000000e-030   1.000000e-030   4.372493e-258   1.000000e-030   1.000000e-030   1.000000e-030   1.000000e-030   1.000000e-030   1.000000e-030   1.000000e-030   9.938899e-238   1.000000e-030   1.000000e-030   1.000000e-030   8.266245e-001   1.733755e-001   1.000000e-030   1.000000e-030   4.858326e-225   4.386965e-288   1.000000e-030   1.000000e-030   

1.000000e-030   2.443619e-228   4.424143e-189   1.000000e-030   1.000000e-030   1.000000e-030   7.703086e-002   1.000000e-030   1.000000e-030   1.000000e-030   1.000000e-030   7.730634e-227   8.458049e-233   1.000000e-030   1.000000e-030   1.000000e-030   1.000000e-030   1.000000e-030   8.706325e-232   8.961889e-231   5.451875e-001   1.000000e-030   1.000000e-030   1.000000e-030   2.687375e-001   1.090441e-001   1.000000e-030   1.000000e-030   6.110710e-225   2.835183e-229   1.000000e-030   1.000000e-030   

1.000000e-030   9.714833e-002   9.714833e-002   1.000000e-030   1.000000e-030   1.000000e-030   2.851672e-002   1.000000e-030   1.000000e-030   1.000000e-030   1.000000e-030   1.942967e-001   9.714833e-002   1.000000e-030   1.000000e-030   1.000000e-030   1.000000e-030   1.000000e-030   9.714833e-002   9.714833e-002   1.000000e-030   1.000000e-030   1.000000e-030   1.000000e-030   3.402774e-265   2.632838e-235   1.000000e-030   1.000000e-030   9.714833e-002   1.942967e-001   1.000000e-030   1.000000e-030   

