1.000000e-030   1.000000e-030   1.000000e-030   8.000000e-001   1.000000e-030   1.000000e-030   1.000000e-030   1.000000e-030   1.000000e-030   1.000000e-030   1.000000e-030   1.000000e-030   1.000000e-030   1.000000e-030   1.000000e-030   1.000000e-030   1.000000e-030   2.000000e-001   1.000000e-030   1.000000e-030   1.000000e-030   1.000000e-030   2.504207e-233   1.000000e-030   1.000000e-030   1.000000e-030   1.000000e-030   1.000000e-030   1.000000e-030   1.000000e-030   1.000000e-030   1.000000e-030   

1.000000e-030   1.000000e-030   1.000000e+000   4.830646e-232   1.000000e-030   1.000000e-030   1.000000e-030   1.000000e-030   1.000000e-030   1.000000e-030   1.000000e-030   1.000000e-030   1.000000e-030   1.000000e-030   1.000000e-030   1.000000e-030   1.000000e-030   3.283293e-263   1.000000e-030   1.000000e-030   1.000000e-030   1.000000e-030   1.000000e-030   1.000000e-030   1.000000e-030   1.442344e-246   1.000000e-030   1.000000e-030   1.000000e-030   1.000000e-030   1.000000e-030   1.000000e-030   

1.000000e-030   1.000000e-030   8.547223e-248   1.610215e-232   1.000000e-030   1.000000e-030   1.000000e-030   1.000000e-030   1.000000e-030   1.000000e-030   1.000000e-030   1.000000e-030   1.000000e-030   1.000000e-030   1.000000e-030   1.000000e-030   1.000000e-030   9.274840e-294   1.000000e-030   1.000000e-030   2.605959e-245   1.000000e-030   1.000000e-030   1.000000e-030   3.077618e-245   1.000000e+000   1.000000e-030   1.000000e-030   1.000000e-030   1.000000e-030   1.000000e-030   1.000000e-030   

1.000000e-030   1.000000e-030   5.751552e-239   3.763521e-233   1.000000e-030   1.000000e-030   1.994297e-242   3.350418e-240   1.000000e-030   1.000000e-030   1.000000e-030   1.000000e-030   5.513831e-238   1.000000e-030   1.000000e-030   1.000000e-030   1.000000e-030   1.000000e-030   1.000000e-030   1.000000e-030   8.461538e-001   1.000000e-030   7.939917e-236   1.000000e-030   1.538462e-001   1.871576e-020   1.000000e-030   1.000000e-030   1.000000e-030   6.616598e-237   1.000000e-030   1.000000e-030   

1.000000e-030   1.000000e-030   2.500000e-001   1.666667e-001   1.000000e-030   1.000000e-030   8.333333e-002   1.666667e-001   1.000000e-030   1.000000e-030   1.000000e-030   1.000000e-030   8.333333e-002   1.000000e-030   1.000000e-030   1.000000e-030   1.000000e-030   1.000000e-030   1.000000e-030   1.000000e-030   1.000000e-030   1.000000e-030   8.333333e-002   1.000000e-030   4.720394e-243   8.333333e-002   1.000000e-030   1.000000e-030   1.000000e-030   8.333333e-002   1.000000e-030   1.000000e-030   

