2.363194e+062 -5.506957e+058 -1.441340e+059 -2.544558e+059 -3.696957e+059 -4.724763e+059 -5.458424e+059 -5.753850e+059 -5.504585e+059 -4.676000e+059 -3.277096e+059 2.561399e+056 
2.363262e+062 -4.078832e+058 -1.070409e+059 -1.900500e+059 -2.778117e+059 -3.578696e+059 -4.163194e+059 -4.422681e+059 -4.271438e+059 -3.657579e+059 -2.585660e+059 1.484184e+056 
2.363287e+062 -3.810507e+058 -1.002604e+059 -1.780102e+059 -2.602319e+059 -3.351470e+059 -3.907308e+059 -4.151866e+059 -4.013930e+059 -3.441532e+059 -2.437261e+059 1.305963e+056 
2.363285e+062 -3.839268e+058 -1.006736e+059 -1.785994e+059 -2.612850e+059 -3.365378e+059 -3.917738e+059 -4.166300e+059 -4.030240e+059 -3.458830e+059 -2.447751e+059 1.316666e+056 
2.363283e+062 -3.817525e+058 -1.007190e+059 -1.785675e+059 -2.614930e+059 -3.371337e+059 -3.922936e+059 -4.172952e+059 -4.036309e+059 -3.462146e+059 -2.451595e+059 1.318389e+056 
2.363283e+062 -3.883467e+058 -1.021552e+059 -1.806662e+059 -2.639975e+059 -3.403577e+059 -3.970040e+059 -4.225724e+059 -4.086815e+059 -3.505698e+059 -2.479122e+059 1.350409e+056 
2.363284e+062 -3.862093e+058 -1.013690e+059 -1.793227e+059 -2.622141e+059 -3.377170e+059 -3.936941e+059 -4.188579e+059 -4.052252e+059 -3.475728e+059 -2.458943e+059 1.329384e+056 
2.363281e+062 -3.828017e+058 -1.006568e+059 -1.779358e+059 -2.600460e+059 -3.350389e+059 -3.911052e+059 -4.161618e+059 -4.022641e+059 -3.453356e+059 -2.443893e+059 1.310127e+056 
2.363277e+062 -3.893284e+058 -1.022738e+059 -1.798795e+059 -2.618578e+059 -3.355231e+059 -3.885348e+059 -4.126135e+059 -4.000518e+059 -3.433007e+059 -2.436926e+059 1.314275e+056 
2.359261e+062 5.874472e+059 1.086722e+059 1.900151e+059 1.316980e+060 3.560731e+059 -1.711942e+059 1.020884e+060 3.982307e+059 -2.266964e+059 2.214476e+059 6.197475e+056 
2.330876e+062 4.267881e+060 3.709107e+060 3.674862e+060 8.531610e+060 8.322196e+060 2.586876e+060 8.791192e+060 8.626951e+060 2.101033e+060 1.781186e+060 5.777339e+058 
2.174329e+062 2.461588e+061 8.356683e+060 3.928452e+061 5.610768e+061 2.580827e+061 5.347560e+061 5.764298e+061 3.057303e+061 3.567747e+061 2.445299e+061 2.995720e+060 
2.044623e+062 3.771791e+061 1.394497e+061 7.111386e+061 8.977529e+061 5.396029e+061 1.004401e+062 9.944151e+061 6.504946e+061 7.783327e+061 4.578362e+061 9.407193e+060 
2.053279e+062 3.365260e+061 2.177385e+061 6.556893e+061 8.752393e+061 5.529507e+061 8.639215e+061 1.017215e+062 6.842869e+061 6.015532e+061 4.327945e+061 8.923865e+060 
2.253531e+062 3.555220e+060 7.355066e+060 2.982473e+061 4.657485e+061 3.653051e+061 2.146042e+061 1.350701e+061 8.937765e+060 9.390149e+060 1.098920e+061 5.734525e+059 
2.335977e+062 -8.608416e+059 6.172007e+058 3.823437e+060 4.273978e+060 -1.358158e+060 -8.094267e+060 -1.098677e+061 -9.297595e+060 -5.622899e+060 -2.541704e+060 -2.083007e+058 
2.336110e+062 -3.974258e+060 -6.461290e+060 -7.912982e+060 -1.294308e+061 -2.294485e+061 -3.220863e+061 -3.473480e+061 -2.938134e+061 -2.037450e+061 -1.225626e+061 5.929210e+059 
2.329873e+062 -4.525340e+060 -7.012577e+060 -7.554186e+060 -1.304573e+061 -2.518088e+061 -3.618296e+061 -3.974867e+061 -3.336040e+061 -2.214977e+061 -1.308779e+061 7.032553e+059 
2.335224e+062 -4.061186e+060 -7.194131e+060 -9.254962e+060 -1.470549e+061 -2.509476e+061 -3.433901e+061 -3.689213e+061 -3.131200e+061 -2.175677e+061 -1.329064e+061 7.021663e+059 
2.340948e+062 -3.674013e+060 -8.160626e+060 -1.242798e+061 -1.800645e+061 -2.619286e+061 -3.323433e+061 -3.486352e+061 -3.045798e+061 -2.285193e+061 -1.449246e+061 7.834528e+059 
2.345334e+062 -3.985043e+060 -9.324387e+060 -1.485240e+061 -2.130234e+061 -2.851958e+061 -3.374482e+061 -3.515602e+061 -3.156099e+061 -2.410077e+061 -1.533925e+061 9.207139e+059 
2.347120e+062 -3.612530e+060 -7.920102e+060 -1.245605e+061 -1.804436e+061 -2.443505e+061 -2.937108e+061 -3.037749e+061 -2.678278e+061 -2.015192e+061 -1.258355e+061 6.689559e+059 
2.330865e+062 -3.457905e+060 -3.585064e+060 -4.212298e+060 -1.108991e+061 -2.103284e+061 -2.698340e+061 -2.673473e+061 -2.279194e+061 -1.778469e+061 -1.174096e+061 3.875103e+059 
2.347159e+062 -4.780035e+060 -1.200522e+061 -2.037835e+061 -2.856746e+061 -3.517500e+061 -3.889187e+061 -3.882395e+061 -3.476967e+061 -2.725104e+061 -1.738381e+061 1.347002e+060 
2.344990e+062 -5.598828e+060 -1.423320e+061 -2.421005e+061 -3.363673e+061 -4.073459e+061 -4.413822e+061 -4.314764e+061 -3.785037e+061 -2.907212e+061 -1.817766e+061 1.751237e+060 
2.343464e+062 -5.985669e+060 -1.505751e+061 -2.521571e+061 -3.432729e+061 -4.055483e+061 -4.272011e+061 -4.048635e+061 -3.434170e+061 -2.544002e+061 -1.530084e+061 1.663477e+060 
2.343374e+062 -5.776855e+060 -1.418510e+061 -2.324317e+061 -3.115896e+061 -3.647621e+061 -3.818224e+061 -3.586205e+061 -2.989319e+061 -2.151497e+061 -1.244366e+061 1.329759e+060 
2.344032e+062 -5.451414e+060 -1.314003e+061 -2.115993e+061 -2.798368e+061 -3.248768e+061 -3.384460e+061 -3.164032e+061 -2.619354e+061 -1.867859e+061 -1.072153e+061 1.056546e+060 
2.354501e+062 -2.459867e+060 -5.819201e+060 -9.159343e+060 -1.179499e+061 -1.329066e+061 -1.339394e+061 -1.206805e+061 -9.593533e+060 -6.562091e+060 -3.642768e+060 1.636922e+059 
2.359077e+062 -1.319937e+060 -3.335710e+060 -5.652377e+060 -7.847435e+060 -9.536736e+060 -1.042557e+061 -1.034680e+061 -9.284152e+060 -7.365181e+060 -4.818918e+060 9.686853e+058 
2.359576e+062 -1.176488e+060 -3.029838e+060 -5.246175e+060 -7.454299e+060 -9.281374e+060 -1.041092e+061 -1.062282e+061 -9.820643e+060 -8.036635e+060 -5.419419e+060 9.496959e+058 
2.361475e+062 -5.932421e+059 -1.535330e+060 -2.677455e+060 -3.839491e+060 -4.834446e+060 -5.495185e+060 -5.692789e+060 -5.353523e+060 -4.463532e+060 -3.070855e+060 2.631295e+058 
2.362941e+062 -1.722390e+059 -4.482217e+059 -7.861920e+059 -1.134822e+060 -1.440145e+060 -1.650241e+060 -1.723942e+060 -1.634489e+060 -1.373717e+060 -9.521956e+059 2.351218e+057 
2.363276e+062 -5.349715e+058 -1.400650e+059 -2.470786e+059 -3.594567e+059 -4.598561e+059 -5.315099e+059 -5.610416e+059 -5.377602e+059 -4.567921e+059 -3.203237e+059 2.429408e+056 
2.363287e+062 -3.876488e+058 -1.017723e+059 -1.804800e+059 -2.642218e+059 -3.397740e+059 -3.954292e+059 -4.202906e+059 -4.062247e+059 -3.483804e+059 -2.464493e+059 1.341317e+056 
2.363282e+062 -3.861523e+058 -1.013368e+059 -1.795515e+059 -2.632635e+059 -3.390346e+059 -3.949614e+059 -4.196782e+059 -4.060185e+059 -3.478473e+059 -2.462543e+059 1.334815e+056 
2.363287e+062 -3.808262e+058 -1.005249e+059 -1.781230e+059 -2.605809e+059 -3.359505e+059 -3.913226e+059 -4.159799e+059 -4.024275e+059 -3.452994e+059 -2.443582e+059 1.310829e+056 
2.363283e+062 -3.803005e+058 -1.003179e+059 -1.779409e+059 -2.606812e+059 -3.359490e+059 -3.911368e+059 -4.158906e+059 -4.022595e+059 -3.449906e+059 -2.442427e+059 1.309323e+056 
2.363283e+062 -3.807654e+058 -1.003700e+059 -1.780458e+059 -2.608578e+059 -3.364262e+059 -3.917212e+059 -4.167137e+059 -4.028987e+059 -3.453772e+059 -2.445975e+059 1.312521e+056 
2.363289e+062 -3.819274e+058 -1.005544e+059 -1.786512e+059 -2.610840e+059 -3.362695e+059 -3.920689e+059 -4.168982e+059 -4.033411e+059 -3.461462e+059 -2.450399e+059 1.316091e+056 
2.363287e+062 -3.835019e+058 -1.007157e+059 -1.790702e+059 -2.622093e+059 -3.372707e+059 -3.932481e+059 -4.180779e+059 -4.041689e+059 -3.466320e+059 -2.453306e+059 1.323081e+056 
2.363291e+062 -3.816481e+058 -1.007588e+059 -1.786270e+059 -2.615997e+059 -3.370347e+059 -3.928940e+059 -4.180947e+059 -4.042644e+059 -3.466787e+059 -2.453687e+059 1.320539e+056 
2.358183e+062 -1.596382e+060 -4.110069e+060 -7.085625e+060 -1.005113e+061 -1.245296e+061 -1.387965e+061 -1.403584e+061 -1.279453e+061 -1.029160e+061 -6.779496e+060 1.677832e+059 
