-3
13
29
46
61
78
95
110
123
135
145
157
169
179
189
198
203
208
211
215
218
219
218
217
213
211
207
202
196
188
179
170
162
154
143
133
120
106
92
78
65
52
39
24
9
-4
-19
-33
-47
-62
-75
-87
-100
-112
-124
-136
-148
-157
-166
-176
-183
-191
-198
-204
-209
-212
-216
-215
-216
-214
-213
-212
-207
-201
-196
-189
-179
-170
-160
-150
-139
-127
-113
-100
-88
-73
-59
-44
-27
-10
6
20
35
50
64
80
94
106
119
131
143
153
164
172
179
186
192
197
201
205
207
208
209
208
204
202
198
194
188
180
171
163
154
148
138
127
115
103
91
78
70
55
43
30
17
6
-6
-19
-33
-46
-60
-70
-82
-92
-103
-114
-123
-134
-141
-150
-157
-164
-170
-175
-179
-182
-187
-188
-187
-187
-186
-185
-181
-177
-173
-166
-160
-154
-146
-139
-131
-120
-108
-97
-87
-76
-63
-51
-39
-26
-14
-2
11
21
34
45
57
68
77
87
97
105
112
120
126
131
136
138
142
145
148
149
148
147
144
142
140
137
134
128
124
117
112
105
98
90
82
74
66
58
51
42
34
26
17
8
-1
-9
-16
-23
-30
-38
-44
-52
-58
-65
-70
-73
-78
-83
-86
-89
-91
-93
-95
-97
-95
-97
-97
-95
-93
-90
-88
-84
-82
-80
-75
-70
-66
-60
-53
-48
-42
-38
-34
-27
-23
-16
-11
-4
2
9
13
18
23
26
30
34
37
40
44
45
48
51
52
53
53
53
52
54
54
55
54
53
52
48
46
43
40
39
37
34
33
30
25
22
18
15
13
10
9
5
4
0
-3
-4
-7
-8
-10
-13
-16
-19
-21
-22
-24
-22
-22
-25
-26
-27
-29
-31
-31
-32
-31
-30
-30
-29
-30
-30
-30
-30
-27
-24
-24
-23
-22
-20
-18
-18
-17
-14
-13
-11
-10
-8
-7
-5
-2
-2
2
4
5
8
7
9
10
14
14
16
18
18
19
18
19
20
21
23
25
25
25
24
24
24
24
24
23
23
21
20
19
16
17
17
18
16
16
13
12
11
10
11
11
8
6
6
4
3
4
2
1
0
-1
-4
-6
-8
-9
-10
-11
-12
-13
-14
-15
-16
-16
-17
-19
-20
-22
-22
-22
-19
-19
-19
-18
-18
-21
-20
-19
-18
-17
-16
-14
-12
-12
-11
-12
-9
-7
-7
-5
-3
0
3
4
4
6
6
7
7
8
10
13
16
17
18
20
23
24
24
22
21
20
19
19
18
16
15
14
14
14
13
12
11
12
13
11
10
9
7
6
3
2
0
0
0
-1
-2
-2
-3
-3
-4
-5
-7
-9
-7
-8
-9
-10
-9
-11
-13
-13
-14
-14
-13
-15
-16
-16
-15
-16
-16
-17
-17
-17
-18
-17
-17
-17
-17
-17
-16
-15
-15
-14
-13
-12
-11
-9
-6
-5
-5
-7
-7
-4
-2
0
2
4
4
5
4
5
8
10
10
12
14
11
13
13
15
17
17
14
12
13
15
14
15
14
11
10
11
12
11
10
9
6
6
5
5
3
3
2
2
0
0
-1
-3
-1
-3
-3
-3
-3
-2
-3
-4
-5
-5
-4
-3
-3
-4
-5
-6
-8
-8
-8
-7
-7
-6
-6
-8
-10
-9
-7
-7
-8
-10
-9
-8
-6
-4
-5
-4
-5
-5
-5
-5
-4
-4
-3
-3
-3
-2
0
1
0
1
1
4
5
6
8
7
7
7
7
9
8
7
7
7
8
9
10
11
11
10
9
10
9
10
9
8
8
7
8
8
9
7
7
4
1
1
2
3
3
1
-2
-4
-5
-4
-2
-1
-3
-3
-5
-5
-4
-5
-5
-8
-10
-11
-10
-9
-8
-9
-8
-10
-11
-9
-8
-7
-9
-8
-9
-10
-9
-9
-9
-9
-9
-10
-10
-10
-8
-6
-4
-4
-3
-2
-4
-4
-2
-2
-2
-2
-3
-3
-2
-2
-3
-1
1
0
3
4
4
4
6
5
6
6
3
4
4
3
4
4
4
5
7
7
7
8
9
9
9
8
6
6
5
6
7
6
6
5
3
2
4
3
3
1
1
2
1
0
0
0
0
-2
-2
-3
-3
-3
-2
-2
-3
-2
-2
0
-2
-3
-2
-2
-1
0
1
0
1
2
1
2
2
1
2
2
2
2
-1
1
2
2
2
2
2
2
1
-1
-1
-3
-6
-5
-4
-3
-3
-2
-2
-3
-2
-2
-1
-1
-1
-3
-2
-1
-2
-1
-2
0
1
2
3
3
3
1
2
2
4
4
2
4
3
1
1
3
3
2
4
3
3
3
4
3
2
2
0
1
0
1
0
1
0
-1
-1
-1
-1
0
0
0
-1
-2
-2
-1
-1
-1
0
1
0
0
2
2
4
5
4
3
4
3
2
3
4
3
2
4
3
3
1
-1
-3
-3
-2
-2
-3
-3
-4
-6
-5
-6
-6
-4
-2
-3
-4
-3
-4
-3
-2
-2
-1
-2
-4
-5
-5
-6
-6
-6
-6
-5
-3
-2
-1
-1
-1
1
2
4
3
3
2
2
3
3
2
1
4
4
4
4
1
0
1
0
1
2
3
4
4
5
6
6
5
4
4
2
3
2
3
2
3
2
2
2
2
2
1
0
0
-1
1
1
1
0
-1
-1
1
0
0
0
0
0
0
-2
-3
-2
-2
-3
-4
-4
-4
-3
-3
-5
-7
-6
-5
-3
-3
-4
-4
-5
-5
-6
-7
-6
-6
-6
-4
-4
-2
-2
-2
-2
-2
-2
-3
-2
-3
-3
-3
-3
-4
-2
-2
0
-1
-2
-2
-1
2
3
3
3
3
3
3
3
2
2
4
5
4
6
6
7
10
9
9
8
6
6
6
6
6
5
5
4
3
4
4
4
4
3
3
4
3
3
3
2
3
2
2
0
-1
-1
-2
-2
-1
-1
-1
-2
-3
-5
-4
-3
-5
-4
-4
-4
-3
-5
-5
-7
-7
-7
-6
-6
-7
-6
-7
-5
-5
-5
-5
-4
-5
-5
-5
-4
-3
-2
-2
-3
-3
-3
-3
-3
-2
-2
-1
-1
-1
0
2
1
1
1
0
2
2
3
6
6
6
6
7
7
7
8
9
9
9
10
8
7
9
8
9
8
8
6
7
6
5
5
4
4
6
5
6
5
4
3
2
0
-1
-2
-2
-3
-4
-4
-5
-3
-4
-4
-5
-5
-5
-5
-5
-5
-5
-4
-6
-6
-7
-8
-6
-6
-6
-6
-6
-6
-6
-6
-7
-8
-10
-8
-7
-6
-2
-2
-2
-3
-3
-3
-1
-1
-2
-1
1
1
0
-1
1
0
0
1
2
1
1
5
7
8
8
8
7
6
7
5
6
6
8
8
8
9
9
11
9
8
8
7
6
6
5
5
5
4
5
3
6
3
1
1
0
1
0
-1
-3
-1
-2
-3
-2
-4
-5
-5
-4
-6
-5
-7
-7
-9
-9
-9
-7
-6
-7
-7
-8
-7
-8
-10
-10
-11
-10
-9
-10
-9
-9
-7
-7
-7
-4
-4
-4
-4
-2
-4
-3
-4
-2
-2
0
1
2
1
0
0
1
3
5
5
6
5
4
5
5
5
5
5
5
7
6
7
7
8
8
8
10
10
9
8
7
7
8
7
6
7
6
6
4
4
4
5
5
6
6
4
3
0
0
0
1
1
2
1
0
-1
-1
-1
-2
-2
-3
-4
-3
-5
-5
-5
-4
-3
-4
-4
-5
-6
-7
-8
-6
-6
-5
-5
-5
-7
-5
-5
-5
-4
-4
-4
-3
-3
-2
-1
0
0
-2
-1
-2
0
0
1
3
2
3
4
4
6
6
7
5
5
6
6
8
8
9
7
8
6
6
7
5
6
6
5
6
4
5
4
3
4
4
3
3
2
1
2
1
-1
-2
-2
-2
-1
-2
-3
-2
-3
-3
-3
-3
-3
-4
-5
-4
-6
-7
-6
-7
-7
-6
-6
-5
-6
-5
-5
-6
-6
-7
-7
-7
-6
-5
-4
-4
-5
-6
-6
-5
-4
-3
-3
-3
-3
-4
-4
-2
-2
-1
-1
-1
0
-2
0
3
2
3
3
2
1
0
0
-1
1
3
3
3
4
4
4
3
2
3
4
3
4
5
3
3
1
0
1
1
2
2
1
2
0
0
-1
-2
-2
-3
-3
-2
0
0
0
0
1
0
0
-1
-4
-3
-3
-4
-3
-4
-3
-3
-4
-4
-4
-3
-3
-3
-4
-4
-3
-3
-2
-1
-1
0
-1
-1
-1
-2
-1
-3
-3
-4
-3
-3
-3
-1
-2
-1
0
1
4
4
3
2
-1
-3
-4
-3
-4
-2
-1
0
0
3
5
8
10
8
7
4
4
4
1
-1
0
1
2
2
3
4
3
5
5
5
4
2
1
2
0
0
0
1
1
0
1
0
0
1
2
2
2
1
-1
-2
-2
-2
-1
-1
-1
0
-2
-1
-1
-2
-1
0
0
0
-2
-3
-2
-5
-3
-2
-2
-2
-3
-1
0
3
5
4
4
2
1
2
1
0
-1
-2
-2
0
-1
0
1
2
1
2
3
2
3
4
1
1
1
3
2
2
3
2
2
2
2
3
2
2
3
2
3
2
2
2
3
2
3
4
1
1
0
-1
-1
-1
0
-1
-2
-2
-1
-1
1
0
0
0
0
-1
-1
-1
-1
-2
-2
-3
-2
-3
-2
-1
0
0
-1
0
-1
-1
-1
-1
-3
-2
-3
-2
-2
-1
1
1
3
5
2
3
2
1
3
3
2
3
3
1
1
0
-1
0
0
2
3
2
1
0
0
0
-1
0
1
2
3
2
3
4
3
2
2
2
0
0
-3
-2
-1
0
0
1
1
1
2
2
2
1
1
0
-1
-1
-2
-3
-1
-1
-2
-1
-1
0
1
1
0
1
-1
1
1
-1
-1
-1
-2
-2
-3
-2
-3
-1
1
0
0
0
0
1
2
2
1
1
-1
-2
-1
-1
-1
-2
-3
-1
-2
0
1
1
1
1
0
1
1
1
1
1
2
1
0
-1
-2
-1
-1
-1
-1
0
1
1
1
1
1
0
-1
-2
-2
-2
-2
-1
-1
-3
-3
-4
-1
-1
-1
-1
-1
0
-2
-3
-4
-5
-6
-4
-5
-2
-2
-2
-1
-2
-1
-3
-1
-2
-1
0
1
-1
0
-2
-3
-2
-3
-3
-1
-1
-3
-2
-1
-1
1
1
1
2
2
2
4
3
4
4
3
2
4
5
6
5
3
1
1
1
1
2
3
4
4
2
1
0
1
1
1
0
0
-1
0
2
2
4
4
4
5
5
4
3
1
0
-1
0
0
0
1
1
0
-1
0
0
0
3
3
1
0
-1
-1
-3
-1
-2
-2
-2
-1
0
-1
1
2
2
2
1
1
0
1
1
3
3
3
4
3
2
2
1
0
0
1
2
2
3
2
1
0
1
1
0
-1
1
1
1
1
2
2
2
1
0
0
1
1
0
-1
0
0
-1
-2
-3
-2
-4
-4
-2
-2
-3
-3
-4
-4
-2
-2
-1
-2
-2
-3
-3
-3
-5
-5
-4
-6
-6
-4
-4
-3
-1
-1
-2
-3
-3
-3
-2
-4
-4
-3
-4
-4
-4
-3
-2
0
-2
-3
-3
-3
-4
-3
-2
-4
-3
-1
-2
0
2
3
4
4
3
3
2
4
3
3
2
2
0
1
1
2
2
2
2
3
2
4
4
5
6
5
5
2
1
-1
-1
-2
-2
-1
-1
-2
-2
-2
-2
-1
1
2
1
0
1
-1
-2
-3
-2
-2
-2
-1
-2
-2
-1
-2
-3
0
1
2
2
1
2
2
3
3
3
3
0
-1
0
-2
0
-1
-1
-1
0
0
1
1
1
1
1
3
3
3
1
0
0
1
1
3
3
4
3
1
0
1
2
1
2
1
1
1
2
3
1
2
3
3
4
3
4
3
1
1
2
0
1
0
-2
-2
-2
-2
-4
-3
-3
-1
-1
0
0
0
0
-1
0
-4
-5
-5
-5
-4
-4
-3
-3
-4
-4
-3
-3
-2
0
-2
-1
-1
-1
-2
-3
-2
-1
0
0
0
2
1
2
2
0
1
1
2
1
1
1
0
-1
0
0
2
3
2
4
4
3
4
5
5
4
3
2
1
1
1
3
2
0
0
0
1
3
3
2
3
4
4
3
1
3
2
1
1
2
3
2
1
1
-1
0
1
1
1
3
2
1
1
0
-1
1
1
-1
0
0
0
0
0
-2
-2
-2
-3
-1
-1
0
-1
-2
-2
-2
-2
-3
-3
-2
-2
0
0
0
4
2
0
-2
-2
-3
-5
-5
-5
-4
-3
-1
0
-1
-1
-2
-1
0
0
0
0
0
0
-2
-2
-2
-2
-3
-2
0
-3
-2
-2
-2
-1
-3
-4
-3
-2
-4
-3
-4
-2
-1
-1
-1
-2
-2
-2
0
0
0
0
0
0
-3
-2
-5
-6
-3
-3
-2
-2
-1
-3
-5
-5
-4
-3
-1
-1
0
-2
-2
-2
-2
-2
-2
-4
-3
-2
-4
-3
-2
-4
-3
-2
-1
-1
1
2
1
1
1
-1
1
1
3
1
0
-1
-1
1
1
0
2
1
2
1
2
2
4
4
3
4
5
4
5
5
5
5
4
4
3
4
4
4
4
2
1
-1
2
3
2
4
3
3
4
2
2
1
1
1
0
-1
-1
-3
-3
-3
-2
-3
-1
-2
-1
0
-1
0
0
-1
-2
-3
-3
-3
-5
-3
-2
-2
0
-2
-1
-1
-1
-1
-1
-2
-1
-2
-2
-4
-5
-5
-5
-3
-3
-1
0
-1
-1
-1
2
2
0
2
0
1
2
1
0
0
-2
-2
0
0
0
-1
-1
-2
0
1
1
-1
0
-2
-1
1
0
1
1
2
2
2
4
2
3
1
1
0
1
1
2
2
1
0
0
1
-1
-2
-1
-1
1
1
1
2
1
0
2
2
1
1
0
-2
-1
0
3
3
1
0
-3
-3
-2
0
2
2
2
1
0
0
0
1
1
1
1
0
3
4
3
5
2
1
1
1
2
2
1
2
1
0
0
1
1
1
0
-1
0
2
5
5
6
5
5
4
4
4
2
1
1
1
3
3
1
0
0
-1
-1
1
2
2
2
2
3
2
1
-1
0
-1
-1
-2
-1
1
2
3
1
0
-1
-1
0
1
2
1
-1
-2
-5
-4
-3
-2
0
-2
-3
-2
-1
0
0
2
0
0
0
-2
-3
-3
-3
-1
-2
-2
0
0
0
0
2
3
2
-1
1
2
1
2
3
2
1
1
1
3
3
3
2
4
4
4
2
2
4
2
4
4
3
1
1
1
0
-1
0
0
1
2
1
0
-1
-1
-2
0
1
0
-1
0
1
1
1
1
1
0
-1
-1
-3
-3
-3
-2
0
0
-1
-1
-2
-2
-1
0
1
0
-1
-1
-1
-2
-1
-3
-4
-4
-5
-5
-4
-5
-4
-3
-3
-1
-1
-1
-3
-3
-3
-2
-1
-1
-1
-1
-2
-2
-3
-4
-4
-3
-2
-2
-2
-1
-1
3
2
2
3
1
0
1
2
2
3
2
-1
1
0
-2
0
1
-1
-1
-1
0
1
2
1
0
1
-1
-1
-1
0
-1
-1
0
0
1
0
-1
-1
-3
-2
-1
-1
1
-1
-4
-4
-3
-3
-3
-2
-4
-4
-3
-3
-2
-2
-1
0
-1
-1
0
1
2
2
2
0
0
1
1
-1
-1
-1
0
1
1
0
1
1
1
2
2
1
0
0
1
0
2
1
0
1
0
1
2
2
2
3
3
2
2
1
2
3
2
2
3
1
1
2
1
1
0
1
-1
1
1
1
1
1
1
1
0
-2
-1
-2
-3
-3
-4
-3
-2
-2
-2
-2
-3
-3
-3
-3
-1
-2
0
0
-1
-2
-2
-2
-2
-1
-1
0
-1
-1
-1
-1
-1
-2
-2
0
0
-1
-2
-1
-2
-2
-1
-1
0
-1
-1
-1
-1
0
1
1
2
0
0
0
1
1
0
1
-1
-1
1
1
2
2
3
1
2
1
1
1
1
3
4
3
2
1
2
3
2
2
1
0
-1
-2
0
0
1
2
1
0
-2
-1
-2
-1
0
0
0
0
-1
0
0
-1
0
0
-1
0
-1
-2
-2
-2
-2
-1
0
2
1
0
0
-1
-3
-1
-1
-1
1
0
0
0
-2
0
-2
-2
-2
-1
1
0
2
3
3
3
3
2
2
1
3
4
3
4
2
2
1
3
2
2
2
1
1
1
1
2
2
2
4
3
4
4
5
5
4
4
3
3
2
1
0
1
-1
-2
-4
-3
-2
-1
0
1
-1
-2
0
1
3
2
3
1
0
0
-2
1
-1
-3
-3
-4
-4
-2
-2
-2
-3
-1
-2
-2
-1
-1
-2
-2
-2
-3
-4
-2
-3
-1
0
0
1
1
0
0
0
-1
1
2
3
2
1
0
-1
0
2
2
1
-1
-2
-1
-1
1
2
3
3
3
3
4
6
6
7
7
8
10
11
11
12
12
11
10
9
9
7
8
7
5
4
2
2
2
2
-1
-2
-3
-2
-1
-3
-3
-6
-7
-6
-7
-6
-3
-4
-4
-1
-3
-3
-2
-2
-1
0
0
-1
-2
-2
1
0
-1
-1
-3
-6
-5
-3
-2
-4
-4
-4
-6
-4
-5
-6
-5
-4
-2
-1
-1
-1
-2
-2
2
3
4
5
7
7
8
11
12
12
13
14
14
15
15
13
14
13
12
13
13
12
13
12
11
12
12
12
12
13
13
16
17
17
21
21
24
25
27
29
32
35
35
37
37
38
37
37
34
34
33
30
28
25
22
16
13
8
2
-1
-6
-11
-16
-21
-25
-31
-36
-42
-49
-54
-61
-67
-71
-76
-80
-82
-86
-90
-93
-97
-98
-100
-101
-103
-104
-105
-106
-107
-107
-109
-110
-108
-110
-109
-107
-107
-105
-99
-95
-91
-83
-79
-74
-66
-59
-51
-40
-29
-19
-7
2
13
23
33
46
59
69
81
92
100
110
119
126
133
141
148
153
159
161
166
168
169
170
169
168
167
164
163
159
156
152
149
144
140
137
134
130
126
122
119
117
113
113
111
108
105
100
95
89
84
80
71
62
54
43
33
22
8
-8
-22
-39
-58
-76
-93
-113
-132
-152
-172
-193
-214
-236
-256
-275
-293
-312
-330
-347
-359
-371
-380
-387
-392
-395
-396
-394
-391
-384
-376
-363
-348
-333
-313
-293
-272
-248
-222
-191
-160
-128
-97
-64
-31
3
39
76
114
149
183
216
245
276
305
334
362
384
405
424
438
450
460
469
474
480
481
479
477
471
467
461
454
446
433
420
404
389
374
358
341
322
300
277
254
230
208
187
165
141
117
92
66
41
19
-3
-24
-47
-70
-93
-116
-141
-169
-196
-223
-255
-288
-320
-357
-390
-426
-464
-501
-539
-577
-612
-644
-674
-700
-724
-745
-762
-775
-789
-796
-798
-796
-788
-775
-762
-745
-724
-697
-665
-624
-577
-528
-472
-414
-352
-280
-203
-115
-15
87
190
293
395
490
590
692
787
882
964
1033
1089
1126
1152
1168
1173
1169
1153
1121
1074
1014
946
873
802
729
654
577
498
417
343
273
211
162
118
78
42
12
-12
-28
-36
-43
-47
-45
-46
-44
-35
-33
-25
-15
-9
-6
-2
-1
-3
-3
-8
-14
-20
-36
-54
-74
-101
-131
-162
-201
-250
-296
-351
-405
-451
-502
-554
-602
-656
-709
-753
-794
-827
-847
-866
-884
-895
-909
-919
-917
-909
-897
-875
-853
-836
-813
-791
-766
-726
-682
-631
-568
-510
-453
-383
-306
-221
-108
12
130
259
383
492
613
739
859
983
1100
1190
1266
1321
1352
1378
1396
1392
1379
1346
1277
1194
1101
996
895
795
683
573
455
331
217
109
12
-64
-129
-193
-249
-300
-348
-375
-386
-388
-375
-360
-346
-333
-307
-278
-237
-182
-136
-88
-43
-13
18
52
82
114
146
160
161
156
138
115
95
63
24
-17
-75
-141
-208
-279
-345
-402
-460
-522
-585
-651
-711
-759
-795
-818
-832
-849
-866
-886
-904
-909
-900
-883
-853
-827
-815
-810
-808
-805
-779
-736
-689
-638
-592
-558
-518
-467
-400
-302
-170
-30
108
242
362
487
631
788
955
1128
1276
1395
1493
1558
1604
1652
1685
1701
1700
1657
1571
1470
1351
1232
1126
1008
876
736
571
406
260
126
10
-82
-172
-262
-345
-429
-502
-542
-559
-560
-550
-542
-537
-526
-497
-453
-393
-321
-250
-187
-129
-81
-33
24
89
152
207
243
258
261
257
248
238
216
179
132
71
0
-72
-148
-226
-302
-384
-470
-552
-633
-709
-777
-837
-894
-940
-978
-1012
-1029
-1037
-1043
-1040
-1031
-1021
-1001
-970
-943
-913
-873
-842
-810
-770
-734
-691
-632
-573
-511
-440
-365
-277
-160
-33
101
246
388
525
677
830
981
1142
1292
1422
1539
1624
1677
1721
1753
1763
1763
1733
1657
1559
1442
1310
1188
1058
917
771
603
424
248
79
-73
-189
-296
-399
-491
-596
-694
-758
-800
-816
-795
-777
-759
-726
-692
-644
-563
-472
-371
-263
-172
-95
-16
57
130
220
295
347
390
399
393
391
382
367
353
317
257
191
108
22
-49
-118
-194
-266
-352
-448
-536
-618
-693
-748
-799
-850
-888
-922
-959
-977
-984
-991
-977
-954
-937
-902
-862
-825
-776
-731
-696
-652
-599
-553
-497
-437
-388
-330
-263
-203
-120
-11
103
224
361
479
596
730
852
985
1134
1263
1375
1477
1531
1564
1599
1613
1620
1625
1581
1502
1405
1271
1144
1029
898
766
626
456
281
116
-48
-183
-291
-396
-491
-580
-676
-750
-794
-820
-810
-782
-761
-725
-681
-637
-566
-472
-373
-264
-148
-58
25
115
187
268
363
427
475
513
514
506
506
486
465
437
380
312
230
129
35
-50
-145
-235
-323
-427
-533
-631
-727
-812
-878
-939
-991
-1029
-1067
-1104
-1118
-1120
-1113
-1077
-1037
-998
-942
-889
-841
-783
-725
-673
-610
-542
-490
-433
-378
-338
-299
-249
-201
-140
-60
28
111
205
295
381
491
606
724
861
989
1097
1205
1290
1351
1412
1463
1499
1528
1533
1494
1440
1362
1262
1171
1073
955
839
706
547
397
254
110
-7
-106
-215
-315
-407
-508
-581
-624
-661
-673
-667
-673
-667
-638
-609
-559
-481
-406
-326
-238
-172
-103
-21
53
136
225
289
333
367
379
386
398
391
374
349
295
230
164
82
8
-57
-132
-210
-290
-387
-479
-559
-635
-691
-735
-786
-831
-868
-908
-928
-925
-913
-890
-858
-833
-805
-766
-723
-669
-599
-533
-473
-415
-380
-345
-305
-267
-224
-173
-137
-116
-99
-91
-70
-25
31
99
173
232
293
364
432
520
629
735
839
936
994
1038
1081
1112
1145
1177
1185
1164
1114
1034
945
857
767
686
598
496
383
255
128
11
-92
-171
-245
-321
-396
-479
-547
-597
-628
-638
-645
-649
-653
-650
-643
-608
-554
-491
-407
-335
-265
-187
-110
-15
93
202
302
391
466
523
573
611
639
662
665
646
607
546
482
413
338
264
181
90
-8
-106
-201
-288
-358
-421
-479
-536
-594
-648
-692
-716
-729
-720
-708
-698
-697
-693
-677
-645
-600
-557
-508
-469
-436
-411
-388
-354
-319
-269
-221
-191
-172
-152
-131
-112
-77
-25
22
70
122
167
207
253
312
379
446
505
564
625
674
716
757
779
793
809
804
790
770
737
708
663
608
549
486
420
358
294
226
165
98
31
-21
-79
-136
-171
-216
-272
-312
-342
-364
-380
-376
-367
-354
-335
-313
-281
-241
-178
-108
-34
27
90
161
210
271
318
368
400
422
438
424
415
382
352
315
257
194
115
51
-27
-106
-172
-252
-315
-381
-442
-496
-565
-605
-646
-680
-711
-727
-733
-751
-759
-763
-757
-743
-721
-694
-665
-637
-598
-557
-526
-487
-432
-375
-325
-272
-226
-186
-153
-111
-77
-46
-6
22
51
80
102
123
150
184
221
266
304
342
387
423
457
498
547
581
618
645
665
684
691
704
686
676
664
642
622
576
533
480
427
388
339
292
248
201
157
101
67
35
4
-11
-29
-49
-79
-100
-104
-104
-109
-88
-68
-65
-55
-45
-16
-5
22
56
73
107
109
127
140
131
148
148
151
144
128
107
83
66
34
3
-31
-72
-109
-148
-196
-231
-262
-290
-324
-364
-399
-430
-448
-462
-471
-485
-512
-524
-531
-541
-537
-524
-509
-493
-479
-461
-449
-425
-372
-342
-287
-243
-218
-179
-138
-93
-63
-17
12
36
73
76
85
90
95
115
120
137
160
169
175
172
194
224
232
254
298
319
312
344
379
394
411
415
414
416
428
424
387
373
356
300
270
255
225
188
144
125
123
100
118
88
131
23
317
368
-49
26
228
449
-105
-101
226
25
-66
-101
1
-172
-75
70
-115
-203
-42
93
-15
-89
-3
-7
-79
-8
30
-87
-134
-7
49
-63
-194
-46
-103
-83
161
-131
-238
-143
137
-107
-482
-247
-283
-359
-457
-466
-591
-605
-406
-556
-728
-599
-425
-435
-520
-455
-387
-440
-349
-213
-251
-309
-231
-116
-145
-237
-133
-27
-96
-59
26
-61
-93
11
98
32
25
160
132
94
137
224
245
252
338
364
367
378
403
430
432
455
491
450
425
446
433
395
373
366
337
296
289
260
170
167
181
171
111
85
104
68
34
43
70
50
31
66
79
31
56
69
77
59
40
33
0
10
-6
15
29
-15
-48
0
20
-26
-11
42
38
-18
-23
-34
-56
-31
-50
-99
-103
-134
-167
-239
-220
-247
-308
-276
-318
-343
-379
-343
-359
-385
-369
-379
-366
-399
-385
-352
-308
-344
-294
-255
-254
-234
-219
-157
-169
-70
-95
-126
-81
-22
-27
-44
11
30
39
23
65
22
75
94
100
107
98
137
113
113
126
199
156
124
184
249
239
192
245
285
301
320
343
339
343
355
351
331
335
322
300
299
296
267
208
237
257
219
199
211
208
165
182
197
174
132
124
158
105
68
88
73
49
-8
8
1
-22
-85
-69
-54
-92
-79
-146
-68
-127
-114
-154
-171
-122
-203
-186
-192
-158
-268
-279
-229
-246
-268
-338
-233
-262
-358
-318
-210
-237
-373
-229
-125
-237
-328
-121
-93
-228
-209
-78
-80
-202
-138
-79
-25
-63
-70
-59
23
28
-58
44
139
88
61
59
199
95
116
134
158
150
35
179
66
77
29
90
93
-14
16
29
4
9
33
29
-23
45
119
66
66
93
165
105
184
208
150
201
246
315
220
230
292
299
311
271
291
273
269
267
233
224
210
189
171
135
79
41
28
-4
-35
-73
-76
-102
-195
-208
-184
-188
-327
-357
-219
-211
-352
-423
-215
-198
-350
-317
-228
-170
-284
-297
-136
-118
-184
-262
-89
37
-113
-203
-41
120
-41
-95
97
134
54
48
183
174
50
101
155
168
77
116
103
56
92
23
75
-25
39
-8
-2
38
-92
-6
-81
55
-124
-52
53
-92
-40
-136
75
-171
-121
-45
-103
-128
-244
-82
-227
-161
-203
-176
-204
-187
-190
-247
-126
-135
-129
-133
6
11
-2
19
109
163
149
212
223
284
281
297
328
336
327
306
340
310
291
266
247
249
206
162
147
135
130
57
25
31
-6
-58
-83
-44
-102
-186
-189
-121
-122
-281
-226
-108
-211
-223
-190
-94
-175
-195
-66
-68
-40
-80
-2
30
55
38
-21
149
91
104
174
78
152
156
161
118
59
196
99
120
92
94
57
-20
133
-47
28
-145
-50
-37
-155
-106
-276
-122
-183
-121
-320
-249
-164
-249
-287
-228
-158
-306
-270
-207
-199
-254
-320
-329
-125
-250
-299
-375
-146
-203
-395
-201
-204
-149
-303
-103
-60
-100
-80
-19
159
68
124
180
291
282
287
396
402
422
430
479
489
443
442
490
486
431
366
418
432
344
283
290
310
234
167
130
171
93
7
45
-16
-40
-69
-130
-66
-204
-165
-134
-164
-153
-260
-89
-112
-158
-144
-25
-47
-146
18
54
57
-5
35
178
107
101
11
216
245
112
14
159
257
25
127
59
166
-3
-4
47
19
-67
-134
-23
-65
-130
-222
-65
-349
-173
-186
-209
-426
-337
-62
-447
-310
-409
-230
-340
-382
-358
-388
-255
-369
-385
-273
-259
-336
-341
-271
-206
-290
-254
-249
-152
-141
-206
-112
12
-32
-23
38
144
147
172
271
251
322
335
423
392
438
485
505
518
485
523
489
508
506
467
440
367
378
339
285
238
139
150
108
53
0
-62
-84
-38
-92
-223
-188
-146
-198
-297
-144
-172
-365
-208
-160
-114
-228
-184
-156
-110
67
-144
-156
13
159
-61
-40
149
64
4
52
191
-49
50
99
108
-11
-39
91
4
31
-117
-57
-49
-52
-64
-190
-204
-164
-136
-223
-338
-210
-246
-467
-221
-277
-381
-466
-392
-121
-517
-366
-379
-220
-288
-480
-246
-261
-178
-472
-189
-76
-232
-361
-169
72
-148
-187
-32
225
48
-44
163
354
306
222
340
543
479
435
561
600
628
586
680
696
636
584
632
670
583
544
513
515
416
360
365
284
225
187
168
89
-8
-29
-4
-58
-159
-227
-132
-157
-320
-296
-229
-188
-359
-318
-173
-285
-226
-229
-181
-107
-188
-44
-85
-109
7
26
85
-83
56
173
99
14
22
241
80
73
-24
211
86
-87
-53
7
253
-359
-122
-109
83
-255
-419
-89
-239
-87
-578
-183
-330
-297
-320
-469
-248
-495
-339
-366
-293
-398
-424
-304
-356
-326
-222
-261
-383
-398
-89
-44
-368
-269
-193
102
-68
-105
-35
56
214
28
321
301
357
275
436
654
501
480
526
745
745
606
580
664
750
686
625
618
550
554
521
434
292
289
325
219
105
33
-31
-37
-82
-169
-251
-263
-223
-319
-338
-393
-391
-345
-313
-322
-412
-393
-260
-244
-284
-174
-153
-206
-108
-36
-60
-144
-37
168
-11
-3
42
125
94
-5
206
114
-27
85
187
166
-123
-90
53
126
-26
-316
-212
-80
-6
-466
-255
-161
-393
-426
-341
-224
-656
-529
-304
-390
-580
-623
-371
-456
-440
-479
-537
-290
-519
-316
-396
-314
-424
-301
-69
-321
-259
-255
39
33
-72
-53
152
280
300
303
450
464
426
727
726
609
630
855
911
785
773
765
898
848
796
682
673
717
626
553
422
404
294
288
190
54
4
-88
-97
-161
-263
-318
-381
-372
-333
-399
-510
-513
-387
-340
-413
-461
-330
-273
-269
-216
-168
-194
-76
-42
64
-75
28
256
55
165
53
449
167
43
252
286
503
-62
93
221
258
86
-111
64
-51
-85
-261
-74
-107
-411
-458
-289
-213
-398
-681
-454
-444
-608
-404
-519
-638
-698
-431
-483
-422
-741
-552
-345
-394
-425
-577
-168
-306
-258
-423
-68
-106
-266
64
17
146
-54
226
412
418
330
421
621
665
760
539
792
932
931
824
843
918
892
934
829
847
718
718
740
632
447
407
479
345
232
68
47
-7
-82
-68
-275
-346
-351
-373
-396
-500
-516
-542
-490
-450
-501
-531
-473
-349
-368
-217
-277
-177
-88
-56
58
-67
208
140
257
147
235
359
225
384
263
376
199
368
239
174
217
138
183
-63
167
-216
-154
-88
-306
-256
-539
-274
-550
-620
-369
-726
-635
-714
-768
-502
-740
-789
-830
-706
-466
-804
-662
-667
-610
-453
-557
-414
-545
-274
-278
-253
-206
-206
138
38
32
150
355
427
327
636
606
577
728
790
952
869
888
925
1008
1099
996
929
954
991
948
824
766
746
674
587
487
408
280
197
181
78
-78
-130
-165
-276
-331
-392
-429
-483
-554
-513
-544
-583
-606
-526
-447
-555
-476
-385
-306
-321
-197
-116
-180
-16
25
206
108
242
180
246
376
322
391
243
386
283
356
269
197
179
147
193
-41
-125
29
-212
-237
-281
-336
-411
-690
-241
-652
-784
-666
-742
-495
-999
-792
-757
-729
-837
-1026
-630
-640
-768
-944
-590
-630
-542
-613
-419
-358
-445
-317
-283
256
-81
-92
-24
428
590
284
473
596
806
771
909
878
946
1074
1062
1115
1096
1103
1061
1127
1142
1048
854
869
926
822
631
525
550
404
230
159
160
-2
-134
-158
-280
-351
-376
-460
-512
-531
-602
-619
-598
-624
-698
-621
-534
-522
-479
-505
-369
-263
-290
-163
-68
64
2
24
196
227
370
314
383
215
417
488
381
394
241
407
255
333
225
84
-40
81
33
-143
-343
-293
-315
-483
-534
-614
-544
-861
-691
-980
-623
-841
-1041
-870
-803
-761
-1171
-760
-716
-610
-1003
-811
-574
-415
-490
-765
-350
-276
-61
-155
-121
18
175
417
353
485
589
594
758
1034
1020
811
957
1228
1275
1128
1079
1114
1179
1245
1120
925
896
979
913
735
622
541
519
438
250
101
61
-28
-80
-181
-369
-420
-487
-485
-500
-624
-696
-674
-608
-660
-722
-664
-594
-510
-514
-447
-398
-268
-188
-198
-74
49
133
65
237
237
336
337
382
583
353
400
407
508
502
370
333
255
294
229
191
43
-81
-88
-137
-255
-258
-466
-498
-541
-576
-587
-691
-858
-952
-540
-738
-1109
-878
-801
-677
-1014
-950
-678
-774
-541
-952
-546
-473
-478
-601
-357
66
-265
-133
-56
265
405
248
424
719
752
681
815
1042
1050
1084
1086
1192
1138
1191
1245
1114
1164
1142
1031
967
952
801
706
702
591
454
281
218
169
15
-96
-162
-273
-378
-445
-547
-585
-669
-720
-692
-706
-784
-771
-787
-651
-623
-639
-561
-474
-360
-345
-236
-168
14
35
104
202
240
313
363
451
523
454
427
585
507
475
432
522
459
268
286
228
236
105
45
-171
-137
-94
-345
-473
-380
-421
-803
-629
-661
-757
-901
-889
-907
-965
-746
-1004
-998
-820
-886
-1054
-894
-521
-693
-910
-729
-472
-284
-270
-360
-326
48
221
173
292
461
551
611
856
983
838
957
1199
1285
1183
1079
1257
1315
1263
1166
1168
1122
991
1031
925
722
696
653
506
357
246
149
45
-12
-175
-315
-335
-441
-548
-620
-666
-721
-714
-772
-791
-758
-792
-691
-681
-570
-561
-543
-408
-280
-231
-226
-25
55
134
163
273
349
358
411
520
581
504
519
504
553
556
447
379
353
351
263
102
17
60
-121
-257
-218
-349
-448
-726
-480
-645
-842
-754
-939
-833
-1088
-778
-1099
-1159
-930
-847
-948
-1223
-815
-794
-663
-948
-600
-563
-436
-236
-457
-153
-12
251
102
414
513
416
611
927
982
774
1048
1212
1246
1091
1186
1294
1283
1251
1188
1208
1051
1027
1110
986
727
670
688
564
392
259
152
114
75
-135
-348
-395
-398
-483
-609
-655
-741
-835
-807
-773
-800
-856
-787
-726
-661
-683
-610
-409
-345
-301
-231
-149
-19
17
174
231
258
391
349
467
502
598
490
508
638
524
486
400
461
396
252
160
164
111
-65
-194
-205
-282
-388
-438
-610
-707
-753
-698
-855
-963
-994
-858
-934
-1104
-1044
-957
-892
-1122
-926
-843
-809
-849
-747
-539
-497
-448
-399
-140
-37
40
105
356
522
489
623
835
918
940
1079
1173
1119
1158
1322
1292
1210
1280
1300
1174
1029
1073
1053
940
844
674
625
518
430
309
151
111
10
-135
-221
-325
-466
-541
-509
-554
-719
-814
-772
-714
-743
-764
-739
-671
-641
-585
-536
-554
-380
-236
-225
-208
-88
9
75
195
142
211
381
447
321
319
450
496
461
440
424
288
309
345
294
138
32
-13
-23
-100
-308
-402
-363
-464
-595
-638
-739
-743
-870
-829
-943
-1039
-815
-982
-1012
-1024
-866
-866
-928
-758
-779
-576
-591
-520
-321
-158
-84
-100
195
367
288
451
752
835
770
879
1102
1117
1141
1185
1243
1297
1259
1235
1199
1183
1207
1106
1026
959
848
754
627
555
467
371
258
111
31
-84
-213
-254
-329
-425
-500
-614
-649
-676
-657
-682
-727
-712
-673
-649
-713
-624
-542
-446
-430
-331
-278
-334
-191
-2
23
3
67
118
193
265
310
253
310
343
367
359
288
239
296
240
171
83
35
41
-107
-130
-250
-201
-384
-449
-445
-595
-616
-663
-523
-845
-805
-701
-787
-804
-922
-822
-778
-665
-751
-652
-576
-597
-443
-246
-120
-296
-104
172
255
235
353
532
643
802
772
844
891
1016
1123
1121
1135
1066
1130
1147
1153
1074
984
1002
909
838
713
606
606
536
435
267
164
95
12
-76
-171
-257
-319
-371
-471
-532
-559
-529
-537
-543
-620
-634
-582
-568
-486
-445
-412
-393
-345
-264
-253
-190
-105
-81
-14
15
40
44
154
211
107
175
185
150
175
170
170
31
85
65
-66
-38
-103
-218
-326
-181
-214
-480
-535
-488
-458
-575
-583
-554
-742
-718
-583
-625
-741
-741
-572
-558
-622
-476
-509
-471
-311
-161
-151
-193
-8
109
193
249
385
388
569
684
618
667
748
942
898
907
938
901
935
978
993
876
806
830
832
731
587
556
558
508
403
265
157
92
93
-11
-121
-176
-205
-264
-338
-385
-428
-394
-394
-375
-477
-476
-425
-377
-345
-352
-326
-333
-228
-204
-185
-195
-147
-53
-34
25
-79
-7
55
49
81
64
65
-86
42
43
-45
-100
-120
-94
-143
-158
-301
-315
-246
-281
-396
-491
-444
-434
-452
-523
-599
-529
-572
-469
-483
-602
-595
-457
-301
-403
-363
-316
-269
-71
13
24
9
177
326
333
439
416
465
625
772
733
597
746
898
862
800
802
807
780
765
775
680
637
635
591
529
408
346
305
265
195
70
6
1
-45
-131
-203
-259
-306
-314
-332
-406
-440
-428
-386
-407
-390
-389
-374
-292
-253
-283
-268
-176
-215
-141
4
-37
-113
-55
59
40
1
64
-33
-41
92
82
-31
-122
-61
-27
-92
-111
-224
-293
-249
-233
-295
-378
-383
-425
-415
-447
-532
-538
-484
-473
-535
-609
-471
-469
-453
-437
-487
-340
-298
-153
-236
-184
-40
98
222
181
274
269
453
616
643
598
620
777
872
909
814
820
872
905
894
808
786
745
753
731
616
506
436
417
380
281
178
110
35
-12
-98
-160
-228
-283
-287
-340
-439
-496
-429
-471
-492
-479
-491
-482
-441
-398
-445
-367
-245
-262
-266
-163
-130
-143
-29
57
31
52
108
91
89
206
199
101
120
161
105
4
43
43
-3
-80
-146
-187
-234
-252
-312
-332
-390
-440
-560
-497
-476
-561
-634
-666
-519
-618
-608
-619
-550
-506
-588
-373
-350
-300
-326
-190
-21
31
152
127
275
338
477
510
611
726
686
775
829
907
883
923
919
920
918
844
844
826
776
700
665
572
474
426
342
251
209
124
-3
-83
-150
-212
-259
-326
-396
-450
-513
-539
-567
-540
-569
-591
-545
-576
-547
-516
-470
-410
-379
-342
-309
-232
-157
-126
-134
-80
33
107
61
49
146
149
167
201
216
116
89
169
144
105
-8
-40
-3
-12
-144
-261
-194
-192
-309
-351
-363
-379
-461
-432
-404
-507
-500
-505
-409
-457
-536
-446
-341
-257
-343
-296
-137
-34
4
46
142
189
308
419
486
499
540
679
751
811
774
779
854
931
916
843
854
835
824
781
757
658
580
561
512
425
301
270
196
129
21
-43
-97
-212
-255
-290
-345
-423
-458
-497
-531
-528
-547
-598
-566
-538
-521
-542
-535
-479
-493
-393
-356
-346
-353
-296
-194
-164
-151
-175
-123
-41
-2
-35
-65
-18
24
-2
-14
-19
-13
-69
-47
-56
-105
-130
-171
-71
-167
-221
-226
-194
-141
-300
-310
-283
-213
-245
-312
-246
-238
-206
-180
-162
-163
-116
-21
43
85
87
105
202
346
340
324
412
508
538
527
586
605
635
658
696
690
668
672
652
670
628
613
564
515
486
421
385
315
282
213
143
109
57
5
-78
-123
-156
-197
-258
-295
-324
-348
-375
-408
-429
-458
-442
-458
-471
-441
-428
-453
-470
-427
-406
-424
-400
-365
-350
-341
-331
-308
-325
-292
-261
-272
-285
-301
-258
-255
-275
-293
-273
-296
-269
-293
-286
-298
-302
-221
-278
-250
-295
-213
-145
-157
-167
-180
-62
-19
50
22
41
122
242
298
273
310
374
459
519
555
485
525
615
699
640
609
650
659
688
632
622
579
602
607
545
472
426
427
377
329
282
216
170
164
103
25
-20
-6
-32
-96
-143
-179
-186
-195
-202
-240
-255
-256
-265
-261
-280
-272
-253
-252
-259
-263
-254
-261
-253
-229
-250
-255
-256
-244
-240
-262
-231
-255
-262
-289
-300
-281
-295
-295
-354
-320
-333
-347
-367
-376
-356
-355
-324
-360
-349
-362
-306
-284
-244
-246
-257
-184
-136
-102
-117
-48
7
74
94
144
188
234
309
354
410
419
502
540
589
595
610
675
697
722
677
689
710
716
714
657
635
594
598
582
506
447
394
388
339
256
176
126
107
55
-9
-82
-134
-163
-178
-206
-275
-333
-347
-335
-354
-400
-427
-422
-401
-413
-418
-431
-459
-408
-401
-387
-426
-426
-395
-392
-356
-403
-403
-396
-355
-370
-415
-417
-403
-390
-386
-395
-427
-444
-428
-359
-386
-415
-410
-348
-315
-327
-308
-277
-217
-137
-85
-111
-72
25
132
174
215
258
294
395
501
526
511
594
679
713
704
722
747
741
791
807
771
690
704
734
682
639
591
561
507
472
431
343
294
271
225
154
105
72
13
-24
-42
-79
-127
-134
-141
-174
-203
-195
-189
-219
-226
-213
-215
-220
-219
-213
-227
-222
-191
-203
-225
-239
-203
-208
-232
-230
-277
-266
-284
-269
-309
-359
-333
-347
-344
-402
-414
-400
-394
-369
-421
-444
-442
-407
-358
-393
-392
-378
-327
-271
-263
-251
-266
-169
-90
-62
-91
-73
22
86
139
132
152
185
272
307
307
306
343
399
438
437
405
432
455
507
471
446
430
450
479
435
408
373
396
382
350
312
275
275
266
243
184
147
136
129
99
47
12
-1
3
-29
-75
-113
-118
-108
-140
-178
-215
-219
-215
-213
-237
-285
-291
-271
-262
-297
-326
-352
-323
-295
-316
-360
-383
-349
-347
-328
-371
-380
-381
-347
-318
-360
-357
-380
-327
-300
-310
-313
-327
-272
-237
-239
-238
-240
-171
-147
-113
-98
-108
-43
1
54
48
66
129
161
230
243
256
276
328
406
399
422
432
482
526
530
534
516
552
593
610
583
542
538
563
572
540
489
457
461
461
426
361
315
305
298
272
214
150
126
131
120
46
-24
-42
-47
-62
-112
-161
-208
-212
-211
-243
-286
-330
-328
-335
-349
-396
-424
-412
-407
-419
-452
-465
-467
-460
-451
-475
-480
-472
-457
-450
-455
-437
-453
-408
-390
-382
-371
-366
-307
-300
-262
-257
-229
-184
-154
-110
-103
-54
-30
14
47
62
96
131
172
190
222
234
263
289
317
321
337
367
375
392
385
398
397
418
409
401
404
407
411
392
401
379
387
376
376
347
332
337
321
323
282
265
240
249
224
184
152
136
130
101
65
19
-4
-22
-48
-94
-141
-199
-207
-228
-266
-337
-380
-397
-420
-439
-501
-540
-569
-556
-574
-600
-625
-632
-621
-607
-602
-614
-599
-567
-520
-493
-478
-455
-403
-346
-295
-255
-212
-168
-103
-39
8
36
87
144
194
240
261
291
319
360
375
392
401
400
413
418
419
395
373
373
355
344
313
296
281
261
242
207
198
171
165
150
138
119
105
118
115
121
116
122
132
142
149
161
172
178
192
205
209
207
215
213
212
199
183
168
145
132
97
67
31
-9
-50
-94
-132
-188
-231
-276
-322
-370
-418
-460
-487
-519
-553
-579
-605
-614
-621
-610
-611
-605
-590
-565
-529
-496
-452
-411
-357
-304
-248
-195
-135
-71
-7
64
123
172
226
282
336
380
417
451
476
502
521
532
537
533
531
524
513
486
457
435
408
385
348
310
271
238
206
172
144
107
80
58
40
19
1
-4
-16
-20
-27
-29
-32
-23
-14
-17
-10
-9
7
12
26
28
21
31
30
40
23
17
7
-2
-3
-33
-52
-86
-100
-122
-150
-180
-219
-228
-256
-278
-304
-330
-334
-351
-356
-374
-380
-377
-374
-360
-359
-350
-337
-307
-280
-252
-231
-206
-162
-127
-91
-60
-22
14
49
87
111
137
168
199
224
238
250
261
277
296
300
300
297
295
288
282
276
261
249
235
225
204
186
173
159
152
137
123
111
100
94
82
78
71
65
61
56
53
40
42
36
34
31
19
12
0
-1
-15
-29
-44
-57
-72
-90
-105
-123
-143
-158
-174
-193
-206
-226
-239
-249
-261
-265
-272
-271
-276
-268
-270
-265
-255
-249
-232
-222
-197
-180
-158
-135
-116
-94
-67
-41
-21
7
25
52
71
94
112
129
146
159
168
176
183
187
192
191
195
188
185
181
175
165
158
152
141
135
128
129
120
122
122
114
112
107
109
104
107
105
108
111
110
109
101
101
99
102
98
88
80
73
62
48
36
17
-1
-20
-44
-67
-91
-112
-137
-157
-180
-202
-222
-240
-255
-276
-290
-303
-307
-315
-314
-320
-314
-310
-301
-283
-277
-255
-239
-215
-194
-172
-145
-121
-86
-60
-32
-8
20
47
73
95
115
138
157
172
186
198
208
221
227
230
228
229
229
228
227
220
215
211
204
198
189
185
180
173
173
161
158
153
149
144
138
131
123
120
112
106
95
86
77
64
53
38
26
10
-2
-18
-38
-56
-78
-97
-117
-137
-156
-179
-196
-214
-231
-247
-258
-267
-276
-283
-291
-293
-294
-294
-292
-286
-274
-263
-243
-227
-208
-189
-165
-142
-118
-93
-70
-41
-15
10
33
56
82
102
126
143
162
178
190
205
212
224
228
232
238
235
239
234
229
223
213
206
196
192
178
170
159
148
141
127
117
103
92
83
74
65
54
46
39
32
22
12
5
-3
-10
-18
-27
-37
-48
-58
-69
-79
-86
-96
-105
-114
-128
-139
-151
-158
-166
-172
-177
-188
-193
-199
-204
-209
-209
-211
-211
-209
-207
-203
-199
-189
-184
-177
-168
-156
-144
-130
-115
-101
-88
-73
-54
-40
-19
-2
14
31
46
63
76
94
108
123
135
144
156
169
178
185
192
193
200
203
209
212
213
213
210
208
202
195
190
184
180
173
162
154
138
128
116
105
95
83
72
61
50
36
27
15
3
-8
-17
-24
-36
-44
-57
-68
-77
-87
-95
-104
-112
-117
-121
-128
-135
-140
-146
-150
-151
-157
-159
-157
-156
-156
-154
-152
-151
-147
-142
-136
-132
-123
-114
-109
-99
-92
-81
-72
-60
-50
-43
-30
-22
-14
-5
6
18
29
42
49
56
65
74
83
90
100
105
111
116
120
125
127
129
131
132
133
131
131
129
127
122
116
112
104
102
96
90
84
79
76
67
57
47
39
31
20
12
2
-6
-12
-19
-27
-36
-43
-53
-61
-68
-73
-78
-82
-86
-90
-93
-94
-96
-97
-97
-98
-101
-100
-98
-100
-95
-93
-88
-85
-80
-76
-72
-65
-61
-60
-54
-50
-46
-40
-30
-26
-23
-18
-13
-10
-6
-1
4
11
16
20
24
31
36
39
41
42
43
45
48
48
48
49
48
46
47
45
45
44
42
44
44
43
42
39
38
35
31
29
27
26
23
19
16
14
12
8
5
1
-1
-4
-5
-9
-11
-12
-15
-16
-16
-17
-19
-19
-21
-22
-23
-23
-24
-21
-22
-21
-20
-19
-18
-18
-17
-16
-14
-15
-15
-15
-14
-12
-11
-9
-10
-8
-7
-6
-5
-7
-6
-6
-4
-3
-1
1
4
5
6
4
2
1
1
1
1
3
-1
2
2
2
3
3
4
3
5
5
5
5
4
6
4
6
7
5
3
4
2
2
4
3
3
3
3
4
3
4
2
1
-1
-3
-1
-2
-2
-1
-3
-1
-1
0
2
3
4
0
-1
0
1
0
0
-1
-2
-2
-2
-1
0
-1
1
1
2
1
2
2
1
3
4
4
6
5
8
6
9
8
7
8
6
6
6
6
7
7
9
7
6
7
7
9
8
7
8
6
6
7
8
8
6
5
4
5
4
3
3
3
3
2
2
2
0
0
-1
-3
-3
-3
-5
-6
-5
-6
-3
-3
-3
-2
-2
-2
-3
-1
0
-1
-1
-1
0
0
0
1
3
1
2
2
3
5
4
5
6
3
2
3
5
6
6
7
8
8
8
7
6
4
4
3
3
5
3
3
3
1
1
1
3
4
3
4
4
5
6
5
4
2
3
3
3
3
1
2
-1
0
-1
-1
0
-2
-3
-3
-4
-5
-5
-5
-6
-8
-7
-7
-5
-6
-8
-8
-11
-10
-12
-14
-13
-13
-13
-13
-12
-11
-11
-9
-11
-10
-9
-9
-9
-9
-7
-8
-6
-6
-3
-1
-2
0
0
2
1
3
3
4
6
7
8
8
9
10
11
10
12
12
10
12
11
14
13
13
12
12
13
13
13
13
14
13
12
11
9
11
9
8
7
6
4
4
5
4
1
2
0
-2
-1
-2
-2
-2
-2
-4
-5
-5
-6
-7
-8
-10
-11
-11
-9
-10
-11
-11
-13
-13
-13
-15
-17
-16
-17
-17
-16
-17
-17
-16
-17
-17
-17
-17
-16
-16
-15
-15
-15
-16
-15
-18
-16
-13
-10
-8
-6
-4
-4
-5
-6
-5
-3
-2
-1
0
0
2
3
5
7
8
8
9
10
13
16
16
16
17
19
19
20
20
22
21
21
20
19
20
20
19
17
17
13
13
12
12
12
9
7
5
4
3
3
2
1
-1
-2
-5
-5
-7
-9
-10
-13
-14
-15
-15
-13
-14
-15
-14
-14
-13
-13
-14
-14
-15
-14
-13
-12
-12
-12
-11
-11
-10
-10
-8
-9
-7
-6
-6
-3
-2
-1
1
3
4
4
5
5
6
8
8
10
9
10
12
13
13
14
16
16
17
16
16
16
18
17
17
17
16
17
16
15
14
12
11
10
10
7
6
7
7
7
7
6
4
5
3
1
0
-3
-4
-4
-6
-7
-8
-8
-8
-10
-11
-11
-13
-15
-15
-16
-16
-16
-18
-20
-21
-21
-20
-19
-18
-17
-17
-17
-18
-18
-17
-17
-16
-15
-14
-14
-14
-12
-12
-10
-8
-6
-3
-1
-1
1
3
4
5
8
8
9
10
12
14
16
17
18
20
20
21
22
22
21
20
21
19
20
21
17
17
17
15
15
14
14
12
11
10
8
7
6
4
5
2
0
-2
-4
-6
-8
-9
-9
-11
-10
-12
-14
-17
-17
-17
-18
-18
-20
-20
-19
-20
-19
-20
-20
-22
-21
-22
-21
-21
-21
-21
-20
-20
-19
-19
-17
-16
-15
-12
-11
-12
-8
-8
-7
-6
-6
-3
-1
0
1
2
4
5
6
8
9
10
11
14
14
15
17
19
20
21
21
23
24
24
23
22
22
23
24
23
22
21
19
17
15
14
16
15
14
14
13
10
9
7
6
5
2
2
0
0
-3
-5
-5
-8
-9
-10
-10
-12
-13
-12
-12
-15
-16
-18
-20
-21
-19
-20
-22
-21
-23
-23
-22
-22
-21
-21
-20
-19
-18
-18
-17
-16
-15
-13
-13
-11
-10
-10
-7
-3
-2
1
3
3
6
6
9
10
12
13
17
17
19
21
21
23
23
24
26
26
27
28
28
28
29
30
28
28
26
25
23
23
23
23
24
22
21
19
16
15
14
13
11
9
9
7
7
5
4
1
-1
-2
-2
-3
-4
-5
-7
-9
-13
-15
-16
-17
-18
-18
-20
-18
-20
-22
-20
-20
-22
-23
-24
-25
-24
-25
-25
-23
-24
-24
-24
-23
-21
-19
-17
-15
-15
-15
-14
-12
-11
-9
-7
-7
-5
-7
-2
0
3
5
5
7
7
8
11
12
11
12
13
14
15
18
19
21
20
20
21
20
23
22
21
19
19
18
18
18
16
14
15
14
12
13
12
11
10
7
4
3
1
2
3
2
0
-2
-6
-7
-7
-6
-8
-9
-10
-14
-16
-17
-17
-19
-18
-20
-20
-21
-22
-20
-20
-20
-20
-21
-21
-22
-22
-22
-21
-20
-18
-17
-16
-16
-15
-14
-12
-11
-9
-8
-7
-6
-4
-3
-1
1
2
4
4
6
7
8
9
9
11
11
12
12
12
11
12
14
16
17
17
16
16
15
14
15
16
17
16
16
16
15
15
15
14
15
15
13
13
11
11
11
10
9
8
7
7
6
6
5
3
1
1
-1
-1
0
-2
-3
-5
-6
-7
-6
-8
-9
-10
-12
-13
-13
-14
-16
-15
-16
-15
-14
-14
-13
-13
-14
-14
-14
-12
-13
-13
-10
-11
-10
-10
-8
-8
-7
-5
-3
-2
-1
-1
-2
1
3
2
3
5
5
7
6
6
7
8
9
10
10
11
10
8
8
8
8
9
9
7
8
9
10
9
8
6
6
6
6
5
5
4
3
4
3
4
3
3
3
1
1
1
0
1
0
-1
-3
-4
-6
-7
-6
-7
-5
-6
-7
-7
-8
-7
-6
-7
-8
-8
-9
-8
-9
-8
-8
-8
-8
-8
-7
-6
-8
-8
-8
-8
-8
-8
-6
-6
-6
-5
-3
-1
0
1
1
2
3
3
3
3
4
5
6
6
5
6
7
9
10
11
10
9
11
9
9
8
7
7
7
8
9
8
8
8
7
5
5
5
6
5
5
5
4
4
2
3
2
3
3
2
1
1
0
1
0
-1
-2
-3
-4
-4
-4
-4
-4
-5
-4
-4
-3
-4
-6
-7
-7
-7
-7
-5
-5
-7
-6
-4
-4
-5
-4
-4
-3
-3
-4
-3
-4
-4
-3
-5
-3
-4
-4
-3
-1
0
1
1
1
2
3
4
4
2
4
5
5
5
4
3
3
3
3
6
5
4
5
5
4
6
5
7
7
6
4
2
1
-1
2
2
2
2
2
2
1
1
1
2
0
0
0
-2
0
1
0
0
-2
-4
-5
-3
-1
-1
0
0
-1
-2
-3
-3
-4
-3
-5
-6
-6
-5
-4
-4
-3
-3
-5
-6
-6
-7
-5
-6
-5
-6
-8
-9
-9
-8
-8
-7
-5
-6
-5
-5
-4
-3
-4
-2
-1
-1
0
0
-1
-1
-1
1
0
2
5
3
2
3
2
0
3
3
4
7
6
6
6
6
5
3
2
2
3
3
3
2
2
3
0
1
0
0
0
0
1
-1
0
0
0
-1
-1
-2
-2
0
0
0
0
0
0
0
0
-1
-2
-1
-1
1
2
1
1
0
0
0
0
0
0
0
2
4
5
3
1
-1
-3
-2
0
2
4
4
3
0
-1
-1
-2
-1
-2
-3
-2
-4
-3
-2
-2
-2
-1
-1
1
1
1
2
1
1
2
3
1
1
2
1
3
4
5
5
6
7
7
6
3
3
5
3
3
3
4
3
3
4
4
1
1
1
0
1
0
0
0
0
-1
0
0
-1
-2
-2
-2
-2
-2
-2
-2
-2
-1
-2
-3
-3
-4
-4
-3
-2
-1
0
0
-2
-1
-2
-2
-1
0
1
0
0
0
-2
-3
-1
-1
0
0
0
1
-1
-1
-3
-2
-2
-3
-2
-2
-2
-1
-2
-1
-2
-3
-2
-3
-2
-4
-4
-3
-3
-1
0
-1
-2
-3
-3
-4
-2
-1
-1
0
0
-1
1
1
1
1
1
3
2
0
0
1
0
1
1
1
0
0
0
1
3
3
1
0
0
-1
2
4
3
3
3
2
1
0
2
2
1
0
0
0
2
2
2
1
2
2
1
1
1
2
1
1
1
1
2
0
0
0
1
0
1
1
-1
1
0
0
0
0
0
-1
-3
-2
-2
-3
-4
-3
-4
-3
-3
-4
-4
-4
-4
-2
-1
0
-2
-2
-2
-4
-3
-3
-4
-4
-4
-5
-4
-3
-5
-5
-2
-2
-2
-3
-4
-4
-3
-1
1
1
0
-1
0
1
2
4
3
4
4
5
4
4
3
3
4
3
3
2
3
4
4
4
3
4
6
8
8
7
7
4
3
4
4
3
4
4
3
3
2
1
2
1
0
0
0
-1
-2
0
2
3
3
2
1
1
1
1
1
-1
0
-1
-1
-3
-3
-4
-3
-3
-2
-1
-3
-2
-3
-2
-3
-4
-3
-2
-1
-1
-1
-1
-3
-2
-3
-3
-3
-3
-3
-2
0
-1
-1
0
1
1
1
1
1
2
2
2
3
4
5
3
3
4
4
5
6
6
8
7
6
5
6
6
5
5
3
3
3
4
0
1
0
0
0
-1
-2
-2
-1
-1
-1
-2
-2
-3
-3
-3
-4
-6
-6
-8
-8
-7
-6
-6
-6
-6
-6
-7
-7
-6
-7
-7
-6
-7
-7
-7
-6
-7
-7
-6
-6
-4
-4
-3
-4
-4
-3
-4
-3
-4
-2
-3
-2
-1
-1
-2
-2
-3
-2
-1
1
1
3
2
1
2
1
0
1
2
2
2
3
3
5
5
6
6
6
5
6
7
8
11
8
8
8
8
8
5
4
4
4
4
5
5
4
4
2
1
1
0
0
0
-1
-1
-3
-2
-2
-2
-3
-4
-2
-4
-4
-4
-3
-2
-3
-2
-4
-4
-5
-4
-4
-3
-2
-2
-2
-1
-2
-4
-4
-4
-5
-3
-3
-2
-3
-1
0
0
0
-1
-1
-2
0
-1
0
0
0
-1
-1
0
0
0
1
0
0
1
2
1
3
2
2
2
4
4
4
5
5
3
2
3
2
4
6
5
4
3
3
2
2
2
3
4
3
3
3
3
3
2
3
2
2
2
1
1
1
1
0
-1
0
0
-1
-1
-1
0
-1
-1
-1
-2
-1
-1
-2
-2
-3
-2
-1
-2
-1
-2
-2
-3
-4
-4
-4
-4
-4
-5
-7
-7
-5
-3
0
0
-2
-2
-3
-1
0
1
1
0
1
1
0
1
1
0
1
1
2
2
2
2
2
2
4
3
4
3
3
3
3
1
1
2
2
3
2
2
2
3
2
3
3
3
3
2
1
2
2
2
2
2
3
3
2
1
1
-1
0
-2
-1
0
0
0
0
-1
-2
-2
-1
-1
-1
-2
0
0
2
1
-1
-1
-1
-1
0
-2
-3
-3
-3
-4
-3
-4
-3
-3
-4
-4
-4
-3
-1
0
-1
-2
-1
0
0
1
1
-1
-2
0
0
1
2
2
1
0
0
0
-1
0
1
1
2
2
2
2
3
3
3
3
3
3
4
4
3
3
2
2
2
2
2
2
2
2
0
1
0
1
4
4
4
2
2
1
2
2
2
1
0
-1
0
-1
0
-1
-1
-2
-2
-2
-1
-2
0
0
0
1
-1
-3
-2
-4
-3
-5
-5
-5
-6
-5
-5
-5
-7
-6
-4
-4
-4
-3
-3
-3
-3
-2
-1
0
0
1
0
-1
1
0
0
-1
-2
-1
-1
0
0
0
0
2
1
2
3
3
2
3
2
2
1
0
1
0
-2
-1
-2
-2
-2
-2
-1
0
-1
-1
0
1
1
1
-2
-2
-1
-3
0
0
-2
-2
-2
-3
-1
-2
-3
-3
-1
-1
-2
-1
-3
-2
-4
-4
-4
-2
-2
-2
-1
-2
-3
-4
-2
-1
-1
1
1
0
-1
-1
-1
0
0
0
0
0
0
1
1
0
-1
0
1
0
1
0
1
0
1
0
0
1
1
1
2
3
3
2
2
1
1
2
0
0
-1
0
-1
-1
0
-1
-1
-1
1
1
0
0
0
1
2
2
3
2
-1
-1
-2
-1
-1
0
-2
-2
-1
-1
-1
1
0
0
-1
-1
-2
-2
-2
-2
-1
-2
-2
-2
-1
-1
-1
-1
0
2
4
4
4
1
2
2
2
3
1
2
2
3
3
3
4
3
3
2
3
4
2
2
3
4
2
2
2
1
3
5
4
3
3
3
2
2
2
3
2
1
1
0
2
1
1
0
0
0
0
1
0
1
0
-1
-2
-3
-1
-3
-2
-2
-3
-1
-2
-2
-2
-1
-1
-2
-2
-2
-1
1
-1
-1
0
-1
1
0
0
0
1
1
0
0
0
-1
1
1
2
3
3
2
1
2
3
4
5
3
2
1
0
3
2
3
3
2
2
1
1
-1
-1
-1
-3
-2
-2
-3
-1
0
-1
-2
-2
-2
-1
-1
-1
-2
-2
-2
-2
-2
-1
-1
-2
-3
-4
-2
-1
-1
-1
0
-1
0
-1
-2
-2
-3
-4
-3
-2
-1
0
1
1
1
0
-1
-1
-1
-2
-2
-2
-3
-3
-2
-2
-2
-2
-2
-3
-1
0
1
2
0
2
2
-1
-1
0
1
1
2
3
2
1
1
2
1
2
3
4
4
5
5
6
5
4
3
3
3
2
1
0
1
1
1
2
1
1
1
1
2
1
0
0
0
0
1
0
-1
-3
-2
-1
-1
-1
-2
-2
-2
-2
-2
-1
-1
0
1
1
3
4
3
3
2
2
2
2
1
0
-1
-1
0
0
1
0
0
1
0
0
1
1
1
2
4
5
5
4
3
2
2
1
0
1
1
1
2
2
2
3
2
2
1
0
0
2
0
0
0
0
-1
-2
-2
-2
-2
0
0
0
-1
-1
0
0
-1
0
-1
0
0
1
-1
-2
-2
-1
-1
-3
-3
-4
-5
-4
-5
-3
-3
-1
-1
-1
-2
-2
-1
-1
-2
-2
-4
-4
-5
-4
-3
-3
-3
-4
-3
-3
-1
-1
-1
0
-1
-1
-1
-2
-1
-2
-2
0
-1
-1
-2
-3
-3
-3
-2
-2
0
0
1
0
0
2
0
0
0
1
0
-2
-2
-2
-3
-3
-2
-2
-3
-2
-2
-2
-1
1
1
0
-2
1
0
2
2
1
1
1
1
2
2
2
2
2
3
2
1
1
1
2
2
2
3
1
2
3
0
0
-1
-2
-1
0
0
-1
-2
-2
-3
-2
-1
-1
-2
0
-1
1
3
3
3
3
0
1
1
1
0
1
1
1
0
1
0
2
1
1
1
1
0
0
0
1
2
0
1
0
0
-1
-1
-2
-1
2
2
3
3
2
2
2
3
4
2
2
1
0
0
0
0
0
1
0
-1
-1
0
-1
0
0
1
0
-1
-1
-3
-4
-5
-5
-3
-3
-3
-2
-2
-3
-3
-4
-4
-4
-3
-3
-3
-2
-3
-3
-3
-3
-2
-2
-2
-2
-3
-2
-3
-4
-2
-4
-2
-1
1
1
-1
1
0
0
-1
0
-1
-1
-1
-2
-1
-1
1
1
2
2
1
0
1
0
2
3
3
2
1
0
-1
1
2
1
2
1
0
-1
-1
0
0
1
1
0
0
-1
-1
1
0
1
-1
0
-1
-1
0
-1
1
0
0
0
0
-1
-1
-2
-1
-2
-1
-2
-1
-1
0
0
0
0
3
2
3
1
1
1
0
1
-1
0
1
2
1
1
1
-1
0
-1
0
2
3
4
2
2
1
1
1
1
2
1
1
0
-1
1
1
2
2
2
2
3
3
1
0
1
0
0
0
0
1
1
3
4
3
3
1
0
-1
0
1
1
1
1
0
0
0
-1
-1
0
-1
0
-1
-1
0
-1
0
0
1
1
1
3
2
1
0
0
0
0
1
1
1
1
1
1
2
1
0
1
1
0
1
3
4
5
6
5
4
4
3
2
3
2
3
3
3
2
2
4
3
3
2
2
3
1
1
1
1
2
2
3
2
2
2
0
-1
-1
-2
-1
-2
0
0
0
0
0
1
1
1
1
-2
-1
-2
-3
-3
-3
-4
-3
0
0
1
0
0
-2
-2
-1
-2
-2
-2
-2
-4
-4
-4
-3
-4
-5
-5
-5
-5
-4
-4
-4
-4
-3
-3
-3
-1
0
0
-1
-1
-3
-1
0
0
-2
-2
-1
-3
-3
-3
-2
-2
-1
0
-1
0
1
0
1
2
3
5
4
4
3
2
1
1
1
0
1
3
3
5
4
3
2
2
2
2
2
1
0
1
0
1
0
2
2
0
0
-1
-1
-2
-2
-2
-1
-2
-2
-1
-1
0
2
0
0
-1
0
-1
-1
0
-2
-1
0
0
0
-1
0
-2
0
1
1
1
1
2
0
1
1
1
2
3
3
1
2
2
1
0
0
0
0
-1
-2
-1
0
1
2
2
1
0
0
0
0
-1
0
1
0
0
0
1
0
0
0
1
0
1
1
1
1
0
1
0
-1
1
0
1
1
0
0
-1
-1
-1
1
1
-2
-3
-4
-3
-1
-2
0
0
0
-1
-1
-2
-2
-3
-4
-6
-6
-5
-4
-3
-3
-4
-5
-5
-5
-4
-2
-2
-2
-1
0
-1
-2
-2
-2
-2
-1
-1
0
0
-1
-1
-3
-3
-2
-2
0
1
1
1
0
0
1
1
1
2
3
2
1
