-488
-441
-402
-359
-289
-261
-209
-164
-116
-100
-43
-38
3
66
91
153
163
206
246
243
292
295
353
378
402
433
441
475
494
510
519
495
514
510
532
576
559
573
563
585
591
588
639
615
617
606
602
600
583
598
566
572
564
530
508
479
474
410
378
343
268
237
193
147
70
37
-15
-96
-144
-187
-243
-312
-346
-411
-468
-467
-492
-530
-567
-599
-641
-704
-704
-755
-778
-783
-779
-759
-743
-681
-669
-662
-643
-630
-606
-583
-528
-497
-465
-391
-349
-310
-274
-234
-221
-221
-158
-127
-77
-16
12
39
58
95
104
98
130
141
147
172
187
199
223
272
272
283
300
297
311
337
376
386
392
418
396
412
418
420
426
436
463
460
458
450
433
415
407
400
373
350
332
318
303
292
241
201
164
120
108
87
49
25
-28
-53
-94
-117
-168
-208
-214
-240
-279
-301
-318
-365
-382
-391
-420
-433
-434
-444
-455
-471
-475
-512
-512
-487
-502
-482
-459
-452
-449
-447
-407
-414
-387
-350
-348
-329
-304
-270
-243
-209
-200
-193
-159
-124
-91
-58
-26
3
39
59
93
101
122
155
157
174
184
205
228
254
292
323
337
356
357
356
378
379
387
406
434
444
462
472
469
472
456
457
445
423
417
393
399
385
374
372
324
316
299
265
236
199
157
99
86
52
35
46
23
3
-32
-46
-79
-107
-120
-160
-191
-203
-220
-236
-233
-245
-243
-254
-257
-259
-274
-254
-256
-248
-226
-236
-223
-232
-232
-214
-224
-219
-213
-198
-181
-160
-144
-151
-146
-142
-147
-156
-142
-122
-122
-99
-70
-84
-71
-70
-68
-45
-29
6
-10
18
42
44
58
67
96
88
115
152
157
186
209
213
217
211
245
240
245
277
261
282
291
288
291
294
299
272
268
284
268
269
268
251
243
222
202
175
155
140
117
90
72
58
20
-1
-35
-65
-92
-108
-125
-161
-152
-156
-188
-194
-225
-239
-262
-267
-249
-264
-246
-252
-267
-273
-277
-274
-277
-265
-267
-275
-272
-264
-258
-268
-261
-262
-259
-250
-249
-242
-243
-226
-212
-222
-201
-202
-210
-193
-201
-180
-169
-148
-121
-113
-87
-73
-67
-47
-34
-8
19
45
64
79
98
116
147
159
189
211
221
245
263
275
284
295
299
303
314
332
343
343
354
355
343
345
338
329
330
320
300
285
274
260
246
235
215
196
172
155
126
91
76
49
25
6
-20
-24
-47
-62
-75
-116
-109
-127
-137
-134
-151
-162
-173
-176
-185
-199
-207
-220
-218
-213
-209
-205
-208
-200
-213
-209
-215
-219
-208
-199
-191
-190
-175
-176
-169
-164
-173
-162
-156
-146
-139
-137
-121
-124
-119
-117
-113
-95
-89
-73
-66
-59
-48
-41
-35
-29
-10
3
22
46
54
72
89
103
124
132
159
178
195
213
212
231
242
253
257
270
278
279
281
266
271
266
266
267
251
241
225
201
181
148
135
105
80
62
33
14
-13
-43
-73
-110
-132
-155
-177
-190
-218
-231
-254
-272
-284
-296
-308
-312
-319
-317
-315
-309
-306
-307
-299
-291
-277
-264
-248
-232
-211
-191
-170
-155
-139
-132
-113
-97
-78
-62
-51
-35
-21
-7
-2
17
21
31
45
52
56
57
66
71
71
77
82
84
80
83
92
95
104
115
119
124
135
138
144
157
172
174
176
198
205
221
239
235
242
249
263
274
273
284
284
290
289
278
275
264
253
240
237
223
210
195
172
148
126
112
86
68
38
11
-18
-45
-74
-107
-129
-152
-169
-181
-195
-208
-229
-240
-253
-271
-271
-280
-274
-275
-273
-260
-253
-238
-234
-225
-218
-213
-192
-172
-158
-138
-122
-99
-84
-70
-56
-49
-31
-16
0
5
20
22
26
30
27
34
34
38
41
37
45
39
35
32
13
8
2
4
2
-5
-1
-7
-4
0
-8
-2
-4
1
0
6
13
14
22
18
32
32
43
52
52
60
66
73
80
77
77
73
71
66
65
67
66
58
49
42
25
21
5
-16
-21
-39
-56
-67
-80
-89
-103
-111
-126
-140
-154
-164
-169
-175
-181
-180
-180
-184
-182
-184
-179
-172
-168
-162
-157
-144
-135
-126
-108
-96
-87
-71
-59
-42
-25
-10
2
15
26
38
50
59
72
82
93
101
104
104
102
105
105
103
101
102
94
88
84
78
74
66
63
53
48
41
42
42
41
40
31
39
38
42
48
47
49
55
58
65
78
88
100
106
118
121
132
140
147
151
161
168
169
172
173
180
186
184
182
178
174
173
158
151
145
133
125
116
103
85
72
52
37
25
11
1
-16
-26
-41
-58
-62
-72
-82
-90
-102
-107
-108
-109
-111
-117
-117
-119
-116
-113
-115
-108
-105
-101
-90
-83
-76
-70
-67
-59
-52
-44
-38
-36
-29
-25
-18
-14
-7
-5
-4
1
-1
-1
-3
-3
-5
-9
-8
-11
-13
-16
-21
-23
-24
-28
-28
-28
-32
-36
-33
-32
-33
-29
-27
-23
-21
-22
-17
-17
-10
-2
2
8
13
19
25
27
36
39
46
54
54
56
57
65
67
69
66
66
68
67
65
64
60
54
49
39
31
24
21
13
4
-2
-9
-15
-21
-28
-34
-41
-50
-58
-66
-69
-71
-76
-78
-78
-78
-82
-83
-83
-83
-79
-76
-73
-71
-68
-63
-61
-53
-47
-46
-42
-39
-38
-30
-22
-18
-16
-14
-11
-8
-4
-1
1
5
3
4
5
3
5
6
7
11
9
8
11
9
9
9
7
6
4
4
8
7
9
10
11
13
15
16
18
20
25
26
26
29
31
33
38
41
41
41
45
46
50
53
53
55
54
55
55
57
57
56
53
53
51
46
42
37
33
28
21
13
5
0
-8
-18
-24
-32
-41
-49
-57
-68
-76
-82
-91
-98
-104
-108
-118
-125
-129
-134
-136
-135
-139
-141
-140
-139
-140
-141
-140
-138
-138
-134
-126
-124
-122
-117
-111
-104
-95
-87
-82
-72
-63
-57
-49
-42
-31
-25
-16
-9
-2
9
11
14
21
26
33
39
43
47
48
50
54
55
58
63
65
72
75
74
76
75
75
70
70
71
72
75
78
78
69
71
75
74
76
72
69
70
69
70
70
66
60
57
56
59
57
50
44
39
37
38
37
30
29
23
20
19
18
13
5
5
-1
-6
-3
-5
-9
-15
-14
-18
-26
-15
-16
-15
-12
-12
-10
-10
-8
-6
-4
0
5
4
7
22
21
28
34
39
50
53
57
59
68
79
92
99
102
112
117
118
125
125
126
128
132
137
144
147
150
149
150
156
153
154
147
139
139
133
133
127
122
119
107
109
104
93
88
75
69
62
55
44
35
29
19
17
9
-11
-21
-38
-50
-54
-61
-61
-62
-70
-95
-112
-131
-125
-125
-130
-123
-130
-130
-146
-172
-179
-182
-179
-184
-182
-167
-164
-159
-166
-166
-166
-158
-160
-173
-172
-181
-170
-141
-119
-108
-101
-102
-98
-107
-110
-94
-84
-62
-50
-40
-20
-13
-22
-22
-10
-4
1
11
19
32
43
49
51
40
39
38
55
70
64
71
67
62
53
36
48
63
55
52
54
51
41
23
16
19
17
11
10
2
-1
1
-15
-23
-21
-32
-17
-20
-40
-43
-43
-31
-32
-64
-77
-80
-83
-65
-63
-66
-75
-75
-72
-71
-65
-76
-92
-106
-111
-96
-68
-70
-64
-56
-73
-90
-109
-114
-94
-61
-44
-56
-58
-63
-66
-49
-52
-44
-55
-71
-71
-70
-43
-19
2
21
52
56
63
65
36
54
74
110
147
163
181
180
176
177
162
175
182
187
208
217
209
195
187
183
187
195
173
165
173
156
175
177
155
145
121
101
89
68
59
49
34
28
8
-18
-14
-30
-33
0
-18
-16
-16
-66
-85
-98
-115
-93
-83
-84
-71
-96
-108
-126
-148
-133
-121
-98
-72
-72
-76
-86
-92
-81
-89
-100
-89
-76
-79
-88
-94
-96
-85
-91
-82
-74
-83
-76
-65
-51
-54
-54
-39
-25
-29
-41
-46
-29
-8
-17
0
20
33
40
22
41
53
58
75
64
83
99
106
116
102
99
99
110
111
69
65
80
51
40
46
74
86
97
91
77
83
54
42
44
50
42
30
35
30
47
51
56
37
6
-2
-2
27
26
13
7
-19
-49
-67
-70
-88
-95
-131
-155
-126
-126
-120
-123
-106
-102
-96
-69
-49
-36
-33
-32
-34
-20
-3
33
43
47
24
14
18
1
-8
-17
-31
-31
-21
-13
-2
-6
-13
-17
-6
19
28
60
96
113
110
76
63
74
72
78
92
109
96
73
51
47
43
31
33
68
89
91
94
42
16
12
36
69
98
112
107
111
97
93
85
87
103
104
107
110
131
136
118
102
80
79
82
84
85
55
17
1
-36
-62
-85
-123
-129
-141
-137
-151
-174
-186
-223
-241
-236
-242
-231
-207
-200
-162
-142
-149
-134
-134
-134
-119
-94
-68
-48
-26
-9
-8
-26
-43
-70
-89
-74
-56
-28
1
-8
-21
-33
-40
-32
-20
-14
-5
9
0
9
-7
-26
-18
-37
-30
-39
-69
-65
-58
-46
-20
1
17
60
79
60
36
25
31
35
64
89
97
106
112
108
102
102
82
83
97
102
127
137
141
139
119
97
81
68
57
59
73
82
73
57
33
20
6
-38
-55
-61
-64
-58
-65
-65
-60
-69
-77
-90
-84
-52
-28
-21
-27
-21
-15
-11
3
-1
12
5
-26
-19
-22
-32
-18
-23
-29
-14
-12
-18
-41
-43
-25
-42
-23
6
22
65
63
53
51
41
62
70
57
59
82
96
107
114
112
117
122
148
142
134
165
143
144
159
129
141
133
122
146
141
139
119
86
55
26
4
-10
-25
-13
-8
-21
-13
4
-9
-36
-37
-54
-45
-14
-10
-5
9
13
-6
-19
-27
-68
-88
-86
-92
-87
-76
-63
-68
-78
-93
-96
-103
-129
-129
-109
-89
-74
-68
-71
-92
-101
-110
-121
-98
-78
-91
-89
-67
-58
-49
-32
-36
-43
-48
-62
-67
-64
-53
-39
-21
-11
-17
-46
-65
-86
-84
-63
-76
-67
-39
-41
-47
-43
-57
-62
-37
-37
-37
-30
-23
-3
10
27
23
21
60
68
68
76
82
115
131
129
130
138
139
117
109
89
63
70
69
67
62
73
80
66
58
25
-2
-12
-15
-21
-34
-21
-24
-41
-49
-71
-84
-64
-78
-95
-81
-61
-44
-23
-16
-26
-21
-25
-25
-15
-10
13
22
9
13
4
3
4
-1
16
11
9
12
-7
-22
-32
-30
-16
-17
-23
-15
-12
-16
-22
-31
-37
-49
-51
-57
-46
-28
-37
-50
-47
-37
-51
-43
-21
-8
11
21
33
33
36
27
9
24
55
67
87
123
116
102
103
83
69
62
69
79
70
81
79
64
56
45
56
58
31
2
-11
-14
4
15
4
4
-9
-8
-3
-28
-58
-79
-86
-97
-111
-95
-78
-71
-55
-64
-91
-114
-120
-118
-107
-92
-77
-45
-36
-70
-78
-73
-77
-63
-55
-50
-28
-20
-9
-20
-48
-35
-47
-44
-35
-54
-56
-55
-52
-39
-23
-15
-8
-14
-33
-45
-63
-72
-68
-68
-41
-36
-29
-3
-16
-17
-12
-32
-17
-6
3
36
54
59
53
42
36
40
56
79
103
118
140
142
140
148
144
153
137
103
99
105
105
114
115
103
97
96
88
77
81
78
69
75
75
67
80
88
68
47
31
31
25
8
15
6
3
-2
-18
-6
2
18
13
-23
-42
-47
-46
-58
-53
-42
-42
-31
-13
-19
-36
-37
-44
-65
-69
-62
-51
-29
-19
-11
6
7
8
11
-10
-23
-9
21
52
54
52
58
52
56
57
44
57
59
52
75
75
70
80
82
83
65
63
74
57
42
17
10
35
44
63
76
68
53
32
5
-20
-7
17
32
53
59
41
18
4
-1
-9
-11
5
6
-6
-5
-11
-16
-38
-72
-73
-69
-71
-61
-57
-64
-75
-82
-79
-81
-84
-95
-115
-118
-116
-114
-123
-128
-134
-138
-126
-129
-124
-133
-146
-138
-142
-135
-128
-123
-120
-125
-114
-101
-96
-99
-94
-88
-74
-51
-49
-32
-21
-28
-24
-25
-23
-5
9
11
11
16
17
16
26
34
46
63
66
68
72
78
63
58
70
72
92
103
89
81
81
92
86
71
67
78
89
94
91
87
97
83
54
42
33
44
54
41
39
34
10
-4
-10
-14
1
7
-10
-42
-62
-65
-65
-45
-18
-9
-27
-40
-45
-47
-51
-62
-57
-39
-23
-15
-9
-7
-12
-15
-23
-25
-33
-36
-31
-19
12
24
16
0
-31
-45
-42
-25
-5
5
23
40
50
53
38
20
4
-7
-2
27
63
76
79
63
42
39
39
38
43
49
66
83
68
47
37
42
55
48
48
53
56
68
74
63
56
47
41
56
59
58
47
33
24
23
31
38
34
24
24
18
18
29
14
-10
-23
-27
-22
-17
-16
-11
-24
-37
-43
-42
-40
-52
-46
-42
-38
-40
-54
-58
-74
-83
-81
-72
-61
-72
-71
-67
-71
-76
-83
-78
-62
-48
-43
-29
-25
-49
-70
-73
-64
-51
-42
-27
-21
-16
-8
-13
-16
-13
-20
-25
-11
6
10
15
17
11
9
8
2
0
3
12
18
25
29
25
24
30
33
23
5
-12
-15
0
31
41
36
31
17
15
25
32
36
40
46
55
64
67
58
47
37
25
19
16
13
14
22
25
24
14
5
-1
-10
-12
-8
5
24
33
45
40
29
24
16
11
8
13
12
1
-1
0
3
-4
-19
-23
-14
-11
-2
9
8
8
10
6
1
-6
-10
-12
-7
-1
-3
-2
2
-3
-8
-4
6
4
-2
-6
3
8
-4
10
14
18
31
23
21
21
9
-1
-13
-15
-2
5
2
-2
-14
-14
-28
-41
-21
-12
-3
9
13
12
2
-5
-8
-10
-14
-17
-18
-21
-17
-13
-19
-24
-38
-47
-47
-45
-29
-15
-3
-2
-14
-38
-53
-57
-50
-30
-13
-6
-5
-18
-39
-48
-59
-59
-48
-37
-25
-18
-23
-33
-52
-61
-57
-60
-60
-45
-37
-33
-35
-31
-37
-49
-44
-38
-37
-35
-30
-22
-11
-13
-18
-20
-25
-14
-3
3
15
14
12
22
26
35
36
27
26
24
27
34
44
42
46
49
36
27
18
27
28
29
37
34
37
43
46
54
50
38
34
31
28
32
40
39
42
36
32
42
40
26
14
14
19
30
33
22
20
24
24
28
22
7
3
7
4
5
8
6
7
8
6
0
-6
-5
-2
2
5
0
-7
-8
1
9
18
21
10
5
-6
-2
11
12
9
11
3
5
13
3
-2
-9
-11
-4
5
17
13
1
-4
-14
-17
-13
-7
-5
6
12
15
17
4
-7
-13
-19
-12
-8
-2
2
3
4
0
-1
-4
-6
-1
12
18
12
12
7
-1
3
5
4
9
10
12
8
-4
-9
-7
-6
-7
-11
-12
-9
-8
-7
-13
-18
-16
-16
-14
-9
-8
-9
-15
-21
-24
-28
-26
-21
-16
-11
-16
-27
-32
-34
-33
-23
-16
-14
-9
-8
-17
-25
-25
-20
-17
-10
-4
-5
3
4
-4
-9
-9
-13
-17
-21
-24
-11
4
15
21
24
16
-6
-13
-17
-18
-5
8
19
26
23
16
1
-4
-7
-13
-4
0
1
8
12
19
21
16
6
-2
3
9
7
12
19
28
42
39
25
22
18
12
18
20
28
40
43
41
30
17
6
0
1
12
23
26
26
19
9
9
9
6
-6
-22
-18
-9
2
7
1
-2
-7
-16
-26
-28
-22
-13
-12
-15
-15
-13
-11
-1
-3
-6
-7
-12
-14
-21
-18
-9
-9
-6
0
1
3
0
-9
-18
-21
-17
-22
-20
-7
-5
-5
-5
-10
-15
-18
-19
-10
-7
-9
-3
-8
-7
-6
-9
-7
-12
-8
-5
-3
9
14
13
11
8
4
6
7
10
13
16
17
16
21
19
21
30
34
30
31
29
25
29
26
23
23
24
26
22
25
21
20
19
8
-3
-11
-9
-8
-12
-10
-6
-9
-11
-19
-23
-19
-17
-15
-17
-16
-18
-27
-32
-37
-42
-41
-34
-27
-20
-17
-19
-21
-19
-20
-15
-11
-15
-11
-10
-8
-7
-8
-3
10
18
21
20
9
1
-1
0
9
17
14
13
9
4
-2
-5
-3
-1
3
12
15
14
7
4
4
11
13
8
5
7
11
18
17
15
12
8
11
16
23
32
36
30
19
11
11
16
23
26
25
23
18
21
26
22
17
11
3
0
0
-3
-2
2
2
-1
-6
-12
-16
-21
-19
-18
-22
-19
-16
-17
-16
-15
-15
-14
-21
-19
-7
14
26
21
10
-12
-26
-30
-36
-20
14
32
45
38
22
7
-15
-27
-43
-47
-44
-48
-33
-16
8
23
28
22
11
4
-7
-12
-10
2
26
32
37
16
-28
-48
-68
-68
-50
-27
11
19
14
5
-21
-36
-65
-87
-84
-71
-40
-15
6
9
-5
-11
-14
-1
20
41
58
64
80
70
56
55
45
34
33
51
48
25
1
5
9
-8
-17
-29
-39
-42
-40
-39
-39
-46
-48
-49
-57
-48
-49
-68
-69
-84
-103
-100
-111
-119
-115
-90
-60
-56
-40
-31
-29
-3
6
0
-3
3
30
61
93
137
158
155
140
97
69
55
48
70
96
106
91
50
13
2
-24
-56
-69
-89
-96
-88
-78
-58
-43
-24
-19
-8
-6
-26
-27
-24
27
84
132
172
157
145
124
91
88
76
92
108
112
122
90
62
33
22
29
42
70
84
95
103
87
94
62
3
-11
-37
-41
-27
-14
4
-9
-43
-72
-91
-117
-125
-111
-78
-50
-55
-66
-86
-120
-142
-142
-149
-117
-74
-50
-6
-1
3
9
-10
16
21
32
66
68
86
87
87
92
96
99
79
65
39
35
29
17
18
16
-5
-28
-58
-71
-70
-57
-44
-63
-69
-67
-76
-96
-92
-77
-37
-8
23
28
29
43
29
26
29
20
32
22
31
43
39
58
42
31
28
16
22
11
-16
-31
-29
-9
11
29
25
24
15
-13
-38
-44
-22
-20
-31
-42
-79
-109
-123
-118
-108
-97
-74
-46
-28
-34
-32
-23
-15
-21
-38
-32
-4
7
21
44
53
45
33
9
4
-3
-28
-16
-3
26
54
43
28
-13
-53
-64
-48
-2
21
21
7
-18
-53
-99
-128
-144
-136
-111
-85
-54
-59
-85
-112
-131
-125
-85
-27
13
44
61
86
63
27
26
39
79
112
122
132
111
89
56
30
41
67
92
89
77
49
4
-23
-23
-8
26
39
23
-3
-42
-62
-65
-60
-38
-15
11
29
31
42
43
47
64
88
141
181
208
220
197
154
94
59
55
67
59
57
61
22
-26
-85
-118
-134
-145
-102
-76
-48
3
20
9
-21
-45
-47
-53
-43
-5
27
69
97
68
36
0
-36
-53
-65
-53
-23
2
5
-7
-13
-17
-7
-3
0
5
13
40
56
33
7
-15
-34
-43
-50
-35
-17
-33
-57
-56
-43
-10
46
76
81
47
-4
-45
-90
-101
-86
-58
-35
-35
-39
-60
-97
-135
-158
-160
-142
-81
-37
0
-2
-30
-53
-71
-55
-40
-33
-19
-28
-42
-40
-44
-33
-26
0
41
74
103
122
112
86
61
40
66
100
122
155
169
159
122
53
11
0
17
53
82
86
60
27
-19
-47
-67
-68
-57
-59
-55
-64
-89
-90
-99
-122
-93
-51
-5
37
57
89
84
98
113
93
107
110
94
95
102
132
146
112
87
88
71
52
24
-12
-23
-59
-66
-28
-31
-51
-59
-52
1
38
51
46
-41
-111
-145
-180
-149
-114
-106
-80
-68
-74
-68
-81
-69
-46
-8
55
77
86
80
40
40
81
100
126
140
120
66
22
23
25
39
73
71
29
-4
-24
-70
-105
-116
-115
-102
-102
-77
-60
-59
-32
2
29
14
8
5
26
60
61
68
29
-16
-55
-64
-35
-29
-16
35
58
47
-14
-74
-102
-129
-123
-79
-39
-55
-50
-16
7
31
33
13
-4
-23
-2
28
32
84
83
32
-21
-101
-140
-143
-112
-36
21
32
40
29
-18
-95
-151
-163
-157
-124
-75
-29
-13
19
44
12
5
15
11
15
0
23
64
95
121
134
134
99
51
9
-29
-50
-48
-26
-13
-2
19
17
-17
-66
-118
-155
-159
-109
-60
-27
2
-10
-22
-48
-77
-74
-74
-21
53
75
120
153
114
91
79
92
106
95
115
61
1
25
40
64
89
107
93
20
-30
-29
-17
-11
21
44
43
37
64
85
52
-7
-55
-112
-150
-127
-83
-46
-7
12
7
-21
-49
-55
-38
41
100
115
136
141
112
104
120
144
144
134
121
98
82
65
79
97
111
136
156
139
78
16
-44
-67
-51
-25
-17
-43
-41
-36
-74
-127
-155
-203
-266
-226
-125
-69
-36
-37
-77
-111
-150
-136
-109
-74
-21
11
40
58
79
84
73
12
-25
6
14
22
57
61
49
71
95
66
19
-8
-75
-132
-110
-74
-65
-81
-103
-105
-129
-141
-148
-184
-213
-189
-129
-68
-45
-32
-28
-56
-75
-115
-129
-81
5
83
140
198
180
128
117
108
88
64
86
100
79
48
9
-31
-85
-98
-66
-25
25
91
146
141
107
94
30
-24
-4
20
78
130
116
77
55
25
-13
-46
-72
-46
17
71
92
73
39
-6
-69
-76
-79
-85
-32
8
28
29
1
-24
-47
-80
-70
-25
2
1
-25
-25
-4
43
105
149
151
106
54
-6
-10
24
51
77
71
31
-17
-62
-69
-81
-93
-80
-58
-31
-12
-13
-50
-74
-82
-79
-68
-58
-45
-52
-55
-37
-18
4
25
63
89
107
139
150
134
102
99
105
102
115
117
95
56
23
9
-13
-15
7
33
43
35
29
12
-5
-26
-48
-56
-38
-15
-22
-29
-40
-75
-78
-48
-23
7
39
47
32
15
5
-9
-19
17
60
85
106
108
75
16
-26
-52
-44
-18
47
118
142
121
38
-66
-169
-230
-201
-110
-56
-35
-19
-35
-78
-107
-105
-119
-134
-119
-88
-45
-30
-51
-102
-146
-166
-171
-138
-79
-43
-31
-3
-11
-5
3
4
25
44
68
79
83
82
58
35
49
65
71
94
92
50
-10
-42
-50
-40
0
34
37
15
-9
-34
-46
-41
-27
-16
-10
-10
-20
-35
-35
-38
-55
-59
-40
-9
-3
7
10
1
-4
-5
-2
4
4
13
32
41
38
23
-8
-30
-25
13
56
79
97
87
53
23
29
33
43
69
79
90
96
88
68
40
19
9
16
47
67
76
67
20
-24
-48
-52
-52
-38
5
38
55
59
39
12
-22
-47
-55
-53
-50
-26
-18
-19
-6
-5
9
32
49
65
64
47
38
17
25
46
40
23
1
-32
-60
-74
-73
-65
-57
-34
-13
-2
-9
-20
-53
-74
-84
-96
-66
-31
2
32
45
49
40
23
8
-5
-16
-7
0
9
12
-6
-16
-44
-63
-54
-35
-24
-23
-24
-29
-45
-50
-34
-17
-9
-7
-15
-37
-56
-65
-68
-58
-50
-31
-10
-1
14
1
-12
-18
-32
-16
16
36
38
31
29
18
-9
-10
-2
-10
-10
-2
2
4
2
9
23
27
26
15
2
-23
-61
-70
-57
-42
-25
7
23
16
2
-5
-10
-4
20
32
33
41
47
36
32
5
-38
-53
-67
-65
-48
-16
8
-6
-12
-9
1
8
9
16
24
40
59
75
84
76
65
54
43
37
27
30
27
19
20
15
11
20
13
18
36
34
21
0
-9
-9
-6
4
3
-12
-19
-16
-11
-20
-24
-27
-38
-36
-18
-1
14
28
36
48
38
15
2
-8
-1
15
40
62
70
73
64
47
38
33
27
33
44
56
67
59
49
29
9
-10
-34
-51
-59
-48
-30
-17
-2
0
-13
-38
-59
-65
-60
-40
-19
-11
-9
-14
-17
-16
-10
-6
-1
12
13
8
13
20
25
37
56
76
74
60
40
12
17
22
18
30
39
44
39
22
5
-25
-45
-49
-50
-40
-32
-28
-18
-24
-42
-40
-53
-69
-55
-45
-30
-16
-15
-12
-19
-11
-2
-8
-20
-31
-44
-54
-55
-55
-46
-37
-27
-10
-16
-29
-37
-63
-84
-84
-76
-56
-23
17
56
61
50
36
8
-23
-40
-35
-20
7
32
50
53
50
31
9
-6
-20
-18
-13
1
20
36
32
16
-6
-30
-55
-72
-69
-48
-15
16
36
46
57
51
37
24
7
6
16
29
43
51
59
64
57
44
34
25
8
11
36
55
65
61
57
46
13
-5
-10
-24
-32
-26
-6
21
30
28
16
-18
-34
-38
-35
-11
-5
-5
5
8
12
19
9
4
-2
-5
3
-1
-5
-1
-4
-7
-7
-18
-31
-29
-30
-38
-43
-49
-59
-66
-62
-56
-53
-58
-59
-68
-72
-60
-47
-29
-26
-25
-9
6
21
30
30
22
16
7
-1
12
24
39
47
46
48
53
52
46
51
48
36
33
38
46
58
54
43
24
-5
-10
-5
-2
11
14
11
9
3
-3
-1
-4
-8
-9
-9
-5
-12
-20
-18
-25
-33
-30
-29
-32
-29
-28
-15
-9
-17
-15
-16
-12
-7
-18
-22
-24
-37
-36
-18
-5
-2
-3
-6
-11
-11
-10
1
2
-4
0
-7
-10
-10
-12
-3
3
3
17
20
10
0
-19
-30
-27
-25
-15
6
18
19
9
-8
-12
-20
-19
-11
4
12
18
25
25
26
22
18
5
-12
-13
-1
12
32
46
52
43
33
25
22
27
34
39
37
34
34
37
40
46
41
45
40
22
14
-9
-29
-35
-32
-23
-23
-20
-17
-18
-23
-21
-7
2
12
10
4
5
5
15
18
20
4
-8
-10
-15
1
5
4
4
-4
-1
1
-10
-26
-48
-68
-89
-106
-109
-104
-99
-92
-84
-69
-64
-61
-45
-24
-10
-2
16
28
26
27
30
28
26
34
47
46
40
36
29
24
24
27
30
28
29
39
38
40
48
40
27
27
24
10
7
-10
-29
-47
-72
-86
-90
-79
-73
-73
-69
-70
-68
-55
-53
-55
-50
-51
-39
-21
-11
6
25
32
28
12
3
-2
3
24
41
45
28
-3
-26
-27
-30
-43
-49
-70
-81
-80
-78
-59
-47
-36
-19
0
19
20
20
19
42
70
91
120
112
98
89
73
65
49
45
37
32
38
32
27
20
13
18
34
43
58
76
80
81
82
57
32
24
14
14
23
21
21
13
5
-7
-17
-17
-15
-4
16
29
34
38
27
7
-2
-14
-3
20
36
53
63
50
46
42
29
40
45
54
68
62
63
66
66
54
40
32
24
9
-4
-9
-21
-20
-20
-35
-46
-58
-69
-56
-61
-69
-65
-73
-81
-87
-95
-103
-97
-81
-52
-24
-2
15
13
2
-7
-7
-4
-10
-12
-11
2
15
25
28
5
4
8
3
3
0
0
-1
5
19
29
36
23
8
-2
-23
-26
-13
4
6
-9
-15
-28
-49
-63
-66
-60
-56
-46
-27
-20
-19
-26
-34
-33
-41
-33
-6
1
1
7
4
-1
-4
-4
-12
-14
-15
-20
-23
-17
1
18
25
14
1
-32
-51
-34
-4
16
32
34
24
22
-2
-21
-37
-51
-48
-33
-18
-25
-41
-59
-62
-68
-58
-17
0
25
43
45
44
29
31
39
59
69
84
96
79
64
46
33
13
20
40
41
38
15
-27
-40
-40
-46
-27
-38
-50
-43
-57
-45
-26
-25
-10
1
-3
6
20
20
37
52
55
72
101
122
130
122
125
111
72
54
37
44
44
36
50
38
8
-5
-11
-41
-59
-42
-23
0
19
34
38
4
-11
-12
-38
-35
-19
-8
13
9
-2
0
-33
-38
-38
-59
-44
-31
-28
-17
-22
-23
-7
-28
-38
-25
-24
-17
-15
-8
2
0
-7
-3
-17
-37
-31
-16
-15
-37
-35
-10
1
6
25
22
8
-5
-32
-52
-51
-57
-52
-40
-47
-31
-30
-47
-56
-73
-82
-74
-47
-28
-6
4
5
5
-18
-24
-27
-17
-2
-13
-19
-7
-4
-4
10
9
5
12
21
21
16
5
-5
1
1
22
42
60
64
57
40
6
10
25
55
65
62
64
47
38
28
22
9
-1
15
15
13
17
2
-9
-14
-36
-24
0
-6
-4
15
32
23
33
45
30
28
19
17
2
-23
-1
33
28
17
26
11
-1
-3
1
2
-14
-27
0
13
11
29
32
32
18
41
47
6
-13
-25
-36
-24
0
3
3
6
7
-4
-22
-19
-18
-7
22
29
34
26
-5
-18
-7
-15
-26
2
14
12
0
-7
-19
-18
-5
4
11
-7
-11
-22
-29
-39
-35
-5
2
-4
-3
2
6
23
42
49
45
56
80
87
72
51
39
15
-13
-33
-33
-34
-35
-15
-7
-20
-54
-68
-66
-83
-102
-88
-82
-88
-65
-29
-15
-25
-22
-20
-28
-31
-12
11
15
26
19
2
-17
-36
-48
-48
-38
-23
3
26
38
41
40
14
-1
5
-3
-11
-14
-4
-3
6
14
13
15
9
15
3
-25
-32
-10
10
6
10
23
26
11
-8
-20
-36
-45
-36
-21
-16
-6
12
10
-6
-33
-50
-45
-30
-8
20
42
39
29
13
-3
-14
-21
13
34
34
51
56
52
49
62
63
58
67
83
77
64
52
37
47
38
34
37
25
13
2
-15
-52
-72
-64
-38
-18
1
14
-11
-27
-31
-49
-84
-94
-85
-79
-46
-23
-22
-24
-19
-19
-13
3
1
14
45
60
48
49
50
50
58
63
63
51
45
59
62
48
46
49
54
47
38
23
-6
-27
-43
-42
-39
-40
-17
14
4
-15
-19
-44
-75
-80
-53
-41
-21
6
23
3
-22
-21
-36
-43
-44
-39
-17
12
26
26
10
-15
-18
-8
-4
-3
9
12
-4
-6
14
10
15
24
7
-1
0
-1
-8
-12
-12
1
10
5
0
-11
-25
-33
-19
1
7
8
3
-12
-17
-34
-51
-60
-65
-56
-45
-22
-33
-41
-31
-22
-13
-24
-22
-20
-20
-15
-18
-22
-22
-17
3
8
-3
20
35
38
47
41
17
11
25
26
30
27
17
7
0
8
14
16
17
14
14
9
1
-6
-6
-13
-19
-16
-17
-17
-19
-27
-21
-12
-19
-26
-29
-27
-16
1
19
5
-12
-13
-11
0
20
35
32
28
26
20
32
44
53
60
57
51
47
31
18
10
9
14
11
6
-4
-15
-21
-24
-21
-13
-4
-4
-13
-26
-25
-16
-24
-21
-10
12
34
43
39
25
21
20
27
33
31
36
41
32
2
-15
-20
-19
-18
-10
3
-3
3
12
13
-5
-11
-10
-17
1
16
20
21
18
1
-8
-8
-16
-2
27
38
40
39
20
5
7
14
15
14
3
-2
1
-5
-4
4
11
14
20
24
9
-1
-19
-38
-44
-48
-34
-27
-36
-49
-58
-68
-88
-88
-63
-44
-29
-18
-16
-40
-61
-78
-95
-91
-88
-76
-51
-20
-10
-15
-20
-20
2
23
43
69
81
80
73
77
82
68
65
76
73
59
50
52
33
10
-2
-18
-28
-33
-25
-23
-35
-39
-46
-45
-46
-47
-46
-59
-51
-54
-68
-83
-95
-102
-100
-73
-68
-77
-65
-59
-50
-22
-12
-17
-15
-4
15
37
52
75
103
110
108
110
110
105
108
110
92
84
76
64
52
45
41
35
26
6
-3
-4
-4
8
11
17
35
41
41
32
26
26
41
60
75
82
81
84
67
40
18
1
-4
-6
10
2
-25
-32
-44
-46
-22
-2
15
39
55
60
63
67
58
43
37
36
38
38
30
32
32
6
-11
-22
-39
-46
-31
-15
-14
-18
-24
-42
-66
-72
-73
-67
-56
-36
-15
5
13
20
11
-5
1
4
15
18
13
6
-5
-8
-14
-11
-9
-7
-24
-41
-54
-65
-54
-50
-44
-43
-48
-56
-52
-56
-67
-76
-77
-77
-73
-59
-57
-42
-35
-29
-21
-20
-7
-4
6
23
28
44
44
35
21
19
17
5
10
4
8
21
18
19
12
3
-22
-40
-34
-31
-10
16
27
24
15
9
-1
11
11
0
12
12
3
3
-5
-13
-11
-15
-20
-20
-15
-15
-15
1
-1
1
3
1
14
24
43
51
55
56
50
51
45
42
35
36
51
59
46
31
12
-19
-29
-30
-14
-13
-11
-14
-17
-23
-45
-46
-58
-49
-31
-18
-9
-17
-27
-47
-57
-65
-58
-41
-22
0
5
12
6
2
8
11
25
23
24
28
23
25
33
37
38
41
38
28
12
4
-5
-7
4
13
21
11
-9
-25
-42
-49
-55
-51
-44
-35
-25
-22
-17
-17
-23
-22
-23
-12
14
52
79
93
88
59
36
15
2
5
10
14
21
17
-4
-29
-46
-67
-80
-56
-37
-21
2
11
12
10
6
-13
-23
-28
-29
-11
8
15
12
9
-12
-29
-39
-49
-48
-38
-19
-9
6
14
7
-6
-9
-6
-6
2
2
9
21
16
15
7
-7
-15
-21
-30
-45
-51
-39
-17
8
32
49
53
31
1
-16
-29
-22
-4
13
15
5
-11
-33
-50
-65
-78
-70
-49
-25
-4
10
-2
-21
-38
-60
-61
-59
-41
-16
-6
-2
5
9
4
5
14
33
46
58
63
55
56
51
59
74
80
78
76
81
77
73
69
70
75
84
79
75
74
54
38
34
26
11
10
8
-11
-21
-35
-57
-66
-62
-63
-59
-42
-30
-24
-10
-1
-13
-8
5
16
33
37
36
27
21
19
18
9
9
23
39
44
29
9
-12
-23
-21
0
12
13
11
13
13
-10
-27
-50
-70
-75
-56
-36
-18
-16
-32
-51
-71
-76
-77
-59
-41
-34
-16
-3
-4
-4
-3
-9
-15
-7
-3
-8
5
8
-7
-9
1
-4
6
22
12
-1
-12
-17
-20
-8
-1
9
16
10
6
-10
-18
-20
-14
-1
6
12
15
19
16
7
-4
-4
-3
0
5
14
22
29
34
41
38
22
16
11
11
13
13
8
-2
-14
-16
-15
-9
2
18
28
20
16
0
-15
-17
-23
-23
-26
-24
-26
-34
-39
-49
-52
-45
-32
-29
-22
-21
-19
-13
-13
-11
-10
1
8
24
36
47
57
47
37
22
21
24
33
38
26
15
3
2
-3
2
4
-5
-18
-21
-12
-1
21
28
28
16
-3
-11
-24
-25
-26
-24
-11
4
16
16
17
5
-10
-11
-5
0
9
21
25
26
29
28
23
15
19
22
17
16
21
26
28
32
33
31
35
35
33
22
9
-2
3
6
26
53
52
46
30
8
-20
-28
-36
-42
-35
-22
-18
-16
-12
-30
-44
-50
-54
-37
-4
17
25
23
12
2
-14
-24
-28
-20
-10
1
15
11
6
1
0
-4
2
1
-7
-4
-21
-41
-48
-51
-39
-10
6
-1
-10
-14
-35
-35
-3
1
12
30
32
17
6
-5
-31
-37
-46
-31
-9
15
30
27
23
1
-5
-9
-15
-7
-6
-3
-1
-1
-5
-17
-26
-29
-31
-26
-6
5
-1
1
-2
-16
-18
-20
-15
-6
-1
11
19
21
13
17
23
18
21
19
14
5
6
2
-9
6
2
-6
5
11
14
16
14
10
11
0
-8
-5
-15
-23
-12
-16
-22
-7
4
10
14
14
10
10
15
9
4
10
12
8
5
13
13
9
3
7
10
11
28
37
39
41
29
19
8
1
-14
-20
-9
-2
-6
-7
-3
-1
0
9
18
8
5
13
14
10
21
26
10
11
7
-1
2
9
9
10
15
16
20
22
19
14
6
-4
-13
-8
-8
-12
-6
-5
-16
-12
-14
-33
-38
-41
-43
-41
-34
-13
-2
19
38
39
32
18
10
8
19
26
32
28
16
16
-1
-11
-11
-14
-28
-35
-32
-32
-24
-14
-4
-6
-1
-7
-15
-11
-10
-13
-16
-8
-15
-12
-9
-3
-3
-11
-11
-24
-25
-19
-15
-4
6
8
10
11
-2
-9
-12
-26
-9
7
14
23
38
38
27
25
8
-13
-17
-20
-24
-3
6
6
15
6
-6
-2
3
-10
-2
7
-7
-2
7
5
-3
-9
-16
-27
-24
-25
-30
-24
-25
-25
-31
-26
-13
0
15
11
12
10
5
15
33
41
32
34
37
30
25
31
26
13
17
16
11
7
4
-3
-1
-8
-18
-13
-18
-16
-12
-19
-28
-23
-21
-30
-30
-28
-35
-38
-34
-35
-39
-35
-27
-24
-4
10
14
17
17
13
8
11
16
36
45
44
56
46
32
26
23
14
10
20
25
32
36
36
34
22
13
3
1
3
3
4
7
4
2
2
0
-1
-10
-3
4
-2
-7
-3
0
-12
-15
-11
-17
-20
-10
1
-1
1
1
-8
-4
8
14
9
2
-15
-31
-32
-31
-27
-21
-18
-13
-8
-15
-16
-20
-27
-36
-41
-35
-36
-29
-11
-5
-7
-2
-2
-13
-16
-9
-6
-6
3
13
17
23
20
21
14
-11
-9
-14
-19
-14
3
18
24
25
18
12
11
3
-13
-15
-15
-13
1
18
29
23
2
-16
-16
-28
-31
-19
-6
3
1
12
14
-2
-6
-12
-18
-24
-22
-9
-3
5
12
14
6
-7
-6
-6
-1
0
0
-1
7
19
17
25
19
6
-1
4
7
11
24
23
26
30
23
16
9
-1
2
3
3
8
6
6
-1
-13
-22
-31
-40
-31
-20
-20
-16
-17
-17
-17
-19
-20
-19
-14
-9
-1
8
