2.359468e+062 -1.233091e+060 -3.196535e+060 -5.582110e+060 -8.012820e+060 -1.009377e+061 -1.147056e+061 -1.186638e+061 -1.113022e+061 -9.240313e+060 -6.318979e+060 1.145646e+059 
2.361777e+062 -5.059752e+059 -1.313641e+060 -2.297658e+060 -3.301688e+060 -4.167042e+060 -4.744274e+060 -4.915988e+060 -4.616358e+060 -3.837589e+060 -2.625570e+060 1.944504e+058 
2.363143e+062 -6.296333e+058 -1.663597e+059 -2.925427e+059 -4.235840e+059 -5.418977e+059 -6.244951e+059 -6.596355e+059 -6.338122e+059 -5.371242e+059 -3.762682e+059 3.374718e+056 
2.363257e+062 -3.813150e+058 -1.014099e+059 -1.792005e+059 -2.640720e+059 -3.389459e+059 -3.947820e+059 -4.215208e+059 -4.059590e+059 -3.480729e+059 -2.473191e+059 1.335208e+056 
2.363253e+062 -3.934402e+058 -1.040380e+059 -1.852981e+059 -2.728342e+059 -3.510077e+059 -4.093084e+059 -4.342198e+059 -4.221325e+059 -3.618686e+059 -2.558389e+059 1.428296e+056 
2.363250e+062 -3.778722e+058 -1.010325e+059 -1.777083e+059 -2.631809e+059 -3.363923e+059 -3.920306e+059 -4.180407e+059 -4.029440e+059 -3.470273e+059 -2.456674e+059 1.318086e+056 
2.363247e+062 -3.674220e+058 -1.014701e+059 -1.783399e+059 -2.619231e+059 -3.402680e+059 -3.947601e+059 -4.218839e+059 -4.086332e+059 -3.498601e+059 -2.486398e+059 1.330563e+056 
2.363265e+062 -3.790206e+058 -1.000502e+059 -1.789078e+059 -2.630445e+059 -3.373590e+059 -3.941137e+059 -4.201289e+059 -4.071162e+059 -3.493492e+059 -2.467931e+059 1.327456e+056 
2.363251e+062 -3.761258e+058 -1.005284e+059 -1.790116e+059 -2.619172e+059 -3.392132e+059 -3.969480e+059 -4.211360e+059 -4.087737e+059 -3.493890e+059 -2.480410e+059 1.333019e+056 
2.363252e+062 -3.665188e+058 -9.777408e+058 -1.748861e+059 -2.563185e+059 -3.314316e+059 -3.880886e+059 -4.118148e+059 -4.007967e+059 -3.423345e+059 -2.440698e+059 1.274724e+056 
2.361888e+062 -2.771773e+059 -7.231633e+059 -1.261142e+060 -1.815854e+060 -2.290179e+060 -2.611396e+060 -2.715509e+060 -2.555596e+060 -2.135981e+060 -1.468194e+060 5.907555e+057 
2.349251e+062 -4.223895e+060 -1.085431e+061 -1.850959e+061 -2.594311e+061 -3.169667e+061 -3.462891e+061 -3.420697e+061 -3.030873e+061 -2.350256e+061 -1.482098e+061 1.060273e+060 
2.340682e+062 -3.674279e+060 -1.115003e+061 -1.852906e+061 -2.648403e+061 -3.376575e+061 -3.661166e+061 -3.587213e+061 -3.216311e+061 -2.522393e+061 -1.611365e+061 1.142129e+060 
2.270071e+062 8.405446e+060 -1.912096e+057 4.217417e+060 5.027600e+060 -6.277501e+060 -8.507274e+060 -1.761915e+060 -6.203924e+060 -1.265605e+061 -5.252499e+060 -8.266859e+058 
2.043613e+062 3.939958e+061 1.093864e+061 4.341792e+061 8.850946e+061 3.813920e+061 4.295359e+061 7.446688e+061 4.466644e+061 2.498294e+061 2.344013e+061 4.946026e+060 
2.103703e+062 2.931100e+061 1.367232e+061 2.749377e+061 6.664536e+061 4.686699e+061 2.483359e+061 4.115625e+061 3.779876e+061 1.353404e+061 1.090543e+061 2.157902e+060 
2.286989e+062 -3.771570e+060 -6.494270e+060 3.154772e+060 4.896427e+060 -5.800468e+060 -1.824968e+061 -3.276687e+061 -3.308379e+061 -2.319979e+061 -1.290267e+061 1.372766e+059 
2.318638e+062 -3.581473e+060 -2.950068e+060 1.804071e+060 -1.933236e+060 -1.657274e+061 -2.836722e+061 -3.209283e+061 -2.504671e+061 -1.367265e+061 -7.856680e+060 1.994002e+059 
2.327464e+062 -4.216236e+060 -5.875402e+060 -5.512652e+060 -1.014102e+061 -2.212282e+061 -3.344118e+061 -3.723891e+061 -3.111327e+061 -2.052552e+061 -1.217813e+061 5.465207e+059 
2.325010e+062 -5.484048e+060 -8.393838e+060 -8.838554e+060 -1.417663e+061 -2.683039e+061 -3.971541e+061 -4.474110e+061 -3.798275e+061 -2.552258e+061 -1.456185e+061 8.948878e+059 
2.341267e+062 -4.883272e+060 -1.097543e+061 -1.692546e+061 -2.389444e+061 -3.174806e+061 -3.789889e+061 -3.992398e+061 -3.587050e+061 -2.725258e+061 -1.693902e+061 1.196517e+060 
2.339455e+062 -4.792380e+060 -9.836975e+060 -1.447918e+061 -2.039762e+061 -2.816707e+061 -3.507546e+061 -3.730980e+061 -3.306271e+061 -2.426656e+061 -1.444662e+061 9.641378e+059 
2.340023e+062 -4.589801e+060 -9.397785e+060 -1.447767e+061 -2.174395e+061 -3.013795e+061 -3.644096e+061 -3.722331e+061 -3.263439e+061 -2.491631e+061 -1.592100e+061 1.006998e+060 
2.343823e+062 -5.853409e+060 -1.474931e+061 -2.499109e+061 -3.481024e+061 -4.248544e+061 -4.649788e+061 -4.585918e+061 -4.045544e+061 -3.113462e+061 -1.945851e+061 1.936432e+060 
2.341713e+062 -6.571704e+060 -1.660727e+061 -2.804590e+061 -3.866240e+061 -4.643597e+061 -4.986557e+061 -4.822760e+061 -4.173232e+061 -3.148944e+061 -1.925200e+061 2.254541e+060 
2.338797e+062 -7.403387e+060 -1.859977e+061 -3.109319e+061 -4.224128e+061 -4.976070e+061 -5.220777e+061 -4.920232e+061 -4.138141e+061 -3.025556e+061 -1.785563e+061 2.502205e+060 
2.339253e+062 -7.307733e+060 -1.839384e+061 -3.079019e+061 -4.186006e+061 -4.933207e+061 -5.175516e+061 -4.874996e+061 -4.098236e+061 -2.996827e+061 -1.769642e+061 2.452973e+060 
2.342127e+062 -6.279466e+060 -1.558104e+061 -2.579270e+061 -3.485675e+061 -4.105780e+061 -4.321399e+061 -4.087798e+061 -3.449500e+061 -2.533566e+061 -1.510136e+061 1.713265e+060 
2.351619e+062 -3.456004e+060 -8.606511e+060 -1.426118e+061 -1.920545e+061 -2.245407e+061 -2.342566e+061 -2.201422e+061 -1.856306e+061 -1.373488e+061 -8.321359e+060 4.981524e+059 
2.357002e+062 -1.917290e+060 -4.824799e+060 -8.114108e+060 -1.114716e+061 -1.338399e+061 -1.447100e+061 -1.426771e+061 -1.281267e+061 -1.026754e+061 -6.850339e+060 1.931054e+059 
2.357165e+062 -1.864107e+060 -4.782663e+060 -8.233878e+060 -1.161378e+061 -1.433128e+061 -1.590371e+061 -1.602381e+061 -1.460102e+061 -1.175046e+061 -7.773048e+060 2.227236e+059 
2.360782e+062 -7.899510e+059 -2.042099e+060 -3.551607e+060 -5.071142e+060 -6.351555e+060 -7.171017e+060 -7.368823e+060 -6.862829e+060 -5.656561e+060 -3.841382e+060 4.477873e+058 
2.362705e+062 -2.140501e+059 -5.420441e+059 -9.153340e+059 -1.263242e+060 -1.522833e+060 -1.643349e+060 -1.613883e+060 -1.436698e+060 -1.132594e+060 -7.408264e+059 2.406934e+057 
2.363239e+062 -4.518464e+058 -1.211546e+059 -2.127161e+059 -3.108813e+059 -3.990353e+059 -4.602235e+059 -4.855766e+059 -4.662397e+059 -3.971827e+059 -2.799747e+059 1.817307e+056 
2.363250e+062 -3.817397e+058 -1.011263e+059 -1.801185e+059 -2.664205e+059 -3.426946e+059 -3.979262e+059 -4.235512e+059 -4.080225e+059 -3.515971e+059 -2.487574e+059 1.351623e+056 
2.363256e+062 -3.736446e+058 -1.003827e+059 -1.800486e+059 -2.617430e+059 -3.378380e+059 -3.957015e+059 -4.205973e+059 -4.068513e+059 -3.500910e+059 -2.479269e+059 1.329254e+056 
2.363265e+062 -3.761637e+058 -9.986216e+058 -1.787124e+059 -2.617358e+059 -3.380888e+059 -3.939800e+059 -4.197774e+059 -4.059120e+059 -3.478086e+059 -2.468845e+059 1.322379e+056 
2.363260e+062 -3.716127e+058 -9.769030e+058 -1.748326e+059 -2.586306e+059 -3.324171e+059 -3.882217e+059 -4.121273e+059 -3.990508e+059 -3.427164e+059 -2.434256e+059 1.279342e+056 
2.363262e+062 -3.582975e+058 -9.731409e+058 -1.736463e+059 -2.556822e+059 -3.286766e+059 -3.851834e+059 -4.117622e+059 -3.964652e+059 -3.409129e+059 -2.416931e+059 1.256875e+056 
2.363263e+062 -3.546030e+058 -9.724290e+058 -1.737023e+059 -2.550793e+059 -3.309394e+059 -3.858594e+059 -4.122235e+059 -3.974728e+059 -3.412640e+059 -2.427180e+059 1.259035e+056 
2.362881e+062 -5.974194e+057 8.937691e+057 -5.075235e+058 -2.187597e+059 -3.609938e+059 -3.440875e+059 -2.502186e+059 -2.587538e+059 -3.155498e+059 -2.534924e+059 5.189260e+055 
2.270673e+062 1.365430e+061 6.696862e+060 1.084243e+061 3.079900e+061 2.006463e+061 1.236739e+061 2.560603e+061 2.237777e+061 1.080759e+061 7.953468e+060 6.247626e+059 
