2.363036e+062 -1.083723e+059 -2.769482e+059 -4.736749e+059 -6.643229e+059 -8.164744e+059 -9.014056e+059 -9.075908e+059 -8.302692e+059 -6.736657e+059 -4.534588e+059 7.193895e+056 
2.363275e+062 -4.111218e+058 -1.086686e+059 -1.918214e+059 -2.807752e+059 -3.606399e+059 -4.183597e+059 -4.436498e+059 -4.276954e+059 -3.656263e+059 -2.584599e+059 1.502315e+056 
2.363280e+062 -3.830317e+058 -1.007183e+059 -1.790532e+059 -2.628452e+059 -3.382905e+059 -3.939151e+059 -4.190899e+059 -4.046385e+059 -3.475924e+059 -2.460648e+059 1.327384e+056 
2.363278e+062 -3.791879e+058 -1.003318e+059 -1.785495e+059 -2.605407e+059 -3.358809e+059 -3.920521e+059 -4.169531e+059 -4.032228e+059 -3.460860e+059 -2.449694e+059 1.313019e+056 
2.363284e+062 -3.797236e+058 -1.000771e+059 -1.781740e+059 -2.609829e+059 -3.364370e+059 -3.917894e+059 -4.169549e+059 -4.028756e+059 -3.454842e+059 -2.448022e+059 1.312161e+056 
2.363282e+062 -3.786007e+058 -9.950014e+058 -1.769725e+059 -2.600004e+059 -3.345201e+059 -3.899002e+059 -4.143947e+059 -4.008653e+059 -3.439478e+059 -2.438394e+059 1.298939e+056 
2.363281e+062 -3.742792e+058 -9.931743e+058 -1.763097e+059 -2.587662e+059 -3.326875e+059 -3.884169e+059 -4.139962e+059 -3.995689e+059 -3.430816e+059 -2.429391e+059 1.288757e+056 
2.363282e+062 -3.741333e+058 -9.939843e+058 -1.767258e+059 -2.588805e+059 -3.343280e+059 -3.894478e+059 -4.148564e+059 -4.007362e+059 -3.436006e+059 -2.436486e+059 1.294323e+056 
2.363175e+062 -2.936477e+058 -6.869027e+058 -1.405348e+059 -2.492645e+059 -3.429794e+059 -3.774716e+059 -3.686886e+059 -3.601892e+059 -3.356049e+059 -2.468169e+059 1.061532e+056 
2.330565e+062 4.867869e+060 2.234125e+060 3.771921e+060 1.074917e+061 6.335296e+060 3.797899e+060 8.746841e+060 7.040052e+060 3.089961e+060 2.489334e+060 6.974508e+058 
2.252773e+062 1.306525e+061 1.494344e+061 2.362365e+061 2.384794e+061 1.373676e+061 2.393927e+061 3.350264e+061 2.698654e+061 1.507351e+061 6.528806e+060 8.476743e+059 
1.869736e+062 5.916394e+061 2.550128e+061 9.405807e+061 1.508233e+062 9.591393e+061 1.539440e+062 1.734831e+062 1.364330e+062 1.355762e+062 9.072292e+061 2.797470e+061 
2.130470e+062 2.586794e+061 1.182909e+061 3.392158e+061 5.245342e+061 1.237365e+061 2.320738e+061 4.387244e+061 2.350673e+061 1.311980e+061 5.652450e+060 1.381601e+060 
2.288448e+062 3.467181e+060 -5.426437e+059 3.646688e+059 2.913937e+060 -1.222644e+061 -1.817630e+061 -1.214570e+061 -1.464120e+061 -1.583321e+061 -8.956847e+060 -9.450902e+057 
2.317759e+062 -1.944991e+060 -4.797181e+060 -3.604914e+060 -4.071437e+060 -1.547092e+061 -2.618250e+061 -2.896673e+061 -2.470589e+061 -1.691305e+061 -9.941485e+060 2.643625e+059 
2.311612e+062 -5.698076e+060 -5.247390e+060 8.409087e+059 1.197808e+060 -1.155350e+061 -3.011473e+061 -4.020829e+061 -3.548637e+061 -2.291807e+061 -1.120369e+061 2.681985e+059 
2.330155e+062 -4.834523e+060 -8.218806e+060 -9.463614e+060 -1.453254e+061 -2.563801e+061 -3.595293e+061 -4.018114e+061 -3.511712e+061 -2.424940e+061 -1.426037e+061 8.080478e+059 
2.340692e+062 -4.581309e+060 -9.472362e+060 -1.388171e+061 -1.999443e+061 -2.819292e+061 -3.530968e+061 -3.786410e+061 -3.385900e+061 -2.520492e+061 -1.546370e+061 9.624685e+059 
2.345133e+062 -4.565226e+060 -1.059241e+061 -1.709819e+061 -2.411169e+061 -3.120772e+061 -3.649639e+061 -3.781716e+061 -3.417068e+061 -2.650287e+061 -1.678125e+061 1.131439e+060 
2.350936e+062 -3.451341e+060 -8.462163e+060 -1.415603e+061 -1.998675e+061 -2.521259e+061 -2.867744e+061 -2.932921e+061 -2.666183e+061 -2.108971e+061 -1.364043e+061 7.145508e+059 
2.334434e+062 -4.894288e+060 -8.597516e+060 -1.210784e+061 -1.832686e+061 -2.675107e+061 -3.353872e+061 -3.542292e+061 -3.196315e+061 -2.480322e+061 -1.594552e+061 8.701018e+059 
2.343587e+062 -5.668665e+060 -1.394338e+061 -2.324848e+061 -3.218416e+061 -3.934500e+061 -4.334048e+061 -4.316304e+061 -3.853682e+061 -3.004002e+061 -1.899789e+061 1.713854e+060 
2.343008e+062 -6.128465e+060 -1.545372e+061 -2.608684e+061 -3.602384e+061 -4.345137e+061 -4.698162e+061 -4.587280e+061 -4.016852e+061 -3.072773e+061 -1.906820e+061 2.007783e+060 
2.343136e+062 -6.060419e+060 -1.526203e+061 -2.567623e+061 -3.526014e+061 -4.217607e+061 -4.507531e+061 -4.335864e+061 -3.728824e+061 -2.795380e+061 -1.698363e+061 1.837917e+060 
2.341500e+062 -6.631354e+060 -1.670849e+061 -2.801432e+061 -3.816305e+061 -4.508123e+061 -4.742089e+061 -4.479723e+061 -3.777342e+061 -2.769949e+061 -1.638824e+061 2.043789e+060 
2.343713e+062 -5.806045e+060 -1.436643e+061 -2.375890e+061 -3.215123e+061 -3.799838e+061 -4.016209e+061 -3.812632e+061 -3.222920e+061 -2.365688e+061 -1.406076e+061 1.467728e+060 
2.348404e+062 -4.236713e+060 -1.023146e+061 -1.646757e+061 -2.166810e+061 -2.489233e+061 -2.553656e+061 -2.343149e+061 -1.901376e+061 -1.329580e+061 -7.497956e+060 5.927420e+059 
2.355793e+062 -2.197169e+060 -5.448830e+060 -9.058849e+060 -1.236246e+061 -1.479296e+061 -1.591526e+061 -1.549413e+061 -1.357407e+061 -1.047145e+061 -6.656532e+060 2.288345e+059 
2.358954e+062 -1.357875e+060 -3.444565e+060 -5.854434e+060 -8.144921e+060 -9.920159e+060 -1.088867e+061 -1.089336e+061 -9.909832e+060 -8.020830e+060 -5.382904e+060 1.071766e+059 
2.360769e+062 -8.531017e+059 -2.216303e+060 -3.882465e+060 -5.596048e+060 -7.084755e+060 -8.095422e+060 -8.427805e+060 -7.958652e+060 -6.657167e+060 -4.589254e+060 5.683038e+058 
2.361189e+062 -6.992324e+059 -1.814654e+060 -3.174928e+060 -4.568202e+060 -5.771462e+060 -6.579872e+060 -6.833406e+060 -6.438019e+060 -5.373165e+060 -3.696283e+060 3.754864e+058 
2.362306e+062 -3.173301e+059 -8.274380e+059 -1.454500e+060 -2.103975e+060 -2.674966e+060 -3.071556e+060 -3.214733e+060 -3.053274e+060 -2.569547e+060 -1.783180e+060 8.133789e+057 
2.363116e+062 -6.843910e+058 -1.795435e+059 -3.179144e+059 -4.632871e+059 -5.939222e+059 -6.888062e+059 -7.278830e+059 -6.992545e+059 -5.949857e+059 -4.179570e+059 4.062427e+056 
2.363274e+062 -3.743229e+058 -1.000160e+059 -1.783173e+059 -2.599542e+059 -3.360732e+059 -3.921510e+059 -4.165596e+059 -4.030769e+059 -3.459674e+059 -2.448622e+059 1.308749e+056 
2.363278e+062 -3.803068e+058 -1.001239e+059 -1.780270e+059 -2.608284e+059 -3.360175e+059 -3.919777e+059 -4.175227e+059 -4.037129e+059 -3.459575e+059 -2.450245e+059 1.313348e+056 
2.363279e+062 -3.753616e+058 -9.930024e+058 -1.766981e+059 -2.588497e+059 -3.338095e+059 -3.887975e+059 -4.142236e+059 -4.000669e+059 -3.434797e+059 -2.431938e+059 1.292231e+056 
2.363282e+062 -3.784172e+058 -1.003686e+059 -1.778763e+059 -2.610483e+059 -3.367235e+059 -3.923422e+059 -4.176624e+059 -4.035308e+059 -3.461897e+059 -2.454501e+059 1.314492e+056 
2.363281e+062 -3.761480e+058 -9.964922e+058 -1.771943e+059 -2.594590e+059 -3.344525e+059 -3.896401e+059 -4.151250e+059 -4.016777e+059 -3.446614e+059 -2.439077e+059 1.299224e+056 
2.363276e+062 -3.733638e+058 -9.867883e+058 -1.755778e+059 -2.581484e+059 -3.328800e+059 -3.874053e+059 -4.117561e+059 -3.988035e+059 -3.425222e+059 -2.428699e+059 1.281808e+056 
2.357568e+062 8.652459e+059 4.766068e+059 1.819582e+059 1.571242e+060 1.392638e+060 6.623485e+058 6.924648e+059 1.414949e+060 2.444220e+059 -8.980530e+058 3.617897e+056 
2.261291e+062 1.313464e+061 1.090283e+061 1.862155e+061 2.758422e+061 1.630348e+061 1.853971e+061 2.882398e+061 2.638448e+061 1.406475e+061 6.519040e+060 7.412739e+059 
