2.363288e+062 -3.823388e+058 -1.002340e+059 -1.778215e+059 -2.598154e+059 -3.345005e+059 -3.895392e+059 -4.144427e+059 -4.004426e+059 -3.433439e+059 -2.429978e+059 1.301846e+056 
2.363278e+062 -3.775292e+058 -9.960602e+058 -1.777850e+059 -2.600655e+059 -3.335261e+059 -3.893869e+059 -4.156544e+059 -4.014793e+059 -3.435108e+059 -2.433862e+059 1.299409e+056 
2.363205e+062 -3.530062e+058 -9.202316e+058 -1.647216e+059 -2.485035e+059 -3.179290e+059 -3.785675e+059 -4.007425e+059 -3.865917e+059 -3.293912e+059 -2.349241e+059 1.179525e+056 
2.362581e+062 2.763331e+058 2.761132e+058 -6.759304e+058 -2.013706e+059 -1.089004e+059 -1.802491e+059 -3.041702e+059 -2.990750e+059 -2.171886e+059 -1.449363e+059 1.851083e+055 
2.361019e+062 1.319540e+059 2.588975e+059 2.525801e+059 1.433431e+059 2.799616e+059 9.655894e+058 3.625516e+058 3.136207e+058 9.431416e+058 7.163706e+058 4.503501e+055 
2.356790e+062 4.208346e+059 7.487655e+059 1.562225e+060 1.095303e+060 1.330862e+060 7.830341e+059 5.775810e+059 7.168143e+059 6.517706e+059 6.358633e+059 1.689584e+057 
2.354059e+062 5.758854e+059 1.341968e+060 2.339497e+060 1.670682e+060 1.545112e+060 1.083028e+060 1.361019e+060 1.889290e+060 1.480896e+060 7.384254e+059 4.883370e+057 
2.353036e+062 7.873185e+059 1.123535e+060 2.255011e+060 2.086426e+060 1.673209e+060 1.309428e+060 2.136780e+060 2.215950e+060 1.123568e+060 7.676620e+059 5.695452e+057 
2.350467e+062 9.363517e+059 1.547669e+060 3.208559e+060 2.164159e+060 2.840753e+060 1.896311e+060 2.040287e+060 2.138246e+060 1.411564e+060 1.563249e+060 9.396294e+057 
2.337273e+062 1.193079e+060 2.265466e+060 5.541921e+060 5.546130e+060 5.433024e+060 5.910957e+060 7.709657e+060 6.103384e+060 3.732301e+060 1.971994e+060 4.317500e+058 
2.339666e+062 6.027482e+059 1.328515e+060 3.363362e+060 2.507224e+060 6.116046e+060 8.142480e+060 6.978496e+060 6.109619e+060 3.833154e+060 2.417926e+060 3.139236e+058 
2.340222e+062 -5.016661e+058 2.229896e+060 6.031159e+060 5.749577e+060 4.210882e+060 3.022344e+060 4.325532e+060 6.347768e+060 5.356205e+060 2.762146e+060 3.286735e+058 
2.356710e+062 -3.069645e+059 -3.069181e+059 3.024849e+059 8.795619e+059 2.220148e+060 2.813007e+060 2.629014e+060 1.691303e+060 8.376484e+059 2.817226e+059 2.055919e+057 
2.348110e+062 -3.933479e+060 -9.194131e+060 -1.430056e+061 -1.810305e+061 -1.948218e+061 -1.848696e+061 -1.576326e+061 -1.217692e+061 -8.447564e+060 -4.839174e+060 3.363280e+059 
2.274698e+062 -2.275175e+061 -4.944561e+061 -6.773205e+061 -6.999512e+061 -5.521803e+061 -3.086574e+061 -8.071699e+060 5.627074e+060 9.004598e+060 5.854414e+060 3.797693e+059 
2.297519e+062 -1.681314e+061 -3.743898e+061 -5.414139e+061 -6.271134e+061 -6.093489e+061 -5.162719e+061 -3.901948e+061 -2.648488e+061 -1.595255e+061 -7.340848e+060 3.214709e+060 
2.293290e+062 -1.552711e+061 -3.069780e+061 -3.722801e+061 -3.512538e+061 -2.624058e+061 -1.797220e+061 -1.382577e+061 -1.321470e+061 -1.390000e+061 -1.107473e+061 1.189685e+060 
2.320919e+062 -7.064786e+060 -1.255112e+061 -1.574701e+061 -2.061097e+061 -2.547850e+061 -2.904400e+061 -2.780287e+061 -2.014487e+061 -1.096004e+061 -4.257826e+060 6.538799e+059 
2.325029e+062 -3.776879e+060 -2.234197e+060 1.335799e+060 -1.550445e+060 -1.066420e+061 -2.049289e+061 -2.269916e+061 -1.589974e+061 -6.970253e+060 -2.033604e+060 8.188374e+058 
2.327317e+062 -3.020988e+060 -9.334295e+059 2.509469e+060 -4.325879e+059 -8.717725e+060 -1.787073e+061 -2.130861e+061 -1.702926e+061 -9.610573e+060 -4.336254e+060 5.550901e+058 
2.342788e+062 -2.037132e+060 -2.147944e+060 -1.745789e+060 -5.366010e+060 -1.033412e+061 -1.545107e+061 -1.648852e+061 -1.313358e+061 -8.937886e+060 -4.947961e+060 1.061205e+059 
2.354330e+062 -1.507841e+060 -2.697592e+060 -3.533342e+060 -5.323439e+060 -7.883378e+060 -1.077731e+061 -1.207652e+061 -1.091981e+061 -8.178913e+060 -4.857396e+060 8.311713e+058 
2.360996e+062 -5.554118e+059 -1.278557e+060 -2.038754e+060 -2.943007e+060 -3.848887e+060 -4.687648e+060 -5.064545e+060 -4.778086e+060 -3.881962e+060 -2.542542e+060 1.841411e+058 
2.362858e+062 -1.118941e+059 -2.891006e+059 -4.908330e+059 -7.434177e+059 -9.261292e+059 -1.094924e+060 -1.151211e+060 -1.091007e+060 -9.275860e+059 -6.288985e+059 1.008257e+057 
2.363242e+062 -4.481040e+058 -1.185321e+059 -2.070934e+059 -3.058724e+059 -3.915547e+059 -4.557694e+059 -4.845461e+059 -4.675814e+059 -3.996963e+059 -2.806023e+059 1.781346e+056 
2.363274e+062 -3.734706e+058 -1.000940e+059 -1.771003e+059 -2.598815e+059 -3.341106e+059 -3.910391e+059 -4.151122e+059 -4.013721e+059 -3.445285e+059 -2.434071e+059 1.299562e+056 
2.363278e+062 -3.769915e+058 -9.950825e+058 -1.772525e+059 -2.591176e+059 -3.340311e+059 -3.913860e+059 -4.144124e+059 -4.013841e+059 -3.438562e+059 -2.437381e+059 1.298617e+056 
2.363280e+062 -3.779777e+058 -1.003644e+059 -1.773035e+059 -2.614402e+059 -3.362508e+059 -3.931860e+059 -4.173171e+059 -4.041433e+059 -3.464108e+059 -2.454099e+059 1.314378e+056 
2.363280e+062 -3.740938e+058 -9.919451e+058 -1.761929e+059 -2.591412e+059 -3.324493e+059 -3.885318e+059 -4.126453e+059 -3.993075e+059 -3.424921e+059 -2.424606e+059 1.286625e+056 
2.363273e+062 -3.939174e+058 -1.022366e+059 -1.769752e+059 -2.552524e+059 -3.266830e+059 -3.803623e+059 -4.075764e+059 -3.977576e+059 -3.446690e+059 -2.451668e+059 1.285912e+056 
2.363274e+062 -3.836472e+058 -9.958735e+058 -1.749024e+059 -2.558114e+059 -3.277812e+059 -3.827337e+059 -4.079520e+059 -3.964431e+059 -3.418001e+059 -2.426506e+059 1.271184e+056 
2.363133e+062 -5.871499e+058 -1.252038e+059 -1.725674e+059 -2.037834e+059 -2.249931e+059 -2.654394e+059 -3.113715e+059 -3.475952e+059 -3.372661e+059 -2.564545e+059 1.119750e+056 
2.363228e+062 -4.023007e+058 -1.010023e+059 -1.684563e+059 -2.415798e+059 -3.059356e+059 -3.606808e+059 -3.900135e+059 -3.867685e+059 -3.372454e+059 -2.412182e+059 1.196812e+056 
2.363245e+062 -3.977664e+058 -1.002814e+059 -1.722943e+059 -2.507276e+059 -3.189994e+059 -3.752981e+059 -4.002896e+059 -3.917890e+059 -3.401361e+059 -2.433885e+059 1.246118e+056 
