2.363278e+062 -3.777683e+058 -1.000296e+059 -1.774921e+059 -2.588080e+059 -3.326443e+059 -3.875077e+059 -4.107679e+059 -3.974695e+059 -3.405439e+059 -2.405140e+059 1.285861e+056 
2.363279e+062 -3.816962e+058 -1.005084e+059 -1.780133e+059 -2.598887e+059 -3.349321e+059 -3.903418e+059 -4.149555e+059 -4.013064e+059 -3.447714e+059 -2.441113e+059 1.306368e+056 
2.363275e+062 -3.888320e+058 -1.017750e+059 -1.797491e+059 -2.623800e+059 -3.359573e+059 -3.906666e+059 -4.146384e+059 -4.011043e+059 -3.439227e+059 -2.436776e+059 1.318126e+056 
2.363067e+062 -9.160404e+058 -2.238228e+059 -3.635578e+059 -4.848433e+059 -5.623662e+059 -5.891541e+059 -5.606947e+059 -4.840542e+059 -3.723152e+059 -2.360388e+059 3.221659e+056 
2.362169e+062 -3.391096e+059 -8.044657e+059 -1.250983e+060 -1.567184e+060 -1.681581e+060 -1.582110e+060 -1.300314e+060 -9.174666e+059 -5.202045e+059 -2.005913e+059 2.085569e+057 
2.361151e+062 -6.063583e+059 -1.410404e+060 -2.147118e+060 -2.623963e+060 -2.734469e+060 -2.469207e+060 -1.925281e+060 -1.252325e+060 -6.085890e+059 -1.417375e+059 4.891615e+057 
2.361948e+062 -3.100482e+059 -6.199111e+059 -8.010856e+059 -8.675121e+059 -8.660822e+059 -8.216713e+059 -7.035702e+059 -5.134251e+059 -2.753121e+059 -8.235959e+058 6.696644e+056 
2.362702e+062 -1.413469e+059 -3.013975e+059 -4.293058e+059 -5.291776e+059 -5.854715e+059 -5.840329e+059 -5.331726e+059 -4.493325e+059 -3.380991e+059 -2.108624e+059 3.620041e+056 
2.362112e+062 -2.993697e+059 -6.500345e+059 -9.042897e+059 -1.013766e+060 -9.850830e+059 -8.339247e+059 -6.116713e+059 -3.782445e+059 -1.695892e+059 -3.561739e+058 6.047053e+056 
2.362669e+062 -1.722481e+059 -3.946258e+059 -5.883278e+059 -7.307688e+059 -8.087632e+059 -8.018182e+059 -7.266000e+059 -6.045499e+059 -4.373638e+059 -2.628469e+059 6.469369e+056 
2.361714e+062 -4.417663e+059 -1.026370e+060 -1.591736e+060 -2.026060e+060 -2.215077e+060 -2.136277e+060 -1.822512e+060 -1.373981e+060 -9.064905e+059 -4.937618e+059 4.093607e+057 
2.360053e+062 -1.002283e+060 -2.572458e+060 -4.434886e+060 -6.311962e+060 -7.905842e+060 -8.949169e+060 -9.238547e+060 -8.669170e+060 -7.210769e+060 -4.944693e+060 7.083185e+058 
2.353618e+062 -2.820097e+060 -7.217418e+060 -1.230140e+061 -1.732934e+061 -2.155355e+061 -2.393253e+061 -2.407472e+061 -2.186528e+061 -1.737893e+061 -1.133741e+061 5.029062e+059 
2.353081e+062 -3.097117e+060 -7.899647e+060 -1.352346e+061 -1.903915e+061 -2.353019e+061 -2.613357e+061 -2.632277e+061 -2.391873e+061 -1.911045e+061 -1.250840e+061 6.051369e+059 
2.353225e+062 -3.115260e+060 -7.985427e+060 -1.373719e+061 -1.939702e+061 -2.399492e+061 -2.668383e+061 -2.691084e+061 -2.449300e+061 -1.962012e+061 -1.287254e+061 6.292572e+059 
2.356002e+062 -2.260465e+060 -5.800209e+060 -9.998506e+060 -1.414395e+061 -1.752099e+061 -1.952386e+061 -1.974883e+061 -1.804721e+061 -1.453879e+061 -9.603833e+060 3.352218e+059 
2.360749e+062 -6.573688e+059 -1.587714e+060 -2.591008e+060 -3.521064e+060 -4.236379e+060 -4.611185e+060 -4.560427e+060 -4.091918e+060 -3.261311e+060 -2.164465e+060 1.963271e+058 
2.360178e+062 -8.981621e+059 -2.197157e+060 -3.632894e+060 -4.969857e+060 -5.971891e+060 -6.440914e+060 -6.284962e+060 -5.540802e+060 -4.333415e+060 -2.814418e+060 3.736992e+058 
2.360481e+062 -8.649036e+059 -2.181780e+060 -3.740443e+060 -5.311918e+060 -6.628944e+060 -7.427740e+060 -7.524309e+060 -6.887159e+060 -5.571237e+060 -3.714216e+060 4.773650e+058 
2.360586e+062 -5.329656e+059 -1.082415e+060 -1.604116e+060 -2.229221e+060 -2.827151e+060 -3.136265e+060 -2.945970e+060 -2.331485e+060 -1.620945e+060 -1.001186e+060 7.672137e+057 
2.341934e+062 -1.881406e+060 -4.275423e+060 -6.533938e+060 -1.139577e+061 -1.690447e+061 -2.244769e+061 -2.222064e+061 -1.783100e+061 -1.457429e+061 -9.292056e+060 2.892722e+059 
2.344286e+062 -4.040373e+060 -9.694286e+060 -1.647200e+061 -2.479430e+061 -3.208114e+061 -3.692348e+061 -3.712392e+061 -3.266854e+061 -2.586674e+061 -1.688787e+061 1.088619e+060 
2.345322e+062 -4.042563e+060 -1.002786e+061 -1.718933e+061 -2.533123e+061 -3.231294e+061 -3.693074e+061 -3.731318e+061 -3.320017e+061 -2.645970e+061 -1.727013e+061 1.124434e+060 
2.345762e+062 -3.903842e+060 -9.600703e+060 -1.640132e+061 -2.422478e+061 -3.088143e+061 -3.530977e+061 -3.567673e+061 -3.179550e+061 -2.532596e+061 -1.647669e+061 1.027844e+060 
2.346044e+062 -3.654764e+060 -8.976032e+060 -1.508466e+061 -2.226016e+061 -2.868057e+061 -3.336941e+061 -3.374365e+061 -2.997443e+061 -2.393540e+061 -1.545176e+061 8.969383e+059 
2.348425e+062 -3.464475e+060 -8.598912e+060 -1.474570e+061 -2.150616e+061 -2.742941e+061 -3.136622e+061 -3.147796e+061 -2.799690e+061 -2.229114e+061 -1.457123e+061 8.064534e+059 
2.350981e+062 -2.871150e+060 -7.048867e+060 -1.171917e+061 -1.737598e+061 -2.202709e+061 -2.560501e+061 -2.601861e+061 -2.330215e+061 -1.862773e+061 -1.204011e+061 5.358356e+059 
2.356644e+062 -1.780362e+060 -4.624131e+060 -7.911669e+060 -1.152549e+061 -1.431769e+061 -1.626985e+061 -1.658355e+061 -1.518340e+061 -1.245841e+061 -8.286850e+060 2.267094e+059 
2.360828e+062 -5.613936e+059 -1.517758e+060 -2.588732e+060 -3.866742e+060 -4.862256e+060 -5.675542e+060 -5.910460e+060 -5.509123e+060 -4.714761e+060 -3.227592e+060 2.700971e+058 
2.361960e+062 -3.499936e+059 -9.196021e+059 -1.584618e+060 -2.254959e+060 -2.862579e+060 -3.289652e+060 -3.360639e+060 -3.108929e+060 -2.564708e+060 -1.715474e+060 9.071558e+057 
2.362787e+062 -1.986126e+059 -5.168644e+059 -9.043852e+059 -1.307450e+060 -1.659405e+060 -1.901800e+060 -1.980858e+060 -1.873495e+060 -1.569573e+060 -1.081699e+060 3.106264e+057 
2.362992e+062 -1.304041e+059 -3.411551e+059 -5.985647e+059 -8.670515e+059 -1.101218e+060 -1.265126e+060 -1.321225e+060 -1.251171e+060 -1.051073e+060 -7.266786e+059 1.371718e+057 
2.363247e+062 -4.506572e+058 -1.184588e+059 -2.091952e+059 -3.062202e+059 -3.923804e+059 -4.563734e+059 -4.824635e+059 -4.649778e+059 -3.970484e+059 -2.798391e+059 1.781603e+056 
2.363275e+062 -3.831702e+058 -1.009693e+059 -1.783475e+059 -2.613419e+059 -3.366034e+059 -3.920809e+059 -4.164099e+059 -4.032384e+059 -3.455321e+059 -2.443341e+059 1.316440e+056 
2.363279e+062 -3.845529e+058 -1.009925e+059 -1.790186e+059 -2.626926e+059 -3.384183e+059 -3.943216e+059 -4.193236e+059 -4.051742e+059 -3.473458e+059 -2.459989e+059 1.329273e+056 
2.363279e+062 -3.785489e+058 -9.994783e+058 -1.773957e+059 -2.599604e+059 -3.347675e+059 -3.907347e+059 -4.149072e+059 -4.015871e+059 -3.442529e+059 -2.437102e+059 1.302466e+056 
2.363277e+062 -3.812739e+058 -9.978598e+058 -1.777481e+059 -2.610536e+059 -3.354867e+059 -3.915728e+059 -4.160419e+059 -4.029863e+059 -3.454521e+059 -2.444195e+059 1.309634e+056 
2.363281e+062 -3.766085e+058 -9.983746e+058 -1.769658e+059 -2.594639e+059 -3.352231e+059 -3.903596e+059 -4.143916e+059 -4.012657e+059 -3.440817e+059 -2.434299e+059 1.299304e+056 
2.363278e+062 -3.784947e+058 -9.947894e+058 -1.766507e+059 -2.585471e+059 -3.335596e+059 -3.879960e+059 -4.127315e+059 -3.992857e+059 -3.424618e+059 -2.420998e+059 1.289664e+056 
