1.000000e-030   5.000000e-001   1.000000e-030   1.000000e-030   1.000000e-030   1.000000e-030   1.000000e-030   1.000000e-030   1.000000e-030   1.000000e-030   1.000000e-030   1.000000e-030   1.000000e-030   3.000000e-001   1.000000e-030   1.000000e-030   1.000000e-030   1.000000e-030   1.223668e-245   1.110045e-236   1.000000e-030   1.000000e-001   1.000000e-030   1.000000e-030   1.000000e-030   1.000000e-030   1.000000e-030   1.000000e-030   1.000000e-030   1.000000e-001   1.000000e-030   1.000000e-030   

1.000000e-030   7.647925e-245   1.000000e-030   1.000000e-030   1.000000e-030   1.000000e-030   1.000000e-030   5.000000e-001   1.000000e-030   1.000000e-030   1.000000e-030   1.000000e-030   1.000000e-030   1.414923e-230   1.000000e-030   1.000000e-030   1.000000e-030   1.000000e-030   5.000000e-001   1.000000e-030   1.000000e-030   1.000000e-030   1.000000e-030   1.000000e-030   1.000000e-030   1.000000e-030   1.000000e-030   1.000000e-030   1.000000e-030   1.000000e-030   1.000000e-030   1.282766e-242   

1.000000e-030   1.000000e-030   2.070393e-239   1.000000e-030   1.000000e-030   1.000000e-030   1.000000e-030   1.779420e-197   1.000000e-030   1.000000e-030   1.000000e-030   1.000000e-030   7.089489e-239   5.659693e-231   2.110920e-241   1.000000e-030   1.000000e-030   1.000000e-030   1.000000e-030   1.000000e-030   1.000000e-030   1.000000e-030   1.000000e-030   1.000000e-030   1.000000e-030   1.000000e-030   1.000000e-030   1.000000e-030   7.483312e-241   1.000000e-030   1.000000e-030   1.000000e+000   

1.000000e-030   1.950311e-232   2.371711e-001   1.000000e-030   1.000000e-030   1.000000e-030   1.000000e-030   1.000000e-030   1.000000e-030   1.000000e-030   1.000000e-030   1.000000e-030   1.185856e-001   3.821403e-231   4.743422e-001   1.000000e-030   1.000000e-030   1.000000e-030   1.000000e-030   5.131553e-002   1.000000e-030   2.241724e-235   1.000000e-030   1.000000e-030   1.000000e-030   1.000000e-030   1.000000e-030   1.000000e-030   1.185856e-001   2.144718e-234   1.000000e-030   7.183777e-243   

1.000000e-030   3.135691e-001   1.131929e-266   1.000000e-030   1.000000e-030   1.000000e-030   1.000000e-030   1.000000e-030   1.000000e-030   1.000000e-030   1.000000e-030   1.000000e-030   4.171297e-237   4.180921e-001   4.435591e-271   1.000000e-030   1.000000e-030   1.000000e-030   1.000000e-030   5.929278e-002   1.000000e-030   1.045230e-001   1.000000e-030   1.000000e-030   1.000000e-030   1.000000e-030   1.000000e-030   1.000000e-030   2.035076e-272   1.045230e-001   1.000000e-030   1.000000e-030   

