2.363263e+062 -4.265548e+058 -1.120832e+059 -1.986949e+059 -2.907044e+059 -3.737742e+059 -4.344655e+059 -4.615565e+059 -4.453658e+059 -3.812588e+059 -2.694296e+059 1.618839e+056 
2.363281e+062 -3.804301e+058 -1.004441e+059 -1.778883e+059 -2.613348e+059 -3.358856e+059 -3.916879e+059 -4.158785e+059 -4.021964e+059 -3.448756e+059 -2.440320e+059 1.310477e+056 
2.363281e+062 -3.772338e+058 -9.908123e+058 -1.769518e+059 -2.591777e+059 -3.342359e+059 -3.894795e+059 -4.142267e+059 -4.010021e+059 -3.439980e+059 -2.435490e+059 1.295544e+056 
2.363283e+062 -3.922852e+058 -1.029848e+059 -1.822087e+059 -2.669207e+059 -3.423528e+059 -3.976486e+059 -4.215429e+059 -4.063469e+059 -3.480456e+059 -2.458650e+059 1.356931e+056 
2.363258e+062 -4.413041e+058 -1.158492e+059 -2.035724e+059 -2.946792e+059 -3.741702e+059 -4.296213e+059 -4.504622e+059 -4.281860e+059 -3.619291e+059 -2.522443e+059 1.593594e+056 
2.363270e+062 -4.063350e+058 -1.070548e+059 -1.884002e+059 -2.746788e+059 -3.503163e+059 -4.050769e+059 -4.272020e+059 -4.101939e+059 -3.497980e+059 -2.460891e+059 1.414585e+056 
2.363272e+062 -4.113823e+058 -1.076517e+059 -1.902516e+059 -2.767243e+059 -3.535255e+059 -4.081611e+059 -4.292756e+059 -4.110035e+059 -3.494511e+059 -2.451841e+059 1.430829e+056 
2.363277e+062 -3.792361e+058 -1.005457e+059 -1.781976e+059 -2.614624e+059 -3.363929e+059 -3.910643e+059 -4.157719e+059 -4.015146e+059 -3.438370e+059 -2.436180e+059 1.309239e+056 
2.363281e+062 -3.789309e+058 -1.005508e+059 -1.781726e+059 -2.610492e+059 -3.362200e+059 -3.913568e+059 -4.151993e+059 -4.014853e+059 -3.446165e+059 -2.435471e+059 1.308695e+056 
2.363281e+062 -3.774723e+058 -1.000922e+059 -1.769576e+059 -2.586967e+059 -3.331511e+059 -3.866080e+059 -4.103880e+059 -3.967426e+059 -3.400738e+059 -2.406781e+059 1.283690e+056 
2.363086e+062 -8.518929e+058 -2.204745e+059 -3.826888e+059 -5.465897e+059 -6.836535e+059 -7.699468e+059 -7.893504e+059 -7.322951e+059 -6.006750e+059 -4.058663e+059 5.123515e+056 
2.359512e+062 -1.193778e+060 -3.072377e+060 -5.311942e+060 -7.530195e+060 -9.338814e+060 -1.040857e+061 -1.051839e+061 -9.590939e+060 -7.703064e+060 -5.067532e+060 9.385023e+058 
2.355304e+062 -2.316533e+060 -5.942122e+060 -1.019497e+061 -1.432771e+061 -1.779652e+061 -1.984177e+061 -1.978696e+061 -1.773037e+061 -1.399096e+061 -8.983746e+060 3.371268e+059 
2.349182e+062 -2.808553e+060 -7.943264e+060 -1.404687e+061 -1.914886e+061 -2.422869e+061 -2.830857e+061 -2.759219e+061 -2.450783e+061 -2.003982e+061 -1.293596e+061 6.409061e+059 
2.327552e+062 1.054323e+060 -4.278596e+060 -1.223094e+061 -9.884726e+060 -1.470294e+061 -2.757777e+061 -2.324600e+061 -1.656926e+061 -1.840146e+061 -1.301952e+061 2.756905e+059 
2.322202e+062 1.704974e+060 -3.320504e+060 -1.187017e+061 -8.757666e+060 -1.287717e+061 -2.761294e+061 -2.364558e+061 -1.526708e+061 -1.761440e+061 -1.341010e+061 2.168923e+059 
2.333654e+062 -4.322415e+059 -5.495474e+060 -1.328560e+061 -1.489881e+061 -1.961873e+061 -2.895227e+061 -2.675208e+061 -2.146235e+061 -1.997654e+061 -1.422197e+061 4.577188e+059 
2.332084e+062 -1.272912e+060 -7.397795e+060 -1.616204e+061 -1.914496e+061 -2.489132e+061 -3.468648e+061 -3.279018e+061 -2.678486e+061 -2.371424e+061 -1.637761e+061 7.337706e+059 
2.335419e+062 -1.196216e+060 -6.949141e+060 -1.530278e+061 -1.769125e+061 -2.250011e+061 -3.208388e+061 -3.056585e+061 -2.454746e+061 -2.193923e+061 -1.542219e+061 6.280235e+059 
2.342627e+062 -1.381027e+060 -5.793133e+060 -1.172174e+061 -1.416995e+061 -1.952667e+061 -2.625256e+061 -2.480813e+061 -2.064489e+061 -1.822784e+061 -1.238114e+061 4.301728e+059 
2.347189e+062 -1.381297e+060 -4.989945e+060 -9.629933e+060 -1.234984e+061 -1.692775e+061 -2.196550e+061 -2.105379e+061 -1.815304e+061 -1.565537e+061 -1.054883e+061 3.172164e+059 
2.355257e+062 -1.836727e+060 -4.876420e+060 -8.555704e+060 -1.213848e+061 -1.565725e+061 -1.820413e+061 -1.837339e+061 -1.685013e+061 -1.385615e+061 -9.277034e+060 2.695674e+059 
2.353249e+062 -2.669230e+060 -7.027297e+060 -1.220881e+061 -1.712082e+061 -2.146500e+061 -2.433871e+061 -2.432592e+061 -2.195294e+061 -1.764760e+061 -1.152128e+061 5.004166e+059 
2.355853e+062 -2.061380e+060 -5.396954e+060 -9.382878e+060 -1.328534e+061 -1.669327e+061 -1.898851e+061 -1.915483e+061 -1.757924e+061 -1.428852e+061 -9.480213e+060 3.063177e+059 
2.357960e+062 -1.551485e+060 -4.015675e+060 -6.981946e+060 -9.966719e+060 -1.244332e+061 -1.416412e+061 -1.440440e+061 -1.335837e+061 -1.093961e+061 -7.377513e+060 1.725650e+059 
2.359370e+062 -1.169292e+060 -3.018260e+060 -5.251370e+060 -7.537048e+060 -9.474880e+060 -1.082156e+061 -1.116460e+061 -1.052446e+061 -8.760753e+060 -6.016636e+060 1.019382e+059 
2.359932e+062 -1.056867e+060 -2.722896e+060 -4.733134e+060 -6.775224e+060 -8.511747e+060 -9.679066e+060 -1.000643e+061 -9.402946e+060 -7.811100e+060 -5.347149e+060 8.193311e+058 
2.360380e+062 -9.271547e+059 -2.367212e+060 -4.061385e+060 -5.720942e+060 -7.065045e+060 -7.870919e+060 -7.990053e+060 -7.368858e+060 -6.025453e+060 -4.065020e+060 5.505011e+058 
2.361960e+062 -3.983545e+059 -9.862332e+059 -1.630653e+060 -2.214307e+060 -2.648880e+060 -2.887193e+060 -2.891496e+060 -2.659076e+060 -2.184297e+060 -1.485675e+060 7.924039e+057 
2.361866e+062 -4.739848e+059 -1.221098e+060 -2.115585e+060 -3.012070e+060 -3.764161e+060 -4.249260e+060 -4.368946e+060 -4.079571e+060 -3.377072e+060 -2.305239e+060 1.581909e+058 
2.362451e+062 -2.886119e+059 -7.345735e+059 -1.254326e+060 -1.757011e+060 -2.155571e+060 -2.387496e+060 -2.408842e+060 -2.211239e+060 -1.802276e+060 -1.215415e+060 5.077553e+057 
2.362806e+062 -1.627480e+059 -3.989745e+059 -6.515518e+059 -8.716475e+059 -1.029799e+060 -1.109186e+060 -1.106184e+060 -1.019626e+060 -8.448621e+059 -5.817650e+059 1.211940e+057 
2.362719e+062 -1.976746e+059 -4.857614e+059 -7.927945e+059 -1.052252e+060 -1.212950e+060 -1.255090e+060 -1.179170e+060 -1.008076e+060 -7.686276e+059 -4.893422e+059 1.464417e+057 
2.363223e+062 -5.126249e+058 -1.311813e+059 -2.221937e+059 -3.121878e+059 -3.850211e+059 -4.318610e+059 -4.442873e+059 -4.184300e+059 -3.521887e+059 -2.458855e+059 1.702456e+056 
2.363235e+062 -4.963746e+058 -1.279252e+059 -2.196610e+059 -3.092234e+059 -3.821818e+059 -4.306022e+059 -4.397223e+059 -4.122441e+059 -3.448358e+059 -2.388743e+059 1.653341e+056 
2.363250e+062 -4.426756e+058 -1.127013e+059 -1.902158e+059 -2.682827e+059 -3.329993e+059 -3.802109e+059 -3.995793e+059 -3.856785e+059 -3.331916e+059 -2.366864e+059 1.342858e+056 
2.363236e+062 -4.739309e+058 -1.192797e+059 -1.998891e+059 -2.763781e+059 -3.396072e+059 -3.833904e+059 -4.010090e+059 -3.866042e+059 -3.332095e+059 -2.378026e+059 1.406492e+056 
2.363251e+062 -4.591958e+058 -1.176747e+059 -2.033211e+059 -2.886972e+059 -3.610979e+059 -4.097621e+059 -4.254151e+059 -4.032011e+059 -3.407970e+059 -2.388128e+059 1.498846e+056 
2.363248e+062 -4.670528e+058 -1.208663e+059 -2.078075e+059 -2.961744e+059 -3.691658e+059 -4.171291e+059 -4.312087e+059 -4.059915e+059 -3.410505e+059 -2.371438e+059 1.546242e+056 
2.363266e+062 -3.981014e+058 -1.045081e+059 -1.818607e+059 -2.647999e+059 -3.387187e+059 -3.926929e+059 -4.182560e+059 -4.046652e+059 -3.466655e+059 -2.454441e+059 1.347499e+056 
2.363222e+062 -5.556790e+058 -1.427060e+059 -2.467006e+059 -3.492536e+059 -4.332455e+059 -4.845982e+059 -4.933776e+059 -4.570744e+059 -3.756518e+059 -2.553749e+059 2.060168e+056 
