1.000000e-030   1.000000e-030   1.000000e-001   2.000000e-001   1.000000e-030   1.000000e-030   1.000000e-030   1.000000e-001   1.000000e-030   1.000000e-030   1.000000e-030   1.000000e-030   6.485432e-230   1.000000e-001   1.000000e-030   1.000000e-030   1.000000e-030   1.000000e-001   1.000000e-001   1.000000e-001   1.000000e-030   1.000000e-030   1.000000e-030   1.000000e-030   2.127631e-264   1.000000e-030   1.000000e-030   1.000000e-030   1.000000e-030   2.000000e-001   1.000000e-030   1.000000e-030   

1.000000e-030   1.000000e-030   1.000000e+000   4.237321e-223   1.000000e-030   1.740673e-237   1.000000e-030   4.265048e-238   1.000000e-030   1.000000e-030   1.000000e-030   1.000000e-030   1.000000e-030   5.560213e-259   1.000000e-030   1.000000e-030   1.000000e-030   1.000000e-030   1.000000e-030   1.000000e-030   2.354139e-236   1.000000e-030   1.000000e-030   1.000000e-030   2.865669e-237   1.000000e-030   1.000000e-030   1.000000e-030   1.000000e-030   1.000000e-030   1.000000e-030   1.000000e-030   

1.000000e-030   1.000000e-030   1.848943e-241   5.595277e-224   1.000000e-030   2.640950e-001   1.000000e-030   1.320475e-001   1.000000e-030   1.000000e-030   1.000000e-030   1.000000e-030   1.000000e-030   1.000000e-030   1.000000e-030   1.000000e-030   1.000000e-030   1.000000e-030   1.000000e-030   1.000000e-030   1.911302e-235   1.000000e-030   1.000000e-030   1.000000e-030   6.038575e-001   1.000000e-030   1.000000e-030   1.000000e-030   1.000000e-030   1.000000e-030   1.000000e-030   1.000000e-030   

1.000000e-030   1.000000e-030   1.000000e-030   3.767178e-224   1.000000e-030   1.380514e-042   1.000000e-030   1.634977e-231   1.000000e-030   1.000000e-030   1.000000e-030   1.000000e-030   1.798475e-230   1.000000e-030   1.000000e-030   1.000000e-030   1.000000e-030   2.925719e-227   1.978322e-229   1.000000e-030   7.876105e-001   1.000000e-030   1.000000e-030   1.000000e-030   2.123895e-001   1.486343e-232   1.000000e-030   1.000000e-030   1.000000e-030   1.106615e-226   1.000000e-030   1.000000e-030   

1.000000e-030   1.000000e-030   1.000000e-030   1.818182e-001   1.000000e-030   9.090909e-002   1.000000e-030   9.090909e-002   1.000000e-030   1.000000e-030   1.000000e-030   1.000000e-030   9.090909e-002   1.000000e-030   1.000000e-030   1.000000e-030   1.000000e-030   9.090909e-002   9.090909e-002   1.000000e-030   1.000000e-030   1.000000e-030   1.000000e-030   1.000000e-030   2.746466e-233   9.090909e-002   1.000000e-030   1.000000e-030   1.000000e-030   2.727273e-001   1.000000e-030   1.000000e-030   

