-168
64
1
-32
149
44
-112
-100
-8
107
68
-2
-132
-54
166
-24
-36
-31
2
57
-60
21
90
-96
-226
30
322
-34
-257
-150
-27
274
44
-281
-46
29
69
-72
-100
152
-28
-173
-51
145
99
-72
-175
-94
218
156
-151
-119
-118
129
211
-72
-132
-68
58
102
-25
-31
102
-47
-138
-25
159
265
-98
-343
-23
227
292
-18
-251
-71
98
166
107
18
-22
-173
22
173
-9
105
16
-95
-65
-62
188
82
38
-88
-298
100
234
79
-93
-216
-61
122
139
22
-148
-151
26
164
63
-39
-183
-79
155
104
-71
-72
-5
-25
17
-5
24
72
-43
-80
-3
36
90
-66
-121
115
57
-57
-85
-28
112
-3
-80
-8
5
31
-101
-19
137
30
-182
-75
69
154
52
-175
-100
-32
185
108
-136
-59
-99
17
192
76
-105
-129
6
38
100
68
-35
-73
-102
-49
204
217
-140
-285
-39
192
234
1
-261
-24
137
-41
66
103
-3
-22
-241
-7
288
115
-29
-227
-131
125
175
135
-130
-200
-28
64
189
5
-176
44
-22
-77
36
33
194
-80
-319
20
162
149
-44
-256
-36
84
58
15
-67
-45
-63
-10
74
57
-18
-93
-14
34
25
99
30
-110
-130
-28
220
182
-166
-223
-56
191
166
-38
-138
-93
116
48
1
36
0
-14
-116
-70
181
223
-85
-250
-106
57
336
167
-286
-281
-3
314
241
-141
-269
-109
179
204
-17
-140
-110
136
-7
-147
137
155
-66
-287
-140
268
311
-63
-444
-237
325
435
-53
-444
-156
282
229
-88
-97
41
51
-94
-59
198
160
-136
-225
2
215
129
-53
-207
-2
98
31
50
-7
-36
-71
-21
75
109
22
-153
-171
88
201
0
-67
-125
-68
209
131
-178
-192
147
206
-50
-210
-96
238
190
-184
-214
58
198
71
-108
-177
97
219
-58
-192
-13
181
61
-137
-119
52
125
-24
-157
-70
119
143
-151
-201
58
107
85
-105
-120
17
35
28
-25
54
3
-104
-55
15
151
79
-89
-89
1
8
54
119
52
-120
-181
7
178
177
-86
-227
-22
147
100
-95
-42
116
-2
-83
-69
137
165
-76
-105
-99
112
240
-29
-219
-87
188
196
-48
-190
-131
161
186
-76
-128
-77
74
93
-75
-76
48
29
-66
-50
9
10
47
-57
-95
2
48
56
-25
-134
-68
60
80
27
-71
-65
-53
18
151
60
-112
-146
-17
167
130
-84
-213
0
196
50
-83
-84
36
112
5
-87
-70
117
95
-128
-90
28
97
51
-149
-143
72
147
-3
-138
-68
65
61
-31
-30
61
39
-114
-72
59
108
72
-111
-152
10
100
118
-36
-86
-44
-57
18
139
96
-83
-121
-94
-13
130
181
13
-214
-189
31
222
172
-35
-172
-152
32
153
112
36
-54
-172
-98
45
222
184
-162
-272
-93
189
297
-10
-242
-152
134
191
-50
-78
61
22
-41
-81
26
206
75
-223
-158
133
247
66
-173
-155
80
184
64
-97
-80
17
-1
16
19
6
30
-25
-99
-33
74
88
-9
-88
-30
60
17
-68
-21
96
81
-76
-141
-7
171
127
-85
-148
6
170
50
-101
-39
107
66
-114
-73
105
60
-67
-92
-2
140
61
-205
-167
110
221
39
-174
-153
-9
108
100
50
-35
-116
-113
33
182
153
-18
-201
-117
124
189
51
-76
-44
-38
-65
37
111
58
-52
-173
-78
168
146
-83
-154
-15
79
67
-3
-35
-17
-67
-48
74
61
-6
-78
-134
7
143
43
-99
-82
-22
-5
49
70
-8
-109
-112
-20
87
96
-16
-113
-129
10
116
45
-26
-61
-43
1
29
77
76
-43
-105
-49
60
167
29
-133
-96
39
101
44
-19
-79
-21
35
16
31
-2
-49
-35
-11
11
56
24
-67
-76
-4
66
54
-25
-84
-39
73
73
-15
-58
-32
19
37
30
6
-6
-25
-22
18
35
47
11
-41
-33
41
90
47
-41
-72
16
111
80
-56
-82
37
86
44
-25
-33
37
53
12
-29
-2
50
7
-21
-11
42
50
-28
-26
9
37
44
-17
-48
2
61
67
-26
-81
-7
63
45
19
-10
-33
0
40
43
31
10
-3
-9
-3
34
40
-1
-50
1
37
28
12
-24
-6
29
16
19
-2
-22
10
20
13
-19
-30
-14
-6
24
21
-31
-35
-19
-10
21
46
-4
-75
-57
-2
58
35
-45
-82
-58
19
56
4
-45
-61
-46
5
46
40
-33
-73
-41
31
43
-2
-32
-43
-15
10
6
18
23
-11
-43
-20
44
47
8
-25
-17
22
12
-14
-13
30
40
-16
-33
-17
14
43
33
-24
-40
2
37
42
5
-22
-27
-11
4
18
19
0
-20
-26
-8
15
27
18
-16
-49
-12
47
31
-3
-39
-45
22
34
-12
-39
-11
21
2
-23
-29
16
30
-14
-29
-5
26
8
-33
-41
20
51
-15
-52
-23
25
43
-10
-42
1
24
11
-12
-23
21
29
-28
-48
12
47
16
-30
-35
16
41
-2
-25
4
22
5
-30
-19
19
20
-11
-34
-17
8
5
-9
-18
-6
10
-17
-17
8
7
-9
-11
-7
-5
-1
-9
-10
-7
14
-2
-28
1
18
-3
-11
-6
11
7
-11
-12
-4
6
-7
-22
-14
-6
-5
-11
-17
-15
-13
-6
-3
3
-7
-17
-8
1
4
-19
-19
-8
-7
-17
-14
-4
-1
-2
-24
-22
-8
19
26
-14
-35
-17
16
14
-9
-4
4
2
-10
0
19
19
9
-14
-13
16
32
11
-19
-15
11
13
5
-8
-7
2
-10
-7
8
5
4
-11
-16
-5
7
13
-7
-19
1
21
8
-8
-4
-5
7
18
7
5
6
8
14
11
10
10
10
-1
-4
13
7
11
10
-9
0
21
27
-3
-11
4
18
20
-2
-2
13
4
-4
-2
-5
2
4
-3
-10
0
12
2
-4
-9
-3
8
10
1
-12
-7
1
2
3
-5
-6
3
-10
-10
6
4
-13
-20
-16
-5
1
4
-6
-24
-15
-10
4
6
-3
2
-3
-2
9
7
-1
-2
2
1
4
21
15
-4
-3
10
15
5
4
2
1
12
12
4
-5
1
5
2
4
12
3
-11
0
9
15
9
2
3
-3
4
4
3
4
-4
-9
-7
5
8
-4
-9
-10
-1
2
-1
2
0
5
-3
-3
1
4
0
-4
-3
-9
-2
1
-4
-8
-3
-3
-5
-7
1
0
-7
-3
-5
-5
-3
-6
-7
-3
3
1
-5
-5
-2
5
3
-1
-1
2
0
-1
11
5
1
0
2
7
12
3
-4
0
-2
7
0
-2
2
-1
-6
-2
10
12
4
-11
-5
8
12
6
-1
-6
-4
6
6
3
5
-1
-4
7
15
15
4
1
0
6
11
1
-4
3
2
-2
-2
2
2
-1
-1
-2
-1
-1
2
-2
-4
-1
-5
-5
-7
-6
-4
-1
-3
-12
-5
-3
-5
-6
-4
-2
-2
-3
-2
0
-1
-7
1
5
3
0
-6
2
6
11
2
0
5
8
6
3
4
2
-2
-2
3
1
2
1
0
0
3
8
1
3
3
0
8
4
-4
2
-1
-2
5
2
2
-2
-2
-3
0
14
-2
-4
-1
-1
6
5
1
-10
-4
2
4
5
2
-4
-3
3
1
5
13
9
-3
-4
7
16
11
1
4
5
5
4
3
5
6
0
5
10
12
6
0
3
10
17
6
1
5
10
17
6
-2
4
6
8
1
-1
1
0
5
1
-2
2
2
1
-2
-4
0
7
0
-5
-5
0
7
6
2
-5
-1
4
8
3
1
-3
2
5
-2
1
2
3
2
0
1
-2
3
2
-4
-7
-1
-1
-2
-7
-7
-1
0
-5
-6
0
0
-2
-4
-4
0
-4
-7
-6
1
2
-2
-6
0
8
1
0
1
3
6
0
-4
2
5
0
-3
-1
0
0
0
-7
-3
2
2
-3
-1
2
2
2
-2
-4
0
-2
-9
-6
0
1
-1
-6
-6
2
-2
-5
-6
-4
-3
-5
-5
-9
-8
-9
-12
-13
-8
-5
-6
-8
-7
-3
-5
-3
-2
-4
-3
2
-1
-2
-1
0
3
0
0
2
2
0
0
0
2
2
-2
-3
-1
3
2
2
-5
-6
-2
1
2
-2
-1
-1
2
6
6
5
0
-2
1
5
4
9
2
-1
5
8
10
6
4
7
5
5
9
8
6
5
6
3
3
2
-2
-3
0
0
-1
-4
-6
-3
-1
-2
-1
-3
-5
-7
-7
-3
-6
-6
-11
-9
-4
-6
-9
-6
-5
-3
-3
-2
-3
-5
-5
-3
0
-3
-3
-5
-3
1
0
-3
-4
-1
6
3
-1
-3
-1
4
3
-1
-1
-1
3
2
-2
-1
1
1
-3
-1
3
4
0
-5
-5
1
5
2
-7
-6
-2
1
0
-3
-5
-1
0
-2
-3
0
-2
-3
-4
-6
-3
-4
-9
-7
-8
-7
-7
-11
-9
-6
-3
-5
-5
-6
-5
-3
-1
-4
-5
-4
-1
0
0
-3
-3
-2
-1
1
1
0
0
0
1
0
0
0
-1
0
0
0
1
3
2
-1
-1
2
1
1
0
1
3
3
0
1
1
4
3
1
1
5
6
2
4
6
6
3
3
4
5
6
3
3
8
7
6
5
5
5
4
3
3
2
2
3
0
1
0
1
-1
1
1
0
-1
0
1
1
3
0
1
3
2
4
5
4
1
0
1
4
4
2
1
3
5
8
4
2
5
6
7
7
4
3
6
2
1
1
6
5
1
1
3
5
4
1
1
3
6
1
0
1
2
3
-1
-2
0
0
0
-2
1
3
3
2
0
1
2
0
-2
-1
1
0
-1
-1
0
2
0
-2
0
3
2
-1
-3
-1
3
2
-1
-5
-3
-1
0
-1
-1
-3
-2
-3
-3
-1
-2
-3
-5
-4
-1
1
-1
-3
-8
-6
-1
-3
-4
-3
-3
-2
-2
-1
-1
-1
-4
-4
-2
1
0
-4
-2
0
-2
-1
0
-1
2
0
1
4
3
1
1
-1
0
2
0
-1
1
3
0
1
2
3
2
1
-1
1
1
1
0
-2
2
1
0
-2
-2
0
0
-4
-4
-2
0
0
-3
-5
-3
-3
-5
-5
-3
-1
-2
-4
-3
0
3
-1
-3
-2
1
1
0
0
1
2
0
0
1
1
2
1
1
3
5
4
3
1
4
4
2
0
0
1
-1
0
0
0
2
1
1
3
3
1
1
2
5
4
3
3
4
3
1
1
1
3
3
1
3
3
4
1
4
3
4
1
1
1
1
0
-1
0
-3
-2
-4
-3
-3
-1
-1
-2
-2
-3
-2
-1
-3
-3
-2
-3
-2
-1
-2
-2
-1
-2
-2
-1
0
-1
0
1
0
-2
0
-1
-1
-2
-1
0
1
0
-2
-1
1
1
0
0
2
1
-1
-2
-3
0
0
-1
-1
0
2
1
0
1
3
2
0
1
2
3
1
-1
0
0
1
2
1
0
0
1
1
1
0
-2
-2
-6
-3
-3
-2
-4
-5
-6
-5
-4
-3
-3
-4
-3
-3
-2
-3
-2
-2
-2
-2
-2
-1
-3
-2
-1
-1
-2
0
1
0
1
1
1
2
0
-1
2
1
1
-1
-1
1
4
1
1
2
1
2
3
2
2
1
1
3
2
4
3
-1
-1
1
1
2
-1
1
0
1
2
2
2
3
2
2
2
2
2
1
0
1
1
1
0
2
2
2
3
3
2
2
2
0
0
0
1
0
-1
0
0
1
-1
-1
-2
0
0
-1
-1
1
0
0
0
0
0
0
-2
-3
-2
0
0
1
1
2
1
0
0
0
2
0
-1
-2
0
1
-2
-2
-2
-1
0
-3
-5
-5
-2
-3
-3
-4
-5
-3
-4
-4
-2
-3
-4
-4
-3
-2
0
-3
-2
-2
-2
-1
1
2
1
0
-1
1
2
1
0
-1
1
1
1
2
1
1
2
2
3
3
2
0
1
2
4
3
1
1
0
3
4
2
2
3
2
2
1
0
0
1
0
-1
1
2
1
0
1
2
2
2
3
2
2
3
3
2
2
0
-1
0
1
2
1
1
2
1
0
-1
-2
-1
-1
-1
-1
0
-2
-2
-4
-2
-1
-2
-2
-3
-3
-1
0
-1
-1
0
-1
-3
-2
-1
-1
0
-1
0
0
0
0
0
0
0
0
0
-1
0
1
0
-2
-2
0
1
0
0
0
1
1
1
1
2
1
1
1
1
1
2
2
2
0
2
1
1
1
3
3
2
4
1
3
2
0
1
1
0
1
1
1
2
2
1
1
2
2
1
0
0
0
0
-1
0
-1
0
-1
-1
-1
-2
-2
-2
-2
-2
-2
0
-1
-2
-1
-1
-2
-1
-1
-1
1
1
-1
0
1
0
1
1
1
0
-1
0
0
0
-1
-2
-1
0
0
0
-1
-2
-1
-2
0
-1
0
0
0
0
2
2
1
0
1
1
2
1
2
2
1
1
1
2
1
2
0
2
0
-1
-2
-2
-2
-3
-2
-2
-2
-2
-3
-3
-3
-5
-4
-3
-4
-4
-2
-3
-3
-4
-3
-3
-5
-3
-2
-1
0
-1
-1
1
1
2
1
1
2
2
2
3
2
1
0
1
1
1
1
0
-1
1
2
0
0
0
0
0
0
-1
-1
0
1
1
-1
-1
0
0
0
0
1
1
2
2
2
3
3
3
4
3
3
3
3
3
1
2
1
2
4
2
1
1
1
0
1
0
-1
1
1
0
0
0
0
0
0
1
0
0
1
2
2
1
0
0
-1
0
0
0
1
0
1
2
2
3
2
2
2
2
2
2
2
2
3
2
2
2
2
3
2
1
2
2
1
0
1
0
-1
-1
0
0
0
1
0
0
1
2
0
1
0
-1
0
1
0
-1
-1
-2
-3
-2
-3
-3
-2
-3
-3
-3
-5
-4
-2
-3
-3
-2
-2
-2
-2
-2
-1
-1
-1
-2
-1
-2
-2
-2
-2
-2
-2
-2
-1
-2
-2
-2
-1
-3
-3
-4
-3
-3
-3
-3
-3
-3
-3
-2
-1
-1
-1
0
0
0
0
1
-1
-1
-1
0
0
1
1
1
2
1
2
2
1
2
1
1
1
2
1
2
1
-1
-1
0
-1
-1
0
0
-1
-1
0
-1
-2
-2
-2
-2
-2
-2
-2
-2
-1
-3
-2
-2
-2
-2
-1
-2
-3
-3
-3
-3
-3
-2
-2
-1
-2
-1
0
-1
-1
-1
-3
-2
-2
-2
-1
0
0
-1
-2
0
-1
0
1
1
1
1
2
1
2
2
3
2
2
2
3
2
1
3
2
1
1
3
2
2
2
2
3
3
2
2
2
1
0
1
3
4
3
2
2
2
2
4
2
2
2
2
2
2
3
2
2
0
2
2
2
1
1
2
0
0
0
-2
-1
-1
-2
-2
-2
-2
-1
-2
-1
0
1
0
0
-1
0
0
0
-1
0
-1
-1
0
0
0
0
1
1
2
2
2
1
2
1
2
2
1
1
2
2
2
1
1
2
1
1
1
2
2
1
1
2
1
1
1
0
0
0
-1
0
0
0
0
-1
0
0
2
1
1
1
0
1
1
2
2
-1
0
0
1
1
1
0
1
2
1
2
2
2
1
1
0
0
0
-1
-2
-1
-2
-2
-2
-2
0
0
1
0
-1
-2
-2
-2
-2
0
1
0
1
0
0
0
0
0
0
0
1
2
2
1
1
0
-1
0
-1
1
1
1
-1
0
-1
0
0
-1
-1
-1
-1
-2
-1
-1
-2
-2
-2
0
0
-1
0
-1
0
-1
-2
-1
-1
-1
-1
-1
-2
-4
-3
-3
-2
-1
-1
-1
-2
0
-3
-2
-1
-2
-1
-1
-2
-2
-3
-3
-3
-4
-4
-4
-4
-4
-3
-3
-2
-2
-1
0
-1
-1
-1
-1
-1
-1
0
0
-1
-1
1
1
1
1
2
1
1
0
-1
-1
-1
-1
-1
-1
0
0
-1
-2
0
0
0
1
1
0
0
-1
-2
-3
-2
-3
-3
-2
-3
-1
-1
-2
-1
-2
-1
-2
-1
-1
-1
-1
-2
-1
0
-2
-1
-2
-2
0
-1
-2
-3
-1
-2
-2
-2
-2
-1
-1
-1
0
0
1
0
1
1
2
2
3
2
2
2
3
3
2
1
2
2
1
2
3
2
3
2
2
2
3
2
3
3
2
1
2
0
0
0
-1
0
-1
-2
-2
-3
-1
-3
-1
-2
-4
-2
-4
-4
-5
-6
-6
-7
-6
-6
-7
-6
-7
-7
-6
-6
-6
-5
-5
-5
-6
-4
-3
-3
-2
-2
-1
1
1
2
2
4
6
5
8
8
7
10
10
11
12
13
14
14
15
14
14
18
18
19
19
18
19
19
18
17
17
17
15
14
13
12
11
8
8
5
4
3
1
1
-1
-3
-5
-4
-5
-8
-10
-12
-14
-16
-16
-15
-17
-19
-20
-20
-21
-21
-22
-24
-24
-24
-25
-23
-24
-24
-22
-22
-20
-20
-18
-17
-15
-11
-9
-7
-6
-5
-4
-3
2
2
4
7
5
9
12
15
18
18
20
19
21
22
21
24
25
26
26
25
28
28
27
24
24
23
22
24
23
20
20
17
15
15
13
10
9
8
5
4
0
-4
-9
-11
-14
-17
-16
-22
-23
-27
-32
-33
-36
-36
-41
-41
-42
-44
-42
-44
-46
-46
-49
-46
-47
-43
-40
-42
-40
-41
-37
-35
-35
-28
-25
-20
-21
-17
-9
-11
-5
-3
0
10
12
18
21
21
25
28
32
33
38
39
40
46
47
48
49
48
48
48
50
50
50
50
47
46
46
42
43
42
39
37
33
30
26
24
20
16
16
10
8
4
-1
-5
-7
-12
-18
-20
-25
-29
-33
-35
-39
-41
-47
-50
-51
-51
-54
-57
-63
-64
-67
-65
-67
-68
-65
-69
-66
-66
-64
-58
-59
-49
-48
-45
-35
-36
-25
-21
-18
-10
-10
-1
4
6
14
12
24
27
29
40
40
46
53
57
65
68
72
76
78
84
86
88
91
90
93
94
91
93
92
87
85
81
81
77
70
69
60
56
50
45
42
31
30
23
16
13
1
-2
-10
-16
-21
-31
-32
-47
-55
-64
-79
-79
-94
-96
-106
-119
-118
-136
-129
-132
-138
-125
-134
-114
-110
-106
-88
-100
-80
-81
-79
-57
-73
-61
-67
-76
-55
-67
-49
-45
-50
-25
-31
-7
10
15
50
54
82
107
116
149
150
168
183
180
202
196
200
203
186
189
174
172
170
154
159
148
146
151
140
146
139
134
139
130
134
124
115
108
89
84
68
49
36
10
-7
-28
-49
-69
-97
-117
-139
-159
-172
-189
-205
-221
-237
-248
-260
-270
-275
-284
-287
-290
-294
-289
-294
-288
-283
-284
-271
-275
-262
-252
-259
-245
-250
-241
-224
-227
-202
-193
-175
-135
-117
-64
-20
24
92
131
198
256
298
363
385
422
445
440
452
424
405
377
325
301
249
212
185
138
132
114
107
124
123
154
172
186
220
217
238
239
224
222
184
160
124
75
48
-7
-40
-71
-105
-111
-132
-136
-136
-142
-125
-129
-122
-115
-131
-132
-154
-174
-196
-238
-263
-314
-350
-381
-430
-442
-478
-492
-492
-512
-487
-495
-480
-455
-462
-414
-416
-390
-358
-367
-305
-300
-255
-195
-180
-82
-44
42
151
198
323
371
441
535
552
636
638
637
649
576
571
506
441
407
301
265
197
132
121
49
50
38
25
73
64
109
134
141
195
196
235
259
249
272
241
235
229
193
197
157
138
128
93
94
64
51
47
20
29
19
16
20
3
10
3
0
2
-18
-30
-53
-83
-112
-157
-203
-255
-318
-375
-434
-487
-532
-575
-606
-625
-639
-631
-613
-589
-548
-510
-458
-398
-346
-280
-239
-200
-158
-133
-95
-81
-62
-52
-55
-31
-27
-2
35
71
143
190
256
323
372
456
508
566
614
625
651
627
612
584
523
489
416
362
312
237
196
133
94
77
51
65
60
71
97
97
135
147
165
196
190
217
212
204
211
172
171
147
116
115
72
65
47
25
32
4
13
11
4
27
17
31
34
19
27
5
-6
-29
-69
-100
-157
-206
-263
-332
-390
-462
-520
-574
-629
-660
-703
-717
-725
-726
-695
-680
-632
-593
-548
-484
-461
-400
-366
-339
-286
-286
-245
-242
-233
-188
-198
-135
-97
-44
62
104
217
284
349
471
511
610
660
673
727
689
700
670
604
584
488
439
381
294
259
171
128
97
54
75
61
73
93
85
113
119
143
167
164
180
169
164
157
137
137
115
113
105
98
104
91
94
76
71
70
54
66
47
41
29
-3
-1
-35
-48
-61
-103
-106
-154
-179
-205
-272
-293
-358
-404
-443
-510
-538
-600
-643
-677
-728
-738
-771
-767
-761
-763
-721
-704
-649
-601
-553
-483
-451
-382
-345
-303
-245
-244
-193
-183
-158
-110
-102
-29
5
90
202
262
401
462
556
682
736
857
890
920
960
899
911
853
784
751
632
580
488
394
347
234
190
144
99
115
94
114
122
118
152
158
186
204
203
211
194
176
151
121
90
65
40
14
14
-9
-7
-10
-25
4
-11
9
23
8
43
17
23
24
-12
-2
-40
-57
-70
-124
-142
-193
-243
-278
-348
-380
-425
-478
-496
-551
-582
-596
-634
-624
-639
-648
-627
-643
-606
-575
-545
-484
-465
-414
-369
-328
-266
-237
-207
-185
-169
-159
-135
-128
-138
-112
-119
-75
-13
39
178
255
376
492
564
725
798
908
1001
1004
1070
1025
989
950
827
772
643
536
459
314
236
107
-9
-64
-145
-150
-161
-173
-146
-157
-135
-98
-86
-33
-3
18
48
33
39
11
-31
-25
-73
-72
-65
-96
-56
-77
-64
-24
-33
44
58
96
155
139
179
154
145
157
121
140
109
81
53
-25
-71
-139
-192
-239
-300
-331
-387
-435
-480
-543
-577
-614
-632
-634
-642
-636
-638
-631
-611
-584
-540
-512
-457
-403
-371
-314
-299
-279
-251
-241
-222
-215
-223
-231
-245
-253
-222
-189
-131
-41
62
203
323
463
593
686
824
909
984
1048
1047
1033
944
872
794
662
576
453
323
209
88
-3
-112
-173
-210
-252
-230
-197
-157
-122
-86
-52
-28
24
73
111
138
123
87
31
-5
-24
-50
-66
-82
-70
-48
-3
56
103
136
169
235
281
368
420
373
358
294
259
250
204
182
77
9
-61
-146
-165
-262
-330
-394
-462
-453
-486
-516
-571
-646
-673
-693
-660
-635
-649
-658
-656
-653
-596
-559
-565
-528
-531
-462
-380
-344
-255
-291
-252
-197
-191
-61
-83
-61
-34
-80
40
44
95
153
125
271
376
530
695
739
831
855
932
1038
1047
1086
1021
922
870
790
729
612
484
361
232
183
128
56
-14
-113
-158
-152
-122
-55
-52
-79
-84
-82
-42
10
44
22
-35
-41
-66
-70
-8
-33
-68
-39
-15
26
120
181
129
139
175
156
236
279
195
136
95
38
23
49
-7
-96
-122
-184
-218
-203
-261
-338
-387
-438
-453
-439
-464
-540
-587
-633
-673
-624
-630
-661
-640
-657
-623
-553
-500
-468
-464
-408
-379
-308
-202
-208
-182
-173
-170
-89
-48
-3
9
-22
17
48
76
121
129
146
202
365
539
623
752
800
794
921
1034
1092
1106
1061
944
775
723
650
488
395
274
130
61
8
-74
-209
-281
-304
-318
-217
-134
-130
-163
-207
-207
-189
-139
-64
-69
-115
-109
-132
-191
-202
-205
-247
-226
-79
28
33
103
73
-19
94
198
261
351
363
285
189
189
164
119
152
92
52
41
-48
-103
-210
-308
-340
-339
-295
-295
-292
-381
-502
-479
-509
-465
-390
-415
-416
-469
-445
-472
-489
-398
-467
-386
-330
-334
-249
-341
-314
-319
-292
-116
-124
-22
-75
-154
-81
-163
-34
9
-20
49
-19
66
99
173
328
334
486
597
698
828
846
886
812
795
816
731
714
614
464
318
188
135
18
-51
-112
-247
-290
-301
-307
-324
-320
-302
-332
-282
-205
-187
-140
-118
-118
-113
-96
-70
-67
-41
-34
-23
26
54
112
191
184
219
310
299
362
445
401
382
373
329
283
300
300
218
200
147
54
19
-26
-74
-107
-109
-157
-194
-219
-346
-367
-408
-508
-450
-511
-563
-548
-602
-597
-654
-619
-631
-710
-560
-588
-546
-405
-474
-388
-383
-332
-211
-224
-102
-144
-138
-42
-73
65
51
17
88
54
206
376
507
612
625
700
708
805
955
949
942
887
777
671
606
548
380
270
194
75
25
-30
-129
-253
-325
-303
-285
-212
-139
-171
-220
-223
-194
-167
-89
-10
-20
-4
29
-9
-34
-42
-66
-69
35
158
183
266
255
156
230
319
388
524
542
451
372
320
282
246
270
222
124
134
75
-16
-42
-164
-250
-249
-246
-209
-228
-313
-447
-553
-569
-557
-498
-473
-558
-624
-660
-718
-668
-621
-658
-618
-609
-585
-512
-492
-475
-522
-463
-394
-371
-200
-234
-286
-239
-337
-242
-179
-140
-64
-138
-40
-20
48
277
323
448
552
629
771
828
938
924
880
897
840
810
740
652
507
353
299
184
90
8
-130
-217
-281
-256
-248
-267
-236
-274
-273
-196
-118
-56
-18
17
-3
12
55
67
73
33
61
75
113
238
254
239
215
212
251
337
467
430
374
350
262
288
339
341
305
245
198
127
131
84
-19
-85
-174
-206
-216
-259
-342
-474
-561
-631
-624
-583
-641
-682
-765
-833
-792
-730
-672
-642
-643
-646
-625
-540
-469
-437
-388
-361
-341
-235
-163
-169
-139
-170
-156
-84
-19
51
2
-35
-54
-30
130
310
460
529
581
634
703
852
955
1028
1024
972
947
839
775
682
495
387
284
221
165
50
-56
-235
-333
-299
-278
-183
-126
-161
-182
-192
-129
-39
31
114
108
87
111
102
97
101
86
107
147
215
288
251
204
194
155
248
368
366
365
290
204
177
185
250
227
184
142
33
2
-30
-106
-150
-211
-255
-254
-287
-332
-406
-520
-575
-564
-541
-510
-520
-592
-671
-717
-686
-636
-611
-519
-542
-569
-463
-501
-420
-368
-371
-257
-273
-143
-134
-181
-104
-202
-117
-64
-41
49
-24
23
9
88
258
376
584
623
734
810
833
1008
1014
1088
1079
987
984
806
765
640
442
405
230
162
84
-49
-132
-285
-314
-342
-336
-263
-271
-254
-263
-228
-176
-134
-52
-34
-3
13
20
49
26
37
53
55
125
175
182
171
149
148
181
254
306
280
255
223
184
206
231
217
176
131
66
33
19
-52
-112
-191
-261
-266
-308
-334
-404
-498
-558
-610
-588
-581
-594
-631
-690
-706
-691
-638
-602
-564
-557
-575
-521
-502
-459
-382
-371
-347
-303
-270
-236
-188
-187
-191
-198
-173
-122
-122
-68
-70
-68
36
129
328
459
546
660
655
772
883
932
1012
950
890
789
684
650
513
405
293
146
57
-37
-124
-247
-349
-390
-421
-367
-320
-297
-303
-308
-249
-186
-72
23
51
73
67
92
130
144
173
177
184
227
260
271
249
217
216
236
303
379
347
303
243
180
212
243
273
257
185
144
71
48
27
-47
-76
-133
-162
-173
-229
-307
-390
-477
-513
-495
-513
-512
-587
-649
-662
-701
-616
-602
-596
-552
-597
-503
-487
-451
-381
-434
-347
-334
-264
-197
-232
-176
-256
-228
-167
-192
-90
-138
-113
-40
-24
189
290
391
529
557
681
793
905
1002
993
986
922
851
797
729
620
480
380
239
138
50
-88
-170
-285
-318
-293
-305
-240
-255
-278
-233
-210
-103
-11
47
116
111
133
167
175
228
245
265
313
308
356
338
269
262
222
266
317
320
318
219
185
153
141
209
180
182
140
76
73
-2
-20
-80
-149
-139
-202
-204
-258
-365
-415
-511
-508
-507
-531
-536
-624
-652
-689
-679
-630
-641
-586
-610
-608
-544
-548
-469
-465
-434
-380
-399
-299
-328
-315
-258
-323
-213
-236
-204
-119
-213
-72
-61
-2
201
218
417
495
571
730
728
895
955
986
1051
963
930
811
731
661
534
483
324
214
90
-37
-87
-209
-209
-243
-279
-228
-267
-233
-227
-216
-140
-109
2
53
95
146
144
206
207
275
328
321
395
320
292
289
210
263
213
192
203
118
148
102
68
85
11
28
28
4
26
-41
-90
-120
-168
-172
-191
-245
-296
-369
-427
-450
-492
-522
-585
-664
-709
-740
-758
-774
-796
-836
-831
-803
-781
-705
-702
-687
-641
-628
-491
-445
-400
-332
-402
-303
-264
-239
-98
-139
-60
1
25
245
330
477
610
614
763
833
932
1045
1028
1051
1004
947
922
826
725
591
457
355
273
182
59
-66
-202
-264
-276
-278
-235
-261
-288
-271
-273
-196
-127
-92
-17
6
73
151
146
188
171
156
246
255
341
361
267
298
192
191
280
199
269
226
142
173
78
99
78
15
53
-8
-5
-8
-93
-128
-199
-249
-229
-231
-247
-262
-342
-409
-420
-450
-430
-419
-447
-459
-492
-499
-502
-518
-512
-517
-509
-469
-451
-455
-440
-474
-459
-386
-372
-275
-238
-275
-222
-252
-233
-158
-174
-119
-105
-104
-29
-16
25
94
122
232
367
475
608
673
707
780
844
944
1027
1034
1032
985
925
894
826
746
657
534
444
363
267
181
55
-51
-116
-164
-155
-149
-150
-154
-156
-125
-81
-16
33
64
110
135
175
197
194
188
153
147
126
110
105
59
32
-2
-33
-32
-57
-64
-79
-100
-98
-120
-139
-172
-205
-228
-259
-287
-332
-393
-469
-526
-587
-646
-682
-757
-779
-798
-819
-798
-834
-836
-858
-860
-792
-756
-686
-673
-674
-639
-606
-497
-430
-345
-259
-166
24
194
441
584
633
782
868
1090
1282
1327
1372
1260
1237
1240
1157
1139
965
801
701
580
521
354
146
-43
-188
-217
-220
-245
-337
-429
-473
-464
-375
-332
-298
-267
-225
-83
13
75
90
35
76
156
255
337
304
263
235
239
315
343
322
292
254
284
337
325
272
168
77
72
74
58
-10
-145
-246
-298
-317
-319
-378
-454
-501
-523
-481
-455
-477
-500
-521
-490
-411
-360
-336
-355
-379
-343
-285
-229
-202
-218
-241
-240
-217
-214
-228
-268
-306
-305
-297
-270
-279
-321
-327
-342
-301
-232
-204
-153
-137
-130
-70
-54
-11
25
26
78
97
127
162
153
180
191
201
253
278
311
347
359
383
394
397
409
412
423
434
419
401
377
348
330
306
273
246
214
192
179
155
137
109
83
79
76
80
85
75
75
81
95
111
113
123
125
129
151
154
153
147
125
117
105
81
57
10
-29
-51
-90
-118
-162
-226
-262
-305
-333
-347
-399
-428
-461
-494
-488
-511
-526
-531
-547
-517
-501
-491
-474
-489
-473
-443
-410
-364
-347
-342
-332
-314
-278
-231
-193
-158
-105
-45
36
105
147
210
275
368
488
573
659
701
716
753
774
819
848
827
820
784
743
705
627
552
485
427
387
340
272
195
114
41
0
-37
-70
-97
-138
-161
-185
-216
-224
-240
-227
-200
-183
-150
-145
-132
-100
-70
-8
38
85
139
175
228
249
264
290
301
333
337
324
293
231
180
121
74
23
-42
-111
-188
-254
-318
-374
-418
-451
-462
-462
-451
-457
-466
-465
-469
-434
-389
-345
-309
-287
-268
-273
-259
-231
-210
-184
-177
-164
-146
-146
-156
-176
-178
-162
-133
-97
-86
-75
-84
-91
-71
-53
-27
-4
13
42
46
46
48
43
62
83
107
134
141
140
140
138
145
161
176
197
214
221
219
210
205
207
216
231
231
223
205
178
157
134
120
105
86
73
53
29
7
-20
-37
-42
-39
-25
-21
-23
-27
-31
-20
-5
23
49
65
77
79
87
92
99
110
111
106
104
85
62
36
6
-14
-41
-60
-79
-106
-132
-173
-204
-218
-225
-215
-220
-229
-239
-253
-251
-252
-237
-224
-212
-189
-178
-165
-155
-155
-142
-132
-105
-70
-46
-28
-25
-23
-12
2
33
53
68
80
85
96
96
95
94
95
107
114
123
125
107
97
82
85
97
100
106
93
82
81
76
76
73
65
63
62
67
72
68
64
63
60
69
80
87
94
99
107
117
132
147
153
159
157
162
171
177
182
178
170
162
150
146
137
126
117
104
94
88
79
65
45
29
13
-1
-10
-20
-36
-57
-76
-101
-119
-133
-148
-164
-182
-195
-205
-211
-219
-227
-232
-232
-228
-217
-203
-187
-180
-173
-157
-141
-119
-99
-89
-75
-66
-52
-41
-34
-30
-33
-33
-32
-34
-31
-38
-49
-54
-63
-58
-59
-61
-64
-70
-69
-64
-56
-46
-42
-35
-29
-20
-5
6
21
32
44
56
67
79
89
93
101
107
117
126
130
132
128
125
124
122
124
122
119
118
112
109
102
95
89
86
82
80
74
64
53
41
30
20
13
6
-5
-17
-26
-35
-45
-47
-48
-42
-38
-34
-29
-29
-25
-16
-6
8
19
29
33
33
33
28
25
19
20
17
9
2
-15
-30
-44
-53
-53
-52
-50
-49
-49
-45
-43
-35
-26
-17
4
20
35
44
45
44
40
41
44
40
34
20
2
-16
-36
-54
-74
-87
-96
-107
-111
-120
-130
-135
-141
-134
-128
-117
-108
-101
-94
-88
-80
-71
-63
-54
-46
-36
-30
-25
-21
-20
-13
-10
-1
9
14
21
27
33
43
50
63
72
81
88
94
102
105
110
114
116
121
119
117
111
105
99
91
87
81
72
61
47
35
21
9
-1
-11
-22
-33
-45
-57
-73
-84
-98
-103
-111
-119
-125
-133
-141
-149
-156
-157
-158
-158
-154
-151
-146
-142
-136
-129
-118
-105
-92
-80
-67
-58
-51
-42
-35
-27
-21
-19
-21
-23
-28
-32
-38
-45
-48
-55
-58
-59
-64
-61
-60
-58
-46
-35
-23
-9
4
16
31
46
61
78
96
110
121
133
140
147
153
157
162
162
163
162
158
155
148
143
139
135
134
128
124
118
111
109
103
97
93
84
75
70
62
53
46
38
29
24
17
9
5
2
0
1
3
6
9
9
15
17
22
29
34
37
39
43
41
40
37
32
28
22
17
10
2
-6
-14
-23
-29
-32
-35
-36
-36
-34
-34
-29
-25
-21
-15
-9
-2
4
8
8
8
4
3
-1
-6
-11
-19
-28
-36
-47
-58
-66
-78
-84
-89
-93
-95
-96
-97
-94
-91
-85
-77
-66
-55
-42
-30
-20
-8
1
11
19
28
36
40
45
46
46
44
43
41
40
39
39
38
37
34
34
33
34
36
39
41
44
49
48
51
50
49
51
48
49
47
42
38
32
24
16
10
5
-1
-5
-10
-15
-19
-25
-27
-33
-35
-33
-35
-31
-29
-31
-31
-31
-30
-29
-25
-22
-22
-18
-15
-13
-12
-10
-8
-7
-4
-3
-1
0
-2
-3
-6
-9
-11
-14
-18
-18
-23
-28
-35
-39
-44
-50
-51
-54
-56
-56
-59
-58
-56
-57
-54
-50
-46
-42
-36
-30
-25
-20
-14
-11
-4
1
6
10
13
16
17
21
24
22
22
24
21
22
22
23
23
23
24
25
27
28
27
29
30
31
33
32
33
31
28
26
24
19
15
8
1
-4
-13
-21
-28
-35
-43
-48
-53
-58
-62
-66
-66
-69
-68
-66
-66
-63
-60
-58
-56
-51
-48
-44
-40
-34
-31
-27
-23
-20
-15
-11
-7
-3
1
5
8
11
15
17
21
24
24
23
22
21
20
18
13
9
4
0
-6
-14
-20
-25
-29
-34
-40
-44
-50
-51
-51
-51
-51
-50
-47
-45
-39
-34
-27
-17
-10
-1
8
17
25
33
42
51
59
68
74
82
88
92
97
99
98
100
101
100
96
90
85
81
73
65
60
51
41
33
22
13
6
-3
-10
-17
-22
-29
-33
-38
-44
-43
-44
-45
-41
-40
-36
-33
-28
-23
-17
-10
-3
4
11
16
22
27
29
33
35
38
40
41
41
37
34
28
22
20
15
8
4
-3
-10
-16
-24
-31
-36
-40
-44
-46
-48
-51
-54
-55
-57
-57
-59
-59
-57
-56
-54
-54
-52
-53
-51
-48
-48
-46
-45
-45
-42
-42
-42
-41
-38
-37
-34
-31
-28
-27
-24
-21
-18
-14
-10
-5
-3
1
6
11
16
21
25
31
36
40
45
49
53
55
58
61
62
62
62
60
58
54
50
46
41
38
34
28
23
16
11
5
-1
-6
-8
-11
-14
-15
-15
-16
-15
-13
-10
-7
-3
0
5
10
14
19
24
29
35
39
43
47
49
51
51
50
49
46
44
40
35
32
24
17
9
0
-8
-15
-26
-36
-45
-55
-65
-73
-81
-89
-96
-100
-103
-107
-109
-111
-110
-109
-107
-102
-96
-90
-84
-77
-68
-60
-51
-39
-32
-20
-10
1
10
20
30
39
47
54
60
67
73
76
79
82
81
82
82
79
76
73
71
65
61
57
53
46
43
37
32
29
24
23
18
15
11
10
9
6
8
7
7
7
8
9
8
8
9
10
11
12
15
14
16
17
14
12
11
8
4
3
0
-6
-9
-14
-19
-23
-30
-35
-41
-46
-50
-54
-60
-66
-69
-72
-75
-77
-77
-78
-78
-78
-76
-72
-70
-67
-63
-58
-52
-45
-38
-31
-23
-15
-7
1
10
17
25
33
39
47
52
59
65
69
74
78
79
82
82
83
81
81
80
78
73
68
66
61
55
51
46
42
37
33
28
23
19
14
10
4
2
-2
-5
-7
-9
-10
-11
-12
-12
-12
-12
-11
-10
-10
-11
-10
-11
-11
-10
-11
-10
-11
-10
-10
-11
-9
-10
-10
-10
-11
-11
-13
-14
-14
-13
-15
-15
-16
-15
-14
-14
-13
-15
-16
-15
-15
-14
-13
-11
-11
-12
-9
-7
-7
-5
-3
-2
0
-1
-1
-1
1
2
2
0
-1
0
1
0
1
1
1
2
1
2
-1
0
1
1
2
3
3
4
5
6
7
6
7
8
7
8
7
6
8
7
8
7
7
7
7
6
4
4
4
3
3
3
2
2
-1
-2
-2
-2
-2
-2
-2
-3
-3
-4
-6
-7
-7
-7
-7
-6
-4
-5
-6
-7
-6
-7
-5
-5
-6
-5
-5
-5
-6
-7
-7
-8
-8
-9
-9
-9
-8
-9
-10
-10
-11
-12
-12
-12
-10
-10
-10
-10
-11
-8
-8
-8
-9
-7
-7
-7
-6
-5
-3
-2
-1
0
1
0
0
2
3
4
5
4
3
5
4
6
7
6
5
6
7
6
7
7
7
8
7
6
6
5
4
3
2
4
2
2
1
0
0
-2
-1
-3
-4
-3
-4
-4
-7
-7
-9
-9
-9
-10
-8
-10
-10
-8
-9
-8
-7
-8
-7
-9
-7
-7
-6
-5
-4
-3
-5
-7
-4
-1
-1
-2
-1
1
1
3
5
4
5
5
6
8
8
8
7
7
10
10
10
9
10
9
8
9
9
6
6
5
6
10
11
10
9
11
8
5
6
9
11
8
4
6
6
7
7
10
11
8
8
8
9
8
10
13
9
2
3
8
11
8
5
3
7
8
4
0
1
1
0
-2
-2
-1
3
2
-1
-2
-3
0
0
1
2
2
-3
-3
-4
-2
1
-2
-3
-1
-1
-1
0
-8
-6
-2
2
2
-1
-3
-2
0
-3
-4
-8
-4
-7
-8
-7
-5
-4
-5
-12
-12
-8
-5
-4
-2
-6
-13
-9
-6
-1
-2
3
6
-3
-9
-6
3
10
9
5
-4
-9
0
11
15
10
5
2
0
6
5
7
7
3
-2
-3
0
5
10
14
8
-8
1
18
20
16
9
4
-3
12
32
27
2
-8
6
23
14
30
37
-28
-98
-11
260
232
-169
-365
-77
330
293
-135
-350
-153
153
170
-42
-165
-100
47
97
6
-109
-129
-15
73
12
-99
-99
-1
52
-3
-53
-44
-15
8
22
1
-38
-35
9
36
6
-28
-21
5
22
24
16
-5
-27
-11
22
38
16
-33
-48
-22
19
30
-6
-43
-38
-3
15
-6
-28
-30
-14
-3
-15
-34
-39
-35
-17
2
-7
-44
-57
10
57
4
-64
-48
15
32
-19
-23
15
28
-6
-32
-6
32
21
-4
-19
-10
-3
-7
-2
-13
-19
-5
21
19
-16
-44
-14
30
19
-11
-23
-21
-7
12
16
-12
-36
-26
0
13
-4
-29
-33
-18
8
13
-1
-30
-26
20
34
-5
-40
-26
17
25
17
-4
-25
-10
6
21
25
4
-17
-13
15
28
13
-2
-16
2
34
30
8
-20
-21
26
48
31
-1
-10
1
28
40
11
-15
-13
31
41
31
-11
-23
21
43
19
-24
0
35
32
0
-20
36
63
20
-7
-3
45
32
2
16
31
32
8
14
24
10
18
29
31
7
-19
32
34
0
4
2
9
37
38
-2
-17
21
19
-2
-19
-2
43
35
-29
-60
-22
59
48
-15
-34
-16
18
-34
38
99
-18
-79
-51
39
67
-10
-60
-74
30
72
-43
-85
-79
16
95
10
-92
-104
-30
93
55
-35
-77
-35
61
43
18
2
-22
-13
28
66
17
-44
-10
31
22
28
43
-10
-16
-11
22
44
-16
-29
19
4
-39
-12
2
-26
-18
-16
-30
3
-23
-29
-41
-36
39
-14
-73
-27
-28
18
25
-46
-59
-29
50
44
-16
-13
-7
1
36
18
27
5
-33
7
46
74
9
-113
26
123
-4
-37
-53
40
72
-17
-25
-31
40
16
-61
6
58
-15
-85
-29
14
52
-7
-90
-27
5
-16
-1
5
-80
-26
20
-56
-1
32
-80
-58
26
7
-33
-48
-9
22
-32
-27
56
-20
-143
-13
108
53
-53
-110
-32
37
64
-48
2
70
-96
-83
94
144
29
-112
-95
126
114
-115
-93
28
56
-2
-50
-12
1
56
27
-9
-5
22
98
80
-69
-38
104
53
18
-75
-10
87
49
-20
-25
-53
-38
17
164
47
-178
-68
2
179
41
-115
64
13
-63
-68
22
213
182
-150
-359
10
338
266
-116
-359
-68
248
235
-58
-153
-83
69
127
-22
-113
-37
73
46
-24
-99
-101
95
168
-113
-164
15
110
27
-84
-84
114
122
-155
-219
74
266
163
-200
-332
60
296
138
-52
-297
-54
269
84
40
-104
-117
83
170
121
-149
-51
103
5
-55
54
122
42
-200
-169
208
227
-18
-167
-194
198
167
-26
34
-190
13
148
-86
179
-4
-171
11
-38
210
21
-64
30
-188
33
186
146
-32
-253
-13
140
197
33
-212
-51
144
109
-105
-84
79
99
-38
-118
-19
40
105
25
-240
-6
146
37
-67
-202
-23
220
2
-163
-122
-90
196
104
-133
-164
-112
130
113
-108
-105
-59
65
26
-71
-45
11
61
-62
-62
51
77
23
-57
-86
1
143
84
-137
-87
72
93
66
-45
-119
63
121
43
-107
-9
99
-35
56
-26
-55
110
-11
-7
32
0
9
-10
33
11
38
53
-114
-57
53
120
99
-181
-95
100
-27
111
129
-111
-133
12
16
175
190
-235
-257
73
258
168
-203
-215
103
126
-9
-25
-49
-12
40
-70
2
50
-4
2
-21
-45
50
9
-2
40
-70
-31
-15
71
60
-147
-106
63
55
7
-75
-70
36
2
-71
-14
67
-11
-142
-132
82
112
-68
-124
45
-20
-156
50
189
-6
-189
-168
25
230
82
-179
-103
-48
23
144
-17
10
-83
-205
110
154
-1
-202
-166
107
151
-47
-167
-94
57
100
-48
-30
-28
-93
104
-5
-30
70
-120
-61
28
54
110
-22
-248
17
93
111
135
-188
-91
4
151
181
-118
-22
-32
-84
218
141
-184
-91
27
107
166
-84
-111
-134
63
271
31
-175
-286
89
309
-96
-78
-9
-92
38
47
6
-6
-51
13
-66
39
107
-129
-80
35
179
-31
-151
77
-95
108
127
-78
58
-134
39
32
27
191
-81
-114
-42
-5
192
117
-74
-203
-39
161
141
43
-119
-121
59
147
77
-56
-26
32
-42
-7
68
107
26
-188
-113
174
110
13
-49
-110
36
79
25
74
-103
-162
105
148
63
-137
-253
132
338
-53
-264
-23
191
116
-57
-211
91
221
-23
-227
-70
273
185
-136
-231
-17
271
136
-85
-129
-84
104
207
4
-201
-79
122
171
-3
-176
47
83
47
10
16
-27
-50
19
-20
58
1
-114
-10
-1
17
23
-87
30
56
-97
-53
87
42
-41
-84
-4
94
91
-104
-159
68
204
-2
-159
-17
4
14
171
87
-268
-98
174
71
17
13
-53
-137
-35
126
180
-24
-203
-72
-1
140
106
17
-120
-211
154
106
94
-74
-210
77
105
140
-118
-193
70
147
86
-53
-69
-28
36
109
61
-19
-18
-58
4
-47
57
432
-164
-344
-94
119
512
58
-371
-299
6
485
218
-283
-321
97
236
-105
-58
100
80
-70
-273
-27
303
196
-206
-334
-18
173
243
-67
-321
-122
52
283
-16
-249
-89
30
128
-52
-61
-26
26
-72
-85
155
79
-175
-188
78
215
30
-222
-204
161
230
-139
-143
18
60
67
-181
-74
226
44
-112
-318
208
399
-197
-315
-38
286
102
-157
0
-96
31
39
18
63
-44
-123
-70
108
102
54
-237
-150
215
94
41
-156
-174
155
180
-106
-164
109
24
-16
52
-178
74
43
-48
50
-69
-35
-8
114
14
-92
-149
36
274
-61
-278
8
164
140
-83
-256
22
189
124
3
-271
-91
164
201
-11
-289
-76
161
182
-63
-284
-25
298
31
-238
-194
100
288
28
-314
-243
210
258
-8
-121
-232
-39
223
253
-87
-305
-63
264
155
-156
-86
51
129
5
-105
-75
235
33
-118
-77
33
215
-51
-106
0
-17
160
79
-104
-140
40
224
65
-96
-201
-22
240
141
-132
-160
-75
143
173
-131
-61
-19
31
112
-92
22
130
-67
-60
-167
126
336
-134
-274
-187
235
381
-84
-305
-161
200
187
34
-77
-161
73
-65
-13
247
-40
-132
-159
8
284
60
-122
-235
-100
280
133
-91
-264
-25
137
112
73
-210
-193
73
196
165
-230
-264
183
123
-66
54
67
-40
-276
8
357
229
-70
-478
-147
351
351
85
-350
-345
96
349
228
-160
-280
-127
185
299
-115
-170
5
-7
26
39
16
19
-72
-137
66
111
136
-99
-239
-4
119
195
-31
-162
-54
-39
177
97
-121
-132
29
180
8
-44
-214
75
195
80
-4
-279
15
182
49
8
-105
69
22
-172
-3
220
164
-67
-295
-170
288
317
63
-357
-192
180
196
132
-142
-158
96
72
-99
57
164
-29
-79
-190
-10
363
105
-153
-306
-22
362
85
-110
-131
-162
153
197
-80
-90
-93
-11
56
34
35
-104
-136
6
99
156
-207
-152
105
5
34
-43
-73
102
-93
-184
121
191
29
-298
-204
162
188
72
-179
-288
13
139
130
-53
-146
-62
-15
64
51
-6
-67
-73
-3
61
47
-95
-90
98
-18
-63
-8
3
5
-93
17
82
41
-42
-205
-23
190
190
-54
-288
-105
177
185
36
-125
-151
-11
116
114
82
-27
-176
-116
130
267
57
-159
-170
28
142
81
55
-135
-146
94
174
19
-156
-43
73
69
0
-28
76
-8
-153
-32
163
219
-72
-273
-77
165
246
77
-172
-142
-3
180
173
-104
-120
-4
69
70
-78
-52
98
41
-51
-85
-5
137
14
-117
-58
61
129
-22
-156
-83
135
132
-53
-108
-70
69
125
36
-60
-93
49
139
38
-67
-92
88
183
7
-136
-52
100
148
28
-114
-59
64
90
22
-50
11
91
3
-110
24
140
45
-77
-128
30
143
68
-95
-131
38
60
75
29
-104
-17
66
49
-8
-15
17
17
25
22
-11
19
-26
-6
70
22
-22
-34
-22
68
68
-34
-91
-35
72
21
-39
-29
23
5
-80
-101
74
169
-8
-157
-123
59
160
21
-92
-85
-27
40
10
14
41
-12
-107
-93
64
160
83
-126
-156
10
121
84
-38
-104
-103
73
119
-38
-39
-13
-17
13
-3
34
-21
-16
-4
-43
1
12
-21
-55
-6
75
42
-16
-44
-92
2
132
95
-120
-203
28
144
88
-49
-165
18
143
53
-19
-87
-17
64
-33
-55
7
100
57
-103
-57
124
165
2
-167
-38
162
75
-127
-178
-34
103
21
-92
-40
54
13
-29
19
73
30
-78
-55
15
64
20
-141
-106
69
73
-50
-82
18
101
19
-73
-13
32
23
-53
-57
15
28
-19
-91
-61
43
77
8
-116
-78
54
87
8
-120
-82
8
40
-3
-43
-32
-28
-38
-16
26
39
-29
-105
-26
53
53
9
-67
-75
1
57
49
-32
-64
-24
9
14
-1
-5
-16
-2
-18
-31
26
22
-23
-56
-23
19
21
-14
-53
-51
14
53
-4
-67
-47
43
69
-6
-65
-16
46
39
-1
-31
-4
22
-20
-51
26
47
7
-51
-63
34
82
29
-53
-75
-10
47
48
15
-24
-60
-47
28
53
37
-16
-67
-24
43
48
25
-40
-67
-7
40
52
5
-35
-41
3
34
0
-8
-2
-2
-4
-19
-3
25
9
-2
-28
-17
37
37
8
-11
-6
28
21
-8
9
31
48
10
-30
3
40
48
-1
-24
0
27
45
14
-22
17
39
14
15
28
25
6
-1
22
53
37
-19
-29
40
80
13
-47
-21
51
69
20
-28
-11
52
57
9
-3
8
9
16
33
30
6
-12
10
41
36
33
0
-17
-3
17
47
34
-37
-76
-4
81
65
-29
-87
-40
64
82
-3
-74
-45
19
41
20
0
-17
-5
0
5
41
54
4
-56
-13
63
78
2
-103
-54
79
97
-2
-94
-45
76
71
1
-49
-43
-8
9
36
40
4
-49
-54
15
86
52
-49
-87
-10
79
70
-13
-72
-57
7
52
34
-15
-44
-34
-9
30
38
-16
-72
-61
35
72
8
-63
-56
14
56
39
-35
-53
1
34
28
17
-25
-50
-44
10
48
4
-29
-41
-24
19
32
13
-25
-49
-39
3
48
27
-37
-77
-50
33
57
-17
-75
-61
20
51
-5
-36
-39
-28
-9
-6
4
8
-41
-55
-16
23
23
-38
-59
-17
34
27
-31
-52
-24
6
12
4
-24
-33
-12
-9
5
25
-6
-17
-23
4
53
27
-18
-40
-3
32
27
3
-20
-16
10
33
23
-7
-12
12
30
27
6
-13
-12
4
29
33
-2
-16
-3
-8
9
34
25
-1
