2.348388e+062 7.818987e+059 1.972996e+060 3.087624e+060 1.794310e+060 3.980181e+060 2.509397e+060 2.972774e+060 2.531305e+060 2.134301e+060 1.727393e+060 1.231244e+058 
2.350712e+062 9.009765e+059 1.669578e+060 2.690280e+060 2.343839e+060 2.583241e+060 1.715373e+060 2.572991e+060 1.568149e+060 2.069951e+060 1.165730e+060 8.684623e+057 
2.336848e+062 8.743104e+059 2.288503e+060 5.052485e+060 6.206909e+060 6.736506e+060 6.385196e+060 6.154814e+060 4.891262e+060 4.682195e+060 3.303709e+060 4.358061e+058 
2.355458e+062 -7.589787e+059 -7.919175e+059 1.823589e+059 1.525030e+060 2.683741e+060 2.751398e+060 2.729423e+060 2.117293e+060 1.485582e+060 6.915858e+059 1.382649e+057 
2.296383e+062 -1.640435e+061 -3.474492e+061 -4.656745e+061 -4.750267e+061 -3.756538e+061 -2.196902e+061 -7.950199e+060 1.253385e+059 2.341237e+060 1.421277e+060 3.812501e+059 
2.229960e+062 -2.846072e+061 -5.130284e+061 -5.122638e+061 -2.734337e+061 9.589056e+060 3.905611e+061 4.427675e+061 2.770240e+061 5.092584e+060 -7.669525e+060 -9.660542e+059 
2.200502e+062 -2.874929e+061 -4.088518e+061 -2.235319e+061 1.473659e+061 4.922939e+061 5.963139e+061 3.919432e+061 5.856854e+060 -1.640176e+061 -1.796071e+061 2.369937e+060 
2.223432e+062 -1.656888e+061 -9.876637e+060 1.931753e+061 4.160924e+061 3.910294e+061 1.133550e+061 -2.091416e+061 -3.260048e+061 -2.118643e+061 -3.097656e+060 -1.178852e+059 
2.292130e+062 -8.913117e+060 -7.901152e+060 2.185204e+060 7.315239e+060 2.219423e+059 -1.716739e+061 -3.212516e+061 -3.181537e+061 -1.827024e+061 -3.584950e+060 6.908818e+058 
2.318292e+062 -5.711315e+060 -5.595336e+060 1.454462e+060 5.148289e+060 1.817246e+060 -1.021115e+061 -2.110715e+061 -2.203654e+061 -1.483761e+061 -4.872797e+060 6.254507e+058 
2.332778e+062 -4.719988e+060 -6.477773e+060 -4.387825e+060 -3.987821e+060 -7.973587e+060 -1.614989e+061 -2.211047e+061 -2.089197e+061 -1.413485e+061 -6.135689e+060 2.133060e+059 
2.352115e+062 -2.276558e+060 -4.353123e+060 -5.383515e+060 -6.220537e+060 -7.439592e+060 -9.300458e+060 -1.075038e+061 -1.038079e+061 -8.169102e+060 -4.809580e+060 1.031403e+059 
2.357565e+062 -1.456662e+060 -3.256999e+060 -4.915242e+060 -6.346347e+060 -7.584555e+060 -8.568328e+060 -8.954827e+060 -8.355404e+060 -6.686357e+060 -4.243498e+060 7.470527e+058 
2.362016e+062 -4.101155e+059 -1.016141e+060 -1.704580e+060 -2.388659e+060 -2.973276e+060 -3.376348e+060 -3.496987e+060 -3.264341e+060 -2.672742e+060 -1.782265e+060 1.017646e+058 
2.362270e+062 -3.298301e+059 -8.343285e+059 -1.425999e+060 -2.016837e+060 -2.516371e+060 -2.839214e+060 -2.910473e+060 -2.690190e+060 -2.187497e+060 -1.458553e+060 7.024300e+057 
2.363087e+062 -9.401075e+058 -2.417913e+059 -4.200761e+059 -6.022414e+059 -7.578964e+059 -8.645478e+059 -8.952716e+059 -8.413416e+059 -6.971908e+059 -4.758426e+059 6.458060e+056 
2.363248e+062 -3.915629e+058 -1.029762e+059 -1.816558e+059 -2.697384e+059 -3.442110e+059 -4.047530e+059 -4.297564e+059 -4.187273e+059 -3.547219e+059 -2.546049e+059 1.392799e+056 
2.363278e+062 -3.834780e+058 -1.014438e+059 -1.788161e+059 -2.635041e+059 -3.385543e+059 -3.947024e+059 -4.204922e+059 -4.060894e+059 -3.482534e+059 -2.467296e+059 1.333568e+056 
