2.334752e+062 -9.095395e+059 -2.703308e+060 -2.697981e+060 -1.177856e+060 1.149972e+060 3.043082e+060 5.815708e+060 4.883374e+060 1.919588e+060 2.336926e+059 -1.025280e+058 
2.341486e+062 -1.212995e+060 -2.012365e+060 -2.164353e+060 -2.916910e+060 -1.234995e+060 4.359455e+059 1.219388e+060 -8.127285e+058 -1.790555e+060 -2.128255e+060 6.188628e+057 
2.341636e+062 6.073034e+059 5.137672e+059 1.308796e+060 7.518127e+059 1.304100e+060 2.137375e+060 3.936296e+060 1.350945e+060 1.239129e+060 5.149913e+059 3.228680e+057 
2.339823e+062 1.728211e+060 1.462312e+060 2.808660e+060 2.976473e+060 3.674541e+060 3.689369e+060 3.570041e+060 3.511420e+060 2.276665e+060 1.306971e+060 1.659749e+058 
2.337635e+062 1.307771e+060 1.408355e+060 3.635204e+060 3.051257e+060 4.486379e+060 4.983296e+060 5.614990e+060 4.257929e+060 3.146672e+060 2.069320e+060 2.439971e+058 
2.339137e+062 1.284498e+060 2.231584e+060 2.960194e+060 3.009109e+060 4.070500e+060 2.350714e+060 2.930394e+060 1.371974e+060 9.472615e+059 4.312369e+059 8.847031e+057 
2.336458e+062 1.728805e+060 3.160064e+060 4.215531e+060 3.047274e+060 3.042312e+060 3.620492e+060 5.330138e+060 3.269079e+060 1.957564e+060 9.322719e+059 1.975665e+058 
2.339344e+062 1.586577e+060 2.505321e+060 4.092159e+060 3.586709e+060 4.601614e+060 4.041520e+060 3.694850e+060 2.651228e+060 2.321654e+060 1.360845e+060 2.040362e+058 
2.345527e+062 1.413978e+060 1.675500e+060 1.765340e+060 2.448848e+060 3.450374e+060 1.951583e+060 2.833389e+060 3.014710e+060 1.575091e+060 9.599360e+059 9.961618e+057 
2.349794e+062 6.936157e+059 7.920156e+059 1.396403e+060 1.517524e+060 1.652846e+060 1.570756e+060 1.026315e+060 1.452518e+060 1.495558e+060 8.047679e+059 3.697972e+057 
2.342743e+062 -6.176931e+060 -1.589763e+061 -2.727151e+061 -3.819601e+061 -4.662549e+061 -5.092777e+061 -5.016620e+061 -4.435860e+061 -3.433001e+061 -2.157738e+061 2.320954e+060 
2.348322e+062 -4.699522e+060 -1.212764e+061 -2.099788e+061 -2.976463e+061 -3.687596e+061 -4.101619e+061 -4.132768e+061 -3.753203e+061 -2.997686e+061 -1.957562e+061 1.492356e+060 
2.353151e+062 -3.029758e+060 -7.883837e+060 -1.373667e+061 -1.973553e+061 -2.471343e+061 -2.798137e+061 -2.868287e+061 -2.661419e+061 -2.181741e+061 -1.465845e+061 6.845028e+059 
2.351684e+062 -3.096763e+060 -8.153027e+060 -1.421620e+061 -2.012683e+061 -2.526372e+061 -2.848402e+061 -2.858634e+061 -2.596427e+061 -2.104113e+061 -1.383606e+061 6.935693e+059 
2.339573e+062 -4.296546e+060 -1.079422e+061 -1.886403e+061 -2.724946e+061 -3.586272e+061 -4.165292e+061 -4.070053e+061 -3.500851e+061 -2.753125e+061 -1.784663e+061 1.326136e+060 
2.343341e+062 -3.564725e+060 -8.880878e+060 -1.573415e+061 -2.332847e+061 -3.064622e+061 -3.526457e+061 -3.444842e+061 -3.009118e+061 -2.413354e+061 -1.589909e+061 9.534562e+059 
2.336771e+062 -3.537040e+060 -8.730154e+060 -1.547795e+061 -2.328973e+061 -3.225284e+061 -3.843155e+061 -3.713077e+061 -3.155606e+061 -2.509634e+061 -1.635173e+061 1.025217e+060 
2.341079e+062 -3.372161e+060 -8.594745e+060 -1.539915e+061 -2.335512e+061 -3.044870e+061 -3.511690e+061 -3.436816e+061 -3.001131e+061 -2.429957e+061 -1.594821e+061 9.365184e+059 
2.341002e+062 -3.781189e+060 -1.013078e+061 -1.772432e+061 -2.519648e+061 -3.322329e+061 -3.863409e+061 -3.764277e+061 -3.283131e+061 -2.620939e+061 -1.692966e+061 1.143885e+060 
2.341067e+062 -3.900286e+060 -1.055389e+061 -1.872359e+061 -2.651852e+061 -3.414931e+061 -3.961929e+061 -3.846486e+061 -3.340535e+061 -2.700533e+061 -1.754428e+061 1.223501e+060 
2.342033e+062 -4.591987e+060 -1.068677e+061 -1.816965e+061 -2.690297e+061 -3.540778e+061 -4.050009e+061 -3.992305e+061 -3.463310e+061 -2.669423e+061 -1.714060e+061 1.282839e+060 
2.339610e+062 -4.344262e+060 -9.929065e+060 -1.662106e+061 -2.473881e+061 -3.380026e+061 -4.014234e+061 -3.934296e+061 -3.336212e+061 -2.555097e+061 -1.639173e+061 1.165669e+060 
2.352597e+062 -2.709697e+060 -7.114485e+060 -1.241938e+061 -1.767218e+061 -2.244124e+061 -2.559386e+061 -2.585804e+061 -2.350929e+061 -1.918466e+061 -1.282667e+061 5.508140e+059 
2.356331e+062 -1.811973e+060 -4.948186e+060 -8.758626e+060 -1.243784e+061 -1.587646e+061 -1.838104e+061 -1.897562e+061 -1.775036e+061 -1.492786e+061 -1.024932e+061 2.864145e+059 
2.356115e+062 -2.093050e+060 -5.390366e+060 -9.393196e+060 -1.355005e+061 -1.724616e+061 -1.976137e+061 -2.044259e+061 -1.906334e+061 -1.573836e+061 -1.071035e+061 3.347931e+059 
2.356366e+062 -2.119902e+060 -5.520199e+060 -9.663925e+060 -1.388664e+061 -1.761093e+061 -2.014814e+061 -2.082962e+061 -1.948190e+061 -1.615714e+061 -1.100907e+061 3.501836e+059 
2.356942e+062 -2.005507e+060 -5.219234e+060 -9.149598e+060 -1.318530e+061 -1.668574e+061 -1.903947e+061 -1.975308e+061 -1.856655e+061 -1.544077e+061 -1.056347e+061 3.151933e+059 
2.357056e+062 -1.935136e+060 -5.029821e+060 -8.806879e+060 -1.268788e+061 -1.604079e+061 -1.828034e+061 -1.895156e+061 -1.779910e+061 -1.478611e+061 -1.010774e+061 2.907866e+059 
2.356650e+062 -2.026774e+060 -5.256831e+060 -9.171284e+060 -1.314844e+061 -1.653256e+061 -1.873681e+061 -1.930892e+061 -1.803466e+061 -1.489405e+061 -1.012716e+061 3.068957e+059 
2.356684e+062 -1.986821e+060 -5.160702e+060 -9.002533e+060 -1.294126e+061 -1.633433e+061 -1.856555e+061 -1.917255e+061 -1.794310e+061 -1.485279e+061 -1.011856e+061 3.000904e+059 
2.354639e+062 -2.526052e+060 -6.401655e+060 -1.085889e+061 -1.513445e+061 -1.850176e+061 -2.041946e+061 -2.044555e+061 -1.862443e+061 -1.506554e+061 -1.005504e+061 3.774729e+059 
2.355282e+062 -2.336164e+060 -5.918979e+060 -1.006454e+061 -1.411667e+061 -1.742206e+061 -1.938406e+061 -1.956404e+061 -1.789380e+061 -1.454385e+061 -9.767988e+060 3.365772e+059 
2.354484e+062 -2.553336e+060 -6.541048e+060 -1.117270e+061 -1.560710e+061 -1.905679e+061 -2.088795e+061 -2.073095e+061 -1.857902e+061 -1.471060e+061 -9.573786e+060 3.870691e+059 
2.332798e+062 -4.619574e+060 -1.219747e+061 -1.954295e+061 -2.582219e+061 -2.810720e+061 -2.779199e+061 -2.193981e+061 -1.588083e+061 -8.850241e+060 -3.086295e+060 6.053167e+059 
2.321717e+062 -8.800607e+060 -2.178009e+061 -3.486437e+061 -4.488381e+061 -4.809371e+061 -4.515731e+061 -3.563493e+061 -2.378792e+061 -1.220602e+061 -2.999115e+060 1.709720e+060 
2.307828e+062 -1.303409e+061 -3.265275e+061 -5.170832e+061 -6.510664e+061 -6.874881e+061 -6.170098e+061 -4.611256e+061 -2.739700e+061 -1.053922e+061 8.242618e+059 3.171780e+060 
2.301789e+062 -1.082859e+061 -2.808934e+061 -4.310133e+061 -5.237860e+061 -5.468705e+061 -4.995631e+061 -3.720250e+061 -2.377044e+061 -1.132681e+061 -1.152418e+060 2.160377e+060 
2.300873e+062 -8.728316e+060 -1.715615e+061 -1.824483e+061 -1.364778e+061 -3.090592e+060 1.255554e+060 4.534604e+060 -1.942967e+059 -3.259035e+060 -3.489062e+060 7.910370e+058 
2.283095e+062 -1.358310e+061 -3.010101e+061 -4.265719e+061 -4.903080e+061 -4.244726e+061 -3.532148e+061 -2.014306e+061 -1.284381e+061 -1.398774e+060 1.285517e+060 1.086450e+060 
