2.274062e+062 8.272763e+060 2.527480e+061 2.212125e+061 1.869576e+060 1.053096e+061 3.133871e+061 2.818296e+061 1.268956e+061 7.797331e+060 1.068377e+061 4.829444e+059 
2.349809e+062 9.911377e+059 3.991775e+060 3.937835e+060 1.140010e+060 6.021181e+059 2.295201e+060 2.995238e+060 2.393955e+060 1.991080e+060 1.271325e+060 1.259297e+058 
2.360812e+062 2.060842e+059 6.722370e+059 3.669103e+059 -3.054493e+059 -8.264217e+058 5.542008e+059 4.381706e+059 -1.731135e+059 -2.325790e+059 4.814695e+058 -1.604231e+056 
2.363018e+062 -2.194518e+058 -4.364817e+058 -1.306042e+059 -2.650564e+059 -3.305437e+059 -3.341462e+059 -3.343288e+059 -3.606656e+059 -3.260257e+059 -2.238003e+059 8.896750e+055 
2.363200e+062 -3.301385e+058 -8.624564e+058 -1.648383e+059 -2.585565e+059 -3.235607e+059 -3.664227e+059 -3.872990e+059 -3.854033e+059 -3.318331e+059 -2.321211e+059 1.153086e+056 
2.363250e+062 -3.585938e+058 -9.616028e+058 -1.719518e+059 -2.519768e+059 -3.262002e+059 -3.792939e+059 -4.042546e+059 -3.926976e+059 -3.363370e+059 -2.369316e+059 1.226451e+056 
2.363267e+062 -3.738830e+058 -9.989267e+058 -1.776010e+059 -2.598593e+059 -3.336945e+059 -3.890874e+059 -4.114383e+059 -3.993601e+059 -3.419231e+059 -2.424250e+059 1.291537e+056 
2.363230e+062 -4.068093e+058 -1.037574e+059 -1.766935e+059 -2.509071e+059 -3.214949e+059 -3.748122e+059 -3.990317e+059 -3.889644e+059 -3.343833e+059 -2.362384e+059 1.254709e+056 
2.363250e+062 -3.829969e+058 -1.014820e+059 -1.763176e+059 -2.560106e+059 -3.265152e+059 -3.800318e+059 -4.048248e+059 -3.939787e+059 -3.392143e+059 -2.429638e+059 1.268820e+056 
2.363261e+062 -3.768819e+058 -9.785488e+058 -1.740861e+059 -2.557018e+059 -3.301360e+059 -3.866337e+059 -4.098171e+059 -3.964635e+059 -3.404613e+059 -2.418728e+059 1.268101e+056 
2.361957e+062 -1.515649e+058 -7.356579e+058 1.578724e+059 1.973422e+058 -8.100370e+058 -2.197210e+059 -4.467751e+059 -2.866980e+059 -2.182366e+059 -1.221576e+059 -1.434997e+054 
2.341597e+062 -2.687903e+059 -2.135043e+060 1.202860e+060 -3.854767e+060 -3.566405e+060 -5.587901e+060 -9.116990e+060 -4.187796e+060 -4.850418e+060 -2.164652e+060 2.112059e+058 
2.304366e+062 -3.979771e+060 -9.925566e+060 -5.108933e+060 -1.715535e+061 -2.276436e+061 -2.959351e+061 -3.706435e+061 -2.371918e+061 -1.836598e+061 -9.701826e+060 6.126222e+059 
2.322719e+062 -3.147060e+060 -1.178122e+061 -1.312162e+061 -2.569389e+061 -2.946748e+061 -3.128225e+061 -3.632160e+061 -2.692138e+061 -2.258696e+061 -1.398000e+061 9.246206e+059 
2.331273e+062 -5.214413e+060 -1.409372e+061 -2.058437e+061 -2.957589e+061 -3.408373e+061 -3.722098e+061 -3.747953e+061 -3.086298e+061 -2.406576e+061 -1.388328e+061 1.295883e+060 
2.326606e+062 -6.691669e+060 -1.836567e+061 -2.774630e+061 -3.848551e+061 -4.437000e+061 -4.603520e+061 -4.335669e+061 -3.380738e+061 -2.421958e+061 -1.270782e+061 1.920596e+060 
2.328242e+062 -6.765380e+060 -1.665687e+061 -2.489676e+061 -3.479256e+061 -4.153455e+061 -4.428596e+061 -4.224826e+061 -3.274711e+061 -2.227495e+061 -1.168803e+061 1.682992e+060 
2.335166e+062 -5.733521e+060 -1.435963e+061 -2.213478e+061 -3.149227e+061 -3.856732e+061 -4.119111e+061 -4.000308e+061 -3.200857e+061 -2.255360e+061 -1.300009e+061 1.449909e+060 
2.345085e+062 -3.401488e+060 -9.292276e+060 -1.420974e+061 -2.169176e+061 -2.633168e+061 -2.889027e+061 -3.000361e+061 -2.550444e+061 -2.025280e+061 -1.288777e+061 7.405138e+059 
2.353855e+062 -1.722690e+060 -3.880750e+060 -5.629683e+060 -7.907493e+060 -9.949971e+060 -1.168236e+061 -1.283000e+061 -1.189431e+061 -9.596732e+060 -6.315352e+060 1.298676e+059 
2.360597e+062 -5.252930e+059 -1.163254e+060 -1.701985e+060 -2.251096e+060 -2.784455e+060 -3.142852e+060 -3.179516e+060 -2.757602e+060 -2.006027e+060 -1.191688e+060 8.742306e+057 
2.362306e+062 -3.171276e+059 -8.079278e+059 -1.370824e+060 -1.910103e+060 -2.326312e+060 -2.546229e+060 -2.517472e+060 -2.243541e+060 -1.756346e+060 -1.124948e+060 5.625408e+057 
2.361960e+062 -4.390569e+059 -1.134408e+060 -1.967457e+060 -2.799757e+060 -3.489008e+060 -3.908848e+060 -3.980129e+060 -3.659642e+060 -2.964921e+060 -1.971168e+060 1.317646e+058 
2.362820e+062 -1.682295e+059 -4.364649e+059 -7.629667e+059 -1.095600e+060 -1.377927e+060 -1.562033e+060 -1.608671e+060 -1.501796e+060 -1.236067e+060 -8.369410e+059 2.093398e+057 
2.362906e+062 -9.985716e+058 -2.614958e+059 -4.804471e+059 -7.262305e+059 -9.077358e+059 -1.014124e+060 -1.060712e+060 -1.012338e+060 -8.423775e+059 -5.702477e+059 8.850764e+056 
2.148926e+062 1.610808e+061 6.115330e+061 5.580693e+061 4.170014e+060 1.414196e+061 6.473445e+061 7.530845e+061 4.314967e+061 2.006700e+061 2.264848e+061 2.472725e+060 
2.260413e+062 9.981978e+060 2.684567e+061 2.237995e+061 -1.010243e+060 1.931610e+061 3.803610e+061 3.249998e+061 1.253650e+061 8.429782e+060 1.318822e+061 6.560992e+059 
1.769361e+062 4.140624e+061 1.471126e+062 1.435982e+062 3.974576e+061 1.122861e+062 2.405450e+062 2.785548e+062 1.928787e+062 1.469147e+062 1.429405e+062 4.158436e+061 
2.033333e+062 2.494748e+061 9.271926e+061 8.796297e+061 1.649713e+061 3.474357e+061 1.177499e+062 1.371831e+062 7.813813e+061 4.225650e+061 4.537814e+061 7.825853e+060 
2.323451e+062 2.298640e+060 1.078334e+061 1.396442e+061 6.960761e+060 2.666545e+060 4.834832e+060 8.323148e+060 8.917713e+060 7.040347e+060 4.550403e+060 1.380443e+059 
