2.281482e+062 -2.409508e+061 -5.793536e+061 -8.984823e+061 -1.094392e+062 -1.105273e+062 -9.331386e+061 -6.340215e+061 -3.024992e+061 -3.435884e+060 1.010082e+061 7.682223e+060 
2.282459e+062 -2.311123e+061 -5.535411e+061 -8.560975e+061 -1.043596e+062 -1.062761e+062 -9.132533e+061 -6.462034e+061 -3.418213e+061 -8.485860e+060 5.905617e+060 7.697435e+060 
2.283501e+062 -2.306294e+061 -5.539066e+061 -8.580223e+061 -1.047117e+062 -1.063463e+062 -9.087235e+061 -6.351070e+061 -3.265465e+061 -6.988981e+060 6.976461e+060 7.495135e+060 
2.280002e+062 -2.446748e+061 -5.870080e+061 -9.064542e+061 -1.096817e+062 -1.096870e+062 -9.115513e+061 -6.028309e+061 -2.680275e+061 -5.362871e+059 1.186245e+061 7.186266e+060 
2.286150e+062 -2.227909e+061 -5.388650e+061 -8.421951e+061 -1.036161e+062 -1.065502e+062 -9.239091e+061 -6.571785e+061 -3.508471e+061 -8.963066e+060 5.856702e+060 7.697910e+060 
2.296934e+062 -1.963611e+061 -4.796318e+061 -7.634266e+061 -9.655690e+061 -1.030520e+062 -9.441342e+061 -7.362212e+061 -4.665947e+061 -2.100860e+061 -3.251908e+060 8.350843e+060 
2.296759e+062 -1.943426e+061 -4.745782e+061 -7.553472e+061 -9.555067e+061 -1.019160e+062 -9.342502e+061 -7.280762e+061 -4.606632e+061 -2.081627e+061 -3.241087e+060 8.155701e+060 
2.279305e+062 -1.977897e+061 -4.634525e+061 -7.076353e+061 -8.767441e+061 -9.139858e+061 -8.086036e+061 -5.993488e+061 -3.654812e+061 -1.705097e+061 -3.717848e+060 6.398675e+060 
2.288454e+062 -1.973888e+061 -4.770629e+061 -7.407528e+061 -9.089963e+061 -9.474511e+061 -8.520323e+061 -6.472109e+061 -4.056856e+061 -1.825573e+061 -2.794894e+060 7.057993e+060 
2.270224e+062 -1.954788e+061 -4.248483e+061 -6.923896e+061 -9.774714e+061 -1.134381e+062 -1.031778e+062 -7.222633e+061 -3.966420e+061 -1.782670e+061 -4.990062e+060 8.427292e+060 
1.856697e+062 2.887399e+061 2.914201e+060 -5.493142e+061 -6.716587e+061 -8.118602e+061 -1.185698e+062 -1.064241e+062 -9.936175e+061 -6.530446e+061 -3.074983e+061 5.474428e+060 
1.871807e+062 2.281064e+061 -1.577590e+061 -4.263668e+061 -6.419839e+061 -8.599378e+061 -1.263433e+062 -1.051392e+062 -8.213127e+061 -6.398881e+061 -2.762317e+061 6.552961e+060 
2.128842e+062 -1.220122e+060 -1.998146e+061 -3.865043e+061 -7.214655e+061 -8.296377e+061 -7.845107e+061 -7.071657e+061 -4.970613e+061 -2.865540e+061 -1.556749e+061 4.936058e+060 
2.258546e+062 -1.671502e+061 -4.566528e+061 -7.326202e+061 -9.133557e+061 -9.711803e+061 -9.198667e+061 -6.945027e+061 -4.200077e+061 -2.053905e+061 -3.260906e+060 7.537832e+060 
2.175803e+062 -8.360997e+059 -1.552923e+061 -3.856798e+061 -5.361305e+061 -5.271194e+061 -4.532614e+061 -3.996139e+061 -3.906925e+061 -2.204521e+061 -6.860184e+060 2.307059e+060 
2.186244e+062 -3.639071e+059 -6.150486e+060 -1.673375e+061 -3.147593e+061 -2.223922e+061 -2.367999e+061 -2.033945e+061 -2.517831e+061 -1.207898e+061 -6.146589e+060 5.820108e+059 
2.285771e+062 -1.631175e+061 -4.073599e+061 -6.518637e+061 -8.450801e+061 -8.984387e+061 -8.398486e+061 -6.466455e+061 -4.320805e+061 -2.045044e+061 -3.998497e+060 6.364003e+060 
2.296643e+062 -1.796281e+061 -4.436976e+061 -7.050794e+061 -9.022763e+061 -9.683361e+061 -8.970797e+061 -7.083189e+061 -4.589506e+061 -2.198265e+061 -4.585348e+060 7.457414e+060 
2.291503e+062 -1.685996e+061 -4.180383e+061 -6.696250e+061 -8.510860e+061 -9.123085e+061 -8.576892e+061 -6.860318e+061 -4.484509e+061 -2.199387e+061 -5.569976e+060 6.789551e+060 
2.289868e+062 -1.673635e+061 -4.194120e+061 -6.689376e+061 -8.460567e+061 -9.104722e+061 -8.478334e+061 -6.611635e+061 -4.271966e+061 -1.963444e+061 -3.855006e+060 6.496651e+060 
2.290629e+062 -1.260469e+061 -3.189348e+061 -5.305563e+061 -6.792877e+061 -7.294925e+061 -6.946554e+061 -5.657345e+061 -3.884678e+061 -1.926468e+061 -6.141606e+060 4.328833e+060 
