1.000000e-030   1.000000e-030   1.000000e-030   2.500000e-001   1.000000e-030   1.000000e-030   1.000000e-030   1.000000e-030   1.000000e-030   1.000000e-030   1.000000e-030   2.500000e-001   1.000000e-030   6.619976e-229   1.000000e-030   1.000000e-030   9.370247e-246   2.500000e-001   1.000000e-030   1.000000e-030   1.000000e-030   2.500000e-001   1.000000e-030   1.000000e-030   1.000000e-030   1.000000e-030   1.000000e-030   1.000000e-030   6.833644e-200   1.000000e-030   1.000000e-030   1.000000e-030   

1.000000e-030   1.000000e-030   1.000000e-030   3.447904e-261   1.000000e-030   1.000000e-030   1.000000e-030   1.000000e-030   1.000000e-030   5.147278e-242   1.000000e-030   2.397293e-248   1.000000e-030   2.942212e-229   1.000000e-030   1.000000e-030   6.666667e-001   1.000000e-030   1.000000e-030   1.000000e-030   1.000000e-030   1.838882e-260   1.000000e-030   1.000000e-030   2.859522e-149   7.148998e-243   1.000000e-030   1.000000e-030   3.333333e-001   1.000000e-030   1.000000e-030   2.537453e-243   

1.000000e-030   1.000000e-030   1.893201e-236   3.064804e-291   1.000000e-030   9.996276e-239   2.838619e-238   2.318206e-237   1.000000e-030   1.666667e-001   1.000000e-030   5.746507e-292   1.000000e-030   4.413317e-229   1.000000e-030   1.000000e-030   1.000000e-030   1.000000e-030   7.730573e-236   1.000000e-030   1.000000e-030   1.000000e-030   1.000000e-030   1.000000e-030   1.666667e-001   3.333333e-001   1.000000e-030   1.000000e-030   4.506701e-244   1.000000e-030   1.000000e-030   3.333333e-001   

1.000000e-030   7.569777e-232   1.428571e-001   1.000000e-030   1.000000e-030   2.857143e-001   1.428571e-001   1.428571e-001   1.000000e-030   1.000000e-030   1.000000e-030   4.397184e-322   1.000000e-030   3.784624e-229   1.000000e-030   1.000000e-030   1.000000e-030   2.047633e-230   2.857143e-001   1.000000e-030   1.000000e-030   1.054486e-012   1.000000e-030   1.000000e-030   1.000000e-030   1.643372e-239   1.000000e-030   1.000000e-030   1.000000e-030   1.000000e-030   1.000000e-030   1.000000e-030   

1.000000e-030   2.500000e-001   1.000000e-030   1.000000e-030   1.000000e-030   1.000000e-030   1.000000e-030   1.000000e-030   1.000000e-030   1.000000e-030   1.000000e-030   1.000000e-030   1.000000e-030   2.500000e-001   1.000000e-030   1.000000e-030   1.000000e-030   3.750000e-001   1.740859e-233   1.000000e-030   1.000000e-030   1.250000e-001   1.000000e-030   1.000000e-030   1.000000e-030   1.000000e-030   1.000000e-030   1.000000e-030   1.000000e-030   1.000000e-030   1.000000e-030   1.000000e-030   

