-29
-3
16
54
90
97
116
120
109
93
64
42
26
14
3
-19
-35
-78
-112
-103
-97
-85
-44
-25
-48
-70
-94
-110
-103
-104
-98
-73
-55
-42
-37
-52
-79
-99
-106
-101
-54
-8
14
18
-9
-40
-65
-59
-14
44
112
160
173
161
127
85
40
16
8
27
53
65
65
21
-31
-85
-137
-165
-164
-149
-136
-119
-106
-112
-131
-124
-119
-103
-61
-11
39
82
112
126
133
119
100
85
84
102
130
143
124
100
58
15
13
12
18
24
-6
-45
-82
-104
-84
-57
-16
4
-8
-17
-26
-17
-13
-16
-10
-11
2
15
27
29
3
-28
-77
-109
-125
-114
-79
-56
-40
-53
-67
-73
-56
-17
22
59
69
52
34
11
-5
2
14
9
-9
-41
-86
-121
-147
-160
-150
-128
-96
-48
-23
-3
11
5
8
27
64
113
142
135
133
120
85
95
104
102
114
114
121
104
79
57
17
-1
-7
-2
22
44
67
77
55
26
2
-20
-17
10
38
54
68
68
44
5
-24
-27
-18
28
84
118
132
116
68
11
-23
-40
-22
18
47
63
46
-2
-71
-120
-137
-123
-91
-63
-55
-51
-47
-38
-22
-8
6
-8
-25
-42
-60
-59
-63
-67
-71
-77
-89
-87
-65
-41
-13
5
19
27
36
60
78
99
114
98
80
59
51
67
75
76
71
48
15
-10
-15
-22
-15
3
6
13
0
-12
-25
-31
-21
-14
15
38
55
59
44
27
1
-2
7
22
50
68
75
65
24
-26
-64
-80
-69
-25
20
52
64
52
14
-32
-66
-71
-50
-13
19
41
47
20
-3
-23
-35
-19
5
28
24
-1
-15
-32
-31
-12
6
14
9
-15
-46
-70
-97
-113
-114
-120
-112
-93
-75
-51
-28
-33
-52
-63
-57
-32
9
45
63
60
39
14
-13
-24
-31
-32
-11
0
2
0
-18
-48
-76
-90
-100
-82
-46
-19
14
26
16
0
-15
-14
-10
5
31
36
27
11
-4
-11
-9
9
17
21
32
31
36
32
21
33
31
38
62
61
59
52
26
14
11
11
24
35
18
-12
-41
-69
-74
-64
-48
-35
-39
-54
-76
-101
-114
-122
-112
-88
-85
-80
-80
-96
-102
-102
-109
-109
-98
-72
-36
-9
8
7
-12
-29
-37
-31
-6
25
45
46
41
29
21
9
9
16
18
34
51
70
83
90
78
62
49
41
57
73
97
112
116
107
85
64
49
37
28
24
17
18
14
9
16
16
4
-12
-19
-31
-25
-2
9
27
33
25
19
20
25
29
41
44
50
60
68
73
68
55
24
-1
-17
-23
-3
18
26
27
15
-7
-26
-41
-42
-39
-23
-3
16
41
55
56
53
41
32
33
38
42
41
38
31
17
11
-1
-16
-23
-26
-33
-29
-20
-9
-5
-3
-10
-25
-28
-26
-5
12
24
30
32
22
21
24
15
28
35
27
32
27
20
27
25
10
-5
-21
-21
-6
9
33
34
10
-10
-28
-34
-34
-19
1
17
36
45
46
46
36
26
18
1
5
11
23
38
38
32
17
2
-11
-15
-10
-11
-17
-38
-66
-85
-94
-93
-82
-80
-72
-67
-64
-62
-65
-64
-63
-55
-50
-43
-35
-32
-32
-37
-48
-55
-58
-63
-60
-63
-78
-94
-101
-105
-98
-86
-78
-61
-45
-22
-3
11
24
29
37
40
54
63
73
80
75
65
47
26
10
-9
-23
-35
-45
-48
-57
-53
-48
-51
-50
-53
-52
-45
-28
-8
7
20
24
30
36
46
60
62
58
47
37
24
19
21
19
21
24
12
-8
-28
-38
-44
-42
-33
-29
-25
-23
-20
-14
-2
18
30
36
40
36
32
29
24
23
28
25
22
23
24
25
27
19
8
-4
-9
-7
5
20
29
21
2
-15
-29
-34
-34
-28
-32
-35
-45
-52
-54
-45
-25
1
29
39
42
51
48
46
53
57
58
54
52
45
25
5
-14
-26
-38
-46
-52
-55
-51
-44
-36
-31
-27
-21
-17
-2
16
43
66
76
81
71
65
65
69
73
72
75
75
63
46
36
38
42
51
53
41
36
29
24
30
41
46
48
50
53
55
55
53
53
49
45
42
32
17
13
2
-18
-37
-57
-72
-81
-71
-56
-57
-59
-70
-84
-85
-76
-66
-55
-48
-54
-65
-85
-98
-105
-108
-101
-91
-80
-72
-70
-72
-74
-70
-59
-47
-29
-1
27
43
49
44
40
48
62
82
97
103
99
91
84
71
64
54
41
40
38
39
49
51
48
43
39
31
27
32
39
51
59
50
36
28
26
21
9
-2
-18
-32
-45
-58
-64
-68
-76
-77
-67
-54
-44
-30
-22
-21
-14
-10
-2
15
28
35
34
28
14
8
8
8
18
21
9
0
-16
-30
-35
-41
-40
-37
-32
-22
-18
-12
1
4
5
10
25
45
54
55
47
32
18
7
1
1
0
-2
-13
-33
-52
-64
-71
-74
-73
-67
-48
-22
2
23
30
27
25
17
25
46
63
79
90
89
88
80
70
65
58
54
58
51
33
10
-4
-9
-15
-14
-12
-12
-13
-15
-25
-34
-40
-36
-25
-13
-7
-10
-17
-26
-27
-30
-30
-28
-29
-33
-40
-45
-50
-61
-62
-59
-51
-44
-43
-38
-39
-42
-50
-63
-75
-83
-79
-65
-48
-34
-29
-29
-34
-29
-18
-13
-5
-7
-11
-12
-11
-10
-11
-6
4
12
10
-3
-14
-20
-27
-28
-33
-39
-31
-25
-18
-9
-8
-5
-8
-13
-6
7
24
40
50
56
52
43
37
28
21
19
20
25
24
12
-1
-12
-15
-17
-13
-5
12
37
56
70
78
80
85
96
106
113
108
91
72
56
38
20
3
-12
-18
-22
-27
-38
-46
-56
-56
-48
-40
-31
-25
-12
-3
4
10
17
24
35
45
46
41
39
28
15
7
-1
-7
-12
-14
-10
-8
-10
-11
-23
-29
-31
-32
-36
-34
-33
-34
-34
-36
-30
-20
-6
10
13
0
-15
-37
-41
-28
-11
8
27
42
49
50
46
48
48
44
40
39
39
35
32
24
9
-10
-38
-64
-76
-71
-51
-40
-38
-36
-38
-38
-34
-26
-18
-7
-2
-3
-4
-7
2
15
26
27
21
9
-9
-27
-47
-60
-57
-48
-41
-43
-50
-61
-68
-69
-59
-41
-23
-3
8
8
6
10
24
45
66
83
86
87
87
77
60
39
12
-7
-19
-23
-12
-3
1
-1
-12
-22
-23
-18
-3
17
29
32
23
14
15
30
51
72
81
82
71
46
19
0
-13
-19
-11
-1
2
4
-10
-25
-41
-63
-72
-76
-68
-43
-11
18
43
53
53
40
32
41
68
115
145
151
132
88
47
11
-10
-15
-14
-15
-29
-53
-89
-113
-123
-118
-90
-66
-49
-45
-51
-48
-44
-28
7
36
62
67
65
57
34
25
19
14
11
2
-4
-11
-11
-2
0
0
-4
-13
-12
0
6
19
18
11
15
14
26
34
40
39
36
24
-2
-37
-68
-93
-102
-89
-74
-66
-66
-74
-79
-78
-74
-62
-44
-26
-10
-6
-9
-11
-20
-21
-19
-15
-1
22
52
67
73
72
58
49
40
28
24
17
13
13
-4
-32
-47
-67
-84
-78
-64
-36
-10
23
42
44
68
96
124
136
142
138
118
108
107
103
95
94
88
67
48
33
4
-26
-36
-40
-50
-46
-42
-51
-51
-57
-59
-55
-46
-24
-18
2
11
7
11
11
8
-12
-32
-45
-58
-68
-72
-73
-80
-75
-69
-57
-50
-48
-30
-29
-29
-19
-14
6
32
49
65
76
79
77
69
54
38
39
39
42
35
4
-32
-63
-89
-105
-109
-102
-96
-94
-72
-54
-49
-33
-12
3
16
30
35
35
35
33
33
29
26
25
15
0
-5
-14
-18
-4
2
5
5
4
6
-6
0
5
-5
-17
-27
-32
-36
-15
11
18
28
22
8
4
12
11
12
23
26
24
25
37
50
59
77
75
48
26
15
9
11
27
36
27
22
9
-20
-45
-60
-64
-65
-53
-39
-37
-46
-56
-67
-97
-118
-121
-118
-116
-111
-83
-66
-63
-44
-40
-48
-43
-25
0
28
54
73
77
61
47
26
12
20
34
52
60
53
39
16
19
44
59
78
87
74
59
53
54
51
65
76
77
88
88
87
86
98
115
112
112
110
87
60
48
45
38
31
39
41
31
27
29
11
-7
-8
-23
-38
-46
-50
-50
-50
-37
-29
-37
-53
-74
-87
-97
-81
-69
-79
-89
-105
-117
-122
-123
-100
-77
-61
-43
-36
-43
-50
-47
-50
-46
-32
-12
0
12
24
16
7
2
-8
-24
-42
-55
-64
-63
-45
-34
-24
1
23
40
43
52
63
53
59
51
28
13
11
30
54
81
112
119
100
93
66
20
5
-10
-21
-16
-18
-13
-21
-29
-31
-59
-74
-80
-94
-96
-80
-60
-63
-61
-60
-70
-81
-90
-90
-93
-76
-50
-38
-31
-40
-47
-57
-62
-40
-18
2
26
52
56
42
31
8
-2
-2
9
23
24
27
31
24
13
1
-14
-23
-13
4
22
34
44
59
50
53
77
68
94
128
119
127
122
106
100
93
99
92
72
83
75
65
85
83
77
69
59
69
59
50
50
9
-9
2
-7
4
17
20
14
2
-1
-13
-33
-37
-35
-40
-25
3
6
4
-4
-19
-24
-24
-4
21
31
45
48
49
36
20
25
23
10
3
-11
-45
-66
-70
-92
-97
-85
-85
-93
-82
-90
-109
-112
-108
-94
-90
-67
-48
-46
-30
-7
-14
-20
-7
0
15
16
23
8
-29
-25
-39
-53
-40
-36
-36
-25
-7
6
-18
-35
-41
-71
-59
-41
-42
-28
-31
-38
-50
-59
-53
-53
-54
-38
-16
-8
-3
2
4
0
12
45
66
91
115
119
114
96
85
78
85
104
121
132
125
112
95
73
60
61
53
35
23
10
-6
-26
-44
-58
-76
-79
-72
-79
-94
-92
-98
-102
-98
-98
-96
-78
-62
-51
-30
-21
-15
-10
-6
-7
-14
-2
15
45
65
65
51
14
-7
3
9
25
45
46
39
28
18
12
4
14
36
45
54
63
51
25
16
-3
-19
-14
6
28
35
46
28
-9
-27
-26
-11
5
25
31
6
-20
-31
-42
-47
-27
-9
6
20
22
19
-1
-26
-44
-57
-56
-40
-27
-22
-20
-16
-31
-54
-51
-56
-54
-51
-54
-55
-53
-38
-25
-10
-7
-18
-32
-36
-23
-7
17
34
44
41
35
37
36
36
36
36
19
18
31
33
30
23
11
-12
-22
-17
-16
-13
-6
7
13
13
20
16
8
5
-3
-13
-16
3
30
48
75
95
86
74
58
27
1
0
5
19
28
34
41
30
11
-20
-53
-64
-43
-14
11
30
23
0
-12
-23
-22
-14
-5
-2
2
2
5
22
25
17
6
-14
-32
-34
-26
-19
4
24
25
3
-26
-49
-56
-42
-9
15
28
40
38
24
3
-4
-12
-14
3
2
-11
-37
-55
-53
-66
-62
-42
-38
-36
-27
-28
-41
-42
-42
-45
-30
-11
12
27
35
34
12
-1
-12
-17
2
26
47
40
17
-10
-32
-41
-37
-16
-8
-18
-14
-23
-39
-33
-27
-17
4
34
50
50
46
36
21
20
31
39
39
34
22
10
-2
-2
13
19
29
32
23
11
-2
-5
-9
-14
-1
-4
2
15
9
5
3
0
-9
0
13
16
24
32
38
33
29
28
21
18
23
32
40
44
46
48
40
30
24
2
-17
-14
-14
-13
-1
4
-7
-18
-27
-42
-61
-74
-68
-51
-30
-5
7
-6
-27
-42
-51
-61
-49
-31
-31
-7
4
1
9
13
24
33
29
24
18
6
19
39
50
69
80
63
41
26
2
-6
10
13
27
30
28
21
9
13
24
33
42
58
52
49
61
65
65
59
43
29
13
-9
-20
-25
-30
-18
-10
-25
-58
-85
-106
-110
-95
-74
-55
-52
-46
-46
-60
-71
-72
-61
-53
-35
-29
-39
-36
-38
-40
-39
-29
-33
-34
-20
-17
-17
-14
-10
-16
-16
-7
10
27
43
63
53
35
26
16
5
14
25
19
17
9
-7
-14
-10
-9
-2
6
2
10
12
7
14
10
5
17
22
15
15
7
5
8
21
28
22
17
4
1
-8
-14
-9
-11
-4
11
9
10
8
-8
-6
-10
-16
-10
-9
-1
20
35
54
65
63
53
35
28
18
24
40
38
47
49
37
38
19
7
3
-11
-5
0
-10
-20
-25
-28
-26
-17
-14
-14
-12
1
7
4
3
-5
-2
-4
-4
0
-4
5
10
9
4
-1
-12
-23
-44
-47
-59
-65
-51
-45
-35
-28
-30
-39
-40
-37
-34
-23
-17
-14
-26
-40
-49
-54
-53
-52
-33
-33
-23
-14
-29
-33
-36
-28
-19
-9
3
20
21
25
40
35
45
58
62
65
51
44
42
38
36
23
4
8
20
31
39
21
13
-12
-21
-18
-26
-13
-4
18
27
23
15
-4
-14
-15
-18
-13
-8
-14
-21
-37
-51
-61
-65
-61
-44
-32
-21
-6
1
-1
-6
-2
9
10
18
22
23
20
23
22
12
7
-1
0
2
7
7
3
8
12
21
34
49
72
75
75
64
45
38
34
44
46
61
71
83
83
73
62
54
39
34
33
25
24
15
10
15
19
17
24
23
18
21
25
33
35
36
28
23
11
7
8
4
-3
-10
-18
-29
-32
-31
-32
-22
-20
-17
-21
-27
-26
-30
-21
-9
0
-1
-8
-9
-21
-24
-23
-18
-15
-31
-37
-51
-64
-70
-69
-63
-64
-58
-68
-79
-82
-79
-66
-42
-13
-3
2
-9
-25
-35
-44
-37
-30
-16
-2
-1
-4
-13
-28
-45
-58
-71
-70
-61
-53
-47
-52
-60
-71
-76
-68
-56
-45
-32
-10
11
20
18
9
6
0
-2
4
-6
-11
-14
-11
-4
-9
-4
-5
-3
2
2
6
12
25
32
32
30
28
32
39
46
36
29
21
22
32
35
36
31
29
25
25
28
33
33
24
11
0
6
20
45
69
77
76
62
46
26
11
13
17
26
23
16
10
-4
-11
-19
-26
-24
-20
-3
9
17
23
25
30
38
37
37
36
40
50
54
56
45
28
15
4
-13
-21
-23
-21
-11
0
5
-2
-12
-17
-17
-11
2
22
33
41
38
29
16
11
11
13
20
15
8
-7
-28
-33
-31
-24
-21
-14
-16
-22
-16
-21
-17
-10
5
22
33
40
34
21
7
3
-3
2
-1
-13
-27
-40
-55
-72
-70
-67
-62
-52
-52
-49
-46
-40
-23
-7
2
4
2
-5
-12
-17
-15
-15
-10
-16
-28
-44
-70
-74
-77
-65
-56
-50
-39
-39
-27
-25
-10
-2
10
30
43
56
51
60
53
51
47
34
25
20
22
17
15
6
-2
-14
-16
-13
-16
0
3
11
22
28
39
38
51
48
53
54
52
60
58
65
58
57
46
31
28
17
17
13
10
5
-5
-5
-9
-4
5
17
24
24
26
17
1
-10
-14
-11
-6
-1
6
4
4
-4
-21
-31
-41
-37
-37
-32
-29
-29
-23
-20
-18
-25
-24
-21
-17
-7
-4
1
3
8
14
7
3
0
-3
-5
-4
-5
-9
-7
-10
-18
-25
-37
-42
-39
-32
-22
-19
-21
-29
-33
-36
-39
-31
-30
-29
-24
-16
1
10
18
24
17
15
10
18
21
27
33
24
22
7
6
7
2
2
-7
-21
-28
-32
-31
-26
-18
-17
-22
-20
-17
-7
8
12
20
20
22
25
27
26
23
28
27
25
28
23
19
12
3
-6
-11
-13
-18
-19
-26
-32
-30
-30
-20
-13
-10
-7
-6
-6
-7
-3
0
1
4
2
3
1
-6
-8
-13
-16
-11
-11
-13
-7
-3
-2
-1
-3
-2
3
8
21
27
29
26
22
19
15
19
27
28
29
27
26
21
15
16
16
13
14
10
4
-1
-3
1
-2
-6
-8
-11
-4
5
16
17
10
7
-1
-7
-8
-7
-2
3
10
11
4
-1
-5
-6
-3
3
8
8
6
3
1
-4
-9
-10
-15
-21
-23
-20
-18
-14
-12
-17
-32
-45
-47
-43
-32
-20
-10
-2
-1
0
-5
-10
-12
-5
5
15
25
31
31
23
16
4
-3
0
4
11
8
4
-3
-4
-4
-3
4
7
9
11
14
21
29
38
42
36
29
20
22
21
25
27
16
7
-2
-13
-20
-21
-23
-21
-14
-8
-4
-2
-2
-2
-1
9
20
26
30
31
27
20
9
4
1
-3
-5
-8
-13
-22
-30
-37
-46
-46
-43
-40
-28
-17
-6
0
8
14
18
26
30
41
48
50
51
43
31
18
6
-5
-12
-13
-17
-25
-35
-42
-44
-43
-39
-31
-25
-16
-11
-5
0
7
15
22
28
29
29
30
29
26
24
17
11
3
-3
-11
-16
-19
-20
-24
-22
-19
-18
-17
-17
-16
-9
-2
6
12
21
28
32
34
30
24
19
13
10
8
4
0
-2
-9
-20
-29
-35
-34
-32
-25
-14
-7
-3
-4
-7
-10
-13
-11
-5
2
7
9
13
9
2
-2
-11
-16
-18
-20
-20
-19
-18
-24
-26
-28
-28
-27
-27
-26
-23
-13
-8
0
7
6
5
4
4
6
8
13
13
10
8
3
-1
-8
-8
-13
-12
-10
-9
-6
-2
3
6
4
2
5
4
2
8
8
6
3
-1
-3
-5
-6
-2
2
2
2
3
3
2
2
1
-3
-1
-4
-4
1
4
10
13
14
14
11
6
4
3
7
13
18
20
16
12
4
-3
-10
-15
-14
-16
-10
-6
-11
-11
-18
-22
-26
-30
-26
-21
-14
-7
4
9
8
10
8
4
2
3
3
10
13
17
20
18
13
5
4
1
6
14
20
26
25
25
22
21
22
21
27
31
33
37
36
30
21
13
11
5
5
0
-2
-2
-10
-18
-26
-33
-35
-36
-34
-30
-28
-23
-18
-15
-14
-9
-9
-10
-6
1
14
33
42
47
42
33
28
26
26
25
27
17
11
2
-8
-24
-32
-41
-51
-52
-62
-64
-65
-60
-46
-37
-16
-6
8
25
33
48
52
52
52
42
37
27
25
24
14
7
-2
-10
-11
-5
1
3
9
15
24
29
26
27
25
37
41
53
52
53
65
71
82
94
112
131
155
165
145
133
119
96
62
23
-9
-81
-125
-171
-209
-214
-199
-149
-103
-52
15
49
61
66
43
37
-4
1
3
-16
-16
-24
-15
-52
-85
-86
-71
-47
-19
14
53
43
31
16
-32
-73
-123
-169
-181
-162
-119
-115
-92
-66
-30
14
38
74
92
72
45
18
-4
-51
-70
-93
-117
-86
-81
-30
13
72
133
169
198
217
200
163
89
1
-95
-193
-234
-271
-258
-254
-244
-219
-195
-138
-57
-8
35
59
75
52
0
-95
-208
-287
-354
-342
-315
-250
-163
-64
51
160
233
263
267
247
218
190
173
158
129
107
72
-1
-98
-210
-260
-262
-218
-99
16
138
244
341
403
372
343
249
203
175
148
155
140
123
115
100
73
51
15
-23
-66
-94
-124
-143
-157
-150
-166
-205
-258
-282
-312
-309
-255
-178
-47
49
108
162
183
180
149
130
142
178
210
208
211
212
161
113
77
19
-50
-110
-160
-203
-213
-208
-176
-165
-160
-132
-71
-26
42
126
204
277
289
277
198
124
35
-22
-43
-70
-39
-19
-19
-28
-39
-49
-63
-61
-67
-103
-118
-114
-113
-107
-81
-53
-101
-171
-173
-152
-113
-46
26
109
168
191
192
162
112
67
38
39
81
134
169
204
212
197
176
147
119
54
-49
-156
-225
-276
-346
-363
-338
-322
-276
-249
-190
-79
9
78
106
86
35
22
-13
-54
-92
-102
-36
45
133
210
242
247
246
234
186
100
19
-71
-112
-133
-129
-80
-50
-31
14
48
52
81
128
204
291
304
272
285
268
210
152
91
46
36
53
98
160
181
172
115
6
-97
-222
-374
-485
-542
-541
-482
-436
-329
-170
-44
59
158
246
330
395
401
408
393
297
136
-1
-126
-211
-268
-294
-288
-222
-127
-27
105
229
338
358
331
271
179
65
-31
-96
-123
-133
-138
-100
-78
-75
-73
-100
-148
-165
-135
-100
-105
-163
-224
-263
-262
-219
-172
-156
-161
-163
-182
-181
-160
-184
-249
-270
-257
-206
-127
-58
8
76
96
96
123
169
204
211
206
168
113
38
-24
-109
-214
-310
-356
-306
-209
-65
79
178
251
298
327
322
301
269
186
104
33
-26
-94
-175
-243
-292
-302
-316
-306
-216
-108
-28
20
92
145
175
172
99
-7
-128
-210
-243
-202
-110
8
97
161
192
225
239
192
134
115
93
53
47
33
21
-20
-84
-140
-195
-246
-235
-195
-109
21
119
191
227
232
265
258
191
147
100
83
82
88
123
155
171
152
145
85
-20
-99
-168
-200
-230
-206
-123
-18
73
129
138
147
108
70
103
157
191
170
179
221
248
232
161
41
-49
-137
-195
-238
-276
-276
-240
-156
-92
-72
-95
-40
19
70
126
177
228
240
198
152
130
57
-2
-69
-117
-152
-192
-211
-218
-157
-121
-151
-186
-229
-219
-191
-163
-81
14
63
110
155
229
254
207
155
133
121
124
138
102
70
31
-53
-86
-45
-69
-45
-40
-60
-90
-72
-30
-11
13
55
77
10
15
57
158
185
209
154
45
-19
-78
-136
-224
-281
-322
-347
-382
-350
-327
-310
-272
-178
-77
14
100
172
212
191
161
100
67
5
-40
-121
-189
-158
-120
-64
26
116
154
127
67
86
116
129
123
131
135
128
112
46
18
10
-22
-36
-25
10
104
136
156
215
271
286
273
251
231
227
242
267
247
245
226
140
30
-40
-117
-186
-251
-267
-216
-153
-109
-71
-16
16
32
14
-2
5
27
25
-52
-106
-138
-169
-174
-216
-271
-308
-278
-219
-131
-39
60
127
117
94
48
13
-7
-36
-62
-44
-34
-77
-74
-30
-26
-45
-75
-114
-65
-3
14
69
102
132
125
82
2
-137
-230
-267
-318
-346
-306
-256
-237
-153
-20
86
138
169
135
73
10
-109
-207
-286
-297
-266
-199
-89
-16
124
190
190
195
180
251
309
322
305
320
350
335
290
273
234
179
79
-57
-154
-147
-92
-102
-100
-88
-125
-172
-161
-164
-164
-173
-126
-56
-7
25
47
59
60
121
197
199
122
79
19
-72
-111
-123
-178
-242
-269
-344
-451
-438
-312
-228
-121
11
90
111
117
138
117
56
15
28
74
135
203
208
189
186
176
95
13
7
-28
-80
-105
-75
-23
-12
17
28
35
78
98
79
45
57
41
45
57
30
-30
-50
-89
-162
-175
-199
-194
-213
-227
-216
-192
-97
-32
8
81
68
71
136
219
299
293
227
183
110
61
97
118
188
229
159
133
18
310
678
-16
-103
358
189
54
-153
53
377
431
547
-200
-225
480
-141
-336
-131
545
910
-14
-143
-11
-467
-393
-442
-250
145
227
298
-555
-545
-131
-153
-150
-67
168
409
13
-51
-164
-557
-299
109
378
254
271
141
-11
-221
-363
-271
90
292
383
156
166
-24
-376
-140
-151
-63
275
395
100
20
136
-193
-443
74
102
52
271
329
265
-44
67
162
100
286
91
51
148
-192
-155
-186
-254
-146
-188
-91
-165
-81
-34
-385
-295
-34
-209
-117
-123
-220
-174
-169
-56
-329
-193
101
-122
134
65
-58
36
148
249
252
277
217
41
-91
108
41
7
-105
-260
-17
-202
-300
-270
-232
174
26
76
-31
-150
-16
-249
-80
86
-19
160
131
-6
-36
-191
-255
8
90
74
26
-152
-149
-182
-109
-76
-133
-67
-32
-273
-132
116
-62
125
40
-120
122
-26
-91
-109
-102
10
-158
113
80
126
177
21
243
14
-160
-164
119
153
-173
-56
-239
-180
43
-33
-40
90
119
-191
-260
10
-265
-345
195
123
-77
215
-67
-241
-269
-232
-223
-16
612
150
-157
193
-23
-333
-54
570
514
363
434
114
-151
-278
-20
13
218
558
81
68
222
-250
-415
-275
146
437
264
459
250
-253
-192
-268
-33
319
274
257
17
32
-198
-608
-37
160
211
468
453
186
-300
-261
-184
-266
166
254
244
173
-12
-329
-604
-99
19
154
467
212
128
-50
-128
-70
-14
566
353
87
319
-37
-333
-259
5
136
133
236
70
-144
-33
-140
-158
310
390
46
33
-21
-97
-104
-320
-272
69
-40
-159
-212
-164
-201
-228
56
-48
-53
42
-121
-88
-160
-69
72
92
152
110
44
-216
-204
-46
-20
52
119
101
-155
-163
-39
-134
112
255
210
86
17
50
-231
-201
275
431
454
352
265
160
-150
-134
-169
13
345
-11
-111
-201
-332
-203
-178
-76
-92
165
179
-250
-91
-31
-17
215
223
183
71
143
-167
-275
100
-132
-74
101
-41
-5
-81
-226
-291
23
88
-131
44
13
-182
-12
-65
-70
158
282
30
13
274
-25
-265
121
313
114
234
213
59
66
113
-33
-9
239
214
-176
-185
-34
-170
-310
-201
122
103
-79
25
-65
-198
-97
8
-33
-15
95
88
-46
-170
-282
-195
-46
61
25
-165
-171
-178
-95
-153
70
410
152
-116
-58
-88
-291
-269
151
253
104
24
-126
-251
-238
-176
-55
320
238
6
68
-225
-370
-86
74
187
306
412
55
-124
-45
-426
-356
302
281
-36
41
99
-383
-643
-370
-84
112
183
212
92
-157
-282
-286
-118
144
196
155
47
-30
-204
-316
-147
64
165
113
128
137
-45
-250
-333
-35
260
177
174
141
-16
-225
-252
-81
30
256
434
389
172
-150
-224
-41
64
238
283
153
119
1
-192
-140
-54
120
146
67
154
70
-138
-94
-64
5
148
-35
78
127
41
-54
-208
-4
136
-22
143
19
-50
-50
-215
-30
-121
-73
-128
-126
44
-1
5
-38
-74
-18
13
202
162
187
202
-162
-132
-146
-25
82
114
262
-30
-236
-71
-173
-75
116
284
386
36
63
-5
-91
-8
90
477
541
309
235
10
66
36
-171
148
481
540
191
-55
-61
-290
-566
-259
107
219
172
105
12
-326
-271
-189
-103
212
419
187
-26
58
-384
-525
-9
60
41
0
251
91
-86
-72
-545
-487
82
132
-314
-15
123
-188
-197
-130
-172
-297
209
31
-476
239
257
-261
-354
-118
44
-241
-53
183
67
-38
101
84
-123
146
213
138
209
262
239
-45
73
296
46
-110
133
60
-13
105
38
18
1
5
54
31
130
120
67
106
14
141
232
116
124
232
309
224
68
102
60
17
61
-41
-110
-90
25
55
-157
-227
-148
-96
-73
-108
-8
78
-34
-123
-106
-46
-46
-56
-55
-69
0
45
-33
-139
-145
-89
-99
-101
-79
-106
-82
-67
-46
-106
-193
-90
-42
-36
-9
-92
-97
-44
71
74
50
151
29
52
14
-90
-75
11
49
-82
-34
-22
-53
-93
-65
-82
-92
41
3
60
19
35
254
94
-50
-138
8
146
60
-86
-386
-200
54
-128
-439
-299
-5
-80
-282
-338
-265
-61
-40
-130
-142
68
78
-119
1
21
-87
-43
37
60
8
13
-185
-222
136
-81
-303
-60
105
44
-238
-311
-163
35
50
-93
-242
-45
164
134
-230
-185
222
311
360
-99
-108
385
337
67
-131
94
388
198
-20
-218
-80
122
-107
-224
-56
200
168
-85
-113
116
139
113
180
249
260
35
37
72
-30
10
167
191
4
69
36
-222
-309
84
250
-79
-221
14
171
153
-117
-446
-205
263
451
-167
-432
196
353
38
-337
-319
61
309
336
-115
-295
169
492
227
-274
-90
337
521
254
-215
22
343
479
101
-258
205
401
325
-36
-273
110
238
-5
-56
-49
13
44
-23
39
-91
-63
65
55
-42
-298
-348
-45
75
-49
-104
-145
-151
-338
-658
-505
-49
94
-145
-234
-58
-266
-571
-490
-387
-104
26
-102
-133
6
18
-323
-324
-98
-70
-118
-16
55
-52
-52
-72
-157
-40
212
220
24
-171
-33
243
123
-5
189
426
497
151
-140
50
492
549
258
312
800
842
417
205
425
635
618
504
539
790
700
503
386
463
603
596
644
619
642
530
376
437
433
268
238
283
190
163
196
-6
-59
51
-77
-211
-152
-112
-358
-344
-76
-326
-609
-333
-249
-499
-879
-820
-666
-709
-520
-807
-922
-522
-585
-1088
-1188
-647
-386
-872
-1388
-859
-393
-812
-987
-888
-512
-420
-750
-921
-981
-595
-483
-1007
-915
-460
-283
-507
-851
-830
-630
-629
-798
-974
-473
381
692
450
142
18
-62
94
579
1094
1613
1749
1410
1051
825
810
1097
1738
2297
2154
1472
1062
1122
1162
1099
1091
1238
1444
1305
808
297
148
265
314
232
357
609
628
129
-482
-630
-378
-24
238
419
395
20
-524
-842
-747
-235
153
304
236
-153
-647
-923
-721
-250
29
100
49
-178
-533
-774
-748
-593
-619
-464
-165
-350
-676
-1078
-1216
-975
-860
-719
-801
-623
-353
-1130
-1727
-1253
-641
-728
-1138
-946
-559
-600
-1120
-1771
-1458
-531
-466
-1124
-1240
-536
-298
-889
-1392
-1053
-331
30
297
713
868
339
-430
-591
485
1769
2294
2035
1886
1801
1322
734
1113
2495
3632
3473
2422
1634
1566
1717
1647
1653
2014
2458
2219
1180
230
122
422
433
155
154
443
411
-303
-1246
-1528
-1142
-756
-668
-626
-409
-418
-946
-1551
-1587
-981
-260
-36
-121
-223
-374
-603
-720
-475
73
468
490
222
3
-90
-215
-253
-3
360
477
247
-139
-452
-612
-703
-623
-421
-291
-325
-628
-963
-1240
-1326
-1258
-1147
-959
-837
-889
-1118
-1446
-1606
-1521
-1457
-1287
-1194
-1123
-1183
-1356
-1470
-1482
-1304
-1109
-1113
-1218
-1237
-1241
-722
461
1571
1396
52
-1045
-581
991
2381
2834
2818
2869
2553
1640
860
1618
3730
5134
4367
2456
1442
1837
2454
2453
2278
2621
2960
2313
749
-302
-20
711
758
169
-164
-53
-213
-1083
-2000
-2175
-1641
-1075
-996
-1211
-1405
-1624
-1928
-2136
-1933
-1209
-506
-236
-432
-801
-983
-804
-328
148
533
720
571
175
-146
-170
88
416
597
601
374
-51
-450
-594
-432
-200
-101
-180
-429
-812
-1197
-1374
-1239
-983
-864
-956
-1233
-1524
-1760
-1837
-1743
-1503
-1386
-1455
-1731
-1940
-1991
-1918
-1644
-1442
-1256
-1189
-1236
-1322
-1441
-1574
-1334
-264
1492
2577
1888
-148
-1276
-227
2121
3696
3925
3755
3608
2733
1197
624
2584
5557
6548
4697
2045
1068
1754
2589
2938
3239
3577
3107
1352
-437
-880
58
896
791
71
-543
-985
-1627
-2371
-2623
-2208
-1574
-1295
-1558
-2073
-2448
-2620
-2466
-2033
-1475
-933
-684
-801
-1165
-1452
-1200
-455
384
847
650
215
-174
-218
112
583
1029
1125
787
291
-145
-235
13
401
639
516
49
-505
-860
-974
-785
-461
-295
-464
-958
-1513
-1742
-1732
-1461
-1235
-1067
-1235
-1711
-2111
-2433
-2157
-1676
-1133
-1017
-1303
-1668
-1918
-1849
-1609
-1413
-1245
-613
684
1822
1687
27
-1539
-931
1306
3587
4054
3561
3190
2501
1489
903
2385
5505
7125
5756
2646
737
1332
2827
4016
4472
4283
3362
1414
-427
-762
275
1566
1634
579
-703
-1681
-2171
-2391
-2287
-1825
-1395
-1403
-2000
-2720
-3061
-2786
-2140
-1533
-1238
-1271
-1381
-1530
-1606
-1306
-709
74
549
488
160
-236
-208
248
830
1351
1423
1054
578
220
310
653
949
1068
817
338
-103
-453
-475
-342
-181
-137
-341
-817
-1364
-1739
-1718
-1297
-1085
-1082
-1452
-1968
-2178
-2378
-2196
-1794
-1575
-1200
-1595
-2061
-2268
-2252
-1600
-1177
-1224
-1181
-1614
-720
892
1544
1420
-606
-1188
301
2261
3822
3470
2815
2996
2098
1754
1976
3998
6501
6042
3755
1408
1065
2789
4089
4401
4087
2920
1697
277
-372
321
1370
1558
675
-836
-1870
-2065
-2039
-1845
-1775
-1744
-1648
-2165
-2919
-3269
-3148
-2164
-1510
-1486
-1671
-2203
-2218
-1894
-1507
-678
-201
50
150
-339
-416
-294
145
942
1181
1085
768
260
276
397
621
931
746
496
137
-168
-72
-66
-71
-57
-295
-501
-797
-1154
-1209
-1144
-1076
-973
-1238
-1520
-1742
-1896
-1666
-1535
-1692
-1652
-1844
-1718
-1608
-1854
-1623
-1505
-1293
-1186
-1497
-1640
-1557
-1190
717
1725
1670
111
-1686
-633
1692
3679
3919
2666
2267
2109
1589
2052
3083
5370
6010
4129
1734
750
2125
4006
4409
3724
2666
1695
1050
457
487
1075
1454
890
-275
-1469
-1723
-1514
-1598
-1738
-1927
-1864
-1955
-2786
-3228
-3280
-2531
-1563
-1505
-1819
-2501
-2775
-2182
-1391
-476
-175
-290
-288
-428
-364
-90
532
1299
1523
1158
619
436
712
1071
1301
1330
1170
738
374
294
485
772
754
428
-19
-395
-440
-298
-198
-216
-534
-876
-1151
-1338
-1390
-1249
-1184
-1219
-1686
-2125
-2082
-1880
-1486
-1487
-1638
-1729
-1789
-1800
-1558
-1491
-1440
-1468
-1223
398
1497
1155
-395
-2040
-677
2084
3782
3610
1821
1444
1825
1683
2297
3061
4819
5311
3212
1294
952
2695
4439
4003
2777
1953
1586
1528
963
572
784
980
606
-246
-1198
-1459
-1444
-1724
-1860
-1924
-1772
-1870
-2645
-3352
-3323
-2584
-1502
-1362
-1988
-2544
-2756
-1957
-880
-376
-269
-563
-725
-409
-144
463
1114
1376
1251
673
334
807
1335
1660
1524
1074
906
758
708
858
985
1123
859
182
-250
-363
-39
326
96
-329
-804
-1086
-1109
-1107
-1028
-988
-1088
-1614
-1731
-2017
-1730
-1503
-1613
-1483
-1782
-1863
-1776
-1754
-1397
-1468
-1754
-1597
-1416
447
1200
607
-893
-2119
-479
2054
3458
2840
1148
1049
1591
1679
2211
2796
4557
4681
2887
1307
1214
3048
4326
3692
2672
2176
2144
1858
1019
669
990
1540
1196
69
-1202
-1703
-1504
-1289
-1114
-1219
-1419
-1908
-2909
-3241
-2836
-1776
-913
-1427
-2248
-2747
-2424
-1327
-721
-468
-603
-941
-820
-563
-10
614
850
902
638
421
623
981
1282
1215
970
851
938
1015
865
688
665
810
664
191
-182
-230
12
108
-274
-651
-973
-982
-946
-1065
-1180
-1356
-1638
-1815
-1972
-1941
-1672
-1699
-1711
-2075
-2183
-2176
-1897
-1719
-1658
-1909
-2082
-1963
-1208
433
806
-84
-1760
-2138
26
2523
3288
2161
785
1270
1814
2093
2526
3339
4897
4461
2647
1483
2009
3894
4610
3571
2610
2225
2237
1852
1104
945
1446
1698
869
-512
-1522
-1433
-907
-715
-904
-1466
-1988
-2413
-2895
-2635
-2073
-1451
-1213
-2062
-2651
-2747
-2059
-873
-487
-734
-1169
-1377
-817
-241
164
491
561
611
451
293
580
1034
1192
1174
1025
1038
1104
836
599
618
870
1087
747
154
-122
-185
1
31
-296
-483
-782
-902
-908
-1210
-1256
-1413
-1553
-1560
-1767
-1829
-1849
-1832
-1852
-1936
-1931
-1900
-1737
-1785
-1958
-1979
-1941
-1349
0
689
235
-1199
-2061
-444
1845
3285
2529
950
1137
1836
2278
2699
2977
4450
4785
3247
2007
1830
3414
4763
4054
2978
2356
2218
2304
1697
1294
1583
1671
1203
119
-1030
-1075
-826
-583
-591
-1115
-1746
-2407
-2940
-2663
-1980
-1602
-1570
-2358
-2894
-2776
-2439
-1532
-844
-1050
-1351
-1827
-1500
-496
-142
122
39
48
347
214
199
548
743
992
1003
969
1029
685
377
421
791
1188
1071
458
49
-65
51
285
167
32
-294
-691
-795
-909
-864
-791
-938
-1280
-1570
-1811
-1693
-1460
-1496
-1579
-1849
-1915
-1767
-1674
-1647
-1841
-1730
-1560
-503
509
308
-562
-1783
-1046
1180
2668
2814
1305
886
1748
2037
2530
2664
3701
4761
3738
2388
1838
2719
4324
4166
3098
2460
2217
2309
1912
1395
1344
1481
1119
416
-511
-1006
-893
-954
-900
-1121
-1750
-2162
-2704
-2631
-2099
-2122
-1972
-2367
-2646
-2487
-2553
-2055
-1424
-1201
-1304
-1776
-1701
-941
-354
-144
-171
-94
193
216
56
232
566
921
1105
970
865
584
319
505
862
1241
1089
467
59
-39
126
349
284
49
-287
-641
-738
-720
-747
-793
-1006
-1348
-1472
-1647
-1573
-1485
-1575
-1679
-1843
-1817
-1610
-1635
-1629
-1937
-1962
-1598
-795
527
371
-479
-1742
-1503
646
2472
2797
1615
643
1375
1897
2267
2592
3276
4513
3899
2442
1635
2289
3868
4278
3294
2507
2197
2160
1881
1391
1321
1543
1371
639
-210
-873
-919
-905
-915
-937
-1333
-1919
-2503
-2858
-2495
-2013
-1908
-2013
-2577
-2801
-2659
-2451
-1774
-1331
-1389
-1517
-1836
-1520
-773
-457
-135
-97
-57
131
1
98
492
820
1060
969
709
657
538
670
928
1095
1025
617
160
215
382
538
435
27
-176
-328
-417
-371
-434
-610
-758
-1209
-1226
-1286
-1229
-1098
-1358
-1476
-1606
-1647
-1411
-1392
-1424
-1744
-1846
-1375
-529
669
349
-606
-1639
-1182
961
2461
2644
1456
752
1491
1959
2444
2721
3348
4410
3679
2476
1856
2496
4049
4300
3442
2658
2232
2202
1884
1563
1579
1738
1461
596
-270
-817
-781
-725
-747
-851
-1411
-1946
-2591
-2824
-2337
-2010
-1651
-1953
-2718
-2958
-2988
-2337
-1544
-1348
-1363
-1796
-1859
-1529
-1082
-570
-283
-91
-13
-99
-169
-25
321
678
892
814
681
658
560
706
828
990
1064
708
425
343
506
728
553
127
-134
-236
-91
-124
-325
-511
-864
-1044
-1215
-1195
-1094
-1083
-1362
-1682
-1830
-1679
-1296
-1377
-1422
-1877
-1921
-1457
-798
304
292
-483
-1361
-1426
409
2070
2401
1623
522
1089
1649
2093
2490
2870
3743
3390
2214
1610
2051
3379
3887
3122
2330
1837
1860
1713
1476
1432
1514
1338
577
-227
-764
-779
-646
-604
-699
-1155
-1856
-2539
-2849
-2276
-1617
-1297
-1599
-2595
-3135
-3076
-2172
-1039
-669
-1087
-1828
-2038
-1390
-775
-267
-34
55
157
-130
-241
99
601
972
937
658
620
652
726
862
1024
1090
998
720
474
401
470
694
696
454
33
-251
-201
-115
-211
-420
-704
-938
-1131
-1371
-1227
-1087
-1152
-1517
-1933
-1915
-1585
-1414
-1404
-1771
-1912
-1657
-1011
39
39
-639
-1664
-1475
264
1718
2012
977
249
854
1362
1856
2156
2571
3404
2870
1967
1594
2117
3273
3471
2811
2259
1937
1933
1766
1485
1487
1506
1262
603
-135
-580
-603
-624
-706
-815
-1080
-1584
-2256
-2768
-2336
-1577
-1180
-1540
-2457
-2814
-2603
-2026
-1210
-833
-935
-1386
-1831
-1407
-617
-158
-72
-177
-100
81
-52
24
482
793
806
492
365
695
828
804
793
825
934
703
460
517
577
667
560
361
256
-22
-194
-218
-204
-245
-473
-769
-997
-1098
-1165
-1099
-1050
-1267
-1405
-1594
-1485
-1294
-1359
-1494
-1608
-1460
-751
-1
13
-598
-1504
-1201
328
1607
1902
963
287
826
1210
1747
2044
2449
3227
2719
1841
1530
1942
3115
3402
2737
2264
1844
1824
1733
1497
1625
1664
1313
663
-84
-410
-276
-315
-403
-678
-1040
-1282
-1866
-2239
-2031
-1598
-1053
-1292
-2100
-2516
-2432
-1691
-1008
-878
-1066
-1458
-1557
-1241
-650
-195
-138
-306
-454
-256
19
256
469
491
479
343
247
509
739
919
816
621
623
590
597
592
577
611
490
317
217
113
39
-65
-181
-223
-406
-618
-833
-867
-910
-922
-996
-1215
-1253
-1481
-1322
-1230
-1179
-1239
-1567
-1427
-1012
-233
77
-512
-1188
-1300
-240
1156
1499
1051
321
527
1014
1344
1745
2129
2810
2691
1851
1430
1739
2702
3222
2699
2204
1836
1781
1717
1471
1521
1560
1414
847
126
-215
-208
-120
-186
-498
-779
-1113
-1508
-1809
-1752
-1353
-987
-1092
-1676
-2111
-2080
-1571
-1010
-778
-977
-1268
-1354
-1109
-661
-343
-290
-313
-408
-383
-216
-9
264
351
216
115
125
276
457
472
478
442
403
397
323
305
273
200
201
108
40
-84
-263
-298
-392
-467
-574
-764
-865
-991
-1055
-1071
-1140
-1124
-1299
-1364
-1374
-1381
-1223
-1452
-1570
-1420
-1072
-285
-302
-748
-1365
-1379
-197
795
1176
748
124
518
806
1166
1563
1911
2598
2363
1617
1346
1732
2660
2974
2472
2002
1720
1705
1623
1482
1491
1475
1223
666
161
-140
-104
-70
-222
-437
-795
-1006
-1262
-1566
-1436
-1210
-960
-1069
-1669
-1850
-1690
-1314
-921
-974
-1032
-1207
-1298
-1019
-636
-278
-288
-559
-519
-367
-125
66
165
368
288
113
135
372
643
653
438
382
464
523
491
502
489
418
202
77
115
148
155
-11
-165
-316
-481
-507
-512
-568
-662
-848
-897
-936
-966
-989
-945
-941
-986
-1083
-1209
-1046
-765
-196
9
-318
-860
-974
-207
815
1166
854
414
587
999
1240
1507
1818
2307
2259
1725
1425
1680
2355
2693
2357
1922
1592
1548
1563
1455
1424
1310
1090
670
193
-65
-40
23
-65
-371
-704
-914
-1129
-1374
-1397
-1204
-923
-901
-1430
-1727
-1732
-1398
-897
-905
-909
-1093
-1263
-1018
-830
-418
-204
-453
-385
-489
-309
-13
44
326
278
109
130
179
448
565
399
355
346
414
426
343
358
366
239
114
17
28
136
68
-67
-185
-390
-435
-446
-528
-425
-575
-701
-778
-966
-860
-823
-778
-706
-916
-988
-1003
-849
-271
-55
-131
-546
-815
-226
505
973
869
453
556
788
1016
1323
1560
2014
2039
1602
1296
1372
1908
2311
2141
1730
1394
1281
1320
1276
1192
1091
929
595
225
-98
-166
-127
-195
-336
-590
-774
-970
-1213
-1257
-1141
-964
-885
-1107
-1374
-1516
-1445
-1125
-792
-653
-784
-1035
-1106
-873
-600
-369
-238
-225
-279
-446
-478
-230
62
220
136
-53
-46
-18
67
140
164
184
124
66
92
126
127
63
-60
-114
-127
-75
-40
-109
-285
-428
-510
-445
-388
-442
-517
-739
-879
-909
-871
-698
-664
-804
-886
-1110
-1034
-828
-601
-118
-205
-393
-625
-620
97
618
822
790
467
727
882
1020
1392
1556
1906
1829
1384
1297
1437
1859
2077
1745
1440
1231
1194
1202
1104
964
892
701
397
156
-65
-71
-55
-215
-315
-539
-747
-847
-1044
-966
-831
-770
-717
-977
-1190
-1140
-1016
-620
-468
-587
-650
-795
-659
-430
-362
-104
-82
-130
-183
-353
-163
72
125
168
-20
-42
49
5
100
100
91
112
12
-1
69
101
145
69
-36
-39
-19
32
25
-70
-189
-210
-280
-219
-200
-280
-347
-587
-660
-576
-555
-422
-528
-656
-690
-855
-738
-662
-482
-267
-147
-201
-323
-502
-285
235
702
866
686
445
577
733
1003
1376
1569
1704
1394
1013
1063
1371
1732
1759
1366
1127
950
844
846
783
802
722
355
18
-235
-255
-84
-127
-278
-522
-802
-916
-949
-900
-730
-703
-795
-927
-1075
-1033
-862
-756
-539
-494
-559
-605
-707
-517
-256
-130
-28
-159
-258
-224
-233
-5
108
97
79
-43
-16
33
31
143
180
187
157
68
123
205
213
222
175
167
177
131
156
157
138
97
31
-43
-72
-112
-142
-122
-239
-333
-381
-446
-353
-441
-497
-464
-559
-430
-538
-557
-412
-321
10
3
-175
-212
-195
339
645
645
555
352
602
785
893
1092
1142
1261
1158
895
932
1035
1257
1301
1074
902
724
629
629
574
531
398
180
13
-70
-84
-112
-246
-429
-499
-491
-469
-498
-635
-659
-611
-623
-549
-584
-543
-479
-548
-461
-437
-435
-352
-424
-309
-227
-284
-232
-332
-310
-268
-313
-156
-88
-136
-187
-356
-283
-169
-122
-34
-48
-55
-102
-210
-198
-70
64
122
19
-140
-216
-187
-100
-14
-55
-161
-269
-399
-358
-310
-313
-334
-530
-581
-609
-630
-541
-601
-588
-616
-708
-665
-691
-592
-443
-333
-176
-264
-315
-240
9
335
432
415
422
481
648
724
904
1074
1136
1069
881
900
1047
1187
1209
1044
889
778
680
691
665
689
623
418
244
119
130
156
92
30
-38
-109
-196
-300
-283
-192
-159
-200
-258
-286
-294
-346
-356
-235
-116
-132
-297
-446
-378
-210
-127
-123
-276
-341
-331
-254
-103
-88
-180
-259
-310
-192
-89
-66
-24
-94
-125
-140
-131
12
60
36
-12
-119
-78
-42
-16
12
-89
-137
-187
-258
-248
-296
-287
-310
-389
-472
-547
-565
-534
-532
-553
-564
-611
-577
-579
-562
-502
-403
-196
-39
-90
-156
-184
84
462
602
609
477
492
673
834
999
1104
1065
1022
884
876
1006
1124
1153
1023
799
691
653
696
747
664
535
357
237
209
227
231
200
82
-34
-146
-125
-121
-98
-150
-225
-197
-230
-246
-308
-363
-245
-213
-216
-275
-435
-380
-346
-289
-224
-339
-340
-350
-366
-267
-293
-268
-238
-289
-215
-201
-166
-105
-156
-136
-123
-101
-46
-55
-74
-76
-94
-75
-50
-73
-66
-102
-151
-157
-209
-232
-242
-296
-308
-372
-452
-455
-502
-488
-501
-528
-502
-500
-483
-439
-448
-419
-355
-232
-63
21
-21
-20
86
332
570
583
575
558
630
811
912
1036
1109
1019
956
848
920
1094
1144
1098
916
739
736
747
797
778
654
510
355
266
311
352
307
173
-37
-102
-40
-50
-63
-216
-325
-302
-369
-338
-378
-472
-443
-538
-519
-473
-546
-513
-632
-672
-608
-601
-456
-464
-581
-625
-709
-569
-428
-395
-393
-505
-533
-463
-375
-252
-202
-251
-298
-343
-293
-155
-77
-79
-143
-244
-197
-134
-127
-135
-259
-289
-275
-308
-279
-355
-413
-419
-477
-441
-460
-503
-502
-549
-513
-473
-437
-357
-357
-346
-324
-256
-91
53
142
133
136
205
363
523
601
614
632
653
770
821
892
924
901
892
847
820
873
865
893
839
759
721
631
591
543
489
464
398
309
241
133
95
76
52
25
-63
-174
-240
-255
-241
-194
-230
-267
-364
-481
-474
-420
-346
-313
-449
-494
-509
-470
-368
-406
-418
-425
-443
-356
-335
-324
-292
-320
-241
-206
-179
-132
-154
-140
-115
-92
-21
0
-6
0
-15
12
9
-18
-50
-61
-63
-33
-45
-106
-157
-229
-206
-186
-169
-172
-225
-285
-300
-315
-215
-158
-118
-142
-219
-233
-168
-47
76
77
53
15
97
229
343
408
401
407
437
487
578
621
668
680
659
691
702
751
777
716
702
667
668
679
582
554
507
499
489
401
321
274
182
191
131
111
69
-70
-154
-244
-237
-173
-205
-285
-422
-543
-494
-439
-369
-389
-513
-589
-629
-579
-470
-418
-394
-441
-495
-469
-411
-301
-225
-197
-192
-184
-149
-84
-31
7
31
46
59
89
112
148
181
162
160
126
123
125
94
86
65
52
58
19
-9
-36
-65
-55
-74
-98
-144
-183
-192
-148
-133
-121
-171
-210
-201
-160
-107
-74
-91
-69
-77
-37
12
59
125
152
157
168
223
311
396
391
390
367
428
472
521
506
517
501
510
497
499
498
509
478
422
379
339
343
297
263
208
160
112
38
-34
-63
-96
-102
-162
-268
-348
-419
-420
-417
-446
-491
-551
-604
-606
-618
-585
-549
-542
-537
-578
-569
-507
-444
-378
-364
-375
-347
-323
-264
-211
-184
-153
-154
-147
-122
-99
-62
-42
-51
-48
-45
-33
-22
-38
-53
-67
-72
-58
-58
-72
-92
-127
-129
-118
-125
-129
-166
-180
-166
-156
-148
-154
-185
-168
-185
-160
-118
-89
-40
-63
-66
-53
-5
76
120
128
147
159
204
247
267
310
335
354
382
361
407
408
427
430
418
444
451
442
431
400
398
402
380
353
296
249
212
169
137
102
64
25
-37
-95
-140
-164
-189
-223
-281
-312
-325
-319
-310
-327
-341
-344
-335
-301
-275
-265
-238
-235
-201
-167
-128
-77
-61
-38
-16
7
65
102
136
161
166
185
188
201
227
246
259
249
222
208
203
203
188
156
121
97
64
49
28
9
-17
-56
-86
-103
-118
-128
-141
-154
-143
-150
-145
-147
-139
-126
-116
-110
-95
-84
-57
-36
-21
5
23
56
74
92
109
139
172
201
204
212
215
231
247
273
293
298
286
255
234
231
254
260
246
195
147
103
96
90
74
45
-7
-57
-107
-129
-128
-128
-147
-201
-257
-278
-265
-227
-208
-233
-252
-271
-246
-206
-166
-134
-135
-143
-137
-109
-42
15
40
49
36
57
92
133
171
178
179
181
184
201
218
222
213
172
154
142
144
132
97
55
23
0
-17
-40
-68
-99
-138
-164
-181
-189
-209
-226
-253
-257
-249
-238
-225
-230
-233
-219
-199
-162
-131
-111
-90
-82
-52
-20
26
60
81
90
111
142
182
210
224
218
214
216
225
253
265
263
240
208
186
180
179
174
141
101
49
17
8
2
-5
-36
-88
-125
-159
-164
-153
-157
-172
-208
-245
-244
-235
-203
-185
-188
-190
-198
-179
-140
-102
-62
-47
-41
-30
-15
32
72
109
121
123
125
145
173
204
219
221
212
202
202
202
202
182
163
133
107
82
60
32
3
-31
-67
-98
-124
-149
-180
-206
-236
-250
-271
-283
-301
-320
-335
-340
-342
-330
-325
-321
-317
-313
-290
-267
-239
-216
-196
-170
-145
-113
-79
-53
-26
-5
20
53
78
101
116
128
145
157
172
177
173
167
161
153
150
143
127
114
95
77
64
48
29
14
-9
-23
-41
-50
-60
-67
-81
-90
-99
-99
-97
-93
-87
-83
-68
-59
-38
-24
0
19
44
69
93
112
134
154
181
202
221
235
244
254
260
271
275
281
275
267
246
230
216
202
184
164
138
115
88
62
39
12
-10
-43
-74
-102
-127
-142
-152
-169
-181
-201
-216
-221
-225
-216
-210
-206
-200
-196
-184
-168
-148
-122
-101
-78
-53
-28
0
30
56
82
102
124
148
169
186
198
204
210
215
221
227
223
215
206
193
188
174
153
130
101
81
63
49
30
0
-33
-59
-82
-99
-112
-128
-146
-166
-180
-182
-182
-176
-177
-177
-173
-164
-144
-125
-109
-96
-78
-53
-24
3
27
48
69
90
114
136
154
172
183
193
203
211
215
215
210
206
201
197
189
170
145
118
94
71
48
21
-9
-39
-64
-87
-108
-131
-148
-166
-180
-192
-203
-211
-215
-222
-227
-227
-223
-215
-205
-190
-174
-154
-134
-113
-91
-69
-49
-22
2
29
53
72
88
104
121
137
150
158
170
173
181
179
171
160
147
136
125
110
93
70
48
27
8
-9
-32
-60
-89
-111
-129
-139
-155
-171
-189
-210
-222
-228
-225
-225
-223
-225
-220
-212
-195
-178
-161
-146
-131
-112
-89
-66
-42
-18
1
21
36
60
81
100
114
125
132
142
149
150
151
146
140
131
121
108
95
77
62
43
26
1
-21
-44
-63
-80
-98
-117
-139
-155
-171
-181
-191
-199
-206
-209
-214
-211
-209
-203
-198
-192
-185
-174
-158
-138
-120
-104
-88
-73
-54
-36
-14
8
30
47
61
71
83
92
102
109
113
116
116
113
111
108
101
92
76
62
51
43
35
20
3
-16
-33
-47
-57
-64
-73
-82
-94
-103
-106
-102
-95
-94
-93
-92
-86
-75
-65
-52
-39
-25
-7
7
24
46
69
93
110
125
141
159
178
191
201
211
220
228
233
236
236
235
230
222
212
202
192
179
164
146
126
105
86
68
51
36
19
-1
-20
-34
-46
-55
-64
-72
-77
-84
-86
-87
-83
-80
-78
-76
-70
-63
-50
-36
-22
-10
0
14
27
43
59
77
87
99
103
114
126
138
147
153
153
151
144
137
134
126
117
100
84
70
62
54
42
24
5
-14
-29
-43
-57
-71
-87
-103
-119
-129
-136
-137
-138
-138
-140
-138
-136
-128
-121
-113
-103
-91
-78
-66
-52
-37
-20
-8
5
21
37
52
69
82
95
108
118
125
131
137
143
146
145
140
133
129
123
116
109
98
83
70
58
47
35
20
3
-12
-27
-38
-49
-59
-68
-78
-88
-95
-100
-103
-105
-106
-104
-102
-96
-92
-86
-80
-70
-60
-52
-42
-32
-21
-12
-3
6
15
23
33
42
50
57
64
69
69
71
73
75
77
74
68
61
54
50
46
37
27
18
6
-2
-10
-19
-29
-39
-50
-63
-73
-77
-84
-91
-95
-101
-103
-104
-105
-102
-101
-96
-91
-90
-85
-79
-73
-64
-57
-50
-42
-33
-26
-20
-15
-7
2
7
12
16
22
29
34
37
37
39
40
42
43
42
38
32
25
20
15
9
2
-7
-16
-23
-27
-32
-36
-43
-49
-57
-59
-62
-64
-65
-66
-66
-66
-65
-61
-56
-51
-44
-39
-32
-25
-16
-7
0
5
9
15
23
31
39
50
55
61
65
70
75
83
86
85
83
80
76
74
72
66
60
50
42
36
30
26
20
14
6
-1
-6
-10
-17
-20
-23
-24
-25
-25
-25
-26
-27
-27
-26
-22
-20
-14
-6
0
6
11
19
27
37
44
49
54
59
64
69
71
73
76
78
82
80
78
75
73
70
65
61
53
45
39
31
23
14
6
-1
-8
-16
-22
-28
-34
-39
-43
-48
-49
-50
-50
-50
-50
-50
-51
-51
-48
-45
-40
-37
-34
-29
-24
-17
-10
-4
3
8
14
21
27
32
34
36
37
38
39
39
37
36
33
30
25
21
17
11
6
-3
-12
-18
-26
-34
-41
-47
-53
-60
-68
-74
-78
-83
-86
-88
-89
-89
-90
-89
-85
-81
-77
-72
-68
-62
-56
-50
-44
-38
-28
-21
-13
-4
5
14
21
29
35
44
50
55
59
63
64
65
66
67
67
67
67
66
66
62
60
55
50
43
38
35
29
24
20
12
7
3
-1
-3
-7
-10
-14
-18
-18
-18
-19
-20
-20
-22
-22
-24
-23
-23
-20
-18
-15
-12
-8
-5
-1
1
2
5
6
9
11
13
14
16
16
15
16
16
15
13
10
5
2
1
0
0
-2
-4
-5
-5
-6
-8
-9
-10
-9
-9
-8
-7
-6
-6
-6
-6
-7
-4
-4
-3
-3
-3
-1
0
1
3
6
9
10
14
16
18
20
19
18
16
17
16
14
14
9
6
2
-1
-4
-9
-14
-19
-22
-26
-30
-34
-39
-43
-46
-47
-47
-47
-48
-47
-45
-45
-44
-45
-47
-46
-45
-42
-38
-35
-31
-29
-26
-20
-16
-10
-5
0
4
7
13
17
22
26
28
30
32
34
37
40
40
40
39
36
35
32
30
28
24
20
17
13
11
10
6
5
2
0
-3
-5
-7
-10
-10
-13
-14
-13
-15
-16
-18
-20
-20
-19
-17
-17
-15
-12
-9
-6
-4
-2
0
5
8
12
16
20
24
26
26
26
25
24
22
22
21
20
19
17
15
15
14
12
10
8
7
7
6
4
2
3
1
-1
-3
-6
-5
-5
-4
-2
-5
-5
-6
-7
-7
-6
-9
-10
-11
-9
-9
-5
-2
-2
0
0
0
2
3
5
8
9
9
10
11
14
14
13
14
14
15
14
12
11
7
6
3
1
5
3
4
2
0
1
0
0
0
-3
-3
-1
-1
-1
-1
-3
-4
-5
-6
-7
-5
-6
-7
-7
-7
-6
-6
-6
-7
-7
-9
-7
-6
-6
-5
-7
-7
-7
-5
-6
-5
-6
-5
-5
-5
-4
-4
-3
-3
-2
-2
-2
-1
-1
0
-2
-2
-1
0
1
1
-1
-3
-3
-3
-2
0
-3
-3
-5
-5
-3
-2
1
1
3
1
2
2
3
4
4
4
4
3
5
5
5
3
2
2
0
1
1
0
0
1
2
2
2
2
2
2
0
-1
1
0
2
1
1
2
3
2
2
2
3
3
2
1
1
0
0
1
0
2
1
1
1
0
2
4
5
4
3
4
3
3
4
5
5
5
5
4
4
5
4
4
2
1
1
-1
0
-2
-3
-5
-7
-8
-8
-5
-5
-7
-7
-8
-8
-5
-5
-7
-7
-9
-10
-10
-11
-11
-12
-14
-14
-13
-10
-9
-8
-7
-8
-8
-8
-7
-5
-4
-4
-4
-5
-2
-2
0
-1
-2
-1
-1
-1
0
-3
-2
-1
-1
-1
-1
-2
-2
-1
-2
-3
-4
-2
-3
-2
-1
-2
-1
-1
-3
-3
-3
-3
-4
-4
-5
-7
-6
-4
-3
-3
-3
-1
-1
0
3
6
9
10
10
9
9
9
8
8
6
8
8
8
8
9
9
8
9
9
9
9
11
10
9
8
7
6
6
7
8
7
8
8
7
8
6
6
6
5
4
3
4
3
2
2
2
4
3
2
2
1
0
3
5
6
9
7
7
4
3
3
1
1
-1
-2
-4
-4
-4
-3
-4
-2
-2
0
0
0
-1
0
0
1
1
1
0
-2
-4
-5
-5
-5
-6
-3
-3
-2
-1
0
2
3
2
2
2
1
1
1
1
0
0
1
2
5
6
4
4
5
6
5
4
2
1
0
1
1
3
4
2
2
2
1
2
2
3
4
3
2
1
1
0
0
-2
-4
-5
-6
-5
-6
-5
-6
-5
-5
-2
0
2
4
6
4
4
3
3
2
-1
-1
-2
-1
-2
-1
-2
-1
-3
-3
-1
1
3
4
4
2
2
1
1
-1
-1
-4
-5
-4
-3
-2
-2
-1
-3
-4
-5
-4
-4
-5
-6
-6
-6
-8
-7
-7
-7
-6
-6
-7
-6
-8
-7
-7
-6
-5
-5
-4
-5
-3
-4
-4
-3
-3
-4
-5
-3
-4
-3
-1
-1
-2
0
0
0
1
2
2
3
3
2
2
0
1
2
1
0
1
1
2
3
2
2
0
0
0
0
-1
0
-2
-3
-5
-6
-7
-7
-8
-8
-5
-4
-2
-1
-2
-2
-1
-2
0
1
1
0
-1
-2
-4
-5
-5
-4
-4
-5
-5
-4
-4
-2
-2
-5
-4
-4
-3
-3
-3
-4
-4
-4
-4
-3
-4
-3
-3
-4
-4
-4
-4
-5
-5
-4
-4
-3
-2
0
2
2
3
5
5
6
6
7
8
9
11
11
12
11
11
13
13
13
12
12
11
10
10
10
11
11
10
12
11
12
13
14
14
12
11
9
8
8
6
4
4
2
3
1
1
0
-2
-3
-3
-3
-2
0
0
1
0
-1
-1
-2
-3
-2
-4
-5
-5
-6
-6
-7
-7
-6
-5
-4
-3
-2
-2
-3
-5
-6
-4
-3
-2
-1
0
-1
0
0
-2
-3
-3
-3
-3
-3
-2
-2
-4
-5
-6
-6
-5
-3
-2
0
-1
0
0
0
1
2
2
3
3
4
4
4
3
2
0
0
1
1
1
3
3
3
4
5
5
6
5
4
5
6
6
5
4
2
-1
-2
-1
-1
0
-1
-1
-1
0
-2
-2
-3
-3
-1
-2
-1
-1
-1
1
0
2
2
4
5
4
5
5
4
4
2
1
1
0
2
2
4
4
2
3
2
3
5
6
6
6
5
5
5
6
6
5
5
4
3
2
1
1
1
0
-2
-2
-2
-2
-3
-1
0
-1
1
-1
-1
0
-2
0
1
-1
-2
-3
-4
-3
-2
-4
-2
-3
-3
-4
-4
-3
-3
-2
-1
-2
-3
-1
-1
-2
-3
-4
-4
-5
-4
-5
-5
-5
-6
-7
-8
-8
-8
-7
-8
-7
-9
-8
-9
-9
-10
-10
-10
-11
-10
-9
-11
-10
-10
-10
-10
-10
-9
-9
-10
-9
-9
-8
-7
-6
-6
-7
-7
-6
-7
-7
-5
-6
-5
-4
-3
-1
-1
0
-1
-1
1
1
2
2
1
0
-2
-3
-4
-2
-1
-2
0
0
-1
-1
-1
-4
-2
-2
-3
0
2
2
3
2
3
5
5
4
5
4
2
2
3
2
2
2
2
2
5
7
6
7
6
5
5
4
4
6
6
5
7
7
7
7
5
5
5
6
6
6
5
7
4
4
5
4
3
4
5
3
2
3
4
5
5
4
2
1
-1
0
1
-1
-1
-3
-1
1
1
1
1
2
2
3
4
4
4
4
4
3
3
2
1
1
0
1
2
1
2
2
1
3
2
3
2
3
5
5
5
7
5
7
5
5
4
4
3
2
2
1
1
0
-1
-2
-3
-3
-1
-1
1
2
2
3
3
2
3
4
4
4
3
2
2
1
-1
-2
-2
-2
-3
-4
-3
-5
-4
-4
-4
-3
-3
-4
-3
-1
-1
0
-1
-1
1
1
-1
1
0
0
1
0
-1
-1
-1
-1
0
2
2
2
1
1
2
2
3
3
4
4
6
6
8
8
9
9
9
9
9
9
8
7
7
7
6
7
5
5
4
3
4
4
3
2
1
0
1
0
1
0
0
-2
-3
-3
-4
-5
-5
-6
-6
-7
-8
-6
-7
-6
-7
-8
-7
-6
-7
-8
-8
-8
-8
-9
-8
-7
-7
-5
-4
-4
-4
-5
-5
-6
-4
-5
-6
-6
-6
-5
-5
-8
-8
-10
-9
-9
-8
-6
-3
-2
-2
-2
-1
0
0
1
-1
-3
-4
-6
-8
-8
-8
-9
-8
-8
-7
-6
-5
-5
-7
-8
-8
-9
-9
-9
-9
-10
-10
-9
-10
-8
-8
-7
-7
-8
-9
-8
-8
-9
-9
-8
-9
-9
-9
-9
-8
-7
-7
-5
-4
-4
-3
-2
-1
1
1
0
0
-1
-2
-3
-4
-3
-2
-2
-2
-2
-1
1
4
5
8
9
12
13
13
13
13
13
12
11
11
10
9
8
7
6
8
9
10
11
12
13
12
11
10
9
9
8
10
10
10
10
9
8
10
9
11
9
8
9
8
9
8
7
5
5
4
1
1
1
2
3
5
6
7
10
11
12
11
11
11
10
5
4
2
0
0
0
0
0
1
4
3
4
4
4
3
4
4
6
5
4
4
3
4
1
0
-1
-1
-1
-1
-1
-1
0
1
1
1
0
-1
0
-1
-1
-1
-2
-1
-2
0
0
0
-2
-2
-2
-3
-5
-2
-3
-2
-3
-3
-2
-2
-2
-2
-1
-2
-1
-1
-2
0
0
-2
-2
-3
-4
-2
-3
-5
-5
-5
-5
-5
-6
-5
-6
-5
-3
-2
0
3
3
4
2
1
0
0
0
1
-1
0
-1
0
1
2
3
3
3
4
4
3
3
2
1
2
3
3
4
3
4
5
6
5
4
4
0
1
1
1
2
1
1
0
0
-1
-1
-1
0
1
-2
-2
-2
-2
-3
-1
-3
-4
-4
-4
-4
-5
-6
-6
-6
-7
-8
-7
-6
-6
-5
-7
-6
-7
-7
-6
-7
-7
-6
-6
-5
-4
-5
-4
-5
-7
-7
-7
-7
-7
-7
-7
-7
-6
-6
-5
-6
-6
-6
-6
-5
-3
-5
-4
-5
-5
-5
-4
-7
-6
-8
-9
-9
-11
-10
-10
-9
-9
-7
-7
-5
-5
-5
-7
-4
-5
-5
-3
-5
-4
-5
-4
-4
-2
-2
-1
-1
1
2
2
2
1
-1
1
1
1
2
2
2
2
1
-1
3
1
3
5
6
4
7
5
6
5
6
7
6
7
5
6
5
6
6
7
7
9
7
9
10
11
11
10
10
10
8
8
9
10
11
9
9
8
8
7
9
8
8
6
7
7
6
6
5
5
5
5
4
5
5
4
4
3
4
3
4
5
5
1
4
1
2
1
2
-1
0
-2
-3
-2
-2
1
-1
2
3
3
2
3
3
5
4
4
5
4
4
2
1
-1
2
0
1
-1
0
-2
-2
-1
-1
-4
-2
-3
-5
-3
-4
-3
-2
-2
-1
0
-3
0
-4
-3
-3
-5
-5
-6
-6
-7
-6
-7
-6
-7
-7
-8
-5
-4
-2
0
1
2
3
4
3
3
3
3
2
2
1
2
0
0
-2
-4
-2
-2
-1
1
0
3
1
2
1
2
3
2
2
2
4
3
2
2
0
-1
-1
-3
0
-2
1
-1
1
-1
2
3
4
1
3
1
1
0
0
1
2
5
4
6
6
8
4
6
3
4
1
2
0
4
1
3
1
3
2
3
2
2
3
1
2
2
2
1
1
-2
-2
-5
-5
-5
-4
-5
-3
-4
-3
-5
-7
-6
-6
-5
-7
-6
-6
-4
-6
-6
-6
-6
-8
-8
-8
-8
-8
-8
-8
-7
-8
-8
-8
-10
-8
-8
-8
-7
-6
-6
-6
-7
-8
-8
-7
-7
-6
-8
-6
-7
-7
-8
-8
-7
-6
-6
-6
-4
-3
-2
-2
-1
-4
-2
-4
-4
-5
-5
-6
-6
-5
-5
-4
-3
-2
-1
-2
-1
-1
0
-1
-2
-1
1
-1
2
3
4
3
5
1
2
0
-2
0
-2
0
-2
0
-1
0
-3
-2
-1
-1
0
0
1
3
0
3
3
3
2
2
4
4
4
4
4
5
5
5
7
4
4
3
2
1
3
4
7
7
11
10
9
9
8
8
8
9
9
9
8
9
7
6
5
6
5
8
9
9
11
10
8
7
3
3
2
2
5
4
4
3
3
3
1
2
-1
-2
-1
-1
2
2
4
5
3
4
3
4
5
4
3
4
1
2
2
1
1
0
1
-1
0
-1
1
0
0
-1
1
0
0
1
2
3
1
3
3
4
3
1
-1
-2
-4
-4
-6
-7
-7
-5
-4
-3
-3
-1
-4
-3
-2
-5
-1
-2
-2
-2
-1
-2
-3
-1
-2
-1
-1
-1
-1
1
1
0
0
-1
-2
-2
-4
-3
-1
-1
1
0
0
0
0
0
-1
2
2
4
3
4
4
4
4
3
3
2
3
3
0
4
2
3
4
2
2
3
4
5
4
2
2
2
2
0
2
0
0
0
2
2
1
3
2
3
3
0
1
2
3
2
3
2
1
1
-1
-2
-3
-3
-5
-6
-7
-5
-5
-5
-4
-3
-5
-3
-2
-1
-1
-2
-2
-4
-5
-7
-5
-6
-6
-5
-5
-5
-4
-6
-5
-7
-6
-6
-6
-6
-6
-6
-5
-5
-4
-4
-5
-4
-3
-3
-3
-3
-5
-5
-7
-8
-10
-10
-10
-10
-9
-8
-8
-7
-5
-8
-6
-5
-6
-5
-4
-5
-4
-5
-4
-4
-5
-5
-4
-5
-6
-5
-5
-3
-4
-3
-2
-3
-1
-3
-1
-2
-1
1
0
0
0
-2
-1
-1
-1
1
1
1
2
4
2
1
1
2
1
2
2
0
-1
-3
-1
-1
1
3
5
5
5
3
4
5
5
5
6
6
3
3
1
1
0
2
4
6
6
7
8
6
7
6
6
5
7
5
5
4
3
2
3
3
6
8
8
9
8
8
7
4
4
3
4
5
5
6
4
4
3
2
2
4
4
5
6
6
7
6
6
6
5
6
6
6
4
4
3
1
1
1
1
1
0
2
3
3
3
2
2
2
2
1
0
-1
1
0
2
1
2
1
1
-1
-1
-1
-1
-2
-2
-3
-5
-8
-7
-7
-9
-7
-8
-5
-5
-2
-3
-1
-2
-1
0
1
0
0
-2
-2
-1
-3
-5
-4
-4
-4
-3
-2
1
2
2
2
2
2
2
2
2
2
3
1
0
0
-1
-2
-1
0
1
2
3
2
2
0
-2
-3
-5
-3
-4
-3
-3
-2
0
0
1
3
4
4
4
3
2
2
1
1
3
3
5
2
4
5
3
3
3
3
2
1
2
1
2
1
3
5
4
7
6
5
6
2
5
2
2
1
0
1
-1
1
0
0
-1
-2
-2
-3
-5
-4
-4
-2
-2
-3
-4
-3
-3
-4
-4
-6
-6
-6
-3
-6
-4
-5
-5
-6
-6
-7
-6
-6
-6
-4
-6
-5
-5
-7
-6
-5
-6
-6
-6
-7
-6
-7
-6
-6
-7
-7
-8
-8
-9
-8
-7
-7
-8
-6
-6
-6
-6
-6
-4
-5
-5
-4
-4
-2
-3
-3
-1
-2
-3
-4
-3
-3
-3
-4
-3
-1
0
2
1
3
3
5
6
5
5
6
5
6
2
4
1
1
2
0
-3
-1
0
-1
1
-1
2
1
3
-1
1
1
1
2
2
2
3
2
3
3
1
2
1
3
-1
1
-1
1
0
2
0
1
0
1
2
4
5
6
8
7
9
8
9
10
10
10
10
11
10
8
11
8
8
5
7
6
5
5
6
8
6
9
8
9
9
9
7
9
6
6
4
6
5
3
3
3
3
1
1
0
-1
0
1
-2
0
-1
-2
-2
-2
-2
-2
-1
1
1
0
-1
1
-1
-1
-3
-2
-3
-3
-3
-2
-2
-2
-1
-4
-2
-3
0
-3
2
2
4
4
3
1
3
-2
2
-3
-1
-4
-4
-3
-5
-3
-2
-2
-2
1
-2
1
-1
0
0
2
-2
2
-4
-1
-2
-4
0
-4
0
-2
-1
-3
-3
-3
-4
-2
-6
-4
-6
-4
-5
-3
-2
-5
-3
-4
-2
-3
0
-1
-1
-2
-1
-2
-3
-1
-3
-2
-4
-3
-5
-3
-3
-1
-1
-1
1
1
3
4
5
5
3
4
4
2
3
-1
4
1
3
3
2
4
2
3
3
2
3
2
2
2
2
2
1
5
3
7
6
8
7
8
2
4
1
4
1
3
-1
2
2
1
1
-4
0
-3
0
-2
1
1
4
1
0
0
2
1
1
3
0
2
-2
-2
-5
-6
-5
-5
-8
-4
-5
-1
-3
-3
-3
-4
-3
-4
-3
-3
-4
-3
-1
0
-1
-1
-1
0
-1
-1
-1
-3
-3
-3
-4
-3
-4
-6
-4
-4
-1
-4
-2
-2
-1
-1
-1
0
1
1
2
1
0
1
-3
-1
-5
-4
-5
-4
-4
-4
-3
-3
-3
-6
-4
-5
-4
-2
-2
-2
-2
-1
-5
-2
-3
0
0
0
-2
-2
-3
-5
-7
-8
-7
-8
-6
-8
-3
-7
-3
-5
-2
-4
-1
-1
0
1
1
0
-1
-1
-2
-3
-3
-1
-3
2
-2
0
0
-1
1
2
2
1
1
2
3
4
3
4
4
4
3
4
2
4
4
2
5
6
6
4
6
4
6
4
4
5
5
4
4
5
2
5
2
5
