1.000000e-030   1.000000e-030   1.000000e-030   1.000000e-030   1.000000e-030   1.000000e-030   1.000000e-030   1.000000e-030   1.000000e-030   1.000000e-030   1.000000e-030   1.818182e-001   2.670253e-246   1.000000e-030   1.000000e-030   1.000000e-030   1.000000e-030   1.000000e-030   5.454545e-001   2.727273e-001   1.000000e-030   1.263609e-226   1.000000e-030   1.000000e-030   1.000000e-030   1.000000e-030   1.000000e-030   1.000000e-030   1.000000e-030   1.000000e-030   1.000000e-030   1.000000e-030   

1.000000e-030   1.000000e-030   1.000000e-030   1.000000e-030   1.000000e-030   1.000000e-030   1.000000e-030   1.000000e-030   1.000000e-030   1.000000e-030   1.000000e-030   1.000000e-030   1.000000e+000   1.000000e-030   1.000000e-030   1.000000e-030   4.212275e-243   1.000000e-030   4.038758e-245   1.000000e-030   1.000000e-030   6.949849e-226   1.000000e-030   1.000000e-030   1.000000e-030   1.000000e-030   1.000000e-030   1.000000e-030   1.000000e-030   1.000000e-030   1.000000e-030   1.154734e-178   

1.000000e-030   1.000000e-030   1.000000e-030   1.000000e-030   1.000000e-030   4.782928e-240   1.000000e-030   7.252150e-240   1.000000e-030   1.046846e-241   1.000000e-030   1.000000e-030   1.938604e-244   1.000000e-030   1.000000e-030   1.000000e-030   5.000000e-001   1.000000e-030   1.000000e-030   1.000000e-030   1.000000e-030   3.474925e-226   1.000000e-030   1.000000e-030   1.000000e-030   1.000000e-030   1.000000e-030   1.000000e-030   1.000000e-030   1.000000e-030   1.000000e-030   5.000000e-001   

1.000000e-030   1.706481e-231   6.027553e-195   1.000000e-030   1.000000e-030   6.666667e-001   1.000000e-030   2.222222e-001   1.000000e-030   1.111111e-001   1.000000e-030   1.000000e-030   3.186595e-236   4.686424e-229   1.000000e-030   1.000000e-030   4.107786e-264   1.000000e-030   4.142573e-235   5.385345e-234   1.000000e-030   1.570811e-226   1.000000e-030   1.000000e-030   1.000000e-030   1.000000e-030   1.000000e-030   1.000000e-030   1.000000e-030   9.648182e-231   1.000000e-030   1.314384e-242   

1.000000e-030   1.538462e-001   1.538462e-001   1.000000e-030   1.000000e-030   1.000000e-030   1.000000e-030   5.920495e-238   1.000000e-030   1.000000e-030   1.000000e-030   1.000000e-030   7.692308e-002   1.538462e-001   1.000000e-030   1.000000e-030   2.298062e-295   1.000000e-030   7.692308e-002   7.692308e-002   1.000000e-030   1.538462e-001   1.000000e-030   1.000000e-030   1.000000e-030   1.000000e-030   1.000000e-030   1.000000e-030   1.000000e-030   1.538462e-001   1.000000e-030   8.617732e-296   

