2.363101e+062 -2.454984e+058 -9.950516e+058 -1.507160e+059 -2.404659e+059 -3.127242e+059 -3.538450e+059 -3.870784e+059 -3.689001e+059 -3.190739e+059 -2.348554e+059 1.069004e+056 
2.363188e+062 -2.966834e+058 -9.848396e+058 -1.639496e+059 -2.448375e+059 -3.270418e+059 -3.749406e+059 -4.013062e+059 -3.946021e+059 -3.350546e+059 -2.404715e+059 1.181797e+056 
2.363245e+062 -3.451495e+058 -9.744826e+058 -1.703059e+059 -2.521283e+059 -3.254363e+059 -3.805021e+059 -4.043535e+059 -3.916344e+059 -3.379482e+059 -2.394428e+059 1.223416e+056 
2.363269e+062 -3.629001e+058 -9.840019e+058 -1.730045e+059 -2.549266e+059 -3.297290e+059 -3.829446e+059 -4.076725e+059 -3.955434e+059 -3.386375e+059 -2.400028e+059 1.252535e+056 
2.363270e+062 -3.727917e+058 -9.889307e+058 -1.744572e+059 -2.571366e+059 -3.311095e+059 -3.859577e+059 -4.110984e+059 -3.979609e+059 -3.408631e+059 -2.415849e+059 1.273251e+056 
2.363274e+062 -3.720679e+058 -9.870449e+058 -1.749915e+059 -2.553465e+059 -3.292025e+059 -3.841103e+059 -4.095939e+059 -3.971845e+059 -3.412250e+059 -2.421347e+059 1.266948e+056 
2.363241e+062 -4.190814e+058 -1.037205e+059 -1.718481e+059 -2.403836e+059 -3.051363e+059 -3.576145e+059 -3.903858e+059 -3.897035e+059 -3.438660e+059 -2.465650e+059 1.222165e+056 
2.363241e+062 -3.932233e+058 -1.052545e+059 -1.789016e+059 -2.570793e+059 -3.290914e+059 -3.765189e+059 -3.984350e+059 -3.865923e+059 -3.327210e+059 -2.368995e+059 1.267992e+056 
2.362978e+062 -8.784883e+058 -2.189255e+059 -3.211513e+059 -3.695247e+059 -3.887629e+059 -3.449496e+059 -2.650221e+059 -2.187205e+059 -1.709887e+059 -1.188078e+059 1.322185e+056 
2.363156e+062 -4.982956e+058 -1.260569e+059 -2.004061e+059 -2.639901e+059 -3.377826e+059 -3.834672e+059 -3.869221e+059 -3.650763e+059 -3.029144e+059 -2.073823e+059 1.336628e+056 
2.362705e+062 -1.048895e+059 -3.812618e+059 -6.282488e+059 -8.557938e+059 -1.230295e+060 -1.371680e+060 -1.375275e+060 -1.403829e+060 -1.155257e+060 -7.720733e+059 1.533815e+057 
2.357634e+062 -1.822088e+060 -4.720386e+060 -8.232570e+060 -1.179903e+061 -1.483588e+061 -1.680586e+061 -1.730489e+061 -1.612290e+061 -1.326873e+061 -8.974659e+060 2.458147e+059 
2.357186e+062 -1.951898e+060 -5.044156e+060 -8.765686e+060 -1.250133e+061 -1.561854e+061 -1.755752e+061 -1.792009e+061 -1.652950e+061 -1.344740e+061 -8.976050e+060 2.685093e+059 
2.355331e+062 -1.757095e+060 -4.101631e+060 -7.144767e+060 -1.082017e+061 -1.416119e+061 -1.609971e+061 -1.628330e+061 -1.489806e+061 -1.213651e+061 -8.153801e+060 2.096062e+059 
2.334070e+062 -4.465270e+060 -8.058485e+060 -1.171967e+061 -1.972142e+061 -3.000740e+061 -3.845553e+061 -3.928145e+061 -3.267465e+061 -2.393213e+061 -1.501142e+061 9.344258e+059 
2.334353e+062 -4.281232e+060 -8.332544e+060 -1.311636e+061 -2.175947e+061 -3.201100e+061 -3.978241e+061 -3.958830e+061 -3.294070e+061 -2.486176e+061 -1.609134e+061 1.023895e+060 
2.335927e+062 -4.472263e+060 -9.225470e+060 -1.428531e+061 -2.299518e+061 -3.238473e+061 -4.016761e+061 -4.091736e+061 -3.471608e+061 -2.635319e+061 -1.660001e+061 1.116074e+060 
2.338536e+062 -4.342953e+060 -9.287978e+060 -1.481978e+061 -2.282962e+061 -3.199186e+061 -3.915690e+061 -3.965256e+061 -3.413781e+061 -2.590893e+061 -1.644547e+061 1.089159e+060 
2.341422e+062 -4.190587e+060 -8.845456e+060 -1.420762e+061 -2.184264e+061 -3.058545e+061 -3.684888e+061 -3.718889e+061 -3.187944e+061 -2.403974e+061 -1.550349e+061 9.750605e+059 
2.347418e+062 -3.673063e+060 -9.031255e+060 -1.529671e+061 -2.217073e+061 -2.867079e+061 -3.318363e+061 -3.317607e+061 -2.922818e+061 -2.306729e+061 -1.500249e+061 8.817137e+059 
2.352013e+062 -2.883457e+060 -7.418727e+060 -1.280383e+061 -1.842924e+061 -2.337394e+061 -2.662781e+061 -2.686208e+061 -2.431965e+061 -1.967385e+061 -1.302876e+061 5.940541e+059 
2.358265e+062 -1.178862e+060 -3.139630e+060 -5.377491e+060 -8.087034e+060 -1.029850e+061 -1.203073e+061 -1.258543e+061 -1.169732e+061 -9.942750e+060 -6.839258e+060 1.204361e+059 
2.359317e+062 -1.002823e+060 -2.525277e+060 -4.337320e+060 -6.414575e+060 -8.424252e+060 -9.957775e+060 -1.038522e+061 -9.645688e+060 -8.038813e+060 -5.528857e+060 8.004281e+058 
2.360686e+062 -7.761191e+059 -2.015257e+060 -3.511457e+060 -5.065036e+060 -6.468941e+060 -7.455818e+060 -7.737919e+060 -7.251050e+060 -6.036952e+060 -4.127431e+060 4.710419e+058 
2.362701e+062 -1.787129e+059 -4.693563e+059 -8.265326e+059 -1.200705e+060 -1.539458e+060 -1.782616e+060 -1.873297e+060 -1.789432e+060 -1.516474e+060 -1.058259e+060 2.710763e+057 
2.363015e+062 -1.000181e+059 -2.625252e+059 -4.626105e+059 -6.740741e+059 -8.653759e+059 -1.003126e+060 -1.058193e+060 -1.012591e+060 -8.591591e+059 -6.011869e+059 8.585148e+056 
2.363256e+062 -3.951328e+058 -1.052069e+059 -1.860847e+059 -2.742404e+059 -3.524226e+059 -4.103132e+059 -4.361345e+059 -4.205572e+059 -3.603861e+059 -2.544971e+059 1.435558e+056 
2.363269e+062 -3.901897e+058 -1.032989e+059 -1.833737e+059 -2.691855e+059 -3.463224e+059 -4.038725e+059 -4.294474e+059 -4.148917e+059 -3.561378e+059 -2.514530e+059 1.392114e+056 
2.363264e+062 -3.988575e+058 -1.049935e+059 -1.862182e+059 -2.731445e+059 -3.523124e+059 -4.109837e+059 -4.365930e+059 -4.223293e+059 -3.617125e+059 -2.555809e+059 1.439489e+056 
2.363272e+062 -3.800592e+058 -1.013013e+059 -1.796682e+059 -2.629586e+059 -3.386230e+059 -3.944938e+059 -4.200056e+059 -4.054999e+059 -3.480127e+059 -2.465232e+059 1.331179e+056 
2.363271e+062 -3.761190e+058 -9.970672e+058 -1.774761e+059 -2.612501e+059 -3.358705e+059 -3.918179e+059 -4.168862e+059 -4.041654e+059 -3.462315e+059 -2.446738e+059 1.309627e+056 
2.363274e+062 -3.808037e+058 -1.004286e+059 -1.777603e+059 -2.607285e+059 -3.364012e+059 -3.926294e+059 -4.175725e+059 -4.033469e+059 -3.462623e+059 -2.448960e+059 1.314554e+056 
2.363273e+062 -3.786329e+058 -9.986152e+058 -1.775451e+059 -2.608538e+059 -3.354509e+059 -3.927530e+059 -4.165054e+059 -4.034990e+059 -3.457104e+059 -2.448250e+059 1.310150e+056 
2.363275e+062 -3.740159e+058 -9.912604e+058 -1.769702e+059 -2.590709e+059 -3.340592e+059 -3.907248e+059 -4.147312e+059 -4.014840e+059 -3.450202e+059 -2.433458e+059 1.296191e+056 
