1.000000e-030   1.000000e-030   1.000000e-030   2.225165e-245   1.000000e-030   1.000000e-030   1.000000e-030   1.250000e-001   1.000000e-030   1.000000e-030   1.000000e-030   1.000000e-030   1.250000e-001   8.489272e-223   1.000000e-030   1.000000e-030   1.000000e-030   3.750000e-001   1.000000e-030   2.500000e-001   1.000000e-030   1.001324e-244   1.000000e-030   1.000000e-030   1.000000e-030   1.000000e-030   1.000000e-030   1.000000e-030   1.000000e-030   1.250000e-001   1.000000e-030   1.000000e-030   

1.524245e-240   1.000000e-030   1.000000e-030   3.333333e-001   1.000000e-030   1.000000e-030   1.000000e-030   1.000000e-030   1.000000e-030   1.000000e-030   4.534765e-224   1.000000e-030   3.537197e-254   2.263806e-222   1.000000e-030   1.000000e-030   1.000000e-030   1.383409e-170   1.000000e-030   1.000000e-030   1.000000e-030   3.333333e-001   1.000000e-030   1.000000e-030   1.000000e-030   1.000000e-030   1.000000e-030   1.000000e-030   1.000000e-030   2.776928e-256   1.000000e-030   3.333333e-001   

5.714286e-001   1.000000e-030   1.000000e-030   1.000000e-030   1.000000e-030   6.523866e-235   1.000000e-030   1.000000e-030   1.000000e-030   1.000000e-030   4.285714e-001   1.000000e-030   1.000000e-030   9.702025e-223   1.000000e-030   1.000000e-030   1.000000e-030   4.365265e-315   1.000000e-030   5.092809e-285   1.000000e-030   1.000000e-030   1.000000e-030   1.000000e-030   1.746578e-236   4.132334e-234   1.000000e-030   1.000000e-030   1.000000e-030   1.000000e-030   1.000000e-030   1.572990e-242   

1.000000e-030   1.000000e-030   4.362943e-231   1.596946e-227   1.000000e-030   3.076923e-001   1.786284e-108   1.000000e-030   1.000000e-030   1.000000e-030   1.067672e-239   1.000000e-030   4.799237e-230   5.224168e-223   1.000000e-030   1.000000e-030   1.000000e-030   1.756641e-226   1.000000e-030   5.279161e-229   1.000000e-030   1.000000e-030   1.000000e-030   1.000000e-030   3.076923e-001   3.846154e-001   1.000000e-030   1.000000e-030   1.000000e-030   5.466252e-225   1.000000e-030   1.000000e-030   

1.000000e-030   1.000000e-030   9.090909e-002   9.090909e-002   1.000000e-030   8.147562e-232   9.090909e-002   1.000000e-030   1.000000e-030   1.000000e-030   1.000000e-030   1.000000e-030   9.090909e-002   9.090909e-002   1.000000e-030   1.000000e-030   1.000000e-030   9.090909e-002   1.000000e-030   9.090909e-002   1.000000e-030   1.000000e-030   1.000000e-030   1.000000e-030   1.314476e-266   7.345411e-262   1.000000e-030   1.000000e-030   1.000000e-030   3.636364e-001   1.000000e-030   1.000000e-030   

