2.363158e+062 -6.537675e+058 -1.606086e+059 -2.611689e+059 -3.455088e+059 -3.958864e+059 -4.115458e+059 -3.901529e+059 -3.425686e+059 -2.738968e+059 -1.872609e+059 1.648395e+056 
2.363234e+062 -4.910862e+058 -1.260440e+059 -2.144025e+059 -3.015099e+059 -3.704711e+059 -4.129225e+059 -4.186915e+059 -3.900063e+059 -3.241308e+059 -2.247109e+059 1.533520e+056 
2.363180e+062 -6.364141e+058 -1.611798e+059 -2.717372e+059 -3.713749e+059 -4.443625e+059 -4.785246e+059 -4.670437e+059 -4.161723e+059 -3.318861e+059 -2.207274e+059 2.068010e+056 
2.363200e+062 -5.651069e+058 -1.427435e+059 -2.374840e+059 -3.261903e+059 -3.882279e+059 -4.194290e+059 -4.149520e+059 -3.775516e+059 -3.087932e+059 -2.124890e+059 1.646572e+056 
2.363221e+062 -5.248591e+058 -1.348618e+059 -2.288729e+059 -3.204552e+059 -3.923267e+059 -4.355573e+059 -4.415116e+059 -4.087640e+059 -3.391239e+059 -2.335131e+059 1.714317e+056 
2.363175e+062 -6.338323e+058 -1.609389e+059 -2.711684e+059 -3.740328e+059 -4.510897e+059 -4.913250e+059 -4.871059e+059 -4.404819e+059 -3.552738e+059 -2.377019e+059 2.182925e+056 
2.363092e+062 -8.630532e+058 -2.161866e+059 -3.567771e+059 -4.801911e+059 -5.609061e+059 -5.866785e+059 -5.578909e+059 -4.795808e+059 -3.672372e+059 -2.337547e+059 3.132719e+056 
2.362969e+062 -1.201049e+059 -2.883026e+059 -4.524586e+059 -5.695230e+059 -6.128688e+059 -5.799434e+059 -4.879373e+059 -3.695344e+059 -2.490723e+059 -1.446993e+059 3.109268e+056 
2.362989e+062 -1.156692e+059 -2.844728e+059 -4.583572e+059 -5.976515e+059 -6.732367e+059 -6.727527e+059 -6.048276e+059 -4.886335e+059 -3.497228e+059 -2.087190e+059 4.115215e+056 
2.363209e+062 -5.311792e+058 -1.395104e+059 -2.380648e+059 -3.378610e+059 -4.214389e+059 -4.695382e+059 -4.802226e+059 -4.468681e+059 -3.673410e+059 -2.511760e+059 1.945912e+056 
2.362948e+062 -1.144557e+059 -2.947094e+059 -4.557216e+059 -5.802412e+059 -6.775709e+059 -6.791710e+059 -6.349047e+059 -5.803689e+059 -4.580913e+059 -3.121067e+059 4.761979e+056 
2.356651e+062 -2.096926e+060 -5.419932e+060 -9.415998e+060 -1.343590e+061 -1.680570e+061 -1.891208e+061 -1.933200e+061 -1.787052e+061 -1.457847e+061 -9.771569e+060 3.123343e+059 
2.354411e+062 -2.783467e+060 -7.185246e+060 -1.245488e+061 -1.770020e+061 -2.201338e+061 -2.460569e+061 -2.495129e+061 -2.284271e+061 -1.842323e+061 -1.217681e+061 5.306380e+059 
2.358428e+062 -1.531669e+060 -3.957355e+060 -6.873775e+060 -9.800807e+060 -1.223797e+061 -1.375312e+061 -1.403667e+061 -1.295017e+061 -1.054565e+061 -7.049375e+060 1.644675e+059 
2.360192e+062 -9.395051e+059 -2.418612e+060 -4.185911e+060 -5.948787e+060 -7.407664e+060 -8.308373e+060 -8.474308e+060 -7.831583e+060 -6.402549e+060 -4.310503e+060 6.032370e+058 
2.347960e+062 -9.442818e+059 -8.967954e+059 -2.275516e+060 -6.206190e+060 -1.025261e+061 -1.215028e+061 -1.172809e+061 -9.798274e+060 -7.288496e+060 -4.968428e+060 7.351842e+058 
2.322149e+062 -3.331557e+060 -3.070748e+060 -5.914341e+060 -1.532696e+061 -2.618716e+061 -3.305959e+061 -3.446013e+061 -3.070475e+061 -2.247611e+061 -1.328007e+061 5.764055e+059 
2.326848e+062 -2.907920e+060 -3.326754e+060 -7.802392e+060 -1.773418e+061 -2.662244e+061 -3.093391e+061 -3.201248e+061 -2.979627e+061 -2.260348e+061 -1.343098e+061 5.910357e+059 
2.342181e+062 -3.119593e+060 -6.154431e+060 -1.116824e+061 -1.889272e+061 -2.639307e+061 -3.041106e+061 -3.019565e+061 -2.687381e+061 -2.124177e+061 -1.401123e+061 6.594980e+059 
2.349254e+062 -3.438257e+060 -8.464395e+060 -1.489689e+061 -2.166402e+061 -2.755409e+061 -3.121042e+061 -3.125431e+061 -2.855768e+061 -2.281320e+061 -1.518208e+061 8.151312e+059 
2.348401e+062 -3.636152e+060 -8.780458e+060 -1.534783e+061 -2.278618e+061 -2.926910e+061 -3.293559e+061 -3.285461e+061 -2.962076e+061 -2.375383e+061 -1.577060e+061 8.954678e+059 
2.349784e+062 -3.700798e+060 -9.288789e+060 -1.618054e+061 -2.339466e+061 -2.947767e+061 -3.299413e+061 -3.308895e+061 -2.993144e+061 -2.401365e+061 -1.589694e+061 9.301960e+059 
2.352118e+062 -2.791107e+060 -6.938670e+060 -1.212194e+061 -1.764528e+061 -2.249863e+061 -2.534428e+061 -2.530040e+061 -2.280458e+061 -1.835644e+061 -1.217400e+061 5.330671e+059 
2.350540e+062 -3.816832e+060 -9.811479e+060 -1.698989e+061 -2.407900e+061 -2.991505e+061 -3.333695e+061 -3.345389e+061 -3.023802e+061 -2.411857e+061 -1.573740e+061 9.700486e+059 
2.353940e+062 -2.775567e+060 -7.146878e+060 -1.239515e+061 -1.757478e+061 -2.193647e+061 -2.458012e+061 -2.481257e+061 -2.259762e+061 -1.816255e+061 -1.195349e+061 5.236562e+059 
2.358968e+062 -1.314161e+060 -3.414790e+060 -5.993371e+060 -8.618445e+060 -1.089907e+061 -1.242212e+061 -1.285709e+061 -1.207192e+061 -1.002127e+061 -6.846021e+060 1.334091e+059 
2.360129e+062 -1.021760e+060 -2.657669e+060 -4.652797e+060 -6.687828e+060 -8.443099e+060 -9.613062e+060 -9.939460e+060 -9.320819e+060 -7.727394e+060 -5.266150e+060 7.979166e+058 
2.362127e+062 -4.141396e+059 -1.079397e+060 -1.894191e+060 -2.734056e+060 -3.468884e+060 -3.967932e+060 -4.132522e+060 -3.904794e+060 -3.265206e+060 -2.247114e+060 1.355242e+058 
2.363093e+062 -9.011740e+058 -2.368013e+059 -4.177050e+059 -6.083716e+059 -7.762716e+059 -8.985356e+059 -9.448949e+059 -9.040299e+059 -7.663279e+059 -5.353764e+059 6.907487e+056 
2.363245e+062 -3.955395e+058 -1.051529e+059 -1.874107e+059 -2.741652e+059 -3.526341e+059 -4.121404e+059 -4.363563e+059 -4.219332e+059 -3.615583e+059 -2.554928e+059 1.442205e+056 
2.363271e+062 -3.815388e+058 -1.012150e+059 -1.791683e+059 -2.629345e+059 -3.385466e+059 -3.945562e+059 -4.191130e+059 -4.050135e+059 -3.472882e+059 -2.455626e+059 1.328648e+056 
2.363277e+062 -3.760096e+058 -9.973514e+058 -1.776928e+059 -2.598057e+059 -3.345369e+059 -3.904694e+059 -4.142103e+059 -4.001042e+059 -3.430969e+059 -2.428544e+059 1.297772e+056 
2.363278e+062 -3.830570e+058 -1.012611e+059 -1.792322e+059 -2.627878e+059 -3.378524e+059 -3.944799e+059 -4.192066e+059 -4.052140e+059 -3.474515e+059 -2.462229e+059 1.329422e+056 
2.363271e+062 -3.734299e+058 -9.945978e+058 -1.767259e+059 -2.590710e+059 -3.342159e+059 -3.898824e+059 -4.134107e+059 -4.004161e+059 -3.438282e+059 -2.429991e+059 1.293051e+056 
2.363271e+062 -3.717917e+058 -9.962272e+058 -1.765635e+059 -2.590165e+059 -3.342382e+059 -3.902413e+059 -4.152138e+059 -4.014789e+059 -3.443385e+059 -2.440756e+059 1.295818e+056 
2.363275e+062 -3.739765e+058 -9.976976e+058 -1.769731e+059 -2.596098e+059 -3.348524e+059 -3.907416e+059 -4.148952e+059 -4.019794e+059 -3.451287e+059 -2.441386e+059 1.300154e+056 
2.363273e+062 -3.728358e+058 -9.957345e+058 -1.759199e+059 -2.586001e+059 -3.331501e+059 -3.883272e+059 -4.131711e+059 -3.995850e+059 -3.430131e+059 -2.432564e+059 1.287852e+056 
2.363275e+062 -3.710902e+058 -9.909615e+058 -1.755179e+059 -2.573472e+059 -3.314729e+059 -3.870570e+059 -4.117421e+059 -3.979485e+059 -3.425592e+059 -2.423695e+059 1.278192e+056 
