29
45
21
22
37
26
48
31
57
33
4
2
-16
7
-19
-20
-19
-32
-23
-38
-9
2
-5
3
-16
17
18
31
33
43
46
7
-1
-12
34
22
7
-12
-16
-13
-27
-1
-15
2
-27
-36
-28
-36
-6
-32
-5
-23
-39
-30
-44
-12
-16
-2
-32
-72
-69
-26
7
-35
-61
-50
-21
-26
-31
-15
-5
-11
-33
-15
-8
-9
-21
-12
3
3
-5
-16
6
9
14
9
20
25
7
20
13
30
32
15
9
-2
23
40
31
0
-8
20
42
8
-16
10
26
28
9
31
16
2
8
21
38
5
-1
-10
4
-1
-13
-5
-15
-40
-53
-19
-2
-19
-55
-24
5
1
-2
-8
11
-1
4
1
-13
-5
-21
-7
-1
-9
-22
-61
-23
6
2
-24
-74
-16
-11
-2
-41
-81
7
-1
22
-37
-10
43
13
27
-6
39
30
9
10
18
31
6
-10
11
46
35
8
-25
34
44
41
18
0
49
20
40
21
35
37
11
26
-1
38
30
21
7
-17
14
24
45
12
-9
8
5
13
-6
9
36
9
-7
-31
14
36
4
0
-1
41
30
7
-5
-8
7
-14
-20
-10
4
-4
-14
-9
13
14
0
-2
-3
18
27
28
9
-7
2
-9
5
8
1
-1
-12
-12
-25
-11
-5
-31
-49
-59
-16
1
-1
-20
-45
-11
-17
-10
-16
-2
10
-31
-29
-12
-4
-15
-48
-37
-14
-19
-26
-48
3
21
3
-30
-60
-5
14
15
-26
-37
6
12
2
-26
-7
19
11
-26
-23
19
49
3
-51
-22
16
43
-17
-24
10
37
40
1
33
38
18
-18
-11
47
35
-21
-66
-22
36
14
-43
-44
4
26
-1
-34
-21
0
-1
-30
-33
-12
-3
-18
-42
-29
-8
2
-5
-22
-6
11
27
9
-4
9
-2
1
1
19
22
-2
1
6
24
25
10
5
13
20
12
-8
-6
15
24
23
6
12
23
35
38
25
27
30
30
29
33
34
11
13
28
23
21
10
17
10
11
24
21
16
-16
-7
16
24
11
-10
6
11
8
0
10
17
-11
-15
6
25
4
-20
-16
10
21
0
-26
-29
-14
-3
5
-20
-33
-20
-7
0
-7
3
1
-10
-15
-15
9
10
-12
-25
-8
23
20
-2
-7
-3
14
11
9
1
-4
-5
-20
-4
6
6
-22
-37
-9
11
6
-33
-35
-12
0
-11
-35
-27
-7
-15
-12
2
14
9
-21
-11
8
19
-7
-37
-25
-2
6
-12
-25
-10
7
-6
-13
-9
17
9
-26
0
24
37
-11
-34
-3
20
32
-23
-18
2
9
-4
-26
9
3
-9
-37
-27
13
18
4
-23
-15
1
11
1
-7
-9
-6
-14
-11
-4
-6
-5
-22
-10
-12
0
-8
-21
-5
-7
5
-18
-19
-4
4
4
-17
-7
11
13
-11
-27
-10
17
1
-23
-16
10
30
6
-7
-10
9
18
7
10
8
17
1
-3
10
23
25
-10
9
34
43
19
-6
13
30
17
-18
-4
29
40
-7
-30
-5
21
18
-16
-8
16
29
5
-13
7
25
19
-14
-22
-5
14
4
-19
-20
3
6
-3
-3
8
10
-7
-8
-13
10
9
2
-3
-10
7
7
3
-13
-5
15
18
-7
-20
4
24
6
-29
-25
0
19
-8
-25
-12
6
0
-15
-1
11
10
-13
-6
14
14
-9
-16
7
14
12
-17
-6
11
10
-3
-10
18
19
6
-26
-19
6
7
-1
-21
-15
-1
1
-12
-25
-14
-6
-12
-25
-20
8
12
-6
-19
-12
9
5
-13
-26
-4
14
3
-13
-7
9
3
-7
-7
10
18
5
-13
-5
24
29
5
-17
-4
9
7
-4
-16
3
27
29
-3
-24
2
24
14
-14
-21
7
21
3
-20
-6
22
7
-23
-23
10
19
-4
-19
-3
8
-12
-28
-16
16
10
-20
-29
4
24
-2
-26
-19
25
16
-12
-26
-2
32
13
-11
-25
16
31
11
-11
-2
26
26
13
-9
4
12
14
-3
-5
16
26
17
0
11
15
20
10
8
16
18
15
-9
4
22
19
-9
-17
13
27
19
-5
-3
13
19
-8
-25
-4
15
8
-17
-9
11
11
-8
-20
-6
4
-3
-22
-22
1
9
-11
-26
-13
5
1
-16
-15
6
14
2
-16
-2
19
14
-4
-10
11
23
13
0
0
12
13
1
-10
2
13
12
2
-7
1
6
5
4
4
8
10
5
-2
3
10
7
-4
-9
-12
-3
-1
-3
-3
-5
-1
-5
-10
-8
0
0
-14
-23
-18
-5
-10
-21
-27
-16
-5
-17
-31
-22
-3
-7
-20
-32
-15
2
-2
-11
-6
9
5
-13
-16
5
11
-4
-19
-10
12
10
-5
-12
1
16
2
-15
-9
13
22
8
-3
8
21
14
-5
-4
15
20
3
-10
1
14
13
6
7
16
11
-3
-4
15
17
2
-8
0
17
9
0
-1
9
9
-5
-16
-8
8
0
-11
-10
3
4
-4
-12
-2
12
-1
-9
-10
6
12
4
1
6
11
0
-3
-4
6
5
-2
3
9
14
2
2
6
14
14
11
14
20
22
8
13
21
21
6
-2
9
20
20
0
-4
8
22
12
-2
1
15
16
-3
-7
3
14
6
-10
-12
2
6
-7
-19
-13
2
1
-9
-20
-11
3
1
-14
-25
-13
-5
-8
-19
-21
-9
-3
-12
-20
-14
-4
-6
-17
-26
-15
-3
-5
-11
-12
-3
1
-6
-11
-6
7
9
-3
-8
3
11
5
-4
-4
6
11
2
-3
5
16
17
6
7
17
21
13
6
12
17
16
7
1
5
13
9
-4
-10
-9
-3
-7
-13
-16
-12
-7
-9
-9
-4
1
-7
-15
-15
-8
-4
-9
-12
-10
-2
-3
-8
-11
-9
-6
-6
-7
-10
-9
-11
-11
-8
-5
-3
-8
-8
-8
-5
-7
-10
-8
-3
-1
-7
-5
0
3
2
0
5
7
6
4
1
4
9
8
6
2
1
3
3
1
-5
-5
1
2
0
-4
1
8
5
-1
-2
2
5
5
0
1
9
9
3
3
10
13
11
6
5
12
16
10
2
4
13
14
7
3
8
15
15
4
2
8
15
11
4
6
15
16
7
-2
0
7
7
1
-3
4
8
6
0
0
2
1
-1
-4
-4
1
2
-1
-2
3
7
1
-6
-7
-2
1
-7
-14
-10
-2
-2
-8
-10
-9
-6
-11
-17
-15
-12
-10
-12
-15
-12
-10
-10
-12
-12
-8
-6
-6
-10
-9
-7
-6
-7
-9
-5
1
1
-2
-1
5
5
1
-2
1
8
11
9
7
11
12
8
6
7
9
8
6
4
5
5
5
3
5
7
7
3
1
3
6
4
1
2
3
1
-3
-5
-4
-4
-6
-9
-9
-7
-5
-6
-5
-6
-7
-7
-8
-8
-7
-5
-5
-3
-4
-3
-2
-3
-6
-6
-6
-8
-9
-11
-9
-3
-3
-6
-5
-3
-3
-3
-4
-4
-2
2
1
3
4
4
4
1
-3
-3
0
1
1
2
1
2
1
2
5
9
10
8
6
7
10
8
4
5
5
5
4
4
6
7
7
5
4
5
5
3
3
3
5
5
3
4
5
7
6
3
4
2
3
4
6
9
8
6
5
6
6
6
5
3
1
2
2
1
1
1
0
-2
0
0
0
-3
-3
-1
0
-2
-2
-2
-2
-3
-3
-1
-1
0
0
2
5
4
4
3
3
2
0
1
2
1
0
-3
-4
-4
-5
-2
-1
-1
-2
-3
-3
-5
-4
-3
-4
-3
-2
0
0
0
-2
-3
-3
-3
-2
-1
-2
-2
-1
0
-1
-2
-1
-1
-2
-1
-3
-3
-3
0
-1
-1
-2
-2
-2
-1
1
2
3
3
2
0
-1
-2
-4
-7
-5
-4
-2
-3
-5
-4
-6
-6
-7
-8
-7
-4
-4
-6
-6
-4
-4
-5
-6
-5
-7
-8
-9
-9
-8
-7
-9
-9
-10
-11
-10
-9
-6
-2
-1
-2
-4
-1
-2
0
1
0
1
1
1
2
4
3
2
2
1
2
2
3
4
4
5
6
5
4
4
6
7
7
7
7
7
7
6
6
5
6
4
4
5
4
4
4
3
4
3
3
2
0
0
1
2
3
3
1
-1
-2
-3
-4
-2
-6
-5
-5
-6
-5
-4
-3
-2
0
0
0
2
1
2
1
1
1
1
1
0
-2
-2
-1
-2
-2
-2
-2
0
-1
0
1
2
4
6
8
8
10
10
11
12
10
7
8
9
9
9
7
5
3
3
1
1
2
1
-1
-1
-1
0
1
0
1
2
3
2
1
-2
-2
-2
-4
-5
-7
-7
-7
-8
-7
-6
-8
-6
-8
-7
-5
-6
-4
-3
-2
0
-1
-2
-1
-1
-4
-3
-3
-3
-2
-3
-4
-4
-3
-2
0
0
1
1
1
1
1
0
1
0
-1
0
1
1
-1
-1
-1
-2
-3
-3
-5
-8
-7
-9
-10
-10
-8
-7
-8
-6
-5
-4
-2
-2
-2
0
-2
-2
-2
-3
-2
-3
-3
-3
-5
-5
-5
-4
-5
-5
-7
-6
-6
-6
-6
-5
-5
-3
-2
-3
-4
-3
-2
-1
1
3
5
5
7
7
9
9
11
13
14
14
14
14
15
13
12
11
10
7
6
6
6
6
4
3
0
0
-1
-3
-1
0
1
3
4
6
7
8
8
9
10
11
10
10
9
7
5
2
1
-2
-5
-7
-9
-12
-14
-17
-18
-20
-21
-21
-23
-22
-21
-19
-16
-11
-7
-6
-2
0
5
9
14
18
23
26
28
27
28
30
28
26
22
18
13
9
2
-5
-12
-17
-22
-26
-31
-35
-38
-40
-41
-38
-33
-28
-21
-12
-2
8
19
29
40
53
62
71
80
87
90
92
93
89
85
77
67
55
42
27
9
-10
-30
-51
-72
-91
-109
-126
-139
-150
-159
-167
-169
-170
-165
-157
-146
-131
-110
-87
-58
-31
0
31
63
92
123
151
175
195
210
222
229
229
225
216
202
183
157
126
94
58
21
-17
-57
-96
-132
-169
-199
-228
-250
-268
-282
-288
-292
-287
-276
-259
-237
-208
-173
-136
-93
-51
-7
38
84
128
171
209
242
271
291
308
320
324
322
313
297
276
251
218
183
148
108
68
27
-11
-50
-87
-119
-149
-174
-193
-208
-218
-224
-223
-219
-210
-194
-177
-156
-132
-106
-80
-53
-27
0
27
55
78
99
116
129
138
143
143
141
136
126
115
101
86
67
48
25
4
-16
-37
-58
-76
-91
-101
-111
-119
-124
-127
-127
-124
-118
-109
-102
-89
-77
-62
-47
-34
-18
-2
13
28
41
50
60
69
78
86
91
93
94
92
88
85
79
72
65
58
51
41
31
20
10
1
-6
-15
-22
-27
-35
-38
-43
-46
-48
-49
-49
-49
-47
-45
-42
-40
-35
-29
-25
-19
-16
-9
-5
0
6
9
14
19
24
28
30
31
30
29
28
25
22
20
15
7
2
-4
-11
-15
-21
-27
-31
-35
-38
-41
-44
-45
-47
-46
-47
-43
-41
-37
-32
-26
-22
-14
-7
1
8
14
20
28
33
38
40
42
44
43
41
38
33
30
24
18
11
2
-5
-12
-16
-23
-28
-33
-36
-38
-41
-42
-41
-39
-35
-31
-25
-18
-11
-4
5
13
22
30
39
47
55
62
68
73
76
77
77
74
72
70
64
57
52
44
38
28
17
6
-2
-11
-20
-29
-36
-43
-49
-53
-55
-57
-59
-60
-59
-57
-54
-51
-46
-42
-37
-33
-28
-23
-17
-12
-7
-3
1
5
8
11
12
15
15
17
17
16
15
13
12
12
13
11
10
8
6
7
6
8
10
9
10
9
10
10
14
16
19
21
23
24
23
22
23
24
25
23
22
21
18
15
11
8
3
-1
-5
-9
-13
-17
-22
-28
-31
-34
-38
-40
-43
-46
-46
-45
-46
-45
-44
-43
-42
-38
-36
-30
-25
-20
-14
-7
-3
2
7
10
16
21
24
28
31
32
32
33
33
33
32
31
31
29
26
24
18
15
11
7
5
3
3
1
-1
-3
-6
-8
-8
-10
-9
-9
-9
-9
-9
-9
-10
-10
-9
-8
-7
-5
-5
-5
-7
-7
-7
-9
-10
-10
-12
-13
-13
-14
-14
-14
-15
-19
-21
-22
-20
-19
-18
-16
-15
-13
-12
-10
-7
-3
0
4
8
11
14
16
19
20
22
23
25
28
30
33
32
33
30
28
26
25
22
22
19
17
13
10
5
0
-1
-4
-7
-10
-13
-17
-21
-22
-24
-24
-23
-23
-23
-21
-19
-17
-16
-14
-12
-12
-10
-8
-6
-4
-2
0
1
2
2
4
6
7
8
9
11
12
12
14
14
14
14
14
14
16
15
15
11
8
4
2
2
1
-1
-4
-5
-9
-10
-12
-13
-15
-16
-16
-15
-15
-12
-12
-10
-10
-9
-8
-6
-3
-2
0
3
4
6
6
7
7
10
12
14
16
17
19
17
16
15
14
12
10
8
7
4
2
-2
-5
-9
-11
-12
-15
-15
-17
-17
-19
-18
-20
-19
-20
-21
-19
-16
-13
-12
-9
-8
-6
-2
-1
1
4
6
7
9
11
13
14
12
12
13
14
15
14
15
14
14
12
8
7
6
5
4
3
1
-2
-5
-5
-7
-8
-10
-13
-13
-13
-14
-14
-14
-12
-13
-13
-12
-11
-11
-9
-7
-5
-4
-2
-3
-2
0
3
5
8
9
11
11
12
12
13
13
15
16
18
18
17
15
15
12
9
8
8
8
8
6
5
3
0
0
0
-2
-2
-1
-2
-1
-2
-3
-4
-4
-5
-5
-4
-4
-3
-4
-3
-2
0
0
-1
-2
-1
1
5
6
7
7
6
5
3
3
3
2
3
3
1
-1
-2
-4
-5
-6
-7
-7
-7
-8
-8
-7
-7
-7
-6
-7
-5
-6
-3
-2
-2
-1
-2
-2
-2
-2
0
0
0
2
1
2
3
0
3
2
3
6
6
5
5
6
5
3
4
3
3
3
3
1
0
0
-4
-4
-5
-4
-3
-4
-4
-3
-3
-3
-5
-5
-5
-6
-6
-6
-5
-5
-6
-5
-6
-5
-5
-5
-5
-4
-5
-5
-5
-4
-3
-3
-3
-2
0
0
0
0
2
2
2
2
4
2
1
2
2
4
3
2
1
3
2
1
2
1
1
2
2
1
2
1
0
1
1
1
2
5
5
4
3
3
2
2
4
3
2
3
2
3
2
4
3
3
2
3
3
2
3
3
2
2
1
1
0
1
-1
-3
-2
-2
-1
-2
-1
-2
-2
-1
0
0
0
1
1
2
2
2
2
3
2
2
3
2
3
4
4
5
4
5
5
4
5
5
4
5
6
3
2
2
2
0
0
0
3
2
1
2
1
1
0
1
1
2
2
2
1
1
0
0
-2
-2
-2
-3
-4
-3
-2
-2
-2
-2
-1
-2
-1
0
-1
-1
-2
-2
0
1
1
3
2
1
1
-1
-1
1
1
-1
-1
0
0
-1
0
0
0
1
0
-2
-3
-2
-2
-2
-1
-3
-4
-4
-4
-4
-4
-3
-5
-5
-4
-3
-2
0
1
2
2
1
0
1
2
2
3
3
2
1
1
1
0
0
0
-1
-2
-2
-1
0
1
1
1
-2
-2
-3
-4
-2
-2
0
-1
-2
-1
0
1
1
1
0
1
2
1
2
1
1
2
2
2
2
2
1
0
1
-1
-2
-2
-3
-2
-1
-1
0
0
-1
-1
0
-1
2
1
0
0
0
1
1
0
0
1
0
0
-1
-2
-1
0
-1
0
0
0
0
1
2
1
0
0
1
0
0
0
-2
-2
-3
-3
-2
-2
-2
-2
-4
-5
-6
-5
-5
-3
-2
-2
-3
-2
-1
-1
0
-2
0
1
2
1
0
1
1
2
3
2
3
3
2
0
0
0
-2
-2
-2
0
0
1
0
0
1
0
0
-2
-2
-1
0
-1
-2
-2
-3
-4
-3
-2
-3
-3
-1
-1
-2
-1
-3
-2
-2
-1
-1
-2
-1
0
1
2
2
2
1
0
0
1
-1
1
1
1
0
1
1
0
2
2
4
3
2
1
0
1
2
2
2
1
0
0
1
0
-1
-1
0
0
0
1
4
3
3
3
2
2
4
4
3
3
3
4
4
4
3
3
2
2
1
2
2
2
0
1
0
1
1
0
0
-3
-3
-3
-4
-4
-3
-2
-3
-3
-1
-3
-3
-1
-2
-1
0
2
2
1
1
1
1
2
3
3
2
3
2
3
3
3
3
2
1
-1
-2
-2
-2
0
2
2
3
4
2
2
0
1
0
3
3
4
3
3
3
2
3
1
2
3
3
4
3
4
3
3
2
0
0
-1
-1
0
-2
-3
-4
-5
-5
-3
-4
-3
-4
-3
-4
-4
-4
-5
-5
-4
-5
-4
-4
-3
-3
-3
-4
-4
-1
-1
-1
0
-1
0
-1
-1
0
-1
0
0
0
1
0
-1
-1
0
1
1
1
0
2
2
3
2
2
1
-1
-1
-1
-2
-1
0
0
0
1
0
-2
-1
-3
-1
-2
-2
-2
-2
0
0
0
-1
-3
-3
-2
0
0
-1
0
1
1
2
2
2
1
1
2
2
1
1
-2
-5
-7
-9
-10
-9
-10
-12
-13
-12
-10
-11
-10
-12
-10
-10
-8
-6
-6
-5
-4
-5
-3
-2
0
0
1
1
3
3
1
2
0
2
3
6
7
8
10
9
9
11
11
13
13
12
11
10
9
6
4
4
4
4
5
5
4
6
8
9
11
13
14
15
18
18
19
17
13
12
10
12
10
6
0
-2
-4
-1
-1
-7
-9
-16
-18
-16
-15
-11
-14
-16
-17
-14
-7
-5
0
-2
-5
-6
-5
0
2
4
1
-5
-4
-4
-4
1
-4
-8
-10
-13
-8
-13
-13
-16
-22
-16
-21
-17
-11
-10
-1
0
7
9
9
14
12
25
26
24
27
18
19
13
14
9
-3
-5
-20
-17
-16
-20
-20
-30
-28
-31
-23
-18
-21
-21
-27
-24
-24
-12
-8
-9
-5
-9
9
21
38
52
45
68
69
99
128
132
154
119
130
129
125
148
104
88
35
9
5
-30
-19
-75
-111
-131
-156
-127
-137
-123
-137
-158
-131
-126
-82
-59
-50
-41
-49
-20
1
24
35
15
-6
-18
-21
-16
-20
-28
-47
-72
-74
-82
-78
-76
-83
-78
-80
-60
-51
-43
-26
-38
-31
-37
-35
-26
-41
-32
-50
-49
-42
-55
-37
-48
-39
-24
-29
-5
-11
0
13
20
56
65
86
107
110
145
163
187
208
202
216
214
219
242
240
241
227
205
197
179
172
162
128
116
83
62
58
37
42
23
13
15
-1
17
13
17
26
9
11
-3
-11
-6
-29
-30
-62
-99
-112
-156
-152
-177
-203
-223
-276
-279
-299
-281
-270
-293
-285
-318
-309
-291
-286
-258
-290
-301
-315
-307
-264
-242
-206
-212
-185
-145
-40
94
204
329
339
416
482
542
666
654
653
566
464
444
338
308
207
31
-63
-202
-236
-251
-291
-301
-377
-361
-302
-224
-87
-16
29
67
111
192
271
319
314
261
205
163
126
83
7
-91
-194
-257
-285
-277
-273
-289
-286
-275
-205
-105
-1
85
134
182
233
301
362
385
371
322
274
231
191
137
38
-59
-174
-245
-273
-322
-328
-387
-424
-419
-420
-333
-301
-246
-187
-168
-58
8
95
159
162
211
207
261
290
252
250
155
117
84
30
39
-41
-69
-117
-166
-121
-139
-97
-82
-99
-46
-23
48
97
108
133
119
130
155
164
157
140
93
59
45
9
14
-39
-59
-68
-110
-65
-87
-79
-78
-105
-62
-82
-44
-31
-46
-21
-26
-9
-5
1
-16
-31
-44
-54
-47
-70
-68
-101
-120
-109
-123
-106
-107
-120
-104
-101
-76
-42
-39
2
-5
21
68
66
124
109
112
127
110
157
147
171
163
127
148
123
136
144
116
118
87
89
99
59
78
28
17
41
14
42
22
16
13
-19
8
14
23
51
17
20
22
16
44
36
38
48
27
30
29
-4
2
-42
-40
-31
-68
-44
-111
-125
-125
-144
-102
-118
-102
-117
-129
-111
-99
-78
-76
-81
-106
-94
-93
-70
-60
-80
-98
-126
-106
-64
-31
-16
-29
-53
-41
-25
6
32
28
27
-9
7
20
49
69
43
55
33
75
99
108
130
99
120
102
134
167
154
166
126
124
119
127
140
112
113
92
75
77
69
65
53
42
55
65
89
111
102
108
108
105
140
137
143
136
88
85
47
27
23
-24
-34
-88
-116
-102
-152
-131
-168
-210
-189
-213
-185
-201
-212
-225
-277
-261
-256
-246
-237
-264
-289
-319
-328
-301
-295
-259
-236
-266
-241
-262
-251
-240
-254
-220
-243
-207
-183
-177
-150
-127
-102
-80
-15
40
114
152
204
266
309
407
446
495
535
517
522
482
457
417
331
282
213
170
134
58
7
-63
-110
-118
-118
-75
-47
-27
-2
37
90
141
191
210
239
244
242
257
249
227
194
156
152
145
161
168
111
129
100
113
158
158
211
171
188
180
143
176
111
97
47
-13
-19
-98
-109
-161
-206
-223
-260
-264
-323
-353
-395
-428
-428
-451
-468
-533
-558
-588
-605
-564
-585
-575
-589
-585
-567
-563
-555
-565
-562
-543
-510
-486
-465
-471
-432
-301
-13
279
616
793
781
931
989
1170
1357
1337
1282
965
766
631
389
374
152
-158
-293
-428
-438
-468
-480
-540
-694
-587
-375
-186
65
220
196
200
334
460
586
680
671
531
397
364
235
88
-49
-294
-458
-493
-481
-469
-477
-518
-569
-508
-345
-120
76
245
329
364
517
586
689
725
674
663
581
604
488
345
167
-113
-254
-354
-352
-376
-445
-494
-570
-587
-503
-410
-301
-182
-107
-21
48
129
144
94
105
86
83
90
29
-59
-196
-313
-393
-453
-445
-462
-509
-548
-591
-608
-603
-553
-451
-377
-297
-205
-171
-46
2
33
72
38
94
56
83
44
-49
-57
-200
-223
-273
-311
-243
-259
-122
-17
102
412
503
570
731
758
876
964
998
924
695
602
396
178
175
45
-177
-289
-379
-475
-541
-517
-542
-639
-537
-395
-348
-156
35
43
104
211
281
357
461
508
415
344
312
180
67
47
-75
-123
-130
-128
-128
-119
-99
-62
194
191
474
615
612
848
678
824
653
625
683
312
459
212
16
-96
-415
-420
-683
-635
-639
-759
-577
-700
-676
-569
-476
-305
-219
-76
57
60
113
91
3
-11
-64
-121
-190
-287
-387
-541
-684
-695
-751
-721
-700
-735
-691
-719
-652
-640
-568
-510
-486
-368
-336
-166
-52
97
469
837
1144
1139
1180
1265
1271
1513
1547
1373
1135
826
539
263
262
151
-243
-454
-550
-664
-675
-567
-649
-821
-719
-549
-404
-59
212
160
123
266
358
422
646
699
519
433
362
209
62
-31
-254
-518
-539
-515
-507
-405
-393
-422
-418
-254
2
147
418
527
571
625
752
903
926
833
923
1093
663
826
438
70
177
-257
-160
-599
-429
-499
-1037
-542
-798
-714
-574
-592
-250
-294
114
180
58
307
203
169
298
334
317
60
-95
-191
-526
-520
-620
-788
-791
-929
-898
-996
-931
-832
-917
-737
-625
-449
-349
-222
-115
-227
-103
-85
-35
27
36
62
-98
-12
110
327
719
719
734
734
770
988
1072
1167
1010
764
593
372
364
382
186
-97
-290
-388
-470
-416
-375
-513
-617
-571
-459
-254
41
140
96
144
212
257
361
478
461
294
229
204
68
81
-31
-278
-374
-400
-374
-296
-188
-123
-239
-169
0
114
329
548
650
709
1120
1021
1192
1240
921
1052
700
854
566
244
156
-570
-565
-842
-910
-820
-1116
-957
-1144
-1023
-758
-697
-386
-269
-104
45
169
361
382
367
381
276
200
126
-58
-227
-465
-649
-777
-837
-798
-838
-852
-925
-962
-898
-769
-622
-451
-343
-353
-258
-236
-121
-29
26
91
67
221
602
1066
1267
1284
1125
1015
1142
1315
1508
1339
1017
756
296
147
205
20
-221
-495
-644
-714
-705
-533
-644
-817
-737
-666
-422
-35
230
241
160
249
341
477
720
786
607
385
248
94
-23
-38
-201
-463
-573
-558
-520
-417
-304
-348
-379
-221
-2
257
527
708
770
712
834
883
1020
1039
929
778
702
1043
509
544
240
-301
-76
-513
-236
-587
-638
-623
-1252
-653
-738
-619
-424
-561
-198
-329
109
289
92
315
64
30
134
157
186
-132
-276
-492
-843
-852
-910
-976
-1016
-1088
-1075
-1151
-1072
-989
-1003
-895
-754
-547
-484
-333
-270
-403
-295
-254
-157
-14
151
523
851
1114
1243
1250
1284
1327
1477
1624
1555
1389
1112
706
392
260
104
-166
-311
-451
-668
-722
-650
-663
-781
-670
-557
-460
-66
228
338
431
535
534
518
713
793
673
581
437
208
6
-91
-281
-501
-575
-660
-662
-621
-516
-485
-519
-299
-100
99
413
639
733
793
921
989
1042
1143
1108
1014
893
715
460
225
58
-215
-454
-644
-771
-915
-994
-1012
-1086
-1007
-912
-784
-585
-350
-158
-1
169
296
405
458
495
510
431
325
208
54
-128
-310
-488
-622
-715
-786
-857
-937
-967
-1006
-998
-899
-722
-587
-462
-357
-292
-145
-143
29
65
-22
93
-5
87
207
282
431
558
814
838
854
1006
1057
1163
1205
1137
942
686
502
302
209
174
48
-167
-332
-395
-494
-492
-405
-394
-370
-304
-170
-42
55
191
194
180
279
322
307
335
286
106
-54
-176
-214
-319
-375
-413
-614
-593
-570
-521
-358
-280
-144
-80
70
302
430
626
706
724
749
763
933
921
881
805
536
370
175
42
-77
-235
-307
-545
-683
-696
-791
-772
-709
-599
-496
-328
-108
-2
133
229
263
282
403
463
407
425
297
120
-50
-220
-342
-503
-545
-652
-731
-755
-875
-864
-933
-896
-822
-805
-649
-608
-497
-442
-442
-356
-429
-380
-305
-303
-106
-61
36
189
271
538
678
837
952
967
1139
1153
1177
1135
862
666
405
227
139
71
17
-233
-414
-552
-689
-662
-622
-600
-564
-446
-302
-199
-33
101
122
200
311
406
489
576
572
415
295
150
14
-44
-64
-158
-252
-278
-323
-276
-221
-98
6
68
281
457
630
873
975
1001
1056
1048
1137
1156
1137
1089
764
607
325
90
-18
-300
-374
-683
-781
-796
-983
-852
-930
-841
-681
-539
-195
-82
102
127
46
124
114
232
250
188
100
-161
-371
-555
-740
-880
-946
-1017
-1038
-1031
-1045
-1055
-1081
-989
-879
-745
-486
-307
-218
-139
-138
-109
-105
-44
63
90
259
387
587
868
995
1061
961
963
1051
1149
1301
1227
1033
753
431
205
75
52
-61
-257
-371
-514
-554
-524
-560
-596
-636
-571
-465
-238
-25
23
54
-1
32
141
273
350
287
176
-39
-159
-216
-258
-270
-364
-433
-521
-512
-426
-327
-185
-121
-6
102
280
545
699
786
883
840
858
882
911
1264
1035
1103
839
367
527
50
227
-153
-420
-359
-1037
-676
-869
-821
-565
-847
-473
-616
-261
76
24
370
161
180
190
145
312
102
-10
-272
-612
-709
-859
-871
-894
-972
-948
-1038
-1019
-898
-844
-736
-635
-520
-369
-203
-32
38
42
108
92
154
309
435
662
905
1087
1113
1096
1122
1123
1198
1292
1234
1063
891
625
358
216
76
-76
-251
-397
-496
-608
-621
-613
-664
-657
-563
-447
-304
-95
47
74
137
206
246
339
445
483
373
279
156
-59
-92
-109
-189
-256
-297
-361
-445
-376
-271
-163
-16
161
271
380
690
838
942
1067
979
966
848
825
803
592
516
176
-117
-310
-514
-517
-686
-703
-730
-836
-702
-639
-496
-388
-315
-193
-191
-10
87
95
131
27
-77
-202
-260
-341
-430
-511
-623
-711
-783
-813
-874
-873
-856
-748
-656
-555
-409
-387
-292
-276
-190
-66
23
203
237
313
357
334
395
467
694
859
952
1068
1042
1046
997
940
870
754
737
574
431
344
163
-36
-302
-467
-605
-645
-546
-542
-516
-521
-562
-588
-552
-354
-179
-5
154
198
207
207
221
214
202
203
148
81
76
27
-73
-149
-226
-263
-266
-150
-55
28
106
153
155
283
650
689
970
1032
941
1047
815
921
592
481
403
-110
-21
-338
-400
-465
-749
-635
-941
-773
-635
-651
-324
-400
-315
-375
-447
-302
-409
-322
-333
-482
-501
-608
-655
-664
-705
-704
-805
-824
-756
-721
-615
-575
-599
-605
-598
-490
-338
-182
44
116
152
255
282
395
535
687
907
1123
1280
1316
1280
1242
1147
1085
1034
912
864
782
616
450
298
107
-131
-249
-310
-356
-316
-276
-343
-426
-439
-480
-497
-343
-149
-29
82
170
148
91
97
83
85
107
129
76
-39
-82
-153
-281
-321
-331
-295
-253
-149
7
-53
89
98
236
527
589
991
843
968
999
744
882
480
562
255
-28
50
-385
-253
-447
-546
-556
-791
-554
-695
-578
-415
-533
-431
-575
-581
-583
-649
-547
-655
-699
-709
-775
-731
-747
-682
-649
-708
-642
-631
-603
-513
-482
-456
-465
-417
-365
-337
-202
-93
-27
33
101
178
287
479
632
783
923
1009
1075
1088
1171
1201
1204
1190
1059
973
823
665
549
380
255
94
-48
-174
-276
-280
-339
-376
-409
-435
-405
-351
-224
-114
-9
56
72
92
115
199
272
334
390
397
366
315
250
188
111
64
31
39
52
121
237
199
334
338
386
551
531
641
472
413
328
102
116
-75
-145
-289
-470
-525
-696
-658
-669
-728
-731
-798
-820
-861
-872
-838
-885
-864
-858
-913
-850
-815
-760
-732
-693
-611
-575
-420
-330
-257
-191
-206
-207
-225
-145
-64
29
122
148
185
193
229
280
372
489
592
722
802
880
915
866
849
807
804
850
845
849
786
679
555
406
311
217
170
150
100
58
-40
-156
-271
-351
-362
-344
-261
-176
-121
-84
-59
-58
-59
-35
-9
40
102
182
194
210
195
146
161
205
339
426
548
583
530
512
431
392
283
209
95
-69
-145
-274
-349
-429
-529
-602
-682
-658
-601
-550
-474
-477
-506
-515
-541
-512
-492
-474
-492
-560
-620
-700
-727
-750
-786
-793
-796
-765
-710
-649
-602
-569
-546
-505
-420
-308
-159
-45
35
75
76
103
143
255
387
509
627
692
722
737
742
757
790
824
881
879
865
839
734
664
567
515
478
413
414
331
293
262
183
175
122
111
121
113
173
209
231
246
228
229
221
263
317
330
367
309
207
119
32
2
-40
-60
-96
-178
-210
-242
-237
-185
-129
-68
-38
17
60
78
96
62
6
-54
-106
-148
-204
-276
-387
-487
-584
-669
-706
-754
-767
-779
-731
-632
-514
-374
-318
-278
-277
-263
-213
-185
-130
-133
-182
-239
-314
-331
-344
-326
-301
-315
-266
-234
-202
-163
-151
-112
-87
0
100
167
257
270
278
282
287
339
365
435
491
528
544
504
486
437
416
440
446
466
454
409
340
276
250
221
192
147
88
34
-13
-22
-52
-88
-120
-153
-167
-180
-144
-147
-167
-184
-228
-237
-240
-199
-183
-175
-149
-156
-141
-132
-94
-71
-64
-30
-44
-53
-31
-22
0
32
76
113
136
163
155
150
164
168
186
178
154
108
45
-10
-46
-55
-84
-106
-159
-228
-266
-298
-284
-276
-264
-274
-316
-330
-345
-320
-277
-235
-178
-154
-123
-73
-34
37
66
87
89
63
69
70
90
85
55
35
22
66
146
215
284
309
296
278
285
318
364
415
409
376
333
266
234
210
207
191
165
167
152
164
167
176
200
191
176
148
151
164
144
109
29
-22
-49
-112
-130
-130
-130
-176
-257
-279
-294
-269
-263
-259
-212
-195
-187
-199
-179
-124
-102
-84
-90
-79
-68
-92
-82
-93
-77
-56
-75
-90
-76
-32
-25
-1
38
78
128
149
142
120
142
157
152
148
125
112
70
42
10
-41
-76
-105
-104
-105
-91
-96
-129
-129
-125
-128
-122
-96
-107
-107
-92
-71
-33
-96
-92
-76
-57
-30
-66
-30
-54
-54
-58
-70
-37
-34
-9
-24
-56
-43
-33
-10
56
148
156
108
81
85
113
112
106
57
18
14
-7
20
20
-32
-85
-100
-58
-32
28
74
22
-11
-15
-2
1
-13
2
-61
-70
-58
-61
-72
-158
-148
-186
-177
-173
-163
-112
-92
-51
-71
-82
-87
-45
-21
29
90
133
138
103
114
103
91
105
118
133
185
192
170
154
193
267
258
235
203
166
214
224
234
247
173
112
-30
24
111
78
28
-103
-78
-116
-90
-66
-111
-112
-170
-179
-159
-120
-145
-166
-163
-168
-161
-165
-124
-134
-150
-90
-116
-181
-190
-146
-64
-78
-34
-55
-65
39
15
87
129
195
180
97
160
175
148
93
119
136
111
50
17
8
40
37
-49
38
21
4
-27
2
99
53
51
-53
-79
-4
17
18
-11
-2
-76
-131
-96
-83
-77
-100
-87
-114
-98
-97
-146
-134
-89
-24
-12
26
56
81
120
138
147
155
184
194
128
84
136
128
111
59
26
77
21
48
93
133
118
78
88
77
139
147
127
122
100
47
27
37
50
10
-17
-22
-79
-137
-92
-66
-100
-116
-193
-228
-220
-159
-188
-220
-230
-255
-252
-214
-176
-242
-245
-205
-177
-186
-138
-82
-111
-36
24
41
15
1
45
6
4
6
26
29
-23
-82
-106
-57
-23
-53
-67
-8
-82
-32
72
117
184
127
116
112
111
171
134
141
154
58
31
25
57
44
15
-40
-69
-52
40
59
1
29
15
44
-15
36
97
80
112
89
131
144
117
112
134
137
81
14
23
53
-7
-25
-48
-18
-24
-59
-12
-22
63
76
102
81
144
245
187
137
99
146
77
62
92
49
18
-30
-82
-76
-132
-182
-190
-151
-92
-144
-207
-186
-168
-190
-143
-151
-121
-98
-57
-82
-119
-71
-47
-56
-89
-24
-29
-49
-68
-28
-15
9
18
-49
-1
13
64
80
95
102
74
94
88
84
57
131
143
40
69
66
75
77
67
55
38
54
7
-3
7
-10
10
-71
-73
-41
-117
-60
-88
-51
-61
-107
-77
-72
-8
41
79
44
25
45
54
72
146
96
63
75
51
5
-33
12
-62
-72
-77
-75
-100
-126
-62
-142
-121
-83
-114
-123
-112
-63
-47
-14
-32
-104
-104
-60
-19
-17
15
2
-59
-30
-32
-29
-63
-87
-73
-97
-76
-84
-64
-61
-73
4
-11
18
29
2
58
50
86
41
-11
40
55
67
52
43
71
41
100
116
81
124
119
150
176
181
182
114
114
181
196
233
146
122
158
196
182
134
145
109
109
98
60
58
74
41
23
-9
27
25
14
33
21
37
-8
7
-81
-71
3
-75
-34
-70
-47
-94
-121
-38
-75
-1
-33
-20
-37
-31
-2
-98
-66
-43
-37
-73
-77
-85
-82
-36
-84
-178
-186
-176
-113
-118
-159
-160
-218
-202
-189
-149
-164
-121
-166
-159
-91
-90
-82
-114
-35
-99
-32
-5
22
83
29
60
26
18
62
72
86
70
63
91
92
141
93
84
121
136
216
192
160
133
87
134
111
137
131
122
116
108
188
141
151
105
125
177
98
86
47
22
-10
-77
-125
-126
-105
-121
-123
-78
-93
-120
-136
-132
-107
-85
-74
-93
-123
-96
-50
-131
-125
-101
-40
-68
-73
-90
-65
-10
-75
-32
4
66
4
24
76
118
140
59
119
158
183
161
113
148
150
107
82
105
-23
-23
14
-30
-58
-95
-57
-109
-112
-104
-123
-67
-133
-118
-74
-32
20
-133
-113
-71
-44
-86
-56
-47
-116
-10
-68
-95
-87
-23
6
-46
34
57
55
40
41
109
104
134
74
54
188
174
100
78
103
74
46
64
9
34
66
41
-4
-38
-7
8
20
28
50
7
89
82
-43
6
53
50
-48
-14
-15
6
25
-69
-66
-101
-53
-67
-136
-104
-83
-80
-78
-63
-79
-68
-17
-44
-108
-11
38
16
17
-17
37
34
28
68
52
69
27
-7
9
56
111
40
29
-14
-65
27
-2
-15
-42
-69
-42
-37
-25
-6
-15
-58
-52
-73
-32
25
30
-93
-140
-60
-73
-32
-68
-66
-54
-119
-103
-108
-36
28
31
-47
-122
-75
-21
42
27
-23
-23
41
80
92
51
58
75
22
27
99
102
14
-19
-4
25
30
-27
-70
-58
32
78
-18
-30
9
57
28
20
11
-18
27
35
-10
-3
41
13
-18
-28
-8
-7
-31
-92
-108
-55
-3
-29
-101
-48
1
-7
-39
10
52
42
16
-31
25
101
133
72
51
7
1
22
19
51
-14
14
46
18
-25
35
121
38
-11
4
98
146
111
72
45
118
72
-10
-9
52
64
-85
-50
-4
-1
-36
-151
-118
-52
22
-49
-89
-7
-10
-63
-96
-34
19
-14
-19
-36
-11
74
52
18
-30
-3
4
16
45
30
-9
-9
13
3
-7
29
58
-7
17
59
93
49
28
46
69
96
76
27
-11
76
52
14
-1
24
63
-5
34
22
51
51
-27
-19
-29
6
-37
-78
0
-18
-37
-40
3
-8
-70
-9
-12
-14
-6
12
-5
-86
-79
-33
36
12
-92
-73
14
37
-37
-28
28
11
-62
-55
22
26
-5
-52
-54
-29
-24
-22
-45
-36
-42
-54
-40
-45
-32
-32
-19
-51
-50
-5
-2
0
11
39
26
-11
-4
39
43
11
3
-6
4
-19
15
29
-18
-36
-82
-34
-10
-46
-95
-109
-45
-51
-86
-42
-38
-15
-34
7
61
50
92
63
47
74
111
89
7
-4
64
41
28
23
39
26
-11
-31
-2
72
1
-70
-29
37
-2
-50
-35
-29
-32
-33
-36
-55
-60
-22
-18
10
-38
-96
-34
-13
-33
-113
-59
-11
-51
-59
-48
-11
32
31
-27
-11
8
52
13
41
77
-5
-7
-29
62
75
61
26
-53
46
79
64
39
50
70
0
6
57
56
65
37
24
12
23
52
66
74
11
3
16
52
31
-3
-10
9
36
-16
-16
-38
-8
16
-10
-13
-36
-36
-20
16
25
-3
-60
-60
-23
40
29
-16
-21
-23
48
11
4
10
5
33
39
30
34
40
31
11
26
69
3
-27
-36
13
21
-51
-47
-71
-33
-31
-57
-3
11
48
-1
-40
-3
3
6
-29
-25
-22
-28
-34
-65
-55
-55
-64
-98
-83
0
-36
-59
-39
29
42
-11
-37
-17
70
68
21
13
9
-9
-21
9
46
35
21
13
26
58
74
57
21
29
43
40
35
11
9
11
2
-20
28
51
17
-3
30
68
30
11
26
57
19
-15
-19
-6
18
1
-42
-40
-24
-34
-13
29
13
-27
-35
-1
-18
-31
-24
-50
-87
-85
2
-4
-17
-72
-41
25
31
42
2
29
14
10
11
21
42
-13
-38
-24
38
74
29
-49
-58
23
60
50
-4
1
3
-4
20
18
33
5
-21
14
56
71
17
-28
8
8
12
0
-8
-22
-39
-1
-16
-13
-46
-27
-13
-1
12
-30
13
29
6
-24
18
64
26
-3
-10
18
62
59
15
-21
13
35
-1
-22
4
14
8
-10
-37
-42
-22
12
-16
-24
-27
-19
-28
-11
1
-12
-16
-20
-9
-4
-9
-36
-25
-12
-2
-36
-41
6
6
-2
-34
-29
8
-19
-8
-16
-5
8
9
2
-47
-15
24
35
27
2
3
9
17
35
26
9
-3
-9
1
-2
3
20
28
26
-5
-10
-8
16
29
1
-10
-24
1
26
24
-1
-14
24
45
31
35
18
-12
-8
21
48
2
-47
-59
-23
-3
10
11
-16
-13
-6
26
40
40
33
19
6
-1
14
47
37
6
-27
-11
34
14
-4
-7
18
29
-6
-15
-23
-7
32
26
-5
-47
-16
-24
-53
-22
0
13
-9
-1
-24
-5
23
23
15
-18
-4
-47
-16
27
16
-43
-65
-11
1
-10
-14
-50
-68
-21
-1
0
-17
-19
-47
-34
38
34
-22
-7
36
25
18
49
56
-7
2
29
29
51
25
1
-16
22
39
-13
12
8
-3
-10
15
16
-13
-5
1
-35
-39
13
13
-1
-16
23
14
-13
-16
-9
14
9
-13
-48
-23
14
-3
-26
-46
-25
-17
-1
3
-41
-25
-8
26
-5
-20
-18
-53
-14
40
29
-22
-40
-13
29
39
45
14
-13
-12
-7
38
46
39
-18
-56
-23
-26
14
13
21
-3
-31
3
-11
23
37
5
-32
-65
-5
13
-23
-19
-24
8
-30
-23
-8
26
54
-24
-27
-7
38
4
-35
-4
9
-12
-33
-14
14
15
-15
-34
-11
40
10
-20
6
27
7
-53
-11
36
24
10
-24
1
18
40
17
-9
23
-5
-5
-13
19
8
-6
11
-26
-20
-11
38
37
17
13
-7
-4
19
28
30
27
7
-7
-3
41
58
20
-11
-35
-3
45
29
13
-10
11
6
-15
15
31
10
-36
-30
8
25
23
4
5
4
-9
1
20
37
-3
-27
-18
-1
-1
-13
-4
-16
-31
-26
-16
-18
-28
-15
-25
-16
-11
-24
-9
1
26
-6
1
8
27
36
16
-7
-18
38
28
-12
-34
7
33
43
23
2
-9
33
75
30
-4
5
33
14
34
36
7
-42
-42
-15
22
41
-16
-43
-30
40
28
-4
-3
-19
-22
-38
4
-9
-21
-17
-45
-16
-15
17
-17
-45
-15
-17
-1
-50
-23
-34
-19
-10
-51
-40
-26
9
-7
-23
-11
-8
24
24
5
-29
-12
33
13
-6
-23
20
3
17
2
18
24
7
-4
-14
43
29
23
-20
11
1
4
8
5
-6
-34
-7
-3
14
-12
-1
6
-1
-11
-2
39
30
-21
-25
25
67
18
-39
-5
10
21
-30
-21
15
17
4
-49
-1
7
9
-26
-20
10
13
-1
-21
13
22
34
-1
2
11
27
1
0
19
38
28
-17
-2
4
47
27
7
-3
1
30
-5
10
20
28
12
-23
5
15
33
19
2
8
1
20
5
11
36
22
10
0
14
25
18
3
-19
-12
49
41
0
-42
-15
37
6
-4
-58
-17
-9
-3
-14
-45
-1
-31
-10
-4
13
-5
-29
-7
-2
29
49
8
-26
-21
24
24
-17
-3
-27
-20
-52
-28
9
-4
-27
-67
-1
36
11
-42
-15
57
27
-19
-19
30
47
4
-11
-4
27
14
-27
-17
18
7
-37
-38
-7
-6
-31
-38
-24
-15
-15
-23
-33
-12
15
5
-31
-21
10
10
-20
-19
-9
-16
-26
-43
-33
-12
-20
-58
-60
5
26
-12
-58
-41
3
-6
-3
-19
-18
-5
-2
2
-4
13
2
-13
-3
16
9
-2
3
4
-9
-4
0
-6
-10
2
7
-4
21
3
4
-4
12
2
-4
30
-2
4
-9
25
18
-14
-19
-13
24
14
2
-15
-6
4
-10
0
12
10
-23
-31
4
14
-1
-27
-19
-5
-9
-12
-19
-13
-13
-25
-17
-2
-8
-41
-34
7
20
-17
-40
-23
11
29
10
-13
-10
17
39
21
-10
-6
-5
25
13
1
-9
9
27
25
21
9
22
28
55
44
29
-6
10
35
56
39
-9
-15
-3
34
23
6
-14
-19
-9
10
44
32
-9
-39
0
42
24
2
-23
7
13
-10
-7
14
31
-19
-40
-7
32
20
-20
-23
0
8
-10
-10
7
17
-5
-16
26
36
12
-17
-5
26
6
-6
-9
6
-13
-38
-23
-2
0
-43
-42
-12
2
-2
-23
-4
5
3
-4
4
16
3
-8
9
22
14
-18
-21
27
20
5
-27
9
17
-1
-2
11
34
-9
-19
-13
33
25
-10
-19
-2
24
-1
-4
-2
-1
-1
-15
16
12
6
-28
-24
10
4
3
-37
-14
-9
7
-6
-11
-12
-22
-8
-1
2
-23
-19
-16
0
-10
-14
-17
-9
-15
-25
-6
-7
-2
-19
4
5
8
4
-2
3
-1
19
-13
-7
-3
20
20
-8
-10
9
34
6
-20
-14
23
2
-28
-21
30
14
-22
-27
15
36
-16
-22
-18
43
2
-20
-8
19
23
-33
0
7
21
-15
-16
14
18
18
-8
11
9
17
1
1
18
13
13
-6
15
26
32
21
1
10
22
24
13
6
5
4
11
23
21
12
0
6
22
21
13
6
16
24
11
6
4
11
1
-11
-5
-1
8
-9
-15
-28
-19
-11
-17
-19
-18
-7
-17
-19
-19
-10
-20
-29
-35
-20
-7
-24
-32
-35
-7
-5
-8
-12
2
10
-2
-8
-3
18
0
-6
-2
15
22
0
-5
0
17
17
-2
-5
3
14
3
-3
1
-4
7
-1
1
2
13
14
2
14
13
24
25
20
15
7
23
21
6
-9
-9
9
7
-3
-12
-11
0
-16
-23
-16
-3
-13
-38
-26
-4
11
-6
-10
-13
-9
-9
-10
-7
-9
-8
-14
-4
-3
2
-6
-2
-4
-8
-1
0
1
-11
-11
-4
6
6
-12
-8
15
17
5
-12
4
20
19
1
-2
17
20
5
-4
6
9
6
-7
3
18
24
14
5
17
19
23
8
14
24
23
12
-1
11
8
10
-1
3
15
16
13
4
12
10
6
8
10
3
-6
-6
-1
-3
-7
-4
1
4
-8
-16
-16
-4
-1
-9
-8
3
0
-8
-6
0
5
0
-6
-4
7
23
17
13
11
7
-1
0
7
3
-2
-6
6
5
1
7
11
17
2
-8
-2
8
8
-5
1
9
9
-2
6
18
14
7
-1
10
9
4
-7
-2
4
0
-8
-14
-5
-3
-3
-17
-22
-19
-14
-5
-7
-8
-11
-10
-11
-10
-9
-13
-20
-19
-17
-20
-18
-13
-12
-13
-13
-11
-10
-7
-5
-1
7
8
1
0
8
13
13
5
6
8
11
3
-3
7
8
5
-8
-12
1
11
5
-8
-3
5
7
0
0
5
10
9
1
7
17
17
2
-2
1
3
2
0
1
1
3
-5
-9
-2
1
-1
-6
1
4
4
-1
-4
-2
5
5
-7
-11
-4
-2
-3
-8
-7
-3
-6
-4
-8
-3
2
0
-3
-5
2
5
7
6
5
5
6
8
3
1
0
5
4
-1
-2
-1
4
0
-1
2
4
2
-1
5
7
5
-1
3
9
12
10
5
6
12
7
1
1
6
7
2
-1
3
6
0
-6
-6
2
0
-7
-6
6
10
4
-2
6
10
4
-5
-5
5
5
-2
-3
4
8
2
-6
-6
3
1
-1
-3
-2
0
2
1
3
8
7
4
2
3
5
8
5
1
-2
-1
-1
-4
-4
-2
-5
-9
-7
-7
-4
-6
-7
-7
-5
-6
-8
-8
-7
-7
-9
-7
-6
-8
-12
-11
-7
-7
-12
-12
-8
-7
-11
-13
-10
-7
-9
-13
-12
-6
-1
-3
-6
-3
0
-2
-8
-9
-4
-1
0
-4
-5
0
1
1
3
3
5
3
2
2
6
8
6
3
0
3
2
4
4
5
8
3
-1
1
6
10
6
3
3
4
1
0
3
3
0
0
-2
-2
0
2
3
3
1
-2
-4
-2
0
-4
-5
-4
-2
-4
-4
-1
0
-4
-9
-8
-5
0
-1
-1
2
4
1
0
0
3
2
3
5
3
3
2
3
4
4
2
0
2
3
4
4
6
5
6
7
8
6
7
6
4
5
8
11
9
6
6
7
4
2
3
5
7
5
0
0
0
0
-2
0
-1
-3
-2
0
0
-1
-1
-1
-1
-1
-1
0
1
3
2
1
0
-3
-5
-5
-5
-5
-6
-7
-5
-4
-3
-4
-5
-4
-4
-5
-4
-5
-3
-3
-1
0
1
0
1
1
2
2
2
3
4
5
5
3
3
2
5
3
3
4
4
7
5
5
2
3
2
-1
0
2
2
-1
0
-1
-2
-3
-4
-3
-2
-3
-3
0
-2
0
-2
-2
-3
-5
-4
-3
-2
-2
-2
-4
-3
-6
-7
-7
-6
-6
-7
-8
-10
-8
-10
-9
-8
-8
-5
-4
-2
0
0
-2
-2
-2
1
2
2
2
2
1
-1
-2
-3
-2
-3
-4
-3
-1
-2
-1
-1
-1
1
1
0
2
3
0
0
-1
-1
2
0
2
4
3
0
-2
0
1
2
-1
0
1
3
3
-1
-1
0
2
2
2
3
1
-1
-3
-3
-3
-2
-2
-5
-4
-4
-5
-2
1
4
3
1
2
4
2
2
4
3
5
4
4
5
5
5
4
2
-1
-1
-1
0
1
1
1
-1
-1
-1
-1
0
2
4
3
2
1
-1
0
0
0
0
0
2
3
3
5
2
0
-2
-3
0
-1
-3
-3
-2
-1
-2
-1
2
2
1
-1
-1
2
2
0
1
0
-2
-2
-4
-1
0
-1
-2
-1
-1
-2
-1
-4
-4
-4
-4
-1
1
1
3
2
0
-2
-2
-1
-3
-2
-3
-3
-4
-4
-3
-2
-3
-3
-4
-4
-4
-4
-3
-3
-3
-2
-1
3
1
-1
-2
-3
-5
-5
-3
-3
-4
-3
-5
-4
-4
-5
-6
-6
-6
-6
-7
-6
-5
-7
-7
-8
-7
-6
-5
-5
-2
-1
-1
-2
-2
-1
-1
-1
-2
-2
-1
0
-1
0
-2
-1
-1
-2
0
1
2
3
3
4
6
6
6
5
7
7
5
5
5
5
4
3
3
3
0
-1
1
2
2
0
1
2
5
7
5
3
2
2
2
3
4
5
4
3
2
3
3
0
1
1
1
1
-1
0
0
3
3
3
1
2
2
4
4
4
4
3
4
6
5
4
4
4
4
4
5
5
3
4
5
5
6
5
6
5
4
2
1
2
0
1
4
3
4
4
3
3
4
4
2
3
1
1
1
0
0
-1
-2
-1
0
1
0
0
-1
0
0
0
-1
0
-1
0
-1
-1
-2
-2
-1
-2
-1
-1
-1
-3
-4
-4
-3
-3
-3
-1
1
1
1
1
1
2
0
-2
-1
-2
-1
0
-1
-1
-2
-2
-1
-2
0
1
1
0
0
0
2
2
1
2
2
3
3
4
6
4
2
2
2
1
1
0
1
1
0
0
-1
0
-1
-3
-3
-3
-1
-1
0
1
0
0
-2
-3
-2
-2
-1
-2
-2
-2
-2
-3
-4
-4
-4
-4
-4
-3
-2
-2
-2
-3
-2
-2
-1
-1
0
2
1
-1
-1
-3
-1
-1
-1
0
0
0
0
-2
-1
-1
-2
-2
-3
-3
-2
-1
0
2
2
2
3
6
6
6
5
5
3
3
3
2
4
2
0
-2
-2
-4
-4
-4
-4
-3
-2
-4
-3
-4
-1
-2
-1
0
1
0
0
0
1
2
3
3
2
4
3
4
3
1
3
2
2
1
1
1
2
1
-2
-3
-6
-6
-6
-6
-6
-7
-6
-6
-7
-7
-7
-5
-5
-5
-4
-2
-1
0
0
2
2
2
0
0
2
0
-1
-3
-4
-4
-6
-6
-8
-10
-12
-14
-13
-12
-9
-7
-6
-5
-3
-1
4
9
12
15
19
20
22
24
26
26
26
25
24
20
18
14
11
7
4
1
-2
-5
-8
-11
-14
-17
-17
-17
-16
-15
-12
-10
-6
-2
2
6
12
15
21
25
31
35
39
39
39
38
37
34
30
25
18
13
4
-6
-18
-29
-39
-50
-58
-67
-75
-82
-87
-91
-93
-92
-88
-82
-76
-66
-55
-40
-25
-10
6
22
37
54
69
84
96
109
116
123
125
126
123
117
108
96
83
67
50
30
11
-9
-30
-48
-68
-84
-97
-108
-118
-124
-126
-125
-122
-113
-101
-88
-70
-51
-27
-4
21
45
67
87
106
120
135
147
152
155
154
150
140
126
108
87
64
38
10
-20
-49
-79
-108
-135
-160
-182
-200
-215
-225
-232
-233
-229
-220
-205
-184
-160
-130
-98
-64
-28
8
44
80
113
145
170
194
214
229
240
245
243
239
227
210
191
169
144
116
86
54
23
-7
-35
-63
-90
-114
-132
-149
-161
-168
-170
-168
-162
-153
-143
-127
-110
-89
-67
-44
-21
3
27
49
69
84
97
109
114
118
118
114
108
97
83
66
48
31
11
-11
-32
-52
-70
-86
-99
-109
-119
-125
-130
-132
-130
-125
-116
-104
-89
-73
-56
-37
-18
1
21
42
59
76
93
110
121
131
137
140
141
139
136
130
121
111
96
83
69
54
37
20
3
-12
-25
-38
-50
-59
-69
-76
-82
-88
-90
-92
-91
-89
-84
-81
-75
-67
-58
-49
-37
-30
-22
-11
-3
3
11
18
22
27
30
33
34
35
35
33
33
29
28
24
20
17
12
8
2
-1
-6
-10
-11
-14
-14
-14
-15
-16
-14
-13
-12
-9
-6
-3
-1
2
5
10
14
18
21
23
28
30
32
33
34
35
33
30
28
25
20
16
10
7
2
-4
-10
-17
-24
-30
-35
-40
-44
-48
-48
-51
-51
-52
-52
-50
-46
-43
-37
-29
-23
-17
-10
-3
5
14
20
29
35
40
46
49
53
55
55
56
55
50
46
39
35
30
23
18
10
3
-5
-10
-16
-23
-28
-33
-36
-37
-38
-39
-39
-39
-37
-34
-34
-29
-26
-21
-18
-14
-10
-6
0
4
7
11
13
13
15
14
16
15
13
12
9
7
6
2
-1
-4
-7
-10
-11
-15
-17
-19
-21
-20
-17
-16
-14
-11
-8
-7
-4
1
4
9
12
18
20
23
25
27
29
29
29
30
31
30
28
27
23
19
15
13
8
5
0
-6
-11
-14
-18
-22
-24
-25
-27
-26
-27
-28
-27
-27
-24
-22
-21
-20
-15
-10
-6
-3
1
5
7
10
11
14
14
16
18
20
20
19
16
16
15
13
11
7
5
2
0
-2
-5
-6
-7
-8
-10
-10
-10
-11
-11
-10
-10
-8
-8
-7
-4
-3
-1
0
2
2
7
8
11
13
14
15
14
15
14
13
14
13
10
8
6
3
1
-1
-2
-4
-6
-8
-11
-13
