2.363285e+062 -3.814327e+058 -1.004261e+059 -1.780548e+059 -2.606140e+059 -3.357784e+059 -3.912997e+059 -4.160238e+059 -4.022371e+059 -3.452985e+059 -2.443278e+059 1.310503e+056 
2.363285e+062 -3.791103e+058 -1.001968e+059 -1.775631e+059 -2.601087e+059 -3.350007e+059 -3.905267e+059 -4.154898e+059 -4.014450e+059 -3.444785e+059 -2.438627e+059 1.304368e+056 
2.363286e+062 -3.809210e+058 -1.001031e+059 -1.778629e+059 -2.600885e+059 -3.353381e+059 -3.904078e+059 -4.151488e+059 -4.015051e+059 -3.444709e+059 -2.438125e+059 1.305385e+056 
2.363288e+062 -3.817131e+058 -1.005454e+059 -1.782948e+059 -2.608576e+059 -3.361924e+059 -3.914744e+059 -4.165482e+059 -4.026267e+059 -3.452903e+059 -2.444881e+059 1.312869e+056 
2.363288e+062 -3.792031e+058 -9.991260e+058 -1.774622e+059 -2.595405e+059 -3.345149e+059 -3.895679e+059 -4.145480e+059 -4.005944e+059 -3.437135e+059 -2.433645e+059 1.299539e+056 
2.363289e+062 -3.830164e+058 -1.006011e+059 -1.784449e+059 -2.613350e+059 -3.364067e+059 -3.922013e+059 -4.169885e+059 -4.031638e+059 -3.457928e+059 -2.448052e+059 1.316449e+056 
2.363288e+062 -3.824415e+058 -1.007353e+059 -1.788083e+059 -2.616114e+059 -3.369053e+059 -3.926751e+059 -4.174314e+059 -4.034616e+059 -3.462640e+059 -2.451134e+059 1.319333e+056 
2.363286e+062 -3.790446e+058 -1.003033e+059 -1.779539e+059 -2.600045e+059 -3.355596e+059 -3.917108e+059 -4.160338e+059 -4.022636e+059 -3.454023e+059 -2.442508e+059 1.308433e+056 
2.363288e+062 -3.771241e+058 -9.992705e+058 -1.770874e+059 -2.587541e+059 -3.340667e+059 -3.891554e+059 -4.139213e+059 -4.006443e+059 -3.433101e+059 -2.430951e+059 1.295484e+056 
2.363298e+062 -3.820673e+058 -1.015189e+059 -1.798355e+059 -2.624001e+059 -3.393786e+059 -3.951361e+059 -4.191137e+059 -4.058780e+059 -3.481110e+059 -2.460375e+059 1.332777e+056 
2.363168e+062 -9.740471e+058 -2.552544e+059 -4.502450e+059 -6.549572e+059 -8.379650e+059 -9.686897e+059 -1.020731e+060 -9.768506e+059 -8.288063e+059 -5.799390e+059 8.047699e+056 
2.361995e+062 -4.750060e+059 -1.233573e+060 -2.158549e+060 -3.105350e+060 -3.920885e+060 -4.464541e+060 -4.625785e+060 -4.342837e+060 -3.605979e+060 -2.463816e+060 1.718230e+058 
2.361576e+062 -5.724608e+059 -1.483051e+060 -2.585999e+060 -3.703999e+060 -4.651727e+060 -5.264163e+060 -5.413752e+060 -5.039527e+060 -4.144666e+060 -2.800705e+060 2.389886e+058 
2.361557e+062 -5.506150e+059 -1.429676e+060 -2.500465e+060 -3.595549e+060 -4.536526e+060 -5.160890e+060 -5.341031e+060 -5.006752e+060 -4.150843e+060 -2.830641e+060 2.296424e+058 
2.335305e+062 3.697362e+059 5.306259e+060 7.227763e+060 3.838744e+060 -7.000241e+058 -1.925732e+060 -1.971805e+060 -7.901063e+059 5.347759e+059 7.268481e+059 -1.870724e+057 
2.345069e+062 -3.836131e+060 -8.745391e+060 -1.491935e+061 -2.231608e+061 -2.970006e+061 -3.455156e+061 -3.467802e+061 -3.073959e+061 -2.418894e+061 -1.595147e+061 9.307101e+059 
2.345963e+062 -3.929375e+060 -9.134395e+060 -1.541951e+061 -2.268324e+061 -2.974051e+061 -3.464487e+061 -3.535911e+061 -3.163882e+061 -2.459778e+061 -1.588762e+061 9.634522e+059 
2.348191e+062 -3.573436e+060 -9.053042e+060 -1.589487e+061 -2.276865e+061 -2.890961e+061 -3.294238e+061 -3.315235e+061 -3.000297e+061 -2.404388e+061 -1.581192e+061 9.081985e+059 
2.350481e+062 -3.177198e+060 -7.901041e+060 -1.389664e+061 -2.013284e+061 -2.549185e+061 -2.882494e+061 -2.934276e+061 -2.676919e+061 -2.133777e+061 -1.396146e+061 7.039450e+059 
2.351435e+062 -2.990085e+060 -7.493139e+060 -1.316349e+061 -1.905709e+061 -2.421226e+061 -2.740502e+061 -2.763302e+061 -2.508534e+061 -2.012059e+061 -1.331679e+061 6.290149e+059 
2.352873e+062 -2.497965e+060 -6.160116e+060 -1.076794e+061 -1.574104e+061 -2.013526e+061 -2.291892e+061 -2.313494e+061 -2.092050e+061 -1.677731e+061 -1.114329e+061 4.326040e+059 
2.353883e+062 -1.925007e+060 -4.475797e+060 -7.581080e+060 -1.131435e+061 -1.522257e+061 -1.796376e+061 -1.813898e+061 -1.601999e+061 -1.263831e+061 -8.326035e+060 2.432865e+059 
2.352453e+062 -2.996901e+060 -7.607149e+060 -1.318380e+061 -1.886681e+061 -2.380393e+061 -2.679632e+061 -2.688103e+061 -2.424828e+061 -1.940578e+061 -1.275343e+061 6.075179e+059 
2.357111e+062 -1.806990e+060 -4.654596e+060 -8.100561e+060 -1.146750e+061 -1.432044e+061 -1.608029e+061 -1.622150e+061 -1.477516e+061 -1.188165e+061 -7.837117e+060 2.217663e+059 
2.359052e+062 -1.210957e+060 -3.118158e+060 -5.389022e+060 -7.889708e+060 -1.003953e+061 -1.156239e+061 -1.201231e+061 -1.117277e+061 -9.293073e+060 -6.341066e+060 1.132016e+059 
2.360935e+062 -7.519224e+059 -1.948787e+060 -3.406000e+060 -4.923470e+060 -6.242261e+060 -7.147643e+060 -7.434375e+060 -6.992362e+060 -5.829429e+060 -3.997450e+060 4.391463e+058 
2.362880e+062 -1.850453e+059 -4.826115e+059 -8.489524e+059 -1.229497e+060 -1.565977e+060 -1.800119e+060 -1.885227e+060 -1.791646e+060 -1.507981e+060 -1.046361e+060 2.783761e+057 
2.362987e+062 -1.308745e+059 -3.420178e+059 -6.022911e+059 -8.731919e+059 -1.113190e+060 -1.281826e+060 -1.344181e+060 -1.280308e+060 -1.080128e+060 -7.509164e+059 1.410337e+057 
2.363100e+062 -7.750268e+058 -2.020535e+059 -3.548267e+059 -5.134745e+059 -6.530307e+059 -7.507562e+059 -7.862730e+059 -7.481668e+059 -6.300200e+059 -4.375046e+059 4.852283e+056 
2.363220e+062 -5.101758e+058 -1.341488e+059 -2.374217e+059 -3.459385e+059 -4.445397e+059 -5.164994e+059 -5.469159e+059 -5.269519e+059 -4.505088e+059 -3.173254e+059 2.286536e+056 
2.363287e+062 -3.904446e+058 -1.026858e+059 -1.825457e+059 -2.667178e+059 -3.436833e+059 -4.003624e+059 -4.254029e+059 -4.112559e+059 -3.526332e+059 -2.494663e+059 1.371398e+056 
2.363284e+062 -3.840022e+058 -1.012469e+059 -1.795926e+059 -2.628901e+059 -3.386717e+059 -3.946034e+059 -4.195289e+059 -4.053954e+059 -3.478151e+059 -2.461643e+059 1.331967e+056 
2.363285e+062 -3.855169e+058 -1.013901e+059 -1.800575e+059 -2.633724e+059 -3.390558e+059 -3.953837e+059 -4.203743e+059 -4.063382e+059 -3.484914e+059 -2.465919e+059 1.337363e+056 
2.363290e+062 -3.861397e+058 -1.015206e+059 -1.798691e+059 -2.636359e+059 -3.392544e+059 -3.955139e+059 -4.204272e+059 -4.063333e+059 -3.486123e+059 -2.465836e+059 1.338380e+056 
2.363290e+062 -3.829211e+058 -1.007336e+059 -1.786303e+059 -2.614332e+059 -3.368028e+059 -3.922102e+059 -4.172314e+059 -4.032958e+059 -3.457079e+059 -2.448888e+059 1.317777e+056 
2.363286e+062 -3.808397e+058 -1.001072e+059 -1.775700e+059 -2.602787e+059 -3.348198e+059 -3.903492e+059 -4.151943e+059 -4.012207e+059 -3.441258e+059 -2.437722e+059 1.304161e+056 
2.363287e+062 -3.813160e+058 -1.003063e+059 -1.777722e+059 -2.604949e+059 -3.353748e+059 -3.905517e+059 -4.155024e+059 -4.016578e+059 -3.445529e+059 -2.439995e+059 1.307075e+056 
