2.363105e+062 -2.101697e+058 -6.568231e+058 -1.389999e+059 -2.393599e+059 -2.861008e+059 -3.553051e+059 -3.736937e+059 -3.736468e+059 -3.170183e+059 -2.213482e+059 9.285591e+055 
2.363257e+062 -3.526228e+058 -9.408447e+058 -1.704844e+059 -2.562830e+059 -3.248310e+059 -3.825129e+059 -4.059849e+059 -3.956484e+059 -3.394317e+059 -2.395235e+059 1.229970e+056 
2.363280e+062 -3.763372e+058 -9.945172e+058 -1.768257e+059 -2.596056e+059 -3.341322e+059 -3.902818e+059 -4.144921e+059 -4.011093e+059 -3.440571e+059 -2.438638e+059 1.297386e+056 
2.363286e+062 -3.824120e+058 -1.005520e+059 -1.787602e+059 -2.617594e+059 -3.370295e+059 -3.928657e+059 -4.180908e+059 -4.043684e+059 -3.464407e+059 -2.454820e+059 1.320766e+056 
2.363286e+062 -3.782708e+058 -1.003215e+059 -1.778677e+059 -2.605759e+059 -3.361755e+059 -3.913662e+059 -4.163452e+059 -4.027176e+059 -3.453298e+059 -2.443380e+059 1.309524e+056 
2.363287e+062 -3.802253e+058 -1.003988e+059 -1.781453e+059 -2.602298e+059 -3.359610e+059 -3.915480e+059 -4.163370e+059 -4.029355e+059 -3.453190e+059 -2.443745e+059 1.310719e+056 
2.363286e+062 -3.818247e+058 -1.007146e+059 -1.787920e+059 -2.616944e+059 -3.370794e+059 -3.931871e+059 -4.184581e+059 -4.042561e+059 -3.468175e+059 -2.455566e+059 1.321664e+056 
2.363287e+062 -3.807090e+058 -1.004423e+059 -1.784022e+059 -2.613126e+059 -3.366867e+059 -3.927840e+059 -4.175776e+059 -4.037595e+059 -3.465012e+059 -2.451704e+059 1.317272e+056 
2.363285e+062 -3.799676e+058 -1.003261e+059 -1.780120e+059 -2.606432e+059 -3.359252e+059 -3.917514e+059 -4.166351e+059 -4.029212e+059 -3.457170e+059 -2.445997e+059 1.311483e+056 
2.363282e+062 -3.765920e+058 -9.933083e+058 -1.766951e+059 -2.591467e+059 -3.337442e+059 -3.893800e+059 -4.140598e+059 -4.004880e+059 -3.433294e+059 -2.432923e+059 1.293747e+056 
2.362999e+062 -2.285768e+058 -9.169983e+058 -1.141715e+059 -2.392203e+059 -2.651453e+059 -3.596432e+059 -3.925106e+059 -3.443066e+059 -3.248402e+059 -2.115285e+059 9.404989e+055 
2.341609e+062 1.606037e+060 5.291819e+059 6.037964e+060 9.093486e+059 4.852660e+060 3.786450e+060 8.141050e+059 5.208313e+060 7.700884e+059 1.780329e+060 2.253219e+058 
2.292188e+062 1.478968e+060 -5.279838e+060 -7.752246e+060 -7.949797e+060 -1.227220e+061 -3.043328e+061 -1.976749e+061 -1.226143e+061 -1.438603e+061 -6.595407e+060 2.127725e+059 
2.271571e+062 2.163845e+060 -7.149340e+060 -1.153647e+061 -1.383203e+061 -1.606244e+061 -4.067088e+061 -2.823434e+061 -1.428225e+061 -2.040318e+061 -9.293345e+060 4.131190e+059 
2.310363e+062 -4.780741e+060 -1.239344e+061 -1.688021e+061 -2.703444e+061 -3.187753e+061 -4.303680e+061 -3.836959e+061 -2.904351e+061 -2.250743e+061 -1.090936e+061 1.165860e+060 
2.327670e+062 -4.904254e+060 -1.232107e+061 -1.803279e+061 -2.688180e+061 -3.274288e+061 -3.854923e+061 -3.574603e+061 -2.831427e+061 -2.146074e+061 -1.176795e+061 1.116168e+060 
2.343472e+062 -4.598957e+060 -1.152009e+061 -1.882215e+061 -2.593366e+061 -3.094261e+061 -3.397068e+061 -3.248504e+061 -2.797016e+061 -2.108747e+061 -1.268149e+061 1.010426e+060 
2.353141e+062 -2.756079e+060 -6.995699e+060 -1.186487e+061 -1.669596e+061 -2.053379e+061 -2.277772e+061 -2.259352e+061 -2.019546e+061 -1.589139e+061 -1.018112e+061 4.505009e+059 
2.357117e+062 -8.505379e+059 -2.281215e+060 -4.134935e+060 -6.354602e+060 -7.431902e+060 -8.851884e+060 -8.899836e+060 -8.306445e+060 -6.724562e+060 -4.376926e+060 6.308247e+058 
2.361323e+062 -5.016629e+059 -1.318265e+060 -2.329100e+060 -3.366479e+060 -4.165582e+060 -4.746441e+060 -4.869017e+060 -4.526259e+060 -3.700592e+060 -2.474829e+060 1.920000e+058 
2.362658e+062 -2.131548e+059 -5.522545e+059 -9.613298e+059 -1.381373e+060 -1.724424e+060 -1.954063e+060 -2.004797e+060 -1.867640e+060 -1.528038e+060 -1.030640e+060 3.280124e+057 
2.363129e+062 -7.219520e+058 -1.893221e+059 -3.342853e+059 -4.846254e+059 -6.158481e+059 -7.101315e+059 -7.416857e+059 -7.078097e+059 -5.937824e+059 -4.120776e+059 4.308627e+056 
2.362153e+062 2.653111e+058 8.911564e+058 -1.003246e+059 -3.439174e+059 -1.369476e+059 -3.119844e+059 -2.951535e+059 -5.463560e+059 -3.155707e+059 -2.102426e+059 3.118051e+055 
2.343315e+062 1.834806e+060 4.467191e+060 3.474629e+060 5.252797e+059 5.358389e+060 4.884510e+060 5.027276e+060 1.565435e+060 2.333206e+060 2.133618e+060 2.346397e+058 
1.809843e+062 3.746837e+061 8.805057e+061 1.309122e+062 6.708454e+061 1.694021e+062 1.638931e+062 2.037767e+062 1.828236e+062 1.441803e+062 1.275558e+062 3.777898e+061 
1.874497e+062 3.186252e+061 9.391058e+061 1.067532e+062 4.562250e+061 1.518893e+062 1.406451e+062 1.905727e+062 1.243769e+062 1.193176e+062 1.021165e+062 2.622248e+061 
2.181309e+062 1.766819e+061 3.758410e+061 3.699074e+061 1.398656e+061 4.409991e+061 5.889884e+061 5.049621e+061 3.102925e+061 2.682077e+061 2.473527e+061 2.722836e+060 
2.353150e+062 1.074925e+060 2.651662e+060 1.738358e+060 1.003525e+059 1.425084e+060 3.026287e+060 2.654420e+060 8.382269e+059 5.750309e+059 8.525594e+059 4.399984e+057 
2.362567e+062 2.738139e+058 3.715882e+058 -1.859684e+058 -1.901353e+059 -1.445919e+059 -2.345960e+059 -2.066870e+059 -2.838822e+059 -2.580644e+059 -1.664612e+059 6.593477e+054 
2.363020e+062 -1.062961e+058 -4.144185e+058 -1.184758e+059 -2.450087e+059 -2.681685e+059 -2.994401e+059 -3.302791e+059 -3.641445e+059 -3.150044e+059 -2.060557e+059 7.204553e+055 
2.363233e+062 -3.239973e+058 -9.295524e+058 -1.619257e+059 -2.479285e+059 -3.213472e+059 -3.732626e+059 -3.993796e+059 -3.850134e+059 -3.320016e+059 -2.360062e+059 1.163445e+056 
2.363274e+062 -3.642429e+058 -9.693363e+058 -1.736530e+059 -2.559223e+059 -3.293879e+059 -3.836693e+059 -4.079643e+059 -3.960031e+059 -3.390023e+059 -2.406842e+059 1.253418e+056 
2.363281e+062 -3.739469e+058 -9.859502e+058 -1.753500e+059 -2.574502e+059 -3.316557e+059 -3.863305e+059 -4.108397e+059 -3.973597e+059 -3.411401e+059 -2.413372e+059 1.275054e+056 
2.363284e+062 -3.794192e+058 -1.000159e+059 -1.775235e+059 -2.605136e+059 -3.353422e+059 -3.911456e+059 -4.162833e+059 -4.022506e+059 -3.453745e+059 -2.443171e+059 1.307397e+056 
2.363287e+062 -3.815496e+058 -1.003641e+059 -1.781341e+059 -2.606026e+059 -3.357555e+059 -3.914670e+059 -4.163313e+059 -4.024755e+059 -3.451871e+059 -2.443272e+059 1.310952e+056 
2.363287e+062 -3.808031e+058 -1.004081e+059 -1.781034e+059 -2.610367e+059 -3.364821e+059 -3.920607e+059 -4.168542e+059 -4.031096e+059 -3.456016e+059 -2.448572e+059 1.313842e+056 
2.363287e+062 -3.803212e+058 -1.005784e+059 -1.781127e+059 -2.614373e+059 -3.372626e+059 -3.922407e+059 -4.178819e+059 -4.037930e+059 -3.463689e+059 -2.452454e+059 1.317425e+056 
