2.363291e+062 -3.834612e+058 -1.005956e+059 -1.784118e+059 -2.609520e+059 -3.361058e+059 -3.915038e+059 -4.164122e+059 -4.024559e+059 -3.451174e+059 -2.443241e+059 1.313559e+056 
2.363291e+062 -3.842466e+058 -1.008034e+059 -1.787727e+059 -2.615077e+059 -3.367280e+059 -3.922395e+059 -4.171566e+059 -4.031698e+059 -3.457562e+059 -2.447640e+059 1.318604e+056 
2.363291e+062 -3.825364e+058 -1.003752e+059 -1.780299e+059 -2.604820e+059 -3.354667e+059 -3.908425e+059 -4.156328e+059 -4.017202e+059 -3.445021e+059 -2.438848e+059 1.308519e+056 
2.363292e+062 -3.826053e+058 -1.003643e+059 -1.780264e+059 -2.604906e+059 -3.354147e+059 -3.907458e+059 -4.155266e+059 -4.016080e+059 -3.444070e+059 -2.438225e+059 1.308137e+056 
2.363292e+062 -3.832557e+058 -1.005645e+059 -1.782909e+059 -2.608327e+059 -3.358430e+059 -3.912031e+059 -4.160595e+059 -4.020773e+059 -3.448087e+059 -2.441203e+059 1.311691e+056 
2.363291e+062 -3.835598e+058 -1.006379e+059 -1.784759e+059 -2.610401e+059 -3.361353e+059 -3.915832e+059 -4.164141e+059 -4.024411e+059 -3.451674e+059 -2.443507e+059 1.314042e+056 
2.363291e+062 -3.840903e+058 -1.007038e+059 -1.786601e+059 -2.613398e+059 -3.365296e+059 -3.921152e+059 -4.169778e+059 -4.029334e+059 -3.455283e+059 -2.446110e+059 1.317077e+056 
2.363291e+062 -3.836917e+058 -1.006552e+059 -1.785007e+059 -2.610840e+059 -3.361333e+059 -3.915229e+059 -4.163074e+059 -4.022871e+059 -3.449978e+059 -2.441851e+059 1.313764e+056 
2.363291e+062 -3.827156e+058 -1.003953e+059 -1.780169e+059 -2.603455e+059 -3.352578e+059 -3.904971e+059 -4.152459e+059 -4.013166e+059 -3.441423e+059 -2.436330e+059 1.306999e+056 
2.363291e+062 -3.834922e+058 -1.005910e+059 -1.783954e+059 -2.609498e+059 -3.359326e+059 -3.913551e+059 -4.161892e+059 -4.021546e+059 -3.448665e+059 -2.441105e+059 1.312553e+056 
2.363305e+062 -3.844150e+058 -1.007791e+059 -1.786923e+059 -2.613255e+059 -3.364419e+059 -3.918840e+059 -4.166497e+059 -4.025789e+059 -3.451805e+059 -2.443280e+059 1.316226e+056 
2.362594e+062 -2.164852e+059 -4.693881e+059 -6.745516e+059 -8.098519e+059 -8.975452e+059 -9.649296e+059 -1.013156e+060 -1.011090e+060 -9.131722e+059 -6.817547e+059 1.270118e+057 
2.310192e+062 -9.421498e+060 -1.368227e+061 -8.081816e+060 4.376113e+060 1.737192e+061 2.506679e+061 2.461582e+061 1.737870e+061 7.728153e+060 6.472545e+059 -8.544326e+057 
2.252619e+062 -1.878438e+061 -2.427878e+061 -7.995071e+060 1.916489e+061 4.090348e+061 4.774638e+061 3.985448e+061 2.374935e+061 7.784066e+060 -1.463732e+060 5.657353e+059 
2.185018e+062 -3.067661e+061 -3.830147e+061 -8.112274e+060 3.959706e+061 7.458722e+061 7.974207e+061 5.791065e+061 2.542678e+061 3.965227e+058 -9.026383e+060 2.880303e+060 
2.186794e+062 -2.810545e+061 -3.088974e+061 2.634632e+060 4.857894e+061 7.682866e+061 7.367943e+061 4.692912e+061 1.640080e+061 -2.015655e+060 -5.668528e+060 2.831228e+060 
2.169675e+062 -2.684065e+061 -2.267633e+061 1.796774e+061 6.261121e+061 8.325964e+061 7.024466e+061 3.727156e+061 8.172305e+060 -4.423130e+060 -3.022867e+060 2.930493e+060 
2.189314e+062 -1.108740e+061 1.107158e+061 4.561326e+061 5.554599e+061 4.314581e+061 2.139423e+061 6.273892e+060 8.308180e+060 1.846632e+061 2.009851e+061 1.467935e+059 
2.204091e+062 -4.721546e+060 2.259084e+061 5.500977e+061 5.150939e+061 2.671093e+061 1.949011e+060 -2.864790e+060 1.533423e+061 2.856570e+061 2.340274e+061 4.814482e+059 
2.236633e+062 -4.401656e+060 1.674120e+061 4.408361e+061 4.615139e+061 2.826200e+061 4.088997e+060 -7.723074e+060 2.452097e+060 1.584809e+061 1.647183e+061 -4.188205e+058 
2.252473e+062 -3.416887e+060 1.661396e+061 4.021947e+061 3.704359e+061 1.329200e+061 -7.720218e+060 -8.698157e+060 7.479363e+060 1.711292e+061 1.176408e+061 9.945390e+058 
2.306583e+062 -2.872941e+059 9.707957e+060 1.756562e+061 1.319230e+061 4.825222e+060 -2.203179e+060 -3.815750e+060 1.665885e+060 6.318982e+060 4.839403e+060 3.274724e+058 
2.357635e+062 -5.568184e+059 -3.944533e+059 -1.295623e+059 -6.648919e+059 -1.872726e+060 -2.997887e+060 -3.433639e+060 -3.078976e+060 -2.322985e+060 -1.520223e+060 4.371662e+057 
2.361479e+062 -3.770573e+059 -7.305416e+059 -1.066498e+060 -1.545228e+060 -2.179571e+060 -2.755215e+060 -2.998139e+060 -2.790933e+060 -2.231216e+060 -1.476541e+060 6.070031e+057 
2.362796e+062 -1.583110e+059 -3.698418e+059 -6.269483e+059 -9.216470e+059 -1.205475e+060 -1.411445e+060 -1.478263e+060 -1.380564e+060 -1.138013e+060 -7.824832e+059 1.649830e+057 
2.363128e+062 -8.914431e+058 -2.307438e+059 -4.076297e+059 -5.924856e+059 -7.532959e+059 -8.665431e+059 -9.103943e+059 -8.651385e+059 -7.264323e+059 -5.035029e+059 6.445663e+056 
2.363271e+062 -4.022364e+058 -1.047395e+059 -1.855975e+059 -2.723734e+059 -3.514761e+059 -4.096743e+059 -4.353626e+059 -4.200153e+059 -3.594839e+059 -2.542934e+059 1.431401e+056 
2.363290e+062 -3.836476e+058 -1.006291e+059 -1.785454e+059 -2.611888e+059 -3.363161e+059 -3.918604e+059 -4.167633e+059 -4.027661e+059 -3.453528e+059 -2.444377e+059 1.315417e+056 
2.363291e+062 -3.835730e+058 -1.005999e+059 -1.784330e+059 -2.610134e+059 -3.361604e+059 -3.916357e+059 -4.165332e+059 -4.025223e+059 -3.451452e+059 -2.442956e+059 1.314019e+056 
2.363291e+062 -3.832418e+058 -1.005113e+059 -1.782928e+059 -2.607655e+059 -3.358102e+059 -3.911869e+059 -4.160388e+059 -4.021342e+059 -3.448437e+059 -2.441456e+059 1.311507e+056 
2.363290e+062 -3.830367e+058 -1.004805e+059 -1.782463e+059 -2.607258e+059 -3.357634e+059 -3.911603e+059 -4.159243e+059 -4.020111e+059 -3.447365e+059 -2.440492e+059 1.310848e+056 
2.363291e+062 -3.830957e+058 -1.005016e+059 -1.782551e+059 -2.607722e+059 -3.358098e+059 -3.911580e+059 -4.159608e+059 -4.020302e+059 -3.447582e+059 -2.440724e+059 1.311105e+056 
2.363291e+062 -3.840273e+058 -1.007621e+059 -1.786759e+059 -2.613266e+059 -3.364728e+059 -3.919398e+059 -4.167986e+059 -4.028128e+059 -3.454911e+059 -2.445825e+059 1.316733e+056 
2.363291e+062 -3.844068e+058 -1.008178e+059 -1.787243e+059 -2.613370e+059 -3.365068e+059 -3.919777e+059 -4.168977e+059 -4.029738e+059 -3.455978e+059 -2.446841e+059 1.317514e+056 
2.363292e+062 -3.835230e+058 -1.006352e+059 -1.784486e+059 -2.609825e+059 -3.360883e+059 -3.914776e+059 -4.163116e+059 -4.023934e+059 -3.450725e+059 -2.443007e+059 1.313569e+056 
2.363291e+062 -3.829771e+058 -1.004634e+059 -1.781173e+059 -2.604918e+059 -3.354018e+059 -3.906719e+059 -4.154548e+059 -4.015770e+059 -3.444113e+059 -2.438545e+059 1.308555e+056 
2.363291e+062 -3.845928e+058 -1.008924e+059 -1.789100e+059 -2.616935e+059 -3.369220e+059 -3.924239e+059 -4.173610e+059 -4.034258e+059 -3.460113e+059 -2.449754e+059 1.320391e+056 
