5
2
4
2
1
1
1
4
0
0
-1
2
3
1
2
-1
0
3
0
0
-4
-1
1
-1
2
-1
-2
-3
-3
-2
-6
-7
-8
-7
-4
-4
-4
-7
-3
-2
-4
-5
-5
-6
-4
-4
-4
-5
-7
-6
-6
-2
-5
-5
-1
-6
-2
-3
-5
-4
-5
-1
-5
-6
-5
-6
-6
-4
-4
-3
-6
-6
-3
-5
-4
-2
-5
-3
-2
-3
-4
-6
-3
-4
-3
-4
-6
-3
-3
-1
0
-1
2
-1
3
1
-5
-1
-4
-3
0
1
3
3
6
5
7
10
8
10
11
9
8
8
6
2
5
5
3
3
5
6
7
9
8
7
7
8
8
6
7
6
7
9
6
5
6
5
5
4
3
4
2
2
3
3
3
0
3
3
3
4
5
5
4
4
2
-1
0
0
5
3
2
7
1
6
3
4
1
0
2
-5
-2
-3
-5
-1
-2
-1
0
0
-3
-2
1
1
-1
2
-1
2
4
1
1
-1
-2
-1
-2
1
-2
-3
1
0
1
0
-2
-1
0
2
0
0
0
-1
0
-1
-2
-3
-3
-1
-2
0
1
-3
0
3
-2
-1
-1
-1
-2
-4
-4
-6
-5
-2
-2
-2
-1
0
-2
0
-1
-1
-2
-3
-2
-5
-3
-5
-6
-7
-5
-5
-5
-3
-5
-3
-4
-4
-3
-3
-5
-1
-2
-2
0
-3
-1
0
-1
-1
-3
1
-2
2
0
0
2
0
5
1
3
6
3
4
4
3
1
1
0
1
1
3
2
0
3
1
3
0
-2
-2
-4
-1
-5
-4
-2
-1
-1
0
-1
-1
1
-1
-1
1
-4
-2
1
-1
-2
-3
-5
-3
-3
0
-2
-3
0
-3
-1
-2
-2
-1
-1
2
2
1
2
1
3
2
3
3
1
3
3
1
3
0
1
1
3
2
0
2
0
2
2
-1
1
1
1
-1
0
2
-1
1
-1
-2
0
-2
-2
-3
-4
-4
-6
-5
-4
-3
-2
0
-2
0
0
1
-1
-2
0
-2
-1
-1
-3
-1
0
1
0
0
-1
0
1
1
0
-2
-2
-4
0
1
0
1
0
1
1
3
1
1
0
2
3
4
3
3
1
3
3
3
3
2
4
4
5
2
3
3
2
3
1
0
-2
-2
-3
-2
-3
-3
-1
-1
0
-1
0
-1
-1
1
0
-1
-1
-2
-2
-2
-2
-1
-2
-2
-1
1
-2
-4
-3
-3
-1
-3
-3
-4
-3
-2
0
-1
-1
0
0
2
2
1
-1
0
0
0
-2
0
2
1
4
4
5
5
4
5
4
4
3
2
2
2
3
1
3
4
5
5
4
2
4
4
3
0
-1
-3
-3
-3
-4
-4
-5
-3
-3
-2
-2
-2
-2
-2
1
0
-1
-2
-2
0
-1
1
-2
-2
0
-1
0
-2
-1
-2
0
1
1
2
1
1
3
2
1
3
2
2
4
1
1
1
1
2
1
1
-1
1
1
1
2
0
0
1
0
-2
0
-1
-1
0
0
-1
0
-1
0
-1
-1
-2
-4
-4
-2
-3
-3
-1
-3
-1
0
-1
0
0
-2
-2
-3
-3
-4
-5
-3
-3
-1
-2
-4
-3
-1
-2
0
-1
-1
0
-3
0
-3
-2
-2
-1
1
0
1
2
2
5
5
3
4
0
1
0
2
2
-1
2
3
2
3
2
1
0
0
0
0
1
2
2
3
2
2
3
2
0
0
-2
-2
-3
-2
-3
-1
-1
-2
1
1
2
-1
-1
-1
1
-1
-3
-1
-4
-2
-2
-3
-4
-4
-3
-2
-3
0
0
-2
1
1
0
-1
0
1
-3
4
0
-1
3
1
2
2
2
2
1
0
-1
-2
-3
-5
-3
-1
-2
-1
-3
-2
-1
2
-3
-1
-2
-1
1
-1
2
-4
0
0
-2
-1
-3
-1
-3
-1
-2
-2
0
-4
-3
-4
-5
-6
-7
-8
-5
-7
-5
-4
-4
-2
-3
-3
-4
-3
-3
1
-2
0
5
-1
4
5
3
1
0
2
2
5
4
5
5
5
6
7
4
7
5
5
4
-1
1
-1
0
0
1
2
-2
2
0
-1
5
-4
3
-3
-3
-1
-9
-5
-9
-4
-5
-4
0
-1
-1
2
-1
1
2
1
1
2
1
1
2
1
0
2
0
-1
0
1
4
4
5
6
3
7
3
4
3
-1
5
-2
0
2
1
3
3
5
5
1
5
2
1
0
3
0
-1
3
-2
0
-1
0
-1
2
0
2
1
-1
1
-2
-2
-3
-4
-1
-4
-2
-1
-1
1
1
3
0
2
3
-1
1
-1
-1
1
-1
2
1
1
-2
-1
-4
-2
2
0
3
-1
3
1
3
1
-2
5
0
2
2
1
3
1
6
1
-1
4
3
1
2
2
0
-2
3
-5
0
1
-1
3
1
5
4
6
4
2
-2
0
-4
-4
0
-1
0
-1
-3
1
-3
-1
-4
-4
-1
-5
-1
-4
-4
-3
-1
-1
-5
-2
-2
-4
-5
-2
0
-2
4
-1
-1
2
-3
0
-4
0
-1
-5
-1
-8
-3
-5
-6
-1
-7
-2
2
-5
3
1
-1
1
-4
-1
-3
-4
-2
-6
-7
-2
-5
-3
-3
-5
-2
-4
-6
-5
-7
-6
-5
-9
-5
-3
-7
-4
-5
-5
-3
-7
-5
-3
-5
-2
-5
-3
-3
-5
0
-6
-6
-3
-5
-3
-1
0
1
5
4
-1
6
6
3
5
1
5
4
-3
1
-1
0
1
3
7
3
10
4
8
10
6
8
6
5
7
4
3
3
1
4
3
4
3
3
7
2
1
2
1
1
2
4
5
4
6
9
7
8
13
8
6
11
5
5
4
-2
3
4
5
4
5
7
8
9
10
7
5
9
6
3
6
4
4
5
1
5
-2
1
2
3
6
3
2
4
5
1
8
4
5
8
9
8
8
6
9
7
3
8
3
5
6
2
-1
-1
0
-2
-1
-2
-5
0
2
0
4
3
4
-1
1
-1
-2
-3
-4
-4
-3
-7
-7
-9
-4
-2
-4
3
2
-3
-3
-2
-6
-3
-4
-8
-4
-6
-4
-2
-7
1
-4
2
0
-4
3
-1
1
-3
-1
-5
-5
-7
-4
-4
-8
-2
-5
0
0
-1
-3
-3
-2
-8
-7
-8
-12
-12
-13
-11
-11
-13
-9
-10
-8
-4
-6
-5
-4
0
1
-3
-2
-2
-8
-2
-6
-7
-5
-3
-7
-6
-2
-11
-1
-5
-3
1
-3
2
0
4
3
6
4
1
0
-1
-2
-5
-3
-1
2
1
-2
-4
-5
-7
-3
-5
-4
1
-5
2
-1
-2
-3
0
-2
3
5
-1
5
0
4
2
3
1
-1
3
1
4
1
3
1
7
3
0
5
4
5
8
5
3
5
0
0
3
2
0
0
1
3
1
5
5
6
10
4
4
1
0
1
-1
4
2
0
2
0
1
-2
-2
1
2
4
5
4
6
3
2
-2
1
3
4
9
7
8
9
3
7
6
6
6
6
4
1
7
-5
1
-1
1
7
6
8
4
9
2
5
8
1
11
6
-1
4
-4
-3
-1
-3
1
1
-2
-4
-7
-5
-8
-5
-4
-5
-1
-4
0
-7
-5
-6
-5
-8
-5
-5
-6
-7
-5
-3
-3
2
-3
-4
-4
-5
-7
0
-2
-5
0
-2
-2
3
3
-2
4
4
2
1
1
-2
-3
-3
0
0
-8
-5
-8
-4
3
-1
4
6
5
5
-1
0
0
-3
1
-2
0
-4
-8
-8
-9
-6
-6
-4
-2
2
4
4
7
5
-2
6
8
3
10
5
8
6
4
3
0
9
1
5
6
3
10
5
7
7
6
5
0
2
0
-1
4
-2
-1
6
5
2
4
1
4
3
0
1
-3
-2
-6
-5
-3
-8
2
6
1
10
3
2
4
3
8
6
8
4
0
1
0
-1
2
2
3
6
0
1
1
-2
2
-4
-2
-8
-9
-2
-8
-2
-5
-4
-2
-5
-4
-6
-6
-3
-2
-1
-2
-4
-4
-9
-5
-5
-5
-5
-7
-4
-6
-3
-8
1
-1
2
7
-1
4
0
-3
-1
-3
-3
1
-4
-4
0
-3
-1
-1
4
7
1
2
2
-3
3
2
0
1
-7
-3
-9
-9
-3
-2
0
-1
5
1
5
0
-2
4
-1
-4
-3
-4
0
-7
-3
2
3
6
0
1
6
-3
1
0
-1
1
-4
0
-6
2
0
-2
0
-1
-3
0
0
1
3
2
5
2
1
-6
2
-6
-3
6
-2
6
4
3
8
7
8
8
6
4
3
1
1
1
2
9
4
7
4
1
0
-5
1
-4
-2
0
-2
2
-1
-1
-1
2
2
-4
-2
-5
-4
-4
-5
1
-6
-1
0
-3
-1
-6
-6
-2
-3
-10
-5
-6
-2
6
6
9
9
4
4
0
-5
-6
-8
-2
-8
-7
-9
-14
-6
-13
-8
-4
-8
0
-3
-1
-2
-4
7
-9
-3
-9
-6
-2
-19
-10
-13
-2
-10
-11
-6
-11
-1
-4
2
3
-5
-7
-5
-4
-19
-20
-20
-13
-9
-5
-2
-1
7
12
13
19
9
11
14
10
12
7
0
-3
0
-6
0
-2
2
3
3
9
-2
4
3
-10
-2
-11
-12
-9
-10
-2
-5
0
5
11
8
7
14
4
7
8
-5
5
-8
-9
-13
-27
-12
-22
-20
-10
-12
-6
-9
-8
-4
-12
-2
-3
2
11
5
11
18
26
25
22
18
19
15
7
6
-7
-1
-9
-6
5
-6
8
7
1
8
-3
13
2
1
3
-14
-1
-6
-2
3
7
17
15
13
15
11
11
8
6
-4
-3
-2
-13
-9
-14
-4
-6
-6
4
3
8
7
10
7
9
4
-2
-9
-13
-16
-16
-7
-15
-8
-8
-4
-4
-6
1
-7
-1
-8
-3
2
-3
4
-2
0
11
-1
1
-8
-12
-10
-17
-20
-28
-23
-24
-20
-10
-16
-9
-9
-8
1
-5
-1
-5
-7
-2
-7
1
0
-3
4
3
1
1
-7
-8
-4
-7
-13
-16
-8
3
3
3
6
11
12
13
8
12
-2
-7
-9
-13
-7
-14
-9
-14
-10
-4
-7
-7
-1
5
8
7
14
11
10
8
0
-3
-8
-4
-14
-7
-3
1
2
5
10
5
9
6
7
2
8
4
-10
-7
-3
0
12
16
11
19
20
23
21
19
20
12
13
4
5
8
0
4
10
8
13
12
10
12
8
9
5
4
6
3
0
12
3
14
14
11
15
14
17
10
16
10
4
3
3
8
8
8
13
18
15
13
11
8
10
10
12
21
13
11
4
2
5
1
3
1
8
11
5
10
10
5
10
7
8
5
4
-3
-6
2
-7
-6
3
1
10
6
-7
7
2
-2
4
-1
6
11
4
2
4
6
3
-4
-4
-2
-2
-6
0
-2
-2
3
-1
3
4
-6
2
-7
-18
-16
-20
-12
-8
-10
-12
-1
4
-6
-4
-2
-4
-7
-1
-7
-7
-1
-7
-10
-12
-9
-10
-13
-7
-5
-2
4
1
1
3
4
6
-7
-9
-14
-10
-6
-19
-15
-10
-12
-10
-6
-2
-3
-4
-4
-1
-2
-10
-16
-20
-23
-25
-20
-19
-15
-8
-13
-14
-9
-12
-15
-21
-16
-14
-19
-18
-20
-17
-13
-16
-18
-19
-16
-18
-20
-16
-19
-13
-14
-13
-5
-3
1
5
8
10
5
1
-1
-2
4
6
5
10
12
5
11
10
11
14
14
13
11
9
9
8
4
5
4
9
12
13
15
12
11
5
7
6
8
6
6
7
2
3
6
6
10
9
13
18
15
21
12
8
16
5
9
7
7
6
5
11
0
9
11
7
13
12
15
9
14
18
11
16
10
6
12
9
3
4
3
9
6
1
6
10
7
9
11
13
15
14
13
14
12
9
8
11
9
11
13
10
13
13
13
13
15
10
9
9
4
7
1
-7
-7
-9
-12
-8
-6
-7
-3
-2
-5
-5
0
-6
-2
5
-1
4
1
-2
-2
-12
-14
-15
-13
-10
-10
-4
0
0
-5
-6
-6
-6
-4
-6
-8
-11
-14
-11
-7
-7
-5
4
3
1
3
-6
-7
0
-4
-6
0
-2
-3
-6
-6
-11
-11
-8
-9
-1
-2
-10
-5
-10
-14
-11
-15
-13
-11
-9
-9
-3
-2
-8
-6
-8
-7
-7
-7
-6
-4
-3
-4
-3
0
2
2
3
4
4
7
9
9
8
7
3
1
6
5
5
0
-3
0
-2
0
2
-2
-2
-2
-7
3
2
-2
7
4
0
0
-4
-6
-9
-8
-5
-7
-5
-5
-4
1
-2
1
1
6
3
-2
1
-4
-1
1
1
4
2
1
-2
-2
1
4
2
4
4
5
4
-5
-6
-4
-3
-3
-1
0
0
0
-7
-7
-4
-4
-5
-8
-5
-9
-8
-4
-3
1
-4
-2
-2
-1
-4
-8
-3
-6
-5
1
2
11
11
7
10
12
10
11
9
10
9
8
10
9
10
8
10
12
12
14
13
11
10
7
3
3
4
4
5
6
7
4
3
0
-4
-2
-6
-7
-3
-1
-4
-4
-4
-8
-8
-4
-4
-4
-6
-13
-12
-7
-7
-6
-8
-4
-2
-2
-5
-8
-7
-4
-4
-2
2
2
1
6
2
0
1
1
6
7
8
4
6
6
4
4
0
1
4
2
4
4
3
-1
-6
-4
-2
-1
0
1
0
-1
-4
-5
-4
-4
-6
-6
-6
-6
-8
-9
-11
-7
-7
-8
1
-3
-2
-2
-5
-5
-6
-2
-4
-5
-2
-5
-3
-4
-3
-1
0
0
3
1
-3
-3
-1
-1
-3
2
5
-1
4
0
-5
2
-3
-2
1
5
1
-4
3
-1
-7
-3
-6
-4
-1
-1
-4
-3
-2
-6
-7
-6
0
2
2
3
1
6
1
-2
0
-1
-3
-5
0
1
0
0
-3
0
0
5
9
9
12
9
7
5
3
0
2
7
5
0
2
3
3
4
2
2
8
5
3
4
1
3
4
7
5
6
0
0
7
5
5
8
0
4
7
0
0
3
-3
-1
-3
-7
-1
-1
-2
-2
-1
-3
-3
-4
-4
-1
2
3
5
3
3
2
-2
-1
-7
-4
-3
-4
-3
-1
4
4
2
4
2
0
2
2
3
5
1
3
9
3
3
5
4
7
7
7
5
1
4
2
2
8
6
6
7
6
6
2
1
1
-1
2
-3
-9
-4
-5
-7
-5
-3
1
2
-2
-2
-1
-2
-7
-9
-9
-11
-11
-12
-8
-5
-3
0
0
4
0
-3
-1
0
-2
-2
-4
-7
-6
-9
-7
-5
-2
4
-1
2
0
-7
-5
-8
-5
-6
-5
-6
-6
-8
-15
-13
-6
-3
-2
-1
-4
-4
-5
-6
-7
-5
-4
-6
-4
-1
-2
-6
-3
-2
-4
1
0
1
5
4
3
5
5
0
3
3
-2
1
-1
-1
5
10
5
3
7
1
2
4
1
-2
2
-5
-8
-5
-10
-4
-5
-1
4
1
4
0
-2
0
-6
-3
-2
-4
-3
-9
-6
-6
-5
-1
-4
-3
-3
-1
1
3
6
4
7
9
11
12
8
11
5
6
10
1
9
7
2
5
3
7
11
11
11
14
12
10
6
4
-1
1
6
4
5
7
7
10
7
6
3
6
10
4
6
3
3
-1
-3
-3
-1
6
5
7
7
9
6
2
-2
-1
1
-2
1
2
3
9
11
4
7
8
4
3
4
2
1
4
0
-2
2
3
4
7
4
5
6
0
-3
-3
-1
-7
-6
0
-1
2
3
-2
1
3
2
2
0
2
-1
0
3
-2
4
-1
-1
5
1
4
-1
5
4
-2
2
2
0
1
-3
-1
0
-3
-6
-6
-1
-6
-6
-5
-6
-3
-4
-4
-9
-10
-11
-15
-13
-16
-14
-8
-5
-5
-4
-4
-7
-8
-4
-9
-5
-4
-11
-6
-15
-12
-11
-11
-5
-7
-5
-7
-8
-2
-9
-12
-10
-18
-13
-13
-13
-9
-7
0
-1
-7
-2
-11
-5
-3
-13
-8
-11
-7
-10
-7
-7
-1
3
-2
4
2
3
-5
-7
-4
-8
-8
-10
-11
-7
-5
-3
0
1
6
4
3
-1
-1
0
-7
-4
-7
-8
-4
-2
4
6
10
12
9
14
11
4
9
3
-2
-1
-3
-2
5
7
7
17
19
13
11
9
9
5
1
0
-3
1
0
4
11
17
17
14
17
10
12
8
2
4
1
4
5
7
16
13
21
19
15
21
19
19
13
14
13
4
9
3
1
12
9
12
12
12
12
10
4
-1
-2
-9
-8
-9
-4
3
8
10
6
4
0
-4
-5
-4
-7
-3
-4
1
3
2
8
7
5
4
-3
-2
8
3
9
8
9
5
5
6
6
14
11
11
9
4
2
2
3
4
3
2
4
7
10
7
4
6
-1
-2
-3
-7
-1
-5
-7
-9
-10
-5
-6
0
0
-3
-3
-7
-10
-17
-15
-15
-15
-15
-17
-10
-7
-6
-12
-15
-14
-20
-21
-32
-29
-21
-19
-13
-12
-11
-8
-7
-12
-15
-16
-17
-25
-22
-27
-33
-22
-29
-27
-21
-26
-22
-22
-19
-18
-25
-22
-30
-30
-30
-31
-28
-26
-22
-25
-20
-23
-23
-23
-26
-27
-27
-27
-30
-37
-33
-31
-29
-28
-28
-30
-34
-32
-34
-30
-27
-29
-30
-28
-30
-31
-33
-33
-30
-31
-37
-35
-35
-35
-28
-25
-20
-16
-16
-14
-7
-3
-4
-5
-5
-1
2
2
9
13
22
29
35
41
48
52
58
57
52
52
51
55
59
64
69
71
75
75
76
86
86
88
87
85
82
86
82
75
78
76
74
72
69
70
74
75
68
65
61
55
48
44
37
35
35
29
28
17
16
9
0
-8
-14
-18
-24
-26
-39
-40
-40
-50
-49
-59
-66
-65
-70
-77
-83
-84
-89
-94
-93
-95
-91
-83
-85
-82
-80
-81
-78
-74
-72
-69
-63
-53
-51
-42
-33
-28
-10
-5
1
8
15
24
35
42
57
64
71
80
85
97
107
113
118
119
121
118
121
123
125
128
121
129
128
129
131
131
131
121
117
107
98
99
93
83
83
78
68
67
60
50
51
49
40
32
25
18
7
-6
-15
-19
-31
-36
-43
-51
-57
-68
-84
-104
-123
-140
-155
-172
-189
-198
-212
-225
-242
-262
-272
-283
-297
-297
-302
-315
-322
-329
-335
-334
-329
-317
-307
-306
-295
-290
-270
-248
-231
-211
-193
-174
-160
-138
-111
-81
-48
-14
17
40
65
99
135
160
189
212
232
252
272
286
302
312
316
329
330
340
347
355
367
367
368
369
367
356
352
343
335
336
336
330
320
315
301
293
286
278
280
279
263
247
232
224
221
194
190
189
168
155
144
114
102
97
75
46
26
2
-25
-48
-78
-109
-139
-172
-213
-250
-288
-319
-360
-399
-430
-463
-502
-524
-546
-577
-575
-577
-589
-595
-598
-612
-617
-623
-628
-608
-596
-595
-592
-584
-576
-554
-533
-505
-465
-435
-398
-368
-335
-273
-212
-147
-82
-36
17
78
147
236
339
432
513
557
598
657
725
791
850
894
903
896
876
875
886
891
884
835
765
709
658
623
591
539
478
403
317
244
189
155
120
71
13
-39
-85
-115
-144
-169
-176
-190
-195
-194
-194
-190
-187
-184
-162
-109
-51
-17
14
17
-10
26
76
81
135
176
117
89
81
29
56
100
33
-48
-97
-192
-249
-250
-286
-345
-404
-487
-578
-621
-628
-618
-649
-716
-767
-824
-847
-830
-824
-832
-835
-856
-893
-865
-811
-771
-726
-701
-693
-669
-614
-557
-487
-416
-342
-258
-142
11
165
303
408
485
558
682
811
924
1047
1115
1133
1140
1161
1198
1269
1300
1253
1178
1059
965
909
840
779
707
582
440
326
224
154
111
29
-80
-173
-255
-316
-348
-386
-441
-491
-525
-552
-540
-490
-452
-414
-397
-396
-352
-278
-205
-123
-54
-19
26
100
153
214
293
325
325
337
342
352
386
377
322
273
211
152
108
55
-3
-78
-169
-262
-328
-395
-447
-489
-567
-638
-698
-757
-790
-810
-850
-888
-912
-931
-936
-916
-909
-897
-880
-870
-843
-789
-737
-690
-633
-582
-538
-480
-408
-333
-251
-158
-53
74
239
401
526
636
718
790
910
1051
1178
1296
1373
1381
1375
1387
1416
1465
1482
1440
1341
1204
1080
984
905
837
743
591
434
286
160
81
15
-93
-212
-333
-437
-482
-508
-521
-550
-597
-648
-685
-665
-605
-533
-479
-452
-434
-391
-318
-228
-120
-36
34
97
146
210
297
369
393
413
400
371
382
381
362
342
298
226
154
87
20
-42
-107
-195
-286
-372
-454
-534
-601
-658
-715
-759
-801
-856
-902
-944
-982
-1010
-1016
-993
-965
-945
-937
-939
-917
-866
-814
-760
-708
-657
-603
-552
-498
-421
-333
-246
-157
-51
89
277
447
580
693
767
853
968
1092
1208
1312
1341
1319
1315
1311
1342
1387
1376
1291
1175
1042
918
839
766
668
535
367
193
66
-9
-60
-120
-229
-368
-486
-558
-585
-566
-545
-567
-621
-677
-707
-671
-586
-507
-447
-401
-359
-290
-177
-54
78
174
227
271
313
392
497
568
601
598
561
530
528
528
520
499
433
339
251
180
122
62
-18
-126
-250
-358
-446
-517
-578
-636
-705
-783
-849
-901
-944
-978
-1007
-1038
-1053
-1037
-1012
-990
-953
-926
-911
-873
-826
-775
-700
-637
-594
-535
-462
-396
-312
-219
-105
40
225
399
537
673
776
888
1021
1154
1295
1405
1446
1446
1440
1440
1486
1534
1516
1446
1320
1160
1032
946
868
808
687
499
303
126
13
-34
-94
-193
-322
-459
-556
-611
-614
-602
-612
-657
-719
-753
-727
-639
-543
-477
-437
-405
-351
-256
-111
37
159
254
304
349
420
524
612
664
677
635
596
576
556
545
526
463
369
265
168
83
8
-73
-174
-287
-396
-499
-593
-677
-749
-821
-901
-965
-1019
-1076
-1118
-1141
-1167
-1164
-1139
-1123
-1106
-1093
-1080
-1044
-990
-932
-854
-782
-724
-654
-591
-524
-450
-373
-297
-206
-60
119
305
477
613
716
817
943
1073
1227
1368
1437
1448
1427
1416
1446
1506
1526
1481
1367
1218
1069
949
874
800
675
495
284
102
-21
-88
-147
-244
-377
-521
-644
-705
-702
-680
-682
-714
-781
-841
-824
-746
-648
-554
-505
-474
-413
-329
-194
-44
80
171
229
278
362
485
594
660
686
660
626
623
631
629
597
529
412
303
222
154
99
17
-103
-238
-373
-482
-575
-650
-718
-802
-889
-968
-1023
-1067
-1091
-1116
-1157
-1176
-1164
-1142
-1094
-1031
-994
-967
-930
-905
-855
-781
-706
-637
-581
-531
-480
-394
-281
-137
42
210
353
485
604
719
871
1036
1193
1343
1440
1488
1514
1537
1576
1613
1624
1588
1498
1376
1265
1169
1068
981
856
677
489
307
157
56
-25
-121
-255
-398
-531
-630
-676
-692
-707
-743
-791
-833
-842
-793
-715
-641
-578
-523
-477
-397
-274
-136
10
134
216
287
379
490
616
731
782
790
785
768
770
792
794
762
685
560
435
334
252
181
83
-41
-185
-333
-460
-567
-663
-743
-824
-928
-1028
-1106
-1166
-1201
-1224
-1256
-1276
-1280
-1256
-1221
-1186
-1141
-1109
-1071
-1029
-983
-917
-837
-753
-679
-616
-554
-488
-403
-302
-161
10
174
334
483
609
736
873
1007
1141
1267
1348
1388
1412
1430
1466
1515
1543
1523
1453
1354
1234
1120
1023
924
803
639
449
270
123
20
-60
-144
-251
-389
-527
-635
-686
-693
-686
-688
-721
-753
-766
-746
-685
-609
-537
-472
-403
-321
-211
-77
65
200
306
400
490
594
700
785
836
847
837
814
800
793
768
719
633
513
398
291
188
89
-20
-151
-296
-445
-575
-681
-768
-844
-930
-1016
-1096
-1166
-1226
-1268
-1298
-1321
-1317
-1306
-1289
-1251
-1212
-1169
-1117
-1062
-1003
-928
-844
-773
-702
-621
-552
-478
-391
-294
-182
-40
113
264
418
567
695
819
934
1045
1166
1280
1368
1429
1466
1488
1522
1544
1556
1535
1489
1406
1305
1206
1105
1008
895
752
591
436
300
199
104
6
-112
-246
-378
-496
-561
-595
-627
-655
-710
-760
-779
-772
-721
-649
-575
-496
-422
-338
-237
-122
-6
94
189
276
357
455
554
621
662
692
694
693
704
700
680
637
558
461
372
285
193
99
-10
-133
-261
-390
-502
-598
-688
-781
-877
-962
-1043
-1107
-1163
-1207
-1237
-1254
-1250
-1231
-1194
-1160
-1108
-1066
-1029
-970
-911
-837
-757
-680
-604
-529
-453
-389
-321
-239
-161
-55
59
191
326
461
581
671
772
858
954
1061
1152
1223
1267
1300
1340
1382
1423
1434
1423
1368
1282
1189
1090
1002
909
796
664
525
401
303
221
126
7
-130
-277
-399
-493
-553
-582
-612
-658
-715
-759
-777
-755
-705
-651
-605
-574
-540
-491
-417
-313
-198
-80
26
124
212
298
382
451
507
543
564
573
583
580
562
521
454
383
299
220
142
64
-28
-129
-232
-336
-422
-507
-590
-667
-746
-820
-886
-934
-968
-993
-1009
-1016
-1021
-1010
-990
-966
-930
-896
-865
-819
-760
-686
-610
-540
-482
-435
-389
-351
-291
-219
-139
-46
42
137
237
333
424
517
600
676
748
807
864
912
950
981
1008
1049
1079
1116
1137
1131
1116
1066
1006
938
872
809
750
684
604
526
447
369
296
214
126
37
-51
-119
-183
-247
-314
-381
-443
-496
-517
-527
-519
-505
-493
-481
-460
-413
-349
-258
-165
-82
-12
48
107
158
214
269
314
355
384
403
414
417
412
393
367
332
283
237
175
109
45
-26
-104
-178
-255
-329
-403
-474
-546
-615
-667
-709
-740
-764
-787
-810
-832
-844
-851
-850
-843
-831
-805
-773
-738
-683
-627
-578
-528
-485
-438
-384
-323
-252
-182
-116
-59
2
69
144
224
301
369
431
475
511
546
582
625
664
694
720
743
763
778
785
786
778
760
732
698
670
638
595
547
476
416
361
308
259
206
150
82
7
-65
-123
-172
-216
-249
-283
-313
-337
-352
-352
-345
-336
-317
-293
-258
-210
-161
-114
-72
-37
-5
30
65
110
149
187
211
219
217
215
222
227
238
230
207
182
146
112
77
47
5
-45
-96
-153
-197
-237
-279
-328
-382
-432
-479
-515
-541
-560
-584
-612
-636
-663
-674
-673
-663
-648
-635
-616
-597
-571
-537
-494
-430
-365
-304
-243
-186
-131
-77
-18
32
91
148
195
245
289
341
389
435
483
529
570
604
627
640
657
664
679
688
691
691
681
660
635
611
577
542
499
447
393
340
293
238
194
152
96
47
0
-37
-69
-96
-125
-151
-171
-198
-207
-212
-207
-198
-194
-189
-185
-176
-165
-146
-125
-111
-96
-84
-71
-48
-30
-9
11
22
28
27
27
28
30
23
13
5
-9
-31
-54
-77
-101
-130
-163
-198
-218
-239
-262
-286
-316
-344
-367
-387
-402
-410
-417
-423
-429
-430
-433
-435
-425
-419
-403
-378
-352
-323
-296
-266
-237
-198
-158
-116
-69
-30
0
26
47
73
98
122
151
184
222
261
300
330
354
367
375
396
414
433
450
460
470
474
476
471
467
462
448
425
398
365
333
299
261
223
184
153
119
84
49
14
-17
-43
-66
-89
-102
-107
-115
-116
-115
-112
-104
-100
-99
-96
-90
-85
-78
-68
-64
-55
-39
-30
-21
-3
6
9
13
10
6
4
-10
-22
-36
-49
-61
-76
-87
-101
-115
-128
-141
-150
-157
-164
-171
-181
-197
-203
-210
-212
-214
-223
-230
-246
-258
-260
-263
-256
-251
-247
-248
-253
-247
-236
-212
-180
-158
-138
-116
-98
-81
-56
-34
-7
13
30
46
59
84
101
125
143
154
166
177
198
217
230
240
251
254
266
278
294
312
321
323
318
308
298
290
280
266
244
218
198
174
151
127
103
78
63
47
34
31
21
10
-2
-14
-26
-33
-36
-33
-30
-36
-39
-39
-46
-38
-33
-29
-21
-17
-15
-19
-25
-29
-29
-24
-28
-30
-26
-27
-27
-35
-48
-60
-66
-66
-75
-74
-80
-89
-93
-106
-120
-131
-142
-153
-159
-167
-177
-187
-196
-204
-216
-219
-224
-230
-234
-240
-241
-236
-227
-211
-200
-188
-167
-153
-144
-135
-122
-113
-100
-83
-67
-34
-10
6
22
34
42
51
55
63
75
86
99
103
109
117
124
136
142
154
168
180
192
194
188
183
178
169
159
151
143
132
119
109
102
91
86
84
85
80
70
65
60
61
59
63
69
75
85
89
82
79
74
67
62
55
47
48
51
48
40
30
20
7
3
-10
-20
-24
-36
-50
-62
-71
-87
-100
-114
-127
-133
-139
-152
-158
-167
-172
-178
-183
-182
-184
-186
-183
-179
-177
-174
-172
-167
-167
-164
-161
-154
-145
-145
-147
-142
-136
-128
-119
-108
-94
-81
-70
-55
-40
-23
-14
-3
15
28
44
54
66
78
87
101
114
130
145
155
168
174
179
183
187
191
193
195
198
201
196
192
192
193
191
188
182
178
172
166
156
147
134
119
109
99
96
87
82
82
83
80
71
65
59
59
57
53
47
37
31
22
19
15
4
-4
-14
-26
-32
-40
-44
-47
-55
-63
-66
-83
-95
-101
-118
-125
-132
-137
-145
-150
-156
-157
-155
-152
-154
-156
-160
-168
-167
-166
-166
-164
-165
-166
-162
-158
-154
-143
-128
-118
-111
-98
-97
-87
-75
-65
-48
-37
-28
-22
-11
2
11
21
30
39
49
55
60
67
79
87
92
97
96
104
117
129
129
128
131
129
124
128
131
135
135
131
128
121
113
101
98
99
89
82
76
70
62
55
46
42
43
39
35
36
34
31
29
28
28
26
24
23
27
27
27
26
24
27
32
35
30
27
24
20
13
6
-6
-9
-17
-24
-31
-45
-55
-63
-77
-93
-106
-119
-129
-131
-134
-138
-148
-161
-175
-190
-189
-184
-174
-175
-181
-182
-184
-182
-175
-169
-159
-141
-129
-120
-103
-82
-64
-54
-51
-40
-22
-7
12
26
38
48
56
68
72
85
98
115
128
131
129
129
145
154
159
161
166
166
172
176
178
173
166
166
170
168
156
142
133
125
119
112
99
94
79
61
46
29
26
17
4
-7
-13
-19
-27
-34
-45
-50
-50
-53
-51
-53
-54
-48
-42
-29
-16
-8
-9
-4
6
11
18
23
30
29
24
30
34
39
36
35
39
39
33
25
23
10
-3
-11
-16
-25
-40
-64
-77
-83
-85
-94
-102
-115
-133
-145
-149
-141
-141
-150
-164
-179
-184
-187
-176
-164
-154
-155
-169
-167
-162
-147
-134
-123
-103
-96
-84
-70
-52
-32
-15
2
14
31
50
72
89
98
107
122
140
159
172
175
175
176
184
187
191
188
171
158
140
130
128
110
89
74
64
56
45
35
15
-7
-28
-47
-55
-60
-61
-75
-84
-93
-105
-98
-92
-88
-81
-79
-77
-76
-69
-50
-30
-14
-1
9
22
33
47
66
84
100
101
109
121
135
137
133
136
139
140
135
136
128
112
102
87
74
65
49
32
10
-11
-27
-43
-62
-79
-93
-104
-125
-151
-170
-181
-185
-188
-197
-211
-217
-228
-238
-243
-237
-230
-223
-215
-215
-212
-197
-169
-148
-137
-110
-97
-91
-61
-41
-19
-1
11
38
48
75
99
109
138
148
153
174
187
195
188
178
177
174
188
184
167
154
139
140
146
138
112
88
69
68
70
57
57
52
14
7
14
18
34
36
27
22
13
23
44
49
65
71
73
91
103
100
119
127
138
178
181
160
157
176
213
227
213
188
164
162
186
203
208
174
125
101
109
141
138
97
47
11
-13
-15
-13
-25
-64
-129
-163
-161
-172
-214
-263
-302
-325
-329
-323
-342
-406
-456
-477
-457
-418
-423
-444
-479
-499
-469
-433
-396
-372
-380
-360
-342
-318
-280
-265
-225
-185
-150
-104
-96
-74
-64
-27
47
77
79
65
60
99
144
178
193
182
170
169
201
241
270
262
224
230
268
268
266
267
297
320
318
324
321
324
330
342
362
379
376
352
341
352
345
345
350
333
315
287
263
258
248
242
217
180
155
117
96
70
58
35
-3
-25
-69
-101
-102
-110
-120
-156
-195
-231
-253
-248
-240
-250
-278
-321
-355
-363
-353
-358
-379
-377
-425
-459
-470
-465
-446
-457
-492
-544
-563
-561
-548
-532
-537
-565
-603
-643
-583
-537
-525
-538
-597
-580
-558
-486
-453
-454
-410
-391
-356
-266
-194
-96
-79
41
256
254
252
321
501
770
886
876
808
802
976
1147
1313
1373
1243
1061
1058
1236
1336
1291
1120
954
865
826
812
774
631
475
322
225
188
70
-76
-178
-244
-289
-390
-545
-612
-620
-601
-567
-602
-667
-708
-692
-569
-398
-191
-341
-408
-267
-195
124
229
201
153
141
363
428
518
618
430
383
488
549
461
438
388
208
201
162
24
-102
-199
-266
-407
-448
-506
-783
-811
-800
-895
-921
-1031
-1132
-1139
-1158
-1111
-1088
-1161
-1149
-1161
-1075
-974
-946
-901
-864
-772
-695
-589
-549
-439
-310
-273
-123
-112
-23
157
366
585
456
491
687
914
1186
1185
1120
1106
1191
1385
1520
1570
1467
1312
1295
1400
1474
1337
1164
1037
934
899
774
635
517
349
237
108
-49
-220
-374
-424
-462
-591
-724
-860
-949
-929
-902
-908
-939
-960
-980
-922
-743
-639
-646
-586
-490
-375
-211
-37
6
81
240
325
429
521
582
582
653
758
718
667
660
595
568
559
457
309
194
123
22
-122
-223
-369
-536
-595
-689
-837
-930
-1016
-1130
-1139
-1191
-1281
-1313
-1345
-1301
-1266
-1298
-1234
-1245
-1199
-1041
-1018
-874
-816
-766
-642
-514
-374
-249
-109
157
389
307
386
677
982
1287
1268
1207
1314
1465
1744
1912
1914
1859
1744
1728
1887
1910
1760
1640
1513
1435
1317
1113
981
848
653
512
278
61
-113
-314
-366
-490
-744
-933
-1074
-1143
-1152
-1200
-1248
-1327
-1410
-1376
-1314
-1203
-1126
-965
-913
-931
-674
-597
-366
-110
-39
28
124
380
499
587
788
799
793
913
991
936
948
995
893
832
789
597
496
430
292
165
-18
-129
-371
-522
-550
-738
-836
-966
-1146
-1212
-1248
-1261
-1324
-1363
-1429
-1469
-1383
-1339
-1253
-1228
-1211
-1118
-1090
-953
-788
-766
-604
-514
-432
-230
-160
98
401
256
360
625
899
1177
1162
1116
1129
1402
1623
1743
1702
1674
1599
1578
1737
1709
1546
1440
1302
1256
1184
930
822
703
516
408
193
-10
-151
-322
-348
-490
-767
-906
-1011
-1069
-1060
-1158
-1234
-1283
-1324
-1299
-1246
-1178
-1103
-978
-932
-695
-698
-675
-290
-209
49
186
184
349
436
746
861
834
965
878
933
1099
1107
1024
995
951
787
746
736
587
469
362
211
-28
-162
-199
-406
-483
-584
-835
-945
-1001
-1085
-1099
-1182
-1228
-1334
-1356
-1276
-1279
-1251
-1234
-1159
-1162
-1021
-1005
-886
-747
-730
-570
-527
-422
-274
-167
175
432
218
264
544
904
1195
1174
1129
1155
1273
1568
1695
1725
1689
1554
1493
1637
1658
1517
1510
1373
1267
1082
854
784
723
570
398
118
-84
-229
-365
-359
-527
-805
-970
-1062
-1118
-1141
-1206
-1263
-1315
-1327
-1340
-1310
-1234
-1100
-967
-842
-798
-751
-561
-344
-68
111
178
246
365
562
784
931
1004
946
938
1048
1099
1114
1136
1047
899
823
754
683
586
450
285
90
-77
-230
-391
-468
-612
-826
-973
-1105
-1215
-1244
-1284
-1379
-1425
-1483
-1483
-1434
-1387
-1334
-1365
-1279
-1214
-1194
-1045
-910
-796
-732
-635
-519
-402
-244
-90
228
489
292
360
649
1032
1364
1306
1300
1320
1429
1733
1878
1945
1884
1703
1668
1776
1835
1728
1645
1487
1317
1154
945
905
821
597
395
103
-115
-280
-429
-411
-595
-900
-1082
-1223
-1278
-1263
-1337
-1403
-1465
-1526
-1534
-1491
-1376
-1256
-1142
-1086
-923
-948
-817
-415
-281
-18
69
41
232
434
756
932
923
996
924
1001
1233
1286
1266
1228
1092
952
964
937
825
752
552
330
111
-31
-54
-234
-361
-547
-832
-906
-995
-1087
-1100
-1204
-1298
-1429
-1403
-1378
-1409
-1341
-1326
-1314
-1239
-1233
-1168
-1048
-932
-783
-778
-678
-592
-494
-258
-130
170
288
95
274
602
984
1132
1066
1103
1122
1356
1644
1711
1722
1626
1536
1584
1698
1714
1590
1492
1349
1218
1055
923
898
756
568
364
83
-66
-167
-237
-289
-553
-798
-931
-980
-970
-1028
-1144
-1188
-1240
-1277
-1225
-1156
-1072
-922
-855
-838
-732
-574
-373
-148
71
113
164
328
500
712
936
1008
947
995
1111
1167
1269
1329
1199
1082
1010
940
896
857
723
463
307
160
-28
-79
-203
-431
-633
-781
-916
-1055
-1087
-1167
-1314
-1333
-1458
-1521
-1478
-1496
-1387
-1455
-1403
-1370
-1428
-1228
-1159
-1059
-958
-923
-790
-702
-548
-386
-256
49
209
82
205
539
892
1094
1104
1111
1133
1365
1646
1770
1777
1673
1593
1609
1766
1814
1674
1566
1406
1292
1192
1059
1007
875
697
481
227
96
-14
-109
-170
-420
-692
-816
-864
-887
-960
-1038
-1158
-1254
-1227
-1236
-1203
-1129
-1048
-1009
-977
-788
-823
-594
-293
-299
-79
0
91
246
417
664
666
757
855
785
904
1015
993
959
971
834
684
731
657
526
437
254
53
-91
-143
-232
-444
-569
-771
-936
-930
-1067
-1171
-1219
-1329
-1360
-1428
-1426
-1438
-1453
-1377
-1352
-1308
-1308
-1290
-1161
-1043
-958
-872
-808
-713
-584
-440
-316
-141
166
149
86
363
629
926
1024
1011
1067
1123
1379
1600
1638
1662
1563
1517
1614
1715
1680
1589
1488
1356
1259
1147
1042
984
856
668
459
255
176
49
-37
-137
-408
-581
-671
-733
-758
-850
-933
-1020
-1090
-1088
-1063
-1015
-972
-919
-840
-847
-765
-619
-463
-219
-120
-49
-21
81
356
521
651
704
651
716
825
933
959
938
917
825
740
726
682
598
512
347
162
4
-82
-160
-259
-445
-632
-777
-843
-887
-993
-1098
-1158
-1257
-1280
-1256
-1334
-1321
-1350
-1300
-1268
-1265
-1160
-1192
-1126
-961
-971
-836
-753
-672
-517
-411
-230
-17
129
75
243
520
784
942
936
987
1068
1243
1514
1558
1564
1555
1474
1542
1665
1646
1568
1467
1333
1279
1167
1060
989
879
723
523
331
220
131
30
-77
-299
-500
-594
-664
-682
-764
-903
-983
-1031
-1044
-1041
-1020
-986
-936
-935
-858
-792
-666
-411
-453
-330
-127
-82
151
282
326
407
525
682
653
754
877
766
834
922
830
735
780
721
549
567
411
222
168
35
-67
-231
-337
-446
-649
-657
-791
-959
-963
-1067
-1154
-1175
-1222
-1296
-1295
-1277
-1328
-1292
-1272
-1277
-1212
-1149
-1090
-1030
-965
-863
-786
-671
-547
-504
-309
-35
51
-18
145
443
716
861
864
891
1007
1256
1458
1513
1523
1475
1430
1556
1652
1604
1564
1452
1331
1279
1164
1053
1012
900
720
543
342
238
121
41
-38
-315
-508
-583
-650
-696
-792
-914
-1016
-1085
-1063
-1056
-1018
-981
-950
-938
-882
-758
-651
-502
-346
-233
-175
-92
72
247
404
509
521
555
645
763
838
874
868
819
791
741
717
695
624
532
367
215
130
29
-31
-154
-329
-507
-639
-673
-760
-848
-945
-1088
-1158
-1182
-1219
-1254
-1261
-1284
-1287
-1248
-1223
-1235
-1159
-1072
-989
-878
-838
-774
-666
-520
-373
-183
32
28
53
327
578
793
901
926
978
1106
1346
1479
1522
1569
1497
1495
1595
1666
1624
1542
1478
1353
1262
1177
1083
1007
859
668
495
350
249
140
38
-106
-352
-492
-545
-626
-678
-793
-896
-960
-1015
-1003
-1030
-991
-901
-941
-875
-839
-757
-588
-503
-352
-294
-233
-73
16
190
321
375
446
495
595
651
742
775
791
799
722
713
694
648
613
500
403
259
132
76
-18
-104
-270
-451
-557
-641
-741
-761
-860
-986
-1077
-1150
-1164
-1145
-1160
-1236
-1245
-1254
-1218
-1175
-1089
-1054
-1009
-949
-877
-774
-637
-547
-457
-273
-109
38
61
218
456
657
825
875
960
1077
1232
1430
1496
1544
1512
1493
1578
1644
1655
1587
1503
1404
1318
1241
1160
1072
955
775
625
453
328
237
88
-45
-237
-420
-513
-603
-675
-771
-890
-984
-1041
-1042
-1051
-1037
-1027
-977
-942
-888
-808
-722
-595
-448
-347
-262
-174
-64
91
232
317
401
431
485
606
641
718
705
704
704
637
630
608
534
471
368
232
105
27
-43
-145
-291
-460
-571
-672
-730
-767
-899
-994
-1072
-1156
-1133
-1167
-1178
-1201
-1220
-1163
-1156
-1133
-1061
-994
-915
-859
-772
-712
-593
-466
-358
-194
-37
100
126
310
522
696
864
916
987
1081
1233
1395
1454
1489
1468
1440
1485
1532
1537
1489
1396
1284
1189
1100
998
913
793
592
446
277
153
47
-81
-187
-392
-538
-629
-703
-740
-827
-918
-983
-1020
-1022
-983
-975
-956
-878
-872
-806
-719
-609
-471
-362
-221
-146
-82
69
175
290
428
485
507
572
655
693
752
753
735
699
655
626
580
533
467
323
201
112
0
-31
-127
-279
-425
-554
-634
-655
-712
-825
-902
-994
-1034
-1021
-1034
-1053
-1090
-1077
-1067
-1044
-982
-965
-899
-827
-743
-682
-616
-487
-389
-280
-130
-48
132
238
281
477
631
788
886
932
997
1087
1265
1387
1362
1364
1342
1320
1359
1419
1353
1249
1166
1034
970
908
801
702
542
398
263
125
47
-73
-169
-285
-469
-557
-623
-667
-696
-762
-857
-858
-845
-882
-813
-771
-751
-670
-629
-591
-490
-381
-279
-197
-85
3
28
134
285
341
417
484
428
465
542
562
588
563
517
448
392
413
346
242
223
66
-56
-105
-195
-269
-333
-436
-564
-629
-673
-707
-744
-781
-865
-917
-919
-907
-885
-866
-865
-902
-844
-790
-766
-679
-633
-611
-535
-464
-388
-278
-200
-82
6
90
247
309
381
537
643
781
851
877
933
999
1113
1187
1193
1154
1133
1130
1157
1165
1107
1027
887
796
756
660
577
483
328
226
111
-8
-72
-161
-226
-337
-464
-517
-563
-578
-607
-642
-645
-714
-706
-634
-584
-530
-512
-436
-411
-348
-182
-120
-34
66
89
141
211
330
387
416
497
440
422
486
501
469
451
412
287
257
237
129
99
21
-98
-220
-297
-292
-403
-458
-516
-661
-699
-735
-757
-781
-806
-834
-903
-881
-826
-823
-795
-768
-785
-746
-680
-607
-582
-508
-429
-399
-335
-265
-193
-107
4
47
122
213
286
393
477
562
636
713
802
851
912
945
957
1012
1030
1010
994
982
957
919
867
788
704
622
551
471
363
258
176
86
0
-88
-173
-237
-307
-362
-421
-487
-516
-512
-570
-563
-537
-541
-495
-458
-431
-363
-315
-247
-170
-108
-32
19
117
171
244
306
328
393
423
465
462
457
451
385
395
383
322
270
195
114
33
-13
-59
-152
-259
-344
-432
-488
-520
-583
-647
-706
-767
-775
-761
-780
-801
-794
-788
-789
-754
-707
-689
-653
-586
-567
-494
-420
-382
-309
-233
-168
-133
-45
30
67
161
241
305
366
434
526
574
627
700
744
807
841
832
853
870
898
893
859
858
807
764
729
683
641
540
432
381
304
230
167
70
0
-84
-160
-208
-264
-291
-333
-375
-365
-414
-429
-393
-392
-328
-300
-278
-226
-210
-142
-54
32
77
82
146
214
274
327
339
341
350
362
345
373
364
289
251
183
117
80
21
-19
-121
-250
-295
-410
-458
-461
-561
-656
-735
-787
-819
-812
-826
-874
-915
-889
-884
-889
-808
-827
-784
-737
-721
-639
-596
-521
-458
-416
-371
-286
-233
-150
-41
4
63
82
160
254
322
423
468
480
562
614
651
741
774
806
841
824
828
835
847
845
820
759
703
648
603
576
518
438
340
256
184
138
77
13
-62
-128
-172
-207
-201
-220
-277
-283
-280
-293
-242
-201
-172
-184
-131
-68
-39
45
83
137
193
242
279
284
337
365
351
379
369
337
307
296
254
193
174
103
21
-34
-92
-187
-285
-342
-421
-478
-520
-614
-704
-752
-794
-832
-864
-898
-934
-921
-901
-905
-877
-844
-852
-790
-721
-689
-611
-594
-524
-468
-411
-295
-243
-154
-123
-79
32
82
176
271
323
353
399
480
536
608
668
678
713
757
789
823
841
887
863
816
839
820
797
769
719
693
613
536
497
461
406
334
270
196
133
116
87
29
-5
-40
-83
-81
-67
-82
-75
-78
-95
-69
-41
-10
18
40
61
54
79
112
137
175
165
156
157
132
117
117
104
54
-20
-67
-103
-150
-202
-262
-335
-417
-482
-536
-589
-623
-688
-743
-813
-858
-824
-863
-881
-880
-916
-903
-912
-830
-799
-799
-686
-713
-673
-574
-511
-453
-417
-274
-223
-185
-77
-25
94
173
244
331
387
486
508
625
692
690
776
809
896
924
941
952
920
958
935
911
911
836
794
758
670
614
542
471
406
316
250
166
91
19
-36
-67
-138
-152
-184
-218
-210
-231
-208
-211
-188
-154
-178
-105
-52
-60
-7
15
37
87
155
200
178
215
244
214
249
286
249
216
184
148
128
102
52
-11
-74
-144
-223
-278
-316
-395
-474
-546
-606
-651
-706
-743
-771
-789
-838
-879
-854
-879
-851
-832
-839
-785
-778
-742
-675
-610
-560
-508
-444
-362
-307
-240
-138
-101
-27
51
117
170
246
318
361
419
466
512
549
596
619
633
664
670
662
703
694
662
677
651
601
601
553
515
490
437
401
381
346
286
254
217
190
152
131
111
59
56
36
-7
-5
-3
-23
-28
-27
-46
-33
-33
-26
7
-4
-6
10
1
24
50
41
40
43
26
27
39
22
1
-29
-45
-66
-115
-137
-167
-231
-279
-284
-331
-380
-409
-476
-524
-544
-575
-611
-632
-666
-671
-687
-685
-680
-695
-666
-664
-638
-608
-593
-574
-525
-486
-449
-409
-354
-280
-255
-186
-107
-63
1
83
138
208
280
319
373
455
486
555
598
629
693
691
733
763
774
801
790
779
774
770
747
726
701
659
635
590
554
514
458
442
388
336
301
235
213
166
133
109
65
37
-19
-33
-65
-76
-78
-106
-118
-154
-148
-137
-132
-127
-132
-133
-122
-119
-114
-110
-97
-114
-123
-135
-152
-147
-169
-182
-202
-231
-247
-271
-289
-316
-348
-370
-417
-449
-460
-475
-507
-528
-539
-563
-565
-549
-559
-555
-553
-550
-523
-490
-492
-470
-428
-410
-369
-325
-280
-243
-207
-138
-99
-47
31
62
107
170
221
274
320
359
408
446
472
506
538
557
575
597
612
603
623
619
597
599
592
587
557
550
520
484
470
418
391
368
319
298
261
224
188
137
118
76
44
20
-27
-42
-85
-113
-132
-165
-175
-196
-202
-211
-226
-234
-232
-232
-236
-217
-198
-196
-186
-171
-167
-173
-145
-137
-141
-125
-138
-135
-135
-132
-130
-156
-154
-170
-185
-186
-192
-218
-238
-248
-271
-297
-288
-295
-330
-320
-327
-340
-336
-318
-321
-315
-294
-294
-281
-269
-235
-213
-193
-151
-147
-110
-64
-40
7
26
62
79
120
189
194
231
244
260
281
293
335
338
349
367
355
375
363
364
383
343
354
325
317
334
294
296
267
245
238
214
218
197
163
152
135
118
101
92
79
55
46
32
14
7
-5
-21
-19
-40
-50
-51
-57
-50
-61
-61
-64
-77
-58
-65
-68
-52
-62
-55
-58
-55
-50
-56
-47
-63
-70
-73
-90
-86
-88
-109
-122
-138
-146
-155
-166
-166
-187
-200
-213
-227
-228
-231
-244
-244
-256
-262
-252
-259
-247
-262
-238
-223
-233
-189
-192
-167
-154
-148
-122
-97
-70
-56
-42
-15
11
11
44
62
81
109
117
146
155
158
182
176
196
210
195
219
210
220
224
208
232
201
203
213
195
202
192
176
162
150
143
133
133
127
114
106
83
81
69
62
42
39
32
15
14
-8
-3
0
-20
-29
-37
-48
-51
-49
-58
-73
-74
-82
-81
-78
-82
-82
-88
-70
-66
-85
-71
-71
-74
-75
-69
-67
-69
-56
-56
-54
-51
-53
-61
-45
-50
-62
-62
-64
-60
-77
-68
-64
-74
-63
-67
-69
-64
-74
-74
-70
-68
-72
-72
-66
-75
-75
-59
-51
-42
-36
-19
-24
-12
6
-4
21
25
26
32
43
53
41
61
68
57
71
67
62
61
71
70
62
77
64
62
68
58
56
49
58
53
40
57
48
46
55
44
44
45
47
33
27
33
28
37
40
29
29
24
23
19
16
15
-11
-5
-6
-21
-12
-15
-21
-28
-32
-38
-40
-35
-34
-42
-55
-55
-52
-40
-29
-26
-28
-29
-24
-12
-4
-5
-8
-9
-6
-1
-4
-1
2
-1
6
5
1
-5
-3
1
-14
-7
-16
-27
-19
-24
-37
-30
-32
-42
-37
-37
-38
-54
-37
-40
-54
-47
-46
-43
-34
-28
-37
-40
-29
-29
-28
-28
-27
-30
-27
-14
-20
-7
-12
-16
-13
-10
3
-1
6
6
8
18
15
20
24
27
33
34
43
44
56
63
69
73
70
69
72
75
74
75
72
68
70
64
60
55
53
50
42
35
30
23
25
27
25
20
12
16
11
13
10
2
9
4
15
16
8
18
10
19
31
30
32
34
30
34
41
45
42
35
32
29
27
28
28
24
22
18
10
5
0
1
-6
-14
-16
-22
-25
-29
-25
-34
-40
-45
-50
-52
-53
-58
-62
-64
-70
-72
-66
-69
-65
-69
-65
-66
-67
-62
-72
-55
-54
-53
-38
-43
-34
-26
-15
-13
-5
2
3
12
18
26
27
39
44
45
50
53
55
55
57
58
56
51
44
50
47
45
40
23
23
15
11
8
7
2
-10
-8
-15
-18
-16
-20
-22
-20
-21
-16
-12
-6
-1
3
6
5
10
24
26
36
38
29
46
50
56
56
61
65
62
72
71
63
67
62
50
55
49
37
40
36
28
17
14
7
-2
-3
-16
-30
-35
-43
-56
-55
-64
-77
-87
-97
-98
-102
-103
-108
-119
-117
-127
-122
-114
-121
-116
-117
-117
-113
-111
-105
-105
-95
-95
-90
-73
-65
-53
-43
-32
-27
-17
-6
2
8
14
25
31
43
51
52
62
63
66
72
73
74
72
79
76
73
77
68
70
70
66
70
63
61
56
55
60
55
56
52
48
51
51
52
50
55
54
49
59
58
64
65
68
68
62
76
72
77
78
76
75
74
82
80
84
78
68
65
60
61
52
48
40
26
20
14
-3
-14
-26
-37
-53
-63
-73
-90
-98
-108
-116
-130
-138
-148
-158
-154
-163
-168
-167
-171
-169
-169
-164
-168
-164
-157
-148
-138
-129
-121
-112
-100
-83
-66
-54
-44
-34
-18
-6
6
18
33
42
53
64
71
78
89
96
97
102
107
108
109
114
114
109
109
106
101
104
100
93
91
89
83
78
79
71
66
65
58
56
54
49
49
44
45
42
39
40
36
40
38
39
37
37
37
35
34
35
32
25
22
18
12
10
14
9
2
-2
-12
-21
-25
-33
-43
-51
-58
-69
-79
-83
-98
-106
-112
-121
-128
-136
-137
-144
-149
-152
-157
-156
-158
-157
-156
-152
-148
-145
-136
-130
-120
-110
-98
-84
-70
-59
-43
-33
-13
-4
11
30
39
56
65
80
90
96
108
118
119
130
133
137
142
143
143
140
140
135
132
132
123
115
110
102
95
89
77
67
60
54
48
40
35
27
20
18
10
5
4
-1
-4
-4
-5
-3
-1
-1
-2
2
5
6
6
8
8
10
8
10
12
9
10
5
4
2
1
1
-3
-5
-12
-12
-22
-27
-31
-41
-43
-52
-56
-64
-69
-72
-76
-88
-90
-96
-99
-101
-106
-111
-116
-117
-122
-120
-122
-117
-112
-111
-106
-99
-95
-87
-81
-76
-67
-57
-47
-36
-28
-12
-3
9
19
30
41
50
61
70
79
86
92
96
103
105
110
111
114
116
112
111
108
105
103
96
93
87
83
79
69
64
60
52
49
42
35
28
23
18
12
10
9
4
3
0
-1
0
-9
-6
-4
-1
-2
-6
-1
-4
0
0
-3
-1
-2
-4
-6
-9
-13
-15
-15
-20
-25
-27
-30
-33
-34
-42
-49
-52
-55
-62
-67
-71
-77
-79
-83
-83
-86
-87
-88
-94
-93
-95
-91
-91
-90
-86
-83
-78
-74
-70
-65
-57
-49
-44
-37
-30
-20
-16
-8
-1
8
16
22
29
39
42
49
56
60
64
68
74
73
75
78
80
82
81
79
74
78
80
74
76
72
68
66
64
59
57
55
48
45
42
37
30
27
25
19
16
13
10
5
3
-1
-2
-2
-7
-9
-10
-12
-18
-19
-21
-24
-27
-30
-32
-34
-35
-38
-40
-43
-43
-43
-43
-46
-45
-48
-45
-48
-52
-47
-49
-47
-47
-46
-45
-45
-42
-38
-38
-34
-32
-30
-27
-25
-20
-20
-17
-17
-13
-10
-6
-6
-3
0
0
4
8
14
14
15
16
17
21
21
24
24
26
28
28
31
31
30
31
31
32
31
30
29
29
30
30
30
29
27
28
29
27
27
26
25
25
23
20
20
19
14
14
11
8
5
1
3
3
0
-1
-3
-4
-8
-7
-6
-12
-9
-12
-14
-17
-19
-21
-23
-23
-26
-27
-26
-24
-25
-27
-27
-29
-29
-25
-26
-26
-25
-25
-26
-24
-24
-26
-25
-25
-20
-22
-18
-18
-16
-14
-16
-11
-7
-7
-6
0
2
1
5
7
9
14
17
20
20
23
23
27
27
31
31
32
34
31
33
33
31
30
30
28
26
25
24
24
23
23
20
17
20
15
13
10
6
7
4
0
-1
-5
-6
-5
-8
-9
-12
-14
-13
-16
-15
-15
-18
-17
-21
-21
-21
-21
-21
-21
-20
-18
-19
-19
-20
-20
-18
-21
-18
-21
-18
-18
-17
-19
-19
-18
-21
-19
-14
-13
-13
-9
-9
-10
-7
-4
-6
-4
-1
0
1
0
0
2
4
5
7
8
8
11
9
11
15
16
15
15
19
19
22
21
22
23
23
27
25
25
28
25
25
23
24
22
22
24
20
19
20
17
16
14
12
12
8
7
3
2
0
-6
-6
-10
-12
-13
-17
-17
-19
-18
-24
-25
-26
-27
-26
-26
-26
-28
-28
-28
-28
-27
-27
-25
-25
-21
-19
-19
-16
-15
-13
-11
-8
-8
-5
-2
-1
1
3
5
10
12
15
15
16
18
16
18
18
20
19
19
18
19
20
20
21
21
21
20
19
20
16
17
18
15
17
17
14
16
17
16
16
17
16
17
19
18
17
18
19
19
19
19
18
18
18
15
13
16
12
12
13
9
9
7
4
3
3
-2
-4
-5
-8
-10
-14
-16
-19
-22
-21
-24
-25
-25
-28
-29
-30
-31
-33
-32
-32
-34
-32
-33
-32
-31
-29
-29
-28
-28
-27
-25
-23
-21
-20
-17
-17
-16
-12
-10
-9
-7
-5
-4
-1
-2
0
4
3
6
7
11
10
9
8
8
10
12
13
11
10
12
11
12
15
13
13
13
12
11
10
11
9
10
10
9
10
9
8
9
8
6
7
5
5
6
5
4
4
5
3
4
5
5
6
5
4
2
4
3
2
2
1
2
3
3
1
3
2
1
0
0
0
-2
-2
-4
-4
-5
-8
-8
-10
-9
-8
-10
-10
-13
-10
-11
-11
-10
-11
-12
-13
-13
-13
-11
-11
-12
-12
-10
-8
-7
-5
-5
-4
-2
1
2
3
6
4
8
10
12
11
12
16
15
16
19
18
19
19
19
20
20
19
19
17
17
18
17
17
12
12
11
9
9
7
6
6
6
3
3
2
1
1
1
0
0
-1
0
-1
-2
-2
-1
-2
-2
-1
-1
-1
-1
-2
-2
-2
-2
-2
-2
0
0
1
0
0
2
0
1
0
0
-1
-2
-3
-3
-6
-5
-5
-5
-7
-6
-7
-6
-5
-8
-6
-7
-8
-8
-10
-12
-11
-11
-10
-10
-10
-9
-8
-8
-7
-7
-7
-6
-5
-3
-2
-2
0
0
0
1
2
0
1
2
4
7
6
8
9
8
8
9
6
4
4
4
4
0
0
0
1
0
-2
-1
-3
-2
-3
-4
-4
-6
-8
-9
-10
-11
-13
-12
-12
-12
-11
-11
-12
-13
-12
-12
-11
-10
-11
-9
-9
-9
-8
-7
-5
-2
-5
-3
-1
0
0
0
2
1
4
4
6
4
7
7
6
7
8
6
6
5
3
6
7
7
7
7
5
7
8
5
6
6
7
6
4
6
3
5
4
4
5
4
3
6
6
5
5
5
6
7
8
8
9
9
9
11
13
10
12
12
12
10
12
11
8
9
6
6
5
6
3
5
6
2
1
3
2
1
0
1
-2
-2
-1
-4
-5
-5
-6
-5
-4
-5
-6
-6
-3
-5
-3
-3
-5
-3
-2
-3
-2
-1
-2
-1
0
0
0
0
-1
1
0
3
3
3
5
4
3
3
2
2
4
3
1
1
1
0
0
0
1
1
0
0
0
0
0
-2
-1
-3
-4
-6
-6
-7
-7
-8
-8
-8
-8
-7
-6
-8
-8
-5
-5
-6
-6
-7
-7
-6
-7
-6
-6
-5
-3
-2
-1
-1
-2
-1
1
-1
2
0
1
1
0
2
2
2
0
0
1
1
1
1
1
2
2
1
0
1
-3
-3
-2
-4
-4
-4
-5
-5
-2
-4
-2
-4
-2
-2
-4
-2
-4
-4
-4
-1
-3
-3
-2
-4
-2
-2
1
1
1
2
1
2
1
2
1
2
1
0
1
1
-1
0
-1
-2
0
0
1
3
1
1
0
0
-2
-2
-3
-4
-3
-4
-4
-5
-4
-4
-4
-3
-4
-4
-3
-3
-5
-6
-4
-4
-4
-5
-3
-4
0
0
1
2
2
3
3
4
3
4
5
3
4
5
4
3
5
5
4
3
5
6
6
5
7
6
5
5
4
5
3
3
3
0
1
2
3
2
3
3
3
3
3
4
3
2
2
3
2
3
3
2
3
3
4
4
5
5
5
5
5
4
4
6
2
2
1
1
1
0
1
-1
1
1
0
-1
-1
-1
-1
-1
-4
-3
-3
-5
-4
-6
-7
-8
-7
-7
-8
-7
-7
-8
-5
-6
-6
-7
-6
-6
-5
-6
-6
-3
-6
-4
-3
-3
-3
-3
-4
-3
-2
-2
-2
-3
-2
-2
0
-1
-1
0
0
0
1
3
2
3
1
2
3
2
2
4
3
2
2
0
1
2
1
1
1
0
2
1
3
3
3
3
3
3
4
3
2
1
0
0
0
2
3
2
3
2
1
0
1
0
1
0
0
-1
-2
-2
-2
-2
-2
-1
-1
-2
-2
-2
-3
-3
-4
-4
-5
-3
-4
-5
-5
-4
-6
-6
-5
-4
-4
-4
-4
-5
-5
-4
-2
-4
-1
-2
-2
-3
-2
-1
-1
-1
-1
-2
0
-1
-1
-1
-1
1
0
-1
0
1
0
0
1
0
2
2
2
2
2
2
1
3
4
4
2
4
5
3
5
4
5
5
5
6
6
6
7
7
6
5
5
6
6
7
6
6
6
5
5
5
5
6
5
5
4
4
3
1
1
1
0
1
2
1
0
1
1
1
2
2
1
1
2
1
1
3
1
1
2
2
2
3
1
0
1
0
0
1
1
-1
-1
-1
-1
-1
-2
-2
-2
-1
-1
-1
-1
-2
-2
-1
-2
-2
-2
-1
-1
0
-1
0
0
0
0
-2
1
1
0
1
1
2
1
0
1
0
1
1
1
1
3
1
0
1
0
2
1
2
1
0
1
1
1
1
-1
0
-1
-1
0
-1
-2
-3
-3
-2
-2
-2
-2
-2
-2
-3
-3
-2
-3
-4
-5
-6
-6
-6
-6
-6
-7
-5
-6
-5
-5
-6
-6
-6
-6
-6
-5
-5
-4
-4
-4
-6
-4
-4
-5
-5
-6
-6
-5
-4
-5
-6
-6
-5
-5
-4
-3
-3
-3
-4
-2
-2
-3
0
-1
0
1
0
0
1
2
2
2
2
2
2
4
3
4
5
4
5
5
5
5
4
5
5
5
5
4
4
4
4
4
4
3
3
3
3
4
2
4
4
3
3
3
2
3
4
4
3
4
4
4
2
3
3
3
1
1
3
3
3
2
2
1
2
0
2
1
1
1
0
2
2
0
1
1
2
1
0
0
0
0
0
-1
0
-3
-1
-2
-2
-2
-2
0
-1
-1
-1
-3
-1
-2
-2
-1
-1
-1
-2
0
-1
-1
1
1
0
0
-1
1
0
0
0
0
2
0
1
1
0
1
2
0
0
1
1
1
2
1
1
2
2
3
1
1
1
0
0
0
0
-1
0
1
1
0
0
0
0
1
0
0
-1
-1
0
-2
-2
-1
-1
-1
-1
-1
-2
-1
-1
-2
-1
-2
-1
-1
-3
-2
-2
-1
-2
-2
-2
-2
-3
-3
-3
-4
-5
-2
-2
-3
-3
-3
-4
-3
-4
-5
-6
-3
-3
-2
-3
-3
-3
-2
-1
-1
-1
-1
-1
-1
0
1
1
0
0
1
1
1
1
1
1
2
2
2
0
1
1
1
2
0
2
2
0
2
1
2
1
0
1
1
0
0
0
0
2
0
2
2
2
3
4
3
3
2
4
3
3
2
2
5
2
3
2
3
4
4
5
5
5
4
4
4
4
4
3
3
2
3
2
3
3
3
4
3
0
0
1
1
1
1
1
0
0
0
0
-1
0
-1
0
-1
1
1
0
-1
-2
-1
-1
-3
-1
-1
0
-1
-1
-2
-1
-1
-1
0
1
0
1
1
1
1
1
0
0
1
1
2
2
1
1
2
2
3
3
2
3
3
4
2
4
3
2
2
3
3
3
2
2
1
1
2
0
1
0
-1
0
-2
0
-1
0
-1
-1
-1
-2
0
-1
-3
-3
-3
-3
-3
-2
-3
-3
-2
-4
-3
-2
-4
-4
-1
-3
-1
-3
-3
0
-2
0
-2
-1
0
-3
-2
-2
-2
-1
-1
-1
-1
0
1
1
2
0
1
0
-1
-2
-1
0
-2
-2
-1
-1
-3
-3
-3
-2
-2
-4
-1
-1
-2
-2
-2
-2
-2
-2
-2
-1
-3
-3
-3
-4
-3
-3
-3
-2
-1
-2
-1
-3
-1
-2
-3
-4
-4
-1
-2
-1
-2
-2
-2
-2
-2
-1
-1
-2
-3
-1
-2
-3
-2
-2
-3
-3
-2
-2
-2
-2
0
0
0
0
-1
0
0
1
2
2
3
3
3
6
3
3
3
3
3
3
2
1
3
3
4
5
3
4
5
4
3
3
2
3
2
3
2
0
1
0
2
0
0
0
0
1
2
4
2
3
1
1
1
-1
1
0
0
0
-1
-1
-1
0
-1
-2
-1
-2
0
-2
-1
0
-1
-1
-1
-3
-1
-2
-2
-1
-4
-4
-3
-3
-1
0
0
-2
-1
0
-2
1
0
-1
1
0
0
1
1
1
1
1
2
2
3
1
3
2
3
3
2
2
3
3
4
4
4
4
3
3
4
4
4
4
2
1
0
2
1
1
0
1
1
0
0
-1
-1
-1
-2
-1
-2
-1
0
-1
-2
-4
-4
-5
-2
-2
-4
-1
-2
-1
-1
-4
-4
-5
-4
-4
-3
-2
-2
-2
-1
-1
0
0
-1
-3
-2
-4
-5
-3
-4
-5
-4
-4
-4
-4
-6
-5
-6
-6
-3
-4
-4
-6
-4
-5
-5
-4
-7
-4
-3
-4
-3
-2
-1
-3
-2
-3
-3
-3
-3
-1
-1
-3
-1
0
0
-1
-1
1
1
2
1
1
3
0
3
1
3
4
4
4
2
2
2
0
1
3
3
5
3
5
5
3
3
3
4
2
3
3
1
5
4
1
3
3
2
1
2
1
-1
-1
0
0
-2
-1
-1
0
1
1
4
2
3
3
3
2
0
3
-1
3
1
0
2
1
3
4
3
1
4
3
0
3
0
2
-1
0
1
-1
0
-1
2
1
0
2
0
2
0
1
1
1
-1
2
2
2
4
3
5
3
4
2
2
3
1
-1
1
1
1
0
3
3
6
4
3
1
0
-1
-1
0
-1
-1
-1
2
1
1
3
-1
1
2
1
0
-1
1
0
1
-1
-2
-1
0
4
1
2
0
2
0
-1
0
0
2
2
2
3
2
1
2
0
2
-1
-1
-2
-2
0
-2
-1
-1
-3
-4
-7
-8
-8
-6
-4
-7
-4
-5
-6
-6
-8
-5
-8
-9
-6
-5
-2
0
0
0
-3
-6
-6
-8
-7
-4
-2
1
1
2
1
0
-1
-3
-1
-3
-1
0
1
3
3
4
2
-1
3
5
4
4
-2
2
3
0
1
5
4
3
1
-2
-4
-2
-2
-3
-1
4
-2
-1
-3
-5
-2
-7
-3
-5
-4
-4
-2
-4
-3
-5
-6
-2
-8
-4
-5
-6
-5
-6
-2
-5
-5
-5
-7
-4
-4
-6
-2
-6
-4
-3
-4
-1
-3
-1
-1
-3
0
-10
-6
-4
-5
-2
-6
-3
-3
-4
-2
0
-3
-1
0
-3
0
1
3
4
6
5
0
2
0
3
-3
-2
-2
-3
-2
-4
-3
-1
3
-2
3
5
-1
-3
-5
0
3
5
0
5
6
6
8
2
8
6
7
8
6
6
5
6
4
8
7
9
6
4
7
2
1
4
4
2
4
-1
5
4
7
9
11
11
6
11
6
6
7
9
10
11
9
8
12
7
7
3
6
6
6
3
3
6
4
6
2
3
2
2
6
8
7
10
8
1
6
4
2
2
2
1
3
4
-2
0
1
0
-2
-5
-5
-7
-5
-11
-6
-1
-4
-2
-1
5
-2
-3
2
-3
1
1
-4
-1
2
-4
1
1
-6
-2
-4
-3
-1
-6
-3
-5
-3
-2
-7
-1
-2
2
1
-4
1
1
0
-1
3
-1
-2
-1
-6
0
-5
-5
-4
-4
-5
-7
-4
-6
-5
-8
-8
-11
-10
-7
-11
-7
-8
-6
-8
-8
-12
-5
-10
-3
-9
-10
-2
-5
4
-6
-5
-4
1
-8
-5
-4
-10
-3
-14
-4
-4
-2
0
0
2
0
2
-3
-2
-2
-5
-6
0
-6
-1
1
-5
-1
-6
-5
-6
-10
-4
-4
-4
0
-10
-1
-4
-5
4
-5
4
10
7
11
6
9
4
8
2
10
7
12
16
0
10
4
7
8
