1.000000e-030   6.011798e-234   1.000000e-030   2.222222e-001   1.000000e-030   1.000000e-030   1.000000e-030   1.000000e-030   1.000000e-030   1.000000e-030   1.000000e-030   1.000000e-030   5.177279e-244   2.222222e-001   1.000000e-030   1.000000e-030   1.000000e-030   3.333333e-001   1.000000e-030   1.000000e-030   1.000000e-030   1.111111e-001   1.000000e-030   1.000000e-030   1.000000e-030   1.000000e-030   1.000000e-030   1.000000e-030   1.000000e-030   1.111111e-001   1.000000e-030   1.000000e-030   

1.000000e-030   3.333333e-001   1.000000e-030   1.384719e-259   1.000000e-030   1.000000e-030   1.000000e-030   3.333333e-001   1.000000e-030   1.000000e-030   1.000000e-030   1.000000e-030   3.333333e-001   2.735247e-260   1.000000e-030   3.459671e-240   1.000000e-030   1.674385e-130   1.000000e-030   1.000000e-030   1.000000e-030   3.643318e-227   1.000000e-030   1.000000e-030   1.000000e-030   1.000000e-030   1.000000e-030   1.000000e-030   1.000000e-030   1.000000e-030   1.000000e-030   2.828448e-221   

1.000000e-030   1.000000e-030   9.887567e-235   3.760757e-291   1.000000e-030   2.788112e-236   1.000000e-030   3.512721e-235   1.000000e-030   1.000000e-030   1.000000e-030   1.000000e-030   1.000000e-030   1.978170e-290   1.428571e-001   4.285714e-001   1.000000e-030   1.467389e-292   1.000000e-030   1.000000e-030   1.000000e-030   1.561422e-227   1.000000e-030   1.000000e-030   1.000000e-030   1.000000e-030   1.000000e-030   1.000000e-030   1.000000e-030   1.000000e-030   1.000000e-030   4.285714e-001   

1.000000e-030   2.148874e-231   1.261380e-001   2.401159e-321   1.000000e-030   3.784139e-001   1.000000e-030   3.784139e-001   1.000000e-030   1.000000e-030   1.000000e-030   1.000000e-030   1.170343e-001   4.841843e-322   6.574178e-048   1.000000e-030   1.000000e-030   9.584483e-229   1.000000e-030   1.000000e-030   1.000000e-030   1.391628e-227   1.000000e-030   1.000000e-030   1.000000e-030   1.000000e-030   1.000000e-030   1.000000e-030   1.000000e-030   1.090547e-229   1.000000e-030   5.294270e-285   

1.000000e-030   1.102272e-001   3.101764e-234   1.000000e-030   1.000000e-030   3.362307e-273   1.000000e-030   6.769720e-265   1.000000e-030   1.000000e-030   1.000000e-030   1.000000e-030   7.955374e-003   1.000000e-030   1.000000e-030   1.000000e-030   1.000000e-030   1.102272e-001   1.000000e-030   1.000000e-030   1.000000e-030   5.511359e-001   1.000000e-030   1.000000e-030   1.000000e-030   1.000000e-030   1.000000e-030   1.000000e-030   1.000000e-030   2.204544e-001   1.000000e-030   1.000000e-030   

