2.363288e+062 -3.840376e+058 -1.009757e+059 -1.790485e+059 -2.620194e+059 -3.374883e+059 -3.931378e+059 -4.181371e+059 -4.041029e+059 -3.465960e+059 -2.453425e+059 1.323770e+056 
2.363290e+062 -3.820773e+058 -1.003513e+059 -1.780689e+059 -2.604107e+059 -3.354383e+059 -3.907034e+059 -4.155407e+059 -4.015968e+059 -3.443080e+059 -2.437520e+059 1.307716e+056 
2.363290e+062 -3.807944e+058 -9.997597e+058 -1.773887e+059 -2.595892e+059 -3.341643e+059 -3.895149e+059 -4.141849e+059 -4.004176e+059 -3.433630e+059 -2.430958e+059 1.299155e+056 
2.363289e+062 -3.826683e+058 -1.004835e+059 -1.782917e+059 -2.607084e+059 -3.359468e+059 -3.914213e+059 -4.161606e+059 -4.023382e+059 -3.450021e+059 -2.442506e+059 1.311851e+056 
2.363291e+062 -3.800573e+058 -9.987427e+058 -1.771035e+059 -2.590499e+059 -3.337468e+059 -3.887792e+059 -4.134975e+059 -3.996835e+059 -3.427944e+059 -2.427196e+059 1.294863e+056 
2.363290e+062 -3.828087e+058 -1.004870e+059 -1.783040e+059 -2.609190e+059 -3.360498e+059 -3.914131e+059 -4.163829e+059 -4.023772e+059 -3.451755e+059 -2.443620e+059 1.312668e+056 
2.363290e+062 -3.819068e+058 -1.002950e+059 -1.779383e+059 -2.602617e+059 -3.352788e+059 -3.906171e+059 -4.154345e+059 -4.015388e+059 -3.444155e+059 -2.438148e+059 1.306906e+056 
2.363290e+062 -3.818356e+058 -1.003857e+059 -1.780757e+059 -2.606584e+059 -3.355936e+059 -3.911427e+059 -4.160077e+059 -4.020810e+059 -3.448139e+059 -2.440743e+059 1.309743e+056 
2.363290e+062 -3.811824e+058 -1.001813e+059 -1.777346e+059 -2.601248e+059 -3.349800e+059 -3.903623e+059 -4.151263e+059 -4.010996e+059 -3.441475e+059 -2.436027e+059 1.304485e+056 
2.363292e+062 -3.834578e+058 -1.007230e+059 -1.786734e+059 -2.612888e+059 -3.365707e+059 -3.920222e+059 -4.170872e+059 -4.032824e+059 -3.458211e+059 -2.448490e+059 1.317447e+056 
2.363255e+062 -5.108998e+058 -1.338353e+059 -2.366797e+059 -3.454877e+059 -4.437777e+059 -5.158592e+059 -5.470125e+059 -5.271186e+059 -4.504711e+059 -3.176059e+059 2.282588e+056 
2.361211e+062 -5.957362e+059 -1.349297e+060 -2.006694e+060 -2.428947e+060 -2.613252e+060 -2.643796e+060 -2.601415e+060 -2.495159e+060 -2.240854e+060 -1.702650e+060 9.359433e+057 
2.306919e+062 -8.917251e+060 -1.419019e+061 -1.333908e+061 -4.985840e+060 8.741532e+060 1.949205e+061 2.146876e+061 1.655471e+061 8.522418e+060 9.092488e+059 -1.886839e+059 
2.227399e+062 -2.676858e+061 -4.252455e+061 -3.150973e+061 1.054160e+060 3.755204e+061 5.903372e+061 5.617420e+061 3.457861e+061 9.487001e+060 -4.968239e+060 -1.515644e+059 
2.203216e+062 -3.053251e+061 -4.634596e+061 -3.074373e+061 7.073546e+060 4.574331e+061 6.527892e+061 5.784739e+061 3.183256e+061 4.985173e+060 -8.249669e+060 5.465806e+059 
2.203520e+062 -3.012292e+061 -4.413264e+061 -2.421130e+061 1.883928e+061 5.891671e+061 7.228396e+061 5.399789e+061 2.034992e+061 -5.928546e+060 -1.286922e+061 2.074843e+060 
2.211991e+062 -2.542175e+061 -3.226664e+061 -8.110367e+060 3.014850e+061 5.878563e+061 5.972939e+061 3.555397e+061 4.825847e+060 -1.429104e+061 -1.444952e+061 2.388732e+060 
2.272229e+062 -1.080898e+061 -9.585924e+060 2.895248e+060 1.250635e+061 1.645674e+061 1.115673e+061 1.911234e+060 -3.625412e+060 -4.271194e+060 -9.758822e+059 1.046544e+059 
2.292726e+062 -5.182324e+060 -5.126623e+059 7.614358e+060 6.561657e+060 1.762007e+060 -4.455403e+060 -7.252962e+060 -2.487710e+060 2.122201e+060 2.832759e+060 -5.290347e+058 
2.325861e+062 -1.954532e+060 -7.209800e+059 2.445275e+060 -9.829000e+059 -2.469231e+060 -7.064330e+060 -1.145553e+061 -7.921473e+060 -3.652683e+060 3.910586e+059 3.189346e+056 
2.331823e+062 -1.090673e+060 7.035585e+059 1.393882e+060 -4.023752e+059 3.848626e+059 -1.311844e+060 -6.178952e+060 -5.855132e+060 -1.783943e+060 6.087941e+059 -4.721747e+057 
2.344149e+062 -8.891246e+059 -2.630754e+059 -9.009949e+059 -2.941924e+060 -3.757275e+060 -5.692160e+060 -8.841629e+060 -8.330979e+060 -4.621967e+060 -1.902312e+060 1.964454e+058 
2.351580e+062 -4.088166e+059 -8.817637e+059 -2.430816e+060 -5.656174e+060 -6.429241e+060 -7.000688e+060 -8.647100e+060 -7.584078e+060 -5.560447e+060 -3.453771e+060 3.817124e+058 
2.362157e+062 -1.023542e+059 -3.634991e+059 -6.556451e+059 -8.977025e+059 -1.176453e+060 -1.446816e+060 -1.484114e+060 -1.359413e+060 -1.179601e+060 -7.845200e+059 1.576219e+057 
2.362555e+062 -2.341209e+059 -6.012291e+059 -1.051283e+060 -1.524165e+060 -1.934985e+060 -2.212098e+060 -2.299567e+060 -2.161902e+060 -1.800840e+060 -1.236722e+060 4.187169e+057 
2.362979e+062 -1.219433e+059 -3.175347e+059 -5.601454e+059 -8.129322e+059 -1.032046e+060 -1.186250e+060 -1.246327e+060 -1.187402e+060 -1.000144e+060 -6.941345e+059 1.214098e+057 
2.363256e+062 -4.444362e+058 -1.164869e+059 -2.066088e+059 -3.016462e+059 -3.873610e+059 -4.500842e+059 -4.773554e+059 -4.599380e+059 -3.930386e+059 -2.774171e+059 1.737132e+056 
2.363290e+062 -3.856091e+058 -1.012775e+059 -1.794090e+059 -2.624309e+059 -3.375945e+059 -3.928203e+059 -4.175808e+059 -4.037432e+059 -3.460590e+059 -2.450366e+059 1.324830e+056 
2.363289e+062 -3.835021e+058 -1.007084e+059 -1.785847e+059 -2.613985e+059 -3.364258e+059 -3.917776e+059 -4.166080e+059 -4.025392e+059 -3.450977e+059 -2.442171e+059 1.315280e+056 
2.363289e+062 -3.837472e+058 -1.006137e+059 -1.784519e+059 -2.608849e+059 -3.358124e+059 -3.911360e+059 -4.158208e+059 -4.019514e+059 -3.446984e+059 -2.440451e+059 1.311865e+056 
2.363290e+062 -3.831132e+058 -1.004235e+059 -1.781980e+059 -2.606880e+059 -3.356611e+059 -3.909756e+059 -4.158271e+059 -4.019673e+059 -3.446941e+059 -2.441044e+059 1.310290e+056 
2.363290e+062 -3.836040e+058 -1.006646e+059 -1.784641e+059 -2.609580e+059 -3.358938e+059 -3.912916e+059 -4.160326e+059 -4.020641e+059 -3.447548e+059 -2.440440e+059 1.312500e+056 
2.363289e+062 -3.848178e+058 -1.009633e+059 -1.790279e+059 -2.617063e+059 -3.369272e+059 -3.924207e+059 -4.172491e+059 -4.033037e+059 -3.459576e+059 -2.450146e+059 1.320684e+056 
2.363290e+062 -3.827398e+058 -1.003915e+059 -1.781230e+059 -2.605671e+059 -3.355191e+059 -3.907765e+059 -4.156482e+059 -4.017284e+059 -3.445441e+059 -2.438954e+059 1.308943e+056 
2.363290e+062 -3.824501e+058 -1.005181e+059 -1.781090e+059 -2.606292e+059 -3.354379e+059 -3.908349e+059 -4.155822e+059 -4.015760e+059 -3.443178e+059 -2.436951e+059 1.308679e+056 
2.363290e+062 -3.833446e+058 -1.006364e+059 -1.783963e+059 -2.608205e+059 -3.357922e+059 -3.910517e+059 -4.158959e+059 -4.019990e+059 -3.446549e+059 -2.440461e+059 1.311544e+056 
