1126
1096
1194
1305
1353
1283
1216
1081
783
658
670
443
300
244
28
-126
-102
-74
-183
-205
-171
-255
-228
-114
-73
-103
-113
-97
-129
-91
-33
-71
-134
-163
-201
-211
-166
-190
-215
-226
-212
-167
-58
79
155
213
377
621
625
897
936
783
935
839
949
755
712
578
67
131
-75
-224
-257
-431
-581
-772
-698
-635
-681
-550
-521
-692
-561
-557
-553
-478
-621
-620
-787
-779
-757
-880
-840
-977
-997
-952
-937
-805
-791
-833
-809
-787
-720
-594
-472
-406
-386
-249
-157
-129
26
118
151
346
707
936
1136
1343
1318
1270
1395
1596
1607
1616
1592
1273
1011
911
800
565
437
327
38
-50
-26
-104
-240
-304
-313
-393
-267
-57
-42
-60
-70
-131
-178
-126
-26
-62
-165
-186
-313
-417
-393
-421
-390
-418
-357
-273
-304
-110
30
206
443
727
880
911
1044
1009
1054
1018
1078
932
710
710
393
257
96
-98
-286
-472
-411
-502
-516
-479
-590
-692
-641
-592
-534
-447
-492
-557
-716
-714
-720
-753
-680
-767
-820
-841
-839
-820
-810
-821
-867
-901
-827
-752
-724
-624
-666
-671
-586
-475
-266
-151
36
126
250
598
784
1091
1294
1318
1442
1466
1552
1572
1468
1385
1113
898
826
598
452
290
21
-142
-272
-290
-302
-380
-339
-413
-428
-302
-234
-107
-71
-21
10
-10
37
35
7
-78
-131
-213
-289
-301
-314
-300
-360
-344
-302
-299
-151
63
248
499
657
782
879
942
1163
1147
1172
1125
931
839
622
532
307
60
-113
-366
-486
-557
-652
-751
-853
-928
-916
-927
-843
-832
-927
-915
-1011
-990
-968
-954
-935
-997
-912
-939
-924
-869
-911
-905
-908
-846
-825
-819
-730
-753
-739
-611
-542
-399
-220
-9
318
535
806
1093
1162
1361
1538
1679
1835
1772
1783
1567
1293
1288
1088
902
771
561
349
147
107
33
-148
-150
-162
-241
-115
-14
16
34
43
123
115
192
293
190
140
100
-24
-61
-109
-195
-273
-352
-370
-385
-366
-262
-205
-95
153
246
380
562
628
798
882
985
962
817
816
600
495
447
256
119
-78
-227
-362
-490
-528
-627
-711
-704
-760
-741
-746
-818
-832
-920
-912
-935
-942
-936
-1034
-1013
-1036
-1033
-975
-928
-897
-900
-845
-829
-782
-731
-627
-563
-524
-405
-370
-268
-151
65
354
509
764
967
1012
1153
1306
1434
1505
1528
1576
1387
1217
1216
1003
815
753
617
453
312
296
175
-16
48
20
-68
31
76
42
1
48
76
18
106
174
68
57
52
-65
-93
-135
-165
-209
-254
-215
-258
-230
-161
-133
7
147
237
361
447
502
541
574
575
530
520
464
329
205
104
-56
-164
-220
-309
-385
-460
-507
-568
-589
-562
-594
-631
-670
-715
-750
-767
-794
-829
-872
-911
-916
-910
-902
-937
-908
-927
-912
-825
-790
-713
-742
-643
-593
-583
-390
-317
-208
-74
122
366
507
752
966
1010
1112
1243
1261
1295
1303
1295
1152
965
946
744
573
509
400
271
140
164
84
-19
26
35
-32
10
133
129
157
230
248
160
139
209
102
58
85
-37
-141
-189
-258
-314
-362
-292
-251
-228
-20
61
209
328
392
578
607
725
768
710
664
535
466
305
143
64
-124
-285
-355
-476
-581
-666
-695
-718
-754
-662
-685
-735
-739
-800
-803
-798
-749
-731
-760
-753
-791
-816
-777
-798
-757
-724
-753
-683
-721
-697
-687
-680
-557
-536
-382
-276
-194
-34
105
309
471
678
874
1028
1194
1272
1300
1287
1247
1209
1167
1108
1001
835
643
432
265
178
95
30
-21
-99
-141
-197
-176
-137
-124
3
52
117
191
200
218
203
219
216
174
145
103
-45
-96
-174
-289
-268
-280
-169
-175
12
135
80
295
321
469
568
698
740
563
628
484
345
305
195
30
-136
-235
-369
-527
-611
-689
-876
-865
-924
-983
-968
-1070
-1028
-1064
-1006
-904
-872
-773
-775
-710
-622
-578
-486
-421
-437
-399
-396
-408
-384
-427
-359
-369
-325
-210
-207
-80
7
140
355
504
731
917
1056
1250
1340
1412
1459
1398
1423
1363
1281
1248
1053
902
698
497
400
204
129
22
-111
-123
-204
-208
-231
-248
-198
-168
-78
-2
50
59
72
82
110
143
99
105
21
-37
-12
-8
25
-14
5
-32
-52
49
98
120
152
183
185
213
265
285
209
186
189
122
134
92
3
-106
-219
-272
-382
-459
-539
-667
-771
-859
-924
-1000
-1077
-1144
-1149
-1141
-1092
-968
-921
-858
-809
-746
-628
-553
-379
-302
-282
-203
-198
-152
-133
-77
-27
-34
48
113
176
304
394
488
600
706
862
977
1106
1193
1201
1235
1215
1193
1177
1121
1029
907
789
653
525
418
306
161
51
-37
-133
-182
-231
-260
-299
-307
-277
-250
-253
-214
-200
-192
-105
-78
62
40
65
97
-16
96
35
69
31
-51
21
-87
-38
-23
-83
-66
-78
-54
-2
-2
25
-15
-90
-19
-89
-93
-125
-251
-296
-431
-444
-507
-599
-637
-733
-794
-784
-786
-813
-796
-847
-819
-794
-729
-622
-645
-559
-544
-525
-407
-350
-275
-233
-232
-173
-145
-105
-2
-18
72
127
181
342
406
548
617
677
793
877
980
1037
1071
1097
1081
1071
1095
1048
1005
948
857
804
747
712
625
546
476
394
337
281
232
155
95
50
22
7
-15
-60
-102
-130
-143
-100
-107
-114
-137
-196
-212
-246
-249
-285
-341
-358
-396
-400
-375
-383
-379
-377
-381
-336
-309
-270
-259
-275
-281
-318
-310
-313
-357
-395
-437
-482
-520
-545
-553
-560
-570
-585
-589
-577
-556
-529
-510
-477
-463
-444
-399
-382
-348
-330
-307
-300
-277
-208
-189
-169
-146
-100
-73
-21
78
144
213
276
336
370
454
561
621
674
742
793
790
832
871
897
917
920
934
941
969
968
925
910
895
852
813
768
719
637
525
451
382
321
242
149
77
-11
-87
-160
-218
-272
-327
-377
-418
-431
-458
-489
-523
-532
-554
-559
-541
-547
-532
-554
-547
-535
-566
-552
-565
-550
-530
-560
-508
-464
-465
-462
-439
-359
-339
-346
-264
-232
-188
-186
-255
-172
-113
-101
-177
-139
16
-43
-155
-131
-12
-40
-140
-75
2
21
-25
3
78
73
133
131
221
299
334
400
352
435
462
432
449
455
498
471
436
449
427
393
388
380
385
389
399
424
376
376
397
386
394
360
379
356
313
282
222
215
166
104
57
-5
-24
-78
-148
-187
-214
-199
-287
-377
-317
-310
-399
-459
-387
-352
-462
-475
-408
-401
-468
-478
-466
-420
-413
-441
-446
-412
-342
-429
-418
-353
-329
-371
-409
-308
-285
-336
-312
-267
-234
-236
-178
-128
-103
-57
-29
34
4
121
115
147
135
180
148
250
212
123
236
120
496
-271
365
428
199
229
-46
827
29
225
277
394
443
79
384
279
399
271
130
292
270
307
-162
288
297
20
10
-137
400
-209
-47
11
73
91
-175
79
-8
53
-25
-28
26
1
-20
-44
-10
-25
-59
-101
-102
-84
-146
-122
-101
-126
-162
-181
-162
-196
-209
-209
-173
-198
-220
-189
-187
-187
-198
-184
-175
-149
-159
-157
-174
-172
-151
-206
-212
-210
-149
-171
-204
-167
-143
-130
-150
-99
-32
-6
-3
25
59
89
87
104
141
186
188
193
220
254
254
238
272
311
324
299
340
353
332
302
347
338
310
322
322
320
274
279
266
242
219
193
179
170
136
107
77
63
29
-20
-32
-21
-65
-97
-94
-106
-109
-138
-136
-137
-132
-132
-142
-123
-105
-99
-99
-91
-85
-82
-88
-76
-71
-99
-70
-89
-129
-125
-132
-137
-178
-162
-148
-174
-169
-187
-192
-173
-188
-171
-150
-139
-106
-149
-152
-132
-153
-148
-151
-149
-122
-150
-151
-133
-141
-115
-119
-91
-42
-34
-6
-2
12
45
36
69
88
121
144
140
157
175
191
183
201
208
255
259
240
271
283
282
255
263
280
291
236
234
258
229
200
155
175
159
117
108
96
81
59
3
8
-24
-22
-22
-88
-64
-78
-105
-122
-132
-111
-156
-165
-126
-160
-170
-143
-150
-176
-165
-140
-130
-150
-131
-126
-130
-134
-145
-159
-105
-129
-164
-161
-147
-139
-208
-185
-158
-163
-188
-169
-149
-144
-144
-141
-115
-114
-92
-91
-89
-34
-57
-51
-27
-6
6
-11
23
59
45
55
85
103
106
96
133
137
133
143
162
176
171
156
179
184
190
179
191
215
208
202
205
234
228
220
199
216
206
183
167
148
140
95
56
39
27
4
-32
-49
-41
-73
-78
-85
-95
-85
-114
-102
-122
-115
-110
-121
-123
-124
-121
-134
-139
-139
-134
-137
-135
-141
-133
-132
-122
-142
-123
-112
-102
-103
-99
-73
-74
-88
-78
-72
-75
-60
-78
-68
-80
-79
-98
-111
-97
-96
-112
-114
-104
-96
-106
-102
-78
-79
-63
-56
-35
-30
-8
1
3
17
31
48
33
73
83
70
82
85
104
92
103
133
115
125
128
141
149
156
175
181
196
200
197
209
231
213
199
209
203
180
152
149
141
95
79
64
52
40
14
-4
-14
-14
-32
-54
-45
-41
-60
-81
-71
-63
-69
-87
-84
-72
-83
-76
-71
-62
-58
-48
-62
-57
-44
-39
-49
-55
-38
-39
-55
-64
-49
-61
-72
-71
-68
-73
-71
-70
-88
-97
-88
-109
-125
-121
-115
-137
-149
-147
-155
-155
-158
-142
-144
-132
-121
-115
-100
-88
-57
-50
-20
-8
11
38
44
65
80
95
110
132
139
148
162
171
165
194
199
205
215
231
244
235
239
254
251
241
247
241
241
228
215
193
176
156
136
111
95
64
38
12
-13
-31
-59
-73
-85
-102
-116
-124
-126
-131
-142
-147
-152
-151
-160
-156
-157
-156
-159
-160
-155
-155
-154
-151
-145
-144
-138
-134
-129
-112
-120
-102
-95
-92
-80
-88
-69
-75
-76
-72
-76
-81
-87
-94
-98
-102
-107
-104
-114
-110
-104
-104
-91
-86
-69
-58
-48
-19
-6
12
24
41
56
68
79
94
107
112
127
128
139
152
151
162
165
180
186
183
199
199
203
200
205
210
211
206
207
204
195
192
178
177
168
151
138
124
111
93
65
49
29
8
-16
-34
-51
-72
-93
-111
-125
-134
-143
-156
-155
-167
-169
-177
-176
-174
-178
-169
-171
-166
-164
-164
-156
-152
-150
-141
-133
-125
-122
-115
-107
-90
-74
-67
-49
-31
-20
-15
-1
9
13
7
15
16
14
14
3
4
-5
-10
-16
-14
-7
-8
-10
4
14
19
24
40
61
71
72
84
100
101
103
107
114
110
107
107
110
103
102
95
94
95
90
90
94
104
102
100
110
110
110
111
118
119
112
116
107
108
98
91
87
75
69
52
48
30
21
9
-6
-10
-23
-35
-39
-46
-55
-61
-61
-62
-70
-71
-67
-67
-70
-65
-67
-72
-72
-73
-75
-74
-75
-74
-73
-71
-68
-66
-60
-49
-40
-34
-23
-14
-8
-2
5
10
10
19
19
22
23
19
20
14
11
8
4
-1
-4
-6
-11
-15
-15
-13
-19
-15
-11
-6
2
0
10
8
8
16
10
15
15
13
10
5
6
1
-3
-3
-5
-4
2
2
6
11
15
20
25
34
47
50
58
66
68
74
77
78
79
85
77
73
74
67
58
50
43
33
24
12
8
1
-9
-13
-20
-20
-19
-24
-25
-21
-23
-27
-29
-29
-33
-39
-41
-46
-48
-60
-63
-67
-72
-71
-73
-67
-67
-67
-64
-58
-54
-52
-42
-42
-40
-36
-31
-26
-28
-24
-26
-22
-24
-26
-27
-30
-30
-35
-39
-37
-40
-41
-44
-45
-45
-43
-43
-38
-31
-30
-25
-17
-10
-5
2
8
10
14
16
17
18
13
12
12
12
9
11
12
13
11
15
21
29
35
42
51
61
69
72
78
84
89
87
92
93
88
81
74
67
56
44
36
26
16
11
4
-3
-4
-10
-8
-5
-6
0
-1
3
2
0
-1
-8
-11
-19
-28
-35
-44
-51
-63
-71
-71
-80
-82
-83
-85
-83
-80
-78
-74
-73
-65
-64
-59
-50
-52
-48
-47
-47
-45
-44
-46
-45
-53
-54
-54
-57
-55
-59
-58
-58
-56
-54
-52
-47
-38
-32
-24
-16
-4
3
8
17
21
25
30
32
38
37
35
37
36
38
37
37
40
45
47
48
53
58
65
67
76
82
87
91
100
104
103
107
105
107
102
100
92
83
77
65
62
52
44
36
27
25
15
9
7
2
1
-3
-6
-8
-11
-17
-24
-29
-35
-41
-48
-56
-65
-76
-82
-91
-98
-102
-107
-108
-111
-112
-111
-108
-104
-100
-96
-89
-81
-74
-68
-61
-55
-50
-44
-39
-32
-30
-27
-23
-24
-20
-21
-18
-14
-12
-6
0
6
11
17
27
38
45
52
59
67
73
77
79
84
84
81
81
80
77
73
72
70
69
67
65
64
68
65
65
67
70
72
73
74
78
79
79
80
77
76
70
67
62
54
47
37
29
17
10
2
-7
-17
-24
-28
-36
-40
-46
-52
-54
-59
-63
-68
-70
-75
-82
-87
-92
-99
-106
-113
-118
-125
-127
-130
-135
-130
-130
-130
-125
-120
-110
-105
-96
-85
-77
-69
-61
-50
-44
-35
-24
-21
-11
-4
1
8
13
20
22
28
33
40
45
53
58
61
69
74
78
83
90
97
98
101
103
104
104
103
100
98
96
90
83
79
77
72
63
60
58
53
49
48
46
44
41
40
39
39
36
35
31
28
25
22
16
12
6
-2
-7
-13
-21
-29
-34
-43
-48
-55
-60
-66
-73
-75
-77
-83
-83
-84
-85
-86
-88
-89
-92
-91
-93
-96
-96
-98
-99
-100
-100
-98
-97
-97
-93
-90
-86
-80
-74
-69
-60
-54
-47
-42
-32
-24
-17
-9
-3
5
12
16
23
29
35
41
46
54
58
61
66
70
73
74
77
81
81
86
85
86
87
88
87
87
87
89
86
84
82
77
77
74
70
68
65
60
58
54
51
47
43
39
35
31
27
24
19
16
12
8
3
0
-5
-9
-13
-19
-24
-27
-32
-34
-37
-41
-44
-47
-50
-52
-55
-57
-56
-58
-62
-63
-64
-66
-65
-66
-66
-66
-65
-66
-66
-66
-64
-63
-63
-59
-59
-57
-53
-50
-44
-40
-33
-29
-23
-19
-14
-10
-5
-1
3
6
11
17
19
24
31
34
38
42
46
51
54
57
60
64
66
67
69
67
68
68
66
67
64
64
62
58
57
55
52
49
46
44
40
37
33
27
25
22
16
12
8
3
2
-4
-5
-8
-14
-14
-20
-23
-26
-29
-32
-37
-37
-41
-43
-46
-47
-48
-50
-53
-54
-55
-57
-56
-54
-55
-54
-52
-53
-53
-49
-48
-45
-43
-44
-42
-41
-38
-36
-35
-32
-32
-30
-29
-24
-22
-19
-15
-15
-8
-6
-2
3
7
12
14
18
19
26
28
28
34
34
38
39
42
45
44
47
47
49
49
51
51
52
53
50
50
49
48
45
44
43
41
39
36
32
31
26
24
21
18
14
10
7
3
-1
-3
-7
-10
-12
-15
-17
-19
-22
-23
-23
-23
-26
-26
-28
-28
-29
-30
-32
-30
-32
-32
-33
-34
-33
-33
-32
-32
-30
-28
-26
-26
-25
-23
-21
-19
-19
-15
-13
-12
-10
-8
-5
-4
-2
-2
1
3
4
5
6
7
8
9
11
12
13
15
14
17
16
19
18
20
21
20
23
22
24
24
23
23
22
21
21
19
19
20
18
18
16
15
16
14
11
11
10
10
10
8
6
5
3
0
0
0
-2
-5
-7
-8
-10
-11
-13
-15
-18
-17
-19
-22
-21
-21
-22
-24
-23
-23
-24
-22
-22
-22
-19
-19
-18
-15
-14
-12
-13
-12
-10
-10
-9
-8
-6
-4
-4
-1
-2
0
1
3
7
6
8
10
11
11
12
14
14
16
17
17
16
17
17
15
17
13
12
13
12
12
8
8
10
8
8
4
6
7
5
4
4
4
3
4
3
3
1
3
3
2
0
-1
-3
-4
-4
-7
-9
-10
-12
-11
-11
-15
-16
-15
-14
-14
-16
-17
-15
-15
-17
-19
-20
-22
-19
-20
-19
-22
-24
-18
-22
-22
-22
-20
-20
-24
-16
-15
-15
-15
-12
-6
-8
-4
1
2
3
7
11
12
14
14
18
17
18
24
22
24
26
27
32
31
30
28
33
39
35
34
34
35
36
33
32
27
24
30
31
22
15
16
19
17
9
4
6
9
4
2
-4
-4
-1
-5
-5
-10
-7
-7
-7
-10
-14
-8
-7
-4
-11
-10
-12
-13
-9
-12
-17
-23
-18
-14
-16
-21
-21
-17
-18
-22
-14
-16
-22
-22
-17
-12
-20
-19
-20
-21
-12
-10
-19
-26
-18
-9
-13
-18
-14
-12
-10
-7
-7
-9
-9
1
4
-1
3
5
8
2
6
11
11
10
14
18
12
25
31
24
19
16
35
37
30
29
21
32
42
41
26
17
32
38
31
19
11
18
22
22
9
1
9
7
6
-2
-6
-4
-9
-7
-14
-18
-12
-10
-11
-24
-25
-15
-18
-16
-27
-30
-20
-21
-17
-29
-31
-27
-28
-25
-21
-28
-30
-29
-25
-19
-38
16
-20
-55
-58
58
142
-126
-144
12
198
43
-217
-39
72
112
-67
-111
6
30
44
-70
-50
22
15
-22
-39
26
31
-29
-21
36
40
0
-14
24
32
10
15
20
26
16
22
27
14
27
40
33
7
15
45
44
22
5
39
47
23
22
30
43
9
14
50
45
11
-16
15
33
29
-2
-24
-36
50
106
-32
-67
-2
126
35
-87
6
18
31
-57
-45
-13
-48
-26
-73
-53
-42
-47
-64
-74
-27
-29
-69
-62
-18
-29
-66
-45
-4
-10
-66
-52
0
-8
-40
-51
-21
-19
-19
-12
-35
-34
-6
-12
-30
-15
-6
-3
-40
-14
34
2
-2
-53
24
78
-9
-9
-21
74
46
-15
33
18
58
18
24
37
25
67
47
14
-1
70
116
4
-24
43
115
58
-34
55
70
46
-13
32
63
10
35
-55
49
82
-33
-30
-24
112
-10
-89
20
52
32
-107
-27
93
43
-88
-67
64
95
-45
-130
53
72
9
-98
-65
118
-14
-71
-49
20
56
-91
-21
-19
-12
25
-84
10
-4
-33
-15
-40
63
-58
-90
56
10
-22
-71
5
30
-51
14
-22
-9
-24
16
54
-27
-41
-20
100
3
-40
-32
42
105
-43
-49
34
107
-16
8
-17
69
41
-41
94
-25
36
-33
72
109
-122
-4
113
86
-30
-115
95
136
-43
-53
6
118
2
-102
25
100
21
-91
-66
88
35
-31
-79
2
93
-67
-44
-44
76
27
-156
-72
67
121
-131
-211
99
124
-98
-163
-37
181
-45
-130
-34
-30
102
-32
-96
-99
59
125
-192
-137
153
92
-134
-248
137
140
-202
-26
-25
46
-122
-14
112
-164
2
3
-2
-103
-19
116
-110
-58
2
30
-30
-2
38
-113
37
22
58
7
-182
75
106
88
-85
-132
166
79
83
-212
85
220
-62
-56
-125
379
-61
-120
12
68
189
-159
52
3
159
-56
-45
124
57
40
-181
227
64
-82
-43
33
193
-157
-1
84
-3
-38
-15
58
18
-19
-97
40
74
1
-137
44
159
-50
-237
-54
443
5
-470
-126
424
254
-511
-217
271
231
-155
-391
192
171
-32
-124
-180
228
155
-259
-132
228
120
-162
-188
273
61
-277
71
125
166
-249
-76
173
-16
212
-176
-129
82
108
90
-224
53
184
31
-175
-71
265
30
18
-90
-81
176
38
1
26
-72
38
43
91
-8
-233
78
275
82
-393
-127
367
173
-257
-193
230
189
-199
-208
143
273
-51
-292
-79
235
208
-279
-86
1
81
-52
-98
124
-196
85
-155
-81
55
93
101
-520
119
3
121
36
-356
135
-206
238
-71
-198
-25
95
101
-493
70
201
108
-452
-139
262
75
-138
-332
244
-13
112
-252
-64
315
-168
-5
-153
307
120
-355
-17
185
214
-161
-67
210
-47
-295
453
182
-387
-27
202
310
-338
0
276
36
-133
105
-2
-223
553
-40
-303
-137
440
209
-610
235
224
64
-192
-133
96
34
327
-189
-309
9
474
-118
-461
430
85
-79
-324
68
456
-143
-80
-157
-63
248
189
-147
-346
78
407
-147
-166
-65
87
272
-318
-38
182
53
-40
-250
13
376
73
-325
-176
205
312
-127
-186
121
92
-159
117
225
-133
-130
2
225
10
7
-151
-17
324
-191
-34
-13
252
108
-438
248
229
-13
-170
97
272
-199
-85
183
246
-215
-142
70
354
15
-304
90
51
305
-88
-194
83
72
202
-123
-100
130
42
-95
146
59
-242
164
113
-105
-242
191
346
-481
-191
216
101
-70
-158
-32
-195
89
220
-242
-123
67
-67
-90
-36
100
-21
-147
-12
-148
9
199
-29
-280
-206
363
-59
-179
-61
-44
265
-315
-22
2
97
69
-332
194
-47
37
-88
-177
341
-23
-170
-248
124
315
-164
-28
-78
95
-113
77
279
-244
58
-98
78
77
-93
162
-96
-85
-33
68
76
138
-109
-310
98
220
81
-204
-167
90
45
135
-174
-136
208
-109
3
-89
146
195
-289
-108
63
211
107
-227
-96
134
39
27
-81
-61
-20
36
164
-142
-152
35
161
75
-254
-60
135
163
-203
-70
199
-46
-74
-285
372
110
-247
4
-251
306
-40
-10
-11
-76
103
-240
368
70
-252
-74
138
310
-247
-29
264
-41
-200
-26
451
18
-236
-93
83
314
-63
-73
-55
132
25
-116
-19
143
167
-346
-145
264
197
-144
-194
48
244
16
-156
81
-119
128
175
-179
-78
16
225
-234
-118
330
-160
-47
-76
-37
83
-124
143
-85
-126
11
-28
70
2
-75
-154
120
131
-130
-237
175
228
-188
-85
-105
173
-44
13
136
-249
90
-130
-6
159
-30
-29
-271
80
107
-74
-21
20
58
-123
-152
50
212
62
-224
-228
111
427
-16
-390
-73
203
200
-102
-22
34
-153
101
134
-56
59
-49
-21
-146
44
344
-147
-63
-185
-61
286
198
-1
-506
-18
406
141
-223
-56
-10
-21
126
-44
79
-115
46
-34
-36
287
10
-212
-79
172
57
2
87
-71
-212
-36
261
130
-225
-226
83
199
-11
-106
2
165
14
-208
-1
313
99
-304
-190
269
257
-316
-248
264
298
-240
-206
148
45
-64
45
107
61
-181
-113
268
39
18
-216
-8
290
-123
-6
37
95
4
-301
58
360
153
-280
-262
162
207
16
-61
-123
-94
181
25
-148
-35
336
133
-508
-240
334
442
-51
-331
-125
250
125
-172
-127
329
144
-268
-185
-49
438
19
-223
-161
-1
251
-99
-60
-147
134
92
-208
-5
-171
229
53
-223
-63
63
266
-292
-209
112
221
122
-428
-34
120
-3
119
-286
29
198
-74
-174
-176
341
113
-296
-187
65
275
12
-264
-138
103
192
12
-331
17
214
9
-92
-199
135
281
-126
-335
32
213
152
-106
-278
-8
129
138
-66
-157
82
83
-67
-101
22
287
8
-267
-242
196
509
-152
-391
-102
244
209
-74
-106
-33
101
-35
-89
133
184
68
-310
-127
232
203
13
-319
-3
58
207
37
-347
-5
198
149
-189
-220
261
107
-210
-135
20
376
-201
-316
81
238
182
-341
-117
89
174
31
-160
-20
64
71
-61
-13
-17
19
-52
141
148
-321
-17
191
165
-150
-232
193
174
-19
-221
57
108
95
-28
-274
175
143
-16
-214
-20
316
-53
-163
-177
113
198
-2
-86
-232
75
178
-33
-92
23
86
-51
-71
40
85
-19
20
-87
41
100
3
15
-145
139
46
-69
60
-85
21
6
43
67
-67
-61
32
84
7
-53
-62
168
23
-169
72
43
25
-48
39
141
-136
-55
-17
122
108
-47
-48
-81
99
66
8
14
1
-20
-11
-34
120
69
-81
-98
-10
70
61
105
-168
-147
71
163
70
-146
-53
70
-41
21
169
32
-83
-151
-56
227
207
-14
-226
-157
111
135
70
-43
-11
-69
-151
45
103
90
-66
-123
-108
-59
121
144
-26
-273
-111
154
184
-19
-254
-40
138
81
-63
-148
-1
136
-68
-93
145
48
-102
-174
-2
135
143
62
-163
-166
-25
205
126
-76
-56
-121
-7
129
42
-21
-19
-82
-64
97
190
-9
-215
-34
157
62
-135
-21
46
33
-38
-140
-22
143
119
-227
-222
182
268
-96
-280
-39
232
93
-206
-167
97
254
-66
-312
-10
171
20
-129
-41
102
-77
-107
50
52
4
-97
-17
37
25
8
-47
50
-7
-55
72
-12
51
-12
-110
89
51
59
-130
-78
136
55
4
-91
-20
-21
50
81
-50
-41
-29
49
9
5
28
-14
-26
-56
48
139
13
-83
-115
-12
154
131
12
-161
-72
45
153
86
-51
-54
-67
54
27
66
87
-27
-129
-138
92
230
96
-112
-244
-54
209
163
63
-196
-142
92
89
107
-9
-27
-53
-87
47
116
136
-21
-214
-105
116
268
51
-242
-122
82
93
22
21
5
-133
-84
59
157
86
-94
-126
-90
142
154
-13
-104
-87
29
77
88
-37
-91
-8
39
-4
36
90
-19
-159
-117
186
199
-51
-131
-112
23
123
105
-21
-130
-27
25
65
74
9
-50
-65
34
26
36
61
-35
-87
-26
86
70
-8
-63
-56
44
71
51
-47
-73
-6
41
92
21
-64
-46
16
25
31
62
28
-80
-60
40
72
74
-29
-97
-17
57
66
-28
-55
17
-8
-37
-5
59
26
-27
-64
-76
64
73
5
-88
-92
63
37
-37
-41
-8
32
12
-31
-56
46
80
-22
-60
-43
87
50
-53
-33
12
48
2
-31
-27
24
62
-21
-52
6
32
10
-25
14
19
-10
17
6
-31
8
7
-23
12
26
-10
-36
8
19
3
3
-15
14
27
19
-8
-2
29
2
5
23
17
-19
7
15
19
29
-2
-24
-29
48
53
15
-20
-24
3
-22
28
25
-3
-28
-63
5
37
31
-26
-58
12
21
5
-13
-30
-10
-30
4
0
-29
-11
-24
-28
3
10
3
-30
-42
-20
2
35
-2
-57
-64
-15
22
14
-35
-25
13
-11
-21
-14
28
33
-20
-46
-26
31
36
-20
-70
-7
45
3
-39
-35
11
37
-6
-47
-16
19
24
-24
-35
-1
32
-10
-55
-16
34
38
-11
-37
-20
29
49
9
-32
-21
32
19
-25
10
37
7
-14
-5
12
31
30
-19
-34
5
30
29
-18
-22
-4
-2
12
14
-29
-33
17
-9
-15
12
4
-14
-51
-17
41
32
0
-53
-42
15
34
16
-8
-3
2
7
17
20
33
23
-17
-3
29
46
12
-15
4
-3
29
31
-10
-21
-4
8
-10
15
13
-31
-25
-20
0
7
10
7
-35
-23
7
20
5
0
-9
-20
15
8
-5
8
7
-11
-15
18
28
10
-17
-4
5
5
26
-10
-48
-1
25
6
-9
-23
-22
0
4
-5
7
0
-23
-45
-16
26
17
-42
-31
6
-6
11
12
-3
-2
-6
3
22
32
13
-18
-4
16
22
10
0
12
-5
-5
8
18
9
-12
-19
-7
28
19
1
-31
-21
11
12
-3
-23
-10
-9
-12
5
16
6
-11
-34
-5
26
30
1
-33
-38
-3
27
9
2
-22
-23
-1
13
23
-5
-15
-17
-18
-3
5
1
-28
-33
-10
0
4
0
-20
-27
-10
19
16
-12
-24
-23
-2
15
11
-5
-16
-3
3
1
25
17
-10
-25
-10
22
25
2
-18
-15
-8
13
14
6
-4
-7
-4
-4
18
10
-5
-19
-3
18
14
11
-2
-7
-13
6
24
16
-3
-17
-20
-3
26
10
-23
-20
-7
3
8
17
-1
-27
-15
-4
4
3
1
-12
-20
-9
1
0
-8
-10
-21
-8
10
-1
-13
-16
-1
12
6
-3
-7
-4
-1
16
16
-8
-14
0
-4
3
13
9
1
-19
2
8
7
15
-9
-21
3
14
9
-1
-2
10
-1
8
22
6
8
8
10
7
9
18
4
5
7
9
26
17
5
2
7
26
24
10
10
-4
1
20
16
3
1
3
-1
1
14
23
3
-10
-8
2
22
7
-13
-15
-6
9
-3
-3
2
-9
-11
-2
3
2
-13
-19
-13
-2
3
-10
-14
-17
-9
-2
-11
-8
-15
-19
-11
-12
-4
-4
-13
-20
-21
-7
17
3
-12
-13
-10
4
-2
0
1
-10
-14
-9
1
5
-1
-8
-19
-9
5
2
3
-6
-13
-9
-2
10
-2
-14
-1
-8
7
5
-1
-6
-11
8
-3
-1
-1
-4
-3
2
14
0
2
-3
-5
-8
-3
7
-4
2
-7
-10
3
2
-4
-11
-3
5
2
-2
-13
-3
3
-4
-12
-11
0
-10
-11
-4
-5
0
4
-8
-15
-1
10
3
-10
-10
-2
-5
-1
0
0
-1
-5
-6
-6
8
8
-8
-11
-2
0
2
-1
1
-5
-3
9
6
4
4
2
6
4
9
9
1
0
5
15
8
-1
4
4
9
7
6
5
7
11
4
6
15
5
-5
1
15
5
0
4
-4
-4
4
12
1
-7
2
5
3
5
3
-4
-6
-3
5
0
7
1
-14
-4
5
7
-5
-3
6
4
3
11
12
1
5
7
5
3
8
7
-3
1
4
8
6
2
2
4
8
7
-2
5
9
4
1
-2
7
4
-1
-1
-1
0
0
-2
-1
-1
0
0
-4
-1
2
0
0
-3
-6
-2
2
2
-6
-4
-1
0
-3
2
3
-5
-5
-4
2
-1
-1
0
-3
2
2
7
5
2
8
4
9
13
16
12
6
8
10
14
13
8
11
8
8
13
14
12
9
9
11
14
13
10
3
4
8
5
4
5
10
8
8
10
5
9
11
2
4
3
7
4
-7
-4
-2
3
1
-12
-5
-1
-2
-4
-2
7
-5
-7
2
2
-2
-3
1
-5
-2
0
-6
-2
-1
-2
-4
2
4
-2
-3
-5
-1
-4
-1
-1
-6
-2
2
1
-5
-1
4
-2
-3
-3
2
3
0
2
-3
-2
-1
0
-1
-4
0
-4
-2
-7
-8
0
-2
-1
-8
-6
-3
-1
-3
-8
-5
-6
-4
-7
-8
-6
-7
-5
-9
-9
-6
-4
-4
-5
-9
-7
-5
-6
-8
-11
-5
-2
-4
-5
-6
-3
-3
-5
-3
-4
-1
-3
-6
-5
-5
-3
-3
-6
-5
-2
0
0
1
-3
-1
-1
-1
-1
-1
-1
-2
-2
0
1
1
1
0
1
-1
0
2
0
2
-1
2
3
0
3
2
3
3
3
3
7
4
2
4
7
7
1
3
4
8
4
-1
2
1
3
1
1
1
6
4
0
-1
2
4
-1
1
5
3
2
-1
0
1
4
2
-2
4
2
3
2
1
2
3
3
1
5
4
6
2
1
4
3
3
-4
2
3
1
1
-1
2
4
3
3
4
3
3
2
2
5
2
4
1
-1
5
8
4
1
3
6
5
5
2
0
5
4
1
-2
5
6
0
2
3
4
1
4
4
4
4
-1
-2
-3
0
2
-1
-2
0
-2
-3
0
0
-1
0
-1
-2
0
1
1
-3
-2
3
0
1
-1
0
-1
2
2
0
4
4
3
3
3
1
2
0
1
1
1
2
0
-1
1
0
-3
-2
-1
-2
-2
-2
-5
-3
-3
-4
-4
-2
-2
-2
-4
-1
-1
-2
0
-4
-3
-1
0
-4
-3
-2
-6
-3
-5
-2
-3
-4
-1
-4
-1
0
-2
-4
-3
0
-3
-3
-3
-5
-2
-3
-3
-4
-3
-3
-4
-3
-2
-1
-4
-3
-2
0
0
-4
-5
-5
-3
-2
-2
-5
-4
-1
-4
-1
-3
0
0
-3
-2
-3
0
-1
-3
-3
-3
-1
-3
-5
-2
-2
-1
-1
-2
1
0
1
-1
-2
0
0
-2
-3
-1
-1
-2
-1
-1
-2
0
1
-1
-2
-2
-2
-2
-3
-3
-2
-4
-4
-5
-3
1
-1
-2
-2
-1
0
1
1
0
1
-2
-2
2
1
2
1
-1
3
5
4
2
3
3
4
3
2
3
2
1
1
0
3
3
-1
0
3
3
2
3
3
3
3
2
3
0
2
5
2
2
3
2
3
4
2
1
2
3
0
2
1
3
2
-2
0
1
1
1
-2
2
2
4
2
0
0
0
0
-1
0
0
-2
-1
0
0
0
1
-1
0
1
-1
2
0
-1
-2
-2
-1
-3
-3
-4
-1
-2
-4
0
0
0
-1
-2
-1
-1
0
-1
-2
-2
-3
-4
-3
-3
-4
-3
-2
-2
-1
-1
0
2
1
1
2
2
0
1
1
-1
0
1
0
-2
-2
1
0
0
0
1
0
0
2
3
2
1
0
0
1
-1
-2
-2
0
-1
0
1
0
-1
-2
0
1
0
1
-1
-2
-2
0
-2
-3
-1
-2
-1
0
1
2
0
0
0
0
0
1
0
1
1
1
-1
1
1
1
1
0
3
3
2
2
1
1
1
1
2
2
0
1
1
1
1
1
2
1
1
1
1
1
0
0
0
0
0
-1
-1
1
0
0
0
1
1
2
1
1
3
3
2
2
3
3
3
-1
2
2
1
1
3
1
2
1
2
1
1
2
-2
0
1
2
-1
-1
1
1
0
1
-1
-2
-1
-1
-3
-2
-1
-2
-2
0
-2
-2
-2
-2
-3
-2
-1
-2
-3
-1
-1
-2
-3
-3
-3
-2
-4
-2
-2
-1
-2
-2
-1
-2
0
-2
-3
-3
-2
-2
-3
-1
-1
-3
-3
-1
-1
-2
-2
-1
-2
-1
0
-1
-2
1
-1
-1
-1
0
-1
-1
1
-1
-1
-2
0
-1
-2
-1
-2
-2
-1
-2
-1
1
0
-1
0
0
0
0
0
-1
0
0
0
-1
-1
0
-2
-2
-1
-1
0
0
-1
1
1
-1
0
0
0
0
-1
-1
-1
-1
0
-1
-2
0
-1
0
1
1
2
1
1
1
0
0
0
0
2
1
0
0
0
0
1
1
1
0
0
1
0
0
0
0
0
0
0
0
-1
-1
0
0
1
0
0
0
-1
0
2
2
1
2
1
1
1
2
1
0
1
1
1
2
1
2
1
2
2
1
2
1
2
2
2
0
2
1
0
1
2
2
1
2
2
2
2
1
1
2
2
1
1
1
2
3
1
1
2
2
3
3
2
2
2
2
2
2
3
1
2
2
2
2
1
1
1
1
0
1
1
1
2
2
1
0
-1
0
0
0
-1
-1
0
-1
0
0
0
2
0
0
0
-1
1
-1
-1
-2
1
0
-1
0
-1
-1
-3
-1
-2
-1
-1
-2
1
-1
0
-1
-1
-1
-1
0
-1
-1
0
-1
0
-1
-1
-1
-2
-1
0
-1
0
-1
-3
0
-1
-1
-1
-1
-1
-1
-1
-3
-2
0
-1
-1
-1
0
-1
-1
-1
-1
1
0
0
-1
0
-1
-2
-2
-2
-2
-1
-2
-1
-1
0
-2
-2
-2
-1
-1
-1
-1
0
1
0
0
-1
1
1
2
2
1
2
2
1
2
1
1
1
1
1
2
2
2
2
2
4
3
3
3
1
2
2
3
2
1
1
1
1
1
0
1
1
1
1
1
2
2
3
2
2
2
2
2
2
2
2
1
3
2
2
3
1
1
3
3
2
2
1
1
2
1
1
0
2
1
1
1
2
0
0
1
2
2
2
1
1
1
1
1
1
0
-1
0
0
-2
-1
0
-1
-2
-1
0
0
-1
-1
-2
0
-1
0
-1
-2
0
0
0
0
0
-2
-1
0
-1
-1
0
-1
-1
-1
0
-1
-2
-1
-1
-1
-2
0
0
-2
-1
-2
-2
-2
-3
-3
-3
-3
-2
-3
-3
-4
-4
-4
-3
-3
-2
-1
-2
-1
-2
0
-1
-2
-1
1
0
0
1
0
1
1
1
0
1
2
2
2
3
3
1
1
0
0
1
0
0
0
1
1
1
2
2
2
1
1
1
1
-1
-1
-1
-1
-1
-1
-1
-2
-2
-2
-1
-2
-2
-1
-2
-1
-1
-1
-1
0
0
0
0
1
0
1
-1
0
1
1
2
2
2
2
3
4
4
3
2
4
4
3
3
3
1
3
3
3
2
2
2
2
2
2
3
1
1
1
2
2
1
2
0
0
1
1
1
0
0
0
-2
-1
0
-2
-1
1
-1
0
0
0
-2
0
1
-3
-1
1
-1
0
-1
-1
-2
-2
-1
-3
-2
0
-3
-3
-2
-4
-3
-3
-1
-2
-4
0
-4
-3
-1
-3
-3
-3
-3
-1
-3
1
-2
-4
-1
-3
-2
0
-3
0
-2
-2
-1
-3
-2
-3
-3
-1
-3
-1
-2
-4
-2
-2
-2
-3
-3
0
-5
-3
1
-6
-2
-1
-5
-3
-1
-1
-3
-2
3
-5
-4
0
-6
-5
-2
-3
-5
-6
0
-5
-6
1
-3
-3
-1
-4
-1
-3
-1
1
-6
-1
-1
-2
0
-4
2
-3
-2
3
-1
0
-3
1
1
-7
5
2
-8
6
3
-2
-1
4
4
-9
5
10
-10
5
8
-5
2
4
5
-4
2
15
-8
1
12
-6
0
6
5
-1
-1
12
-1
-6
14
-3
-3
7
0
1
-4
4
2
-10
8
1
-6
8
-5
-1
2
-7
7
-3
1
4
-4
8
-5
1
13
-12
4
9
-8
4
2
7
-5
-5
18
-12
-4
22
-8
-6
7
3
-2
-3
20
-4
-13
24
-5
-14
16
5
-5
-4
14
2
-16
18
5
-18
13
2
-8
3
4
4
-12
4
8
-14
9
-2
-12
3
-10
-1
0
-9
4
-6
-1
-5
-8
13
-11
-8
14
-12
-5
13
1
-3
-3
19
-7
-17
32
-5
-20
21
-3
-12
0
20
-5
-28
33
-1
-33
28
7
-24
-4
17
-7
-29
32
8
-42
23
18
-29
2
24
-10
-27
25
12
-38
17
24
-33
0
28
-9
-17
22
12
-28
13
28
-23
-2
33
-15
-12
21
1
-18
-1
14
-27
-9
24
-23
-12
6
-9
-16
-1
15
-24
-10
17
-35
-4
11
-18
1
-15
10
-22
-15
35
-39
7
16
-30
15
-7
9
1
-17
35
-24
-8
45
-33
13
11
-20
25
-25
30
11
-31
49
-22
-5
43
-18
30
10
-5
54
-22
39
35
-29
68
-20
23
33
-28
51
-32
2
17
-29
16
-17
-16
-5
-20
-10
1
-29
6
-3
-26
25
-16
11
14
-8
27
-7
16
19
-6
21
13
-8
24
2
-1
23
-19
19
-7
-7
25
-33
21
-3
-19
18
-18
5
-6
-10
7
-19
-3
1
-22
0
1
-16
6
-1
2
5
0
23
0
13
26
-5
13
10
-1
4
-6
5
-12
-15
2
-21
-14
-10
-23
-12
-17
-4
-5
-14
5
-8
0
1
-7
3
-19
-12
-16
-41
-34
-46
-43
-49
-68
-27
-76
-56
-17
-70
7
-30
21
24
-18
151
5
87
126
5
146
30
124
61
-19
134
-75
2
28
-88
-12
-96
-59
-76
-134
-4
-103
-99
4
-94
-21
-22
-19
25
-54
43
6
-26
54
-5
-7
-6
-16
-5
-35
-12
0
-54
-18
-6
-33
7
7
15
9
22
53
29
41
65
41
38
55
34
40
24
20
17
-19
11
-17
-23
-8
-35
-14
-27
-19
5
-19
13
14
5
47
25
51
49
34
79
38
68
69
39
74
35
49
58
29
60
33
35
52
19
52
35
22
49
19
41
41
42
53
33
51
50
48
60
74
55
59
66
44
67
54
60
48
32
56
21
17
33
-7
-11
-2
-30
-16
-37
-37
-29
-79
-16
-47
-67
-7
-70
-31
-35
-50
-5
-62
-12
-16
-63
11
-38
-27
2
-53
10
-36
-18
21
-53
24
-18
-20
25
-35
27
-8
-15
32
-26
18
9
-20
27
-22
4
11
-41
22
-35
-23
1
-59
15
-52
-36
-3
-80
-3
-51
-45
-10
-65
-2
-47
-35
4
-51
2
-14
-17
6
-14
18
1
11
18
8
18
24
31
14
42
12
24
34
3
44
-3
30
14
-11
40
-19
26
9
-9
20
-19
20
-10
-13
12
-28
0
-14
-25
-12
-38
-15
-34
-45
-14
-59
-30
-37
-54
-20
-59
-21
-36
-47
-1
-45
-13
-14
-31
2
-27
3
4
-22
18
-19
-9
9
-21
9
-21
-13
-7
-43
-4
-33
-33
-18
-47
-21
-36
-31
-16
-44
-15
-27
-33
-6
-40
-11
-23
-35
-2
-43
-3
-17
-28
11
-43
-1
-17
-27
13
-31
12
-12
-15
27
-15
26
19
10
44
29
68
59
66
93
66
99
103
110
132
119
143
123
129
153
132
150
149
142
150
145
159
143
133
144
121
131
139
130
130
113
118
105
98
112
92
84
64
48
29
18
15
-7
-13
-31
-37
-55
-60
-62
-83
-83
-100
-96
-111
-123
-135
-168
-180
-204
-207
-223
-234
-259
-277
-292
-313
-307
-334
-326
-349
-352
-345
-367
-318
-344
-325
-307
-322
-270
-283
-245
-247
-267
-236
-249
-231
-190
-187
-183
-173
-187
-139
-118
-44
33
39
140
150
208
300
342
451
472
544
592
595
668
664
665
663
631
612
568
543
495
409
360
292
235
232
214
212
192
189
203
186
244
277
283
319
303
297
270
244
229
157
132
100
27
13
-38
-103
-146
-195
-200
-219
-211
-183
-214
-202
-201
-219
-209
-210
-215
-245
-279
-317
-393
-458
-528
-600
-658
-700
-725
-774
-811
-843
-887
-876
-837
-800
-728
-712
-679
-655
-661
-593
-590
-532
-489
-520
-446
-450
-443
-383
-371
-272
-190
19
296
413
667
830
837
1021
1152
1277
1350
1333
1338
1073
932
920
648
523
429
218
40
-75
-64
-204
-322
-236
-318
-327
-119
5
39
79
180
174
168
379
464
403
408
366
210
107
156
92
-51
-68
-127
-238
-251
-181
-197
-280
-158
-67
-50
227
385
414
441
430
498
438
585
642
400
336
152
-54
-148
-229
-285
-474
-558
-557
-679
-623
-544
-601
-554
-516
-404
-319
-272
-151
-254
-291
-263
-291
-251
-261
-276
-372
-482
-495
-533
-563
-523
-540
-566
-552
-567
-516
-528
-504
-434
-448
-319
-263
-194
-111
-131
-28
5
81
207
275
378
425
522
643
694
795
918
944
995
1052
1042
1008
940
911
781
648
623
481
326
230
120
-26
-125
-129
-193
-256
-221
-210
-253
-202
-101
-95
-47
44
89
92
122
197
126
102
143
78
62
67
92
27
9
53
20
56
161
279
300
414
466
468
532
552
614
531
554
509
377
335
196
90
-60
-153
-241
-341
-396
-467
-573
-657
-688
-745
-725
-738
-718
-725
-775
-755
-801
-774
-768
-734
-692
-694
-658
-650
-633
-621
-558
-501
-483
-426
-381
-389
-379
-333
-310
-282
-230
-159
-142
-118
-31
-9
34
173
345
523
665
864
1005
1008
1144
1216
1218
1267
1244
1192
993
868
780
510
352
255
67
-87
-166
-239
-373
-472
-457
-515
-535
-384
-313
-279
-204
-133
-107
-94
22
85
74
110
130
73
36
58
11
-22
-46
-33
-54
-99
-23
-71
-37
35
146
301
348
546
519
534
594
564
628
541
562
415
243
182
-7
-113
-234
-346
-455
-563
-595
-619
-699
-674
-701
-745
-667
-679
-603
-635
-644
-609
-687
-619
-594
-561
-545
-541
-533
-531
-509
-458
-399
-435
-366
-388
-381
-344
-360
-264
-300
-246
-169
-161
-74
-19
70
131
216
430
603
727
944
1094
1128
1236
1316
1356
1323
1304
1266
1015
884
777
531
331
194
43
-171
-276
-302
-430
-537
-496
-524
-571
-439
-342
-283
-242
-140
-78
-123
