1
1
1
0
2
3
3
5
6
7
7
7
6
4
4
5
6
7
5
4
1
0
-2
1
3
4
4
6
5
4
4
2
1
-1
-2
-2
-3
-3
-2
-2
-1
0
1
2
4
1
1
1
0
-1
-4
-7
-8
-9
-10
-9
-9
-8
-5
-5
-6
-4
-5
-5
-4
-4
-6
-5
-7
-9
-10
-13
-13
-12
-12
-9
-8
-7
-6
-4
-3
-2
1
1
0
1
-1
-1
-3
-3
-4
-2
-1
1
2
4
5
6
6
6
7
7
6
5
4
4
3
5
6
7
7
9
9
10
11
10
10
9
6
3
3
0
-1
-1
-2
-2
-4
-2
-2
1
1
2
1
0
0
-1
-2
-5
-7
-9
-9
-9
-10
-9
-9
-9
-8
-6
-7
-7
-7
-7
-8
-10
-9
-10
-9
-7
-8
-7
-7
-5
-4
-4
-3
-2
-2
-1
-3
-4
-4
-4
-4
0
-1
1
4
4
4
4
5
6
7
6
6
6
8
9
8
7
6
6
6
4
8
9
10
11
11
11
13
11
10
10
10
11
10
10
10
10
10
9
7
5
1
1
-3
-3
-3
-1
-2
-1
-1
-2
-3
-3
-2
-2
-2
-1
-1
-4
-5
-4
-6
-6
-6
-7
-7
-7
-8
-7
-8
-8
-6
-5
-5
-4
-5
-5
-6
-7
-7
-6
-6
-5
-3
-4
-2
-3
0
2
0
3
6
3
2
0
0
-2
-1
0
-1
2
3
3
3
6
5
7
9
9
7
8
6
4
1
0
0
1
3
5
6
5
4
3
4
4
5
6
6
6
6
6
3
2
1
0
2
1
0
0
0
-1
-1
-1
-2
-2
-3
-5
-6
-5
-6
-4
-4
-6
-5
-6
-8
-7
-7
-6
-6
-5
-5
-6
-6
-7
-7
-5
-5
-4
-1
-1
0
-1
-2
0
1
2
1
3
3
4
4
3
2
1
1
0
1
0
1
3
3
3
6
8
10
12
11
12
12
12
12
13
10
10
7
5
6
4
4
4
7
8
8
7
7
7
7
5
5
4
4
2
2
2
3
3
2
0
0
1
0
-1
-5
-5
-5
-5
-5
-5
-5
-6
-8
-11
-11
-9
-8
-6
-5
-4
-4
-3
-3
-3
-5
-3
-4
-7
-8
-12
-11
-13
-13
-10
-10
-6
-5
-6
-3
0
0
1
2
2
1
0
-2
-2
-3
-4
-2
-2
-1
-2
-2
-3
-3
-1
-2
-2
-2
-2
-1
1
0
1
3
2
1
3
2
4
4
5
5
3
1
1
1
-1
-2
-2
0
0
0
0
1
3
5
5
5
7
6
6
4
1
1
-1
-2
-1
-4
-4
-4
-5
-5
-6
-5
-6
-5
-5
-4
-4
-4
-4
-6
-5
-4
-4
-1
1
1
1
1
3
0
-2
-2
-4
-4
-3
-4
-4
-3
-3
-3
-3
-1
1
2
6
6
7
8
10
7
6
6
6
4
3
4
3
2
1
1
2
4
3
5
5
4
6
6
4
3
4
4
5
7
7
7
7
6
6
7
6
7
5
7
4
4
3
1
0
-1
-2
-2
0
1
1
4
2
2
0
-2
-2
-1
-2
-3
-1
-3
-2
-2
-3
-3
-5
-4
-6
-4
-3
-6
-7
-8
-6
-6
-7
-5
-6
-3
-3
-2
-2
-3
-1
-1
-1
-1
0
1
2
0
0
0
-2
3
4
5
5
3
4
4
2
1
0
-2
-1
0
0
0
1
4
3
3
2
0
1
2
1
3
0
1
0
-2
0
-1
-2
-3
-3
-2
-2
-1
0
0
1
-3
-2
-2
-5
-3
-4
-4
-4
-6
-4
-6
-6
-5
-5
-4
-1
-3
-5
-4
-7
-8
-6
-5
-3
-2
-3
-3
-3
-3
0
0
3
4
4
4
3
2
0
-1
-2
-5
-5
-4
-5
-4
-1
-1
2
1
2
2
-2
-1
0
1
2
1
1
2
1
1
1
3
4
3
3
4
3
7
6
8
8
7
7
5
4
4
3
5
7
3
5
1
0
1
0
1
0
-1
-2
-2
-2
-1
-2
2
2
0
1
-2
-1
2
-1
0
0
-1
-1
-3
-3
-4
-3
-3
-3
-2
-3
-3
-1
2
1
1
1
-1
-3
-3
1
2
4
3
3
4
-1
0
-4
-5
-7
-6
-4
-3
0
-4
-1
-4
-5
-2
-5
-1
2
4
5
6
3
1
2
-1
0
-3
-2
0
-1
-1
-3
2
3
1
4
2
3
2
1
2
1
-1
0
0
-2
0
-2
-1
-2
-3
-3
-2
-1
-2
-3
-2
-1
1
0
1
1
1
6
3
1
1
2
1
1
3
1
-2
-4
-4
-5
-8
-5
-4
-2
-4
-3
3
5
5
8
8
7
5
6
6
3
3
3
4
3
0
3
4
1
3
0
1
2
0
5
6
8
5
5
8
5
5
4
3
4
1
0
-3
-3
-5
-6
-5
-8
-9
-9
-11
-7
-7
-7
-6
-5
-3
-2
-3
-1
1
2
5
2
4
6
5
5
1
-2
-8
-11
-11
-11
-8
-9
-6
-4
-8
-8
-7
-8
-4
-5
-1
2
0
1
2
-1
-3
-9
-6
-8
-11
-10
-8
-8
-11
-6
-3
-2
2
4
6
8
7
6
5
4
4
6
7
4
1
1
2
0
-1
2
2
0
-3
-1
1
3
6
6
9
9
6
4
2
2
2
5
7
6
1
1
1
-3
-4
-5
-5
-1
-3
0
3
4
4
9
10
8
9
8
12
7
4
11
13
8
3
6
5
-3
-8
-9
-8
-11
-12
-6
-5
-4
-5
0
3
-1
4
8
5
1
-2
2
0
-7
-8
-7
-4
-12
-13
-7
-12
-12
-9
-6
-9
-10
-2
2
2
-1
2
6
6
2
6
8
4
5
2
1
3
2
4
3
1
-4
-6
-1
0
1
5
6
4
2
-2
2
4
9
14
17
20
15
13
10
1
0
-1
-5
-5
-6
-6
-7
-9
-8
-6
-3
-7
-3
1
0
4
4
5
1
-1
-2
-3
-6
-10
-6
-6
-3
-3
-3
-2
-5
-8
-6
-3
-5
-5
-1
-2
-4
-6
-3
-2
-3
-3
5
4
1
1
5
7
3
3
6
5
1
-1
1
2
3
2
3
0
0
5
9
10
5
11
13
10
8
6
9
7
8
15
14
10
10
13
15
9
6
11
8
1
2
4
4
-1
-6
0
-2
-8
-8
-7
-7
-11
-6
2
0
2
0
1
1
-8
-2
3
0
-4
-4
-1
-8
-14
-14
-8
-7
-14
-10
-11
-17
-20
-18
-12
-9
-6
0
4
-3
-8
-4
-2
-2
-5
-2
-2
-2
-3
-8
-4
-4
1
6
5
0
6
5
5
0
0
9
9
10
3
8
10
8
10
10
13
12
11
9
6
3
-1
1
7
9
7
9
3
0
-2
-3
2
7
8
9
10
7
5
0
-3
-6
0
-2
-6
-5
-10
-13
-22
-18
-10
-10
-8
-7
-1
-3
-16
-14
-16
-17
-20
-17
-7
-10
-12
-12
-11
-11
-10
-11
-6
-9
-12
-10
-12
-6
-8
0
-1
-6
-2
-7
0
2
0
11
7
2
3
2
1
0
6
11
6
9
4
5
4
4
14
11
8
10
12
10
5
2
6
5
2
7
8
10
9
8
7
5
0
-6
0
1
-2
-1
-1
-2
-6
-5
0
3
2
4
11
11
4
3
6
0
-8
-15
-6
-5
-12
-7
-2
-1
-6
-10
-9
-3
-1
-2
0
-1
-6
-10
-7
-7
-13
-8
-4
-3
-9
-12
-10
-9
-5
-6
-10
-8
-11
-4
0
-2
5
14
15
10
8
4
4
6
7
6
4
5
2
2
1
-3
-2
6
14
13
11
9
8
6
1
4
6
11
11
9
9
5
3
3
4
5
4
3
6
3
2
-5
-6
-1
1
0
-5
-7
-6
-7
-11
-8
-9
-7
-6
-3
4
3
-2
3
2
-4
-7
-6
2
-5
-6
-10
-10
-5
-4
-1
3
9
12
12
4
8
4
7
6
4
6
5
7
3
-2
-3
-2
-2
0
-1
0
1
-1
-1
-6
-8
-5
-1
1
0
1
5
9
10
10
12
10
6
5
-1
-3
-9
-6
-3
-1
2
0
2
3
2
5
9
6
9
13
3
-5
-13
-15
-18
-20
-19
-18
-12
-8
-6
0
2
5
12
11
10
7
3
8
6
-2
-9
-8
-5
4
10
11
9
7
7
7
1
0
3
10
10
4
3
-4
-1
2
7
2
-1
-5
-4
-6
-7
-1
0
5
0
-5
-4
2
-4
2
10
9
6
-5
2
7
5
11
18
23
18
16
5
2
1
-3
-6
-17
-13
-14
-12
-6
-5
3
3
6
0
-10
-8
-2
4
2
1
1
1
0
1
-3
-8
2
11
5
-9
-7
-10
-8
-19
-21
-14
-13
-4
-10
-14
-14
-4
7
8
9
1
-2
-4
-3
-5
-9
-6
-9
-8
-18
-20
-11
-10
-2
-4
0
7
13
15
12
11
9
9
15
14
12
12
5
7
-2
-6
-5
-7
-10
-14
-10
-6
1
6
16
19
17
19
19
16
3
3
3
-3
-19
-25
-11
-6
-8
-11
-9
-4
-4
-3
7
10
15
14
9
-1
-4
2
2
-2
-15
-9
1
2
2
-5
0
5
-1
-9
-7
-11
-10
2
1
-4
-6
0
2
-3
-15
-18
-11
1
5
3
11
10
19
15
2
1
-1
10
14
0
-6
5
11
-1
-8
0
0
4
4
5
2
3
-1
11
21
7
8
15
11
-8
-16
-12
-3
5
-6
-17
-13
-8
-10
-13
-16
-15
-10
-8
-5
2
7
10
20
20
12
0
2
9
-3
-9
-12
-7
-2
-4
-4
-3
-4
-5
-2
-7
-4
-1
5
12
10
8
9
14
10
5
10
4
4
7
3
5
11
13
9
5
4
6
8
3
-4
-5
-8
-5
4
6
2
5
0
-5
2
7
15
6
0
-9
-9
1
-4
-2
-8
-11
-6
-13
-21
-26
-18
-15
-14
-14
-21
-10
-4
-9
-11
-2
-2
3
13
16
1
-4
-2
-3
-5
-11
-11
-7
3
-1
-1
6
8
14
17
9
4
7
14
8
-1
-2
2
6
3
-3
-16
-14
-5
-2
2
7
2
12
9
-2
-3
2
15
4
5
9
-6
-4
-1
-4
-4
7
13
18
25
18
21
18
10
4
-2
2
-4
0
-8
-19
-5
-1
-15
-25
-18
-5
-2
-12
-2
-1
2
10
4
8
2
1
7
5
-2
0
2
-2
-3
-2
2
3
1
-3
-6
7
1
-8
-4
-2
5
-2
-10
-5
-16
-7
3
-5
-5
-7
1
12
5
-6
-15
-14
-19
-25
-21
-9
0
7
9
2
5
2
-2
5
11
18
16
15
4
1
8
-3
-10
1
19
14
-5
-16
-18
-10
-13
-26
-28
-24
-12
-6
-4
-4
-7
-4
-2
2
-8
-17
-3
12
6
-6
0
13
16
6
10
8
-1
9
3
-8
-12
-22
-19
-13
-17
-12
-7
1
10
12
18
20
22
20
8
5
3
-4
0
12
11
-4
2
12
8
5
8
5
6
15
2
3
2
2
8
8
5
6
14
15
13
14
10
4
2
-2
5
9
-6
-10
-5
-4
-2
-3
-11
-16
-7
8
10
0
-8
-6
-5
-17
-24
-17
-13
-1
2
-9
-11
-12
-10
4
12
27
27
3
2
5
4
1
-8
2
12
12
16
9
3
4
-5
-3
-12
-18
-3
-6
-7
-16
-16
-6
-1
8
3
7
15
16
22
19
34
36
26
30
17
31
34
3
-16
-3
2
-11
-24
-33
-22
-15
-4
-20
-14
8
-4
8
16
13
12
19
40
23
-11
-5
14
0
-1
-6
-4
6
2
-5
-13
-20
-26
-6
-5
-24
-12
-3
-10
-4
6
14
7
-8
-18
-20
2
4
-1
5
-1
15
14
6
5
-9
-2
2
-14
-16
2
4
1
1
-12
0
9
6
0
-4
4
-11
-13
-2
-6
-16
-21
-15
-18
-26
-14
1
-18
-37
-39
-43
-31
-18
-1
0
-6
6
5
1
-5
-4
3
15
2
-14
7
17
19
9
-3
-10
-4
1
-4
-5
-4
-2
9
-2
-20
-20
-3
12
8
6
10
19
12
0
-2
5
9
8
-5
-7
8
12
6
-12
-23
-24
-15
-12
-16
-2
28
33
14
-5
-11
-6
15
39
26
24
28
35
29
5
-3
11
10
0
-10
-14
-19
-18
-19
-16
-10
-6
7
7
8
17
21
14
25
41
35
25
9
2
21
16
18
20
6
-3
-15
-11
-17
-32
-29
-27
-35
-33
-33
-29
-11
-27
-34
-10
3
13
23
22
23
26
11
-15
-13
5
10
12
18
-3
-32
-30
-26
-24
-11
-9
-4
9
10
2
0
11
17
20
20
9
9
4
10
5
11
25
3
-5
2
10
11
14
0
-10
6
3
1
-2
-13
-13
0
8
6
9
14
12
-6
-7
5
-5
-14
-20
-27
-15
-16
-23
-20
-24
-24
-20
-16
-12
-12
0
9
11
2
7
11
2
11
23
25
13
4
-6
-14
-15
-18
-18
-8
-2
-6
3
-1
-21
-14
5
11
15
14
13
10
15
23
27
27
18
11
-3
-7
-4
-1
-7
-1
-4
-4
-7
-18
-16
-16
-2
5
9
12
8
16
26
23
28
25
17
20
26
18
4
3
12
13
16
9
-1
-2
-8
-4
3
1
-9
-3
6
4
-9
-8
-4
-9
-9
12
26
20
7
-7
-11
-3
5
4
-3
-7
-2
-5
-11
-21
-22
-16
-4
0
5
1
-11
-12
-5
5
13
12
-8
-4
3
5
10
17
13
7
6
0
-12
-15
-6
-12
-16
-12
-15
-18
-13
-3
-10
-4
3
0
2
-5
-3
-3
8
4
-6
-9
-5
-8
-16
4
-7
-11
-12
-27
-36
-45
-38
-29
-19
-21
-16
-18
-20
-9
0
15
19
22
25
27
39
38
18
15
10
4
0
-6
-12
-22
-21
-20
-14
-8
-24
-32
-20
-7
-5
10
22
21
8
9
24
20
19
19
21
7
-11
-7
-12
-10
4
10
4
-16
-17
-19
-5
3
13
17
5
4
18
10
14
19
7
15
5
11
9
7
-2
-2
10
3
1
-4
6
-6
-14
-9
-25
-24
-15
-12
-3
-6
-14
-10
-10
-7
-18
-25
-18
-7
-12
-18
-1
-14
-19
-8
-10
-8
-14
-10
-10
-8
10
11
20
24
19
20
18
6
15
13
15
-2
-4
9
6
15
8
16
13
13
8
2
21
10
6
18
26
21
19
27
17
15
23
14
1
6
5
-3
2
10
-6
-13
-9
-16
-13
-11
-13
-19
-25
-6
-7
-8
9
6
3
-13
-1
9
9
20
12
9
11
2
-17
-16
-15
-17
-8
-13
-12
-18
-15
-19
-12
-2
-16
-12
-20
-22
-22
-16
-6
3
10
4
5
2
11
7
10
17
8
1
17
21
16
17
11
6
-4
1
13
-4
7
25
8
3
15
17
7
16
30
19
2
0
6
1
13
26
21
33
24
16
20
24
15
1
-1
1
-6
-2
2
3
13
7
11
-1
-15
-7
-2
-3
3
-4
-13
-8
-6
-4
-2
-9
-14
-3
-12
-10
-7
-15
-13
-5
-5
-21
-7
2
-4
3
12
8
15
14
18
9
-5
4
4
10
-5
0
1
-3
6
1
-1
-9
-13
-10
-16
-9
-7
-17
-13
-11
-4
1
-8
-11
-9
-11
-3
10
3
-7
-3
5
7
3
-4
0
1
0
4
-5
-8
-1
5
10
9
16
11
6
11
-13
-14
-12
-14
-12
-9
-14
-21
-15
-22
-20
-20
-18
-12
-13
-2
-2
-5
3
-5
-9
-3
-15
-19
-18
-17
-3
-13
-15
-14
-15
-17
-22
-12
-10
-13
-12
-4
-3
0
0
0
2
-2
-1
1
1
0
-14
-14
-3
-4
6
4
-2
-1
1
6
-3
-7
10
13
21
11
8
17
22
22
19
25
20
20
13
11
15
8
8
7
17
12
8
9
2
-4
-11
0
-12
-11
-1
4
8
5
-1
-2
2
1
7
10
21
24
18
15
10
13
5
-4
2
4
6
-2
-8
-9
-10
-9
-10
-1
11
10
-1
-3
-5
-7
-7
-14
-13
-13
-21
-17
-7
5
8
3
-8
-4
5
13
12
14
16
14
20
22
22
12
14
20
11
13
14
5
7
-2
-6
-5
-1
2
-3
3
7
1
-8
-19
-12
-10
-19
-20
-16
-4
0
4
6
6
9
9
12
16
12
5
3
-1
-3
1
-3
-5
-7
-15
-8
-5
-2
0
-2
7
5
7
4
-8
-5
-2
-8
-4
-2
4
7
-2
-6
-4
-8
5
4
1
1
-7
-11
-15
-14
-6
0
2
4
-3
-8
-7
-1
7
6
2
-3
4
3
5
8
9
15
7
-9
-13
1
-1
-4
5
5
16
3
-12
-10
-11
-10
-7
-7
-11
-6
4
11
13
16
13
16
22
16
7
-6
-7
0
0
-13
-17
-16
-19
-18
-17
-13
-2
6
9
2
-3
-6
-1
12
6
-4
-14
-19
-20
-16
-12
0
3
-8
-19
-22
-20
-12
-5
-14
-15
-14
-7
0
4
18
20
26
23
23
19
5
6
2
0
13
10
-10
-17
-12
-17
-12
-9
-19
-27
-36
-30
-15
-7
14
13
11
13
8
7
12
22
10
6
10
7
4
5
-1
1
1
0
6
1
-11
-21
-17
-11
-4
0
5
-2
2
17
16
14
10
4
0
6
10
9
16
6
3
-5
-16
-21
-9
8
9
2
-8
-18
-34
-31
-3
8
16
17
7
-3
-9
2
8
-3
-3
5
-2
-6
-6
-15
-19
-13
-7
-2
2
-3
-8
-16
-19
-19
-23
-13
1
13
11
-4
-6
0
3
4
8
1
-4
-8
-12
-7
-6
-5
3
10
-3
-16
-21
-17
-18
-8
14
15
6
11
9
3
21
35
32
15
-3
9
27
25
31
16
3
-8
-14
-24
-21
-22
-35
-25
-19
-22
-18
-15
-17
-15
-18
-6
3
1
3
16
28
40
46
37
34
40
44
50
34
16
-4
-9
-12
-7
4
-2
-5
-11
-14
-11
-16
-14
2
6
30
42
37
52
37
23
29
15
2
5
-8
-10
-3
-1
9
12
12
-7
-9
-19
-35
-24
-17
-11
-2
4
15
50
59
52
43
40
48
46
37
15
1
-12
-21
-28
-21
-17
-27
-20
-15
-16
-5
4
14
19
21
31
28
34
44
36
39
36
39
67
64
57
60
44
43
44
30
27
19
10
16
22
47
62
71
53
61
140
247
503
695
640
405
162
158
428
704
590
203
-196
-364
-203
31
78
-92
-365
-474
-353
-121
-10
-108
-263
-357
-301
-182
-92
-23
76
71
-86
-267
-325
-255
-176
-265
-560
-838
-851
-738
-659
-638
-707
-725
-634
-544
-475
-363
-317
-277
-240
-224
-134
8
111
114
51
-28
-18
83
197
253
246
241
210
213
269
264
269
298
271
272
307
300
317
307
256
247
253
245
236
189
153
120
52
25
14
9
39
51
56
71
42
43
56
68
62
32
-3
-44
-17
51
105
163
209
212
185
174
178
174
164
93
51
44
37
74
116
103
100
102
69
34
-13
-96
-206
-291
-354
-385
-373
-407
-437
-459
-534
-574
-592
-628
-647
-633
-636
-651
-686
-709
-697
-687
-649
-607
-587
-553
-521
-527
-517
-481
-449
-347
-237
-136
1
132
271
429
559
685
820
976
1116
1219
1309
1376
1432
1452
1462
1463
1455
1458
1447
1380
1285
1189
1061
978
916
834
702
586
445
292
179
60
0
-73
-172
-247
-291
-318
-353
-371
-387
-414
-396
-393
-351
-299
-275
-244
-219
-191
-147
-100
-32
50
46
-9
-132
-274
-344
-387
-397
-409
-470
-556
-681
-816
-937
-1052
-1104
-1143
-1252
-1392
-1551
-1682
-1755
-1773
-1843
-1870
-1894
-1917
-1886
-1876
-1827
-1762
-1471
-1172
-931
-682
-438
-130
320
801
1183
1515
1702
1811
1946
2080
2255
2470
2510
2538
2452
2324
2294
2333
2313
2250
2121
1810
1523
1212
925
703
502
199
-60
-344
-616
-753
-862
-964
-1061
-1185
-1382
-1447
-1491
-1461
-1370
-1307
-1223
-1079
-965
-718
-360
-88
195
467
692
954
1222
1432
1639
1709
1719
1754
1719
1639
1535
1377
1185
994
718
450
193
-88
-387
-660
-958
-1226
-1469
-1702
-1869
-2008
-2136
-2219
-2280
-2378
-2447
-2477
-2501
-2458
-2387
-2382
-2321
-2239
-2210
-2114
-1993
-1912
-1735
-1416
-999
-660
-298
30
367
813
1301
1773
2177
2469
2643
2745
2773
2838
2968
3026
3038
3062
2894
2780
2713
2648
2568
2376
2084
1707
1310
909
645
401
102
-223
-525
-807
-982
-1064
-1146
-1193
-1274
-1446
-1609
-1739
-1826
-1761
-1695
-1600
-1484
-1367
-1141
-814
-453
-64
292
597
887
1098
1296
1518
1710
1812
1906
1896
1843
1746
1639
1539
1390
1152
870
564
261
-44
-340
-625
-898
-1157
-1454
-1739
-2030
-2258
-2416
-2526
-2664
-2770
-2928
-3065
-3127
-3142
-3038
-2980
-2894
-2812
-2759
-2704
-2582
-2404
-1983
-1560
-1205
-765
-369
61
695
1286
1812
2327
2567
2749
2961
3081
3249
3485
3510
3489
3423
3237
3183
3187
3165
3147
2965
2605
2267
1881
1515
1231
884
467
65
-382
-766
-958
-1120
-1240
-1348
-1555
-1698
-1811
-2009
-1959
-1905
-1960
-1850
-1763
-1667
-1346
-1058
-722
-250
61
408
756
955
1212
1523
1637
1809
1863
1744
1677
1599
1501
1465
1332
1104
941
591
275
60
-296
-640
-928
-1366
-1743
-2042
-2310
-2427
-2587
-2797
-2946
-3088
-3254
-3233
-3211
-3231
-3188
-3263
-3319
-3312
-3262
-3028
-2559
-2168
-1722
-1232
-822
-268
482
1144
1760
2301
2585
2853
3019
3136
3369
3548
3561
3629
3600
3530
3618
3669
3662
3638
3430
3131
2832
2414
2051
1721
1253
792
351
-119
-395
-582
-743
-812
-948
-1124
-1237
-1436
-1557
-1553
-1673
-1705
-1708
-1752
-1631
-1424
-1171
-789
-463
-168
163
408
675
1000
1237
1348
1388
1323
1230
1116
1052
1021
994
847
640
385
106
-42
-202
-431
-695
-1093
-1539
-1915
-2185
-2368
-2505
-2696
-2847
-2990
-3166
-3169
-3139
-3125
-3098
-3134
-3253
-3266
-3303
-3044
-2603
-2305
-1868
-1402
-991
-315
491
1146
1861
2317
2633
2949
3068
3174
3426
3466
3492
3502
3338
3307
3387
3433
3485
3471
3255
3033
2711
2360
2121
1802
1345
945
427
-30
-280
-466
-558
-603
-777
-895
-978
-1155
-1111
-1069
-1167
-1244
-1371
-1507
-1459
-1394
-1219
-916
-732
-496
-225
-12
326
650
835
973
1021
948
899
825
720
640
443
222
58
-203
-434
-542
-724
-941
-1117
-1404
-1656
-1869
-2132
-2224
-2368
-2586
-2668
-2778
-2943
-2902
-2897
-2864
-2773
-2796
-2767
-2670
-2633
-2270
-1924
-1692
-1277
-944
-587
44
651
1224
1845
2184
2595
2946
3114
3396
3674
3628
3667
3578
3401
3382
3378
3333
3306
3125
2900
2749
2454
2234
2053
1688
1255
856
314
-71
-363
-617
-780
-976
-1174
-1234
-1316
-1317
-1147
-1092
-1072
-1083
-1156
-1175
-1089
-1025
-858
-712
-621
-445
-293
-67
261
561
762
915
962
1005
1038
996
969
853
609
355
99
-208
-416
-592
-831
-1042
-1334
-1600
-1805
-1959
-2059
-2112
-2271
-2421
-2565
-2707
-2800
-2823
-2815
-2766
-2800
-2841
-2824
-2794
-2660
-2294
-1958
-1665
-1258
-959
-548
40
628
1170
1705
2006
2363
2645
2820
3120
3326
3307
3327
3215
3081
3096
3080
3073
3039
2825
2637
2454
2180
1997
1832
1510
1139
746
324
-27
-284
-529
-687
-852
-1070
-1143
-1244
-1237
-1069
-973
-913
-842
-871
-796
-679
-629
-464
-314
-238
-96
37
187
452
685
844
1025
1127
1175
1234
1219
1175
1080
814
549
263
-44
-297
-539
-807
-1027
-1265
-1511
-1642
-1802
-1897
-1935
-2053
-2221
-2318
-2469
-2551
-2598
-2672
-2692
-2774
-2809
-2809
-2763
-2696
-2568
-2331
-1971
-1697
-1310
-959
-578
-6
545
1029
1536
1907
2224
2566
2746
2967
3139
3112
3133
3087
2948
2950
2875
2799
2760
2601
2459
2343
2160
2024
1858
1535
1245
899
523
220
8
-215
-400
-582
-795
-875
-934
-955
-835
-771
-774
-696
-726
-662
-527
-463
-354
-245
-222
-103
37
167
436
649
794
968
1013
1040
1098
1073
1036
930
715
457
159
-174
-405
-681
-953
-1233
-1536
-1757
-1925
-2057
-2109
-2135
-2229
-2342
-2454
-2524
-2496
-2517
-2552
-2556
-2667
-2733
-2721
-2697
-2619
-2513
-2435
-2120
-1866
-1583
-1110
-739
-304
297
744
1211
1676
1956
2353
2662
2783
2964
3037
2951
2991
2925
2848
2878
2815
2743
2682
2521
2416
2337
2180
2045
1810
1468
1151
841
522
305
102
-135
-336
-550
-673
-687
-689
-646
-556
-564
-561
-512
-514
-448
-374
-333
-299
-288
-234
-111
-14
166
364
489
622
724
785
871
921
909
871
684
457
262
10
-231
-443
-687
-961
-1209
-1474
-1626
-1736
-1827
-1911
-2030
-2172
-2243
-2299
-2350
-2329
-2366
-2437
-2458
-2515
-2552
-2493
-2472
-2391
-2288
-2280
-2114
-1791
-1566
-1143
-737
-477
-49
408
799
1295
1639
1939
2271
2377
2478
2682
2671
2688
2763
2662
2622
2590
2465
2457
2379
2262
2276
2124
1951
1879
1688
1472
1319
1064
879
695
433
271
67
-131
-178
-264
-380
-365
-427
-467
-396
-378
-332
-281
-292
-233
-205
-215
-103
-62
-63
9
67
103
198
237
293
309
264
238
159
26
-62
-153
-347
-518
-697
-889
-1072
-1243
-1360
-1472
-1629
-1697
-1752
-1859
-1889
-1852
-1875
-1899
-1900
-1929
-1947
-2003
-1999
-1975
-1990
-1991
-1938
-1920
-1894
-1762
-1527
-1288
-1030
-740
-461
-130
284
721
1070
1354
1594
1860
2013
2131
2260
2313
2289
2276
2196
2153
2143
2109
2104
2069
2012
2000
1976
1932
1927
1839
1705
1605
1475
1319
1168
1001
803
563
338
196
73
-83
-129
-168
-280
-331
-348
-335
-297
-288
-268
-281
-369
-371
-346
-393
-378
-351
-338
-320
-311
-277
-188
-161
-94
-85
-166
-225
-287
-399
-494
-579
-685
-841
-1028
-1144
-1208
-1288
-1313
-1312
-1365
-1403
-1429
-1449
-1432
-1447
-1429
-1448
-1534
-1569
-1576
-1616
-1615
-1616
-1652
-1645
-1670
-1630
-1472
-1319
-1133
-884
-723
-474
-122
174
500
841
1071
1331
1548
1666
1818
1895
1898
1942
1902
1842
1882
1881
1884
1952
1981
2034
2124
2174
2241
2228
2157
2112
1982
1773
1599
1391
1121
875
602
390
210
34
-57
-142
-261
-295
-334
-410
-433
-445
-488
-549
-627
-672
-709
-772
-774
-740
-726
-697
-640
-583
-503
-432
-362
-317
-301
-289
-317
-370
-421
-483
-575
-673
-793
-900
-979
-1078
-1119
-1149
-1230
-1266
-1258
-1271
-1263
-1272
-1262
-1275
-1315
-1333
-1385
-1453
-1500
-1541
-1615
-1668
-1737
-1737
-1653
-1539
-1357
-1115
-881
-571
-214
131
482
802
1088
1371
1579
1731
1843
1896
1916
1941
1934
1937
1993
2030
2094
2175
2256
2376
2478
2545
2593
2570
2467
2338
2144
1933
1727
1432
1140
849
546
326
131
-42
-149
-262
-362
-412
-493
-556
-597
-651
-714
-786
-866
-941
-992
-1030
-1025
-1017
-995
-953
-886
-776
-635
-527
-443
-370
-332
-299
-269
-290
-347
-414
-510
-618
-753
-870
-946
-1020
-1061
-1096
-1150
-1173
-1184
-1176
-1151
-1143
-1145
-1145
-1190
-1252
-1318
-1394
-1481
-1545
-1601
-1642
-1680
-1693
-1605
-1484
-1339
-1126
-880
-610
-266
93
430
763
1051
1313
1555
1697
1828
1945
1988
2015
2063
2083
2153
2219
2265
2344
2406
2476
2570
2615
2634
2627
2529
2378
2188
1958
1729
1489
1212
934
644
380
168
-18
-177
-292
-417
-541
-621
-725
-788
-840
-908
-969
-1026
-1103
-1136
-1149
-1163
-1117
-1064
-1036
-973
-899
-819
-706
-616
-538
-468
-422
-372
-350
-354
-368
-375
-411
-467
-537
-622
-698
-777
-825
-888
-970
-1008
-1022
-1050
-1057
-1072
-1085
-1098
-1145
-1170
-1202
-1272
-1350
-1394
-1447
-1493
-1524
-1505
-1432
-1306
-1134
-913
-705
-441
-126
195
501
793
1043
1277
1486
1629
1785
1896
1963
2024
2088
2141
2227
2282
2339
2415
2453
2499
2548
2553
2540
2499
2375
2230
2046
1817
1605
1368
1070
776
453
155
-89
-324
-529
-708
-880
-1023
-1133
-1221
-1254
-1274
-1291
-1286
-1308
-1347
-1366
-1364
-1339
-1303
-1284
-1258
-1212
-1140
-1044
-912
-778
-688
-596
-481
-396
-316
-253
-221
-202
-229
-279
-344
-413
-457
-502
-550
-615
-685
-726
-736
-736
-722
-730
-752
-774
-829
-885
-933
-978
-1038
-1087
-1143
-1185
-1247
-1233
-1155
-1049
-898
-710
-518
-280
19
303
593
842
1068
1307
1484
1606
1725
1783
1813
1845
1848
1862
1893
1912
1955
2004
2040
2120
2194
2224
2268
2251
2157
2046
1888
1706
1512
1280
1007
708
378
108
-115
-343
-518
-666
-826
-920
-1000
-1052
-1053
-1060
-1071
-1080
-1119
-1149
-1152
-1165
-1167
-1164
-1184
-1172
-1157
-1101
-1008
-922
-815
-711
-631
-536
-453
-384
-310
-254
-235
-230
-262
-310
-360
-390
-437
-476
-516
-561
-573
-584
-588
-579
-574
-583
-590
-622
-653
-686
-736
-788
-844
-899
-949
-981
-1005
-963
-896
-806
-675
-503
-296
-33
223
453
681
888
1111
1297
1419
1504
1571
1570
1569
1569
1566
1587
1609
1624
1647
1679
1732
1826
1906
1940
1936
1890
1806
1709
1552
1370
1149
869
577
289
18
-216
-425
-600
-728
-866
-971
-1026
-1058
-1043
-1026
-1024
-1038
-1073
-1106
-1118
-1134
-1136
-1135
-1164
-1170
-1140
-1084
-1001
-903
-810
-690
-572
-458
-326
-231
-142
-50
-19
5
22
-6
-32
-63
-116
-176
-248
-309
-346
-369
-384
-391
-414
-454
-453
-455
-473
-490
-537
-605
-670
-758
-816
-886
-927
-942
-918
-894
-811
-698
-537
-329
-103
125
346
552
748
943
1085
1196
1280
1331
1362
1407
1431
1466
1501
1546
1601
1671
1768
1872
1946
1979
1977
1931
1864
1756
1614
1440
1210
947
680
420
156
-71
-306
-485
-645
-813
-913
-985
-1039
-1041
-1041
-1059
-1073
-1103
-1104
-1096
-1113
-1130
-1127
-1159
-1167
-1153
-1118
-1054
-971
-875
-736
-613
-475
-307
-162
-15
126
197
243
274
260
247
208
123
39
-57
-143
-212
-275
-331
-346
-366
-380
-383
-399
-421
-458
-515
-571
-652
-756
-835
-932
-1018
-1058
-1071
-1042
-950
-842
-663
-471
-262
-46
175
387
617
805
951
1061
1130
1180
1218
1261
1320
1371
1421
1471
1522
1594
1692
1778
1858
1920
1931
1908
1852
1752
1615
1453
1226
979
711
412
138
-111
-344
-520
-692
-832
-930
-1000
-1013
-994
-996
-984
-971
-984
-972
-976
-986
-991
-1018
-1057
-1079
-1097
-1065
-977
-884
-758
-624
-481
-312
-145
16
180
308
396
437
423
385
342
257
156
46
-79
-186
-265
-323
-364
-383
-410
-398
-407
-433
-433
-476
-567
-651
-771
-897
-991
-1092
-1157
-1186
-1221
-1173
-1081
-938
-721
-470
-238
29
264
482
694
878
1026
1139
1198
1236
1257
1224
1245
1279
1302
1337
1397
1470
1565
1631
1707
1772
1766
1729
1685
1572
1423
1227
980
723
440
173
-69
-293
-489
-646
-795
-897
-954
-980
-954
-917
-892
-867
-865
-869
-860
-876
-871
-860
-892
-911
-906
-889
-830
-713
-588
-439
-302
-169
-10
130
263
392
452
465
442
365
282
191
88
-20
-147
-277
-373
-456
-498
-498
-503
-507
-512
-532
-557
-596
-664
-730
-827
-959
-1074
-1179
-1240
-1243
-1221
-1161
-1056
-919
-719
-480
-232
47
310
553
759
916
1039
1145
1207
1251
1276
1276
1275
1272
1284
1329
1387
1454
1531
1602
1643
1674
1676
1647
1590
1484
1336
1143
918
669
435
184
-56
-245
-422
-572
-666
-736
-772
-774
-760
-724
-703
-685
-649
-626
-635
-632
-648
-663
-662
-656
-633
-622
-578
-495
-410
-310
-182
-72
29
119
176
218
221
195
170
98
-7
-120
-267
-393
-491
-580
-655
-699
-726
-742
-738
-731
-707
-700
-701
-729
-779
-854
-913
-965
-1010
-1031
-1035
-1014
-952
-850
-703
-507
-311
-76
151
353
536
721
856
981
1059
1108
1133
1138
1134
1140
1131
1118
1132
1158
1196
1234
1269
1286
1303
1291
1263
1215
1137
1028
882
709
528
339
159
12
-127
-268
-377
-464
-528
-550
-544
-507
-473
-443
-413
-376
-353
-333
-309
-310
-311
-333
-363
-386
-390
-373
-349
-308
-263
-205
-166
-117
-65
-35
-26
-31
-56
-108
-190
-277
-356
-454
-547
-630
-703
-754
-784
-802
-791
-772
-759
-731
-714
-698
-686
-708
-718
-720
-730
-718
-693
-659
-580
-486
-356
-198
-51
120
297
461
619
766
871
960
1012
1047
1066
1072
1076
1075
1049
1038
1052
1058
1074
1090
1102
1112
1091
1066
1049
998
933
852
732
598
461
325
198
76
-28
-116
-180
-228
-249
-266
-274
-269
-257
-245
-233
-225
-230
-239
-247
-273
-302
-328
-348
-356
-373
-387
-391
-381
-364
-342
-323
-304
-289
-282
-286
-291
-307
-335
-376
-432
-509
-579
-635
-681
-709
-727
-736
-738
-737
-738
-726
-721
-713
-711
-733
-742
-749
-737
-708
-663
-604
-515
-415
-299
-157
-8
154
301
425
527
608
660
701
712
714
711
700
683
677
681
695
722
752
787
812
831
851
863
861
847
805
750
671
572
479
380
290
212
126
47
-3
-42
-62
-62
-57
-38
-9
9
32
46
57
79
82
61
39
4
-36
-71
-110
-149
-176
-205
-211
-212
-223
-229
-236
-253
-273
-298
-348
-400
-471
-544
-613
-674
-730
-769
-789
-804
-788
-775
-753
-721
-686
-657
-631
-625
-632
-631
-636
-624
-598
-547
-475
-376
-273
-127
18
167
322
471
596
692
753
790
797
773
740
690
635
585
549
513
505
510
533
557
586
603
614
601
577
552
508
462
398
317
234
181
139
104
72
62
62
74
106
154
204
251
296
324
339
348
349
339
310
287
253
201
150
95
36
-19
-61
-99
-133
-169
-187
-215
-261
-309
-357
-420
-492
-569
-657
-742
-823
-888
-950
-994
-1027
-1026
-1012
-983
-926
-866
-798
-723
-658
-598
-551
-512
-465
-421
-362
-279
-183
-80
45
181
329
480
617
736
833
913
967
983
966
928
866
775
683
597
521
462
419
395
381
366
360
355
346
334
310
257
184
100
13
-68
-135
-190
-226
-259
-271
-256
-222
-163
-79
12
106
194
272
340
399
448
483
493
482
462
432
394
349
293
232
172
113
50
-10
-66
-132
-199
-269
-341
-411
-479
-553
-628
-715
-803
-870
-935
-972
-995
-1018
-1031
-1021
-997
-951
-901
-844
-780
-714
-638
-553
-451
-344
-235
-122
-3
123
261
405
546
693
824
924
1005
1061
1090
1092
1077
1026
947
849
739
634
537
445
370
289
216
149
98
48
19
-20
-73
-132
-205
-276
-337
-389
-418
-432
-445
-437
-404
-351
-273
-191
-108
-25
50
131
204
264
325
367
392
403
409
404
397
395
382
361
329
288
238
184
110
28
-70
-181
-296
-404
-516
-623
-720
-812
-892
-954
-994
-1016
-1012
-1006
-980
-949
-920
-875
-822
-772
-720
-651
-581
-474
-365
-253
-121
10
141
292
434
594
757
901
1019
1121
1183
1228
1246
1244
1231
1181
1109
1026
938
849
772
690
613
531
437
337
248
161
77
1
-94
-207
-336
-456
-556
-629
-686
-721
-740
-735
-709
-649
-563
-446
-329
-214
-106
-16
64
140
204
242
272
269
251
237
230
239
243
244
248
235
211
179
139
84
20
-64
-160
-268
-386
-500
-611
-712
-788
-854
-908
-934
-946
-945
-933
-909
-871
-823
-783
-728
-661
-588
-496
-386
-267
-132
17
168
329
491
657
836
997
1150
1275
1361
1418
1456
1462
1451
1409
1343
1254
1142
1026
921
817
710
614
500
385
272
171
73
-16
-121
-229
-345
-471
-581
-669
-755
-815
-867
-911
-919
-902
-858
-769
-670
-567
-464
-379
-292
-194
-110
-29
33
64
73
76
69
73
70
68
56
26
0
-24
-56
-88
-122
-178
-250
-323
-409
-483
-557
-616
-665
-709
-749
-768
-778
-779
-762
-740
-707
-667
-621
-570
-511
-453
-362
-266
-160
-32
109
253
416
582
748
917
1076
1220
1335
1412
1467
1515
1531
1534
1519
1471
1398
1316
1221
1129
1037
943
842
718
580
444
305
170
43
-98
-247
-385
-516
-621
-703
-766
-815
-854
-877
-879
-857
-816
-759
-692
-631
-573
-512
-456
-393
-327
-273
-234
-220
-215
-204
-186
-165
-146
-145
-167
-199
-234
-269
-298
-323
-358
-411
-475
-535
-597
-645
-683
-722
-762
-797
-825
-839
-839
-828
-812
-790
-758
-714
-663
-595
-512
-410
-296
-161
2
176
362
550
736
918
1097
1265
1415
1538
1627
1687
1714
1715
1691
1643
1581
1502
1405
1314
1226
1150
1078
989
880
764
638
509
386
266
131
-11
-171
-330
-470
-579
-655
-700
-740
-765
-773
-761
-712
-643
-567
-500
-456
-425
-395
-365
-330
-293
-261
-249
-259
-281
-301
-313
-313
-315
-330
-366
-422
-481
-545
-605
-665
-729
-802
-873
-946
-1004
-1039
-1059
-1066
-1067
-1052
-1032
-1005
-958
-898
-829
-754
-679
-604
-525
-440
-343
-219
-83
62
214
368
531
704
880
1068
1242
1393
1517
1609
1667
1720
1754
1779
1787
1754
1693
1613
1521
1440
1360
1280
1184
1069
943
813
684
563
449
331
194
52
-86
-202
-295
-360
-401
-437
-470
-494
-502
-499
-477
-449
-418
-386
-374
-363
-347
-349
-358
-368
-386
-403
-419
-435
-458
-492
-531
-573
-626
-675
-730
-794
-862
-934
-997
-1049
-1095
-1142
-1179
-1209
-1226
-1224
-1209
-1181
-1143
-1106
-1072
-1035
-991
-930
-853
-780
-707
-629
-530
-392
-221
-33
165
357
542
733
937
1145
1345
1523
1658
1752
1811
1842
1855
1859
1841
1795
1714
1619
1528
1453
1393
1327
1250
1161
1061
957
865
776
688
580
464
338
206
87
-7
-92
-172
-240
-299
-328
-336
-328
-322
-325
-330
-328
-316
-304
-284
-278
-303
-341
-369
-393
-413
-436
-477
-536
-609
-678
-737
-793
-856
-928
-1016
-1110
-1191
-1258
-1308
-1342
-1369
-1395
-1413
-1421
-1400
-1352
-1303
-1250
-1216
-1188
-1141
-1071
-985
-899
-811
-723
-631
-504
-346
-163
37
240
443
644
840
1044
1232
1392
1523
1617
1681
1724
1753
1769
1763
1740
1693
1630
1565
1501
1436
1370
1296
1218
1131
1041
958
861
760
654
540
430
325
231
147
65
-5
-70
-120
-160
-178
-186
-202
-218
-228
-239
-246
-239
-238
-246
-258
-280
-306
-339
-367
-395
-441
-495
-555
-627
-698
-770
-840
-913
-988
-1059
-1114
-1158
-1198
-1229
-1257
-1282
-1296
-1290
-1278
-1264
-1252
-1240
-1226
-1203
-1168
-1125
-1082
-1033
-982
-908
-800
-660
-500
-330
-153
22
207
409
614
820
1017
1181
1319
1410
1482
1552
1600
1625
1630
1610
1564
1507
1461
1436
1406
1365
1309
1240
1162
1094
1036
982
932
871
786
690
590
501
434
370
315
262
198
130
64
14
-20
-44
-76
-104
-137
-179
-216
-242
-261
-280
-313
-356
-399
-460
-517
-568
-622
-685
-759
-838
-916
-992
-1052
-1092
-1125
-1143
-1153
-1161
-1155
-1142
-1120
-1101
-1084
-1077
-1082
-1086
-1087
-1085
-1090
-1084
-1066
-1031
-982
-910
-818
-687
-538
-376
-205
-26
145
324
502
678
835
963
1068
1142
1197
1242
1274
1293
1301
1293
1280
1268
1248
1224
1216
1198
1174
1136
1099
1064
1030
993
936
859
766
678
617
570
513
465
414
360
290
243
222
192
153
122
86
24
-42
-83
-109
-150
-200
-260
-329
-407
-471
-518
-567
-619
-677
-728
-787
-843
-887
-916
-945
-970
-988
-1004
-1016
-1016
-1002
-989
-977
-957
-937
-935
-932
-937
-947
-955
-949
-928
-899
-867
-828
-772
-694
-590
-467
-328
-174
-22
125
265
404
532
658
758
826
867
893
919
946
959
970
979
969
957
962
972
980
978
972
960
938
912
890
873
838
783
719
653
584
528
484
443
393
338
291
246
208
181
156
126
82
36
-7
-53
-103
-146
-188
-241
-294
-353
-409
-461
-513
-565
-609
-655
-687
-706
-723
-744
-769
-792
-813
-822
-824
-827
-830
-850
-869
-879
-886
-875
-861
-854
-849
-844
-829
-791
-745
-697
-648
-591
-525
-440
-343
-226
-117
-9
92
196
304
415
521
613
675
723
760
795
831
856
866
858
833
802
799
795
808
818
818
803
776
758
745
734
722
699
668
624
575
514
466
416
368
318
266
213
169
127
92
63
41
15
-32
-71
-108
-141
-177
-208
-242
-294
-346
-392
-435
-483
-528
-568
-595
-611
-622
-613
-609
-597
-587
-563
-543
-527
-524
-523
-523
-533
-541
-550
-565
-581
-594
-616
-617
-602
-574
-526
-471
-413
-351
-279
-196
-97
0
96
187
259
337
427
516
596
659
707
738
753
765
782
792
783
762
738
711
687
669
646
626
594
570
549
524
501
473
439
396
354
313
284
254
214
164
106
54
21
6
-2
-9
-29
-53
-79
-98
-111
-127
-140
-169
-206
-250
-294
-325
-352
-372
-383
-405
-425
-436
-435
-433
-425
-414
-392
-380
-371
-358
-342
-344
-361
-388
-412
-436
-456
-463
-483
-495
-506
-511
-505
-487
-458
-426
-401
-373
-341
-301
-256
-201
-141
-84
-31
17
68
138
207
275
335
386
436
492
558
616
657
686
706
709
702
688
674
650
623
592
551
508
461
424
392
350
305
252
209
162
121
78
41
-5
-45
-76
-106
-138
-165
-190
-211
-218
-229
-235
-242
-256
-264
-266
-268
-265
-265
-260
-265
-272
-280
-276
-271
-251
-229
-207
-195
-179
-174
-167
-161
-159
-155
-161
-169
-183
-197
-216
-232
-257
-278
-293
-305
-312
-308
-302
-288
-272
-249
-225
-203
-173
-147
-115
-81
-47
-6
42
79
118
166
218
267
317
374
415
447
467
494
519
536
540
537
530
506
481
454
433
412
388
353
315
278
238
205
173
140
114
75
35
-5
-41
-71
-113
-152
-179
-202
-219
-236
-241
-247
-255
-267
-274
-281
-281
-271
-270
-259
-252
-243
-235
-222
-209
-187
-155
-122
-102
-85
-71
-50
-34
-21
-20
-24
-24
-35
-36
-49
-62
-78
-87
-98
-112
-120
-124
-116
-113
-103
-91
-77
-62
-45
-30
-11
7
25
46
67
83
105
125
137
146
151
167
182
198
209
220
227
229
231
233
233
224
212
200
176
156
134
113
98
72
55
33
17
11
11
3
-9
-26
-43
-50
-57
-60
-66
-83
-99
-121
-136
-144
-142
-142
-141
-150
-146
-131
-115
-95
-79
-54
-30
-16
1
23
45
53
62
81
87
94
98
112
124
115
116
120
118
115
112
108
103
91
75
62
52
40
24
9
-1
-16
-30
-34
-30
-23
-24
-19
-16
-9
-9
-6
-1
2
8
9
7
0
-13
-15
-22
-20
-24
-29
-22
-16
-16
-17
-18
-12
-15
-17
-23
-30
-44
-55
-78
-100
-119
-132
-142
-165
-181
-202
-216
-225
-232
-237
-242
-244
-252
-246
-244
-244
-226
-224
-210
-193
-175
-156
-142
-106
-64
-35
-3
34
66
99
132
160
192
225
238
253
262
268
269
268
266
265
254
247
247
234
241
241
234
236
231
222
213
206
192
172
153
137
125
106
87
71
46
27
7
-1
-10
-20
-34
-47
-57
-64
-64
-72
-71
-81
-97
-112
-129
-138
-152
-166
-183
-208
-229
-241
-249
-256
-268
-274
-283
-289
-290
-291
-292
-288
-278
-278
-279
-277
-276
-275
-277
-280
-275
-264
-245
-233
-215
-193
-169
-142
-104
-60
-20
24
58
98
136
171
204
234
274
303
322
337
350
363
365
367
380
387
393
387
376
377
372
364
358
350
337
317
303
294
289
277
268
265
251
230
206
187
166
143
122
91
64
34
3
-25
-53
-75
-93
-114
-127
-144
-167
-180
-194
-205
-207
-220
-233
-249
-265
-277
-300
-319
-333
-352
-368
-375
-389
-404
-407
-413
-412
-424
-434
-426
-412
-391
-385
-376
-356
-330
-294
-256
-220
-189
-157
-121
-77
-25
26
75
111
141
183
215
257
295
324
351
367
387
406
423
439
449
456
455
454
454
452
449
434
410
390
368
346
333
313
290
270
250
234
215
200
180
160
138
118
106
90
79
69
52
25
-1
-22
-43
-57
-77
-98
-118
-139
-150
-165
-181
-195
-216
-227
-244
-259
-269
-282
-286
-299
-304
-309
-320
-334
-347
-355
-359
-366
-374
-383
-388
-398
-405
-405
-399
-397
-395
-384
-366
-343
-313
-283
-248
-212
-186
-146
-102
-56
-2
48
88
124
159
195
230
263
296
307
322
340
356
374
389
399
403
411
410
407
406
405
398
379
352
338
316
296
279
259
241
217
198
173
148
135
125
108
94
78
65
48
31
18
14
2
-13
-28
-41
-50
-66
-80
-103
-114
-122
-128
-138
-154
-173
-192
-211
-231
-245
-260
-277
-294
-313
-328
-338
-355
-365
-364
-364
-363
-368
-368
-365
-359
-342
-327
-314
-292
-270
-251
-227
-190
-161
-124
-85
-44
4
42
83
119
152
187
221
253
284
307
327
342
363
379
396
399
402
406
395
381
370
356
344
327
306
279
249
224
192
167
146
120
98
72
52
32
13
2
-10
-15
-23
-31
-43
-49
-58
-64
-66
-75
-80
-83
-88
-98
-107
-115
-118
-129
-134
-140
-142
-144
-151
-157
-166
-171
-183
-189
-201
-217
-233
-249
-269
-278
-286
-291
-289
-292
-288
-286
-271
-261
-246
-228
-209
-186
-170
-148
-127
-97
-58
-19
18
54
86
125
152
175
203
230
258
280
299
313
335
346
354
356
358
357
360
361
351
346
336
323
302
285
267
245
221
198
171
151
120
92
68
46
26
1
-10
-23
-33
-55
-66
-75
-91
-102
-112
-117
-127
-134
-130
-134
-139
-138
-143
-149
-152
-154
-155
-154
-152
-153
-157
-167
-166
-168
-166
-160
-158
-154
-150
-150
-146
-142
-140
-124
-119
-111
-100
-94
-77
-70
-62
-52
-46
-33
-17
-7
10
25
41
55
73
92
110
127
138
154
170
178
181
184
188
194
199
209
214
214
218
224
222
213
204
194
181
168
157
148
141
120
100
81
61
47
35
20
8
-9
-23
-34
-51
-67
-83
-103
-118
-130
-141
-151
-169
-186
-198
-214
-223
-232
-234
-238
-243
-245
-250
-249
-246
-244
-235
-225
-217
-218
-210
-202
-194
-179
-174
-166
-152
-136
-123
-109
-99
-83
-64
-46
-29
-13
1
16
35
49
70
91
106
123
135
151
158
169
187
201
214
224
229
230
231
235
235
229
229
226
219
213
204
197
196
182
170
160
144
140
130
123
112
91
74
59
48
30
7
-6
-19
-37
-45
-56
-71
-85
-97
-110
-122
-134
-139
-141
-142
-148
-152
-154
-157
-159
-157
-152
-146
-142
-139
-136
-129
-126
-123
-114
-106
-103
-97
-90
-86
-83
-75
-67
-63
-53
-44
-30
-19
-9
2
13
25
34
39
43
58
59
72
79
88
96
100
111
112
110
115
125
130
128
136
140
143
148
152
152
151
150
153
152
146
141
133
126
113
104
91
81
68
56
41
28
14
3
-7
-24
-34
-51
-67
-79
-94
-107
-121
-130
-139
-148
-156
-166
-173
-180
-183
-185
-185
-188
-194
-191
-192
-193
-193
-191
-179
-170
-158
-152
-143
-135
-121
-102
-88
-73
-64
-54
-38
-25
-13
-2
15
34
50
64
75
87
95
109
120
129
138
145
161
172
177
176
174
177
181
184
184
184
182
177
176
174
171
165
158
152
149
148
134
122
113
107
95
83
73
61
53
43
39
26
12
-1
-15
-24
-38
-51
-62
-66
-73
-83
-92
-105
-111
-117
-124
-136
-142
-148
-153
-160
-169
-175
-180
-183
-183
-184
-189
-191
-195
-194
-189
-188
-187
-177
-171
-162
-161
-157
-146
-140
-130
-113
-101
-89
-75
-62
-39
-32
-17
-6
7
24
38
55
66
79
91
101
110
122
135
143
157
165
172
175
180
187
185
187
185
183
176
174
174
170
164
157
149
138
133
124
108
99
89
79
69
53
35
23
19
10
-6
-18
-25
-36
-50
-61
-74
-83
-91
-98
-109
-119
-129
-140
-144
-146
-151
-157
-164
-166
-168
-172
-175
-177
-170
-167
-167
-161
-157
-155
-149
-140
-133
-123
-108
-102
-95
-89
-83
-73
-61
-48
-38
-28
-13
0
14
26
37
47
67
78
83
100
113
128
134
141
153
160
167
173
178
184
184
187
194
194
192
193
193
193
189
188
188
183
177
169
166
161
153
142
133
127
116
106
94
85
70
55
45
32
21
6
-3
-10
-22
-34
-50
-58
-68
-73
-83
-97
-103
-113
-120
-129
-137
-144
-153
-156
-165
-169
-175
-178
-177
-175
-177
-179
-177
-175
-171
-167
-161
-156
-150
-140
-130
-123
-114
-102
-93
-83
-74
-64
-57
-50
-42
-37
-28
-19
-13
-1
7
15
26
31
41
45
54
65
68
79
85
87
91
94
97
97
98
100
100
102
96
92
93
90
91
92
89
87
85
90
86
77
73
67
65
57
56
55
53
56
51
48
41
37
35
24
17
7
0
-6
-9
-16
-25
-30
-36
-41
-45
-45
-47
-48
-44
-44
-50
-50
-50
-53
-53
-56
-57
-56
-53
-51
-49
-48
-48
-45
-41
-37
-39
-37
-32
-29
-28
-25
-22
-18
-18
-16
-11
-7
-4
1
5
7
9
12
18
19
22
26
27
25
23
26
26
26
29
30
31
32
34
32
32
33
37
36
38
40
43
44
46
44
42
43
40
39
37
37
34
31
25
23
19
15
13
11
9
7
7
7
7
4
1
-1
0
-6
-15
-19
-22
-25
-29
-31
-37
-41
-40
-37
-41
-46
-45
-45
-46
-48
-49
-46
-43
-39
-37
-35
-34
-34
-33
-28
-27
-30
-28
-27
-30
-28
-27
-24
-24
-24
-23
-22
-20
-22
-21
-20
-20
-16
-16
-13
-17
-19
-18
-18
-19
-19
-17
-18
-20
-19
-15
-16
-17
-12
-11
-7
-5
-4
0
1
6
8
9
13
11
15
19
26
29
35
43
46
47
48
52
53
55
55
58
60
64
60
59
60
62
65
67
66
65
68
70
72
69
67
66
63
60
57
54
50
49
48
43
39
36
41
41
36
31
28
25
20
16
10
4
-4
-9
-15
-22
-27
-32
-39
-41
-49
-54
-58
-62
-66
-72
-76
-83
-87
-91
-95
-98
-102
-106
-109
-109
-109
-108
-109
-108
-104
-103
-102
-101
-100
-99
-98
-98
-94
-88
-86
-81
-77
-72
-66
-58
-49
-40
-32
-23
-14
-5
4
12
19
26
34
39
46
50
57
62
69
75
82
87
93
99
107
113
114
118
122
125
127
125
125
124
125
126
122
124
125
123
120
114
110
104
99
96
91
86
79
70
61
52
42
35
29
21
16
4
-5
-14
-25
-32
-41
-50
-56
-67
-76
-82
-91
-98
-106
-114
-119
-123
-128
-131
-134
-137
-138
-136
-137
-138
-137
-138
-136
-132
-131
-128
-123
-117
-113
-108
-103
-98
-91
-80
-70
-61
-49
-41
-29
-21
-13
-1
10
24
34
46
57
67
81
94
105
116
125
133
140
148
153
158
169
175
180
185
189
191
194
195
196
195
193
188
183
180
176
171
165
159
150
140
129
115
103
91
80
68
54
38
19
3
-10
-27
-43
-56
-71
-85
-99
-115
-132
-149
-164
-178
-191
-203
-213
-225
-236
-243
-253
-260
-267
-270
-272
-275
-275
-276
-276
-275
-271
-266
-262
-257
-249
-239
-230
-219
-208
-195
-179
-165
-151
-131
-115
-99
-81
-65
-47
-28
-10
8
27
47
66
85
103
121
138
154
170
186
200
214
226
237
248
257
268
275
277
280
281
280
280
282
278
276
270
264
255
247
236
221
209
196
180
164
150
132
115
97
76
57
38
20
-1
-21
-42
-63
-82
-103
-123
-139
-158
-172
-188
-206
-216
-229
-242
-254
-263
-270
-276
-282
-285
-288
-291
-290
-288
-284
-278
-272
-264
-256
-248
-237
-225
-214
-202
-188
-172
-155
-137
-118
-97
-78
-59
-38
-17
3
27
48
68
88
107
125
145
161
179
196
213
230
245
259
272
283
293
301
307
312
317
320
323
324
324
324
320
315
308
301
293
283
272
260
244
229
211
193
175
157
136
117
98
77
57
37
15
-8
-32
-53
-75
-97
-117
-135
-156
-174
-190
-211
-228
-242
-257
-268
-277
-287
-295
-303
-310
-317
-320
-323
-325
-323
-321
-314
-309
-300
-292
-282
-272
-262
-249
-235
-220
-201
-184
-164
-144
-123
-100
-80
-57
-34
-13
9
31
51
73
93
115
136
160
182
200
218
233
250
266
281
293
303
313
320
326
330
333
335
335
337
333
328
323
314
307
294
283
270
255
241
224
206
189
170
149
129
108
88
67
45
22
0
-24
-46
-67
-90
-113
-135
-154
-174
-195
-214
-231
-246
-262
-275
-286
-295
-304
-315
-322
-328
-332
-333
-334
-336
-334
-332
-326
-319
-311
-302
-294
-283
-272
-259
-244
-228
-212
-193
-175
-157
-136
-116
-95
-73
-52
-31
-9
13
33
55
75
97
118
137
156
174
188
203
217
232
246
257
267
275
281
286
289
293
295
296
296
296
292
285
278
269
259
248
236
223
208
193
177
160
141
125
107
89
71
53
34
11
-9
-30
-49
-68
-86
-104
-123
-140
-154
-171
-186
-201
-215
-227
-238
-246
-254
-262
-269
-274
-279
-281
-282
-282
-279
-276
-271
-264
-258
-251
-244
-233
-223
-211
-197
-183
-168
-153
-138
-121
-104
-83
-66
-48
-29
-10
9
27
46
66
86
103
120
138
154
170
185
201
212
224
236
246
256
263
270
274
278
280
280
282
281
278
275
269
262
255
246
236
227
217
205
190
175
160
145
128
112
93
77
58
40
21
2
-16
-33
-52
-68
-85
-102
-118
-131
-145
-158
-171
-184
-192
-202
-209
-216
-223
-228
-232
-237
-238
-236
-235
-233
-230
-224
-220
-215
-208
-198
-187
-175
-160
-147
-133
-118
-103
-89
-72
-59
-43
-26
-9
8
24
40
55
70
85
100
114
128
140
153
164
174
184
192
202
207
213
219
222
225
225
225
223
221
219
214
210
203
195
188
178
168
156
147
136
124
112
97
82
66
52
36
22
7
-7
-23
-38
-51
-67
-81
-95
-107
-120
-131
-143
-155
-164
-172
-180
-188
-195
-202
-207
-211
-212
-215
-215
-214
-214
-211
-210
-207
-201
-193
-188
-180
-173
-165
-157
-147
-137
-125
-114
-102
-91
-77
-65
-52
-39
-27
-15
-1
10
21
33
43
55
63
74
83
94
103
111
119
126
134
139
143
148
151
153
154
155
155
154
154
150
150
147
142
138
133
128
121
114
104
97
87
78
67
57
48
38
30
18
6
-3
-14
-24
-36
-48
-57
-65
-72
-82
-91
-100
-108
-114
-119
-124
-130
-136
-139
-142
-144
-146
-146
-146
-144
-143
-141
-138
-135
-131
-130
-124
-117
-111
-104
-97
-90
-82
-72
-62
-54
-46
-38
-26
-17
-5
5
16
26
35
45
53
63
73
81
88
96
102
107
113
116
120
125
129
131
135
137
139
139
139
138
134
131
126
124
121
116
111
103
98
90
84
77
68
62
54
46
36
26
18
9
2
-6
-14
-23
-31
-36
-44
-52
-62
-68
-75
-80
-83
-88
-91
-96
-101
-103
-107
-106
-105
-106
-104
-106
-104
-100
-99
-92
-90
-84
-81
-73
-67
-63
-56
-54
-47
-41
-34
-26
-21
-11
-5
3
11
16
24
30
36
39
43
47
52
59
61
66
69
71
77
78
81
82
81
83
83
83
79
79
77
72
74
71
70
65
60
56
50
48
42
40
36
27
23
13
9
2
-3
-7
-15
-17
-25
-30
-34
-41
-41
-47
-49
-52
-55
-57
-60
-58
-61
-59
-61
-63
-62
-64
-59
-59
-55
-55
-55
-51
-51
-44
-41
-41
-35
-34
-28
-26
-23
-19
-17
-12
-10
-4
1
6
12
18
22
24
29
31
33
38
40
44
47
47
51
52
53
52
53
53
55
58
59
59
57
54
52
49
48
46
46
41
36
34
30
27
24
22
18
13
11
6
6
2
0
-2
-9
-12
-16
-19
-21
-24
-25
-32
-34
-37
-39
-40
-43
-40
-47
-48
-49
-53
-51
-55
-53
-55
-53
-50
-50
-48
-48
-44
-44
-45
-40
-41
-36
-32
-30
-29
-28
-21
-19
-15
-12
-7
-4
-3
2
3
5
8
11
16
16
19
18
23
25
24
26
23
25
27
28
28
26
26
27
28
27
28
29
26
26
24
24
21
18
17
14
13
11
8
6
4
4
0
-2
-4
-5
-8
-6
-8
-12
-12
-16
-16
-17
-20
-21
-24
-24
-25
-26
-27
-28
-28
-29
-26
-27
-23
-21
-20
-14
-13
-14
-14
-9
-11
-10
-5
-6
-2
-1
1
3
5
8
7
12
13
18
20
19
22
21
23
24
24
28
30
33
33
35
34
35
37
37
38
36
34
33
31
30
27
26
23
22
20
17
17
13
15
12
11
9
5
2
-3
-4
-8
-10
-15
-20
-19
-23
-22
-26
-28
-28
-28
-28
-31
-32
-34
-34
-34
-35
-32
-34
-32
-34
-35
-33
-32
-29
-27
-25
-23
-23
-23
-21
-19
-17
-17
-14
-14
-13
-10
-11
-10
-5
-3
1
6
7
9
10
12
14
15
17
18
17
18
18
18
20
22
23
23
24
26
26
25
26
25
26
25
25
28
28
31
30
30
29
26
26
24
23
23
21
19
17
16
16
17
13
11
9
9
8
6
4
1
2
2
1
1
-1
-3
-6
-7
-5
-7
-7
-7
-12
-15
-15
-16
-17
-19
-18
-19
-20
-17
-19
-18
-19
-20
-16
-14
-17
-14
-16
-18
-17
-18
-16
-15
-15
-14
-18
-14
-14
-13
-8
-7
-6
-5
-3
-3
-4
-3
-2
0
0
1
1
3
5
5
4
6
7
8
11
10
9
10
13
13
14
13
11
12
13
11
13
12
10
8
8
9
7
9
6
6
5
4
3
2
3
3
1
-1
-2
-4
-7
-5
-4
-6
-5
-6
-7
-7
-6
-7
-10
-11
-12
-13
-14
-14
-14
-13
-12
-10
-13
-12
-13
-17
-15
-14
-14
-14
-14
-12
-10
-9
-8
-11
-8
-7
-10
-6
-5
-4
-5
-4
-2
-1
0
2
1
-2
-2
-1
2
2
2
1
-1
1
2
3
5
4
7
8
6
8
8
9
8
7
8
6
7
10
9
10
7
11
12
12
13
11
12
12
13
13
15
13
15
12
12
13
13
12
12
10
10
12
10
9
7
9
7
4
4
2
1
0
1
-1
-2
0
1
-2
-1
0
-2
-3
-2
-4
-5
-4
-1
1
1
5
6
3
3
2
2
6
5
5
1
-1
1
2
3
2
3
4
1
2
2
2
3
0
1
-2
-2
1
-5
-4
-5
-7
-2
-3
-2
-2
-3
-2
-6
-3
-3
-4
-2
1
-2
-1
-4
-4
-2
-4
0
-2
-3
2
-2
0
0
-1
0
-1
1
2
2
3
4
2
3
1
0
-2
-3
-2
-3
-3
-1
-3
-2
-1
0
1
1
3
1
-2
-2
-3
-6
-6
-7
-6
-8
-4
-5
-3
-2
2
2
0
1
-1
1
0
-3
-3
-1
-2
-2
1
-2
-2
-2
1
-2
-1
3
1
2
3
-4
-3
-5
-5
-2
-2
2
-2
-4
4
1
0
2
0
1
1
1
1
-2
3
0
-5
0
-3
-5
-1
-4
-3
-2
-3
-1
-4
-4
-1
-5
-1
1
-3
3
1
0
2
0
4
0
4
7
0
6
7
0
5
4
4
10
4
7
2
-1
6
-5
-1
1
-5
4
1
3
6
3
5
0
-3
6
-2
2
6
-4
2
-6
-9
-1
-11
-3
-5
-14
2
-6
-5
-1
-13
0
-6
-8
1
-11
-5
-7
-16
-3
-6
-7
6
-8
3
3
-10
4
-7
0
3
-8
3
-3
-7
1
-8
-5
0
-7
6
-1
1
7
-6
5
2
-1
6
2
6
7
3
7
4
4
9
1
4
3
4
13
5
15
13
13
18
11
11
8
7
9
6
3
6
4
12
10
8
13
3
9
5
4
11
2
5
1
-1
0
-5
-2
-3
-11
-3
-4
-10
2
-7
-2
-1
-8
5
-8
-5
2
-13
0
-6
-13
0
-14
-6
-3
-11
5
-10
-7
1
-13
2
-3
-12
5
-16
-9
0
-15
3
-6
-10
5
-14
-1
3
-12
9
-8
-4
9
-12
6
0
-7
8
-9
1
2
-11
5
-4
-3
10
-8
8
7
-3
18
2
6
16
2
17
8
2
15
3
10
9
2
13
4
8
15
-2
9
3
-3
5
-6
1
-2
0
8
0
2
3
-5
4
-2
-6
-6
-17
-11
-17
-17
-9
-16
-8
-10
-14
-11
-15
-13
-10
-12
-4
-10
-7
-5
-16
-2
-7
-6
-3
-11
-6
-7
-8
0
-8
-4
-4
-14
-3
-11
-8
2
-11
0
-5
-10
6
-10
0
1
-6
8
-6
3
7
-3
10
3
-1
12
2
8
8
0
12
-2
5
8
-4
12
4
4
8
1
13
7
8
14
5
11
10
4
11
-2
6
3
-1
10
3
9
12
1
13
2
1
8
-6
6
-1
-5
9
-10
-1
-3
-11
2
-12
-4
2
-11
3
-6
-12
-6
-17
-10
-12
-15
-7
-15
-9
-9
-15
-1
-7
0
2
-6
3
-3
2
5
-3
5
0
-1
8
-2
8
6
1
8
-2
8
6
0
13
-1
4
9
-5
12
3
1
12
-5
10
6
0
16
-1
7
11
0
16
4
5
14
3
16
7
4
15
-2
8
7
-1
15
4
12
12
2
16
2
6
6
-6
7
-3
-2
6
-10
3
-3
-14
2
-12
-3
0
-9
3
-11
-7
0
-15
1
-6
-13
-2
-16
-7
-7
-14
-1
-12
-7
-1
-11
1
-4
-7
2
-10
-4
-10
-13
-6
-15
-2
-2
-9
1
-6
-1
2
-2
8
-1
8
8
-1
10
4
2
4
-3
4
3
3
10
0
8
6
1
12
5
10
12
2
10
4
6
11
1
10
2
3
11
4
8
4
1
6
0
2
4
-5
2
-3
-1
0
-7
0
-4
-3
0
-8
-4
-1
-3
0
-6
-5
-1
-7
-4
-9
-12
-10
-13
-15
-14
-16
-12
-12
-13
-12
-16
-13
-6
-9
-5
-5
-9
-3
-7
-5
0
-5
-1
-1
-4
2
-6
-3
0
-6
1
-1
1
6
0
4
2
2
4
4
11
5
7
12
5
14
11
8
13
7
19
14
11
17
8
15
6
6
10
2
10
9
1
10
0
7
9
-1
12
2
8
12
2
12
0
0
4
-5
5
-2
-5
1
-7
2
1
-3
0
-7
0
-2
-6
1
-8
-5
-7
-10
-3
-8
-5
-6
-9
1
-5
-2
-3
-11
-6
-15
-11
-10
-14
-6
-14
-10
-7
-12
-4
-7
-3
-3
-9
-2
-6
-2
6
0
5
3
2
6
-3
6
1
2
6
-4
2
-1
-1
5
-3
4
1
0
7
-3
8
8
2
8
-2
3
4
-2
7
2
5
8
0
5
1
-2
3
-2
3
3
0
5
-1
-1
-1
-6
-3
-6
-3
-2
-4
0
-2
-2
-4
-4
-3
-4
-5
-3
-2
-7
-7
-7
-8
-7
-11
-9
-6
-7
1
-3
-3
-3
-7
-1
-4
0
1
-2
-1
-5
-4
0
-6
2
-4
-3
3
-2
7
2
3
6
-3
5
3
4
13
3
13
10
11
19
9
18
11
8
20
9
14
16
9
11
5
12
12
6
14
4
4
10
5
10
4
7
6
2
8
0
4
5
4
6
3
9
4
0
4
-3
3
1
1
7
-1
2
2
-3
3
-5
0
0
-4
4
-7
-2
-3
-8
4
-3
-1
1
-8
1
-6
-7
0
-7
0
-1
-3
-1
-7
-2
0
0
3
-3
0
0
-2
4
1
1
-2
-1
-3
-4
-3
-3
3
-3
-1
-2
-4
1
-5
-1
-3
-5
1
-6
-4
-3
-10
0
-7
-4
3
-3
6
1
-1
4
-3
3
1
-3
2
-6
0
-2
-7
-2
-9
-3
-6
-7
-6
-6
-2
-7
-2
-4
-7
-1
-7
-5
-5
-7
0
-7
-1
-4
-7
0
-8
2
-4
-7
4
-8
-2
2
-12
0
-8
-7
-2
-11
2
-11
-5
-2
-16
-2
-8
-5
2
-5
3
-1
0
1
-10
1
-6
0
3
-6
2
-2
0
2
-3
6
4
3
7
1
7
0
5
7
-1
9
-2
3
8
-1
9
4
5
8
-1
6
1
-2
5
-3
5
-2
-4
3
-5
1
0
0
8
4
7
3
1
6
0
3
4
1
6
2
3
0
1
-2
-6
2
-4
5
9
3
8
3
4
4
2
7
3
5
10
4
7
4
5
9
5
9
4
3
4
1
1
-1
0
-4
-3
-4
-4
-4
-3
-1
0
2
4
-4
-1
-3
-5
1
-4
1
-2
-10
-4
-11
-7
-7
-12
0
-11
-3
-2
-9
5
-5
-2
0
-5
1
-3
-1
0
-5
5
-5
-4
3
-5
5
-1
2
3
-1
8
0
4
4
0
7
0
4
6
2
10
2
5
8
5
10
6
8
5
2
6
-1
2
2
-2
3
-2
3
3
-2
1
-3
2
1
0
3
-1
2
2
5
5
3
6
-2
0
-3
-2
3
-5
4
-3
-4
2
-5
0
-5
-9
2
-9
-3
-2
-9
5
-10
-1
0
-8
5
-11
-4
-4
-13
-1
-11
-9
-1
-10
1
-4
-5
2
-9
0
-1
-2
4
-3
3
-1
-2
1
-3
0
1
0
0
-2
2
0
2
-1
-2
1
0
5
5
2
6
-2
3
6
4
11
6
7
6
-2
2
1
0
4
0
4
5
-1
4
3
-1
2
-4
-3
1
-3
5
-4
-7
-4
-11
-1
-6
-7
1
-10
-4
-6
-8
2
-6
-1
-3
-7
3
-2
3
2
-2
6
-1
4
4
1
6
-1
2
2
-4
1
-3
1
1
-3
3
-5
1
-1
-3
4
-2
3
2
1
7
0
4
2
-1
6
-1
3
3
-1
5
1
4
5
0
3
2
2
2
1
1
0
3
5
7
6
7
5
3
7
4
10
5
7
9
1
5
1
-2
5
-1
4
2
-3
3
-5
0
-1
-4
6
-3
2
2
-4
4
-7
-5
-6
-10
-4
-12
-7
-8
-13
-6
-14
-8
-10
-13
-4
-11
-4
-5
-10
-4
-11
-2
-2
-3
7
-3
0
0
-4
2
-2
0
4
0
3
0
0
4
1
6
3
4
5
5
8
6
10
9
9
8
9
12
8
11
9
6
9
6
9
7
4
7
0
7
8
4
9
2
6
6
2
8
1
2
5
0
2
-1
1
0
-5
-3
-4
-2
1
0
-1
-2
-3
-5
-4
-5
-5
-6
-6
-6
-5
-7
-7
-9
-7
-7
-6
-4
-7
-6
-8
-11
-9
-12
-12
-13
-12
-10
-10
-7
-8
-7
-7
-10
-8
-6
-1
2
2
5
0
2
3
1
5
5
7
6
6
9
6
12
10
6
12
8
11
9
9
10
7
13
9
6
11
7
9
5
6
11
2
7
2
0
5
-2
4
-1
-2
2
-4
1
0
-4
-1
-7
0
-3
-4
0
-7
-2
-4
-7
-1
-9
-5
-7
-9
-6
-10
-5
-6
-6
-5
-8
-5
-6
-5
-3
-4
0
-3
-5
-9
-9
-6
-5
0
-5
-6
-1
-4
0
2
0
2
-1
2
-3
-3
2
-2
3
-3
-8
2
-4
4
2
-2
4
-3
2
3
4
8
3
5
1
-2
2
-2
-1
-1
-2
1
0
4
2
3
2
2
4
1
3
1
3
4
0
3
-3
-2
1
-4
1
-2
-1
5
-5
5
1
-1
6
-5
3
-2
-4
2
-6
2
-2
-5
2
-7
0
-1
-4
7
-6
2
1
-3
7
-5
2
0
-6
4
-2
1
1
-2
5
-2
2
3
1
7
0
4
2
-1
5
-1
3
2
0
8
0
6
4
1
7
0
3
0
-3
4
-2
6
2
0
4
-3
4
1
-2
5
-3
4
3
-4
5
-7
0
-2
-7
0
-6
-1
-6
-10
-3
-12
-6
-9
-12
-3
-10
-5
-4
-6
2
-6
-2
-7
-11
-2
-8
-2
-3
-7
0
-5
-2
1
-6
3
-4
1
3
-5
5
-3
0
1
-4
5
-5
-2
1
-6
3
-4
-2
4
-3
7
1
3
7
-2
6
0
-1
5
-5
4
0
-3
6
-2
6
3
-1
7
0
5
8
2
9
3
7
9
4
11
6
9
14
8
14
10
10
10
3
8
3
4
5
1
3
3
4
4
1
2
-2
2
1
0
5
0
3
-1
-1
3
-3
1
-1
-4
2
-3
-1
0
-5
0
-7
-5
-2
-9
2
-2
-3
1
-7
1
-4
-4
3
-3
2
-1
-4
2
-6
0
0
-1
6
-3
2
2
-4
6
0
-1
-1
-7
3
-4
-2
2
-10
-2
-5
-8
-2
-7
-1
-4
-5
3
-4
2
3
-2
3
-1
2
3
-3
2
-5
-6
-1
-5
2
-4
-6
1
-8
-4
-4
-3
1
-6
-2
-4
-7
-1
-3
1
5
0
3
-2
-3
-1
-9
-1
-3
-4
3
-3
2
0
0
3
-6
0
-3
-6
3
-4
1
1
-2
4
-3
0
1
-1
8
-1
0
6
0
10
2
4
9
-1
9
1
4
11
1
8
2
-2
5
-4
5
1
-1
12
1
8
8
-1
11
1
2
0
-6
7
-5
1
4
-6
3
-5
-7
0
-6
6
2
1
8
-4
5
3
-4
4
-8
-2
1
-3
3
-6
-3
-2
-10
0
-2
-2
7
-1
1
0
-6
2
-5
0
1
-6
3
-5
-4
3
-3
3
0
-6
0
-5
2
0
-5
6
-1
5
4
-4
5
2
8
9
2
10
6
3
8
-1
3
1
-1
3
-5
5
4
0
9
-1
3
2
-3
6
0
7
7
-3
5
-6
-4
4
-7
3
-5
-5
1
-11
0
-5
-10
3
-8
-2
-4
-7
6
-6
0
1
-7
3
-6
-1
6
-2
10
1
0
7
-7
5
3
-4
5
-7
0
1
-4
6
-2
0
5
-7
3
0
2
9
-1
4
0
-6
3
-1
5
4
-2
5
-1
-1
0
-3
-1
-4
-7
-1
-5
1
1
0
7
0
3
5
0
6
-2
0
4
-4
3
1
-1
4
-1
3
4
1
10
3
3
6
-1
6
3
2
8
3
9
6
-1
7
1
1
4
-3
6
-2
-2
4
-4
1
-3
-6
-1
-6
-2
-3
-5
3
-6
-5
-1
-8
1
-3
-3
0
-7
1
1
-3
4
-3
-1
3
-7
3
0
1
9
-2
8
6
-2
10
0
5
7
-3
6
0
-1
5
-6
4
1
-6
8
-2
2
6
-7
4
-3
-4
5
-6
3
3
-5
5
-5
-3
1
-6
3
-4
-4
3
-6
2
2
-5
2
-7
-3
-1
-8
3
-2
-4
2
-5
1
0
-5
3
-6
-5
-1
-12
-3
-4
-4
4
-8
-3
-1
-9
6
-4
-3
2
-11
-1
-6
-7
3
-6
0
-2
-8
3
-5
-2
-1
-12
-7
-11
-7
1
-6
-2
0
-4
4
0
2
4
-2
1
-2
-4
1
-3
2
3
1
8
5
5
8
1
5
6
2
7
5
5
10
1
3
1
-1
9
3
4
8
-3
4
1
-4
2
-3
0
0
-9
-4
-8
-8
0
-8
-5
-7
-9
-1
-5
-3
0
-5
3
0
-3
3
-2
1
2
-4
0
-3
-3
0
-4
0
-1
-6
1
-6
-6
2
-3
1
0
-6
0
0
2
10
1
4
4
-1
5
1
4
10
2
6
3
1
8
1
5
6
-1
6
3
3
9
0
4
5
-2
7
3
2
10
-1
3
4
-1
9
1
0
7
-3
6
4
-4
5
1
5
8
2
6
2
0
5
-2
1
2
-3
1
-1
-3
3
0
1
3
-2
4
1
0
4
2
3
4
0
5
3
-1
5
1
3
5
-1
1
-1
-3
3
1
1
4
-1
2
-2
-5
1
-4
-2
-4
-9
-3
-4
0
2
-3
1
-2
-5
-1
-5
-3
-3
-9
-4
-7
-5
-2
-5
-4
-5
-7
0
-3
-4
-1
-5
0
-3
-6
-2
-5
-1
-2
-5
-3
-7
-8
-4
-4
-3
-4
-5
-5
-8
-5
0
1
4
0
-1
1
1
4
2
6
7
3
5
3
4
5
1
2
2
-1
3
0
-1
0
-1
4
1
1
2
-3
-3
-1
-4
-1
-4
-4
-1
-4
0
-1
-2
0
-3
0
2
2
4
