-557
-629
-704
-766
-818
-857
-879
-886
-878
-858
-824
-771
-706
-632
-562
-499
-446
-409
-382
-365
-353
-344
-339
-334
-324
-302
-268
-219
-159
-88
-17
50
111
163
206
237
258
268
265
252
237
220
209
204
206
210
215
220
229
241
256
277
298
325
353
387
428
480
537
595
648
690
723
738
740
729
702
657
600
530
453
377
308
246
192
146
103
68
41
22
6
-8
-24
-47
-77
-112
-153
-197
-245
-297
-353
-412
-468
-520
-564
-600
-625
-645
-659
-666
-665
-661
-648
-630
-609
-586
-561
-535
-508
-473
-434
-389
-338
-287
-238
-189
-142
-98
-56
-18
15
44
66
90
112
136
164
190
215
238
255
265
269
267
256
240
221
198
177
156
143
136
135
140
152
168
187
209
233
256
280
302
325
344
366
385
405
424
438
447
446
438
420
393
355
312
263
210
162
113
70
34
6
-15
-27
-36
-44
-53
-68
-88
-115
-147
-183
-223
-265
-308
-348
-377
-395
-402
-401
-394
-387
-377
-369
-361
-358
-355
-357
-364
-375
-385
-388
-384
-369
-344
-308
-265
-217
-165
-112
-60
-13
26
52
71
77
80
80
79
80
83
89
96
105
115
125
134
137
133
125
112
97
83
73
68
69
74
86
103
125
152
182
210
233
250
261
265
267
269
269
270
270
268
264
259
253
242
228
204
174
135
94
52
10
-26
-57
-84
-103
-117
-123
-125
-122
-120
-121
-125
-132
-144
-157
-173
-192
-204
-212
-214
-211
-200
-184
-166
-145
-126
-109
-96
-91
-91
-99
-112
-130
-146
-161
-171
-177
-174
-163
-145
-120
-94
-65
-37
-13
9
24
35
40
41
37
32
26
23
22
21
22
24
28
31
32
34
33
33
31
30
31
33
38
49
61
78
96
115
135
154
175
190
201
212
219
224
229
232
235
236
234
231
225
216
203
183
159
130
96
60
24
-11
-45
-75
-104
-127
-144
-159
-168
-176
-181
-190
-198
-207
-214
-220
-224
-225
-221
-213
-202
-186
-167
-143
-118
-95
-74
-57
-47
-41
-42
-45
-49
-55
-58
-60
-58
-50
-38
-16
4
27
51
75
94
110
121
125
124
117
105
92
76
63
51
40
31
26
22
21
22
25
28
33
38
40
44
46
49
51
53
57
63
67
72
79
86
95
105
116
126
138
149
161
170
178
184
186
181
175
165
151
133
110
84
55
27
-3
-33
-62
-89
-116
-142
-166
-185
-201
-216
-225
-231
-235
-234
-228
-217
-205
-189
-172
-158
-146
-132
-119
-109
-100
-94
-91
-90
-90
-89
-86
-83
-77
-67
-55
-42
-25
-7
14
37
60
81
102
122
141
154
164
170
171
169
164
157
147
135
123
110
98
87
75
66
60
52
47
42
37
31
26
20
16
11
4
-2
-8
-15
-21
-25
-31
-35
-38
-40
-41
-41
-40
-38
-37
-35
-34
-35
-36
-39
-42
-49
-57
-66
-78
-90
-102
-112
-121
-130
-138
-147
-152
-157
-158
-159
-155
-150
-144
-135
-123
-107
-93
-74
-56
-38
-22
-6
7
18
28
34
38
38
37
36
36
38
41
44
49
56
65
72
82
93
103
114
124
132
139
146
153
160
165
169
172
173
173
172
169
165
160
153
144
131
121
108
94
81
67
53
40
28
16
4
-5
-17
-30
-40
-51
-60
-69
-78
-87
-96
-105
-113
-121
-125
-130
-132
-135
-133
-134
-131
-126
-123
-119
-117
-115
-117
-119
-121
-125
-129
-134
-139
-144
-146
-146
-142
-135
-125
-113
-99
-83
-65
-46
-25
-5
13
29
45
58
71
80
89
94
96
97
97
97
96
95
93
90
87
85
84
84
86
90
96
102
108
113
121
127
133
138
142
141
138
135
129
123
117
108
100
89
80
69
60
53
46
37
28
18
10
2
-6
-11
-19
-24
-30
-35
-42
-47
-49
-54
-58
-64
-71
-76
-81
-86
-91
-92
-93
-92
-89
-85
-80
-76
-69
-62
-60
-57
-59
-62
-68
-76
-84
-91
-100
-106
-113
-115
-114
-110
-103
-91
-77
-63
-48
-32
-17
-4
7
17
23
28
31
32
32
32
29
26
20
16
13
9
7
6
6
6
9
13
19
27
37
48
59
72
84
95
105
113
120
124
126
125
123
119
114
108
102
94
87
82
75
69
63
58
53
46
40
33
25
16
7
-2
-9
-20
-28
-37
-46
-53
-61
-67
-72
-76
-80
-80
-81
-81
-77
-75
-72
-68
-65
-61
-59
-58
-58
-61
-64
-68
-73
-78
-83
-87
-91
-93
-94
-91
-87
-79
-70
-58
-46
-35
-23
-11
0
11
18
26
29
30
30
28
26
22
19
14
11
8
6
7
9
12
17
23
28
35
43
51
59
67
73
77
81
83
85
84
83
82
79
76
74
71
69
68
67
65
65
64
63
62
60
59
57
53
49
42
36
29
19
11
2
-7
-17
-27
-38
-46
-54
-60
-65
-69
-71
-76
-77
-78
-79
-80
-82
-84
-88
-93
-97
-104
-109
-114
-118
-122
-126
-129
-126
-123
-119
-111
-101
-91
-78
-66
-51
-38
-26
-12
-1
8
17
25
29
35
38
40
42
43
45
46
49
53
56
59
61
63
66
70
73
76
79
82
84
85
88
90
91
92
94
93
92
90
87
84
80
74
70
65
60
54
51
47
44
40
33
29
25
21
16
10
3
-4
-11
-18
-25
-31
-35
-41
-46
-50
-53
-58
-60
-63
-65
-67
-68
-70
-71
-74
-76
-80
-85
-90
-95
-100
-105
-110
-115
-118
-120
-122
-121
-118
-113
-106
-98
-87
-76
-64
-49
-33
-18
-2
13
27
39
53
63
74
84
91
96
100
103
106
109
113
115
117
121
124
126
130
131
134
137
137
135
133
131
126
124
118
112
107
99
91
83
75
66
59
50
41
32
22
14
6
-3
-11
-19
-27
-34
-41
-50
-59
-67
-77
-87
-94
-100
-109
-116
-120
-126
-130
-133
-136
-136
-138
-138
-138
-138
-138
-138
-136
-134
-132
-132
-130
-129
-129
-127
-126
-124
-121
-118
-114
-108
-102
-97
-89
-79
-69
-59
-47
-34
-20
-7
8
22
36
51
66
79
93
104
115
126
135
143
151
157
162
165
167
171
174
175
178
179
180
179
177
174
171
167
162
156
149
142
132
122
113
103
93
82
72
61
49
39
28
17
9
-3
-12
-21
-32
-41
-51
-61
-70
-81
-90
-98
-105
-114
-122
-130
-134
-139
-143
-146
-147
-148
-148
-149
-148
-147
-144
-142
-139
-136
-133
-130
-127
-123
-122
-117
-114
-111
-106
-101
-96
-91
-86
-79
-72
-64
-56
-46
-36
-24
-12
0
13
26
38
50
63
75
87
98
107
116
126
134
142
148
154
156
160
165
168
170
172
172
170
170
168
165
162
161
155
148
141
133
124
115
104
92
80
67
54
41
27
15
3
-9
-21
-32
-44
-53
-64
-75
-85
-93
-104
-112
-122
-131
-139
-147
-155
-162
-166
-171
-175
-178
-179
-180
-180
-178
-177
-174
-172
-167
-162
-156
-151
-145
-138
-130
-123
-116
-106
-97
-88
-78
-69
-59
-48
-38
-27
-17
-7
6
16
29
41
53
65
78
90
101
112
123
135
145
154
163
171
178
186
193
198
203
207
210
212
213
214
214
211
212
208
204
198
192
183
175
165
155
144
133
121
108
94
80
66
50
36
21
5
-10
-25
-39
-53
-67
-81
-93
-107
-118
-131
-142
-151
-162
-172
-182
-192
-199
-206
-213
-218
-221
-225
-226
-229
-227
-225
-223
-219
-215
-210
-206
-199
-192
-184
-175
-167
-157
-146
-136
-124
-111
-99
-88
-74
-60
-47
-32
-17
-2
12
28
41
54
70
83
97
111
124
136
148
159
169
177
185
193
200
204
209
212
213
216
216
216
215
214
210
206
201
196
189
181
172
161
151
140
130
114
103
89
75
61
47
32
19
4
-11
-26
-39
-53
-66
-79
-92
-105
-117
-127
-138
-149
-158
-167
-174
-181
-186
-190
-193
-197
-201
-203
-203
-204
-203
-200
-198
-196
-190
-184
-179
-171
-164
-155
-147
-138
-128
-117
-106
-95
-83
-70
-56
-43
-28
-16
-2
13
26
40
55
68
81
94
106
118
130
140
151
161
171
178
185
193
198
204
208
212
215
217
217
218
218
216
213
209
205
200
192
185
178
170
160
150
138
126
113
99
86
72
57
43
28
12
-1
-16
-31
-45
-59
-74
-88
-100
-113
-125
-137
-148
-157
-167
-175
-183
-190
-196
-202
-205
-210
-215
-216
-217
-217
-216
-215
-213
-210
-205
-202
-194
-189
-181
-173
-164
-154
-145
-134
-122
-111
-100
-87
-74
-62
-48
-36
-23
-10
3
17
31
44
57
70
82
94
106
117
128
139
148
156
165
172
179
184
189
193
196
198
199
200
202
201
199
197
193
189
185
179
173
164
157
147
136
126
115
104
92
79
66
55
42
28
16
2
-11
-25
-40
-52
-64
-77
-88
-100
-110
-121
-131
-139
-147
-156
-164
-170
-176
-179
-183
-186
-187
-189
-188
-188
-186
-185
-182
-178
-174
-169
-162
-155
-147
-140
-130
-120
-109
-99
-87
-76
-65
-52
-40
-26
-14
0
12
24
36
47
59
70
80
92
102
113
123
131
141
149
156
163
170
176
180
185
187
190
192
191
191
191
188
186
183
178
172
167
161
155
148
139
130
122
111
100
89
77
67
55
42
29
16
3
-10
-22
-34
-47
-59
-70
-81
-92
-102
-111
-120
-130
-137
-144
-152
-158
-163
-167
-171
-176
-178
-180
-181
-180
-180
-178
-177
-173
-169
-165
-160
-155
-148
-142
-136
-127
-118
-109
-100
-90
-82
-71
-59
-49
-39
-27
-16
-6
4
15
26
37
47
58
68
76
86
94
103
110
117
123
128
134
138
142
145
149
151
153
154
154
154
154
152
150
147
144
139
135
131
125
118
111
104
96
88
80
72
63
52
41
32
22
11
1
-9
-20
-29
-40
-50
-58
-68
-77
-86
-94
-103
-109
-117
-124
-129
-135
-140
-145
-149
-152
-155
-158
-160
-161
-161
-160
-159
-156
-153
-149
-147
-143
-138
-133
-128
-121
-113
-107
-99
-91
-81
-72
-64
-55
-45
-36
-26
-16
-4
4
15
24
35
45
55
65
74
82
91
99
108
115
121
127
133
139
143
149
153
157
159
161
162
163
163
163
162
160
156
152
149
145
139
134
128
120
112
104
97
88
79
69
60
50
39
30
19
8
-3
-13
-23
-33
-41
-51
-60
-69
-76
-85
-93
-101
-107
-114
-121
-126
-131
-135
-138
-143
-145
-147
-147
-147
-147
-146
-146
-144
-141
-139
-135
-131
-126
-120
-115
-108
-101
-93
-83
-75
-68
-59
-50
-42
-34
-24
-15
-5
3
12
22
32
40
50
59
66
75
84
92
99
105
112
116
121
126
130
133
137
140
141
144
144
143
143
143
140
137
135
132
127
123
118
113
107
102
95
87
79
72
63
56
46
38
27
19
11
0
-8
-17
-25
-35
-42
-51
-59
-66
-73
-82
-89
-95
-100
-106
-113
-117
-122
-126
-130
-133
-134
-136
-135
-135
-137
-137
-136
-135
-133
-132
-129
-125
-122
-118
-113
-108
-102
-96
-90
-84
-75
-69
-62
-54
-46
-38
-30
-22
-15
-7
3
11
19
28
36
45
53
60
69
74
81
87
91
96
101
106
110
113
116
118
120
123
125
125
126
124
123
122
120
116
114
110
106
103
98
91
85
80
75
68
62
55
48
40
33
25
15
8
1
-8
-16
-24
-31
-38
-45
-52
-59
-66
-73
-78
-83
-88
-92
-95
-99
-104
-106
-109
-110
-112
-113
-114
-115
-114
-115
-112
-111
-109
-106
-102
-98
-94
-89
-84
-77
-71
-64
-57
-51
-43
-36
-29
-23
-13
-6
2
10
17
24
32
41
48
55
62
68
75
81
87
91
97
99
104
109
111
114
117
118
119
121
121
120
119
117
115
113
110
106
102
98
92
86
81
74
68
61
54
48
41
32
25
17
10
2
-6
-15
-23
-30
-37
-44
-52
-59
-65
-70
-77
-83
-87
-92
-96
-99
-105
-108
-111
-113
-115
-117
-117
-117
-118
-118
-117
-116
-114
-113
-110
-107
-103
-99
-95
-90
-85
-79
-74
-68
-61
-55
-49
-43
-36
-29
-21
-14
-7
1
7
15
22
28
37
43
50
56
62
67
72
77
81
85
89
93
96
99
101
104
104
106
106
107
106
104
103
103
101
97
92
89
85
82
77
72
67
62
57
51
44
37
31
25
18
12
5
-3
-8
-14
-22
-28
-34
-40
-45
-50
-55
-61
-65
-69
-73
-77
-81
-83
-86
-87
-89
-92
-92
-93
-93
-91
-92
-90
-89
-88
-84
-83
-81
-78
-75
-70
-66
-62
-56
-51
-45
-41
-34
-29
-23
-16
-11
-6
1
5
11
17
23
30
35
41
46
51
56
61
66
69
73
77
79
81
83
84
86
88
89
88
89
88
88
87
86
84
81
78
76
72
70
65
61
57
52
47
42
37
32
26
20
14
9
2
-4
-8
-16
-22
-28
-33
-38
-42
-47
-51
-57
-61
-65
-68
-72
-74
-76
-78
-81
-83
-82
-85
-84
-85
-84
-84
-82
-80
-80
-76
-74
-72
-68
-66
-63
-59
-54
-48
-43
-37
-32
-27
-22
-16
-10
-3
1
8
14
20
27
31
37
43
49
54
58
64
69
72
75
78
80
82
84
84
85
87
87
88
87
87
84
82
79
76
73
70
66
62
57
52
48
44
38
35
29
22
16
11
5
-2
-8
-14
-19
-25
-31
-37
-42
-47
-52
-56
-61
-65
-68
-73
-75
-78
-81
-83
-84
-86
-87
-88
-88
-88
-87
-86
-85
-83
-79
-77
-74
-70
-69
-65
-62
-57
-52
-46
-41
-36
-31
-24
-19
-13
-8
-1
4
9
15
20
26
32
37
43
47
52
57
61
64
68
72
74
76
80
82
83
84
87
86
86
86
84
83
83
80
79
76
74
71
69
65
62
57
52
47
42
38
33
27
22
19
14
8
4
-1
-6
-12
-16
-22
-26
-32
-35
-41
-45
-49
-53
-55
-60
-63
-66
-69
-71
-73
-74
-75
-76
-78
-79
-79
-79
-78
-78
-77
-75
-73
-72
-71
-68
-67
-64
-61
-57
-54
-50
-46
-41
-36
-31
-27
-22
-18
-12
-8
-3
2
7
11
15
20
25
30
33
38
41
46
48
53
56
59
62
64
66
69
70
73
73
75
75
76
77
77
76
76
75
73
71
70
67
64
61
59
56
53
49
45
42
36
33
27
23
19
14
9
4
-1
-5
-10
-16
-19
-23
-27
-31
-35
-39
-43
-47
-51
-53
-57
-60
-62
-64
-67
-68
-70
-71
-71
-73
-73
-73
-72
-71
-70
-71
-69
-68
-67
-65
-62
-60
-56
-52
-51
-47
-43
-40
-36
-32
-27
-24
-19
-14
-11
-5
-2
4
7
12
14
19
22
25
30
34
37
41
42
46
48
50
53
55
57
60
60
62
62
62
62
62
63
64
63
63
62
60
59
56
56
53
51
48
44
42
38
37
33
30
27
23
19
17
12
8
5
2
-2
-5
-9
-11
-14
-19
-22
-26
-28
-31
-34
-36
-38
-40
-42
-45
-46
-46
-48
-49
-51
-51
-51
-51
-51
-53
-52
-50
-49
-48
-46
-46
-45
-43
-42
-39
-36
-35
-32
-30
-27
-23
-20
-19
-16
-13
-10
-7
-4
-1
2
5
6
9
11
12
15
17
19
22
24
26
26
28
29
29
32
33
34
34
34
34
35
34
34
34
32
33
33
30
29
29
28
27
25
24
22
20
20
18
17
16
15
12
11
8
6
4
3
1
0
-1
-2
-3
-5
-7
-8
-9
-10
-11
-12
-13
-12
-14
-14
-17
-17
-15
-17
-17
-18
-16
-16
-16
-16
-15
-15
-14
-14
-13
-12
-12
-10
-10
-8
-8
-8
-7
-7
-5
-4
-3
-1
0
-1
-1
0
1
1
3
2
3
2
3
4
4
4
4
4
3
3
3
5
3
4
4
3
4
4
3
3
4
3
4
4
4
4
3
4
3
3
4
2
3
4
2
3
0
1
2
-1
1
-1
0
0
-1
2
0
1
2
1
-1
0
0
0
0
1
1
0
0
0
-2
-2
-3
-3
-2
-2
-2
-2
-3
-5
-3
-3
-3
-3
-3
-3
-4
-3
-4
-4
-3
-3
-2
-2
-2
-1
-2
-2
0
-1
-2
-3
-3
-2
-2
-2
-3
-3
-3
-3
-4
-5
-4
-4
-5
-4
-5
-5
-2
-5
-7
-4
-5
-4
-3
-3
-3
-1
-2
0
0
-1
0
-1
-1
0
0
0
3
2
3
2
4
6
2
8
4
3
7
4
9
7
6
13
8
11
12
9
12
11
11
12
13
11
13
14
11
16
10
9
14
7
11
8
7
10
2
8
7
4
12
3
6
6
1
7
2
3
5
0
4
1
-2
4
0
-2
0
-4
-2
-1
-3
0
-2
-6
0
-6
-5
3
-12
-7
-3
-12
-5
-6
-13
-3
-17
-9
-4
-19
-3
-12
-14
-2
-16
-13
-9
-25
-5
-16
-26
-7
-20
-18
-9
-25
-13
-9
-26
-4
-21
-17
-2
-21
-4
-6
-18
-5
-13
-12
-2
-13
-7
-3
-9
-1
-4
-7
8
-4
0
10
-4
7
11
1
12
9
4
11
7
11
11
10
11
11
7
12
10
11
13
12
13
9
12
9
10
11
7
9
9
8
13
6
12
16
6
14
14
4
17
16
10
20
13
19
17
13
23
11
16
29
5
22
22
6
29
13
12
28
7
18
28
0
31
28
-3
34
16
8
40
-8
22
24
-13
44
-13
2
35
-20
19
-4
-6
12
-17
6
-22
-18
-16
-19
-24
-44
-11
-51
-23
-35
-69
-5
-78
-35
-26
-101
-7
-67
-65
-15
-74
-37
-53
-46
-40
-61
-27
-53
-36
-27
-46
-33
-34
-26
-30
-20
-38
-19
-5
-39
-3
-33
-42
20
-31
-27
-7
-34
-20
-17
-15
-26
-29
-13
-13
-26
-7
-16
-17
9
-4
-4
9
12
24
18
25
43
38
46
67
53
60
101
90
82
102
99
117
115
114
131
117
141
131
123
123
131
148
124
112
119
119
108
118
100
50
108
99
30
92
33
36
35
35
17
11
0
-30
5
-40
-22
-33
-107
-67
-18
-121
-70
-100
-132
-102
-82
-129
-168
-129
-128
-104
-165
-184
-124
-150
-133
-132
-226
-131
-143
-117
-159
-172
-142
-123
-94
-175
-146
-143
-82
-112
-160
-102
-146
-90
-75
-141
-118
-121
-64
-116
-116
-116
-101
-94
-124
-85
-119
-128
-86
-78
-138
-72
-56
-104
-46
-39
-73
-18
7
-19
30
45
53
80
97
140
162
157
217
238
237
301
312
311
349
385
369
387
402
403
431
408
417
408
396
405
378
356
345
331
291
279
264
203
195
171
127
115
90
49
28
14
-5
-17
-94
-58
-78
-114
-82
-134
-147
-171
-128
-142
-187
-163
-172
-173
-173
-185
-179
-196
-161
-181
-202
-185
-206
-139
-223
-232
-142
-262
-180
-159
-265
-201
-159
-249
-204
-163
-286
-168
-196
-229
-176
-247
-211
-176
-194
-262
-130
-261
-237
-87
-288
-201
-188
-218
-209
-166
-227
-235
-165
-222
-169
-224
-189
-161
-182
-157
-142
-122
-131
-70
-75
-41
21
26
75
90
152
200
230
260
317
352
381
448
430
491
514
520
568
554
569
570
559
584
529
499
528
478
428
408
380
306
307
267
215
150
158
142
34
48
4
-28
-44
3
-52
-128
-84
-32
-104
-133
-47
-93
-115
33
-97
-112
-1
-67
35
-59
-104
57
17
-101
67
-34
-147
81
-24
-204
43
-64
-189
-24
-153
-172
-115
-155
-211
-124
-267
-251
-130
-258
-231
-234
-228
-240
-252
-251
-232
-243
-228
-190
-265
-283
-146
-214
-326
-160
-202
-273
-191
-192
-283
-247
-180
-278
-273
-218
-267
-272
-297
-241
-261
-330
-177
-258
-311
-176
-177
-234
-116
-70
-98
-25
34
55
110
153
216
265
253
354
388
382
452
491
470
498
527
517
511
519
522
453
447
449
379
349
342
277
207
195
180
118
62
97
-16
-51
31
-53
-109
-65
-40
-112
-14
-156
-69
40
-99
45
-22
-22
100
115
39
60
140
117
126
180
86
140
163
107
145
67
57
136
72
-48
32
-20
-65
-14
-115
-166
-92
-195
-201
-192
-183
-264
-230
-215
-299
-211
-329
-168
-211
-333
-167
-218
-311
-72
-243
-220
-91
-239
-145
-100
-189
-181
-87
-142
-140
-204
-145
-155
-190
-200
-230
-215
-234
-222
-323
-306
-231
-302
-347
-281
-330
-314
-267
-261
-239
-249
-152
-71
-133
-67
51
40
128
253
169
213
367
389
411
425
470
485
540
567
553
524
504
594
527
448
484
409
365
419
343
207
236
262
126
133
91
26
45
16
46
-18
-109
38
-54
-18
-11
-80
93
-5
-14
19
133
-25
136
101
-66
218
69
53
130
95
-3
64
157
-87
45
41
-66
9
-206
43
-47
-305
-89
-73
-355
-225
-55
-492
-150
-153
-519
-218
-244
-374
-263
-311
-342
-160
-411
-296
-162
-333
-216
-238
-292
-230
-140
-294
-212
-232
-215
-193
-237
-227
-281
-259
-273
-207
-336
-367
-222
-373
-355
-241
-465
-335
-251
-334
-409
-291
-214
-292
-176
-118
-102
-60
-26
139
168
191
348
296
412
539
544
582
662
729
701
768
787
780
829
786
784
718
672
725
676
581
479
509
401
418
335
160
251
149
118
57
29
-28
30
-17
-218
75
-68
-215
21
12
-192
24
56
-135
96
14
80
14
-38
168
41
70
137
-89
3
133
23
-121
13
-67
-94
-90
-328
-4
-130
-458
-115
-244
-539
-118
-427
-462
-165
-588
-349
-333
-581
-279
-258
-523
-354
-302
-458
-93
-300
-470
-71
-359
-187
-102
-390
-36
-249
-290
71
-401
-244
74
-321
-240
-96
-405
-179
-191
-312
-234
-373
-223
-297
-484
-327
-174
-496
-396
-181
-358
-318
-92
-159
-285
25
47
-50
218
268
230
328
458
543
486
539
762
703
647
794
760
754
816
740
720
751
656
539
601
594
449
429
364
253
221
188
147
84
-21
-15
16
-117
-129
-50
-86
-127
-166
-68
-33
-139
23
57
-15
-36
96
75
38
336
-24
77
315
-59
283
269
-134
224
156
45
168
-162
132
206
-309
-42
51
-318
36
-60
-314
-207
-172
-310
-128
-301
-410
-41
-331
-218
-200
-297
-340
-200
-90
-223
-287
-255
-105
-149
-53
-390
-292
96
-389
-258
137
-419
-324
-16
-271
-398
-224
-268
-432
-348
-257
-366
-409
-426
-325
-513
-630
-195
-512
-518
-260
-227
-386
-356
-71
-213
-141
101
105
135
331
360
256
475
635
545
612
718
763
770
825
907
758
754
832
726
712
721
670
598
570
467
386
389
312
165
134
179
50
-24
39
45
-165
-84
-56
-278
-80
28
-120
-104
67
-10
-122
86
130
79
7
207
107
60
454
6
206
150
59
273
-19
147
103
98
-56
127
-68
-216
66
-138
-346
-105
-156
-483
-242
-180
-221
-534
-588
-245
-353
-598
-349
-114
-673
-423
-142
-811
-324
-116
-677
-396
-262
-437
-443
-327
-392
-589
-496
-277
-384
-765
-170
-352
-714
-384
-520
-639
-532
-231
-687
-640
-272
-595
-675
-365
-365
-477
-281
-268
-299
-225
-69
115
108
125
356
399
450
562
564
585
810
918
857
925
1024
1016
930
996
996
877
937
998
850
800
745
618
584
544
414
324
262
290
234
56
47
38
-44
-110
-113
-192
3
-22
-245
87
-58
-188
283
107
-121
97
170
142
175
382
293
-18
254
366
7
233
330
-16
97
228
74
-14
-25
-193
-181
-187
-247
-209
-371
-304
-293
-555
-395
-617
-698
-311
-409
-693
-606
-555
-634
-435
-529
-824
-382
-518
-613
-198
-635
-577
-377
-508
-297
-446
-375
-256
-442
-446
-412
-481
-433
-141
-432
-457
-304
-482
-514
-502
-295
-409
-663
-364
-212
-373
-124
-206
-384
-225
-18
222
287
352
495
397
371
672
745
656
1038
1017
881
1097
1171
1154
1054
1123
1052
968
1002
1109
1121
913
751
653
488
484
465
404
305
248
113
-113
2
-96
-115
-143
-275
-260
-198
-114
-230
-170
-275
-255
27
-99
107
271
-135
-186
261
221
-155
519
376
-94
126
192
204
-26
81
-12
38
255
17
-303
-426
-254
-380
-178
-14
-350
-665
-795
-269
-570
-982
-218
-455
-722
-670
-586
-594
-1126
-486
-347
-708
-572
-402
-196
-902
-722
-385
-760
-333
131
-423
-630
-419
-410
-663
-511
-339
-447
-313
-267
-433
-825
-665
-523
-872
-603
-200
-362
-285
-199
-464
-661
-419
95
471
438
463
539
313
356
746
937
1013
1326
1364
1122
1135
1207
1151
1323
1348
1310
1324
1237
1200
1021
770
771
741
632
800
674
338
302
83
-190
-133
46
-110
-74
71
-395
-569
-351
-248
-187
-354
-89
138
-77
-227
-94
285
7
177
365
268
438
322
322
398
316
321
357
410
392
207
91
38
-65
-61
91
7
-469
-338
-543
-822
-297
-429
-673
-650
-870
-886
-874
-976
-694
-686
-803
-707
-962
-998
-721
-715
-883
-446
-667
-723
-424
-746
-709
-470
-632
-568
-345
-526
-707
-437
-497
-970
-719
-866
-657
-527
-736
-685
-738
-600
-499
-542
-442
-183
-16
177
520
483
282
572
654
928
1209
1291
1521
1520
1285
1364
1490
1432
1610
1699
1556
1361
1329
1199
1117
1091
829
861
804
515
487
332
83
-10
-58
-89
-76
-103
-302
-496
-517
-465
-377
-220
-273
-223
-208
-286
-195
-240
98
358
181
436
431
126
413
601
592
428
351
555
440
505
596
367
34
84
63
38
212
35
-14
-426
-621
-667
-628
-428
-545
-736
-1000
-1135
-1103
-764
-1028
-1247
-973
-967
-910
-907
-1035
-947
-878
-910
-800
-823
-703
-575
-621
-865
-734
-436
-651
-590
-488
-709
-812
-813
-788
-719
-724
-557
-488
-715
-620
-450
-390
171
352
300
363
290
406
620
1109
1443
1368
1449
1342
1341
1420
1585
1922
1844
1733
1761
1467
1426
1481
1371
1258
1174
1098
935
731
616
464
158
60
131
47
-166
-248
-449
-699
-708
-502
-459
-410
-478
-620
-655
-578
-338
-114
38
41
31
-138
67
355
455
639
539
362
410
509
715
835
674
490
324
303
358
266
236
237
0
-143
-258
-541
-494
-586
-612
-693
-844
-894
-1076
-1152
-1181
-1369
-1274
-1044
-1005
-1169
-1373
-1300
-1368
-1362
-1101
-878
-765
-697
-901
-1108
-1201
-839
-617
-589
-508
-819
-1033
-963
-771
-573
-389
-392
-543
-503
-301
-16
329
418
452
501
502
736
1112
1366
1452
1373
1391
1404
1606
1876
1923
1890
1676
1530
1562
1558
1571
1619
1268
1015
855
710
727
574
368
256
65
-166
-235
-383
-497
-655
-721
-699
-688
-672
-807
-788
-893
-856
-751
-500
-236
-349
-332
-225
-367
-74
323
400
425
399
475
403
453
824
904
720
743
637
410
414
519
440
404
268
-56
-168
-238
-289
-389
-338
-388
-710
-918
-905
-994
-932
-957
-1070
-1057
-1334
-1273
-1269
-1374
-1190
-996
-912
-1071
-1267
-1244
-1190
-1039
-733
-678
-852
-1126
-1330
-1210
-837
-271
-190
-451
-616
-672
-326
305
928
1099
842
553
719
895
1365
1959
1993
1797
1599
1513
1688
1902
2068
2126
1912
1664
1512
1501
1519
1370
1151
996
865
680
542
369
43
-169
-224
-308
-258
-475
-818
-990
-1050
-1094
-993
-872
-898
-982
-1135
-1089
-906
-667
-527
-391
-387
-376
-262
-78
292
253
281
451
330
429
605
746
789
609
572
558
506
622
615
325
223
182
-28
-104
-24
-190
-541
-565
-508
-618
-800
-836
-947
-1089
-1024
-922
-1018
-1032
-1052
-1365
-1255
-967
-925
-911
-884
-885
-1152
-1233
-887
-797
-815
-854
-1060
-1016
-741
-509
-523
-534
-515
-333
63
593
899
745
568
808
1054
1471
2109
2304
2067
1798
1641
1964
2397
2745
2735
2310
1772
1579
1642
1825
1885
1649
1156
722
440
281
246
177
-31
-381
-757
-951
-1008
-1152
-1147
-1278
-1464
-1482
-1568
-1495
-1452
-1447
-1380
-1154
-1082
-981
-872
-778
-637
-463
-204
-31
61
160
322
335
457
616
738
843
802
699
655
725
668
682
576
335
130
-49
-141
-37
-49
-333
-536
-784
-992
-932
-790
-784
-953
-1105
-1183
-1289
-1274
-1253
-1272
-1098
-992
-1123
-1035
-1135
-1240
-1009
-897
-788
-771
-968
-995
-918
-628
-337
-295
-455
-484
-328
152
874
1239
1092
859
830
983
1657
2364
2624
2388
1974
1782
2032
2517
2949
3025
2642
2169
1854
1864
2092
2246
2040
1544
1065
712
487
490
462
201
-266
-659
-956
-1118
-1159
-1281
-1467
-1721
-1826
-1878
-1882
-1836
-1818
-1771
-1654
-1498
-1369
-1296
-1178
-1004
-773
-512
-208
-47
49
98
135
365
595
905
995
836
697
677
698
885
976
804
494
223
97
-41
51
-67
-395
-592
-765
-904
-1045
-1043
-1183
-1374
-1361
-1328
-1381
-1486
-1497
-1498
-1561
-1347
-1240
-1262
-1366
-1402
-1176
-1094
-958
-957
-1157
-1186
-1022
-536
-182
-254
-382
-506
-356
466
1189
1395
1379
1074
1052
1472
2095
2802
2973
2512
2238
2155
2412
3001
3373
3233
2800
2298
2114
2280
2504
2493
2183
1650
1115
891
786
691
595
164
-285
-592
-916
-969
-1125
-1355
-1431
-1616
-1797
-1909
-1978
-2064
-2020
-1883
-1791
-1607
-1533
-1562
-1500
-1253
-943
-692
-477
-338
-154
-105
182
409
499
664
713
783
713
796
902
925
849
743
533
288
270
175
70
-81
-276
-653
-890
-943
-1052
-1213
-1322
-1394
-1611
-1737
-1731
-1706
-1723
-1795
-1813
-1829
-1792
-1591
-1554
-1702
-1659
-1576
-1508
-1369
-1250
-1201
-1033
-736
-643
-643
-529
-242
295
812
1165
1268
1052
1114
1550
2048
2645
3081
2881
2499
2433
2640
3099
3562
3628
3313
2741
2410
2504
2671
2844
2747
2137
1527
1219
1046
975
944
651
81
-367
-716
-811
-925
-1066
-1236
-1480
-1798
-1957
-1932
-1944
-1853
-1751
-1820
-1820
-1811
-1706
-1531
-1303
-973
-726
-733
-706
-484
-252
8
341
510
500
485
574
736
883
1011
1050
885
809
702
551
483
488
396
174
-141
-393
-551
-758
-717
-833
-1029
-1274
-1583
-1709
-1751
-1694
-1645
-1707
-1858
-2088
-2149
-2091
-1919
-1716
-1718
-1851
-1941
-1973
-1876
-1557
-1160
-831
-1030
-1104
-1092
-769
48
738
984
916
740
783
1400
2015
2674
2959
2622
2392
2476
2708
3305
3708
3580
3267
2793
2526
2774
2900
2832
2675
2113
1610
1439
1248
1161
1011
622
296
-114
-491
-610
-839
-1053
-1124
-1298
-1537
-1702
-1905
-1923
-1784
-1651
-1473
-1536
-1698
-1707
-1553
-1246
-835
-608
-614
-700
-763
-432
33
359
571
522
326
336
563
871
1071
993
825
632
505
554
657
600
453
240
-82
-287
-345
-386
-484
-748
-949
-1100
-1297
-1427
-1575
-1671
-1672
-1715
-1729
-1911
-2037
-1954
-2015
-1944
-1826
-1936
-1975
-1987
-2023
-1817
-1416
-1159
-1174
-1283
-1325
-883
-154
464
700
602
340
574
1162
1873
2528
2635
2296
2139
2155
2623
3294
3574
3407
3021
2552
2497
2791
3001
2974
2551
1945
1607
1468
1405
1419
1164
638
233
-157
-368
-369
-503
-788
-1068
-1290
-1388
-1556
-1623
-1495
-1568
-1617
-1404
-1421
-1522
-1403
-1237
-1042
-784
-548
-423
-512
-458
-142
97
311
663
643
425
490
691
863
952
999
932
724
631
694
598
519
483
281
50
-87
-211
-335
-493
-670
-786
-967
-1116
-1258
-1361
-1465
-1510
-1536
-1621
-1679
-1835
-1777
-1721
-1783
-1684
-1663
-1736
-1839
-1953
-1782
-1296
-1081
-1157
-1255
-1316
-1043
-372
265
562
482
262
444
918
1550
2207
2396
2048
1822
1885
2222
2820
3212
3087
2717
2257
2116
2400
2568
2681
2452
1793
1333
1171
1072
1143
1070
640
132
-320
-512
-515
-616
-753
-942
-1276
-1475
-1499
-1523
-1473
-1387
-1431
-1415
-1304
-1247
-1150
-1029
-879
-641
-486
-292
-133
-136
-41
219
420
592
786
748
643
675
820
994
1017
963
832
594
463
537
536
420
288
22
-255
-427
-428
-462
-657
-811
-1019
-1217
-1332
-1333
-1383
-1492
-1598
-1635
-1621
-1732
-1696
-1630
-1672
-1611
-1610
-1648
-1708
-1652
-1483
-1174
-968
-1128
-1129
-1197
-884
-152
330
529
499
228
354
830
1503
2120
2280
1952
1711
1641
1925
2593
2998
2950
2560
2051
1821
1998
2326
2496
2285
1700
1126
857
790
922
944
590
58
-478
-776
-766
-751
-776
-980
-1331
-1593
-1664
-1560
-1495
-1442
-1336
-1343
-1300
-1126
-1080
-981
-765
-493
-255
-88
-1
35
104
316
675
869
917
950
813
766
945
1109
1179
1132
943
722
545
500
554
489
311
128
-187
-396
-380
-488
-724
-811
-929
-1165
-1241
-1309
-1396
-1433
-1549
-1552
-1558
-1654
-1553
-1587
-1689
-1476
-1435
-1523
-1537
-1544
-1537
-1294
-817
-681
-861
-965
-912
-458
239
791
961
600
378
672
1154
1888
2513
2343
1888
1605
1673
2179
2758
3069
2828
2115
1680
1675
1915
2246
2316
1855
1164
709
529
599
719
591
154
-417
-861
-963
-954
-960
-1012
-1322
-1606
-1678
-1701
-1626
-1537
-1500
-1409
-1335
-1200
-1045
-991
-843
-587
-346
-111
122
182
176
255
476
795
1002
1119
1069
826
793
937
1070
1211
1197
937
609
397
345
380
328
184
-65
-424
-652
-646
-741
-862
-912
-1118
-1305
-1302
-1391
-1423
-1454
-1518
-1475
-1460
-1513
-1456
-1498
-1542
-1331
-1304
-1394
-1347
-1401
-1327
-891
-647
-653
-803
-846
-565
-8
605
947
834
546
513
896
1466
2132
2432
2137
1730
1560
1703
2272
2826
2882
2483
1883
1500
1567
1867
2119
2037
1474
871
507
354
440
570
349
-132
-602
-982
-1067
-1015
-1024
-1136
-1393
-1666
-1705
-1658
-1546
-1395
-1359
-1356
-1244
-1064
-871
-696
-501
-304
-165
34
271
411
517
673
810
909
1068
1165
1147
1073
1031
1056
1045
1055
1030
772
477
318
244
159
97
-72
-386
-679
-834
-894
-958
-1030
-1129
-1337
-1535
-1535
-1490
-1483
-1446
-1479
-1528
-1506
-1413
-1293
-1243
-1234
-1147
-1139
-1125
-986
-1000
-989
-713
-474
-396
-378
-475
-388
-46
433
998
1149
928
820
770
1074
1785
2297
2346
2094
1650
1411
1687
2191
2631
2607
2117
1574
1210
1177
1555
1799
1607
1186
564
32
-17
120
204
133
-294
-784
-1123
-1276
-1163
-1071
-1172
-1262
-1437
-1621
-1502
-1365
-1325
-1122
-981
-906
-707
-527
-404
-262
-101
169
402
529
701
734
696
886
1078
1115
1191
1153
1006
930
914
935
856
694
526
282
37
-40
-124
-336
-541
-752
-986
-1146
-1220
-1313
-1427
-1572
-1673
-1703
-1729
-1670
-1616
-1684
-1664
-1599
-1521
-1384
-1268
-1199
-1173
-1141
-1048
-957
-920
-853
-771
-590
-305
-126
-142
-200
-151
150
644
1144
1377
1275
1043
1009
1248
1769
2230
2408
2204
1808
1551
1647
1960
2321
2415
2096
1581
1166
1037
1186
1364
1332
1034
516
35
-187
-207
-113
-92
-326
-717
-1058
-1252
-1245
-1146
-1091
-1149
-1289
-1404
-1342
-1170
-992
-839
-691
-637
-498
-216
18
239
426
480
571
714
936
1168
1264
1270
1228
1121
1148
1271
1331
1272
1128
858
612
490
457
388
218
-69
-399
-733
-904
-938
-1033
-1149
-1333
-1598
-1785
-1826
-1785
-1729
-1707
-1742
-1778
-1808
-1722
-1546
-1445
-1363
-1263
-1240
-1175
-1016
-864
-787
-743
-728
-717
-604
-377
-78
80
36
14
15
219
710
1187
1435
1438
1248
1100
1203
1584
2060
2350
2265
1947
1577
1423
1607
1944
2128
2014
1621
1129
831
774
874
938
797
437
-13
-350
-508
-510
-493
-581
-806
-1046
-1213
-1284
-1295
-1268
-1259
-1286
-1256
-1125
-961
-823
-696
-602
-516
-288
49
343
583
724
745
778
900
1133
1361
1497
1536
1437
1266
1196
1212
1229
1231
1131
891
580
323
164
47
-70
-238
-504
-836
-1106
-1280
-1405
-1464
-1516
-1640
-1782
-1896
-1962
-1952
-1883
-1782
-1707
-1667
-1657
-1628
-1549
-1414
-1244
-1097
-1001
-946
-908
-856
-749
-664
-586
-509
-486
-350
-136
10
88
126
118
297
617
1018
1335
1409
1314
1212
1176
1427
1819
2105
2201
2035
1717
1478
1465
1635
1848
1897
1719
1345
945
680
627
640
659
526
209
-158
-434
-607
-646
-646
-722
-849
-990
-1113
-1173
-1193
-1189
-1156
-1113
-983
-758
-602
-465
-360
-309
-197
105
475
814
1006
1052
956
903
1025
1320
1554
1645
1570
1317
1058
992
1042
1100
1056
863
517
162
-56
-162
-266
-418
-622
-906
-1182
-1343
-1432
-1510
-1587
-1665
-1755
-1795
-1782
-1728
-1670
-1648
-1626
-1592
-1540
-1391
-1212
-1090
-1005
-982
-990
-930
-815
-641
-478
-408
-458
-551
-593
-482
-179
134
280
265
116
92
349
764
1251
1513
1445
1242
1072
1126
1492
1879
2125
2082
1784
1464
1322
1387
1606
1734
1640
1371
1033
729
602
546
488
379
177
-96
-321
-494
-605
-688
-798
-887
-970
-1030
-1029
-1031
-1048
-1076
-1080
-1051
-881
-660
-418
-230
-145
-101
-58
83
424
778
1049
1195
1124
984
923
1038
1242
1422
1471
1331
1049
796
668
643
626
576
387
89
-180
-379
-526
-637
-750
-903
-1087
-1232
-1310
-1382
-1420
-1457
-1503
-1539
-1535
-1477
-1399
-1337
-1306
-1279
-1263
-1177
-1053
-914
-812
-756
-763
-761
-708
-612
-466
-369
-367
-411
-476
-474
-296
-78
155
245
208
165
214
419
796
1119
1299
1264
1112
1000
1072
1354
1660
1843
1784
1550
1285
1163
1221
1399
1477
1417
1156
831
569
448
424
417
299
97
-166
-377
-489
-534
-579
-657
-777
-888
-939
-917
-863
-815
-818
-824
-797
-669
-466
-238
-42
63
120
213
381
634
881
1066
1136
1105
1066
1086
1148
1234
1263
1184
1013
830
701
604
547
450
264
14
-216
-408
-525
-600
-686
-845
-1054
-1251
-1385
-1424
-1397
-1347
-1351
-1423
-1515
-1566
-1532
-1419
-1280
-1159
-1114
-1114
-1113
-1063
-955
-820
-697
-616
-587
-561
-518
-456
-387
-366
-357
-368
-308
-162
11
161
226
231
269
371
619
926
1191
1333
1351
1277
1243
1318
1505
1700
1819
1807
1673
1508
1375
1335
1329
1309
1228
1073
852
636
424
243
81
-69
-229
-375
-529
-677
-827
-972
-1085
-1140
-1165
-1152
-1136
-1135
-1119
-1082
-1006
-882
-715
-522
-309
-104
85
254
404
556
750
964
1169
1326
1393
1373
1306
1232
1220
1242
1259
1212
1048
809
572
377
253
168
61
-108
-333
-577
-792
-941
-1026
-1098
-1192
-1326
-1462
-1562
-1594
-1554
-1490
-1438
-1431
-1450
-1456
-1412
-1296
-1142
-989
-896
-849
-850
-824
-740
-597
-450
-341
-302
-310
-327
-318
-268
-205
-123
-26
86
198
307
395
489
607
763
944
1144
1325
1428
1450
1431
1415
1460
1567
1689
1755
1706
1582
1417
1282
1207
1181
1125
1017
819
569
308
91
-63
-189
-313
-471
-657
-855
-1013
-1118
-1159
-1158
-1136
-1133
-1148
-1170
-1153
-1081
-950
-772
-593
-431
-287
-147
11
216
448
705
928
1098
1204
1257
1306
1363
1407
1422
1382
1283
1149
1014
891
767
619
437
229
24
-148
-290
-430
-600
-790
-992
-1150
-1238
-1273
-1300
-1356
-1449
-1544
-1580
-1529
-1401
-1270
-1207
-1225
-1249
-1211
-1066
-856
-677
-591
-597
-622
-570
-424
-236
-72
-26
-70
-130
-136
-53
68
159
171
109
52
87
210
376
526
604
623
641
712
825
968
1090
1144
1137
1094
1081
1108
1162
1209
1199
1109
985
863
774
713
650
539
365
161
-30
-177
-269
-338
-433
-573
-750
-886
-957
-951
-888
-850
-854
-901
-930
-894
-774
-601
-427
-305
-242
-190
-88
96
340
597
801
922
996
1058
1140
1246
1335
1354
1297
1184
1067
969
898
820
706
538
346
167
22
-84
-192
-329
-509
-698
-856
-955
-999
-1021
-1057
-1133
-1226
-1304
-1325
-1280
-1197
-1114
-1080
-1069
-1056
-991
-869
-719
-583
-499
-465
-436
-378
-278
-152
-40
13
12
-1
1
51
123
169
164
100
13
-32
6
108
234
322
355
355
374
443
574
722
832
884
869
842
830
859
902
939
942
911
839
749
649
545
447
339
239
123
8
-127
-264
-394
-491
-554
-589
-620
-658
-710
-764
-788
-775
-722
-648
-557
-477
-401
-319
-238
-147
-37
109
279
482
680
850
965
1037
1087
1150
1236
1334
1373
1331
1202
1021
851
737
668
601
489
297
61
-170
-342
-450
-521
-621
-771
-965
-1142
-1250
-1274
-1246
-1225
-1257
-1338
-1419
-1442
-1362
-1216
-1044
-915
-844
-821
-771
-653
-475
-276
-127
-52
-44
-34
4
91
183
247
250
209
159
124
104
82
47
-1
-27
-3
86
202
309
374
415
467
557
700
847
948
975
936
875
851
885
962
1019
1013
925
779
618
498
424
366
276
134
-58
-253
-395
-469
-501
-529
-592
-693
-800
-872
-876
-825
-751
-690
-654
-626
-568
-460
-313
-157
-25
77
171
303
485
702
902
1051
1139
1187
1223
1278
1329
1341
1275
1138
959
774
614
483
350
198
12
-186
-376
-542
-683
-817
-945
-1087
-1211
-1316
-1372
-1386
-1366
-1344
-1325
-1321
-1306
-1261
-1175
-1046
-903
-765
-658
-574
-494
-392
-257
-104
32
123
148
132
105
104
134
177
197
173
98
5
-71
-109
-102
-63
-3
51
105
161
244
357
503
660
804
912
975
1002
1016
1028
1046
1062
1065
1048
1009
948
862
772
669
557
430
276
96
-87
-258
-394
-496
-583
-658
-741
-820
-876
-895
-874
-818
-753
-699
-658
-610
-533
-400
-227
-37
127
261
377
506
670
870
1084
1262
1384
1444
1456
1460
1451
1426
1359
1224
1030
798
562
340
141
-56
-244
-424
-601
-761
-909
-1049
-1174
-1283
-1376
-1439
-1478
-1493
-1487
-1467
-1434
-1386
-1320
-1231
-1114
-985
-845
-712
-599
-499
-401
-293
-174
-55
49
124
150
138
111
88
87
101
108
77
11
-71
-126
-134
-73
24
134
220
284
353
443
590
774
958
1093
1162
1167
1147
1142
1167
1201
1209
1167
1065
935
802
699
609
510
368
189
-28
-241
-422
-571
-692
-798
-893
-976
-1025
-1043
-1024
-990
-929
-861
-773
-663
-540
-412
-279
-130
34
220
422
630
825
1005
1164
1310
1445
1566
1645
1664
1622
1523
1393
1241
1068
871
635
368
94
-163
-389
-578
-739
-883
-1027
-1171
-1302
-1414
-1489
-1537
-1561
-1576
-1587
-1587
-1567
-1514
-1422
-1292
-1143
-990
-846
-707
-581
-456
-323
-201
-93
-8
53
91
110
112
100
72
39
5
-37
-82
-129
-168
-182
-154
-73
50
192
338
475
612
762
927
1100
1250
1363
1420
1439
1426
1408
1394
1382
1352
1286
1173
1028
869
715
570
424
258
59
-159
-393
-607
-781
-907
-1005
-1085
-1169
-1244
-1288
-1276
-1204
-1097
-970
-850
-731
-605
-446
-254
-37
186
399
597
793
996
1208
1409
1576
1696
1761
1778
1749
1682
1561
1394
1173
917
639
354
80
-181
-422
-647
-852
-1032
-1188
-1318
-1424
-1518
-1591
-1652
-1696
-1728
-1734
-1724
-1683
-1619
-1529
-1418
-1288
-1148
-1005
-857
-719
-585
-462
-343
-239
-155
-97
-63
-58
-66
-73
-79
-79
-91
-108
-136
-147
-114
-21
129
311
501
676
849
1015
1202
1380
1546
1666
1724
1725
1680
1621
1569
1531
1478
1411
1297
1150
979
810
640
473
297
98
-121
-357
-576
-778
-931
-1045
-1135
-1209
-1268
-1315
-1338
-1325
-1272
-1185
-1067
-935
-787
-622
-439
-231
3
254
510
761
992
1201
1379
1541
1670
1774
1829
1821
1748
1604
1414
1191
957
717
466
209
-55
-306
-523
-700
-835
-952
-1069
-1197
-1331
-1450
-1537
-1588
-1616
-1639
-1668
-1690
-1694
-1651
-1560
-1433
-1297
-1174
-1074
-982
-881
-762
-630
-499
-399
-339
-316
-314
-309
-290
-265
-242
-234
-239
-230
-177
-65
107
322
544
756
955
1147
1343
1536
1716
1860
1940
1957
1930
1874
1817
1753
1681
1572
1432
1259
1072
885
707
531
343
140
-76
-295
-498
-667
-810
-926
-1029
-1117
-1194
-1241
-1254
-1236
-1187
-1120
-1034
-932
-807
-654
-477
-274
-56
172
411
658
903
1140
1353
1534
1670
1760
1797
1781
1713
1588
1419
1214
987
754
523
291
72
-134
-318
-472
-600
-705
-796
-891
-993
-1097
-1195
-1280
-1350
-1411
-1478
-1544
-1597
-1619
-1606
-1549
-1471
-1383
-1301
-1227
-1145
-1054
-947
-840
-756
-714
-707
-717
-720
-697
-644
-573
-492
-407
-299
-157
43
301
584
870
1126
1337
1516
1673
1821
1949
2021
2023
1949
1815
1663
1518
1395
1282
1151
983
780
568
378
223
102
-15
-144
-298
-455
-586
-666
-685
-669
-645
-628
-629
-629
-604
-552
-475
-403
-342
-300
-262
-203
-106
25
177
329
462
573
668
762
841
910
940
922
857
756
648
541
445
356
261
163
70
-5
-55
-75
-77
-87
-111
-156
-213
-279
-353
-433
-530
-649
-785
-925
-1052
-1160
-1241
-1302
-1347
-1385
-1415
-1434
-1436
-1425
-1407
-1392
-1394
-1402
-1414
-1412
-1379
-1306
-1202
-1066
-900
-703
-463
-179
136
476
803
1101
1358
1570
1754
1897
1989
2025
1990
1899
1775
1633
1497
1372
1239
1097
934
766
609
476
371
287
201
107
11
-80
-141
-159
-142
-113
-82
-74
-79
-86
-80
-53
-20
0
-1
-33
-70
-89
-81
-34
26
87
130
151
167
193
234
275
306
307
272
213
148
85
41
4
-33
-74
-121
-169
-208
-230
-236
-227
-221
-227
-250
-293
-344
-391
-430
-459
-490
-535
-594
-666
-731
-781
-818
-834
-861
-907
-969
-1052
-1133
-1197
-1233
-1243
-1238
-1220
-1183
-1115
-987
-799
-545
-262
19
283
505
706
891
1062
1215
1313
1342
1299
1207
1098
1012
954
916
885
816
726
631
555
524
525
531
520
468
385
320
282
293
350
394
417
400
356
325
315
334
349
331
262
151
38
-45
-67
-45
-9
13
2
-28
-42
-20
39
105
143
125
40
-66
-166
-231
-262
-278
-312
-385
-476
-555
-598
-590
-543
-500
-489
-513
-570
-619
-626
-597
-543
-491
-479
-489
-515
-516
-473
-395
-309
-262
-271
-334
-414
-496
-534
-548
-577
-605
-664
-721
-714
-635
-466
-240
-11
197
364
504
654
801
948
1052
1073
998
853
680
529
433
368
321
261
167
73
21
22
80
159
218
234
201
158
150
193
278
373
438
449
439
429
440
501
557
589
565
478
364
267
218
211
240
246
220
177
134
126
156
220
263
245
178
60
-68
-165
-221
-261
-319
-411
-527
-644
-723
-747
-716
-679
-668
-689
-758
-816
-841
-835
-792
-754
-756
-770
-794
-780
-715
-611
-490
-400
-353
-341
-353
-336
-297
-257
-203
-191
-204
-209
-159
-55
117
337
528
692
823
910
1022
1120
1195
1245
1195
1083
918
743
597
484
397
316
230
117
13
-37
-53
-42
0
21
-3
-40
-75
-100
-83
-49
-16
2
-7
-20
-22
-10
39
78
102
123
110
101
107
126
153
175
193
186
188
186
195
197
185
173
127
93
50
13
-16
-62
-111
-147
-201
-223
-210
-265
-286
-298
-306
-333
-338
-344
-344
-315
-313
-280
-273
-258
-227
-221
-195
-158
-141
-110
-81
-56
-31
-31
-6
2
-9
1
10
21
40
61
79
81
76
85
85
85
92
112
115
107
100
89
64
48
44
35
28
32
33
20
16
22
27
38
52
55
50
38
40
45
46
62
74
59
46
47
26
21
39
43
46
32
8
-10
-38
-31
-18
0
27
6
-10
-21
-40
-18
10
13
20
-6
-18
-16
-1
19
41
-28
7
8
-9
237
21
-65
-14
-199
-108
-67
-111
12
-12
-46
73
81
89
18
-49
-23
-17
68
92
-4
2
19
-55
44
129
93
42
13
-63
-17
84
33
7
24
-43
-37
17
-25
-28
19
59
28
-2
22
-12
-73
-57
-69
-94
-70
-49
22
-3
-56
14
-4
-22
5
-71
-102
-98
-102
-60
-6
52
59
61
67
20
13
22
-23
-44
-57
-108
-102
-57
-82
-82
-49
-35
-30
-14
0
-15
-33
-40
-48
-58
-68
-74
-70
-82
-55
-34
-43
-30
-47
-73
-63
-41
-59
-53
-11
-31
-87
-96
-93
-120
-95
-59
-72
-87
-82
-86
-79
-36
-19
15
81
93
76
103
135
133
143
158
139
137
142
119
117
85
40
24
9
21
32
74
139
115
89
97
64
59
99
115
119
122
99
31
-40
-75
-94
-100
-95
-96
-88
-58
-54
-51
-37
-19
-3
16
21
12
-22
-39
-36
-76
-113
-138
-152
-138
-88
-57
-34
-36
-47
-76
-128
-136
-115
-115
-144
-149
-164
-202
-165
-104
-147
-154
-117
-103
-106
-98
-56
3
-1
11
53
63
64
76
112
96
101
145
117
70
90
84
17
49
117
77
113
263
332
363
442
492
480
449
457
473
478
502
445
344
250
154
109
108
90
96
138
102
62
49
21
16
120
198
146
133
155
89
42
77
68
77
98
73
51
85
167
191
140
78
-18
-85
-61
-61
-58
-26
-74
-137
-148
-99
-43
30
119
131
63
3
-40
-95
-95
-87
-99
-134
-223
-312
-378
-408
-373
-304
-238
-224
-222
-242
-301
-295
-259
-243
-210
-168
-180
-276
-317
-302
-247
-161
-140
-152
-207
-270
-263
-266
-244
-116
-21
40
112
164
178
224
325
428
496
514
495
448
366
325
326
348
374
352
329
285
261
258
294
341
399
445
402
406
383
290
330
387
330
283
259
196
87
43
61
17
-62
-86
-77
-149
-252
-232
-200
-224
-222
-219
-265
-279
-265
-262
-294
-308
-276
-300
-311
-265
-234
-274
-271
-283
-384
-415
-402
-441
-423
-355
-317
-313
-313
-298
-300
-269
-244
-182
-85
-87
-93
-61
-93
-142
-108
-39
-14
-11
-37
-123
-140
-132
-165
-114
-54
-18
18
35
57
89
131
166
205
179
132
117
77
89
95
76
158
170
85
82
57
33
144
248
263
276
269
163
137
237
220
216
346
359
253
269
306
273
267
247
269
297
209
226
302
221
-67
102
272
-251
-103
294
-99
-316
101
40
-367
-134
-38
-185
-164
-281
9
-61
-310
-136
42
-95
-477
-176
37
-321
-321
363
88
-582
-462
391
-776
-1191
1218
163
-563
370
-374
-830
95
669
348
550
857
-412
-932
-4
267
253
732
768
-232
-604
-348
-328
-158
144
26
-167
-196
-256
-348
-2
307
52
-95
-57
-48
-84
15
140
86
92
62
-36
18
159
227
296
309
197
80
92
51
-3
144
229
147
104
108
-12
-85
33
119
77
98
111
57
57
107
102
95
131
129
127
109
37
-17
-3
-19
-53
-30
-30
-126
-137
-94
-147
-165
-95
-58
-145
-157
-132
-163
-148
-90
-78
-99
-55
-50
-66
-50
-47
-56
-31
-18
-34
-52
-41
-74
-115
-60
-8
21
30
2
-27
-66
-55
6
47
63
16
-3
-7
-44
-14
48
74
48
25
-5
-8
60
129
162
181
184
160
128
145
162
149
144
119
84
37
15
35
-12
-47
-5
-4
-45
-43
-1
-29
-55
-8
-31
-39
19
-3
-57
-43
-44
-118
-136
-101
-109
-141
-121
-101
-159
-180
-159
-128
-107
-134
-108
-116
-150
-155
-149
-79
-78
-91
-24
-50
-84
-40
-14
-2
-2
55
71
36
78
91
91
113
124
110
109
137
110
132
160
140
185
149
79
60
28
18
-20
-47
-57
-115
-135
-139
-131
-86
-70
-20
31
9
47
97
106
122
144
180
141
115
132
69
40
112
124
81
117
145
83
76
128
126
125
151
106
64
76
33
12
30
4
-29
-66
-67
-115
-161
-159
-225
-240
-226
-251
-276
-255
-247
-305
-292
-283
-317
-300
-282
-289
-293
-251
-241
-307
-302
-308
-328
-268
-250
-203
-153
-115
-68
-45
41
73
94
186
218
254
308
307
326
312
289
295
281
284
277
239
175
160
156
121
144
166
152
183
197
185
183
195
190
182
168
117
115
95
47
37
7
-31
-84
-80
-46
-58
-12
9
-17
-14
-24
0
27
26
41
42
26
-6
-38
-64
-74
-112
-166
-163
-188
-208
-202
-217
-219
-219
-211
-203
-194
-153
-147
-163
-152
-163
-190
-187
-187
-192
-178
-178
-188
-205
-179
-148
-138
-100
-59
-36
-32
-30
19
53
49
73
100
127
133
122
151
158
155
197
222
219
217
215
218
203
206
221
208
200
196
194
178
170
203
197
214
247
231
214
200
168
130
137
126
100
73
37
20
-31
-46
-44
-42
-32
-35
-33
-30
-50
-69
-59
-67
-79
-91
-126
-165
-191
-226
-249
-265
-253
-254
-263
-240
-248
-234
-217
-221
-209
-197
-175
-169
-171
-165
-179
-177
-166
-166
-171
-168
-143
-105
-81
-39
-4
17
60
83
107
134
151
185
190
204
222
218
219
214
208
186
176
177
176
182
186
185
165
150
137
132
126
120
134
129
116
123
119
125
142
123
119
144
143
142
121
119
109
74
61
57
56
53
63
63
55
52
35
42
62
82
83
81
68
39
16
-36
-70
-101
-135
-166
-198
-221
-272
-300
-322
-357
-364
-356
-365
-377
-388
-390
-383
-365
-350
-334
-321
-315
-305
-305
-271
-218
-194
-143
-112
-99
-54
-40
-16
5
22
57
72
87
112
123
151
178
174
184
185
198
201
216
248
260
286
277
282
278
258
263
250
237
223
219
193
182
173
158
156
144
144
146
127
104
103
85
67
67
52
41
28
14
0
-6
-1
-13
-7
-4
-11
-5
-20
-22
-14
-4
2
-8
-4
-11
-21
-32
-53
-83
-106
-128
-146
-162
-188
-203
-231
-239
-242
-247
-223
-206
-198
-189
-185
-206
-224
-220
-218
-214
-195
-188
-185
-177
-182
-171
-151
-124
-90
-79
-48
-11
5
19
41
67
94
113
113
119
120
113
122
125
121
133
128
130
145
144
155
158
167
177
181
191
200
196
192
201
189
179
191
186
167
164
148
124
129
110
81
82
87
89
78
87
100
87
72
58
36
14
11
-7
-22
-20
-32
-69
-94
-112
-139
-161
-184
-200
-220
-252
-273
-277
-282
-274
-262
-272
-269
-255
-240
-233
-204
-168
-158
-139
-129
-141
-146
-145
-146
-142
-127
-112
-101
-78
-63
-54
-35
-23
-3
21
26
40
57
52
58
64
52
78
95
75
97
107
97
105
92
97
110
118
126
122
121
132
124
129
146
124
122
132
134
142
156
171
168
169
170
156
148
141
141
131
129
133
117
126
139
130
112
106
100
92
87
57
45
44
7
-11
-22
-39
-48
-72
-75
-80
-107
-117
-134
-156
-162
-175
-197
-208
-221
-237
-231
-213
-204
-197
-183
-176
-182
-186
-184
-179
-169
-166
-145
-113
-113
-105
-70
-58
-35
-14
-12
21
47
70
96
115
134
141
138
127
105
97
84
79
97
101
91
85
90
94
90
112
128
110
118
137
122
114
122
104
93
98
89
79
73
81
65
50
76
75
52
56
56
48
57
70
72
72
73
71
61
56
59
48
41
53
34
8
5
-6
-22
-38
-52
-65
-91
-101
-103
-110
-111
-113
-117
-113
-108
-119
-119
-99
-97
-98
-108
-111
-100
-103
-99
-111
-127
-115
-110
-114
-100
-99
-108
-111
-112
-95
-69
-51
-38
-19
-17
-21
-11
-13
-1
15
19
27
16
19
27
15
24
34
29
38
42
44
58
78
72
64
80
77
76
95
123
135
130
136
139
132
126
118
121
132
129
133
132
123
111
90
70
50
38
21
19
22
-6
-12
-3
9
14
5
9
0
-4
-3
-20
-19
-23
-59
-79
-91
-105
-107
-109
-98
-79
-83
-92
-83
-62
-49
-50
-54
-56
-73
-83
-80
-81
-73
-78
-97
-98
-104
-119
-110
-104
-99
-106
-117
-118
-124
-131
-127
-121
-110
-92
-82
-81
-68
-62
-63
-56
-44
-39
-31
-20
-23
-33
-24
-15
-1
5
11
20
13
37
55
62
86
85
83
95
119
147
163
192
213
218
221
211
208
214
214
200
190
173
151
138
126
107
95
86
80
76
65
64
65
61
46
39
33
14
6
-6
-10
-2
-20
-41
-38
-47
-58
-63
-63
-64
-67
-71
-88
-93
-90
-91
-97
-98
-89
-104
-115
-109
-115
-125
-129
-123
-119
-126
-133
-138
-151
-152
-148
-153
-153
-155
-164
-162
-148
-137
-125
-110
-100
-88
-82
-59
-35
-23
-4
6
8
14
17
29
40
59
79
87
104
121
143
166
181
204
216
218
226
229
228
223
227
223
214
217
204
187
191
184
166
152
147
138
128
117
98
85
73
57
42
32
24
14
5
1
-3
-11
-18
-31
-45
-67
-79
-79
-86
-86
-95
-111
-120
-136
-149
-142
-147
-153
-163
-183
-199
-210
-208
-203
-198
-199
-195
-187
-185
-173
-165
-155
-146
-148
-143
-136
-128
-110
-99
-92
-78
-69
-63
-59
-47
-30
-23
-6
9
16
24
37
42
51
69
74
86
100
105
121
132
144
158
172
194
210
218
220
223
223
214
214
217
210
208
195
182
176
161
158
147
133
129
111
93
83
81
69
49
33
17
-5
-21
-35
-52
-56
-60
-82
-106
-122
-150
-168
-174
-182
-184
-184
-191
-192
-187
-182
-177
-169
-167
-168
-169
-174
-165
-166
-172
-166
-168
-169
-159
-160
-157
-146
-138
-124
-117
-101
-91
-90
-78
-63
-50
-31
-12
0
23
32
45
66
68
82
94
94
105
109
114
125
135
139
147
155
160
163
171
176
182
183
176
177
176
159
154
154
152
156
145
137
131
123
120
109
106
107
95
90
85
70
65
58
47
36
22
11
-3
-24
-38
-47
-61
-74
-86
-93
-107
-122
-130
-140
-154
-164
-174
-181
-175
-172
-172
-170
-166
-168
-181
-178
-176
-179
-173
-166
-164
-155
-138
-129
-117
-105
-97
-88
-71
-51
-33
-14
5
13
19
26
33
41
48
61
75
83
96
105
113
125
133
145
153
154
160
159
168
182
182
184
179
169
161
153
150
148
145
144
133
118
109
101
92
95
88
79
74
64
58
51
39
24
8
-7
-19
-34
-43
-52
-63
-73
-87
-102
-114
-122
-127
-135
-134
-134
-135
-137
-141
-147
-150
-149
-147
-150
-150
-149
-150
-149
-143
-139
-140
-135
-133
-132
-122
-114
-107
-99
-96
-92
-84
-75
-59
-46
-34
-15
-7
1
15
25
42
59
71
82
91
101
116
125
133
144
149
155
164
165
170
182
185
186
185
175
172
171
170
176
169
158
152
141
132
121
118
112
105
99
91
86
77
66
55
42
32
17
2
-11
-26
-33
-43
-53
-63
-74
-87
-98
-104
-113
-117
-126
-139
-147
-156
-162
-169
-171
-176
-182
-184
-186
-187
-180
-177
-171
-166
-164
-161
-158
-154
-150
-142
-132
-120
-113
-103
-94
-83
-68
-59
-50
-37
-29
-18
-5
8
22
36
47
56
68
76
86
101
111
119
130
137
146
156
160
169
178
179
181
184
186
191
188
187
187
184
178
171
164
154
145
137
133
123
115
103
94
84
71
60
52
39
26
11
-2
-13
-22
-35
-45
-58
-70
-82
-96
-107
-118
-127
-134
-139
-145
-154
-159
-164
-172
-176
-180
-181
-182
-183
-179
-175
-170
-165
-164
-158
-154
-149
-144
-135
-129
-121
-109
-103
-91
-78
-67
-58
-48
-35
-27
-18
-8
0
15
26
39
50
60
70
79
85
96
106
118
129
133
140
145
148
155
159
165
168
168
170
172
170
166
166
164
157
153
146
143
136
128
120
112
104
95
85
74
63
57
45
36
28
17
6
-7
-17
-25
-35
-46
-57
-70
-79
-87
-98
-108
-118
-123
-130
-134
-140
-145
-150
-150
-152
-155
-156
-159
-157
-158
-157
-156
-151
-146
-144
-140
-133
-127
-119
-111
-104
-97
-88
-77
-67
-54
-45
-36
-24
-14
-4
7
17
26
33
41
52
60
67
76
83
88
93
101
106
113
120
123
125
128
130
131
133
135
137
135
136
135
134
132
128
124
121
117
112
107
100
97
91
83
79
74
68
59
51
42
34
23
15
6
-4
-13
-22
-31
-39
-48
-58
-65
-74
-80
-88
-92
-98
-102
-110
-115
-116
-119
-123
-126
-128
-129
-129
-131
-131
-129
-129
-128
-126
-123
-120
-118
-112
-105
-101
-95
-88
-81
-76
-68
-60
-50
-42
-33
-23
-15
-8
0
9
17
24
31
40
47
53
59
66
73
82
86
91
95
99
104
106
108
106
107
106
106
104
105
105
103
100
97
94
91
87
84
80
75
71
66
61
56
48
42
36
32
26
20
14
10
2
-3
-10
-16
-22
-29
-33
-38
-41
-48
-52
-55
-59
-59
-61
-63
-64
-67
-70
-70
-72
-72
-73
-75
-74
-73
-73
-69
-66
-64
-60
-57
-54
-52
-48
-44
-39
-35
-34
-30
-27
-22
-18
-15
-11
-8
-5
-1
2
6
10
15
17
19
22
25
26
29
30
32
36
36
38
38
39
41
44
41
42
41
40
40
39
41
38
38
37
37
36
33
32
31
30
30
27
26
24
22
20
17
17
13
11
9
7
6
3
1
-1
-3
-8
-9
-10
-13
-16
-17
-19
-19
-21
-24
-24
-26
-28
-29
-32
-31
-32
-32
-32
-32
-32
-32
-31
-31
-31
-30
-28
-28
-25
-25
-24
-23
-22
-21
-20
-19
-16
-14
-14
-11
-10
-9
-6
-4
-3
-1
1
3
4
6
7
11
11
12
14
14
18
19
20
21
21
22
23
23
23
25
25
27
25
26
26
27
28
28
28
28
26
26
27
27
26
24
23
21
19
18
18
16
16
15
11
8
8
6
5
5
1
0
-3
-5
-8
-8
-11
-12
-15
-17
-19
-20
-20
-24
-24
-25
-26
-27
-29
-30
-31
-30
-30
-31
-31
-31
-30
-30
-30
-30
-29
-28
-27
-27
-27
-24
-23
-22
-21
-19
-18
-17
-14
-13
-12
-10
-7
-4
-4
-2
0
2
2
4
6
8
9
10
10
12
14
16
17
18
19
20
20
23
25
25
27
27
26
25
26
28
28
28
28
27
27
26
26
25
26
24
23
22
20
19
18
16
16
13
14
12
10
9
7
6
3
2
0
-1
-3
-5
-6
-6
-8
-8
-9
-10
-11
-13
-16
-17
-19
-19
-18
-18
-20
-21
-21
-21
-20
-19
-19
-19
-19
-19
-19
-18
-17
-16
-17
-16
-15
-16
-15
-14
-13
-13
-10
-9
-10
-9
-6
-5
-4
-3
-2
-2
0
1
1
3
5
6
6
8
9
9
11
11
11
12
13
11
11
12
12
12
13
12
12
11
13
12
9
10
11
11
10
10
8
8
7
8
6
6
6
3
2
2
1
0
0
-3
-3
-4
-5
-5
-6
-6
-7
-7
-8
-8
-9
-9
-9
-10
-10
-8
-9
-9
-9
-8
-9
-9
-8
-9
-8
-8
-7
-6
-4
-4
-4
-4
-4
-5
-3
-2
-1
-1
-1
0
2
2
2
3
3
4
5
4
6
6
7
7
7
8
8
9
10
9
9
11
9
10
9
9
10
10
12
10
10
9
10
11
10
9
11
10
10
10
7
8
8
7
6
5
4
4
4
2
2
2
1
0
0
-1
-2
-2
-3
-3
-5
-5
-5
-6
-8
-10
-7
-8
-9
-10
-9
-9
-8
-7
-9
-9
-9
-9
-9
-10
-10
-10
-9
-9
-10
-10
-9
-8
-7
-7
-7
-6
-6
-6
-6
-5
-4
-3
-3
-4
-2
-2
-1
1
0
3
2
3
4
4
4
4
6
6
8
8
9
10
11
11
12
12
12
13
13
13
12
11
12
12
11
11
12
10
10
10
10
10
9
9
8
7
5
5
4
2
2
0
-1
-1
-2
-3
-3
-3
-3
-5
-8
-7
-10
-9
-8
-11
-11
-11
-9
-11
-13
-12
-12
-13
-13
-13
-13
-13
-15
-14
-15
-15
-15
-15
-15
-14
-15
-13
-14
-13
-13
-11
-11
-9
-8
-8
-6
-7
-3
-3
-3
0
0
1
1
3
4
5
6
7
9
9
10
10
12
13
14
14
14
16
14
16
18
17
19
18
19
17
17
17
16
15
15
15
14
12
13
12
12
10
10
8
6
6
6
6
5
3
3
0
-2
-3
-6
-6
-6
-7
-10
-9
-10
-12
-12
-13
-14
-15
-15
-16
-16
-15
-15
-15
-16
-16
-16
-15
-14
-15
-13
-14
-14
-13
-13
-13
-10
-10
-10
-9
-10
-8
-8
-7
-6
-6
-4
-3
-1
0
2
2
2
5
5
7
8
9
11
12
13
13
13
15
15
16
16
17
18
19
19
18
18
18
18
19
19
19
18
17
17
15
12
13
12
11
11
10
8
8
6
5
4
2
2
0
-2
-2
-2
-2
-3
-4
-6
-9
-7
-9
-8
-9
-10
-11
-11
-13
-12
-12
-14
-14
-13
-14
-14
-14
-14
-15
-16
-13
-12
-11
-13
-11
-11
-10
-9
-9
-10
-9
-9
-9
-7
-7
-6
-6
-6
-4
-2
-3
-2
-2
-1
-1
0
2
3
3
4
4
5
7
7
7
7
8
9
8
8
9
9
10
9
9
9
10
10
10
8
8
8
8
10
8
6
6
6
5
4
4
3
2
1
-1
-1
-1
-1
-3
-5
-5
-5
-5
-7
-5
-8
-9
-10
-11
-11
-10
-10
-10
-11
-11
-10
-10
-11
-12
-12
-11
-13
-12
-11
-11
-11
-10
-9
-9
-8
-7
-8
-6
-7
-6
-6
-5
-3
-4
-3
-3
-2
-1
-2
0
1
2
4
4
6
6
5
6
7
7
8
8
10
9
9
9
8
10
10
10
10
12
10
11
12
10
11
10
10
11
10
7
8
7
7
7
8
7
7
6
5
5
5
3
2
1
3
0
0
-1
-2
-1
-2
-2
-4
-3
-5
-4
-4
-5
-6
-6
-6
-7
-8
-7
-8
-7
-7
-7
-7
-7
-6
-7
-7
-6
-7
-6
-6
-6
-7
-6
-6
-6
-7
-6
-6
-6
-4
-2
-1
-1
0
-1
0
0
-1
1
1
2
1
2
3
5
4
4
5
6
5
6
6
6
7
6
6
6
7
6
6
7
6
7
7
8
8
5
5
5
5
6
5
6
5
4
3
2
2
1
1
2
0
1
0
0
-1
-2
-2
-4
-4
-6
-5
-6
-8
-8
-9
-10
-9
-9
-10
-8
-9
-9
-10
-11
-11
-10
-11
-9
-9
-8
-8
-8
-7
-7
-6
-6
-4
-4
-4
-4
-3
-2
-1
-1
0
0
0
1
2
2
4
3
4
4
5
5
5
6
5
5
6
6
7
8
7
7
8
8
8
8
8
8
8
9
7
7
6
7
7
6
6
5
4
3
2
2
2
2
1
1
1
0
-1
-2
-1
-2
-3
-2
-3
-4
-4
-4
-5
-4
-4
-4
-5
-6
-4
-4
-4
-4
-5
-6
-5
-5
-4
-4
-4
-3
-4
-4
-4
-3
-2
-1
-1
-2
-2
-3
-2
-2
-1
0
0
-1
0
1
1
1
2
1
3
2
2
2
4
4
4
5
4
5
5
5
6
7
5
6
6
7
7
7
5
5
5
4
4
5
5
4
3
3
3
3
3
3
1
1
0
0
1
1
1
1
1
-1
-2
-1
-2
-3
-2
-4
-6
-6
-6
-6
-6
-6
-5
-6
-6
-5
-4
-4
-3
-4
-5
-4
-5
-4
-3
-3
-2
-3
-2
-2
-1
-1
-1
0
0
0
0
1
1
0
1
0
1
1
2
2
1
2
1
2
4
4
4
3
3
3
2
5
4
4
3
4
3
3
3
3
3
4
4
3
3
2
3
2
2
1
1
0
-1
-1
-1
-1
-2
-1
-2
-2
-2
-3
-3
-4
-5
-4
-4
-4
-3
-4
-5
-4
-4
-4
-4
-5
-4
-4
-4
-4
-3
-4
-4
-2
-4
-3
-2
-1
-1
-2
0
-2
-2
-1
-1
0
0
-1
-2
0
1
-1
0
0
-1
0
-1
0
1
0
1
1
1
1
0
1
1
1
0
0
1
0
3
2
1
1
1
1
2
1
0
1
2
2
1
1
1
2
1
0
2
2
2
2
2
1
1
2
2
2
1
1
1
1
2
0
0
1
0
1
1
1
1
2
1
1
2
0
0
2
1
1
2
2
1
0
1
0
0
0
0
0
-1
-2
0
0
1
0
-1
0
1
1
2
3
2
2
3
2
2
2
1
2
1
2
2
1
2
1
1
1
1
0
1
1
0
1
0
0
1
-1
-1
0
-2
-1
-2
-1
-2
-2
-2
-2
-3
-3
-3
-4
-3
-3
-3
-2
-3
-2
-3
-1
-1
-1
-1
0
0
0
0
0
1
-1
-1
0
-1
0
-1
-1
-1
-1
-1
1
-1
0
1
-1
-1
-1
-1
0
0
0
0
0
1
1
1
1
1
1
2
2
2
2
2
2
2
1
3
2
2
3
2
2
3
2
1
2
2
1
1
0
2
1
2
1
-1
0
0
-1
0
0
0
0
1
-1
-1
-1
-2
-2
-3
-3
-3
-4
-6
-5
-7
-7
-5
-6
-6
-6
-7
-6
-6
-8
-8
-7
-10
-8
-7
-6
-7
-7
-7
-6
-6
-6
-4
-5
-4
-2
-3
-2
-2
-2
-1
0
1
1
1
3
3
4
4
3
6
4
4
6
6
6
7
9
7
8
8
8
8
10
11
12
11
10
10
10
11
12
12
12
11
9
7
8
9
8
9
8
8
7
6
6
5
5
5
4
4
5
4
4
3
3
4
2
1
1
0
1
2
2
2
1
1
0
0
-2
-3
-2
-4
-3
-4
-3
-4
-6
-7
-9
-10
-8
-10
-9
-10
-12
-13
-14
-17
-17
-18
-17
-18
-18
-17
-18
-17
-17
-16
-18
-19
-19
-18
-18
-16
-15
-17
-15
-15
-14
-14
-12
-13
-12
-8
-10
-8
-7
-8
-4
-2
-3
1
2
-1
4
6
1
8
9
6
13
12
8
14
11
11
16
12
14
18
14
13
16
10
12
17
11
16
18
14
22
22
19
25
24
24
30
28
25
36
30
33
39
35
35
38
37
37
40
32
36
35
33
35
34
31
31
31
21
23
23
14
18
17
10
8
7
-4
-7
-4
-20
-19
-14
-33
-38
-31
-55
-59
-47
-79
-70
-74
-97
-85
-98
-106
-94
-111
-114
-95
-127
-115
-91
-137
-97
-87
-130
-84
-79
-113
-57
-66
-93
-40
-53
-69
-25
-30
-50
-12
-10
-29
-5
-8
-15
3
-3
5
7
2
16
10
8
16
25
20
25
47
39
53
68
68
80
98
103
124
135
146
167
183
189
212
231
227
260
271
253
289
284
270
298
281
279
286
269
259
257
233
220
219
181
171
159
120
101
103
47
46
30
-8
-13
-42
-55
-71
-94
-113
-105
-146
-141
-157
-158
-204
-184
-207
-217
-218
-235
-233
-253
-243
-252
-269
-283
-249
-294
-258
-274
-272
-261
-259
-244
-256
-246
-219
-224
-208
-188
-199
-169
-159
-149
-133
-118
-121
-98
-82
-111
-69
-88
-93
-66
-85
-85
-81
-92
-80
-96
-109
-94
-130
-116
-117
-120
-124
-121
-109
-108
-93
-84
-61
-29
-9
25
73
78
141
181
200
257
299
322
361
410
423
463
490
490
523
525
512
529
509
486
491
444
411
400
345
309
279
227
179
162
106
56
39
-12
-37
-66
-84
-94
-118
-127
-127
-150
-144
-127
-142
-123
-99
-93
-87
-82
-84
-60
-33
-56
-40
-21
-54
-43
20
-51
-81
1
-53
-110
-13
-85
-144
-58
-113
-135
-105
-175
-117
-113
-224
-81
-163
-216
-101
-104
-213
-118
-88
-199
-103
-102
-131
-138
-122
-95
-111
-202
-115
-148
-269
-145
-195
-290
-250
-215
-341
-309
-293
-360
-369
-358
-386
-369
-375
-381
-323
-359
-317
-224
-232
-223
-98
-78
-74
72
119
121
244
297
301
397
443
474
525
555
578
598
604
604
621
564
550
577
472
458
453
345
325
309
232
203
144
97
60
-12
-4
-43
-77
-84
-84
-95
-138
-69
-122
-117
-51
-68
-53
-18
6
-9
55
99
15
97
139
30
158
125
80
142
74
128
100
20
101
51
-66
40
21
-143
-37
-24
-185
-115
-99
-219
-199
-145
-221
-242
-228
-190
-256
-287
-111
-278
-326
-33
-285
-317
-37
-246
-337
-85
-185
-327
-124
-198
-279
-203
-234
-217
-275
-288
-202
-325
-299
-227
-333
-307
-291
-290
-298
-301
-264
-259
-232
-201
-179
-144
-118
-55
8
0
69
158
166
214
299
306
325
420
423
441
488
498
525
522
535
556
494
504
496
435
442
397
361
329
282
246
213
171
110
109
98
-8
29
29
-47
-59
-16
-52
-118
-22
-26
-97
-46
-3
-54
-11
-6
-1
5
-47
74
86
-17
11
149
-27
-39
182
-13
-152
97
-55
-180
-6
-25
-220
-112
3
-239
-177
-83
-274
-260
-96
-262
-265
-149
-312
-227
-172
-267
-165
-214
-219
-123
-231
-155
-132
-216
-97
-89
-139
-64
-78
-174
-48
-107
-147
-47
-143
-91
-110
-167
-98
-157
-165
-116
-162
-211
-169
-173
-236
-214
-183
-242
-244
-158
-199
-177
-113
-118
-70
-41
16
48
76
143
170
208
252
284
342
372
374
434
459
440
488
489
475
488
471
447
448
435
398
401
334
318
321
264
170
169
116
30
98
72
15
-5
66
-33
-40
25
-40
-140
-15
31
-142
-20
69
-150
-15
159
-53
45
115
49
83
118
128
97
-40
141
94
-110
67
115
-214
-4
149
-229
-51
17
-169
-130
-77
-100
-244
-214
-54
-270
-257
-93
-233
-310
-113
-108
-302
-132
-88
-202
-196
-41
-107
-257
-62
6
-323
-113
74
-361
-158
45
-361
-212
-33
-327
-228
-167
-308
-274
-311
-318
-292
-451
-326
-319
-472
-309
-328
-427
-311
-237
-320
-274
-187
-205
-164
-47
-25
-20
65
145
149
202
270
310
327
377
456
426
458
515
499
507
488
506
514
448
466
485
383
378
404
330
247
278
304
132
188
266
106
59
206
101
-4
120
100
-15
32
101
67
31
75
148
80
33
140
139
23
104
198
27
4
218
46
-34
92
30
13
-44
-2
51
-197
-100
83
-334
-209
43
-358
-204
-75
-289
-281
-162
-254
-258
-211
-187
-211
-277
-161
-161
-208
-194
-152
-169
-238
-103
-98
-337
-123
-63
-254
-176
-101
-263
-241
-118
-215
-323
-276
-182
-313
-383
-210
-333
-464
-226
-278
-451
-294
-217
-372
-338
-127
-264
-297
-103
-101
-172
-10
66
-26
65
201
212
170
292
359
292
419
513
386
459
563
466
566
571
474
575
484
500
511
414
484
418
365
372
294
255
326
220
74
241
166
19
192
91
-61
76
155
-130
-45
106
-137
50
68
-168
32
-14
-73
100
-113
-155
111
-124
-14
65
-217
-122
23
-88
-148
-93
-172
-178
-131
-86
-210
-291
-166
-125
-318
-209
-130
-375
-218
-81
-286
-213
-212
-221
-215
-173
-86
-182
-213
-81
-106
-195
-99
-89
-221
-36
5
-252
-66
-76
-320
-42
-92
-297
-201
-183
-219
-275
-92
-293
-384
-158
-242
-363
-254
-240
-379
-210
-207
-379
-253
-169
-240
-181
-136
-102
-129
-17
93
-44
92
235
83
185
357
201
306
479
371
386
441
493
489
464
593
462
477
564
509
427
471
476
479
284
371
501
118
388
341
23
296
283
85
118
195
114
28
224
-1
59
112
131
58
-14
138
42
19
207
71
-90
161
203
-34
31
242
-190
151
202
-112
-37
108
45
-129
60
-59
-117
-33
32
-211
-175
-10
-314
-165
-18
-342
-261
-13
-376
-237
-49
-430
-288
-21
-405
-394
14
-398
-454
94
-514
-490
86
-457
-441
-79
-440
-356
-111
-376
-414
-259
-345
-371
-293
-354
-376
-290
-381
-367
-257
-344
-356
