1.000000e-030   2.469175e-001   1.000000e-030   2.261052e-002   1.000000e-030   9.800000e-031   9.600000e-031   1.000000e-030   1.000000e-030   1.000000e-030   1.000000e-030   9.000000e-031   8.800000e-031   2.042426e-001   1.000000e-030   1.000000e-030   1.000000e-030   1.110087e-001   6.800000e-031   7.400000e-031   9.600000e-031   3.854867e-001   8.000000e-031   9.400000e-031   8.000000e-031   7.800000e-031   1.000000e-030   1.000000e-030   1.000000e-030   2.973400e-002   1.000000e-030   1.000000e-030   

1.000000e-030   3.466695e-003   1.000000e-030   7.821301e-002   1.000000e-030   2.194625e-002   1.657017e-002   2.000000e-002   1.000000e-030   1.000000e-030   1.000000e-030   1.203930e-002   1.058315e-001   8.134374e-003   1.000000e-030   1.000000e-030   1.000000e-030   4.413634e-002   2.952139e-001   2.125594e-001   2.400000e-031   7.541434e-003   6.329797e-002   2.000000e-002   2.025963e-002   4.501889e-002   1.000000e-030   1.000000e-030   1.000000e-030   2.577114e-002   1.000000e-030   1.000000e-030   

1.000000e-030   5.600000e-031   3.200000e-031   9.200000e-031   1.000000e-030   1.326847e-001   2.066652e-003   1.200000e-031   1.000000e-030   1.000000e-030   1.000000e-030   9.800000e-031   2.000000e-031   5.200000e-031   1.000000e-030   1.000000e-030   1.000000e-030   6.800000e-031   4.200000e-031   7.400000e-031   2.087300e-001   3.000000e-031   9.400000e-031   9.800000e-031   4.682862e-001   1.882325e-001   1.000000e-030   1.000000e-030   1.000000e-030   8.600000e-031   1.000000e-030   1.000000e-030   

1.000000e-030   1.000000e-031   1.163100e-001   8.400000e-031   1.000000e-030   9.319722e-002   3.143051e-001   1.771816e-001   1.000000e-030   1.000000e-030   1.000000e-030   9.000000e-031   1.760101e-001   1.800000e-031   1.000000e-030   1.000000e-030   1.000000e-030   4.000000e-031   6.721906e-002   2.930061e-002   5.200000e-031   8.000000e-032   9.800000e-031   9.800000e-031   3.000000e-031   2.239238e-002   1.000000e-030   1.000000e-030   1.000000e-030   4.083926e-003   1.000000e-030   1.000000e-030   

1.000000e-030   2.216649e-001   4.600000e-031   1.786808e-002   1.000000e-030   7.200000e-031   4.600000e-031   5.000000e-031   1.000000e-030   1.000000e-030   1.000000e-030   1.200795e-002   8.439193e-003   1.779441e-001   1.000000e-030   1.000000e-030   1.000000e-030   1.001277e-001   5.265924e-002   3.331285e-002   5.600000e-031   2.302097e-001   2.331586e-003   1.400000e-002   5.600000e-031   6.000000e-031   1.000000e-030   1.000000e-030   1.000000e-030   1.294347e-001   1.000000e-030   1.000000e-030   

