2.363284e+062 -3.823895e+058 -1.008083e+059 -1.787868e+059 -2.612388e+059 -3.360079e+059 -3.909538e+059 -4.157301e+059 -4.018684e+059 -3.444633e+059 -2.437908e+059 1.312216e+056 
2.363285e+062 -3.778830e+058 -9.980148e+058 -1.772613e+059 -2.594788e+059 -3.343604e+059 -3.891630e+059 -4.141731e+059 -3.998605e+059 -3.431930e+059 -2.431017e+059 1.296517e+056 
2.363284e+062 -3.863076e+058 -1.010951e+059 -1.790997e+059 -2.617572e+059 -3.360201e+059 -3.911530e+059 -4.153280e+059 -4.008566e+059 -3.437220e+059 -2.433518e+059 1.314105e+056 
2.363283e+062 -3.789345e+058 -9.995055e+058 -1.773893e+059 -2.595626e+059 -3.345389e+059 -3.901076e+059 -4.149314e+059 -4.008791e+059 -3.438655e+059 -2.434901e+059 1.300553e+056 
2.363286e+062 -3.814087e+058 -1.001505e+059 -1.778023e+059 -2.605158e+059 -3.348776e+059 -3.908120e+059 -4.154680e+059 -4.016787e+059 -3.446595e+059 -2.440069e+059 1.306633e+056 
2.363287e+062 -3.794392e+058 -9.971477e+058 -1.772364e+059 -2.596830e+059 -3.340877e+059 -3.894159e+059 -4.141156e+059 -4.003019e+059 -3.434232e+059 -2.430695e+059 1.297556e+056 
2.363286e+062 -3.823266e+058 -1.005421e+059 -1.786745e+059 -2.613699e+059 -3.368266e+059 -3.924677e+059 -4.171287e+059 -4.032904e+059 -3.458169e+059 -2.448001e+059 1.317227e+056 
2.363287e+062 -3.817533e+058 -1.007134e+059 -1.787899e+059 -2.613502e+059 -3.367414e+059 -3.930551e+059 -4.174981e+059 -4.036363e+059 -3.464671e+059 -2.450980e+059 1.319085e+056 
2.363286e+062 -3.777620e+058 -9.993813e+058 -1.773943e+059 -2.594528e+059 -3.341212e+059 -3.899965e+059 -4.140816e+059 -4.006869e+059 -3.438445e+059 -2.431734e+059 1.298392e+056 
2.363284e+062 -3.815432e+058 -1.005360e+059 -1.778400e+059 -2.604099e+059 -3.350083e+059 -3.903328e+059 -4.148951e+059 -4.009223e+059 -3.440985e+059 -2.437243e+059 1.305733e+056 
2.362163e+062 8.792977e+058 2.021055e+058 -8.945369e+058 1.619748e+059 6.911218e+058 -3.996179e+059 -3.205829e+059 -1.127760e+059 -2.365439e+059 -1.803124e+059 -5.011603e+055 
2.351080e+062 -1.355305e+060 -3.214063e+060 -5.477418e+060 -7.952919e+060 -1.172963e+061 -1.531713e+061 -1.538441e+061 -1.319625e+061 -1.055996e+061 -6.877825e+060 1.484618e+059 
2.333843e+062 -2.963001e+060 -8.433706e+060 -1.427141e+061 -1.907438e+061 -2.748064e+061 -3.595122e+061 -3.575231e+061 -3.120303e+061 -2.492461e+061 -1.507316e+061 8.576759e+059 
2.330423e+062 -4.230082e+060 -8.033033e+060 -1.314687e+061 -2.080969e+061 -3.134091e+061 -4.065336e+061 -4.196678e+061 -3.519920e+061 -2.535908e+061 -1.588115e+061 1.035064e+060 
2.313946e+062 -4.164890e+060 -5.489820e+060 -8.375251e+060 -1.527898e+061 -2.745788e+061 -4.173460e+061 -4.639442e+061 -3.779559e+061 -2.457628e+061 -1.426273e+061 8.343646e+059 
2.313116e+062 -3.735133e+060 -6.283869e+060 -8.878357e+060 -1.433805e+061 -2.909899e+061 -4.440274e+061 -4.472381e+061 -3.568760e+061 -2.551960e+061 -1.506836e+061 8.635436e+059 
2.322590e+062 -4.011870e+060 -7.075586e+060 -1.095347e+061 -1.679795e+061 -2.748841e+061 -3.950290e+061 -4.241112e+061 -3.565571e+061 -2.523241e+061 -1.494214e+061 8.800601e+059 
2.321394e+062 -4.892301e+060 -7.088888e+060 -8.689452e+060 -1.474399e+061 -2.737861e+061 -4.063127e+061 -4.363302e+061 -3.553054e+061 -2.362964e+061 -1.344830e+061 8.385992e+059 
2.340812e+062 -3.851442e+060 -7.545123e+060 -1.116506e+061 -1.626990e+061 -2.338280e+061 -3.021015e+061 -3.233810e+061 -2.830346e+061 -2.055606e+061 -1.218626e+061 6.535634e+059 
2.353914e+062 -1.791995e+060 -3.820024e+060 -5.785856e+060 -8.459902e+060 -1.177366e+061 -1.481635e+061 -1.576076e+061 -1.415564e+061 -1.096006e+061 -6.934232e+060 1.653554e+059 
2.359528e+062 -7.966797e+059 -1.897463e+060 -3.108209e+060 -4.466099e+060 -5.935712e+060 -7.219874e+060 -7.651106e+060 -7.082273e+060 -5.768366e+060 -3.816279e+060 4.188896e+058 
2.361623e+062 -1.615334e+059 -3.736392e+059 -5.415505e+059 -7.353951e+059 -1.311071e+060 -1.876312e+060 -1.867210e+060 -1.637371e+060 -1.301559e+060 -7.940405e+059 1.899835e+057 
2.362567e+062 -2.066230e+059 -5.042782e+059 -8.519464e+059 -1.243526e+060 -1.631823e+060 -1.934335e+060 -2.041378e+060 -1.917919e+060 -1.584735e+060 -1.078753e+060 3.075452e+057 
2.363009e+062 -9.848332e+058 -2.548287e+059 -4.444266e+059 -6.465766e+059 -8.269050e+059 -9.581183e+059 -1.004647e+060 -9.516970e+059 -8.013218e+059 -5.557749e+059 7.799879e+056 
2.363062e+062 -1.050907e+059 -2.737383e+059 -4.809314e+059 -6.959491e+059 -8.872816e+059 -1.022091e+060 -1.070308e+060 -1.016659e+060 -8.549217e+059 -5.923637e+059 8.945251e+056 
2.363156e+062 -8.551533e+058 -2.225318e+059 -3.903727e+059 -5.657229e+059 -7.193906e+059 -8.271352e+059 -8.653555e+059 -8.208517e+059 -6.897907e+059 -4.772978e+059 5.868290e+056 
2.363133e+062 -8.411040e+058 -2.190748e+059 -3.844535e+059 -5.554437e+059 -7.050221e+059 -8.070442e+059 -8.410467e+059 -7.946245e+059 -6.648251e+059 -4.582668e+059 5.588571e+056 
2.363227e+062 -5.334117e+058 -1.401315e+059 -2.476656e+059 -3.613888e+059 -4.637506e+059 -5.373158e+059 -5.684441e+059 -5.455886e+059 -4.645089e+059 -3.264379e+059 2.473043e+056 
2.363240e+062 -5.423712e+058 -1.420319e+059 -2.512642e+059 -3.662167e+059 -4.692542e+059 -5.443001e+059 -5.750131e+059 -5.527335e+059 -4.709471e+059 -3.309490e+059 2.539416e+056 
2.363286e+062 -3.739475e+058 -9.875067e+058 -1.751710e+059 -2.560039e+059 -3.305522e+059 -3.854403e+059 -4.097182e+059 -3.960540e+059 -3.395777e+059 -2.402873e+059 1.268229e+056 
2.363281e+062 -3.800975e+058 -1.000151e+059 -1.775694e+059 -2.602882e+059 -3.348212e+059 -3.909604e+059 -4.153743e+059 -4.017562e+059 -3.445998e+059 -2.440728e+059 1.305159e+056 
2.363284e+062 -3.812515e+058 -1.004706e+059 -1.785916e+059 -2.613366e+059 -3.364322e+059 -3.924447e+059 -4.171562e+059 -4.036207e+059 -3.459095e+059 -2.448093e+059 1.316325e+056 
