1.000000e-030   1.111111e-001   1.000000e-030   1.515070e-245   1.000000e-030   1.000000e-030   1.000000e-030   1.000000e-030   1.000000e-030   1.000000e-030   1.000000e-030   2.661870e-226   1.000000e-030   3.333333e-001   1.000000e-030   1.000000e-030   1.000000e-030   2.222222e-001   1.000000e-030   1.000000e-030   1.000000e-030   3.333333e-001   1.000000e-030   1.000000e-030   1.000000e-030   1.000000e-030   1.000000e-030   1.000000e-030   1.000000e-030   1.000000e-030   1.000000e-030   1.000000e-030   

1.000000e-030   5.842238e-258   1.000000e-030   5.000000e-001   1.000000e-030   1.095142e-237   1.000000e-030   1.000000e-030   1.000000e-030   1.000000e-030   1.000000e-030   1.000000e-030   5.000000e-001   7.118672e-077   1.000000e-030   1.000000e-030   1.000000e-030   6.064072e-225   1.000000e-030   1.000000e-030   2.799587e-240   3.108596e-256   1.000000e-030   1.000000e-030   1.432355e-239   2.734232e-089   1.000000e-030   1.000000e-030   1.000000e-030   1.000000e-030   1.000000e-030   1.000000e-030   

1.000000e-030   1.643130e-288   1.000000e-030   1.000000e-030   1.000000e-030   2.500000e-001   2.300015e-235   1.758951e-234   1.000000e-030   1.000000e-030   1.000000e-030   1.000000e-030   3.650242e-233   4.868532e-289   1.000000e-030   1.000000e-030   1.000000e-030   1.010679e-225   6.208131e-233   1.000000e-030   2.500000e-001   2.426183e-287   1.000000e-030   1.000000e-030   1.666667e-001   3.333333e-001   1.000000e-030   1.000000e-030   1.000000e-030   1.000000e-030   1.000000e-030   1.000000e-030   

1.000000e-030   6.474320e-228   1.000000e-030   1.000000e-030   1.000000e-030   5.674623e-235   1.560662e-001   3.121324e-001   1.000000e-030   1.000000e-030   1.000000e-030   3.890715e-227   3.121324e-001   6.383123e-229   1.000000e-030   1.000000e-030   1.000000e-030   1.892794e-225   1.560662e-001   1.000000e-030   1.000000e-030   3.095909e-318   1.000000e-030   1.000000e-030   1.073052e-264   1.000000e-030   1.000000e-030   1.000000e-030   1.000000e-030   6.360267e-002   1.000000e-030   1.000000e-030   

1.000000e-030   2.634191e-001   1.000000e-030   1.000000e-030   1.000000e-030   1.000000e-030   1.000000e-030   2.682849e-273   1.000000e-030   1.000000e-030   1.000000e-030   1.317096e-001   1.000000e-030   3.951287e-001   1.000000e-030   1.000000e-030   1.000000e-030   1.317096e-001   4.685422e-216   1.000000e-030   1.000000e-030   1.000000e-030   1.000000e-030   1.000000e-030   1.000000e-030   2.593910e-298   1.000000e-030   1.000000e-030   1.000000e-030   7.803311e-002   1.000000e-030   1.000000e-030   

