2.363291e+062 -3.829568e+058 -1.005123e+059 -1.782906e+059 -2.608809e+059 -3.359334e+059 -3.913239e+059 -4.162485e+059 -4.022963e+059 -3.450049e+059 -2.442159e+059 1.312169e+056 
2.363291e+062 -3.835150e+058 -1.006840e+059 -1.785813e+059 -2.613214e+059 -3.365205e+059 -3.920881e+059 -4.168988e+059 -4.029061e+059 -3.456060e+059 -2.446061e+059 1.316567e+056 
2.363291e+062 -3.813098e+058 -1.000998e+059 -1.775768e+059 -2.597539e+059 -3.345491e+059 -3.897199e+059 -4.145144e+059 -4.006428e+059 -3.435499e+059 -2.432346e+059 1.301311e+056 
2.363291e+062 -3.828053e+058 -1.004686e+059 -1.781335e+059 -2.606479e+059 -3.357325e+059 -3.910855e+059 -4.158588e+059 -4.019499e+059 -3.447198e+059 -2.440012e+059 1.310221e+056 
2.363291e+062 -3.832458e+058 -1.005986e+059 -1.784621e+059 -2.610523e+059 -3.361767e+059 -3.916140e+059 -4.164623e+059 -4.025173e+059 -3.452291e+059 -2.443766e+059 1.314016e+056 
2.363291e+062 -3.832153e+058 -1.006055e+059 -1.784220e+059 -2.610398e+059 -3.361702e+059 -3.915943e+059 -4.164719e+059 -4.024873e+059 -3.451532e+059 -2.443371e+059 1.313825e+056 
2.363292e+062 -3.829221e+058 -1.004755e+059 -1.782195e+059 -2.607227e+059 -3.358150e+059 -3.911924e+059 -4.160415e+059 -4.021010e+059 -3.448087e+059 -2.441094e+059 1.311054e+056 
2.363291e+062 -3.824868e+058 -1.004107e+059 -1.781107e+059 -2.606162e+059 -3.356090e+059 -3.909254e+059 -4.158075e+059 -4.018897e+059 -3.446403e+059 -2.439318e+059 1.309439e+056 
2.363291e+062 -3.830605e+058 -1.005134e+059 -1.782630e+059 -2.608385e+059 -3.359004e+059 -3.913685e+059 -4.161771e+059 -4.022606e+059 -3.448985e+059 -2.441602e+059 1.311941e+056 
2.363291e+062 -3.832746e+058 -1.006007e+059 -1.784759e+059 -2.610669e+059 -3.362454e+059 -3.917205e+059 -4.165452e+059 -4.025891e+059 -3.452321e+059 -2.444034e+059 1.314357e+056 
2.363307e+062 -4.366812e+058 -1.138941e+059 -2.004347e+059 -2.910945e+059 -3.713713e+059 -4.288430e+059 -4.517050e+059 -4.325393e+059 -3.676291e+059 -2.580339e+059 1.586662e+056 
2.354564e+062 -2.613818e+060 -6.486103e+060 -1.068976e+061 -1.429188e+061 -1.651688e+061 -1.696760e+061 -1.560468e+061 -1.276759e+061 -9.062871e+060 -5.178621e+060 2.549386e+059 
2.340605e+062 -6.455997e+060 -1.558321e+061 -2.458914e+061 -3.121726e+061 -3.365119e+061 -3.186841e+061 -2.656373e+061 -1.927645e+061 -1.191221e+061 -5.730054e+060 9.350593e+059 
2.327011e+062 -9.898683e+060 -2.312743e+061 -3.483065e+061 -4.174224e+061 -4.184759e+061 -3.620455e+061 -2.684334e+061 -1.654097e+061 -8.082865e+060 -2.587914e+060 1.228563e+060 
2.333238e+062 -8.301426e+060 -1.984823e+061 -3.088644e+061 -3.888917e+061 -4.159101e+061 -3.894426e+061 -3.186828e+061 -2.207576e+061 -1.246631e+061 -4.863094e+060 1.372324e+060 
2.340924e+062 -5.669391e+060 -1.326684e+061 -2.010503e+061 -2.480141e+061 -2.657847e+061 -2.532841e+061 -2.117161e+061 -1.512174e+061 -9.018399e+060 -3.884344e+060 5.863114e+059 
2.347537e+062 -4.023693e+060 -9.786209e+060 -1.520086e+061 -1.930814e+061 -2.139838e+061 -2.068003e+061 -1.778316e+061 -1.339851e+061 -8.337572e+060 -3.916933e+060 3.837635e+059 
2.357973e+062 -1.263506e+060 -2.878793e+060 -4.401269e+060 -5.893095e+060 -7.395585e+060 -8.479154e+060 -8.749396e+060 -7.944033e+060 -6.124235e+060 -3.816525e+060 6.482580e+058 
2.357943e+062 -1.445246e+060 -3.548615e+060 -5.791397e+060 -7.965194e+060 -9.936529e+060 -1.119213e+061 -1.147431e+061 -1.058596e+061 -8.436831e+060 -5.482780e+060 1.127844e+059 
2.359761e+062 -9.100054e+059 -2.265461e+060 -3.673680e+060 -5.068791e+060 -6.444518e+060 -7.332209e+060 -7.625621e+060 -7.176129e+060 -5.770994e+060 -3.785967e+060 4.817428e+058 
2.360974e+062 -6.178758e+059 -1.449710e+060 -2.298417e+060 -3.138411e+060 -3.970983e+060 -4.632507e+060 -4.937145e+060 -4.711514e+060 -3.879573e+060 -2.591630e+060 1.989613e+058 
2.361352e+062 -6.164662e+059 -1.551639e+060 -2.619861e+060 -3.685805e+060 -4.636969e+060 -5.308904e+060 -5.583859e+060 -5.347806e+060 -4.512520e+060 -3.125684e+060 2.564133e+058 
2.361679e+062 -5.113084e+059 -1.331271e+060 -2.317797e+060 -3.340179e+060 -4.265584e+060 -4.907360e+060 -5.154374e+060 -4.922293e+060 -4.144465e+060 -2.874573e+060 2.090495e+058 
2.362478e+062 -2.570473e+059 -6.660138e+059 -1.163434e+060 -1.680301e+060 -2.142418e+060 -2.471280e+060 -2.602163e+060 -2.487873e+060 -2.103663e+060 -1.464886e+060 5.298393e+057 
2.363237e+062 -5.870944e+058 -1.519059e+059 -2.658431e+059 -3.847607e+059 -4.922016e+059 -5.714484e+059 -6.067879e+059 -5.857955e+059 -5.011007e+059 -3.532462e+059 2.846265e+056 
2.363297e+062 -4.041087e+058 -1.056965e+059 -1.868243e+059 -2.729435e+059 -3.512552e+059 -4.092336e+059 -4.353015e+059 -4.206376e+059 -3.604968e+059 -2.549029e+059 1.438246e+056 
2.363286e+062 -4.128634e+058 -1.082021e+059 -1.916255e+059 -2.800158e+059 -3.603504e+059 -4.195931e+059 -4.459911e+059 -4.306849e+059 -3.689973e+059 -2.608427e+059 1.509847e+056 
2.363258e+062 -4.520529e+058 -1.185304e+059 -2.099091e+059 -3.066759e+059 -3.943663e+059 -4.585573e+059 -4.868281e+059 -4.695831e+059 -4.017778e+059 -2.837449e+059 1.803295e+056 
2.363279e+062 -3.963855e+058 -1.039794e+059 -1.843823e+059 -2.696740e+059 -3.471473e+059 -4.042065e+059 -4.296074e+059 -4.149544e+059 -3.556656e+059 -2.516210e+059 1.399893e+056 
2.363292e+062 -3.857577e+058 -1.012311e+059 -1.795400e+059 -2.626530e+059 -3.382542e+059 -3.939494e+059 -4.189604e+059 -4.048366e+059 -3.471816e+059 -2.457457e+059 1.329878e+056 
2.363288e+062 -3.868183e+058 -1.014903e+059 -1.799974e+059 -2.633116e+059 -3.391362e+059 -3.949665e+059 -4.200151e+059 -4.059614e+059 -3.481246e+059 -2.464080e+059 1.336844e+056 
2.363290e+062 -3.845451e+058 -1.009610e+059 -1.790546e+059 -2.618977e+059 -3.373347e+059 -3.928872e+059 -4.177951e+059 -4.038121e+059 -3.462295e+059 -2.451039e+059 1.322604e+056 
2.363292e+062 -3.820802e+058 -1.003200e+059 -1.779379e+059 -2.602888e+059 -3.352530e+059 -3.904860e+059 -4.152994e+059 -4.014153e+059 -3.442178e+059 -2.437151e+059 1.306552e+056 
2.363291e+062 -3.828115e+058 -1.005262e+059 -1.782871e+059 -2.608214e+059 -3.359551e+059 -3.913029e+059 -4.162027e+059 -4.023305e+059 -3.449740e+059 -2.442407e+059 1.312050e+056 
2.363291e+062 -3.829638e+058 -1.005249e+059 -1.782588e+059 -2.607870e+059 -3.358052e+059 -3.911944e+059 -4.160375e+059 -4.020269e+059 -3.447706e+059 -2.440563e+059 1.311199e+056 
