-9
-8
-4
-3
-3
-8
1
3
4
-4
1
6
3
0
-5
4
-2
-4
-4
-6
-1
0
-4
-4
1
3
1
-3
-4
4
5
2
-1
-5
-1
-1
-3
-11
-5
-2
-1
-5
-4
2
-1
-5
-6
-1
-6
-7
-8
-5
-5
-4
-6
-6
-3
-5
-2
-2
-2
-3
0
1
-1
5
7
7
5
4
12
11
8
9
6
9
13
10
10
10
8
11
10
5
7
3
5
6
6
4
2
7
2
2
6
7
5
2
3
6
4
-3
-4
-2
1
-3
-5
-5
-2
-2
-2
-2
-4
3
0
-5
-1
4
6
1
-1
3
6
2
-3
-5
-1
3
-1
-4
-2
-3
-1
-1
-3
2
2
3
-3
2
4
-1
3
-2
0
-4
-5
-1
-4
-4
-3
-2
-5
-3
-3
-5
-3
-5
-4
-3
-2
0
-4
-2
1
-2
-2
0
2
2
-5
-2
0
3
-2
-2
-3
0
5
5
5
5
9
4
4
6
3
1
0
-2
-2
2
-2
-5
-3
-3
-3
-2
-2
-2
-1
3
0
0
3
1
3
0
-1
-1
-1
-1
0
-2
1
-1
-5
-2
1
3
1
-4
-3
0
4
3
-1
2
2
4
3
5
3
-1
3
2
5
3
0
1
2
2
3
4
2
2
6
5
5
6
6
3
2
5
9
3
0
0
0
3
1
-3
-4
-3
-2
-2
-3
-1
-1
2
0
-2
3
2
1
-2
0
1
1
-1
-5
-3
-1
-3
-3
-1
2
1
0
0
-2
-1
2
-2
-4
-1
-3
-2
-5
-5
-4
-5
-3
-4
-2
-3
-7
-4
-1
-5
-6
-4
-2
-3
-5
-5
-2
-4
-6
-4
-1
-1
-1
-4
-3
2
1
0
-3
-2
1
1
-2
-3
-2
2
1
-1
0
2
0
0
2
1
2
0
0
0
4
0
-1
3
3
4
3
3
-1
0
4
0
-1
0
0
0
-1
-3
-3
-3
-3
-2
-2
-2
-1
-2
-2
-1
-1
-1
-1
-3
1
0
-2
-2
-2
1
-3
-2
0
1
1
1
2
2
2
3
2
2
5
3
2
2
2
3
2
3
4
3
5
2
-1
2
1
5
1
2
2
5
3
1
3
1
3
1
4
1
2
0
1
1
2
2
1
2
1
2
1
2
0
1
2
0
3
2
3
1
1
-1
-1
1
0
0
-3
0
-1
-2
-4
-6
-4
-4
-2
-7
-4
-3
-2
-4
-4
-2
-2
-3
-4
-5
-1
1
-2
-4
-2
0
-3
0
-2
-1
1
1
2
0
2
1
1
0
-1
0
1
0
-1
1
-1
-1
2
2
4
4
3
4
4
3
2
3
5
5
2
1
2
3
4
4
0
3
6
6
4
4
5
5
4
3
4
4
4
4
2
1
4
3
2
-1
1
3
2
3
0
2
2
3
0
-1
-1
-2
-1
0
-1
-1
0
-1
-1
0
-1
-1
-2
-1
-1
-1
-1
-2
-2
-2
-1
0
0
0
-1
1
0
-1
0
-2
-3
-3
-2
-3
-2
-3
-1
0
0
1
-2
-1
1
1
1
3
2
2
4
4
3
3
0
1
0
1
0
-1
0
0
1
-1
1
-2
-2
-1
-2
-3
-5
-4
-6
-4
-6
-7
-4
-6
-6
-4
-5
-5
-7
-7
-7
-6
-6
-7
-5
-7
-7
-7
-5
-5
-6
-5
-4
-2
-2
-2
-2
-1
0
-1
-3
-2
-1
-3
-2
-1
-2
0
-1
-1
0
-1
1
0
-2
-2
0
-1
-1
0
0
1
2
2
-1
0
1
3
1
0
1
1
0
0
0
1
1
-1
0
0
0
0
0
1
0
2
1
1
1
0
0
1
2
1
0
1
0
0
1
2
1
0
0
-1
-1
0
0
-2
-2
-3
-1
-3
-1
-2
-3
-3
-2
-1
-2
-1
-2
-1
0
-1
0
0
0
1
0
0
1
1
1
1
2
2
3
3
3
5
5
3
6
5
6
7
4
5
5
3
5
4
5
4
5
6
5
5
5
6
5
5
6
4
3
4
1
1
3
3
1
2
2
2
1
2
1
2
1
0
0
0
0
1
2
1
1
4
3
1
2
2
1
1
1
0
1
2
2
1
1
3
1
2
1
1
1
0
2
1
0
0
1
1
1
1
1
0
1
1
1
0
-2
-1
1
1
1
0
2
1
0
-1
0
-1
-1
0
-1
-1
0
-1
-2
-1
-1
-1
0
2
2
0
-1
-1
0
-1
-2
-2
-3
-4
-2
-3
-2
-2
-1
-3
-4
-2
-2
-4
-4
-4
-4
-3
-3
-3
-2
-4
-3
-3
-4
-4
-4
-5
-5
-5
-6
-4
-5
-4
-3
-2
-1
-1
0
0
-1
0
1
-1
0
1
2
1
1
1
2
2
2
0
-1
1
0
0
-1
0
-1
-2
1
0
0
0
1
1
1
0
1
0
2
1
1
1
0
1
2
0
0
0
1
1
2
2
1
2
2
2
0
1
1
2
2
1
3
2
2
2
2
2
1
1
1
1
1
1
-1
-2
0
0
1
1
1
1
1
1
-1
1
1
1
0
1
1
2
0
1
3
1
1
1
0
-1
0
1
-1
-1
0
1
0
1
2
1
4
3
3
2
2
2
2
3
1
3
3
1
2
0
2
2
2
2
1
1
2
2
1
2
2
2
3
2
2
1
0
-1
-1
0
-3
-3
-2
-3
-2
0
-1
0
-1
0
1
1
0
-1
0
-1
-2
-2
-1
-2
-2
-2
-3
-2
-2
-2
-2
-4
-4
-3
-3
-3
-3
-5
-4
-3
-3
-4
-4
-3
-2
-4
-2
-4
-2
-2
-2
-1
-1
-1
-1
-1
0
0
0
1
-1
0
0
1
0
0
0
0
0
0
-1
-1
0
1
0
-1
0
-1
1
-1
0
0
0
1
-2
-2
-1
-1
-2
-1
-2
-2
-2
-3
-2
0
-1
-1
-1
0
0
-1
1
0
0
1
0
-1
0
0
0
0
0
0
-1
1
-1
0
0
1
2
1
1
2
1
2
1
1
1
1
2
1
1
0
-1
-1
-1
-1
1
0
1
1
0
1
1
0
-1
0
0
0
0
0
0
-1
-1
0
0
0
0
0
0
1
0
1
0
-1
0
0
1
0
1
1
0
0
1
0
-1
-1
-1
-2
-1
-1
-1
0
-1
-1
-2
-2
-3
-3
-3
-2
-2
-2
-3
-3
-3
-2
-3
-2
-3
-2
-1
-2
-2
-1
-1
-1
0
-1
0
0
1
0
-1
0
0
-1
-1
-1
0
0
0
0
0
1
1
1
1
0
1
1
1
0
1
0
2
1
0
0
2
1
1
1
3
3
4
3
2
3
3
3
3
3
4
3
3
2
3
4
4
4
3
3
3
3
2
1
3
1
2
1
0
2
0
2
1
2
3
1
1
1
1
1
-1
1
1
0
0
0
-1
0
0
-1
-2
-2
-1
-1
-1
-1
-2
-1
-1
-1
-1
-1
-2
-1
-2
-1
-1
-1
-1
-1
-1
0
0
0
0
-1
0
0
-2
-2
-3
-2
-2
-2
-1
-2
-1
0
-1
-1
-1
-1
-2
-3
-2
-2
-3
-2
-2
-2
-2
-3
-1
-2
-1
-2
-2
-2
-2
-3
-2
-1
-2
-1
-3
-2
-2
-2
-1
-1
-1
-3
-2
-3
-3
-1
-1
-2
-2
-2
-1
-3
-3
-3
-5
-5
-5
-4
-4
-3
-3
-3
-3
-2
-3
-2
-2
0
-2
-3
-1
-2
0
-1
0
0
0
2
0
1
1
1
1
1
2
2
2
2
2
2
2
2
1
1
1
1
1
1
1
1
1
1
1
2
0
1
1
2
2
2
0
2
1
1
0
0
-1
0
0
0
-1
0
1
0
0
1
2
0
0
0
0
1
0
0
-1
0
0
-1
-1
-1
-1
-2
0
0
0
1
1
1
0
2
1
0
0
0
0
0
1
0
1
1
0
1
2
2
0
2
2
2
1
0
1
0
1
2
2
2
1
1
2
1
1
1
1
1
1
3
2
3
3
2
1
1
2
3
2
2
1
1
-1
1
0
-1
-1
-1
0
-1
-1
0
-2
-2
0
-1
-1
-1
0
0
0
-1
-2
-2
-1
-2
-1
-1
-1
0
0
0
1
0
1
1
1
2
3
2
3
3
4
2
3
4
3
2
3
3
2
3
3
2
3
2
1
2
1
0
1
1
1
1
1
1
2
0
0
1
1
2
1
0
0
0
0
0
0
1
0
0
1
1
0
1
0
1
1
0
0
0
-1
-1
0
1
0
-1
0
0
1
0
-1
-1
0
-1
-1
-1
-2
-1
-1
-1
-1
-1
-2
-1
-1
-2
-1
-2
-2
-2
-2
-3
-1
-2
-1
0
0
2
0
0
1
-1
-1
-1
0
0
0
0
1
1
2
1
1
1
1
2
-1
1
1
0
1
0
1
1
0
1
0
1
0
-1
1
-1
0
-1
-1
0
-1
-1
0
0
0
0
-1
-1
-1
-3
-1
-2
-3
-3
-2
-3
-4
-3
-3
-4
-4
-3
-4
-4
-4
-3
-3
-3
-2
-2
-3
-3
-3
-2
-1
-2
-3
-1
-2
-2
-2
-1
-1
0
0
0
0
1
2
0
0
1
1
1
0
-2
0
-1
0
0
0
0
1
1
0
1
2
0
1
1
0
0
0
1
0
0
0
1
0
1
0
1
2
0
2
1
1
2
2
2
2
2
1
1
2
0
-1
0
-2
-1
0
0
0
0
1
0
1
0
1
0
0
-1
-1
0
0
0
0
0
1
2
1
1
1
0
1
0
1
1
0
1
2
2
3
4
4
2
2
3
2
4
2
1
1
1
2
2
2
1
3
2
2
3
2
2
3
3
3
2
2
2
3
3
1
2
1
2
1
0
1
2
0
3
1
1
2
0
1
1
0
1
0
0
1
-1
-1
-1
-1
1
0
1
-1
1
1
-1
-1
-1
0
0
-1
0
-2
1
2
-2
-1
0
-1
2
-1
2
1
0
1
0
2
1
1
1
1
1
0
0
1
1
0
2
0
-1
0
-1
0
-1
-1
0
-1
2
1
0
2
2
3
2
2
3
3
3
3
2
2
1
4
4
2
4
2
2
3
2
2
3
3
1
1
2
2
1
0
1
2
1
2
-1
1
0
0
0
-2
-1
-1
-3
-2
-3
-3
-3
-3
-2
-2
-2
-1
-3
-3
-4
-4
-4
-3
-2
-2
-2
0
-2
-2
-2
-3
-3
-5
-3
-4
-5
-2
-3
-2
-1
0
0
-3
0
-2
-1
-1
-2
-1
-2
-1
-3
-1
-1
-2
-2
-2
-1
-2
-2
-2
-3
-2
-2
-3
-2
-3
-2
-1
-2
-1
-3
-2
-4
-3
-1
-4
-3
-3
-5
-4
-4
-5
-4
-4
-3
-5
-4
-1
-6
-3
-5
-5
-4
-7
-4
-5
-3
-4
-5
-2
-5
-1
-4
-6
-3
-7
-4
-5
-5
-2
-7
-1
-4
-2
1
-5
-1
-2
-1
1
-2
0
-2
-4
1
0
1
5
1
4
5
1
6
0
4
5
-3
8
0
5
7
-4
10
-4
6
3
-2
10
-4
4
1
1
6
3
5
2
4
3
6
2
1
2
-4
4
-2
-2
7
-8
4
1
-2
12
-4
6
4
-2
10
-6
4
4
-11
11
-6
-2
11
-10
9
-4
-1
10
-7
11
-2
-5
14
-11
6
8
-8
14
-6
7
7
-1
19
-6
11
8
-6
14
2
-2
12
-3
4
9
0
16
-7
13
4
-8
22
-11
7
8
-6
10
-4
4
5
-5
11
-9
1
11
-14
14
-5
-4
4
-7
7
-10
8
-5
-2
2
-6
-2
-6
2
-17
7
-7
-8
6
-9
2
-6
4
-4
-2
6
-9
0
-1
-8
-5
-2
-4
-10
7
-7
-8
11
-17
13
-12
6
2
-18
28
-33
20
-6
-9
19
-16
19
-14
14
-6
-5
1
-4
1
-5
15
-27
24
-11
-9
21
-23
16
-17
1
7
-16
27
-18
-11
13
-18
2
10
-11
-2
5
-8
13
-16
20
-6
-36
46
-47
13
22
-45
26
-20
7
4
-12
23
-22
-4
26
-43
20
19
-51
53
-42
7
18
-25
37
-47
33
-16
-11
25
-22
-21
22
-25
-14
45
-52
42
-34
12
1
-28
70
-84
68
-24
-20
54
-41
50
-53
59
-45
6
40
-59
47
-47
34
-48
48
-9
-23
53
-53
40
-40
50
-37
24
38
-56
79
-50
41
-20
6
22
-48
69
-57
25
1
-34
24
-26
13
-7
2
0
-7
-9
7
-25
16
-3
-21
41
-39
20
-1
-38
25
-51
29
-28
-10
31
-66
50
-47
-3
14
-24
25
-11
21
-6
11
-5
10
-8
25
-1
-10
42
-46
57
-33
-1
11
-41
63
-40
48
-17
-3
26
-42
52
-26
21
7
5
16
1
34
-29
19
-10
-1
5
10
12
-25
34
-29
6
8
-2
-2
1
23
-19
29
-9
1
2
-1
10
-19
22
-18
0
4
-25
22
-30
-3
3
-29
15
-4
-7
-2
-11
3
-9
-6
35
-44
34
2
-35
41
-27
18
-20
20
5
-19
34
-20
-6
17
-12
-12
26
-16
26
-1
8
9
-14
33
-44
52
-6
-9
48
-44
14
-11
-1
-3
-21
32
-38
4
29
-60
23
-1
-26
32
9
37
12
32
12
-20
37
6
-5
39
-17
-12
19
-21
0
-5
-5
-10
3
27
-22
10
0
-45
12
13
0
19
30
-8
7
23
-7
-7
3
0
-43
28
-27
-17
7
-43
17
-44
29
-14
0
30
-41
52
-21
29
20
5
23
4
27
-24
31
-10
0
-26
6
-14
-23
43
-47
12
-12
-8
-10
6
32
-23
43
-1
7
22
11
21
-13
31
-15
4
9
-20
7
-25
0
-12
-12
11
0
3
-6
2
7
2
10
26
-22
19
3
-31
25
-27
11
-18
-14
19
-53
36
-12
-25
34
-32
15
5
-11
22
-22
2
7
-52
29
-18
-2
43
-52
40
-41
-14
32
-36
44
-16
10
2
-19
22
-14
-19
11
-27
-17
30
-27
15
-12
-15
11
-41
38
-26
10
11
-18
22
-28
17
-34
13
-10
16
2
-22
33
-48
39
-14
24
14
-3
54
-18
51
8
0
6
-8
20
-12
42
-4
-5
-13
-24
-5
-18
32
-26
22
-19
15
16
-20
54
-48
36
-23
23
2
-34
61
-84
22
-6
-20
26
-7
21
-40
-3
-4
-30
-2
19
-21
4
23
-25
25
-28
9
-16
-27
26
-42
5
-33
-32
-11
-40
5
11
-17
18
6
-14
21
-11
22
-22
16
21
-35
27
-21
-16
-24
-21
-16
-36
12
-5
0
11
21
-4
12
15
13
29
11
51
-17
23
16
-22
12
-24
23
-8
18
42
-12
15
9
-16
19
13
39
14
8
31
-28
30
6
13
3
8
20
-11
21
-25
-10
-42
-17
-5
-24
23
-4
-6
-6
-1
1
-2
10
24
-8
3
22
-53
12
-19
-17
17
-29
37
-53
-4
-12
-65
24
-26
11
24
4
39
9
6
18
-13
23
19
9
45
-20
10
-8
-52
3
-33
-12
-4
-15
4
-31
17
-3
-38
13
-15
7
42
17
23
-8
19
6
2
57
3
41
21
3
4
-36
-19
-57
-19
-18
1
17
-7
3
-16
3
-2
26
13
21
35
12
13
-11
-7
-34
-5
5
-5
10
-12
-26
-28
-12
-24
-17
-9
-14
-14
-5
0
-14
-5
-13
-9
29
28
54
33
5
15
-22
21
-13
1
5
-38
22
-32
-1
-12
-33
-9
-26
12
18
10
19
1
-16
17
-22
7
-5
-14
27
-20
32
-12
-11
4
-33
35
-4
31
26
-8
33
-23
26
-2
-12
15
-33
29
-12
6
16
-44
18
-21
12
47
-1
44
-19
-16
26
-32
51
9
3
42
-46
40
-24
-22
29
-53
32
-4
-21
31
-63
-1
-20
-46
61
-30
70
31
-10
73
-49
44
2
-21
27
-54
-1
-40
-57
-29
-88
-40
-38
-48
12
-11
22
23
11
40
16
49
52
17
45
4
-16
9
-34
-6
-35
-20
-22
-41
8
-37
-2
-7
-6
18
28
49
46
44
33
38
11
45
6
34
42
11
57
-14
22
-7
-7
8
-17
20
-12
1
-6
-5
-27
-1
-15
-12
36
2
47
2
13
2
-18
30
-4
25
16
-6
0
-7
-35
-13
-27
-33
8
-30
13
-39
-37
-37
-84
-13
-49
-21
-12
-39
-26
-24
-23
-17
-16
-8
9
-9
41
-16
-9
-14
-57
-16
-40
-16
-37
-30
-36
-52
-37
-30
-36
-12
-3
-14
31
-9
15
-7
-3
10
-13
32
-8
22
17
0
21
14
23
24
27
25
24
36
33
7
25
-1
7
24
14
31
6
20
2
16
40
20
46
18
0
27
7
13
10
-27
-15
-53
-21
-30
-61
-14
-85
-47
-32
-46
7
-22
-1
-5
-6
38
14
39
40
2
48
31
28
53
17
26
28
27
35
15
26
21
6
37
2
-10
4
-57
-24
-24
-27
-2
-36
-22
-42
-43
-22
-74
-50
-50
-77
-13
-58
-60
-72
-131
-76
-105
-40
-31
-65
7
-58
-8
7
-28
36
1
29
48
18
43
-19
-20
-13
-36
30
14
29
38
14
44
37
66
63
82
94
88
111
68
69
30
22
38
17
60
22
21
32
-5
33
30
27
68
42
59
71
35
74
36
55
68
38
96
53
66
69
36
57
52
58
61
64
43
43
26
23
25
4
19
-5
-7
-2
-43
-35
-41
-62
-35
-61
-62
-61
-95
-67
-104
-98
-93
-127
-92
-124
-119
-116
-153
-139
-153
-152
-131
-150
-128
-140
-141
-117
-143
-91
-102
-74
-40
-53
12
-1
35
53
45
97
84
114
128
101
123
101
94
114
78
103
89
74
108
68
101
91
83
118
91
127
127
108
131
104
109
125
98
110
87
76
82
48
80
63
62
74
42
64
53
50
56
35
50
46
40
52
24
23
23
7
24
2
-4
-7
-19
-23
-42
-55
-64
-74
-75
-83
-103
-111
-137
-150
-155
-175
-184
-197
-218
-236
-250
-274
-273
-292
-295
-297
-305
-283
-300
-277
-276
-262
-230
-219
-190
-174
-148
-154
-130
-125
-97
-70
-63
-28
-37
-4
6
13
39
49
59
94
104
119
143
128
168
156
177
202
180
222
203
211
236
213
238
235
234
273
252
273
278
248
275
250
256
257
219
230
195
183
185
145
150
131
114
134
113
132
128
115
125
110
120
116
112
106
91
76
65
45
28
12
-13
-30
-57
-75
-106
-121
-150
-176
-190
-214
-223
-253
-265
-296
-320
-338
-366
-380
-401
-408
-422
-422
-425
-426
-416
-414
-397
-372
-360
-330
-315
-308
-280
-284
-246
-234
-216
-172
-184
-145
-136
-125
-85
-92
-58
-42
-36
18
17
42
79
74
140
159
200
259
264
334
344
372
426
429
474
484
495
519
505
506
501
479
483
460
444
441
406
404
382
363
358
334
335
319
311
301
281
270
242
222
196
170
142
112
77
44
8
-25
-57
-88
-112
-139
-152
-178
-196
-215
-236
-247
-269
-278
-293
-312
-325
-348
-365
-385
-403
-419
-434
-447
-455
-462
-464
-467
-470
-463
-459
-443
-431
-413
-402
-397
-373
-369
-353
-333
-325
-302
-303
-280
-269
-261
-237
-233
-203
-184
-166
-131
-94
-59
-19
16
69
118
167
233
269
340
382
430
488
527
578
607
656
681
705
720
738
741
738
739
716
715
677
662
630
591
562
509
485
432
391
352
300
251
201
151
99
47
-7
-50
-103
-137
-178
-213
-240
-279
-295
-316
-332
-336
-348
-339
-342
-345
-336
-350
-343
-351
-351
-351
-362
-363
-371
-386
-406
-414
-437
-422
-457
-441
-432
-458
-428
-449
-392
-428
-422
-373
-370
-322
-346
-310
-288
-281
-257
-253
-228
-211
-196
-170
-154
-144
-114
-96
-69
-59
-22
29
63
92
133
177
223
259
295
343
375
430
459
501
537
546
576
592
623
628
637
651
648
651
641
631
619
591
574
552
526
498
448
414
361
311
263
208
162
100
48
2
-47
-99
-151
-188
-214
-253
-265
-284
-300
-315
-332
-325
-347
-342
-353
-331
-344
-352
-347
-353
-331
-369
-329
-358
-352
-345
-337
-317
-364
-319
-329
-303
-332
-317
-270
-288
-278
-288
-234
-256
-253
-225
-219
-227
-234
-180
-168
-188
-193
-144
-132
-142
-126
-82
-64
-77
-33
0
0
4
54
87
96
105
151
183
181
205
226
263
258
277
313
329
337
337
367
373
372
376
392
401
390
391
392
383
370
365
359
333
315
316
293
266
241
232
207
167
157
141
109
69
61
44
1
-40
-36
-53
-111
-124
-125
-138
-198
-210
-177
-214
-277
-276
-231
-245
-313
-304
-259
-283
-311
-301
-257
-290
-308
-266
-248
-259
-290
-238
-215
-221
-248
-214
-167
-198
-195
-182
-135
-145
-151
-114
-92
-89
-96
-54
-32
-26
-30
2
31
34
33
45
85
73
79
85
119
123
102
119
133
143
129
144
159
164
165
175
186
191
197
202
220
221
221
221
235
237
218
216
235
237
216
204
210
213
187
182
176
170
154
140
138
110
98
78
75
48
18
10
1
-15
-62
-72
-83
-104
-132
-150
-155
-191
-206
-217
-217
-241
-260
-245
-253
-254
-271
-250
-252
-260
-242
-239
-219
-225
-205
-188
-189
-173
-170
-138
-139
-126
-106
-100
-83
-75
-46
-43
-27
-14
6
24
27
53
55
76
76
87
101
103
119
124
140
131
137
147
151
151
150
161
159
161
161
165
159
157
162
162
159
148
155
150
138
127
125
123
102
98
90
83
69
58
54
35
30
18
14
4
-9
-8
-22
-29
-42
-40
-45
-52
-56
-63
-63
-79
-80
-83
-88
-91
-101
-99
-108
-110
-114
-119
-123
-128
-124
-127
-123
-130
-124
-124
-125
-120
-122
-110
-109
-102
-98
-94
-85
-80
-69
-60
-51
-45
-34
-27
-18
-10
-2
7
13
28
33
43
50
57
67
68
78
81
86
90
93
96
91
96
97
97
92
95
101
97
97
92
92
91
86
83
81
81
72
72
67
62
56
49
46
39
33
29
25
19
10
6
-1
-9
-14
-20
-23
-29
-33
-39
-42
-48
-54
-56
-59
-62
-66
-67
-69
-74
-76
-79
-80
-81
-78
-77
-75
-72
-72
-69
-66
-63
-61
-58
-50
-48
-43
-40
-38
-33
-33
-27
-23
-20
-17
-13
-9
-7
-2
-5
-1
3
7
11
14
15
17
18
19
23
23
24
26
28
29
30
34
31
34
36
36
37
35
39
40
41
44
43
45
49
50
53
55
57
58
58
61
65
63
67
65
65
64
63
61
61
58
54
51
46
46
40
37
31
24
20
13
10
-1
-5
-12
-18
-22
-31
-34
-40
-44
-51
-58
-60
-65
-66
-71
-73
-76
-77
-75
-78
-79
-75
-76
-77
-74
-74
-69
-69
-64
-59
-59
-54
-52
-45
-42
-40
-32
-31
-26
-24
-19
-12
-11
-4
-1
3
6
10
16
20
22
25
31
35
40
43
47
51
51
56
59
65
65
70
74
76
82
82
85
83
88
89
90
93
90
93
91
94
94
95
93
92
92
90
88
81
79
74
69
62
56
49
41
34
26
17
8
-1
-8
-18
-27
-35
-46
-56
-63
-72
-79
-89
-97
-104
-110
-117
-123
-127
-133
-139
-139
-143
-148
-147
-150
-149
-150
-149
-146
-144
-140
-137
-132
-127
-121
-117
-112
-105
-99
-91
-85
-75
-65
-54
-47
-37
-27
-19
-7
3
12
23
34
41
51
59
66
76
84
93
99
106
112
116
120
125
130
132
135
138
140
140
138
138
135
132
130
127
124
118
115
109
104
97
88
82
77
67
58
48
40
31
20
12
3
-7
-13
-24
-33
-43
-52
-60
-70
-78
-87
-93
-101
-108
-112
-117
-123
-125
-129
-133
-136
-138
-140
-141
-142
-142
-142
-139
-139
-136
-135
-132
-127
-125
-119
-114
-108
-101
-97
-89
-84
-76
-70
-62
-52
-46
-35
-28
-19
-11
-3
6
15
23
31
40
48
55
64
73
81
90
97
104
111
115
123
129
131
136
138
141
144
145
145
146
144
142
140
137
134
128
122
117
110
104
95
87
80
71
62
51
43
33
24
14
3
-6
-17
-26
-34
-43
-53
-58
-65
-71
-77
-82
-86
-90
-92
-96
-100
-100
-101
-103
-105
-105
-104
-103
-103
-101
-97
-96
-91
-88
-84
-80
-76
-70
-67
-62
-56
-52
-47
-42
-39
-33
-30
-26
-21
-18
-16
-14
-9
-4
-1
2
7
10
16
18
23
28
30
35
37
40
44
48
51
54
60
60
61
64
67
67
70
71
73
75
76
77
77
77
75
75
73
70
68
67
64
58
57
52
48
45
41
35
31
26
22
16
12
7
2
-2
-8
-12
-17
-23
-26
-31
-33
-37
-40
-41
-46
-45
-47
-48
-48
-49
-50
-49
-50
-51
-49
-49
-48
-45
-46
-43
-40
-38
-36
-34
-30
-28
-23
-22
-19
-15
-14
-9
-7
-4
-1
0
4
5
7
9
12
13
16
17
17
18
19
20
21
22
21
21
21
22
22
21
22
22
23
23
24
25
26
25
25
24
25
24
24
24
24
24
25
25
26
25
26
27
27
26
26
27
25
24
21
21
22
20
18
18
17
15
13
12
11
9
7
6
4
2
0
-2
-3
-6
-9
-9
-11
-11
-13
-14
-15
-16
-17
-17
-20
-20
-21
-22
-20
-22
-19
-21
-20
-18
-19
-16
-15
-13
-12
-9
-9
-8
-4
-2
-1
0
1
4
5
7
8
8
11
14
13
14
15
13
16
14
14
13
12
13
9
8
6
4
3
-1
-1
-3
-7
-5
-10
-11
-13
-15
-16
-21
-22
-26
-24
-28
-29
-29
-31
-32
-32
-32
-33
-30
-33
-32
-32
-32
-27
-27
-25
-21
-20
-17
-20
-11
-11
-7
-3
-5
3
2
6
10
10
14
16
17
20
20
24
26
28
28
30
31
32
33
32
35
31
37
31
34
31
28
29
24
26
21
22
19
20
17
16
15
10
13
5
7
1
-1
0
-11
-7
-15
-15
-17
-22
-21
-25
-28
-30
-30
-34
-32
-37
-37
-39
-42
-39
-43
-43
-43
-45
-44
-47
-42
-44
-43
-40
-41
-39
-37
-36
-33
-32
-32
-27
-26
-22
-17
-17
-8
-8
-4
4
0
14
8
17
22
21
28
35
25
50
34
44
58
28
91
1
95
56
45
87
15
125
18
81
68
40
95
23
77
52
45
73
34
60
46
35
52
22
39
24
16
20
4
5
-1
-10
-7
-20
-20
-21
-36
-28
-42
-39
-40
-53
-46
-56
-54
-56
-63
-58
-65
-63
-63
-70
-66
-69
-67
-69
-70
-65
-68
-61
-64
-59
-56
-51
-48
-44
-36
-39
-28
-30
-22
-22
-20
-11
-16
-6
-3
-1
6
9
16
21
24
29
33
40
41
48
50
53
57
57
61
61
66
64
65
64
65
66
65
67
65
64
64
62
62
61
56
55
53
49
44
37
37
29
26
18
12
10
0
1
-7
-9
-15
-18
-23
-28
-32
-37
-39
-43
-45
-53
-51
-60
-58
-65
-64
-65
-70
-63
-72
-65
-70
-71
-66
-70
-63
-70
-62
-64
-62
-59
-58
-52
-54
-48
-47
-44
-38
-38
-32
-30
-25
-22
-18
-9
-12
0
1
6
13
12
21
22
26
29
30
36
39
42
46
50
53
53
59
59
58
62
61
61
62
62
63
64
61
63
60
60
56
56
55
51
52
44
46
41
37
36
31
28
24
24
17
16
12
8
4
0
-3
-7
-9
-14
-15
-19
-19
-25
-23
-29
-31
-32
-37
-34
-41
-38
-41
-39
-39
-42
-39
-41
-41
-39
-42
-38
-38
-38
-36
-36
-32
-34
-31
-27
-27
-22
-23
-18
-18
-13
-11
-12
-3
-5
0
0
2
8
6
14
15
16
20
19
23
24
26
30
31
35
34
35
39
38
38
37
40
37
37
38
35
38
35
35
33
32
31
28
28
27
27
25
22
21
16
15
11
8
5
0
0
-3
-4
-7
-10
-13
-17
-18
-23
-24
-27
-29
-29
-33
-35
-35
-37
-39
-41
-42
-43
-45
-45
-47
-44
-47
-42
-44
-45
-40
-43
-41
-39
-37
-35
-34
-32
-31
-28
-25
-25
-21
-19
-16
-13
-15
-7
-6
-4
-1
3
6
7
10
12
12
15
15
15
18
18
22
22
24
26
26
29
29
32
32
32
35
31
32
30
33
32
30
32
30
30
30
28
26
26
23
24
23
21
20
19
18
14
13
11
10
10
6
5
4
1
0
-2
-4
-7
-8
-7
-9
-10
-11
-15
-16
-17
-19
-18
-20
-21
-23
-22
-23
-29
-30
-33
-31
-30
-29
-25
-27
-22
-19
-23
-23
-28
-26
-23
-23
-24
-23
-19
-23
-23
-25
-22
-16
-13
-9
-8
-6
-3
-4
-3
-3
0
2
3
6
4
5
5
3
5
7
9
12
13
14
17
18
18
19
19
23
26
25
26
25
22
22
22
21
21
23
23
21
20
19
19
20
20
20
20
22
22
19
16
13
11
10
7
7
6
5
5
3
2
0
0
1
-2
1
-1
-3
-4
-9
-12
-15
-17
-18
-19
-18
-18
-18
-17
-18
-19
-18
-17
-16
-16
-14
-15
-16
-18
-18
-16
-17
-15
-13
-12
-9
-9
-5
-5
-3
0
0
4
3
6
6
7
7
9
10
11
13
10
13
14
14
15
17
17
16
19
17
19
18
18
18
16
17
16
18
18
18
18
17
17
15
15
15
14
14
11
9
7
8
5
3
3
-1
0
-1
-3
-3
-3
-5
-8
-7
-10
-12
-12
-14
-15
-17
-18
-17
-19
-19
-19
-21
-21
-21
-22
-20
-20
-21
-22
-23
-23
-21
-22
-23
-22
-23
-21
-19
-20
-19
-17
-16
-16
-15
-15
-13
-12
-12
-10
-10
-11
-12
-10
-10
-6
-6
-6
-3
-2
0
2
3
5
4
5
5
6
7
8
8
8
10
10
9
12
11
11
12
13
15
13
15
14
15
14
14
16
14
16
14
14
15
13
13
14
12
11
12
12
12
12
11
10
10
7
6
5
6
5
3
4
4
3
3
2
4
3
2
-1
-2
-3
-4
-4
-3
-3
-4
-3
-3
-3
-4
-4
-4
-3
-4
-6
-5
-8
-9
-8
-7
-5
-5
-4
-3
-2
-2
-1
-1
-2
-1
-1
-2
0
-1
-2
-1
-1
0
1
1
2
4
3
3
5
3
3
4
4
3
4
3
2
3
2
1
1
3
3
2
4
4
3
3
2
2
2
1
1
0
2
-1
-1
-1
-1
-1
0
0
-1
0
0
0
1
1
1
-1
0
1
-1
-2
-1
-3
-3
-4
-5
-4
-5
-4
-5
-5
-4
-6
-3
-3
-3
-2
-6
-6
-6
-4
-6
-5
-7
-8
-8
-7
-8
-9
-8
-6
-4
-5
-4
-1
-1
0
-2
-3
-2
-2
-1
-3
-2
-3
-3
-1
-2
-3
-3
0
1
1
3
1
2
5
8
7
6
9
5
5
4
2
3
6
2
-1
-3
-1
2
0
0
0
4
7
3
0
0
6
5
0
-2
0
-1
-4
-6
-7
-9
-12
-8
-9
-11
-13
-11
-13
-9
-9
-14
-10
-11
-10
-15
-20
-13
-15
-10
-10
-14
-13
-8
-5
-10
-4
1
-3
-7
-8
-7
-5
-6
-4
-11
-10
-6
-5
-6
-7
1
-4
2
5
-1
2
10
11
4
0
2
1
1
5
1
-2
-1
10
4
9
21
15
14
14
17
23
21
19
12
13
15
13
10
7
16
20
19
20
18
19
23
21
18
17
17
13
9
10
5
4
-4
-13
-7
-4
-5
-6
-6
-3
-2
3
8
11
9
7
7
10
11
4
-9
-10
-9
-16
-19
-18
-14
-16
-18
-11
-14
-5
-5
-6
1
-5
-9
-19
-11
-19
-25
-23
-26
-32
-36
-24
-21
-16
-7
-6
-2
9
3
17
22
17
13
4
8
-4
11
10
-2
-4
19
6
29
22
6
-22
81
307
-5
-229
-57
299
269
-209
-185
29
193
57
-188
-75
75
140
-28
-160
22
110
73
7
-42
-23
0
58
53
-46
-52
20
29
-15
-41
3
17
-1
1
-11
-16
-12
11
30
-10
-32
-3
26
13
-16
-36
3
128
26
-120
-94
95
148
-87
-123
-24
54
9
-69
-35
-17
0
-4
-49
-19
-7
-17
3
2
8
-34
-37
32
39
-4
-24
-15
18
19
20
5
-18
17
33
24
0
0
41
40
13
16
18
16
25
30
29
15
8
20
23
25
25
10
15
13
16
19
4
9
9
7
6
-6
8
7
5
8
-8
2
3
-12
-22
-24
-6
-4
-16
-26
-23
-15
-9
-11
-31
-29
-25
-18
-28
-35
-30
-30
-25
-33
-17
-27
-41
-32
-13
-1
-32
-44
-35
-4
-1
-39
-54
-20
8
-32
-47
-17
-8
-17
-32
-12
-1
-13
-22
-35
-2
0
-7
-15
-10
1
-14
5
9
12
-16
-13
8
13
9
-13
4
19
18
12
2
21
30
22
10
4
31
12
-1
17
56
22
-43
4
43
46
-25
-10
29
25
22
-30
13
24
14
-2
-4
56
13
-37
-17
43
54
-35
-61
11
51
6
-82
-44
56
42
-49
-98
6
71
3
-65
-43
32
21
-30
-36
-4
12
4
-39
-23
7
17
-9
-30
13
4
-2
-9
7
30
14
-8
-18
13
45
15
-29
-7
45
45
-13
-9
31
44
16
-4
21
16
42
24
8
8
12
47
10
-2
13
24
27
9
11
17
25
25
18
16
20
13
24
33
25
9
-9
27
48
17
-15
-10
33
38
-9
-20
8
29
7
-18
-7
-2
-12
-4
8
-7
-37
-13
14
-13
-22
-3
-30
-21
-19
-10
-17
-52
9
-16
-50
-53
10
17
-43
-40
-24
16
-9
-36
-64
10
30
-7
-54
-49
67
12
-14
-51
13
59
-13
-16
-44
59
56
-38
-37
4
90
14
-35
5
42
60
17
3
15
59
46
24
-1
31
35
35
42
-21
5
52
53
-14
-16
45
53
-23
4
29
-8
-2
1
52
-7
-54
-1
27
34
-35
-57
-6
6
-6
-56
-42
-37
-49
-32
-25
-39
-95
-31
49
12
-78
-56
43
41
-30
-29
6
-4
-18
-41
-5
-67
-73
57
-45
-42
-111
-47
121
-66
-86
-41
48
-3
-98
-42
-19
4
-9
-211
-3
130
-90
-154
-134
179
61
-91
-130
-3
190
-27
-57
-23
61
111
-140
18
119
2
-10
-113
125
108
-66
11
39
42
9
-3
-1
142
-22
-245
71
228
-14
-323
41
239
-72
-110
-65
86
45
27
29
-265
-71
484
-20
-321
-114
117
360
-133
-161
-119
163
286
-185
-119
6
227
66
-208
77
82
29
37
-175
6
203
24
-138
-214
180
185
-166
-157
56
271
-336
-120
266
-4
-76
-342
213
107
-94
-163
12
209
-228
-56
61
277
-68
-442
86
442
85
-414
-177
282
277
-213
-167
98
102
78
-120
3
68
82
20
-200
138
193
-101
-68
-142
308
49
-112
54
-141
250
-9
-30
87
-65
195
-258
163
116
-191
221
-228
270
-85
-58
99
-58
311
-362
143
159
10
16
-304
348
35
-19
-134
-215
466
-152
-82
-161
102
209
-181
-34
-156
289
-76
-70
-49
34
118
-206
45
-37
72
31
-115
-82
27
140
-1
-132
-72
43
115
-29
-72
-64
59
15
-115
-38
105
138
-356
-83
259
137
-208
-240
190
81
-8
-186
11
104
16
81
-218
45
139
-30
22
-101
50
107
-21
-171
-85
240
116
-202
-119
85
57
17
-98
58
41
20
-53
13
110
2
30
-111
222
-31
-229
142
129
47
-361
65
340
-342
23
-23
118
126
-384
81
-141
426
-71
-323
106
-158
220
-59
140
-140
-203
-105
288
182
-291
-230
-41
461
-187
-181
-93
174
73
-165
-16
-52
201
-172
39
-82
35
143
-257
-34
65
179
-114
-245
166
31
-110
113
23
-32
-122
-24
104
153
-50
-105
-117
72
164
-77
143
-184
-4
-39
-36
469
-226
-272
-98
419
242
-547
89
179
242
-68
-384
279
43
252
-221
-202
277
-3
43
-323
266
225
-97
-247
-182
397
166
-31
-268
-192
318
40
16
-124
-15
147
-110
-28
-37
146
98
-148
-119
100
0
38
-88
-26
129
-112
67
-156
69
113
13
23
-105
-42
57
31
166
-53
-171
43
-30
170
39
-16
-100
-46
128
69
-90
174
-90
-100
-79
181
141
-90
-64
-270
195
242
273
-580
-149
485
249
-286
-283
579
-120
-60
-221
226
341
-265
-104
-281
536
117
-437
-134
208
372
-397
-109
171
112
96
-238
49
-81
244
73
-153
-26
-140
362
-33
-30
-12
-209
335
100
-110
-233
79
405
-412
-23
38
273
-243
-343
390
-6
41
-327
74
144
9
117
-218
34
-8
130
77
-49
167
-204
1
60
220
42
-138
-74
-207
432
149
-360
-198
146
266
-244
-234
160
61
-112
-320
9
381
-49
-341
-240
318
305
-175
-251
-84
388
18
-61
-61
-222
276
124
35
-242
-193
419
-33
-142
171
-172
94
-178
156
157
-184
29
-353
325
80
-169
24
-144
-33
-111
320
41
-306
-105
-108
514
-116
-320
105
-10
352
-328
-68
224
64
43
-308
326
147
-154
-194
119
344
-130
-105
-217
88
103
9
-59
-1
-193
-374
324
306
-241
-357
-48
240
14
-170
109
24
-113
-314
261
325
-155
-61
-235
279
33
31
80
-52
56
-34
-132
182
319
-231
-340
117
411
-125
-272
-226
353
217
-242
-342
73
325
8
-207
-165
307
-84
-24
-16
-14
221
50
-272
-292
463
269
-216
-345
-55
332
69
-13
-250
-58
291
-47
-160
8
200
81
-142
-113
46
280
148
-350
-108
265
124
-91
-126
70
43
-64
-144
137
100
-4
-346
-160
328
217
-125
-516
130
192
107
-70
-176
98
-61
91
-15
-18
8
66
41
-223
-85
236
84
-177
-170
-6
151
26
-67
-145
-7
172
19
-4
-65
15
66
-31
101
-8
40
-4
-120
119
28
20
73
-118
13
12
-14
144
21
-1
-97
-13
90
-30
141
29
-135
-58
38
167
43
-95
-107
21
205
36
-235
-68
211
225
-194
-288
194
232
-29
-222
26
160
70
-57
-136
-41
271
107
-263
-130
119
200
-64
-160
-125
152
103
-204
-99
145
120
-177
-133
195
105
-77
-125
23
155
-33
-104
-4
99
54
-77
-60
43
111
27
-165
-63
192
57
-228
-158
106
128
-103
-237
-28
83
30
-97
-90
-3
22
98
-31
-118
-22
104
43
-99
-24
173
68
-153
-75
177
221
-55
-144
38
110
34
-33
66
83
-68
-109
-52
164
125
-96
-203
-30
80
-40
-70
-65
81
-88
-144
-39
20
170
-42
-138
-128
78
161
-132
-137
42
81
-57
-133
-25
100
76
-8
-137
64
139
51
-122
17
160
-7
-44
-83
125
45
-23
-67
1
133
-56
-78
-15
56
-45
-84
-27
-1
-8
-96
-37
23
80
-13
-150
1
130
72
-52
-92
37
79
24
-37
26
124
40
-74
1
130
110
-30
-86
3
133
42
-86
-74
72
70
-40
0
-43
9
-38
-8
16
-39
6
-18
-50
-8
40
56
-23
-19
6
60
85
-35
-10
65
79
-9
-26
4
66
47
-33
41
37
-19
-38
23
48
-30
-49
-18
-26
1
-55
-19
15
-38
-31
-51
87
20
-77
-34
37
60
-6
-25
-36
69
30
-42
8
26
33
-26
-79
26
47
-16
-41
-62
19
-18
-35
-19
-33
39
-24
-77
-49
12
30
-25
-42
-25
23
-9
-24
12
16
11
29
-5
7
26
18
28
-10
4
45
8
-18
-7
-3
25
4
-43
-1
41
-51
-46
39
30
-23
