-37
-6
11
-13
-18
9
9
-17
-37
29
51
4
-45
-17
70
81
-6
-69
-13
47
45
-10
-40
5
21
-6
-27
-7
40
32
-20
-43
-4
36
17
-33
-35
7
8
-10
-18
-8
17
10
-11
7
39
33
-9
-19
14
28
28
-2
-17
5
-5
-7
24
30
-8
-43
-36
38
58
-9
-51
-21
16
22
-13
-37
-6
3
10
3
2
8
4
-4
-4
33
43
9
-32
-33
7
32
22
-28
-35
-18
2
19
-12
-41
-44
-19
-3
-13
-24
-35
-32
-35
-18
-1
-11
-10
-27
-10
13
18
8
-22
-37
-6
32
15
-7
-17
6
29
18
2
14
26
16
17
19
24
12
-1
7
27
30
-8
-16
-2
7
9
-4
-18
-11
-4
-3
-7
-19
-27
-18
-10
-14
-4
-12
-11
3
-1
8
9
10
29
12
10
22
28
27
11
12
24
23
12
14
20
16
8
7
4
2
2
6
5
-12
-11
-6
3
-7
-16
-10
-5
-13
-29
-18
-9
-15
-26
-23
-13
-15
-19
-9
1
-6
-22
-8
12
9
6
8
-2
2
15
7
13
5
-2
9
18
12
-2
-5
-2
-4
-12
-7
1
-11
-31
-35
-14
1
-15
-37
-27
1
-6
-29
-31
-7
7
-9
-24
-1
10
4
-18
-21
10
26
13
-1
14
17
16
12
11
21
22
14
5
7
11
15
9
5
9
13
4
3
6
-2
-2
-14
-21
-3
-1
-5
-14
-23
-15
-2
-3
-5
-3
-11
2
2
5
6
-2
4
4
11
9
0
4
5
12
15
14
10
8
7
6
12
11
8
-6
4
13
7
-1
-6
-1
5
4
1
3
8
5
0
5
8
4
-4
-8
1
21
10
-4
-6
5
12
5
5
17
20
-2
-2
0
11
10
-6
-1
3
8
-2
-9
-4
-2
0
-11
-4
8
5
-5
-8
4
11
4
-8
-4
12
11
2
1
6
9
7
2
-1
2
7
-1
-3
3
1
-8
-10
-7
4
3
-10
-15
-15
1
6
-16
-27
-15
-3
-3
-7
-11
-12
-13
-7
3
6
-6
-17
-15
-2
2
-6
-14
-13
-6
-7
-4
-2
-2
-3
-10
3
12
1
-6
-1
15
18
8
-4
-1
11
14
2
-3
-3
2
3
2
8
5
-1
-7
-7
4
8
1
-6
-11
-7
6
4
-13
-18
-7
-3
-9
-14
-16
-10
-8
-12
-9
-7
-8
-11
-11
-18
-13
-3
-6
-9
-4
-3
0
3
1
3
6
9
8
11
9
7
11
8
2
3
13
14
8
3
3
5
4
-2
-5
1
2
0
-10
-7
-5
-5
-4
-10
-15
-10
-4
-4
-10
-8
-2
-3
0
-2
0
8
3
7
7
8
13
12
6
7
20
23
19
14
14
24
24
18
13
13
16
18
9
13
12
8
8
-1
4
2
-1
-7
-5
-4
-8
-8
-16
-12
-7
-8
-12
-19
-18
-17
-10
-9
-14
-16
-17
-7
-2
-7
-10
-7
-4
-2
6
4
1
3
2
8
14
13
4
4
8
6
1
-1
8
10
2
-4
-2
8
6
1
-6
-7
-3
-3
2
-1
1
0
-3
-5
0
2
0
-4
-10
-2
8
1
-5
-2
3
5
-3
-6
-4
0
-2
-4
-4
-5
-10
-12
-7
2
0
-10
-7
-3
1
1
-4
-5
-1
1
-1
3
2
-3
-1
2
8
8
1
3
5
11
11
3
3
7
8
6
7
12
7
6
4
11
12
0
-2
3
11
2
-8
-7
4
5
-3
-2
1
3
1
-2
-1
5
5
1
3
2
9
7
0
5
11
15
12
4
7
14
17
9
5
7
9
11
9
5
2
4
6
4
-1
-4
-2
1
1
-2
-8
-9
-6
-7
-5
-7
-6
-4
-9
-13
-9
-1
-6
-13
-13
-3
2
-3
-8
-5
4
5
2
-3
-5
-1
-5
-8
-8
-3
-3
-9
-10
-6
-2
-5
-7
-4
4
1
-6
-6
-1
-1
-6
-7
-6
-4
0
-3
-8
-7
-7
-8
-1
-3
-9
-9
-6
2
-1
-8
-6
-5
-4
-4
-5
-3
-2
-5
-9
-2
1
-3
-6
-10
-4
2
-3
-5
-3
-1
0
2
1
0
-2
0
2
0
0
2
8
4
2
2
3
7
5
1
3
9
2
0
1
5
7
2
0
4
5
3
5
5
6
9
5
2
5
5
5
5
1
5
7
7
7
7
7
3
2
5
8
8
5
2
4
5
4
4
1
0
1
4
4
1
-2
0
-1
-2
2
-2
-4
-2
1
2
0
0
2
4
4
3
1
0
2
3
3
6
7
3
4
6
8
10
7
6
6
4
6
6
3
-1
-2
0
1
1
-3
-6
-4
-6
-7
-9
-9
-11
-12
-14
-15
-15
-17
-16
-17
-14
-11
-11
-12
-12
-10
-5
-4
-5
-6
-6
-4
-4
-3
-3
0
1
1
4
7
7
4
3
4
5
5
0
0
4
5
3
-1
2
0
-1
0
-3
0
-1
0
-2
-2
0
-1
0
-1
0
3
3
2
2
1
2
3
2
2
-1
-1
0
-1
-1
0
1
2
1
1
1
0
0
-3
0
1
0
-2
-3
-1
1
0
-2
-2
0
3
1
-1
0
-2
-4
-3
-3
-4
-4
0
1
1
1
1
0
2
1
0
1
1
3
2
1
-1
-3
0
-1
-4
-5
-3
-3
-5
-6
-5
-3
-3
-6
-5
-3
-4
-5
-7
-5
-5
-4
-3
-5
-2
-3
-6
-5
-3
0
-2
-3
1
1
1
0
3
3
4
3
2
2
4
3
3
5
4
2
3
2
5
3
2
2
3
4
3
1
3
2
1
1
1
2
3
4
2
2
2
0
0
2
3
3
4
5
3
5
4
4
5
5
6
7
6
6
5
6
5
4
3
7
7
5
6
5
5
6
3
2
1
1
2
1
-1
2
3
2
0
0
3
6
4
3
3
5
5
3
2
3
5
3
2
3
4
5
4
3
0
1
-1
-2
-1
-2
-1
-1
-2
-1
-1
-1
-2
-3
-4
-3
-3
-6
-6
-5
-5
-6
-6
-7
-6
-4
-5
-5
-5
-5
-3
-4
-4
-5
-5
-5
-7
-6
-6
-6
-5
-4
-4
-1
-2
-3
-4
-5
-3
-5
-5
-5
-6
-4
-7
-7
-5
-4
-3
-3
-4
-4
-4
-5
-6
-4
-4
-3
-1
-2
-1
-1
-3
-2
-2
-1
-1
-3
-2
-3
-3
-4
-5
-4
-5
-4
-3
-3
-3
-2
-3
-4
-4
-4
-3
-3
-3
-2
-2
-2
-2
-1
0
0
1
2
2
1
0
-2
-1
-1
0
0
1
0
2
3
5
6
3
2
5
4
2
3
2
1
2
1
1
1
2
2
0
3
3
2
2
2
2
5
5
2
3
5
4
6
5
4
4
4
5
6
6
7
5
7
8
7
8
9
9
8
7
7
7
8
7
6
6
7
6
6
6
6
6
5
3
3
2
1
1
1
1
0
3
1
2
5
3
2
2
1
1
2
0
-1
0
-1
-1
-1
-3
-2
-1
1
1
0
-2
-4
-2
0
-2
-1
-2
-1
-1
0
0
-2
-1
-2
0
-1
-1
-1
-2
-2
-2
-2
-3
-3
-2
-3
-3
-2
-2
-1
-1
-2
-2
-1
-1
-2
-2
-2
-1
-1
-1
-2
-2
-1
-1
-1
0
0
-1
-1
-2
-1
-1
-1
-1
-1
0
-1
-2
0
0
1
1
1
0
0
1
1
-1
1
0
0
0
-1
1
0
-1
0
0
-1
-1
-3
-1
-1
-2
-3
-2
-1
-1
-2
-4
-4
-2
-1
-4
-3
-3
-2
-1
-2
-1
-1
-1
-1
0
1
2
0
0
0
2
2
2
2
1
2
3
2
3
3
4
6
5
5
3
4
4
4
3
2
2
2
0
-1
0
0
-1
-2
-2
-2
0
0
0
-1
-1
0
-1
-1
0
0
1
0
0
-1
0
0
0
-1
0
-2
-2
-1
0
0
-1
0
-1
0
0
1
0
-1
-1
-2
-2
-2
-3
-3
-4
-3
-2
-2
-2
-3
-2
-1
-1
-2
-2
-1
-2
0
0
0
-1
-1
0
0
0
0
0
1
0
1
1
0
1
0
0
0
0
0
0
1
0
0
0
1
1
0
0
1
0
0
1
0
0
2
1
2
3
2
2
3
3
3
4
4
5
5
5
4
4
3
4
4
3
3
2
0
0
-1
-2
-3
-2
-2
-3
-4
-3
-3
-3
-4
-2
-2
-2
-3
-2
-3
-1
-1
-1
-1
1
2
3
3
2
4
3
2
2
2
2
2
1
1
1
1
2
1
1
1
1
2
1
2
1
0
0
0
0
-1
-1
-1
-2
-1
-1
-1
-2
-1
-2
0
1
-1
0
-1
1
0
0
0
-1
0
0
1
1
1
2
3
1
1
2
2
1
3
1
0
1
0
1
1
0
-1
-1
-1
-1
-2
-1
-1
-1
-2
-2
-1
-1
0
-1
-1
-1
-1
1
-1
-1
0
-1
0
-1
-1
-1
-2
-2
-1
-1
-1
0
0
-1
-1
0
-1
0
0
-1
-1
1
1
1
1
1
1
3
2
2
2
5
3
2
3
2
2
2
3
3
4
3
4
3
3
3
3
3
4
3
3
4
3
2
1
1
0
-1
0
-1
-2
-2
-3
-3
-3
-2
-4
-1
-3
-4
-4
-4
-6
-4
-4
-6
-5
-3
-4
-5
-4
-4
-5
-3
-3
-2
0
-1
-2
-2
-1
-2
-1
2
0
0
1
-1
0
1
-1
1
1
-1
0
3
-1
0
1
-2
-2
-1
-2
-2
-2
-2
-5
-3
-3
-5
-3
-1
-2
-2
-1
-3
-2
0
-4
-3
-1
-5
-3
0
-3
-2
0
-2
-5
-1
-1
-6
0
-2
-6
1
1
-5
0
2
-2
0
3
-3
-3
3
-1
-3
3
-2
-7
1
-1
-8
1
-1
-8
0
2
-2
0
6
-1
-2
7
-2
0
6
1
-1
4
6
-2
3
4
-3
3
4
-4
2
3
-3
0
1
-2
0
2
-4
-4
3
-1
-2
4
1
0
7
3
1
3
4
0
4
10
2
10
11
3
8
9
6
7
10
5
3
9
3
2
9
2
-1
7
2
-1
7
0
-3
4
2
-4
-1
7
-8
-2
8
-7
0
6
-5
-8
4
-1
-11
6
3
-9
5
7
-7
2
11
-6
-5
12
-1
-7
6
-1
-11
6
7
-9
1
3
-8
-7
6
0
-7
9
-4
-11
5
4
-6
-5
4
-5
-8
4
-2
-4
5
3
-7
3
11
-1
-2
8
3
-2
9
8
-3
5
8
-4
0
7
-1
-5
3
-1
-6
1
-1
-8
-5
-2
-3
-5
0
-5
-7
-4
-2
0
-5
-3
-1
-7
0
1
-6
-5
1
0
-5
8
3
-8
5
4
-3
8
9
-7
-5
13
-7
-5
14
-7
-13
9
2
-13
8
2
-23
-5
10
-18
-11
12
-21
-13
13
-10
-16
6
-1
-24
3
9
-15
3
14
-13
-1
21
-5
-7
12
-1
-2
8
4
-4
3
9
-12
2
8
-10
2
-6
-5
7
-5
1
-3
-3
-1
-10
5
-12
-1
3
-22
10
0
-6
2
-2
1
-10
15
0
-11
17
-6
-2
1
1
-3
-11
6
-14
-5
2
-13
-5
-15
-1
-2
-10
0
-19
-7
-15
-5
1
-25
12
-13
-13
8
-7
3
-9
17
-9
2
29
-4
5
16
16
-10
27
19
-17
33
13
3
7
21
15
-17
38
-3
-15
33
-9
6
2
7
-1
-11
16
-21
7
-3
-11
14
-23
5
-6
-1
-13
-4
25
-36
26
18
-29
23
10
-1
-6
28
6
-29
46
6
-25
42
-3
-13
22
14
-11
-10
36
-29
-4
34
-30
2
10
-8
-23
15
9
-41
14
-5
-21
4
12
-7
-25
37
-10
-15
32
-3
-1
4
22
-10
6
30
-20
9
13
-1
-2
11
3
-15
20
-5
-6
1
6
-7
-11
24
-27
17
9
-10
14
-8
25
-18
18
13
-6
15
3
16
-12
23
4
-2
10
16
5
-10
44
-15
0
22
4
-4
5
24
-31
14
10
-27
-4
2
-10
-20
1
-17
-35
7
-21
-32
10
-30
-14
-3
-8
-1
-13
14
-20
0
19
-16
17
6
14
12
11
19
5
12
3
26
-15
27
20
-4
30
-15
42
-36
18
24
-57
44
-30
-6
-21
-7
2
-56
31
-33
-9
-7
-3
-3
-32
43
-42
18
0
-15
22
-49
48
-37
-3
27
-33
33
-28
39
-5
-20
37
-36
13
2
4
-19
-8
15
-44
3
-7
-18
-27
-12
-5
-54
20
-31
-39
9
-38
-2
-43
0
-14
-41
30
-39
-5
7
-17
16
-8
18
-2
-11
17
-10
7
13
1
5
4
8
5
7
-3
9
-8
-4
13
-18
18
-12
-6
-4
-38
-2
-36
-22
-9
-34
-11
-16
-15
-5
-12
-3
6
-5
22
19
2
44
7
26
38
11
49
25
38
27
18
35
12
34
30
8
25
25
-19
28
6
-10
21
0
15
-17
30
-3
-23
35
-16
-5
15
11
-4
22
20
-4
17
15
9
-6
25
-2
0
37
-17
34
18
6
30
10
35
12
41
5
8
37
6
15
20
24
-34
17
-23
-30
5
-28
4
-47
21
-25
-22
25
-41
3
-22
-6
6
4
9
12
4
-4
11
12
32
4
39
5
-10
51
-4
24
27
10
19
-10
40
-10
-5
23
-31
3
1
-3
-21
-17
-34
-43
-31
-30
-21
-37
-21
-53
-23
-20
-35
-3
-18
-15
-6
8
-10
5
2
4
-6
3
33
-9
23
9
-6
12
9
21
-8
11
17
-13
-3
0
-18
-17
1
-8
-13
1
-12
-16
-20
1
-18
-26
4
-40
-17
-28
-31
-22
-44
-7
-42
-24
-11
-30
-6
-24
-3
-11
-8
21
8
27
22
30
28
18
38
13
31
15
6
13
-1
4
-17
-4
-26
-9
-4
-23
-14
-15
-17
-32
7
-22
-7
-1
-14
-6
-10
24
-17
24
14
-1
26
6
29
5
35
10
8
35
2
26
13
13
13
16
25
10
16
13
4
6
5
-2
12
-5
-13
4
-23
-16
-20
-27
-26
-19
8
-20
-2
12
-16
2
28
36
34
56
37
24
41
39
24
17
29
-12
-12
6
-11
-18
-13
-31
-36
-11
-16
-6
-38
-18
-37
-32
6
-29
2
-29
-25
-32
-33
-15
-38
-20
-43
-32
-32
-13
-26
-21
2
-24
33
8
27
24
-1
29
-13
39
14
8
14
-37
-17
-41
-19
-32
-37
-20
-56
-19
-30
-18
-25
-21
20
-4
59
33
42
49
8
48
3
50
30
13
19
-18
13
-24
8
-8
0
12
-4
23
-18
20
-8
3
29
19
55
22
47
9
-7
12
-17
-1
-26
-30
-49
-55
-40
-62
-42
-37
-33
-16
1
7
13
30
33
36
59
73
65
70
47
16
14
5
0
2
6
-12
-11
-13
-24
-13
2
-2
-3
25
-2
8
12
0
-14
9
14
-32
24
-20
-26
-30
-39
-39
-78
10
-57
-21
7
-34
18
-12
54
13
71
77
32
79
15
39
1
22
3
10
36
-23
10
-41
-32
-30
-6
9
-7
53
-13
-2
9
-18
6
1
29
-19
-1
1
-46
-13
-9
-13
-10
10
-11
-15
14
-4
-4
4
6
2
24
31
13
21
1
0
7
22
18
21
6
-32
-5
-24
-14
-3
-11
-3
1
40
-6
8
21
-29
-5
5
-8
-14
9
-19
-33
19
31
18
32
40
-58
-54
-20
-28
78
87
74
-16
-75
-78
-71
53
44
70
19
-32
-21
-30
9
-20
14
-35
-56
-31
-78
-48
-25
-11
-16
-29
-12
-35
16
25
16
29
39
47
26
52
-12
23
-3
38
62
31
16
-52
-19
-48
-15
17
-11
-25
-40
-53
-47
11
10
-5
-1
-34
-31
-29
39
30
40
28
-35
-14
-41
-12
-53
-51
-47
-57
-21
-28
22
-2
11
-10
-3
21
7
56
-1
33
15
10
23
-15
20
-29
11
9
-5
18
-14
11
-10
13
-11
-33
-36
-62
-25
-36
6
3
-9
-4
-45
-3
-40
-29
-24
-59
-3
-6
22
18
20
33
8
63
47
45
34
8
0
-22
39
-19
-1
-6
-49
-12
-40
5
-42
-16
-12
-47
25
-2
23
14
15
4
9
32
-10
10
-4
2
8
32
34
21
62
33
51
58
23
23
4
19
-1
16
34
-10
19
5
12
36
30
42
22
38
20
21
30
23
41
24
29
18
14
-8
-20
-8
-30
-2
3
-18
-11
-25
-16
-23
12
19
-11
33
-8
16
24
29
20
-9
33
-17
15
-23
-59
-79
-84
-38
-59
6
-61
-58
-55
-73
-6
-25
26
-29
-5
-7
-37
26
-15
3
-5
15
25
5
25
-10
-14
15
12
28
29
12
10
-8
12
26
18
28
26
40
39
50
46
27
37
41
34
30
40
7
5
7
-8
-16
-18
-15
-51
-28
-31
-41
-20
-32
-30
-43
-9
-6
-3
29
6
36
29
48
50
26
65
26
63
43
22
35
-14
20
-21
-27
-26
-52
-34
-51
-30
-45
-37
-27
-31
-14
3
6
-9
-5
-24
-24
-25
-28
-32
-55
-54
-85
-101
-93
-112
-104
-95
-91
-70
-79
-64
-71
-53
-30
-27
27
7
27
29
19
29
22
49
17
45
32
15
18
-2
9
-5
37
28
41
48
32
50
43
74
66
88
74
52
71
35
55
38
30
31
23
47
15
30
25
15
41
44
58
64
59
51
33
34
30
18
26
16
5
-4
-24
-27
-33
-22
-11
1
2
-12
-5
-29
-5
10
15
44
22
42
14
20
27
-3
44
11
22
-9
-39
-52
-95
-66
-96
-79
-86
-102
-100
-107
-84
-102
-68
-73
-69
-39
-59
-52
-72
-72
-81
-71
-42
-42
-44
-36
-43
-50
-15
-24
3
5
3
16
-23
21
-8
9
33
17
55
34
50
47
49
75
78
84
86
93
80
97
85
90
90
83
113
74
110
92
64
99
63
92
76
83
85
60
93
69
84
97
94
89
91
94
81
92
72
76
60
70
64
44
61
23
43
25
25
32
10
25
5
15
-1
-13
-23
-40
-47
-51
-53
-67
-71
-96
-106
-122
-131
-137
-155
-159
-186
-204
-234
-253
-281
-292
-300
-316
-303
-327
-302
-309
-299
-270
-270
-207
-211
-161
-146
-134
-97
-115
-66
-68
-38
-26
-21
-2
-8
10
1
21
41
57
75
86
109
108
139
155
174
207
221
251
255
277
272
268
278
267
282
273
270
259
245
233
219
224
213
219
213
216
204
194
195
173
184
177
179
180
169
166
146
142
136
121
122
106
91
77
40
26
-4
-23
-34
-58
-58
-83
-93
-117
-139
-152
-183
-197
-226
-252
-293
-331
-364
-409
-435
-468
-493
-510
-524
-540
-556
-547
-542
-519
-484
-467
-442
-426
-396
-368
-337
-302
-282
-249
-231
-213
-192
-191
-175
-153
-139
-101
-80
-46
-15
20
81
125
199
270
333
420
478
540
595
638
681
712
745
745
739
717
677
644
607
569
507
461
392
341
292
238
214
165
155
127
121
120
101
122
107
122
135
136
148
135
140
116
92
82
45
26
0
-32
-69
-102
-133
-168
-193
-211
-236
-262
-279
-313
-344
-376
-413
-447
-483
-518
-549
-585
-625
-656
-694
-714
-731
-743
-735
-741
-710
-702
-684
-637
-631
-579
-564
-524
-483
-484
-423
-433
-402
-373
-355
-302
-301
-228
-196
-141
-50
20
145
229
343
471
572
699
797
887
970
1035
1104
1114
1112
1114
1066
1018
970
904
817
725
644
552
455
383
299
201
148
80
27
-20
-67
-82
-122
-113
-104
-119
-84
-77
-38
23
55
162
187
219
303
310
403
411
435
450
403
444
373
342
304
216
165
94
26
-42
-137
-215
-283
-379
-409
-498
-557
-596
-689
-694
-776
-812
-829
-890
-871
-898
-891
-873
-889
-845
-822
-783
-703
-672
-609
-546
-502
-416
-385
-333
-276
-256
-192
-170
-147
-110
-105
-55
-32
8
76
117
209
275
347
465
534
631
722
805
895
940
1003
1021
1017
1042
1015
982
939
887
815
728
658
565
470
385
304
214
143
72
-13
-82
-147
-189
-239
-264
-293
-312
-310
-333
-287
-298
-270
-208
-189
-64
-37
69
146
167
299
293
390
427
435
496
426
445
385
317
288
189
131
61
-42
-116
-209
-307
-363
-467
-511
-568
-648
-679
-745
-770
-809
-877
-866
-906
-929
-886
-958
-870
-853
-885
-827
-822
-669
-666
-638
-533
-546
-426
-400
-352
-269
-269
-161
-152
-111
-13
2
73
117
184
304
351
444
534
605
718
792
858
942
1004
1055
1107
1111
1136
1099
1087
1063
988
969
841
768
682
562
475
364
277
161
63
-14
-109
-196
-261
-334
-386
-418
-458
-481
-504
-493
-486
-461
-424
-381
-317
-256
-171
-97
-13
70
146
227
294
353
385
408
418
410
402
360
303
250
172
90
10
-90
-181
-277
-364
-446
-533
-597
-686
-739
-789
-850
-872
-918
-940
-957
-976
-961
-955
-935
-906
-884
-839
-792
-742
-685
-638
-581
-502
-452
-373
-310
-268
-179
-132
-54
-1
56
143
178
290
354
439
556
604
726
790
884
991
1028
1112
1138
1189
1224
1220
1235
1182
1158
1114
1042
974
881
790
675
585
474
364
264
151
63
-40
-116
-209
-286
-345
-407
-436
-481
-508
-527
-536
-534
-511
-476
-457
-385
-340
-256
-177
-111
0
45
167
237
301
392
397
472
472
474
496
436
411
356
288
234
140
63
-21
-124
-179
-282
-366
-419
-519
-552
-627
-686
-708
-781
-785
-821
-840
-825
-856
-821
-822
-816
-765
-754
-704
-660
-622
-557
-522
-458
-401
-353
-270
-227
-156
-89
-42
44
99
172
241
303
386
459
544
619
686
751
825
884
922
964
979
1002
1001
994
974
917
893
828
761
699
601
529
427
345
256
152
82
-19
-97
-174
-246
-318
-385
-432
-481
-500
-532
-531
-530
-520
-477
-454
-384
-332
-244
-154
-93
34
91
195
277
346
434
454
528
524
537
548
512
490
434
390
321
254
168
83
-11
-99
-180
-282
-354
-463
-532
-621
-710
-754
-847
-889
-948
-990
-1007
-1044
-1029
-1039
-1027
-994
-969
-913
-867
-804
-732
-660
-579
-504
-419
-346
-264
-186
-113
-29
40
120
181
252
313
370
441
492
564
603
663
703
735
788
807
849
860
875
888
878
889
860
845
816
771
737
677
632
561
492
420
348
277
190
117
36
-39
-116
-184
-244
-307
-343
-388
-419
-433
-450
-443
-439
-403
-364
-328
-261
-220
-153
-99
-38
29
80
146
181
219
244
261
272
262
261
234
216
180
141
96
31
-18
-84
-133
-200
-257
-315
-390
-444
-514
-563
-607
-650
-676
-706
-715
-728
-729
-719
-710
-670
-634
-576
-526
-475
-408
-361
-286
-223
-160
-90
-36
34
75
140
184
220
279
308
368
404
443
484
519
571
591
629
664
685
719
729
750
745
744
740
714
710
685
662
610
563
533
475
425
355
312
261
188
135
60
7
-64
-124
-173
-229
-262
-318
-348
-380
-399
-408
-420
-403
-397
-360
-342
-310
-263
-220
-169
-144
-84
-47
-11
34
56
88
108
129
137
143
142
132
118
94
68
48
20
-24
-56
-94
-142
-191
-249
-292
-332
-367
-411
-441
-458
-485
-495
-511
-509
-508
-499
-491
-471
-436
-414
-391
-370
-323
-274
-250
-224
-179
-137
-112
-78
-26
9
30
62
117
162
180
192
226
280
295
298
336
371
383
384
408
440
450
450
460
478
492
476
458
468
459
442
412
386
369
322
278
235
195
157
99
52
16
-30
-72
-112
-143
-158
-182
-179
-196
-212
-195
-197
-176
-166
-146
-114
-104
-76
-55
-26
-6
0
31
63
80
92
98
103
113
116
124
103
94
97
81
51
17
12
-4
-47
-80
-98
-131
-158
-187
-222
-248
-259
-242
-308
-337
-289
-260
-313
-395
-285
-201
-299
-381
-241
-103
-232
-334
-193
-20
-130
-256
-98
32
-48
-158
-28
91
9
-34
51
123
74
46
123
160
123
117
169
204
176
174
196
215
211
209
212
223
230
218
209
217
220
205
185
187
191
169
144
140
143
121
102
102
96
82
73
71
55
38
37
31
11
-11
-4
-16
-48
-62
-68
-74
-99
-115
-113
-121
-119
-133
-137
-135
-129
-114
-129
-128
-111
-95
-99
-122
-106
-72
-76
-122
-105
-67
-76
-96
-125
-97
-78
-77
-102
-151
-61
-52
-111
-146
-104
-6
-95
-159
-118
-20
-41
-164
-138
-18
-15
-130
-132
-15
18
-67
-95
-3
57
7
-27
14
89
73
33
58
95
127
92
92
120
131
136
113
127
127
138
133
118
121
117
131
106
93
94
103
98
63
66
72
70
50
38
53
47
43
31
37
39
29
34
29
31
26
27
29
15
9
13
15
9
-8
-6
-9
4
-6
-44
-34
-8
5
-58
-66
-23
1
-47
-108
-33
6
-31
-127
-72
29
-27
-106
-109
24
-1
-95
-108
-23
32
-76
-117
-57
28
-44
-126
-89
6
-2
-127
-106
-6
28
-93
-104
7
26
-31
-73
15
40
13
-6
18
56
22
50
37
35
45
51
72
3
30
53
57
13
-7
51
32
15
-20
20
27
1
-5
-8
20
0
3
-12
-8
13
8
-11
-24
23
33
-10
-23
23
52
6
-21
29
58
31
-14
22
65
29
-7
-2
50
27
-16
-24
10
20
-30
-44
-27
6
-28
-66
-52
-12
-21
-70
-56
-22
0
-35
-49
-19
5
4
-40
-28
14
23
-11
-38
1
25
6
-37
-29
15
9
-33
-46
-3
9
-24
-44
-24
14
-7
-27
-16
9
17
0
3
16
34
33
30
27
42
55
51
38
37
60
58
34
21
35
43
21
-10
3
14
-10
-42
-47
-22
-45
-75
-80
-61
-70
-101
-103
-83
-75
-111
-105
-74
-68
-93
-92
-50
-43
-63
-64
-21
-6
-24
-28
3
22
5
0
16
34
23
15
26
30
28
25
26
35
27
28
30
25
25
23
34
27
20
28
35
30
20
27
29
33
24
23
30
28
30
20
31
36
38
41
34
49
61
56
54
64
80
79
78
83
98
101
90
93
104
109
102
112
106
104
113
113
100
84
110
114
91
66
76
93
69
35
29
49
22
-18
-36
-27
-36
-83
-102
-98
-100
-131
-157
-153
-154
-174
-189
-185
-188
-192
-188
-187
-185
-181
-168
-159
-155
-140
-117
-102
-96
-83
-53
-34
-23
-9
12
35
43
53
72
88
94
105
116
128
133
136
143
147
147
145
146
150
148
140
137
136
129
118
110
107
97
86
76
64
62
45
34
28
18
8
-3
-6
-12
-22
-32
-27
-28
-39
-48
-45
-35
-49
-55
-49
-30
-33
-48
-32
-17
-12
-25
-23
-2
6
-6
-16
2
8
-9
-31
-28
-20
-35
-62
-77
-74
-88
-117
-137
-142
-151
-177
-196
-208
-214
-225
-237
-247
-246
-237
-245
-249
-244
-220
-210
-209
-194
-166
-138
-127
-112
-79
-42
-25
-11
23
64
84
96
127
159
177
188
209
228
238
249
256
268
271
275
278
277
276
268
270
261
251
236
230
226
206
187
171
163
142
118
96
86
73
43
24
11
1
-22
-49
-56
-61
-76
-96
-102
-100
-105
-116
-120
-115
-111
-114
-118
-108
-97
-93
-90
-80
-64
-53
-43
-44
-34
-22
-17
-15
-19
-11
-10
-14
-20
-25
-27
-37
-46
-58
-64
-74
-86
-98
-111
-112
-123
-137
-143
-145
-146
-154
-156
-149
-144
-142
-139
-126
-111
-103
-93
-76
-56
-38
-26
-7
15
32
51
70
86
108
122
139
156
169
182
190
204
213
223
232
238
246
249
250
257
255
252
253
250
245
239
234
224
214
205
193
177
164
151
134
116
99
87
71
54
39
24
13
-5
-21
-32
-44
-56
-66
-72
-78
-85
-90
-94
-97
-100
-101
-101
-100
-97
-96
-94
-87
-83
-79
-73
-71
-66
-65
-64
-61
-61
-63
-65
-62
-65
-69
-72
-77
-81
-85
-92
-99
-101
-105
-108
-113
-119
-116
-122
-124
-128
-127
-123
-123
-121
-118
-110
-100
-98
-88
-76
-67
-57
-44
-29
-16
1
16
31
44
56
69
81
92
102
114
122
130
139
146
152
155
159
165
162
160
159
157
152
144
137
128
120
107
91
81
66
50
35
19
3
-12
-27
-40
-54
-66
-75
-91
-103
-114
-121
-130
-142
-147
-153
-155
-160
-166
-165
-164
-161
-161
-158
-149
-140
-138
-130
-116
-109
-100
-94
-81
-68
-65
-58
-49
-38
-37
-33
-25
-19
-15
-16
-12
-8
-5
-8
-7
-10
-9
-10
-14
-16
-20
-19
-22
-24
-21
-21
-20
-24
-22
-18
-18
-16
-11
-5
1
7
14
22
32
38
47
56
65
74
82
91
99
110
120
127
137
145
151
157
161
165
167
169
169
167
164
162
156
148
143
133
126
113
99
87
75
62
48
35
27
16
4
-9
-19
-30
-41
-54
-60
-68
-79
-85
-93
-97
-102
-108
-113
-113
-115
-119
-119
-120
-118
-119
-116
-112
-109
-105
-104
-101
-97
-92
-90
-88
-82
-77
-72
-69
-64
-58
-53
-49
-47
-43
-38
-32
-28
-23
-17
-12
-9
-6
-2
0
4
4
7
13
14
16
19
24
28
27
30
31
33
34
35
39
44
47
52
57
60
65
66
71
77
80
83
85
91
93
93
95
97
97
94
92
92
89
84
80
77
74
68
60
54
49
41
31
24
17
7
-1
-9
-15
-23
-32
-38
-44
-51
-58
-63
-67
-70
-73
-73
-74
-73
-72
-71
-68
-69
-69
-65
-62
-61
-58
-55
-53
-47
-47
-45
-42
-42
-41
-44
-43
-42
-42
-42
-41
-40
-40
-40
-41
-41
-40
-42
-42
-42
-40
-40
-39
-38
-35
-35
-36
-35
-34
-34
-34
-29
-28
-26
-25
-22
-15
-12
-11
-8
-3
0
2
5
10
14
16
18
24
27
30
32
35
42
43
44
44
46
46
46
45
45
45
42
38
37
36
32
29
23
19
15
8
3
-4
-10
-16
-22
-27
-33
-36
-41
-45
-51
-55
-59
-62
-64
-68
-70
-73
-73
-72
-72
-70
-69
-66
-63
-60
-57
-52
-49
-44
-41
-36
-34
-28
-22
-20
-16
-12
-7
-6
-3
1
6
9
8
12
14
16
17
20
23
25
27
28
31
32
32
34
34
36
37
38
39
40
40
40
42
42
42
43
43
42
42
43
43
41
43
45
44
44
43
44
45
41
42
42
40
39
38
38
36
34
32
28
27
24
21
16
13
9
6
1
-2
-5
-10
-13
-18
-21
-25
-28
-32
-35
-36
-40
-42
-44
-47
-48
-50
-50
-50
-50
-48
-49
-48
-44
-40
-38
-36
-33
-29
-26
-25
-21
-19
-13
-11
-8
-7
-5
-1
-1
2
3
4
6
9
11
11
13
15
16
18
17
19
21
21
22
23
25
27
27
28
31
31
32
32
35
34
35
38
39
39
41
40
41
42
42
44
45
45
47
47
48
50
50
50
51
51
51
50
48
49
49
47
46
46
43
41
38
38
35
31
28
24
22
18
15
12
8
5
1
0
-2
-6
-9
-11
-14
-18
-19
-21
-21
-22
-23
-22
-21
-21
-20
-18
-16
-15
-14
-12
-9
-8
-4
-2
0
4
5
7
12
15
16
19
21
22
22
22
22
22
22
20
19
16
15
10
9
6
2
0
-5
-7
-11
-15
-18
-24
-28
-31
-33
-38
-40
-42
-45
-46
-50
-54
-55
-58
-59
-59
-60
-59
-57
-57
-55
-54
-53
-52
-50
-47
-46
-42
-40
-38
-32
-29
-26
-24
-19
-15
-12
-9
-4
-1
1
5
7
11
11
12
14
16
16
16
17
18
20
19
18
20
19
18
17
17
14
13
12
11
11
9
9
8
8
6
5
3
2
2
-1
-1
-3
-5
-6
-7
-6
-7
-9
-8
-8
-9
-8
-10
-10
-9
-10
-12
-12
-14
-15
-15
-15
-14
-15
-16
-15
-16
-18
-20
-21
-19
-19
-19
-16
-15
-16
-14
-13
-11
-11
-10
-7
-4
-2
0
3
7
7
9
9
13
15
17
20
23
27
28
31
32
34
35
36
38
40
41
42
43
43
46
45
44
43
43
40
37
36
33
31
30
29
27
25
24
22
17
16
14
10
9
5
3
0
-2
-4
-6
-7
-9
-10
-11
-12
-11
-12
-12
-13
-12
-12
-13
-14
-14
-13
-13
-12
-12
-12
-11
-11
-12
-13
-14
-14
-17
-18
-20
-21
-22
-25
-26
-28
-29
-33
-36
-37
-41
-41
-44
-44
-46
-48
-49
-49
-49
-49
-48
-48
-46
-44
-42
-39
-36
-34
-29
-25
-21
-15
-10
-7
0
5
12
18
24
29
34
39
43
49
53
58
60
65
68
70
71
73
73
73
73
71
71
70
68
66
62
59
53
48
42
38
34
28
22
17
11
8
1
-4
-8
-14
-19
-23
-27
-32
-33
-39
-40
-43
-45
-46
-48
-49
-51
-52
-52
-51
-52
-50
-49
-49
-46
-47
-45
-43
-41
-39
-36
-34
-31
-28
-27
-25
-22
-20
-18
-15
-13
-11
-9
-7
-4
-3
-1
2
4
5
7
9
12
14
16
18
21
23
25
27
30
33
34
36
38
41
42
43
43
47
46
47
47
47
48
47
46
46
45
43
41
40
39
36
32
30
26
24
21
18
15
11
6
3
-2
-6
-11
-16
-20
-25
-31
-34
-37
-41
-43
-47
-52
-54
-56
-58
-61
-62
-63
-63
-63
-63
-61
-62
-60
-58
-58
-55
-53
-51
-48
-45
-44
-43
-38
-36
-31
-28
-24
-20
-17
-12
-9
-7
-2
2
5
8
11
14
16
20
21
23
24
26
28
30
31
34
34
36
37
38
39
40
41
41
43
45
47
47
48
48
48
49
50
49
50
49
50
51
51
51
51
50
50
49
47
45
44
42
40
37
35
32
29
26
23
20
16
13
8
4
2
-4
-7
-11
-15
-18
-22
-26
-30
-34
-37
-41
-46
-48
-51
-53
-56
-60
-61
-63
-65
-66
-67
-66
-65
-64
-62
-62
-60
-57
-55
-54
-52
-49
-46
-42
-39
-36
-33
-29
-26
-22
-16
-14
-8
-5
-2
3
7
12
14
17
19
23
26
28
30
32
35
36
37
38
40
39
39
39
38
38
36
36
37
37
36
35
34
32
32
30
29
27
26
24
23
22
20
18
15
13
11
9
7
4
4
1
-1
-3
-6
-8
-9
-11
-13
-12
-14
-16
-17
-17
-19
-20
-22
-22
-23
-24
-24
-25
-26
-27
-29
-29
-29
-29
-30
-30
-31
-33
-32
-33
-32
-32
-32
-31
-29
-27
-26
-23
-22
-20
-19
-18
-17
-14
-12
-9
-8
-6
-3
-2
0
1
4
7
9
10
11
13
15
18
19
21
21
23
23
24
25
25
27
28
28
28
29
28
28
27
26
26
26
24
24
23
22
23
21
21
19
16
16
15
15
15
14
12
12
11
9
8
5
5
3
1
0
-2
-3
-5
-7
-7
-10
-11
-14
-15
-15
-15
-16
-15
-16
-18
-18
-20
-19
-20
-20
-20
-20
-20
-19
-18
-18
-18
-18
-17
-17
-17
-17
-16
-14
-14
-14
-12
-11
-10
-8
-7
-5
-3
-3
-2
1
1
2
4
4
6
8
8
10
12
12
12
13
14
14
13
13
15
15
15
15
14
16
16
15
16
16
16
16
16
16
15
14
13
11
11
11
9
8
7
6
5
4
2
0
0
-2
-1
-1
-3
-3
-3
-4
-4
-6
-6
-6
-8
-7
-9
-9
-9
-8
-10
-11
-9
-10
-11
-13
-13
-14
-15
-15
-16
-14
-15
-14
-13
-14
-12
-12
-12
-11
-12
-12
-11
-11
-11
-10
-10
-8
-8
-7
-7
-5
-5
-4
-4
-3
-1
-1
-1
0
1
4
4
6
8
9
10
11
12
13
12
12
12
11
11
10
10
9
10
10
9
9
9
9
8
8
6
7
6
6
7
7
9
8
8
9
8
7
5
6
6
6
6
7
7
7
5
5
5
5
5
5
6
5
5
4
5
3
4
3
2
2
1
0
0
-2
-2
-4
-3
-2
-3
-2
-3
-3
-3
-4
-3
-5
-5
-6
-6
-6
-7
-6
-6
-5
-6
-7
-7
-7
-8
-9
-11
-11
-12
-12
-11
-11
-12
-12
-11
-12
-11
-12
-11
-12
-12
-12
-11
-10
-8
-8
-7
-6
-6
-4
-4
-3
-2
-3
-2
-2
-2
-2
-2
-2
-1
-2
-3
-2
-2
-2
-2
-2
-2
-2
-1
0
-1
0
0
0
2
1
1
1
0
1
2
3
3
2
4
5
5
5
6
6
5
6
6
7
6
7
6
8
6
8
7
7
8
8
7
9
7
7
6
6
5
5
5
3
3
3
3
4
3
4
3
3
2
3
4
4
3
4
4
4
5
5
4
3
3
4
4
4
4
2
4
3
2
2
2
1
-1
0
0
2
2
2
1
1
1
2
1
0
-1
-2
-2
-3
-2
-2
-3
-2
-3
-4
-4
-4
-4
-3
-4
-3
-2
-2
-1
-1
-1
0
0
-1
-1
0
0
0
1
1
1
2
2
2
2
2
3
2
3
2
2
3
2
3
3
4
4
3
4
4
4
5
3
4
3
3
4
4
3
3
3
2
3
2
2
2
1
1
1
1
0
0
0
0
0
-1
-1
-2
-1
-2
-2
-3
-2
-2
-3
-3
-3
-4
-4
-4
-3
-2
-3
-4
-3
-3
-3
-3
-2
0
-1
0
0
1
1
0
0
0
0
-2
0
-2
0
-1
-1
0
-1
-1
-1
0
-1
-1
0
-2
-1
-2
-3
-3
-1
-1
-2
0
0
-2
-1
0
0
-1
-1
-2
-2
-3
-1
-2
-2
-3
-3
-3
-2
-2
-3
-2
-2
-3
-3
-4
-3
-3
-3
-3
-2
-2
-1
-1
-2
-1
-1
-2
-3
-3
-3
-3
-2
-3
-2
-2
-2
-2
-1
-1
-1
-1
0
0
0
-1
-1
-1
-2
-1
-1
-2
-1
0
-1
-1
-1
-1
-2
-2
-2
-1
-3
-3
-3
-2
-3
-3
-2
-2
-1
-2
-1
-1
-2
-1
0
-1
1
1
1
1
1
2
2
1
1
2
1
2
3
2
3
2
2
3
3
3
3
4
4
4
4
5
4
5
4
5
5
6
6
7
8
8
8
9
9
8
7
7
7
9
8
8
8
8
7
8
7
7
7
6
6
6
6
5
4
5
4
3
4
2
2
1
0
-1
-1
0
-1
-2
-2
-2
-2
-3
-3
-3
-3
-2
-3
-3
-3
-3
-4
-3
-3
-4
-4
-5
-4
-4
-2
-3
-4
-4
-4
-4
-4
-3
-3
-3
-3
-3
-2
-2
-2
-1
-1
-1
0
0
1
2
2
4
5
4
5
6
5
4
5
3
4
4
4
4
3
3
3
2
2
1
0
0
-1
-1
0
-1
-1
-1
-2
-2
-3
-3
-2
-3
-3
-2
-2
-2
-4
-2
-3
-3
-3
-4
-2
-3
-4
-3
-4
-3
-5
-3
-5
-4
-5
-6
-4
-5
-3
-4
-3
-4
-3
-3
-2
-2
-3
-1
-2
-1
0
-1
0
0
0
0
1
2
1
0
1
2
1
1
0
1
1
-1
0
0
0
0
-1
0
0
0
-2
-2
-2
-2
-4
-5
-3
-3
-6
-4
-4
-3
-5
-5
-5
-4
-5
-5
-4
-3
-4
-4
-4
-4
-2
-2
-3
-1
-1
1
-1
2
3
3
2
2
5
4
3
2
5
5
4
4
5
6
4
4
7
7
5
6
6
6
5
3
5
4
3
1
2
4
3
1
2
3
0
-1
-1
1
0
0
0
0
1
0
-1
1
-1
-1
-3
-3
-2
-2
-2
-3
-1
-2
-2
-1
-1
0
-1
-1
-2
-2
-1
-3
-3
-1
0
0
-2
0
1
1
-4
-3
1
2
-2
-2
3
2
-2
-2
3
4
-1
-3
3
5
-1
-3
2
3
-2
-3
-1
2
-3
-3
-1
3
1
0
4
4
1
0
4
3
-1
-2
4
5
0
-1
4
5
-1
-3
3
5
0
-5
0
6
1
-5
0
9
3
-3
1
7
5
-1
1
8
6
-1
-1
4
5
-1
-4
2
3
0
-3
0
5
4
2
2
4
5
5
2
4
6
4
1
1
3
5
-1
-3
2
5
1
-3
-1
3
0
-5
-4
2
1
-4
-5
0
1
-4
-6
0
1
-6
-7
-3
0
-7
-9
-4
-1
-5
-9
-5
-1
-3
-8
-6
-1
-3
-6
-4
1
1
-2
-2
2
0
-3
0
3
3
0
-1
4
2
-3
-2
3
0
-5
-3
1
3
-3
-3
-1
0
-1
-4
-4
-4
-3
-4
-6
-4
-3
-1
-4
-6
-3
-1
-3
-6
-4
-2
2
-4
-6
1
4
3
-5
-3
9
4
-5
-6
4
2
-7
-6
0
3
-2
-5
-1
2
2
-1
-1
0
-3
-7
-3
2
-4
-11
-8
-6
-7
-11
-15
-10
-6
-7
-13
-7
-1
-4
-6
-10
-1
1
-4
-9
-3
3
-2
-9
-4
3
3
-7
-6
4
2
0
-3
8
1
0
3
2
7
-1
1
4
-3
0
-1
4
0
-7
2
8
7
-8
1
2
-9
-2
3
2
-21
-12
1
-13
-13
-14
-9
8
2
-20
-12
28
59
-44
-36
119
92
-74
-69
159
135
-95
-75
105
87
-71
-88
62
96
-37
-117
-36
135
81
-103
-83
78
117
-44
-68
59
65
-7
-44
-8
13
15
-1
-66
-43
19
-11
-57
-40
27
1
-38
-6
-12
3
27
18
-20
-22
59
26
-43
6
35
9
-25
-2
16
-12
14
13
-28
-21
9
17
-21
-18
14
-1
1
32
5
-20
19
41
6
-6
27
29
8
27
45
14
4
32
39
16
30
47
26
17
53
48
13
25
44
42
13
7
30
35
28
5
-2
34
47
-12
-32
24
52
-2
-41
26
29
-23
-12
28
18
-54
-20
54
13
-55
-49
29
38
-35
-73
-9
66
-7
-103
-47
79
27
-100
-76
44
46
-80
-75
25
51
-30
-65
-2
36
29
-41
-53
18
60
7
-72
-38
69
76
-12
-103
1
148
40
-87
-97
160
146
-119
-91
48
178
-63
-134
62
71
29
-65
5
10
15
70
0
-36
-5
35
25
-7
-9
3
-16
59
-70
-103
96
86
-54
-217
84
205
-88
-130
-38
140
35
-80
-95
-24
136
17
-118
-159
128
96
-156
-84
-21
161
-79
-121
-39
55
181
-223
-172
93
194
-149
-240
107
129
-131
-181
93
95
-71
-162
-13
97
73
-116
-142
40
119
-19
-136
10
-24
11
7
-51
-50
-63
171
-51
-198
73
177
16
-221
-61
246
128
-151
-182
19
281
-27
-198
-75
26
87
52
-19
-76
-19
8
215
-9
-108
59
53
61
-218
152
252
-176
-89
-124
277
104
-243
13
-4
149
-97
-83
146
29
-60
-83
90
80
-16
-37
87
-9
-19
150
-59
-39
81
94
-6
-248
33
259
-10
-233
-181
178
259
-189
-283
18
248
79
-344
-98
235
115
-179
-192
173
141
-131
-279
91
262
-13
-221
-264
205
356
-16
-417
-87
443
148
-332
-171
302
215
-142
-237
60
339
-5
-165
-21
53
126
-72
46
-49
-14
113
-88
38
-60
57
94
-64
-73
-58
118
26
-47
74
-93
-42
61
222
-87
-295
245
195
-63
-299
154
204
5
46
-209
-93
159
352
-198
-295
127
292
-13
-208
123
87
59
-96
-19
64
15
4
-122
95
58
-134
54
104
-4
-230
-90
396
26
-157
-253
81
449
-89
-226
-231
227
230
-143
-251
-159
282
165
-186
-314
131
168
-149
-61
60
30
-132
-48
-47
28
191
2
-298
-212
248
259
-233
-230
123
181
-77
-245
151
242
-198
-191
53
325
-56
-314
96
145
153
-277
-186
219
164
-37
-332
-52
203
138
-59
-218
13
249
153
-286
-230
403
263
-237
-353
175
452
-36
-323
-210
239
291
-54
-337
-175
245
246
-96
-304
-35
185
78
-35
-213
-49
132
72
-81
-59
187
-31
-214
-69
196
177
-168
-371
2
361
161
-431
-253
232
250
-56
-403
44
183
138
-107
-206
96
107
19
-178
10
230
-29
-285
-216
260
351
-172
-413
-139
540
161
-437
-168
206
404
-220
-295
135
254
176
-176
-188
84
233
57
-69
-171
44
149
-36
-23
-150
98
175
-70
-264
-99
329
167
-294
-188
165
151
-33
-123
-90
164
183
-136
-261
51
485
-2
-376
-204
389
257
-214
-212
22
506
-127
-411
-107
409
518
-371
-435
77
500
165
-349
-212
295
442
-246
-372
-87
560
212
-284
-319
-136
458
162
38
-367
-261
398
451
-193
-536
176
511
91
-452
-200
243
447
-81
-517
-179
471
309
-574
-389
331
592
-390
-501
51
373
270
-450
-57
34
214
116
-220
201
-98
-93
163
97
88
-262
71
181
-269
100
115
94
-85
-237
97
150
21
-101
-182
43
126
-165
8
151
-82
-87
54
4
12
-117
296
39
-359
-88
92
418
-223
-188
-99
27
40
-104
169
-148
-17
-144
136
-18
-143
197
112
-69
-420
-42
562
248
-447
-402
193
417
-23
-45
-76
-95
-103
213
383
-184
-390
17
377
-50
-170
-7
137
-39
-428
-34
468
169
-423
-329
189
280
89
-200
-248
107
248
23
-191
101
83
-138
-160
329
243
-349
-235
169
407
-205
-97
-50
102
142
-154
-60
-84
378
24
-257
-104
-13
241
-87
-197
-6
262
-75
-533
-48
472
340
-318
-317
-52
262
267
-47
-63
-164
173
20
-120
184
62
-58
-411
122
160
-61
-114
-195
144
-304
193
258
-146
-405
-87
706
186
-256
-340
70
340
196
89
-308
-34
129
189
225
-346
-92
85
68
41
-149
254
-99
-182
-70
32
432
126
-302
-497
2
458
495
-312
-645
-81
439
588
-279
-625
-25
450
237
-381
-181
392
25
-251
-219
265
316
-346
-212
-27
362
203
-221
-149
-110
447
285
-366
-400
58
610
139
-647
-337
408
278
-292
-196
299
101
-362
-76
231
243
-37
-295
-30
114
314
-19
-320
-13
133
181
-186
-69
-71
-221
211
375
-81
-629
-10
412
107
-168
-87
426
-200
-461
17
569
319
-650
-345
50
478
-18
-408
-118
83
238
-241
-11
92
59
-98
-53
326
129
-111
-237
-176
279
586
7
-476
-495
389
593
169
-234
-427
61
119
185
-222
133
13
-208
-107
-200
251
110
-130
-361
