-92
-80
-69
-62
-52
-43
-35
-23
-11
0
14
26
40
58
77
92
107
122
133
140
143
144
141
136
134
131
130
129
124
122
122
120
117
109
98
87
77
67
56
48
36
28
17
7
1
-5
-11
-12
-15
-17
-17
-17
-15
-16
-19
-19
-23
-27
-29
-30
-29
-31
-30
-30
-35
-35
-36
-39
-41
-41
-44
-49
-49
-54
-57
-59
-64
-67
-72
-75
-77
-76
-75
-77
-76
-77
-74
-72
-67
-60
-55
-48
-43
-35
-28
-22
-16
-9
-2
5
14
21
27
38
48
52
60
69
75
83
89
89
94
95
91
85
80
77
72
68
62
55
52
47
42
42
39
33
30
28
23
20
16
9
4
-2
-7
-11
-12
-16
-17
-16
-16
-16
-15
-12
-12
-11
-11
-12
-12
-9
-11
-10
-13
-18
-19
-24
-29
-33
-36
-40
-43
-40
-38
-43
-44
-44
-45
-47
-49
-51
-52
-50
-48
-45
-40
-37
-33
-29
-26
-23
-17
-13
-7
-2
4
8
11
15
15
18
20
22
27
26
28
32
33
33
34
33
34
34
36
34
32
29
24
17
9
2
-5
-6
-6
-8
-7
-7
-6
-6
-8
-10
-13
-17
-18
-17
-18
-14
-9
-8
-8
-9
-11
-12
-14
-9
-5
-1
2
5
7
7
4
-1
-4
-10
-16
-18
-22
-21
-18
-16
-16
-20
-20
-23
-26
-29
-28
-30
-27
-25
-25
-24
-25
-26
-28
-26
-26
-24
-19
-13
-5
5
14
19
24
26
28
30
29
32
33
33
36
39
39
38
40
40
38
38
42
42
46
47
45
45
42
38
32
28
21
17
15
13
15
18
19
17
17
13
12
9
8
7
5
8
7
7
9
6
4
0
-5
-10
-12
-12
-10
-8
-8
-8
-9
-13
-17
-19
-22
-25
-26
-26
-27
-25
-23
-21
-21
-23
-26
-27
-32
-33
-33
-32
-28
-28
-27
-25
-24
-23
-21
-20
-18
-16
-13
-9
-4
3
11
14
17
15
14
11
9
11
6
6
7
9
13
16
19
19
22
20
16
17
17
16
15
19
16
14
12
11
7
3
0
-5
-4
-3
-2
2
5
8
11
7
7
5
1
-1
-7
-10
-14
-16
-14
-15
-13
-10
-13
-16
-19
-18
-18
-15
-14
-14
-15
-13
-14
-18
-16
-16
-16
-16
-17
-17
-16
-12
-14
-13
-13
-15
-14
-14
-12
-12
-15
-14
-13
-10
-5
-2
2
3
2
4
6
8
10
12
15
12
8
5
3
5
11
13
15
19
22
23
24
24
22
18
16
14
10
9
9
11
12
15
17
17
17
15
14
12
11
10
10
9
8
9
10
7
4
1
-3
-5
-6
-4
-6
-9
-7
-7
-6
-7
-6
-10
-13
-15
-20
-20
-21
-16
-12
-10
-8
-7
-8
-12
-16
-19
-20
-22
-18
-12
-8
-2
2
0
0
-1
-5
-9
-13
-13
-13
-10
-5
-1
0
4
4
4
2
1
-1
0
4
4
9
14
15
16
17
13
10
6
3
3
1
1
4
8
9
10
11
10
7
7
5
2
1
3
2
4
6
3
6
5
4
3
-1
-3
-4
-3
-6
-5
-1
3
4
5
4
1
-1
-3
-7
-10
-11
-10
-10
-5
-2
-1
2
-2
1
-5
-4
-7
-13
-12
-10
-5
0
5
5
9
8
6
6
3
1
1
3
5
9
11
15
14
13
12
7
5
4
2
6
8
11
18
23
24
24
21
16
13
8
5
3
2
3
5
9
11
13
10
7
5
4
3
0
-1
1
1
2
4
6
6
5
1
-2
-3
-4
-2
0
2
3
5
6
2
0
-3
-6
-8
-10
-11
-8
-5
0
4
2
-2
-3
-8
-13
-15
-16
-16
-13
-11
-7
-3
-1
-3
-8
-11
-14
-18
-18
-14
-14
-10
-8
-5
-1
1
2
0
-3
-7
-12
-10
-5
-2
0
1
2
2
7
4
-3
-4
-7
-7
-4
1
3
6
7
5
7
5
2
-1
-4
-6
-6
-5
-2
1
3
2
0
-3
-9
-13
-14
-15
-14
-13
-11
-7
-2
1
0
0
-1
-3
-6
-10
-12
-11
-9
-8
-8
-6
-6
-7
-9
-8
-11
-10
-11
-7
-3
0
4
2
3
1
-2
-6
-11
-13
-15
-15
-13
-10
-5
-2
2
6
9
10
9
9
7
6
4
2
3
5
6
7
8
10
8
8
8
6
5
5
7
7
8
9
9
6
6
3
4
2
2
2
6
9
9
9
8
7
5
5
-1
-3
-4
-7
-4
-4
0
0
2
4
6
5
7
6
6
7
5
6
2
2
2
1
-2
2
-1
-3
0
0
3
2
2
2
2
2
4
2
1
0
1
2
1
3
2
3
0
1
1
0
2
5
6
9
9
12
13
13
14
12
12
10
8
7
8
7
7
6
5
7
8
6
5
4
3
4
3
5
6
7
5
6
4
3
3
1
3
2
2
3
2
0
-1
-5
-6
-8
-5
-6
-4
-2
-4
-4
-1
1
-3
-6
-6
-8
-10
-11
-14
-15
-16
-16
-16
-13
-9
-7
-6
-6
-3
-2
-4
-7
-6
-10
-11
-12
-15
-14
-14
-12
-11
-11
-9
-8
-5
-2
-4
-5
-2
-3
-4
-2
0
-3
-1
-2
-4
-3
-3
-1
1
1
3
2
0
2
1
2
3
0
1
-3
-4
-3
-3
0
1
1
2
3
4
3
2
0
0
-3
-3
-3
-2
0
1
0
0
-1
-1
1
-1
-2
-2
-4
-5
-4
-6
-6
-4
-1
-2
-3
-3
-4
-3
-4
-4
-5
-6
-5
0
1
2
0
3
6
6
4
5
5
3
5
2
2
4
3
5
2
1
2
6
5
9
10
11
15
16
16
16
17
14
12
11
12
12
10
9
8
8
8
9
9
8
9
8
10
8
8
9
8
6
4
2
1
-3
-3
-3
-3
-3
-4
-3
-2
-2
0
1
2
2
-1
2
1
-1
-1
-3
-3
-4
-6
-7
-8
-11
-11
-13
-12
-10
-8
-7
-7
-6
-6
-7
-7
-8
-9
-8
-10
-9
-8
-7
-8
-9
-7
-6
-9
-10
-9
-6
-3
0
2
3
2
1
1
0
-1
-3
0
-1
-3
-2
-2
-4
-2
0
1
1
2
2
2
7
6
3
4
4
6
3
5
4
1
0
-3
-4
0
-1
-1
-1
-1
0
3
3
4
3
-2
-2
-3
-3
-1
0
-2
-1
-1
0
2
2
5
7
4
5
4
1
1
-2
-3
-5
-6
-4
-2
-2
-1
-4
-1
-2
-3
-3
-2
1
3
7
5
6
5
4
1
1
3
5
9
10
8
5
6
2
2
3
2
1
4
6
6
5
5
2
3
3
3
6
4
4
3
4
4
4
5
9
7
7
7
8
5
2
3
2
1
3
4
2
4
3
0
1
-1
-3
-3
-4
-3
-4
-5
-6
-6
-6
-6
-5
-3
-5
-3
-2
-3
-2
-6
-7
-9
-8
-6
-8
-8
-6
-9
-7
-8
-7
-6
-7
-4
-6
-7
-6
-9
-7
-6
-6
-5
-7
-7
-5
-6
-3
-1
-1
1
1
1
1
0
-2
-4
-6
-7
-6
-4
-1
2
4
5
6
4
4
2
-1
1
-2
-3
-1
1
2
1
-2
-2
-2
0
1
2
2
2
4
3
4
2
0
-4
-6
-7
-8
-7
-5
-2
-2
-1
-3
0
0
0
0
-3
-3
-6
-4
-4
-2
-3
-4
-4
-4
-5
-3
-4
-4
-4
-2
0
4
4
5
5
3
0
1
0
0
2
2
2
1
2
2
5
6
6
7
4
8
7
8
9
8
8
7
6
7
6
6
5
7
7
7
4
4
5
3
3
0
-1
-1
-2
-3
-2
-1
-2
0
-2
-3
-1
-2
-2
-3
1
-1
-1
-2
-4
-5
-6
-2
-1
0
1
3
3
2
2
1
1
-1
-2
0
3
2
3
3
2
2
0
3
3
4
4
5
6
5
3
1
1
0
1
0
1
0
1
3
3
4
3
2
1
-1
0
0
1
1
3
4
4
4
5
3
2
1
2
3
2
2
1
0
0
0
1
0
0
0
1
-1
0
2
0
-1
-2
-1
-1
-1
0
-1
0
-1
-3
-3
-5
-3
-3
-2
1
1
3
1
0
-2
-5
-6
-6
-7
-7
-6
-5
-4
-3
-5
-4
-1
-1
2
1
0
1
0
0
-2
-1
-3
-3
-1
-1
0
0
0
0
0
0
0
3
2
2
0
-1
-2
-1
-1
-1
2
2
3
2
2
4
2
1
-1
-2
0
1
-1
-1
-3
-4
-6
-3
-3
-2
-2
-4
-4
-4
-6
-7
-6
-4
-5
-5
-4
-5
-4
-7
-7
-9
-11
-10
-7
-4
-2
0
0
-2
-3
-4
-5
-5
-4
-6
-5
-4
-3
-2
0
-3
-4
-3
-6
-4
-6
-5
-3
-3
0
1
0
-2
-2
-1
-5
-6
-3
-2
2
3
4
5
6
5
2
2
1
1
3
2
5
5
7
8
7
6
6
5
6
5
5
6
5
6
4
4
4
4
1
2
3
1
2
3
3
3
2
3
5
5
3
3
2
0
-1
-2
1
2
1
1
2
0
-1
2
0
-2
-3
-1
2
0
-1
-1
0
0
2
2
3
4
2
4
3
1
-1
-3
-4
-6
-5
-4
-4
-2
-1
-2
-1
0
0
2
4
1
5
7
5
7
5
2
3
0
-1
1
2
5
5
6
5
7
8
10
12
12
14
13
11
8
6
4
3
0
1
1
-2
1
1
0
1
1
0
2
6
3
3
3
0
-4
-6
-6
-5
-4
-4
-3
-2
-3
-4
-3
-3
-6
-4
-3
-5
-4
-5
-10
-8
-8
-8
-8
-7
-6
-4
-1
-5
-2
-4
-5
-2
-5
-4
-2
-1
-3
-4
-2
-3
-3
-3
-2
-1
-1
-3
-2
-3
-3
-2
-3
1
1
2
2
1
4
2
2
4
3
3
5
5
6
4
3
0
1
4
3
2
4
6
3
1
1
0
1
0
0
2
1
0
-2
-3
-2
-3
-4
-7
-8
-8
-7
-6
-5
-7
-4
-5
-6
-5
-6
-6
-8
-8
-7
-6
-6
-4
-4
-7
-5
-5
-5
-6
-6
-6
-9
-6
-4
-4
0
0
-1
-1
-2
-1
-1
0
1
2
2
2
2
2
2
3
3
7
7
5
6
5
4
4
5
4
3
5
5
6
7
5
6
6
7
5
5
9
8
8
6
5
6
7
7
9
9
9
10
10
9
6
5
8
5
4
4
5
5
5
6
7
6
5
4
3
3
2
2
3
1
2
0
-2
-3
-4
-5
-6
-5
-4
-3
-1
0
0
1
0
1
-1
-2
-3
-2
-3
-2
-1
-3
-2
-1
-1
2
2
1
2
2
2
4
5
5
3
3
3
2
2
3
-1
0
-3
-2
0
0
2
0
-2
1
1
0
0
0
0
-1
0
-1
0
-1
-2
-3
-3
-2
-2
-3
-5
-2
-1
-1
0
-2
-1
-3
-2
-1
-3
-2
-4
-3
-4
-6
-6
-8
-7
-7
-6
-6
-6
-6
-7
-7
-9
-9
-8
-5
-5
-5
-5
-5
-6
-6
-6
-5
-4
-6
-4
-3
-4
-1
0
3
5
5
7
7
6
4
4
3
2
4
3
5
4
4
3
6
4
5
8
8
8
7
9
7
7
7
5
6
7
6
4
4
1
0
-1
-1
2
2
3
4
3
3
1
1
0
0
0
0
1
4
3
-1
0
-2
-1
1
0
1
2
1
-2
-3
-4
-2
-2
-3
-1
0
0
-1
1
1
1
1
-1
-2
-1
-1
-1
-2
-3
-4
-5
-4
-1
-2
0
1
2
3
0
1
2
2
2
1
1
2
1
-1
0
-2
-1
-2
-3
-2
-3
-2
-3
-2
-1
-1
0
-1
-1
-4
-4
-6
-4
-1
-2
-3
-2
-2
-1
-1
-1
-1
-1
1
3
1
1
0
0
-2
-3
-3
-3
-3
-2
-2
-2
-3
-2
0
0
1
1
1
2
1
1
0
-3
-2
-1
-1
1
0
1
1
1
1
1
0
-1
-1
1
1
0
0
1
1
1
0
-1
0
-1
0
1
-1
-1
0
-3
-3
-3
-2
-1
1
1
2
0
2
2
2
3
2
4
5
5
5
4
3
2
0
1
0
1
1
2
0
-1
2
1
3
3
4
2
1
0
-2
-1
0
1
2
4
1
3
3
0
-1
-2
-1
0
2
2
4
2
3
1
1
0
0
3
1
1
0
-2
0
0
0
1
1
1
2
1
3
0
1
1
0
-1
-4
-2
-3
-5
-3
-3
-5
-2
-2
0
1
1
-1
-1
-1
-2
-1
0
-1
-2
-1
-3
-2
-2
-3
-2
1
2
4
5
5
6
5
6
6
6
2
3
-1
1
3
-2
-2
0
0
1
0
0
0
-2
-2
-2
-1
0
0
0
-1
-3
-3
-3
-4
-2
-5
-2
1
0
1
3
3
4
3
1
1
0
1
1
-1
-1
0
-1
-2
-3
-2
-1
-1
2
1
3
4
2
1
0
2
0
-1
2
2
0
2
0
1
0
0
-1
-3
0
0
-1
1
1
3
-2
-3
-2
-3
-1
0
0
2
3
3
3
1
0
-2
-4
-2
-2
0
1
0
-1
-2
-2
-3
-3
-3
-2
-2
-5
-4
-4
-4
-4
-3
-4
-3
-3
-4
-4
-2
-4
-3
-3
-3
-1
-1
0
0
-1
-2
-3
-3
0
-1
0
0
-2
-1
-2
-3
-4
-1
-3
-6
-5
-2
-2
0
-1
-3
-4
-1
-1
-2
0
-2
0
-3
0
0
0
1
-1
-3
-4
-3
-1
-2
0
3
2
2
4
4
3
6
4
2
1
0
-1
-1
1
-1
-1
0
1
0
-1
1
1
1
4
4
4
5
2
3
1
2
1
0
1
3
5
4
4
2
-2
-3
-1
1
2
4
4
6
6
7
6
4
3
4
3
4
4
3
3
1
1
0
-1
-1
-4
-3
-1
2
2
0
-1
1
0
0
-1
-1
-3
-3
-3
-3
3
3
1
1
0
0
-1
0
-1
2
-1
-2
-3
-1
-2
-1
1
-3
-1
-1
0
1
2
0
-3
-1
1
-2
-3
-2
-1
-2
-3
-2
-1
1
-2
-3
-6
-5
-6
-5
-3
-1
-1
2
1
0
-1
-4
-3
-4
-4
-2
-5
-3
-4
-5
-4
-5
-4
-4
-2
-2
-1
-2
1
0
-2
-3
-5
-2
-4
-3
-1
-1
0
1
1
0
-1
-4
-5
-4
-2
0
0
-2
-2
0
1
2
4
5
6
4
1
3
2
0
1
3
1
-1
0
2
3
2
4
5
6
5
2
4
2
1
2
-1
-3
-3
-4
-1
1
3
4
5
4
3
3
5
0
-4
-3
-5
-4
-1
-1
2
4
-1
0
2
2
1
1
-2
-2
-2
-2
-2
-4
-6
-7
-6
-3
-1
0
3
0
2
2
1
-1
-2
-2
0
1
2
1
-1
-3
-2
-2
0
-1
-3
1
4
2
-1
0
1
0
-3
-2
0
0
-1
0
1
-4
-5
-1
-2
-2
-1
-4
-3
-7
-5
-4
0
-4
-6
-2
1
0
0
1
-1
-5
-5
0
3
0
-1
4
3
-3
-1
-1
-4
-1
-1
5
6
7
3
7
6
-3
3
1
4
0
8
10
7
7
6
9
1
0
0
10
6
4
7
7
4
0
2
4
6
0
2
7
8
5
10
11
6
4
3
8
6
5
5
15
10
9
5
11
7
6
11
10
10
8
18
14
15
7
11
14
6
5
9
14
4
7
5
14
2
5
6
3
3
-6
9
-3
3
-6
6
-1
-8
-4
-6
7
-13
-2
-9
-1
-10
-12
6
-5
-5
-12
2
-5
-3
-10
-5
-6
-16
-11
-11
1
-8
-7
-5
-2
-10
-13
-7
-7
-14
-17
-5
-11
-12
-12
-6
-7
-13
-12
-7
-3
-15
-6
0
-3
-17
-9
6
-7
-10
-16
2
3
-10
-12
5
9
-16
-15
5
9
-15
-13
4
4
-15
-16
0
10
-10
-10
4
13
-7
-7
15
3
3
-18
9
6
-6
-10
-1
11
-18
1
2
16
-18
-7
7
3
-2
-14
22
-8
6
-17
21
-2
-14
-2
-1
16
-19
13
4
19
-4
10
18
8
4
-3
22
-2
-1
3
22
3
-2
15
14
6
-2
18
7
8
-9
17
12
4
-10
9
26
9
-6
10
37
-7
-17
18
40
-16
-9
28
28
-18
-17
12
3
-6
-20
16
16
6
-26
8
32
-13
-10
-5
34
-16
-2
-7
11
-4
-7
13
-21
-9
0
3
-25
-5
20
-5
-24
5
9
-10
-8
13
-13
-3
7
10
-5
1
9
-7
-14
-3
0
-11
-16
0
5
-17
-15
10
11
-10
-11
14
18
-12
-26
17
27
-1
-43
18
36
-25
-48
18
44
-42
-44
16
54
-41
-36
14
26
-18
-48
24
5
-26
-25
17
14
-29
-11
6
-5
-14
-12
-5
-25
-24
-4
19
-21
-34
25
1
-18
-33
16
8
-29
-14
16
55
-52
-50
21
62
-41
-72
44
39
-17
-31
65
44
-11
-40
42
36
-18
-14
15
44
-16
10
8
18
7
-15
9
-1
35
-31
3
27
32
-12
-24
37
-24
-16
-27
5
-15
-18
-10
6
8
10
-11
4
-6
-27
19
-36
-19
-22
35
-24
-16
-12
27
0
-37
17
13
22
-39
-12
50
9
-28
-43
29
55
-60
-30
47
42
-62
-20
70
-1
-51
20
28
-18
-20
60
-20
-23
25
15
4
-57
37
-2
6
-30
-4
24
18
-11
-31
25
34
-10
-59
35
34
-33
-41
27
8
-42
12
4
-34
-17
71
2
-67
28
89
-25
-72
17
80
-28
-63
7
11
43
-10
-48
12
71
45
-74
-17
101
-2
-54
-23
73
36
-37
-54
57
61
10
-74
8
111
-17
-80
-3
124
-29
-82
8
128
-35
-95
42
96
39
-110
-26
98
108
-99
-55
86
60
-40
-86
106
49
-56
-64
40
92
-24
-30
-12
54
45
-8
-58
-2
142
-51
-112
44
98
-38
-85
31
102
12
-126
39
108
9
-129
14
117
-77
-109
59
52
-2
-106
65
56
-1
-41
23
78
-66
-8
44
85
-51
-61
54
56
-75
-40
75
8
-60
-13
61
39
-35
-6
24
23
-95
-49
78
-39
-112
0
77
-63
-9
23
-16
-28
-68
57
12
-9
-95
9
-30
8
118
-233
-30
-20
156
-123
-148
159
-129
126
-108
-45
145
43
-207
-76
312
-72
-253
-12
205
-30
-182
48
71
-2
-146
-27
127
16
-109
-114
139
41
14
-88
-16
159
-84
-65
5
30
59
-130
11
98
65
-90
-17
161
-11
-19
-150
172
44
-49
13
-130
226
-17
-127
120
20
-41
-11
88
123
-239
97
181
-170
-14
12
0
39
3
-108
128
55
-33
-108
207
36
-274
122
185
-123
-2
-90
143
92
-224
-1
156
3
-323
169
221
-143
-301
239
166
-64
-109
-45
234
-137
-137
191
52
-167
-169
246
27
-182
-59
41
120
-246
162
68
-161
-65
276
71
-271
-28
298
-84
-185
21
147
129
-219
-117
251
177
-321
-136
225
191
-276
-89
43
123
42
-149
-12
29
60
-71
-64
122
39
-161
24
11
226
-147
-119
49
98
-43
-143
193
-167
-102
41
130
-123
-10
55
-189
130
129
-56
-97
0
52
-26
124
-43
-183
120
99
-43
45
-53
-23
72
-19
126
-100
-14
54
-77
122
23
73
-121
-156
268
91
-206
-30
157
94
-114
-97
220
52
-155
-38
154
43
-172
-32
249
10
-91
-54
86
173
-47
-72
10
166
-115
-11
56
-23
-67
17
77
-6
14
-143
94
103
-44
-69
-43
116
-78
-13
45
-85
51
-8
29
11
-47
-15
10
-82
128
35
-84
-205
36
216
-41
-172
-61
110
11
-140
-1
248
-146
-208
110
230
-129
-248
73
218
-57
-289
37
311
-60
-379
132
269
-40
-454
135
271
-138
-204
-120
282
-2
-170
-193
245
67
-202
-235
170
203
-378
-84
127
58
-164
-83
64
148
-273
-102
174
-11
-128
-75
63
33
-185
131
105
-262
14
-33
132
-48
-226
31
237
-107
-52
35
15
-43
13
110
-53
-116
86
21
2
202
-46
-86
-54
280
186
-309
-92
140
212
27
-301
59
173
101
-165
38
225
-180
-158
265
225
-86
-126
-43
344
65
91
-263
-35
299
78
52
-244
140
186
-26
-40
153
21
-42
-33
136
117
-25
-87
-82
261
23
-177
-75
101
77
-46
-75
59
-66
39
114
-105
-39
-66
-14
67
-100
-67
89
74
-11
-210
166
217
-134
-189
118
215
-144
-163
40
246
-112
-262
106
154
-58
-126
116
0
-14
-36
85
-22
-2
-27
-34
69
-45
-66
70
-37
-75
24
105
-67
-155
58
85
-26
-229
146
-43
-90
-143
139
-64
-163
10
75
-54
-177
104
-64
47
-177
26
111
-131
-111
-20
96
91
-228
-111
12
65
0
-191
-9
23
-72
-9
-70
92
78
-237
-42
18
153
-193
-209
142
-1
37
-280
109
159
-76
-148
6
202
-61
-78
17
185
-122
-90
78
172
-42
-208
174
185
-128
-95
89
206
-62
-127
69
204
10
-166
142
197
-67
-114
186
215
-114
-79
102
208
-2
-126
40
130
129
-67
-20
128
82
13
-66
158
49
-89
-4
153
31
-140
39
29
126
-32
-110
89
142
19
-208
102
179
-149
-61
46
197
-202
-106
161
207
-124
-153
185
22
64
-124
210
14
-110
-66
-20
210
-26
-168
-32
175
4
-61
-58
107
-43
-114
36
26
80
-51
-152
68
120
23
-174
-33
243
-40
-162
-78
200
148
-195
-124
139
178
-220
-92
162
128
-178
-187
198
231
-165
-209
113
267
-24
-312
33
178
162
-280
-93
143
135
-184
-128
211
14
-160
-175
116
176
-161
-285
87
148
-84
-257
31
96
-111
-130
-96
47
-11
-173
-74
27
-60
-156
95
-42
-202
-152
57
75
-172
-187
-123
229
-62
-154
-121
96
-52
-173
158
13
-77
-157
9
261
-41
-194
39
193
23
-169
123
182
-65
-113
108
172
34
-66
63
197
151
-33
-2
88
128
19
-3
39
110
33
29
99
104
121
-49
133
139
187
26
-98
175
225
111
-146
-27
255
186
-41
-71
183
186
-41
-1
220
135
-91
30
83
166
-148
-149
1
90
48
-277
-79
20
-22
-81
-120
-78
-117
-211
-78
-57
-91
-366
-146
-88
-104
-165
-293
-217
-110
-77
-215
-195
-107
-118
-219
5
-141
-152
-112
-83
32
-94
-63
7
-7
13
-6
54
37
12
115
113
92
69
90
175
194
54
150
191
174
93
141
201
105
188
155
123
134
185
149
110
117
128
88
131
91
79
77
70
107
128
181
-56
33
128
179
21
-84
71
62
106
-85
49
59
2
-52
19
26
-99
-35
-82
-22
-132
-28
-151
-136
-59
-87
-172
-187
-131
-141
-234
-365
-201
-155
-221
-553
-196
-57
-292
-416
-332
-47
-301
-332
-344
-29
-184
-421
-287
-5
-98
-403
-158
-12
11
-201
-111
97
117
-40
0
189
226
102
164
288
279
249
321
420
335
323
375
499
463
435
470
441
459
454
464
441
440
386
406
478
374
291
322
401
318
225
237
209
142
151
133
67
0
-9
10
-33
-104
-114
-114
-142
-177
-309
-238
-267
-262
-393
-402
-231
-461
-406
-381
-334
-422
-588
-347
-333
-471
-616
-577
-224
-508
-689
-622
-360
-452
-708
-549
-426
-416
-767
-585
-420
-390
-546
-625
-329
-292
-427
-467
-169
-31
-337
-289
74
210
70
123
288
319
444
523
529
582
753
701
640
842
886
837
745
869
922
771
789
851
804
734
665
596
575
538
513
395
359
379
241
117
142
153
-1
-71
-62
-99
-230
-263
-213
-235
-239
-203
-408
-302
-165
-276
-206
-234
-138
-229
-158
71
-101
-39
129
6
56
101
113
73
92
186
58
30
23
70
-3
52
-36
-244
-124
-240
-205
-332
-341
-357
-555
-494
-495
-523
-654
-649
-647
-726
-765
-741
-715
-735
-721
-761
-830
-682
-564
-630
-665
-458
-299
-426
-374
-184
-73
-40
16
227
259
255
444
550
642
653
676
730
775
903
921
875
920
987
859
838
915
938
777
714
772
601
488
490
530
314
209
183
100
68
-62
-93
-146
-183
-355
-401
-362
-356
-493
-467
-388
-584
-438
-498
-477
-337
-414
-431
-379
-141
-173
-316
-6
58
-129
-11
199
66
58
215
182
102
182
231
94
184
250
67
-45
157
-1
-116
-134
-190
-245
-404
-254
-436
-574
-576
-569
-580
-755
-795
-761
-710
-705
-701
-835
-750
-448
-593
-650
-405
-244
-232
-222
99
15
-65
352
513
479
552
652
701
816
980
988
909
1046
1175
1049
1077
1231
1207
1073
1095
1076
955
848
900
865
659
647
577
437
310
290
237
57
-75
-116
-201
-326
-343
-366
-455
-545
-619
-583
-560
-702
-661
-586
-613
-565
-571
-526
-553
-464
-301
-422
-349
-229
-271
-172
-14
-72
-143
-23
-2
-67
-51
66
45
-87
28
6
-97
-132
-251
-217
-215
-364
-431
-477
-460
-573
-679
-599
-739
-781
-819
-819
-806
-844
-828
-899
-626
-607
-911
-693
-388
-313
-431
-286
12
-80
73
365
326
405
522
591
664
852
971
903
968
1151
1137
992
1104
1283
1206
1112
1082
1107
1114
1006
1010
915
788
732
621
574
516
399
314
185
88
30
-90
-146
-163
-241
-338
-445
-516
-506
-405
-487
-639
-530
-524
-527
-572
-471
-422
-513
-328
-345
-329
-230
-279
-213
-110
-140
-204
-102
-3
-41
-111
-35
18
-94
-93
-94
-127
-124
-241
-296
-249
-264
-395
-517
-464
-491
-573
-612
-631
-632
-711
-680
-638
-664
-543
-640
-720
-440
-361
-299
-372
-178
18
-188
58
322
321
335
470
625
577
697
945
990
881
1001
1044
979
1137
1202
1124
1048
1062
1113
983
920
973
834
740
725
568
474
427
395
276
82
0
-75
-204
-224
-226
-391
-525
-577
-554
-619
-714
-654
-587
-838
-786
-641
-758
-643
-589
-620
-731
-602
-372
-513
-439
-205
-390
-369
-115
-176
-219
-58
4
-99
-102
39
-48
-97
110
-9
-116
-25
-102
-178
-147
-186
-318
-410
-350
-388
-443
-498
-500
-545
-597
-613
-660
-531
-632
-454
-518
-664
-379
-330
-255
-202
-78
-55
-143
195
397
266
394
556
649
622
743
934
965
951
1056
1055
1012
1160
1238
1168
1118
1209
1107
965
1006
1091
949
765
758
688
560
492
449
382
210
101
-4
-95
-55
-148
-207
-402
-414
-401
-535
-420
-441
-544
-596
-513
-427
-575
-536
-352
-435
-501
-381
-321
-362
-249
-174
-233
-184
-150
-196
-161
-28
-81
-247
-140
-132
-206
-219
-271
-278
-344
-418
-423
-494
-549
-572
-682
-626
-787
-817
-753
-886
-707
-899
-810
-724
-884
-588
-586
-413
-423
-382
-181
-290
-40
153
153
245
396
493
496
697
854
862
816
924
1049
1024
1138
1252
1204
1216
1152
1122
1152
1119
1152
1038
922
917
841
784
702
658
587
354
249
227
124
-16
-77
-106
-280
-366
-367
-435
-443
-481
-571
-653
-508
-590
-731
-548
-490
-591
-633
-468
-472
-523
-352
-301
-394
-332
-267
-308
-215
-120
-216
-206
-161
-145
-199
-217
-115
-194
-231
-250
-318
-292
-361
-393
-363
-482
-601
-595
-634
-651
-687
-730
-780
-740
-767
-736
-556
-733
-693
-521
-394
-377
-368
-43
-62
-101
266
299
297
480
625
665
739
947
1010
1014
1116
1194
1100
1170
1358
1271
1213
1254
1228
1210
1124
1196
1134
955
921
803
722
615
518
485
365
212
107
-15
-105
-133
-290
-437
-491
-567
-654
-707
-704
-738
-910
-861
-643
-960
-898
-655
-761
-675
-679
-574
-672
-603
-320
-521
-450
-212
-356
-315
-69
-116
-201
-36
-22
-103
-85
-10
-26
-127
-35
-156
-253
-167
-287
-276
-317
-406
-479
-513
-508
-572
-653
-653
-700
-643
-690
-601
-603
-708
-483
-415
-308
-370
-257
-61
-87
110
293
260
399
568
691
714
856
1030
1013
1044
1206
1220
1145
1340
1423
1291
1332
1358
1311
1260
1264
1276
1095
1003
989
872
801
725
623
494
361
244
147
83
-21
-126
-279
-379
-405
-514
-611
-580
-671
-729
-819
-682
-639
-999
-694
-640
-782
-712
-642
-563
-715
-431
-306
-601
-368
-283
-457
-279
-94
-250
-274
-47
-109
-235
-138
14
-165
-255
-56
-238
-330
-218
-276
-322
-453
-434
-529
-603
-463
-590
-702
-655
-625
-701
-690
-506
-728
-754
-457
-374
-395
-398
-196
-197
-151
144
188
173
371
489
489
602
841
849
816
984
1058
956
1027
1260
1202
1105
1214
1158
1068
1118
1160
1049
887
890
826
699
666
575
449
322
200
70
24
-51
-136
-237
-370
-378
-438
-531
-573
-582
-620
-758
-731
-509
-781
-838
-526
-628
-668
-554
-462
-577
-518
-173
-327
-425
-145
-248
-313
-48
-22
-202
-64
63
-76
-106
27
42
-169
-75
-21
-243
-197
-163
-203
-297
-388
-349
-507
-541
-497
-624
-642
-600
-545
-572
-575
-610
-519
-383
-281
-231
-249
-166
-81
120
323
327
391
530
629
695
828
1009
1027
1021
1132
1181
1154
1264
1418
1341
1238
1283
1253
1177
1224
1235
1078
958
923
812
700
694
596
391
265
161
5
-98
-97
-205
-397
-503
-610
-646
-684
-759
-742
-861
-915
-889
-905
-899
-897
-809
-854
-874
-774
-767
-757
-652
-554
-634
-552
-430
-432
-350
-285
-249
-289
-261
-173
-217
-173
-122
-153
-180
-243
-233
-265
-301
-253
-363
-427
-456
-477
-484
-585
-549
-585
-682
-680
-440
-540
-835
-521
-368
-369
-376
-218
-144
-341
33
299
110
259
418
424
490
721
852
781
892
1021
970
983
1183
1256
1194
1243
1237
1156
1186
1234
1274
1177
1024
992
906
831
788
724
643
447
313
270
200
80
3
-93
-235
-335
-401
-416
-486
-482
-587
-682
-620
-610
-686
-663
-592
-641
-707
-628
-499
-587
-537
-401
-447
-435
-375
-345
-303
-276
-213
-214
-198
-124
-129
-149
-74
-96
-169
-124
-133
-204
-222
-174
-246
-315
-342
-387
-386
-419
-484
-536
-543
-499
-653
-441
-351
-772
-621
-360
-312
-346
-256
-99
-310
-140
243
167
189
365
392
391
582
783
716
733
915
892
801
995
1169
1061
1062
1174
1074
954
1058
1169
1040
879
850
741
647
654
601
486
363
210
89
46
7
-92
-208
-288
-330
-464
-549
-496
-496
-599
-683
-618
-626
-754
-638
-528
-638
-684
-615
-556
-571
-505
-450
-479
-460
-405
-398
-365
-285
-287
-291
-232
-228
-256
-253
-150
-144
-236
-283
-228
-256
-341
-248
-308
-390
-410
-443
-457
-509
-426
-523
-568
-261
-553
-657
-302
-195
-284
-328
-20
-146
-265
192
304
144
246
423
410
447
684
758
669
747
862
783
831
1082
1049
906
991
1053
945
951
1133
1059
859
875
917
790
706
735
656
493
415
336
235
165
154
49
-87
-154
-234
-310
-331
-278
-389
-569
-523
-456
-576
-577
-477
-523
-650
-612
-492
-543
-578
-478
-477
-534
-492
-430
-426
-393
-378
-414
-402
-375
-295
-319
-321
-277
-360
-388
-319
-296
-353
-417
-371
-387
-507
-444
-426
-481
-549
-540
-509
-593
-549
-515
-386
-395
-605
-430
-296
-223
-183
-119
-21
-157
16
295
273
298
374
429
469
621
742
724
766
881
850
796
969
1048
957
1007
1087
988
890
999
1103
963
879
891
775
700
706
669
562
462
357
262
215
187
83
-25
-35
-160
-260
-234
-225
-256
-353
-417
-401
-437
-442
-418
-402
-428
-544
-517
-406
-455
-489
-387
-417
-494
-468
-427
-363
-397
-376
-376
-456
-402
-384
-391
-337
-396
-452
-442
-422
-402
-457
-470
-455
-495
-514
-523
-507
-514
-513
-502
-344
-364
-574
-364
-180
-147
-181
-72
25
-130
92
375
319
312
421
458
461
611
726
705
738
808
766
715
920
1009
839
883
933
832
790
913
995
803
698
755
669
590
626
562
447
342
271
198
103
150
47
-102
-118
-160
-277
-312
-222
-280
-445
-456
-373
-471
-501
-364
-412
-527
-529
-493
-483
-474
-449
-494
-511
-500
-506
-492
-403
-423
-518
-476
-463
-462
-455
-430
-410
-462
-496
-534
-454
-438
-496
-537
-511
-556
-605
-494
-519
-554
-571
-542
-511
-382
-374
-540
-373
-200
-208
-163
2
10
-99
144
384
276
307
457
472
488
635
728
672
695
796
783
752
884
916
834
880
907
841
792
895
928
781
738
738
660
620
640
608
475
382
331
267
239
219
144
54
-8
-78
-87
-96
-88
-137
-250
-277
-255
-245
-293
-264
-268
-395
-401
-312
-329
-410
-389
-359
-492
-516
-423
-491
-502
-448
-531
-607
-581
-528
-535
-560
-516
-623
-679
-546
-537
-576
-586
-582
-592
-620
-568
-549
-554
-515
-476
-334
-435
-487
-293
-175
-105
-98
4
-30
-23
240
356
314
371
423
411
506
665
665
627
694
746
678
679
822
815
728
768
770
684
668
763
809
678
614
636
585
587
610
575
468
409
392
352
336
343
282
142
166
169
56
81
125
71
-68
-68
39
-59
-87
-27
-98
-184
-190
-152
-201
-229
-234
-332
-379
-339
-386
-470
-429
-465
-606
-615
-557
-604
-668
-665
-667
-777
-743
-686
-745
-702
-721
-720
-729
-696
-630
-634
-569
-503
-438
-490
-480
-267
-170
-120
-67
26
-23
3
321
411
337
423
490
483
558
724
741
667
700
740
683
702
789
747
680
663
618
538
535
595
552
439
383
343
300
315
346
287
183
137
123
122
135
119
76
6
0
4
-20
-1
16
-23
-88
-92
-60
-92
-97
-44
-102
-187
-194
-158
-198
-237
-222
-310
-384
-374
-391
-451
-473
-498
-611
-645
-635
-691
-750
-750
-768
-870
-862
-832
-859
-877
-802
-805
-878
-785
-720
-700
-620
-498
-510
-553
-354
-205
-197
-90
45
30
54
269
408
397
454
580
575
590
741
799
750
800
843
783
766
827
844
769
772
764
650
628
678
647
554
494
484
427
386
418
383
284
240
264
256
221
247
213
152
168
211
190
159
238
197
123
186
214
159
163
235
166
94
111
121
79
60
53
-45
-107
-118
-155
-187
-248
-332
-404
-469
-498
-516
-572
-664
-720
-724
-783
-836
-784
-802
-868
-839
-808
-845
-835
-718
-671
-671
-605
-545
-513
-399
-241
-185
-146
-65
8
101
224
328
377
393
467
534
563
640
689
675
669
676
659
660
679
680
605
544
529
456
422
430
378
267
201
188
118
76
92
41
-56
-92
-78
-93
-127
-85
-73
-140
-129
-85
-88
-80
-21
2
-51
-25
39
19
39
89
60
8
46
56
10
8
-7
-81
-129
-125
-186
-248
-253
-318
-394
-412
-470
-535
-556
-590
-626
-676
-694
-734
-747
-730
-766
-734
-704
-712
-661
-578
-562
-542
-412
-318
-281
-194
-91
-59
13
182
278
304
394
472
503
589
701
735
728
767
799
775
791
851
826
761
748
714
635
606
636
575
463
421
371
297
269
279
207
103
93
48
-18
15
40
-30
-87
-40
-54
-83
-2
34
-10
-25
47
55
33
120
140
97
109
141
116
107
146
122
61
40
25
-32
-53
-52
-131
-207
-234
-291
-335
-366
-421
-485
-545
-560
-601
-620
-616
-659
-680
-670
-651
-657
-622
-560
-552
-530
-467
-394
-339
-269
-178
-141
-91
5
86
163
229
280
318
357
433
490
521
541
541
531
534
567
565
543
509
466
423
399
388
355
312
259
192
148
122
94
72
38
-7
-71
-92
-83
-75
-80
-99
-127
-157
-134
-101
-85
-66
-67
-102
-93
-59
-51
-48
-38
-42
-83
-100
-86
-96
-126
-136
-161
-210
-259
-276
-280
-333
-384
-379
-436
-490
-459
-451
-506
-529
-459
-473
-525
-404
-320
-417
-362
-199
-186
-200
-46
76
-3
76
291
274
252
420
492
430
515
652
594
556
671
687
578
624
685
568
518
566
514
388
388
410
285
191
190
119
28
26
9
-91
-155
-161
-197
-228
-203
-202
-265
-266
-237
-240
-208
-159
-120
-130
-133
-68
-30
10
66
99
99
79
127
180
174
185
189
144
105
132
133
75
60
33
-54
-111
-99
-141
-229
-238
-270
-376
-402
-379
-418
-471
-485
-484
-541
-525
-468
-487
-494
-452
-427
-423
-357
-270
-260
-229
-154
-112
-87
7
105
104
142
215
249
279
354
399
385
412
444
444
458
479
484
453
435
431
391
379
363
332
295
245
207
188
146
107
80
36
-9
-30
-40
-64
-102
-115
-126
-171
-157
-150
-181
-188
-178
-180
-197
-170
-159
-183
-182
-167
-181
-190
-156
-155
-184
-183
-185
-211
-211
-181
-197
-245
-242
-252
-279
-255
-237
-256
-278
-268
-263
-262
-211
-185
-186
-155
-112
-94
-44
40
75
104
164
216
254
323
406
427
466
530
542
561
617
646
635
649
650
618
598
604
575
518
489
437
367
331
293
238
180
128
63
3
-30
-66
-117
-145
-170
-215
-237
-239
-252
-266
-249
-250
-254
-238
-216
-203
-188
-160
-158
-147
-122
-117
-116
-103
-105
-125
-134
-133
-170
-196
-207
-245
-287
-310
-342
-399
-425
-445
-496
-537
-532
-562
-594
-574
-576
-586
-575
-529
-511
-490
-418
-362
-317
-244
-160
-102
-39
66
149
221
306
383
442
509
594
651
685
738
764
772
787
802
801
782
763
718
673
626
577
531
473
406
329
258
198
141
88
33
-31
-91
-134
-167
-202
-218
-235
-262
-277
-279
-279
-278
-262
-254
-252
-245
-233
-219
-212
-196
-189
-195
-209
-213
-220
-230
-238
-252
-284
-328
-339
-365
-389
-405
-425
-466
-494
-499
-507
-512
-500
-492
-502
-477
-442
-408
-360
-300
-250
-203
-137
-70
8
99
181
248
318
390
464
537
619
662
697
731
755
782
805
823
797
767
748
713
672
649
602
524
461
404
332
266
225
172
94
30
-3
-59
-96
-101
-130
-170
-188
-190
-201
-190
-164
-173
-183
-168
-154
-146
-122
-97
-103
-114
-113
-118
-122
-125
-139
-172
-214
-253
-291
-328
-366
-407
-462
-515
-558
-594
-621
-646
-673
-695
-712
-715
-694
-678
-656
-618
-579
-533
-475
-398
-318
-238
-147
-65
21
122
221
314
399
485
553
623
693
754
802
838
861
867
872
870
859
830
796
755
703
653
595
540
478
412
348
286
228
175
123
77
35
-4
-37
-57
-74
-91
-99
-107
-111
-102
-93
-91
-90
-86
-83
-84
-82
-86
-104
-127
-143
-175
-211
-237
-276
-321
-372
-415
-463
-513
-553
-590
-635
-677
-703
-729
-749
-744
-743
-741
-727
-695
-650
-599
-537
-470
-400
-325
-241
-146
-47
46
135
224
306
380
470
545
599
651
688
709
719
744
747
720
695
664
611
554
523
472
395
333
279
201
140
102
57
-8
-49
-69
-117
-138
-127
-136
-143
-129
-111
-111
-83
-36
-13
5
38
65
72
98
125
130
120
118
108
76
52
23
-21
-74
-121
-178
-248
-306
-367
-432
-490
-543
-597
-645
-679
-705
-733
-747
-746
-741
-720
-687
-647
-594
-540
-472
-395
-313
-225
-139
-43
52
145
241
332
421
499
572
639
696
750
790
825
847
857
856
852
839
810
777
736
694
644
591
537
478
414
357
299
240
198
149
104
68
33
2
-27
-44
-59
-79
-88
-95
-106
-112
-110
-118
-124
-128
-137
-148
-161
-169
-193
-219
-240
-270
-308
-331
-362
-400
-437
-471
-507
-541
-568
-593
-615
-633
-646
-659
-653
-645
-636
-615
-589
-557
-516
-466
-409
-345
-278
-209
-140
-65
14
92
168
245
316
378
437
497
544
584
619
641
657
664
669
660
643
617
583
547
508
463
415
367
317
266
219
175
132
88
48
17
-13
-34
-55
-68
-76
-85
-86
-87
-86
-85
-77
-72
-71
-69
-66
-64
-71
-74
-90
-113
-129
-152
-183
-215
-241
-279
-320
-358
-399
-435
-479
-511
-542
-579
-599
-622
-633
-635
-632
-621
-611
-588
-555
-516
-463
-405
-343
-276
-196
-116
-31
57
142
226
309
395
469
544
610
664
710
747
780
798
815
818
807
787
763
733
691
655
607
551
496
439
383
328
277
224
176
127
86
49
15
-15
-40
-59
-80
-93
-105
-115
-116
-123
-126
-131
-138
-137
-145
-154
-166
-183
-203
-227
-244
-269
-294
-324
-356
-389
-423
-453
-490
-520
-547
-578
-605
-627
-637
-649
-656
-653
-649
-639
-616
-579
-549
-502
-452
-407
-343
-274
-201
-132
-60
16
88
166
241
311
376
435
486
530
566
603
628
643
656
662
656
648
635
616
598
574
545
515
490
461
432
406
378
351
324
302
278
260
245
225
207
194
180
170
156
144
129
113
96
77
58
31
6
-25
-56
-92
-128
-165
-205
-246
-288
-330
-373
-410
-449
-487
-523
-557
-584
-608
-629
-644
-656
-659
-661
-656
-643
-629
-603
-573
-537
-501
-452
-403
-347
-291
-233
-169
-107
-43
19
87
150
210
268
318
362
406
442
471
496
517
532
538
544
544
538
528
518
505
489
471
455
439
421
406
388
374
359
343
329
320
307
294
284
267
255
240
227
211
193
176
154
133
107
79
49
14
-22
-61
-103
-142
-186
-228
-269
-310
-353
-395
-435
-472
-505
-532
-561
-583
-598
-614
-625
-627
-626
-625
-613
-599
-584
-561
-534
-504
-467
-431
-391
-353
-310
-262
-225
-173
-128
-82
-40
-1
41
79
115
141
168
188
205
219
230
240
244
242
240
238
236
232
231
231
227
225
230
234
240
254
268
280
295
314
335
352
379
398
416
435
452
469
480
491
496
500
497
486
474
455
433
404
364
322
278
230
174
121
60
-1
-60
-119
-181
-239
-294
-351
-399
-441
-480
-520
-545
-572
-594
-604
-613
-610
-605
-592
-577
-556
-527
-494
-456
-420
-376
-331
-288
-238
-196
-144
-102
-61
-21
13
50
73
102
124
140
154
160
166
166
165
162
155
153
149
143
141
138
138
137
140
144
154
166
181
194
212
231
249
269
291
310
328
348
364
384
397
411
421
424
425
421
412
399
383
362
335
301
267
229
189
144
96
41
-12
-59
-116
-165
-215
-263
-313
-357
-396
-434
-462
-491
-516
-535
-546
-552
-559
-555
-553
-547
-535
-518
-503
-484
-460
-436
-409
-380
-352
-324
-296
-265
-237
-208
-178
-150
-125
-103
-77
-56
-37
-20
-1
19
36
52
67
87
100
119
135
153
168
190
213
232
254
275
297
319
342
363
384
407
428
450
470
484
498
504
510
512
510
506
496
487
474
452
431
405
373
343
307
267
225
182
139
99
60
14
-33
-71
-113
-154
-185
-226
-258
-288
-315
-342
-367
-384
-404
-417
-430
-437
-443
-447
-447
-446
-435
-431
-418
-407
-399
-383
-372
-358
-343
-332
-315
-301
-283
-266
-255
-237
-222
-209
-194
-177
-162
-145
-128
-111
-94
-78
-58
-36
-16
5
33
55
83
111
139
169
196
225
249
275
303
325
350
374
393
412
424
436
443
452
455
454
451
442
431
415
397
372
350
322
290
257
223
188
157
120
83
45
7
-31
-66
-97
-134
-166
-195
-218
-240
-262
-282
-297
-313
-326
-336
-342
-344
-347
-348
-350
-351
-346
-342
-336
-327
-319
-311
-298
-287
-272
-256
-243
-229
-216
-197
-186
-169
-150
-135
-122
-104
-84
-67
-44
-23
-3
22
45
70
95
122
151
172
200
225
246
272
297
323
343
364
380
393
406
416
424
431
429
425
419
406
392
376
357
335
305
280
250
217
185
151
117
79
45
9
-26
-60
-92
-128
-158
-187
-217
-242
-268
-287
-309
-325
-338
-350
-363
-372
-379
-381
-375
-373
-369
-366
-354
-345
-332
-317
-299
-286
-273
-260
-246
-227
-211
-196
-184
-171
-160
-148
-135
-120
-110
-99
-85
-70
-59
-46
-33
-23
-12
0
16
28
43
58
72
86
102
119
133
152
164
181
197
217
230
243
256
266
276
285
293
296
300
297
295
291
286
280
271
259
247
232
214
200
183
161
135
114
88
62
37
10
-15
-39
-63
-86
-107
-131
-150
-169
-183
-197
-209
-217
-222
-222
-223
-222
-218
-212
-201
-192
-176
-162
-147
-129
-112
-90
-70
-50
-29
-10
10
29
50
68
87
102
117
133
144
158
163
170
175
180
182
184
185
184
184
178
173
166
162
155
149
141
134
128
118
116
106
100
93
85
79
71
68
60
54
48
42
36
29
21
14
6
-8
-19
-28
-39
-51
-63
-74
-86
-96
-111
-125
-135
-148
-159
-173
-183
-197
-202
-213
-220
-224
-232
-233
-235
-232
-232
-226
-221
-216
-209
-197
-184
-175
-163
-151
-134
-120
-103
-87
-71
-56
-36
-22
-8
6
21
38
50
64
73
87
97
108
119
129
137
143
148
151
154
157
157
160
159
157
156
155
154
151
152
146
144
137
130
128
122
118
107
101
90
79
74
64
53
44
34
22
14
1
-10
-19
-29
-42
-53
-64
-74
-78
-92
-101
-108
-117
-121
-125
-127
-132
-134
-135
-139
-137
-139
-134
-136
-133
-132
-134
-125
-122
-114
-108
-98
-89
-84
-73
-66
-55
-44
-32
-26
-16
-4
4
16
27
38
47
53
61
76
89
96
104
114
124
135
141
147
154
159
165
165
171
172
175
176
171
174
167
165
160
153
143
136
125
115
104
90
77
60
45
30
19
1
-16
-32
-50
-63
-79
-96
-109
-121
-133
-150
-162
-170
-182
-188
-195
-202
-208
-211
-212
-213
-211
-214
-211
-207
-205
-198
-194
-189
-180
-171
-166
-157
-147
-133
-123
-115
-100
-91
-76
-66
-52
-36
-28
-14
-1
14
27
42
56
68
83
94
109
124
136
151
164
177
189
200
214
224
238
240
252
257
261
268
269
268
266
265
258
256
251
243
235
226
212
200
185
169
154
136
116
97
78
57
33
15
-8
-31
-48
-74
-93
-112
-134
-152
-170
-187
-202
-215
-225
-235
-242
-247
-255
-260
-264
-262
-261
-258
-257
-252
-248
-237
-229
-219
-213
-203
-186
-177
-164
-152
-140
-129
-114
-102
-87
-72
-54
-43
-28
-13
-4
13
25
37
46
58
69
79
91
102
107
117
124
132
137
145
151
157
165
168
171
171
173
176
177
172
172
169
167
161
156
152
143
135
127
117
109
100
91
81
70
57
48
38
24
12
-1
-11
-24
-38
-50
-59
-71
-81
-93
-102
-110
-121
-126
-134
-141
-149
-158
-161
-165
-170
-174
-177
-180
-178
-176
-175
-172
-169
-163
-159
-154
-143
-134
-128
-116
-104
-92
-79
-67
-50
-38
-25
-6
10
31
47
62
76
90
108
125
137
147
160
170
184
196
205
214
223
231
236
241
243
244
243
241
235
228
218
211
205
193
182
172
160
147
135
121
106
92
75
58
44
27
12
-8
-24
-41
-61
-76
-91
-107
-123
-135
-151
-160
-174
-188
-199
-210
-220
-230
-235
-244
-250
-256
-259
-262
-261
-258
-258
-255
-249
-245
-238
-230
-221
-209
-196
-182
-169
-158
-143
-124
-108
-88
-71
-53
-36
-17
5
20
37
53
72
84
101
115
126
137
145
152
157
164
168
171
173
176
175
178
176
174
169
164
159
156
152
145
142
135
128
124
120
112
111
104
100
97
92
85
84
81
76
73
63
58
51
44
38
32
26
15
4
-5
-15
-25
-34
-49
-56
-69
-76
-87
-99
-109
-118
-128
-139
-143
-151
-152
-157
-161
-161
-160
-157
-154
-151
-144
-136
-129
-120
-112
-99
-85
-70
-54
-40
-26
-11
5
18
32
45
55
67
76
86
91
99
105
108
110
111
113
117
114
112
109
105
100
95
92
85
84
75
70
66
61
55
47
43
36
34
32
28
28
24
18
17
15
17
14
11
10
10
7
7
7
2
-1
-7
-14
-20
-22
-29
-37
-44
-49
-59
-67
-69
-78
-85
-90
-96
-101
-106
-111
-116
-120
-122
-124
-125
-123
-122
-121
-118
-112
-108
-99
-89
-82
-73
-65
-54
-44
-36
-28
-16
-7
2
10
19
28
33
41
46
54
59
65
66
71
73
73
74
73
76
72
73
70
68
66
64
61
62
62
60
59
61
60
61
60
55
57
58
56
56
58
58
56
55
52
50
49
46
43
43
40
36
32
27
19
11
7
0
-4
-11
-18
-24
-31
-36
-41
-45
-48
-53
-56
-57
-57
-60
-63
-62
-63
-65
-62
-58
-53
-49
-43
-39
-33
-27
-21
-17
-9
-5
-3
-1
1
4
4
7
9
8
8
11
9
5
4
2
-1
-7
-9
-12
-16
-19
-23
-30
-30
-31
-31
-30
-30
-31
-30
-30
-25
-22
-15
-13
-13
-8
-4
0
5
9
9
14
18
20
26
26
27
26
29
28
24
25
24
21
16
11
6
2
-1
-2
-5
-10
-14
-17
-20
-22
-27
-25
-27
-27
-24
-24
-23
-19
-14
-10
-7
-5
2
6
12
16
21
24
28
35
38
43
46
49
50
48
47
44
43
43
39
36
32
29
25
20
17
13
10
6
3
1
1
-4
-6
-9
-12
-12
-12
-12
-10
-7
-5
-1
2
3
6
8
11
13
18
22
23
27
29
28
28
27
27
29
23
23
23
19
20
15
12
7
4
2
-4
-7
-11
-15
-18
-20
-20
-26
-28
-31
-31
-31
-31
-27
-27
-27
-25
-22
-19
-17
-16
-13
-9
-8
-8
-4
-4
-1
4
3
5
6
7
7
4
3
4
1
-2
-4
-6
-8
-8
-11
-15
-17
-20
-22
-26
-23
-25
-27
-27
-29
-28
-28
-26
-28
-25
-24
-21
-17
-14
-12
-7
-5
-3
1
-1
2
3
7
10
12
15
15
16
16
13
11
11
11
10
7
10
6
6
4
-1
-3
-5
-5
-4
-7
-7
-7
-9
-9
-6
-7
-6
-3
-3
1
1
1
3
3
6
7
8
13
14
17
16
15
17
17
19
21
20
20
18
20
16
13
11
6
7
6
4
3
2
1
0
0
-1
2
1
0
2
1
-1
1
-1
1
4
6
3
6
11
10
13
13
11
9
10
11
11
11
11
9
7
7
8
6
4
3
1
-1
-3
-4
-5
-9
-11
-16
-19
-17
-20
-20
-19
-22
-20
-19
-19
-19
-17
-18
-19
-15
-15
-16
-14
-13
-13
-13
-11
-13
-9
-9
-10
-8
-6
-9
-8
-7
-7
-7
-6
-7
-8
-8
-13
-10
-11
-11
-10
-8
-7
-8
-6
-8
-7
-4
-6
-6
-5
-5
-5
-4
1
2
1
3
1
3
2
4
7
11
12
14
18
19
19
18
17
15
16
15
16
17
15
15
13
11
11
11
9
8
8
5
7
6
5
6
7
5
3
6
4
5
2
5
3
3
5
3
2
0
-1
-2
-2
2
2
3
8
11
12
13
12
6
9
9
5
9
11
9
9
6
4
0
-2
-2
-4
-5
-1
-4
-4
-1
-1
0
-3
-5
-10
-9
-10
-11
-11
-8
-8
-9
-8
-8
-8
-9
-10
-13
-11
-7
-9
-7
-5
-5
-1
-6
-5
-5
-6
-5
-3
-5
-2
-2
-4
-3
-3
-7
-9
-9
-10
-9
-10
-10
-10
-12
-12
-14
-14
-16
-12
-15
-14
-14
-17
-12
-14
-14
-13
-12
-14
-12
-11
-9
-10
-9
-9
-10
-10
-9
-11
-8
-7
-7
-4
-4
-4
-3
-4
-3
0
0
0
2
0
1
3
2
2
5
6
5
7
6
6
4
4
4
4
8
10
12
11
10
11
10
8
9
9
9
9
9
8
10
10
9
11
9
11
9
8
8
10
9
10
9
9
10
9
9
10
10
12
11
11
11
10
8
6
5
4
4
2
2
4
2
4
4
2
2
0
0
0
-1
0
-1
-1
1
-1
-3
-1
-4
-4
-4
-5
-3
-3
-2
-1
0
-3
0
0
-3
-2
-2
-1
-1
0
2
-1
1
2
3
1
1
1
1
3
1
1
4
7
9
9
8
6
2
3
3
-1
-1
0
2
1
0
0
-2
-1
-4
-4
-4
-2
-3
-3
-2
0
0
0
0
-1
-2
-4
-4
-6
-4
-5
-3
-3
-5
-5
-4
-5
-4
-5
-5
-6
-4
-3
-4
-4
-4
-7
-10
-11
-10
-7
-5
-4
-2
0
1
0
1
2
3
2
1
3
3
4
6
6
9
8
7
8
11
12
14
12
9
10
11
10
11
10
11
9
10
10
10
11
10
10
9
10
8
8
9
9
9
7
7
7
7
7
8
8
7
7
5
3
4
3
4
4
0
-2
-2
-2
-1
-4
-5
-6
-7
-5
-6
-4
-6
-9
-10
-12
-12
-13
-12
-13
-12
-12
-12
-12
-12
-14
-14
-14
-12
-14
-14
-14
-15
-14
-13
-12
-11
-8
-9
-8
-6
-7
-5
-5
-6
-5
-4
-5
-5
-3
-4
-4
-3
-3
-4
-4
-2
-1
-1
1
0
-1
1
0
-1
1
3
3
2
2
2
4
4
3
4
4
1
1
1
2
4
3
1
2
0
1
1
2
2
1
2
0
1
0
-1
-2
-3
-4
-4
-2
-4
-1
-3
-4
-5
-8
-7
-5
-2
-2
-2
-1
-2
-1
-1
0
1
3
4
3
4
6
7
8
7
7
6
6
7
7
8
7
5
7
10
10
11
12
10
10
8
7
7
8
10
11
12
12
11
10
10
9
8
9
6
7
6
6
6
5
5
4
4
4
3
2
-1
0
0
-3
-1
-3
-4
-7
-9
-9
-11
-12
-11
-11
-10
-11
-12
-12
-13
-13
-15
-16
-14
-14
-15
-14
-15
-14
-13
-14
-13
-12
-11
-12
-9
-11
-11
-10
-8
-6
-4
-4
-3
-3
-2
-4
-5
-3
-2
1
2
5
6
6
9
8
7
8
7
9
8
11
12
10
13
14
13
13
16
17
15
15
15
16
15
15
14
17
16
13
14
14
14
13
15
14
12
13
12
12
9
7
4
2
3
0
0
0
-1
-1
-1
-1
0
0
-1
0
-1
-1
-1
-4
-3
-5
-3
-4
-4
-2
-1
-1
0
1
1
1
2
2
1
1
-1
-2
-1
-1
1
-2
0
0
-1
2
1
2
1
2
3
2
1
4
4
2
3
2
1
1
0
-1
-1
-1
-1
0
1
3
2
0
1
2
0
0
0
-2
-3
-4
-4
-5
-6
-6
-7
-7
-7
-7
-7
-7
-9
-9
-12
-12
-12
-13
-14
-14
-16
-17
-17
-19
-21
-20
-21
-20
-19
-19
-21
-20
-20
-18
-19
-19
-17
-17
-17
-17
-14
-12
-12
-12
-11
-8
-9
-8
-7
-5
-3
-4
-2
0
2
4
4
5
5
5
7
8
7
11
9
10
12
13
13
12
14
15
15
15
16
17
15
16
14
13
14
16
16
14
16
16
15
14
12
12
11
13
11
9
9
7
5
4
3
3
3
2
2
1
0
-1
-1
-2
-2
-3
-4
-3
-5
-5
-5
-6
-6
-8
-7
-6
-6
-7
-7
-7
-6
-7
-6
-6
-6
-6
-4
-3
-1
0
-1
-2
-1
-1
0
-1
-1
0
-2
0
0
0
3
3
3
4
4
6
7
6
6
5
6
6
7
6
5
6
7
8
9
9
8
10
8
6
6
5
5
5
6
3
3
3
3
2
1
0
0
-3
-4
-3
-3
-4
-6
-7
-8
-9
-6
-7
-8
-8
-8
-8
-8
-8
-7
-9
-10
-10
-11
-10
-8
-9
-7
-8
-6
-8
-8
-6
-6
-6
-6
-6
-7
-7
-7
-7
-6
-4
-5
-5
-4
-4
0
0
3
4
2
4
4
7
7
4
7
4
8
10
10
11
10
11
11
12
11
11
11
12
12
12
11
9
8
10
12
10
7
7
6
4
4
2
1
1
0
0
-2
-1
-2
-3
-1
-2
-3
-3
-4
-4
-6
-7
-6
-6
-6
-6
-7
-8
-8
-8
-8
-8
-8
-8
-9
-10
-10
-10
-9
-9
-10
-11
-9
-9
-7
-7
-7
-7
-9
-8
-9
-8
-7
-7
-7
-9
-6
-5
-6
-4
-3
-2
-2
0
-1
2
2
2
2
2
-1
-1
0
0
-1
2
5
6
6
6
6
8
8
7
10
11
11
11
12
11
11
13
12
13
12
12
11
13
11
10
7
7
6
4
4
1
0
0
-3
-5
-7
-8
-9
-12
-12
-13
-16
-15
-17
-18
-20
-22
-23
-24
-25
-26
-25
-28
-28
-26
-24
-24
-21
-21
-20
-16
-13
-12
-8
-7
-4
0
3
8
12
16
18
22
26
29
33
36
41
44
47
51
53
56
58
60
63
65
65
66
66
67
68
67
65
64
63
62
61
57
56
50
46
42
38
33
28
23
17
11
5
1
-4
-11
-17
-24
-30
-38
-42
-49
-55
-60
-66
-72
-77
-81
-87
-90
-93
-95
-99
-100
-101
-101
-99
-100
-100
-99
-94
-92
-90
-84
-78
-73
-67
-60
-55
-48
-39
-31
-24
-16
-6
0
9
18
25
35
44
51
61
69
75
83
90
96
102
108
112
116
118
122
126
128
129
127
127
125
122
121
116
112
107
100
94
87
80
72
63
54
44
32
20
10
0
-12
-24
-38
-53
-64
-77
-90
-99
-111
-123
-136
-147
-155
-164
-172
-180
-188
-192
-197
-200
-201
-204
-205
-203
-201
-198
-194
-188
-183
-175
-168
-157
-145
-133
-121
-106
-91
-76
-62
-45
-28
-10
8
25
42
60
79
96
114
131
149
164
180
195
208
221
232
245
255
262
268
277
283
286
287
289
288
285
282
279
272
264
254
246
236
224
211
194
179
163
146
130
110
92
73
52
30
12
-8
-30
-49
-69
-91
-110
-130
-151
-171
-189
-208
-227
-245
-263
-279
-295
-311
-326
-341
-354
-368
-377
-386
-395
-402
-406
-410
-407
-406
-405
-399
-393
-383
-373
-360
-346
-330
-314
-294
-272
-251
-227
-200
-175
-147
-117
-91
-59
-27
4
36
70
106
138
171
205
236
270
301
329
358
386
410
433
454
471
487
501
510
519
523
526
524
523
516
508
497
484
468
449
430
407
384
361
334
308
280
251
220
189
159
126
93
62
30
-3
-36
-65
-94
-126
-155
-182
-211
-236
-263
-287
-312
-334
-355
-377
-396
-414
-433
-451
-466
-482
-496
-508
-522
-532
-541
-552
-558
-563
-569
-568
-570
-566
-558
-545
-532
-513
-491
-463
-431
-394
-351
-307
-256
-200
-140
-77
-12
55
123
193
263
332
399
463
524
580
631
680
719
753
779
799
810
817
816
808
792
771
743
711
674
632
586
540
491
441
389
339
289
239
191
146
104
65
30
-1
-27
-52
-70
-85
-97
-105
-111
-112
-111
-109
-105
-100
-94
-88
-82
-79
-76
-75
-76
-84
-92
-103
-119
-138
-161
-186
-216
-248
-282
-316
-353
-391
-431
-467
-503
-535
-568
-598
-624
-646
-664
-677
-684
-686
-682
-675
-661
-642
-617
-588
-550
-511
-469
-421
-369
-312
-254
-192
-125
-57
10
80
150
220
287
356
419
480
539
593
643
688
728
763
792
814
831
837
841
836
824
808
785
757
722
680
636
586
534
478
422
362
299
239
177
119
60
6
-46
-96
-141
-180
-215
-248
-275
-296
-313
-322
-326
-328
-324
-315
-303
-288
-271
-251
-232
-212
-191
-169
-148
-133
-120
-105
-99
-96
-94
-97
-103
-115
-132
-149
-174
-200
-229
-261
-295
-332
-366
-402
-440
-473
-504
-536
-562
-584
-605
-617
-625
-630
-630
-623
-610
-593
-567
-535
-497
-455
-407
-355
-294
-231
-165
-95
-22
53
129
207
283
356
431
502
569
632
691
745
795
839
873
902
924
940
948
946
941
926
905
876
841
800
753
701
646
587
522
456
391
323
256
186
120
57
-4
-62
-117
-165
-209
-249
-284
-312
-334
-351
-361
-366
-364
-358
-346
-333
-313
-293
-270
-243
-219
-195
-169
-144
-121
-100
-83
-67
-55
-47
-41
-41
-44
-53
-64
-78
-99
-123
-149
-178
-208
-241
-275
-306
-340
-374
-407
-438
-465
-490
-510
-527
-541
-549
-549
-546
-537
-522
-503
-475
-441
-404
-360
-312
-260
-200
-142
-77
-11
57
125
194
261
326
390
451
509
560
609
650
688
721
744
763
773
778
775
765
747
723
693
655
615
570
519
466
407
349
285
218
156
92
26
-37
-97
-156
-211
-261
-309
-351
-387
-419
-443
-464
-476
-484
-486
-482
-476
-462
-444
-422
-397
-369
-339
-305
-271
-238
-203
-170
-138
-107
-79
-52
-28
-9
6
18
27
31
31
26
18
4
-10
-28
-51
-75
-102
-131
-159
-187
-216
-243
-270
-293
-315
-332
-348
-358
-364
-366
-364
-356
-342
-325
-300
-271
-236
-197
-153
-106
-57
-3
52
108
163
219
277
330
384
437
485
527
566
601
629
652
668
680
683
681
672
656
637
609
578
540
498
451
404
350
295
241
185
128
71
14
-41
-93
-143
-189
-232
-269
-301
-330
-354
-372
-385
-392
-395
-391
-384
-371
-355
-334
-314
-288
-262
-235
-203
-174
-143
-116
-88
-60
-36
-14
5
21
34
43
47
48
46
37
27
10
-9
-28
-51
-75
-104
-133
-163
-194
-224
-253
-282
-311
-335
-358
-377
-395
-409
-417
-422
-421
-417
-409
-394
-375
-351
-324
-291
-254
-214
-169
-122
-74
-24
29
84
135
189
242
293
340
386
431
468
503
534
562
584
601
613
619
621
618
609
595
575
554
529
498
464
428
389
351
309
265
223
181
139
97
59
23
-12
-45
-75
-100
-123
-141
-158
-170
-178
-185
-189
-186
-184
-178
-169
-159
-148
-136
-120
-105
-91
-76
-63
-49
-37
-26
-20
-13
-8
-7
-8
-10
-14
-22
-30
-42
-55
-72
-87
-105
-123
-141
-160
-181
-200
-218
-236
-252
-268
-283
-292
-302
-307
-311
-314
-310
-304
-296
-284
-267
-249
-229
-206
-180
-150
-118
-85
-50
-13
23
61
99
136
171
207
240
272
303
329
353
374
392
406
418
424
425
423
416
409
397
379
359
336
310
283
251
219
186
152
117
80
44
8
-27
-61
-95
-127
-158
-186
-211
-233
-254
-271
-284
-294
-305
-309
-309
-311
-308
-304
-293
-282
-269
-254
-238
-218
-200
-179
-158
-137
-117
-98
-80
-58
-42
-27
-11
0
10
20
30
35
39
42
40
39
35
34
24
18
9
-1
-9
-19
-27
-38
-47
-56
-61
-66
-73
-77
-79
-79
-78
-74
-71
-62
-53
-43
-29
-14
3
18
41
62
83
104
128
151
173
194
214
235
253
269
281
295
304
307
316
315
312
306
301
289
276
260
241
221
195
174
148
123
94
66
35
7
-18
-47
-73
-98
-119
-144
-160
-179
-193
-203
-212
-218
-224
-222
-220
-216
-210
-200
-188
-178
-158
-142
-125
-106
-83
-64
-45
-23
-4
17
32
52
63
80
92
101
109
112
120
115
118
113
106
101
89
80
60
51
34
15
-4
-19
-36
-61
-79
-97
-113
-130
-143
-157
-171
-182
-192
-197
-203
-202
-208
-203
-197
-194
-187
-174
-161
-150
-133
-118
-96
-81
-61
-42
-20
1
19
42
59
81
93
109
123
136
144
150
161
164
167
167
165
158
155
149
137
129
118
108
92
81
70
57
45
30
22
7
0
-10
-16
-25
-33
-34
-34
-37
-36
-34
-30
-24
-23
-15
-6
6
7
16
28
35
39
46
61
63
64
67
72
70
63
64
63
55
42
29
27
8
-7
-26
-38
-55
-83
-101
-120
-138
-168
-184
-207
-223
-247
-261
-274
-291
-298
-309
-314
-324
-319
-323
-322
-311
-306
-291
-282
-258
-245
-223
-192
-172
-143
-113
-80
-58
-19
10
43
69
103
134
154
192
207
231
252
276
288
296
318
315
319
324
329
316
314
310
294
288
276
263
244
234
227
206
185
190
161
154
132
133
122
98
117
81
92
82
94
69
74
96
77
83
72
111
75
92
101
92
96
82
116
71
105
75
70
61
63
46
1
42
-11
-33
-61
-38
-89
-117
-127
-150
-170
-201
-225
-255
-253
-282
-314
-335
-322
-357
-367
-383
-378
-380
-389
-384
-389
-366
-356
-353
-350
-310
-289
-281
-264
-221
-187
-168
-149
-106
-68
-31
-9
26
74
102
125
154
194
222
240
248
286
309
311
316
338
345
347
345
342
342
340
330
302
308
301
265
246
249
220
182
186
165
134
122
108
82
67
63
20
-1
35
-3
-47
-28
-33
-55
-88
-47
-78
-103
-71
-109
-105
-103
-86
-141
-131
-114
-138
-131
-148
-150
-169
-154
-178
-201
-174
-189
-230
-221
-210
-219
-246
-249
-265
-230
-273
-274
-270
-239
-268
-296
-240
-239
-257
-266
-199
-226
-178
-193
-160
-144
-103
-84
-87
-17
4
13
54
130
120
163
206
237
252
306
344
343
370
410
417
434
460
450
463
472
482
452
457
468
432
410
405
390
337
324
305
274
219
209
180
119
119
67
39
-2
26
-35
-92
-97
-64
-110
-182
-127
-165
-151
-176
-190
-204
-153
-145
-229
-223
-120
-111
-244
-154
-148
-128
-160
-124
-174
-152
-98
-135
-156
-179
-100
-160
-148
-183
-160
-176
-160
-232
-177
-207
-242
-227
-247
-222
-268
-257
-288
-255
-275
-276
-263
-265
-308
-276
-210
-241
-266
-221
-177
-178
-169
-147
-86
-89
-74
-31
31
51
14
91
163
161
176
172
269
322
248
286
361
408
363
341
418
446
392
381
395
415
388
356
333
340
339
286
242
243
258
182
111
131
132
84
19
19
20
-11
-72
-75
-56
-86
-186
-91
-77
-220
-139
-148
-96
-185
-139
-118
-126
-112
-92
-85
-78
-38
