0
-1
-1
-2
-4
-4
-5
-4
-5
-6
-5
-5
-6
-8
-8
-9
-7
-8
-7
-7
-8
-7
-6
-6
-4
-4
-4
-4
-4
-3
-3
-2
-2
-2
-2
-2
-2
-3
-1
-1
0
0
0
0
1
2
4
5
5
8
9
9
9
9
9
8
7
8
7
7
6
7
6
4
4
3
2
3
1
1
0
0
-1
-1
-1
0
0
-1
-1
1
2
1
2
1
1
2
2
0
2
3
3
3
1
2
3
2
1
2
0
1
1
0
0
1
1
2
2
3
2
1
1
-1
-2
-3
-3
-3
-2
-4
-3
-4
-7
-7
-7
-7
-6
-7
-7
-7
-7
-9
-9
-9
-8
-7
-6
-6
-6
-5
-6
-5
-5
-6
-5
-2
-2
-2
-1
-1
0
0
0
1
1
2
3
2
3
4
5
6
8
9
9
10
9
9
10
10
9
10
10
8
7
6
6
5
5
7
5
4
2
1
1
0
0
0
0
0
-1
0
-2
-3
-3
-1
-2
-2
-1
-1
1
0
0
0
0
-1
-3
-3
-3
-2
-1
-2
-2
-1
-2
-2
-3
-1
-1
0
0
0
0
1
1
2
2
2
4
2
2
1
0
1
1
2
1
-1
-2
-2
-3
-6
-6
-7
-7
-6
-6
-5
-7
-8
-10
-10
-8
-8
-6
-6
-5
-3
-1
0
0
1
1
2
1
1
2
4
4
3
3
2
4
4
5
5
6
5
5
5
5
7
7
5
4
3
3
3
4
3
4
6
3
2
1
0
-1
1
2
0
-1
1
0
-1
-1
-3
-4
-3
-5
-5
-5
-3
-3
-3
-5
-6
-8
-8
-7
-7
-6
-6
-5
-3
-4
-4
-2
-3
-3
-3
-2
-3
-3
-1
-1
-2
-1
-1
-1
-2
-2
-1
-1
-4
-3
-2
-3
-3
-4
-1
-2
-1
-1
-1
1
1
1
3
2
-2
1
1
1
2
3
5
4
4
4
7
6
5
3
4
2
0
4
5
3
2
1
1
0
0
0
2
1
-1
1
2
1
1
1
0
-1
0
2
4
1
1
1
0
-2
-2
-1
-1
-4
-5
-4
-5
-6
-5
-3
-4
-6
-6
-7
-7
-5
-2
0
1
-1
-2
-2
-2
0
-2
-1
0
-1
0
3
3
3
3
3
1
2
4
6
5
2
4
4
5
7
7
8
8
6
7
10
10
11
14
14
15
10
11
12
11
12
13
14
16
11
6
9
9
5
6
10
5
-1
1
2
2
2
5
3
-1
-3
-2
0
-2
-6
-3
-3
-8
-8
-3
-2
-7
-7
-8
-10
-11
-10
-8
-7
-12
-12
-9
-9
-10
-9
-9
-11
-17
-15
-11
-12
-12
-9
-7
-13
-13
-12
-10
-9
-9
-8
-7
-10
-11
-10
-8
-8
-7
-5
-3
-1
1
1
0
1
-1
1
3
2
6
5
2
1
3
3
4
5
2
1
0
-2
0
4
5
6
7
2
3
4
4
7
9
9
7
8
6
7
11
12
12
11
11
12
9
4
4
8
10
11
10
7
3
0
2
7
8
4
3
-1
-6
-1
7
10
8
5
2
0
-3
1
9
8
-3
-8
-10
-14
-12
-2
1
-6
-20
-22
-21
-23
-24
-17
-13
-28
-33
-25
-20
-20
-16
-12
-16
-24
-23
-12
-4
-7
-7
1
-1
-3
3
16
14
6
4
6
4
0
11
22
15
6
12
18
15
10
13
15
8
12
22
27
25
19
18
18
13
17
26
23
12
8
10
8
7
12
13
5
-5
-9
-4
1
4
8
4
-4
-14
-13
-4
-3
0
0
-4
-12
-14
-11
-4
0
-2
-7
-13
-11
-5
1
4
0
-10
-15
-12
-4
1
3
1
-6
-11
-11
-1
4
-3
-11
-12
-11
-10
-5
4
2
-10
-19
-12
-9
-9
-6
-4
-11
-22
-17
-2
2
-2
-5
-8
-16
-24
-13
6
8
0
-5
-1
-1
2
14
23
15
-1
-1
7
14
19
28
29
12
0
1
9
16
18
23
20
9
4
12
21
24
22
19
11
7
11
19
27
22
15
11
7
6
8
11
10
7
4
-1
-5
-8
-6
-6
-5
-3
-3
-6
-9
-7
-6
-2
-3
-5
-9
-9
-9
-7
-1
3
2
-1
-4
-4
-2
-2
1
4
2
-4
-7
-1
6
8
6
8
-2
-10
-12
-8
-3
-4
-5
-5
-8
-13
-14
-5
-4
-17
-21
-18
-16
-18
-17
-10
-11
-23
-24
-17
-16
-22
-21
-12
-7
-10
-5
1
1
-14
-21
-9
2
7
11
17
14
0
-11
-1
12
10
7
7
3
-4
-4
9
19
11
0
0
1
-4
2
17
18
2
-8
-5
0
-3
-3
4
2
-19
-27
-16
-9
-15
-18
-11
-17
-28
-26
-12
-13
-25
-26
-19
-17
-19
-6
6
3
-10
-9
2
2
-2
9
20
9
2
13
24
18
8
14
16
8
8
24
32
19
8
16
23
15
17
28
25
8
3
18
26
19
18
25
16
-5
-8
10
18
11
4
5
-5
-18
-9
14
20
3
-9
-10
-13
-18
-5
17
20
4
-7
-9
-7
-2
11
21
19
4
0
4
1
7
19
20
14
3
4
8
11
14
17
15
2
-3
2
3
3
8
12
11
6
3
4
0
-7
-8
-6
-9
-9
-3
-2
-9
-14
-18
-23
-29
-32
-26
-20
-22
-24
-18
-16
-21
-23
-20
-19
-21
-18
-9
-2
-7
-10
-13
-15
-17
-12
2
7
1
-4
-7
-7
-7
0
5
3
-3
-7
-5
0
5
17
18
6
-9
-15
-18
-15
0
9
9
2
-1
-1
-2
-1
5
11
6
-4
-4
5
10
11
15
16
9
4
5
12
10
5
12
18
22
23
26
29
23
14
11
17
18
20
22
23
20
12
9
13
10
1
0
0
-6
-4
0
-3
-8
-20
-26
-22
-16
-15
-17
-25
-33
-34
-34
-32
-30
-30
-33
-36
-34
-29
-25
-23
-21
-19
-19
-19
-16
-9
1
4
7
3
6
12
16
23
29
26
22
27
35
40
42
35
36
38
40
50
58
57
51
48
49
49
48
50
50
42
30
26
29
31
31
22
15
5
-9
-10
-1
-1
-8
-15
-20
-30
-35
-30
-24
-21
-31
-39
-39
-38
-40
-38
-36
-43
-53
-52
-47
-51
-52
-50
-48
-50
-53
-42
-35
-39
-46
-49
-51
-51
-42
-30
-21
-24
-31
-29
-26
-31
-33
-28
-20
-18
-20
-13
-8
-6
-4
3
3
-7
-16
-8
-3
0
6
13
12
2
7
19
23
17
22
28
30
31
36
43
40
38
50
61
58
53
58
66
64
58
67
77
73
70
74
75
67
65
63
65
64
61
62
58
56
51
49
43
30
22
25
27
20
11
5
-5
-21
-28
-27
-36
-43
-44
-41
-45
-57
-62
-69
-76
-85
-84
-74
-75
-76
-74
-73
-81
-90
-84
-78
-77
-75
-65
-53
-53
-52
-40
-29
-27
-35
-25
-15
-16
-12
5
20
24
27
34
38
37
34
43
48
50
53
65
78
77
68
70
70
65
69
79
79
66
64
65
59
52
49
53
50
35
29
22
18
6
4
10
7
-1
-10
-6
-16
-29
-26
-21
-22
-30
-32
-31
-45
-61
-68
-53
-46
-53
-46
-51
-60
-68
-66
-55
-54
-51
-37
-42
-45
-45
-35
-29
-30
-31
-34
-25
-25
-28
-29
-23
-18
-11
-1
0
-2
-8
-8
2
18
20
23
36
35
18
18
32
30
24
37
46
44
30
23
26
16
20
30
31
27
19
24
16
-1
2
10
13
15
14
13
-6
-10
-12
-17
-11
-12
-2
-6
-20
-17
-23
-31
-29
-18
-19
-25
-7
-14
-15
-4
-5
-2
-6
-7
-3
-10
-11
-14
-15
-18
-7
16
7
-1
-1
-12
-7
-1
8
18
9
3
10
18
10
9
23
14
12
27
21
16
11
10
19
14
21
27
33
26
14
13
-8
-13
0
9
19
8
1
-12
-25
-18
-32
-34
-35
-36
-35
-37
-25
-36
-50
-42
-43
-31
-29
-33
-19
-19
-23
-15
2
2
-13
2
0
-13
-10
-3
10
12
6
4
11
12
3
15
12
-2
2
-2
5
13
7
6
6
13
12
12
8
6
9
5
18
31
21
26
38
30
26
30
30
31
34
33
25
16
8
14
27
16
11
2
-19
-23
-11
-10
-10
-10
-16
-6
8
15
19
14
3
6
9
16
26
23
16
16
21
22
13
3
-3
-2
-8
-6
2
1
4
0
-9
-26
-35
-29
-17
-15
-22
-20
-26
-37
-38
-37
-33
-29
-25
-20
-23
-23
-22
-21
-13
5
16
17
23
24
24
22
26
45
50
46
45
36
31
24
26
31
24
20
21
22
14
12
20
16
8
9
13
21
15
10
18
18
16
22
24
19
3
-10
-15
-8
0
0
-4
-10
-1
-10
-30
-33
-33
-33
-33
-32
-28
-32
-36
-32
-40
-46
-48
-56
-59
-56
-47
-32
-26
-25
-16
-6
-8
-10
-8
-4
12
26
29
31
30
21
15
11
15
14
7
6
8
6
-3
-8
-6
3
-6
-12
2
6
5
-2
-13
-12
1
1
-2
1
-3
-4
-6
-18
-10
7
9
5
6
11
13
3
-1
7
6
3
12
22
16
5
2
14
13
8
2
-4
0
9
11
8
8
5
7
11
3
3
-2
-6
-4
3
7
11
17
-5
-24
-30
-27
-24
-29
-26
-18
-31
-54
-62
-54
-44
-45
-39
-30
-27
-31
-46
-49
-40
-35
-24
-11
-13
-12
-20
-36
-34
-27
-16
2
13
11
4
0
-9
-7
8
28
47
52
42
35
41
42
44
43
36
36
39
52
61
57
44
32
20
19
22
30
32
25
28
31
29
39
34
15
7
-3
-7
3
17
32
44
33
4
2
0
7
18
16
16
26
31
24
19
8
-5
-8
-9
4
12
7
6
0
-22
-35
-31
-32
-27
-22
-18
-24
-30
-29
-29
-35
-40
-33
-29
-25
-5
7
6
-17
-35
-42
-30
-19
-13
0
-4
0
3
-13
-15
-9
-10
-6
-11
-9
-10
-6
16
24
16
2
-7
-8
-5
11
19
24
25
27
51
62
59
33
17
32
58
70
68
76
58
31
31
29
33
23
21
37
35
6
-10
-5
-9
0
10
-6
-17
-24
-12
-14
-26
-21
-32
-15
10
9
6
-22
-50
-46
-18
-10
-1
-4
-22
1
14
2
-17
-32
-27
-9
5
6
13
11
-5
-13
-40
-63
-65
-55
-36
-16
-20
-20
-21
-49
-54
-57
-77
-67
-54
-33
3
12
6
-2
-14
-41
-54
-45
-25
-12
-20
-3
4
-16
-23
-30
-42
-32
-29
-41
-16
-18
-33
-3
-11
-17
-5
-3
21
25
18
39
47
38
42
47
37
30
26
45
74
71
77
87
71
46
32
16
29
51
29
49
60
24
17
-2
-16
6
-3
-20
0
3
-18
-6
-10
-38
-28
-12
1
9
1
-21
-52
-61
-53
-32
-9
3
10
12
8
-31
-57
-53
-56
-28
-1
6
20
14
-8
-12
-22
-39
-33
-17
20
59
45
27
18
-7
-9
-12
-14
-1
-1
13
38
38
7
-10
-19
-25
-3
15
5
10
9
14
24
-2
-25
-34
-41
-43
-21
8
-2
-20
-29
-25
-12
-21
-43
-47
-4
37
58
61
34
4
-7
7
36
41
29
20
47
67
74
82
48
18
-5
-27
-12
4
12
26
41
23
4
4
-8
-16
-20
-22
-14
-15
-18
-15
-11
-13
2
17
8
7
-8
-27
-42
-37
-8
3
14
43
49
25
-18
-36
-29
-17
-21
-23
7
-14
-25
-12
-10
-2
-20
-22
6
9
12
15
18
5
-6
17
17
16
-4
-4
14
6
41
66
41
2
-30
-13
-15
-42
-38
9
37
37
50
26
-16
-44
-53
-29
-42
-40
5
19
27
38
28
5
-34
-59
-40
-12
3
36
72
55
42
26
-6
-4
-5
-2
32
53
55
40
10
5
10
-18
-26
10
62
70
29
5
-38
-72
-74
-38
11
23
23
14
27
-10
-61
-60
-70
-51
-14
8
1
-26
-37
-45
-32
-56
-77
-33
-22
2
9
-15
-2
-49
-71
-28
7
23
5
6
0
-1
-18
-49
-35
-56
-47
14
36
50
31
-9
-30
-30
-24
-17
-15
-16
29
52
56
67
26
-20
-44
-41
-10
2
17
55
62
17
-7
-8
-32
-23
-6
9
35
18
11
12
-7
-1
18
7
1
17
24
20
26
31
24
5
-7
20
44
31
46
73
57
54
53
29
7
3
29
59
51
20
29
15
-19
-1
3
-22
-15
3
10
9
-18
-46
-39
-49
-54
-14
-12
-26
-7
-8
-19
-24
-55
-91
-95
-65
-10
6
-20
-29
-19
-33
-45
-33
-37
-26
-14
4
22
3
-9
-13
-3
5
7
19
-2
13
55
33
13
-6
-20
5
47
74
82
83
42
27
40
12
25
27
10
47
62
52
30
13
-1
-7
-7
-13
1
-17
-30
-15
-46
-40
11
35
33
-10
-38
-44
-57
-58
-40
-22
-41
-29
8
7
-6
-25
-35
-60
-79
-41
-22
-24
-8
5
-16
-45
-30
4
-4
-30
-2
37
45
34
33
25
-31
-44
-7
15
30
45
73
76
52
21
-14
-14
-15
20
46
25
51
79
73
49
18
-4
-10
7
30
60
63
52
65
41
14
2
-6
4
27
57
62
58
47
34
38
16
-7
-17
6
29
8
13
19
17
17
-3
8
6
-10
8
16
9
-6
-8
-22
-30
-15
-5
22
-4
-36
-8
-22
-53
-46
-51
-73
-73
-41
-22
-11
-15
-32
-32
-53
-57
-48
-70
-77
-63
-35
-46
-56
-20
-42
-75
-69
-39
-7
-47
-95
-89
-63
-55
-38
-7
-6
15
41
31
10
-39
-80
-61
-31
-9
3
-10
-5
44
77
59
41
12
-4
37
62
55
36
26
43
28
25
38
67
96
63
57
56
23
19
32
32
26
31
37
50
63
13
10
42
26
13
-32
-33
25
17
-20
-12
-6
0
25
30
24
-1
-42
-29
-11
-68
-79
-65
-79
-40
-11
-2
-14
-57
-44
-47
-94
-127
-115
-69
-55
-41
-46
-40
-24
-49
-37
-59
-69
-48
-81
-75
-40
-15
-22
-39
-34
-28
-1
-14
-10
-7
-50
-15
7
-5
8
10
15
13
38
76
69
40
3
5
2
24
69
51
47
79
108
115
87
60
15
-16
26
63
16
-40
6
71
71
66
60
19
-14
-11
-6
-5
-33
-39
42
75
79
101
56
-42
-58
-20
-54
-49
2
17
36
40
34
31
-1
-25
9
29
12
45
70
32
-20
-46
-4
18
2
26
31
19
26
39
28
9
3
-8
11
4
-26
5
50
66
49
-7
-29
8
39
32
14
-24
-82
-72
8
14
3
10
-3
51
50
-16
-26
-15
-31
-35
-37
-85
-53
19
29
44
0
-57
-18
11
3
-15
-49
-60
-35
-10
22
53
29
-5
25
29
-18
-28
-24
-9
-24
-50
3
53
63
70
57
-27
-96
-60
-39
-70
-53
-24
15
14
-5
27
-12
-55
-37
-20
-32
-34
32
48
-8
-55
-77
-75
-107
-80
-13
-30
-32
-23
-7
2
-33
-33
-21
-30
-19
9
31
23
15
-24
-65
-58
-39
-34
-29
1
26
29
23
5
-26
-36
-23
23
42
40
40
16
-2
-9
9
33
6
-38
-38
13
49
28
-14
-17
2
7
45
61
56
33
-20
-22
-10
-48
-76
-66
-38
25
80
102
101
55
20
0
-45
-52
-26
14
66
85
66
66
48
-25
-36
-22
-28
-22
-26
44
94
56
74
90
47
25
-13
-44
-51
-80
-98
-52
1
27
79
30
-29
4
12
24
16
-23
-35
-4
51
66
14
-87
-125
-83
-66
-12
29
-2
-7
13
13
-6
-34
-60
-62
-41
-47
-7
69
48
1
-26
-44
-35
-54
-62
-27
9
23
23
38
57
45
13
-2
3
0
14
0
-31
41
104
79
33
-46
-77
-60
-57
-3
42
25
89
172
99
-39
-101
-101
-69
-22
47
146
145
95
126
76
-13
-78
-96
-37
14
81
130
121
46
-5
-1
-43
-38
-2
-35
8
61
67
61
-11
-48
-39
1
14
-13
13
15
15
14
-16
11
29
37
27
1
11
-32
-18
3
-13
76
58
14
0
-59
-68
-73
-64
-47
-6
-10
9
72
0
-44
-33
-65
-15
13
-5
28
-5
-15
12
-19
-37
-13
14
0
11
33
16
6
-57
-84
-22
41
80
76
78
49
-9
-44
-62
-60
-61
-35
35
51
50
83
78
33
-27
-25
-6
-73
-91
-44
17
12
-15
49
20
-37
-18
0
-13
-57
-56
-70
-79
-81
-59
25
14
-5
-23
-104
-137
-111
-66
-33
13
51
77
73
28
-27
-79
-92
-72
-107
-90
-36
-43
-10
14
28
17
16
-36
-59
-2
-12
16
5
-45
-18
-50
-94
-28
5
-16
-6
18
29
70
107
130
139
70
38
66
29
17
28
70
138
129
141
162
87
17
1
-30
-57
-24
-7
14
76
67
69
88
21
-20
-45
-54
-30
1
27
74
126
90
24
-5
-36
-16
29
20
-16
-55
6
43
1
-30
-31
-25
-28
-39
-48
-43
-55
-71
-62
-31
-83
-56
-36
-49
-40
-53
-58
-77
-104
-67
-45
-79
-43
2
18
29
41
20
-23
-38
-43
-10
-23
-51
3
46
87
80
20
-2
-21
-7
-14
-27
-32
-76
-23
28
82
117
80
76
25
15
-29
-70
-51
-30
83
117
114
106
77
74
31
22
10
-25
-18
0
52
73
57
47
1
-20
11
-6
-36
-66
-73
-45
-26
-6
1
35
45
68
102
57
14
-21
-33
-14
4
29
80
115
95
68
16
-39
-46
-61
-76
-45
-1
34
45
1
-31
-36
-72
-114
-155
-149
-96
-68
-56
-46
-37
-39
-44
-29
-43
-68
-99
-106
-83
-68
-53
-44
-18
6
23
19
-4
-19
-21
-22
0
17
40
62
56
48
28
28
23
7
21
45
53
50
39
38
44
70
81
78
68
71
83
60
58
67
54
57
67
74
76
84
96
79
80
79
87
109
115
117
118
118
88
42
12
-20
-27
-10
7
12
9
21
-15
-53
-59
-68
-72
-71
-68
-60
-46
-51
-59
-56
-65
-62
-56
-67
-76
-91
-97
-90
-91
-103
-118
-112
-110
-111
-103
-104
-121
-163
-189
-198
-204
-217
-222
-211
-222
-213
-207
-208
-210
-208
-175
-141
-103
-87
-81
-56
-55
-58
-58
-66
-63
-55
-18
13
17
33
39
73
110
122
143
150
144
113
93
97
96
105
110
128
151
165
163
157
178
202
239
259
266
304
320
333
330
318
316
308
297
288
292
315
328
318
310
313
297
270
244
197
165
138
114
114
93
69
44
15
-16
-58
-101
-147
-189
-265
-343
-395
-465
-516
-578
-629
-650
-664
-645
-652
-673
-686
-711
-716
-738
-774
-798
-831
-851
-862
-835
-801
-795
-779
-744
-685
-619
-525
-386
-227
-79
25
106
167
216
241
256
321
422
565
729
909
1130
1341
1466
1423
1291
1181
1053
877
657
480
387
330
291
256
295
397
474
537
579
657
756
803
778
697
653
684
717
704
678
698
719
663
533
414
313
150
-53
-243
-376
-437
-498
-552
-577
-585
-545
-487
-436
-382
-345
-330
-358
-395
-392
-373
-364
-390
-427
-438
-458
-500
-565
-641
-716
-815
-922
-1007
-1071
-1110
-1173
-1264
-1389
-1566
-1754
-1928
-2040
-2071
-2037
-1950
-1790
-1398
-654
312
1227
1776
1953
2134
2596
3119
3161
2577
1828
1409
1293
1043
538
106
12
80
-52
-392
-560
-367
-96
-152
-557
-888
-864
-651
-477
-331
-50
376
760
1040
1353
1790
2219
2400
2262
1958
1680
1431
1098
670
180
-292
-693
-1011
-1228
-1369
-1455
-1527
-1605
-1626
-1549
-1358
-1077
-741
-367
35
513
1025
1457
1664
1661
1599
1473
1203
818
485
284
104
-112
-260
-255
-148
-67
-103
-268
-487
-686
-894
-1143
-1375
-1505
-1508
-1471
-1402
-1222
-968
-768
-701
-694
-674
-707
-787
-889
-1016
-1205
-1480
-1753
-2022
-2295
-2469
-2422
-2048
-1431
-691
161
1130
2226
3109
3441
3240
2832
2559
2219
1562
733
127
11
87
44
-70
-74
98
112
-169
-558
-808
-814
-813
-881
-856
-552
40
684
1315
1955
2568
3061
3277
3241
3026
2663
2170
1554
870
210
-341
-735
-990
-1142
-1223
-1256
-1271
-1316
-1392
-1441
-1394
-1230
-961
-607
-216
198
630
1011
1242
1301
1242
1066
743
338
-8
-207
-325
-439
-502
-478
-400
-390
-473
-611
-841
-1130
-1468
-1802
-2044
-2146
-2089
-1919
-1702
-1426
-1059
-673
-380
-220
-157
-177
-332
-605
-919
-1241
-1579
-1918
-2238
-2447
-2406
-2022
-1315
-412
672
2012
3395
4294
4357
3814
3258
2845
2226
1225
196
-262
-67
293
443
484
695
916
739
73
-676
-1000
-1015
-1091
-1283
-1262
-699
234
1158
1915
2570
3102
3290
3034
2504
1952
1473
967
375
-203
-584
-686
-648
-665
-804
-1063
-1405
-1787
-2213
-2571
-2701
-2487
-1951
-1279
-551
372
1527
2600
3145
3063
2580
1887
1004
-13
-924
-1493
-1650
-1498
-1146
-602
95
698
906
621
38
-559
-1123
-1669
-2079
-2175
-1959
-1583
-1110
-513
145
657
842
722
416
46
-323
-696
-1033
-1284
-1445
-1549
-1642
-1705
-1747
-1864
-2119
-2365
-2340
-1977
-1373
-550
747
2598
4346
5173
4922
4282
3897
3487
2487
960
-288
-675
-522
-450
-546
-409
52
284
-159
-1017
-1553
-1485
-1238
-1178
-1161
-756
94
1035
1814
2502
3179
3602
3449
2734
1854
1158
651
185
-287
-684
-894
-939
-926
-968
-1131
-1428
-1844
-2333
-2799
-3047
-2953
-2522
-1796
-770
485
1761
2857
3553
3782
3527
2803
1729
418
-774
-1519
-1744
-1568
-1190
-603
112
691
863
543
-55
-796
-1516
-2056
-2329
-2175
-1680
-1007
-335
178
536
699
626
361
-30
-443
-798
-998
-997
-868
-724
-650
-717
-976
-1408
-1898
-2322
-2676
-2984
-3218
-3179
-2659
-1711
-553
725
2404
4462
6064
6343
5336
4061
3176
2274
896
-652
-1425
-1085
-333
139
330
668
1014
710
-487
-1907
-2611
-2518
-2115
-1653
-915
307
1661
2680
3307
3692
3816
3392
2353
1080
104
-346
-395
-189
111
393
512
336
-93
-757
-1611
-2542
-3391
-3942
-4020
-3547
-2561
-1136
564
2076
2983
3209
2976
2515
1725
720
-161
-764
-1000
-882
-334
523
1257
1544
1284
668
-106
-931
-1709
-2310
-2433
-2036
-1374
-615
148
921
1424
1304
693
-33
-595
-879
-911
-692
-250
302
766
976
865
487
-90
-955
-2013
-2956
-3510
-3651
-3559
-3330
-2916
-2234
-1340
-421
393
1236
2629
4424
5574
5327
3962
2775
2281
1786
805
-293
-586
-18
474
274
-265
-451
-515
-1220
-2596
-3697
-3570
-2499
-1310
-316
677
1851
2720
2885
2607
2356
2304
2053
1402
728
560
950
1477
1755
1599
1075
240
-862
-2044
-3064
-3707
-3892
-3707
-3260
-2549
-1586
-499
474
1190
1638
1919
1975
1723
1378
1123
1117
1156
1026
839
627
467
270
-68
-546
-1076
-1479
-1714
-1752
-1526
-983
-250
336
651
736
635
422
95
-266
-540
-637
-463
-107
316
781
1205
1406
1183
617
-83
-748
-1367
-1967
-2472
-2831
-2950
-2889
-2750
-2557
-2349
-2087
-1853
-1629
-1209
-555
283
1197
2424
4193
5779
6231
5229
3630
2451
1479
271
-1056
-1772
-1454
-782
-486
-572
-576
-489
-925
-2066
-3234
-3499
-2753
-1611
-405
853
2123
3011
3136
2829
2509
2277
1973
1418
926
763
911
1205
1371
1259
701
-292
-1497
-2591
-3295
-3567
-3402
-2863
-2073
-1222
-447
213
669
908
1085
1310
1560
1681
1650
1626
1652
1649
1463
994
351
-191
-403
-422
-464
-445
-267
-29
27
-63
-21
141
258
176
-101
-423
-701
-846
-939
-977
-814
-423
28
358
651
854
785
414
-155
-729
-1313
-1804
-2026
-2157
-2348
-2598
-2774
-2821
-2857
-2863
-2828
-2678
-2257
-1470
-424
655
2033
3905
5489
5806
4627
2950
1852
1031
107
-792
-1042
-341
490
700
265
-241
-684
-1508
-2764
-3766
-3612
-2440
-931
581
1899
2911
3282
2857
2150
1584
1299
1276
1373
1671
2117
2488
2674
2548
1985
883
-537
-1788
-2574
-2904
-2912
-2550
-1853
-1173
-855
-1015
-1254
-1139
-707
-330
-54
509
1512
2491
2945
3026
2936
2419
1350
116
-694
-850
-640
-276
176
625
880
711
76
-670
-1161
-1513
-1838
-1908
-1491
-730
-135
102
259
285
25
-437
-761
-616
-125
383
696
837
835
600
44
-774
-1515
-2044
-2478
-2864
-3133
-3178
-3102
-3064
-2991
-2748
-2402
-1927
-1165
-141
976
2076
3451
5039
5839
5129
3369
1927
1294
829
162
-282
196
1191
1624
1052
-22
-881
-1705
-2789
-3759
-3802
-2679
-1193
50
1005
1745
2113
1862
1248
846
928
1459
2250
3129
3863
4112
3732
2831
1619
230
-1146
-2124
-2516
-2477
-2316
-2153
-1829
-1552
-1652
-2149
-2734
-2908
-2475
-1328
242
1670
2643
3027
2908
2268
1362
662
182
-91
-2
615
1413
1723
1431
775
-35
-980
-1847
-2268
-2136
-1496
-790
-469
-535
-770
-983
-1362
-1864
-1966
-1481
-676
147
971
1727
2064
1776
1067
299
-348
-789
-1055
-1337
-1612
-1863
-2180
-2594
-3094
-3458
-3589
-3537
-3142
-2393
-1448
-434
510
1271
1877
2704
3797
4521
4280
3209
2409
2235
2153
1938
1633
1659
1745
1300
346
-840
-1754
-2416
-2887
-2980
-2557
-1608
-601
253
888
1160
1119
825
713
1095
1817
2765
3599
4063
4003
3365
2476
1499
519
-368
-981
-1098
-974
-945
-1214
-1696
-2125
-2578
-2930
-3001
-2650
-1878
-1064
-274
357
691
751
440
59
-93
177
837
1455
1924
2209
2272
1925
1086
142
-638
-1039
-1098
-930
-562
-282
-173
-331
-802
-1303
-1678
-1797
-1678
-1370
-841
-297
111
348
519
621
513
381
258
151
33
-157
-213
-366
-782
-1285
-1717
-1816
-1787
-1813
-1860
-1903
-1872
-1907
-1922
-1801
-1357
-597
152
1106
2361
3554
4004
3247
2121
1534
1460
1444
1321
1432
1800
1956
1549
692
-296
-1293
-2170
-2630
-2445
-1651
-748
-99
307
409
206
-275
-723
-631
19
951
1862
2456
2593
2246
1626
1026
598
322
244
467
815
1026
843
244
-593
-1564
-2378
-2781
-2754
-2370
-1653
-799
-257
-151
-263
-324
-410
-588
-304
608
1568
2107
2303
2394
2217
1644
1005
646
554
600
784
933
883
662
158
-566
-1261
-1623
-1553
-1374
-1123
-712
-422
-496
-821
-1051
-1061
-932
-617
-101
379
516
426
317
60
-316
-728
-1048
-1148
-1182
-1208
-1318
-1624
-2006
-2329
-2510
-2522
-2228
-1516
-520
607
1810
2860
3251
2660
1568
964
1197
1756
2134
2286
2390
2332
1878
1047
77
-785
-1457
-1730
-1417
-671
57
242
-96
-644
-1221
-1640
-1762
-1377
-489
539
1418
1935
1962
1554
917
387
186
329
727
1226
1590
1551
1038
236
-598
-1265
-1674
-1776
-1601
-1346
-1177
-1169
-1270
-1394
-1485
-1385
-1091
-667
-139
468
1075
1378
1252
970
843
959
1171
1403
1606
1688
1573
1280
909
487
82
-220
-406
-433
-387
-385
-520
-808
-1089
-1303
-1412
-1344
-1105
-816
-629
-583
-649
-796
-921
-866
-625
-415
-353
-399
-465
-523
-710
-1012
-1330
-1567
-1600
-1483
-1296
-964
-508
-117
247
837
1536
1839
1367
599
504
1102
1674
1839
1741
1716
1728
1532
1165
700
118
-494
-859
-753
-245
223
250
-110
-615
-1001
-1083
-891
-492
-55
250
506
668
671
552
424
445
584
809
1145
1510
1712
1554
1076
447
-134
-501
-653
-659
-697
-826
-1003
-1156
-1130
-1053
-1069
-1120
-1123
-961
-689
-312
233
670
780
745
904
1258
1513
1574
1579
1600
1492
1326
1331
1384
1247
878
448
154
-89
-379
-695
-983
-1198
-1339
-1441
-1525
-1528
-1489
-1535
-1640
-1685
-1584
-1392
-1174
-843
-537
-421
-512
-671
-680
-695
-830
-990
-1111
-1142
-1116
-956
-624
-331
-218
0
679
1385
1436
792
238
562
1369
1903
2027
1898
1716
1482
1213
1043
798
364
-28
-109
99
340
410
224
-172
-699
-1107
-1064
-717
-361
-167
-64
197
505
693
796
901
988
948
880
962
1197
1384
1322
1073
695
282
-12
-199
-403
-801
-1269
-1524
-1495
-1364
-1264
-1103
-919
-909
-1102
-1209
-883
-275
208
472
696
1009
1296
1456
1579
1644
1542
1303
1152
1209
1236
1054
711
338
-10
-379
-688
-852
-960
-1155
-1434
-1593
-1559
-1425
-1346
-1400
-1474
-1556
-1537
-1316
-1032
-783
-766
-965
-1105
-1141
-1077
-1054
-1110
-1179
-1221
-1137
-905
-434
32
352
849
1403
1653
1246
514
485
1224
1946
2123
1919
1766
1671
1513
1365
1283
1062
559
98
-25
85
62
-306
-817
-1204
-1390
-1305
-971
-584
-319
-239
-152
107
480
860
1172
1363
1391
1330
1313
1342
1338
1230
1054
888
649
347
69
-222
-556
-990
-1407
-1570
-1472
-1306
-1179
-1076
-990
-1029
-1209
-1193
-776
-251
36
219
641
1194
1483
1484
1506
1604
1512
1249
1118
1212
1250
972
558
213
-90
-390
-690
-902
-1027
-1177
-1327
-1392
-1297
-1132
-1099
-1235
-1408
-1489
-1486
-1471
-1387
-1295
-1387
-1594
-1807
-1786
-1558
-1363
-1195
-1083
-997
-825
-559
-223
169
795
1490
1781
1363
681
680
1434
2236
2470
2219
1931
1657
1413
1287
1313
1218
718
126
-187
-165
-186
-559
-1074
-1473
-1595
-1442
-1055
-566
-272
-235
-287
-96
381
950
1469
1772
1826
1660
1477
1486
1555
1472
1146
772
517
357
241
89
-148
-534
-954
-1225
-1292
-1182
-1097
-1059
-1072
-1187
-1270
-1225
-972
-616
-323
-86
264
756
1138
1304
1357
1430
1466
1304
1144
1172
1271
1191
888
589
355
88
-221
-445
-518
-606
-744
-821
-759
-641
-669
-896
-1221
-1446
-1582
-1629
-1522
-1399
-1379
-1519
-1683
-1642
-1494
-1389
-1356
-1324
-1248
-1048
-656
-178
285
893
1567
1906
1498
703
482
1119
1953
2261
2044
1754
1556
1374
1219
1211
1178
817
236
-187
-235
-199
-472
-975
-1411
-1601
-1556
-1362
-997
-629
-496
-553
-528
-195
358
882
1230
1370
1351
1280
1309
1474
1651
1607
1331
987
708
580
488
281
-96
-546
-792
-867
-902
-985
-1124
-1261
-1491
-1607
-1419
-1050
-817
-891
-859
-520
30
526
835
1102
1265
1318
1285
1249
1320
1331
1175
918
737
683
552
239
-129
-354
-535
-751
-874
-830
-731
-841
-1096
-1303
-1417
-1545
-1670
-1625
-1559
-1584
-1734
-1897
-1823
-1700
-1624
-1555
-1464
-1202
-858
-514
-156
459
1294
1795
1560
769
401
922
1742
2235
2163
1943
1742
1469
1289
1330
1526
1429
892
318
67
95
-56
-507
-1027
-1392
-1555
-1569
-1339
-1020
-860
-971
-1196
-1115
-671
-36
607
1065
1279
1285
1277
1439
1754
1973
1914
1634
1320
1143
1079
1019
851
554
187
-208
-506
-615
-568
-642
-1068
-1615
-1899
-1717
-1332
-1068
-976
-970
-900
-702
-310
239
736
1016
992
919
1010
1242
1427
1345
1127
901
688
493
331
220
-40
-464
-841
-974
-879
-831
-968
-1230
-1469
-1616
-1623
-1519
-1519
-1642
-1867
-2049
-2062
-2007
-1882
-1762
-1649
-1531
-1335
-1052
-598
239
1167
1687
1377
607
422
1030
1919
2403
2376
2226
1997
1749
1623
1752
1927
1719
1210
730
593
597
356
-89
-592
-981
-1259
-1389
-1263
-1068
-1000
-1168
-1362
-1284
-929
-382
158
556
773
887
1036
1277
1589
1810
1839
1676
1467
1382
1392
1384
1222
904
504
171
99
162
130
-225
-840
-1370
-1596
-1425
-1093
-919
-1050
-1306
-1384
-1292
-1015
-605
-150
175
194
201
402
751
1000
976
864
766
703
657
586
501
297
-8
-326
-519
-535
-552
-681
-962
-1210
-1286
-1318
-1343
-1446
-1593
-1773
-2036
-2175
-2153
-1968
-1776
-1665
-1515
-1358
-1104
-584
264
1090
1296
894
525
855
1701
2374
2634
2580
2417
2208
1997
2022
2199
2205
1850
1300
937
789
690
485
119
-301
-735
-1060
-1140
-1031
-938
-1035
-1272
-1463
-1430
-1166
-775
-367
-109
13
157
441
835
1168
1328
1301
1150
983
940
1049
1160
1119
892
647
461
370
427
411
154
-369
-883
-1049
-978
-856
-824
-878
-993
-1196
-1288
-1163
-866
-610
-529
-519
-490
-318
-59
156
292
310
312
300
323
428
467
369
158
-3
-43
-87
-212
-371
-539
-775
-1035
-1225
-1304
-1372
-1565
-1780
-2011
-2169
-2213
-2134
-1859
-1591
-1432
-1376
-1096
-369
395
754
519
290
595
1253
1924
2273
2435
2388
2125
1944
1969
2269
2409
2145
1690
1250
1078
1000
894
717
373
-13
-432
-683
-715
-693
-735
-995
-1273
-1419
-1332
-1019
-707
-469
-398
-386
-307
-116
250
591
794
807
714
717
788
931
1048
1053
931
711
632
720
768
554
91
-312
-505
-514
-464
-453
-507
-703
-945
-1060
-986
-793
-665
-669
-728
-745
-648
-489
-331
-192
-120
-110
-143
-116
72
279
376
350
298
290
250
179
79
-21
-148
-356
-539
-721
-880
-1047
-1290
-1495
-1685
-1783
-1748
-1622
-1377
-1237
-1153
-885
-357
209
343
145
113
503
1134
1607
1943
2154
2164
1988
1797
1934
2254
2433
2326
1996
1728
1501
1294
1124
906
631
219
-201
-423
-470
-469
-600
-875
-1179
-1373
-1343
-1124
-849
-714
-750
-820
-798
-613
-316
15
261
338
340
396
555
747
872
892
798
650
593
705
830
733
377
-33
-327
-497
-520
-456
-437
-624
-976
-1186
-1111
-865
-692
-703
-803
-878
-807
-650
-479
-316
-242
-264
-378
-406
-235
-14
108
90
72
113
149
176
179
133
-32
-227
-357
-431
-471
-585
-742
-949
-1207
-1371
-1409
-1279
-1111
-1022
-873
-546
-51
276
239
83
130
499
952
1366
1727
1906
1842
1600
1500
1690
1929
2023
1923
1750
1598
1443
1330
1239
1075
761
351
20
-151
-176
-199
-356
-663
-1058
-1322
-1307
-1099
-876
-824
-909
-1001
-1023
-904
-669
-395
-194
-126
-110
-51
133
417
665
771
707
622
642
726
770
661
442
201
3
-79
-86
-100
-249
-533
-808
-954
-887
-710
-572
-558
-667
-746
-736
-602
-390
-227
-184
-285
-376
-322
-179
-23
70
105
89
21
13
100
197
176
7
-203
-361
-431
-457
-514
-600
-768
-967
-1127
-1175
-1063
-960
-875
-677
-351
-43
-34
-166
-128
158
548
856
1148
1376
1413
1293
1180
1264
1434
1571
1644
1599
1494
1310
1145
1080
1002
859
607
315
107
-14
-68
-152
-348
-644
-927
-1055
-1006
-853
-725
-710
-798
-934
-972
-828
-586
-370
-279
-234
-174
-117
35
261
483
600
575
623
757
854
836
700
566
421
309
292
339
346
147
-154
-398
-513
-505
-512
-493
-503
-561
-598
-620
-507
-388
-366
-418
-530
-532
-456
-322
-167
-87
-48
-79
-89
-47
5
66
8
-80
-187
-263
-229
-252
-301
-437
-633
-780
-888
-821
-681
-552
-381
-184
5
-33
-199
-234
-18
349
617
890
1142
1231
1169
1020
1047
1179
1247
1290
1310
1362
1321
1169
1033
899
752
541
313
172
111
71
-28
-211
-478
-743
-917
-957
-866
-744
-653
-636
-701
-780
-776
-660
-502
-347
-229
-104
-12
15
78
159
236
248
249
412
573
627
560
465
426
315
247
265
314
290
95
-41
-123
-190
-227
-270
-275
-375
-494
-528
-502
-431
-444
-483
-551
-644
-654
-624
-560
-520
-496
-464
-452
-405
-317
-202
-178
-278
-377
-413
-373
-342
-311
-302
-379
-515
-677
-721
-676
-609
-458
-207
83
187
78
-31
0
189
391
638
930
1131
1198
1134
1123
1144
1115
1112
1147
1240
1266
1215
1183
1093
929
682
443
299
193
147
132
73
-85
-353
-592
-717
-722
-638
-534
-454
-435
-450
-447
-429
-414
-371
-259
-84
92
249
370
396
302
160
137
265
418
495
477
419
306
185
125
122
141
97
31
-10
-49
-81
-163
-266
-351
-391
-358
-328
-307
-325
-403
-509
-624
-640
-566
-493
-467
-501
-546
-600
-641
-625
-565
-494
-455
-447
-432
-410
-378
-364
-383
-430
-479
-511
-540
-543
-505
-470
-437
-352
-177
33
128
121
112
178
312
450
613
786
909
1004
1060
1102
1089
994
915
881
890
936
975
987
914
726
491
269
114
36
23
40
-12
-157
-368
-563
-673
-727
-691
-625
-556
-473
-418
-354
-333
-357
-346
-245
-18
192
340
434
447
403
309
310
416
495
523
488
478
432
322
221
135
75
-4
-21
28
42
-8
-124
-238
-379
-503
-513
-423
-299
-285
-345
-421
-495
-524
-531
-495
-476
-483
-475
-452
-407
-395
-399
-441
-526
-576
-573
-485
-402
-377
-390
-432
-471
-523
-549
-549
-528
-474
-408
-267
-94
76
196
215
208
216
314
491
695
888
1001
1071
1127
1181
1208
1180
1134
1063
1011
988
995
1029
998
883
691
487
334
222
176
144
88
-13
-148
-276
-403
-493
-541
-563
-569
-543
-456
-356
-293
-282
-284
-234
-157
-59
66
199
297
333
334
315
285
247
222
209
183
151
105
53
-13
-97
-158
-216
-258
-302
-345
-368
-399
-421
-451
-488
-492
-476
-457
-479
-520
-521
-488
-439
-401
-357
-321
-320
-334
-341
-319
-296
-290
-314
-378
-460
-529
-563
-581
-593
-586
-573
-587
-629
-642
-610
-560
-500
-431
-325
-201
-83
40
156
255
330
407
495
594
689
777
875
973
1051
1099
1103
1073
1000
911
838
801
804
793
743
642
501
360
242
155
87
33
-5
-43
-95
-160
-217
-263
-308
-356
-370
-335
-264
-185
-128
-86
-57
-24
36
101
184
252
291
313
314
331
345
322
266
161
57
-39
-102
-123
-142
-164
-215
-262
-307
-343
-367
-389
-380
-357
-319
-283
-279
-282
-303
-332
-347
-325
-260
-199
-168
-169
-194
-226
-249
-237
-197
-175
-184
-218
-271
-331
-390
-400
-384
-396
-439
-484
-494
-485
-461
-406
-337
-280
-251
-186
-76
49
166
250
339
406
441
482
540
617
684
746
800
836
857
860
840
783
701
633
595
564
533
491
427
335
223
128
70
25
-10
-49
-81
-108
-138
-160
-166
-149
-145
-133
-110
-83
-42
3
66
124
176
214
232
242
240
252
262
272
268
236
173
60
-65
-176
-247
-284
-314
-336
-367
-408
-448
-484
-500
-496
-474
-455
-431
-400
-378
-365
-361
-344
-327
-325
-316
-295
-271
-266
-266
-251
-236
-228
-230
-221
-224
-242
-267
-291
-298
-327
-348
-353
-356
-347
-353
-329
-287
-240
-184
-126
-31
61
156
246
319
395
450
515
570
608
652
674
707
733
759
795
813
811
754
674
603
536
495
462
428
381
292
189
82
1
-48
-91
-113
-129
-140
-153
-181
-196
-191
-166
-125
-101
-71
-49
-20
-2
11
48
81
111
111
98
85
60
61
56
56
27
-40
-102
-175
-219
-244
-248
-246
-292
-345
-406
-465
-494
-485
-442
-420
-421
-421
-407
-385
-371
-351
-308
-277
-269
-267
-265
-260
-258
-251
-242
-235
-221
-211
-219
-244
-260
-251
-240
-242
-248
-245
-230
-230
-216
-186
-135
-83
-56
-18
25
79
153
237
338
410
463
505
544
581
603
636
667
693
704
700
705
704
692
661
613
559
496
447
406
355
294
225
159
91
18
-27
-51
-73
-97
-127
-144
-151
-152
-128
-101
-76
-57
-38
-3
21
50
79
94
85
62
55
45
34
28
25
16
-32
-78
-102
-137
-170
-198
-204
-219
-270
-317
-358
-398
-436
-452
-443
-437
-436
-424
-397
-376
-364
-338
-313
-308
-308
-290
-253
-231
-219
-209
-210
-212
-222
-226
-223
-234
-246
-251
-242
-237
-236
-213
-196
-182
-166
-137
-88
-46
5
56
107
165
214
279
359
446
526
580
627
663
690
711
730
750
752
743
731
725
708
669
618
559
494
431
373
318
250
176
122
88
56
10
-39
-84
-127
-154
-148
-122
-86
-65
-54
-57
-70
-57
-27
5
26
38
54
41
22
13
6
-1
-29
-39
-46
-67
-89
-113
-130
-175
-221
-236
-256
-282
-322
-347
-367
-401
-416
-421
-422
-431
-438
-415
-395
-377
-361
-354
-350
-364
-365
-354
-349
-336
-320
-307
-304
-318
-319
-315
-316
-319
-317
-305
-292
-270
-242
-219
-191
-168
-135
-106
-78
-41
6
65
118
171
236
294
344
377
416
469
519
566
593
615
622
612
607
598
591
576
550
529
490
445
392
345
306
262
212
158
111
81
49
19
-17
-45
-66
-81
-86
-89
-92
-103
-113
-111
-103
-95
-87
-81
-82
-90
-91
-84
-74
-67
-68
-71
-86
-105
-121
-137
-152
-171
-189
-207
-232
-257
-275
-292
-305
-319
-318
-316
-309
-298
-288
-276
-270
-263
-246
-230
-211
-199
-180
-158
-144
-126
-110
-93
-86
-88
-84
-73
-54
-40
-27
-20
-24
-30
-32
-22
-11
-1
16
29
41
54
76
105
134
162
193
227
259
284
314
340
366
392
416
443
456
468
471
468
465
453
446
429
409
390
361
331
293
264
232
192
158
120
89
56
21
2
-18
-36
-57
-70
-80
-95
-106
-115
-114
-113
-114
-110
-111
-116
-126
-138
-143
-150
-153
-157
-163
-175
-195
-215
-236
-257
-278
-297
-309
-323
-336
-345
-350
-351
-345
-335
-331
-323
-312
-299
-285
-271
-252
-227
-201
-176
-156
-128
-102
-76
-57
-41
-20
2
20
33
45
59
74
83
87
90
95
99
104
110
117
126
134
145
157
164
173
180
188
198
202
206
212
222
233
244
258
271
275
275
268
266
268
270
269
265
256
239
220
199
180
160
144
126
106
85
61
39
16
-8
-29
-48
-62
-71
-78
-86
-93
-96
-97
-97
-97
-94
-89
-78
-66
-54
-43
-38
-34
-33
-31
-32
-35
-37
-44
-52
-65
-80
-97
-117
-134
-152
-171
-187
-206
-220
-230
-235
-241
-245
-248
-249
-249
-239
-234
-224
-210
-201
-183
-161
-137
-122
-106
-93
-79
-60
-44
-30
-13
-3
3
9
16
23
29
29
29
35
40
46
52
61
67
72
73
80
95
107
118
126
136
148
164
182
199
215
220
223
227
230
232
230
228
219
206
189
170
148
122
97
73
49
25
0
-25
-50
-72
-94
-111
-127
-140
-150
-158
-164
-166
-162
-155
-146
-134
-122
-111
-95
-79
-63
-46
-28
-13
1
14
23
34
41
49
52
51
49
48
44
38
30
20
11
1
-8
-17
-24
-32
-39
-44
-50
-51
-54
-57
-59
-58
-60
-61
-57
-55
-54
-53
-50
-42
-39
-36
-34
-33
-32
-35
-34
-31
-26
-19
-14
-8
-8
-9
-9
-7
-2
4
12
19
25
28
32
38
44
52
62
69
77
85
92
102
116
127
130
133
130
126
121
116
113
108
98
84
69
51
32
12
-6
-25
-45
-63
-76
-91
-104
-118
-129
-138
-149
-158
-161
-159
-156
-146
-133
-116
-102
-89
-79
-65
-48
-29
-3
17
36
55
63
75
85
95
104
109
116
115
116
112
102
103
99
91
82
75
66
52
44
30
24
21
10
9
4
-3
-9
-15
-20
-27
-26
-29
-28
-29
-38
-45
-48
-51
-52
-53
-55
-57
-58
-59
-55
-49
-45
-46
-42
-40
-35
-31
-25
-19
-12
-5
2
12
21
29
33
36
44
55
61
64
67
69
68
66
63
61
58
52
47
40
32
23
16
9
-1
-11
-23
-33
-41
-51
-59
-66
-74
-80
-85
-88
-90
-90
-88
-85
-80
-73
-63
-51
-43
-35
-24
-14
1
18
32
44
54
66
79
92
102
109
114
117
117
120
120
119
113
105
93
83
70
58
45
31
17
1
-13
-29
-45
-57
-70
-81
-91
-103
-114
-123
-128
-132
-135
-136
-134
-132
-126
-120
-112
-106
-99
-89
-76
-63
-49
-34
-21
-9
2
13
26
39
50
62
71
81
87
94
99
105
110
112
115
116
117
114
111
108
102
97
91
83
74
66
57
48
34
19
4
-9
-19
-27
-38
-51
-65
-79
-92
-107
-116
-124
-131
-134
-137
-137
-135
-135
-130
-125
-117
-109
-100
-84
-67
-52
-38
-24
-9
7
25
42
56
68
78
88
98
105
113
121
127
128
126
122
118
109
101
92
83
73
61
49
39
27
12
-2
-16
-31
-43
-54
-66
-74
-81
-88
-95
-102
-106
-110
-110
-106
-101
-94
-87
-77
-64
-50
-35
-20
-10
5
17
28
40
50
60
68
77
83
90
94
94
92
92
91
90
90
90
89
88
84
76
68
60
52
45
40
33
23
16
8
-1
-12
-24
-37
-50
-57
-65
-71
-79
-90
-98
-106
-109
-113
-113
-110
-104
-98
-93
-87
-80
-71
-62
-55
-45
-32
-20
-8
3
10
17
24
32
38
43
50
57
62
63
63
64
65
67
66
65
62
59
56
50
43
34
27
22
13
6
-2
-11
-22
-32
-41
-48
-53
-59
-65
-69
-72
-73
-73
-71
-65
-59
-51
-43
-33
-24
-14
-5
4
15
25
34
45
54
62
70
77
83
85
89
91
94
94
92
90
87
86
81
77
70
65
58
52
44
35
27
18
10
0
-7
-16
-26
-33
-42
-52
-60
-67
-75
-82
-87
-92
-96
-99
-100
-101
-101
-99
-95
-90
-86
-80
-75
-70
-66
-60
-51
-42
-35
-25
-17
-10
-3
2
6
12
18
24
31
34
36
37
39
41
42
42
39
35
32
32
28
25
22
17
12
8
2
-2
-4
-5
-6
-7
-9
-10
-10
-8
-3
1
6
11
13
16
21
25
30
36
41
45
50
54
56
56
58
61
63
65
65
66
66
65
65
63
59
55
50
46
37
30
22
14
3
-8
-20
-32
-41
-50
-57
-65
-74
-80
-87
-91
-94
-96
-97
-96
-95
-95
-93
-90
-87
-82
-75
-69
-63
-59
-52
-46
-39
-31
-20
-12
-6
2
10
18
25
30
35
41
49
52
54
57
60
65
68
68
65
62
59
57
56
55
50
45
39
30
23
20
15
13
9
3
-3
-7
-10
-13
-16
-18
-20
-22
-23
-25
-26
-25
-22
-20
-17
-15
-13
-10
-7
-3
-1
5
10
13
16
19
19
21
23
25
24
25
22
21
20
19
19
18
15
12
10
6
0
-4
-7
-10
-12
-18
-24
-28
-34
-37
-40
-43
-45
-43
-44
-44
-46
-48
-46
-43
-43
-39
-35
-32
-28
-25
-21
-18
-14
-11
-5
1
6
9
12
15
18
23
28
33
36
37
37
40
45
45
45
47
50
50
48
44
43
40
38
35
33
29
24
18
11
6
3
0
-4
-8
-13
-17
-21
-21
-24
-28
-29
-30
-31
-30
-32
-32
-30
-28
-28
-26
-23
-24
-22
-19
-15
-11
-6
-3
1
4
6
10
13
17
21
23
26
24
25
23
22
23
23
22
18
16
11
7
4
0
-2
-6
-8
-14
-18
-22
-27
-32
-34
-36
-36
-38
-39
-41
-43
-45
-42
-40
-38
-36
-32
-29
-27
-23
-21
-18
-12
-6
-1
7
12
16
19
22
26
33
39
45
49
51
52
52
51
50
50
51
53
54
53
48
43
39
35
31
28
24
19
14
8
1
-4
-11
-18
-23
-26
-28
-30
-34
-37
-41
-45
-47
-49
-49
-48
-45
-42
-41
-40
-38
-35
-32
-27
-21
-16
-11
-3
1
6
11
16
20
23
26
30
32
33
32
33
33
34
34
35
33
31
26
21
18
13
9
5
1
-2
-5
-9
-12
-14
-20
-24
-30
-31
-33
-32
-31
-31
-32
-33
-34
-35
-32
-31
-25
-22
-19
-18
-16
-12
-8
-1
3
7
12
17
22
26
28
32
34
37
39
43
44
45
46
46
44
41
37
34
30
28
25
22
15
8
2
-3
-7
-11
-14
-18
-22
-26
-29
-32
-35
-38
-40
-44
-45
-47
-48
-47
-47
-44
-42
-41
-37
-36
-32
-29
-22
-16
-11
-5
1
7
12
17
21
25
28
31
35
38
40
40
38
40
39
39
37
35
32
30
28
24
22
20
17
12
8
4
-1
-5
-7
-11
-13
-16
-20
-22
-26
-28
-30
-32
-33
-31
-29
-27
-24
-22
-19
-17
-15
-14
-9
-6
-1
2
5
7
10
9
11
15
17
21
26
28
30
30
32
33
34
36
35
35
32
29
23
21
15
10
4
-1
-5
-9
-13
-17
-21
-25
-29
-31
-32
-34
-36
-37
-38
-38
-38
-40
-41
-42
-43
-40
-39
-39
-38
-37
-35
-33
-28
-25
-18
-12
-7
0
4
10
13
17
21
26
31
35
36
37
38
37
35
33
33
31
30
29
28
28
25
22
20
18
16
13
10
7
6
7
5
1
-4
-7
-11
-12
-12
-14
-14
-15
-15
-14
-15
-16
-16
-14
-14
-12
-9
-8
-5
-3
-1
1
4
4
6
8
10
12
14
16
16
17
17
17
18
17
16
16
15
14
11
9
8
9
7
5
4
1
-1
-5
-9
-12
-13
-15
-17
-18
-21
-23
-26
-28
-28
-26
-25
-24
-24
-22
-20
-19
-17
-15
-12
-8
-5
-1
2
4
4
5
6
7
8
10
10
9
9
7
9
9
10
9
8
10
13
15
17
19
19
17
15
13
13
15
13
13
11
7
2
-3
-8
-8
-7
-8
-8
-10
-11
-12
-12
-11
-8
-7
-6
-2
0
2
2
3
3
4
5
4
2
3
1
1
1
1
-2
-3
-2
-3
-3
-3
-4
-3
-3
-1
-1
0
3
4
4
5
2
2
0
0
-1
0
-1
-3
-5
-8
-10
-13
-12
-13
-12
-11
-11
-9
-10
-8
-7
-7
-5
-5
-4
-3
-1
2
4
5
5
5
4
3
3
5
8
11
12
14
11
8
7
9
9
11
12
11
7
5
5
5
5
5
5
5
4
0
-1
-1
0
2
3
3
3
1
-1
-1
-2
-3
-4
-6
-5
-5
-4
-5
-8
-11
-11
-12
-12
-11
-9
-8
-4
-4
-3
-4
-5
-4
-2
-1
1
0
3
2
1
-1
-2
-2
-2
-2
-2
-1
-2
-2
-3
-2
-1
0
0
0
-1
-2
-3
-2
-4
-7
-8
-10
-12
-12
-10
-10
-10
-11
-12
-12
-10
-6
-1
1
0
-1
-1
0
1
2
4
6
5
3
3
4
3
2
4
6
7
8
9
10
12
14
14
13
14
14
15
15
16
17
17
16
12
9
6
5
6
8
8
6
4
-1
-2
-2
-3
-4
-5
-4
-4
-6
-6
-7
-9
-8
-7
-3
-2
1
2
1
1
1
0
0
2
1
0
1
-3
-7
-10
-10
-8
-7
-5
-4
-4
-3
-1
0
2
5
7
11
13
16
17
15
13
12
13
14
13
12
10
5
-1
-3
-6
-8
-10
-11
-10
-10
-10
-13
-13
-12
-11
-8
-7
-6
-2
0
4
4
4
2
2
3
4
5
5
4
3
3
2
2
-1
-2
-2
-1
0
-1
-2
-4
-5
-5
-3
-1
2
3
4
3
3
3
4
6
8
10
10
7
5
2
-1
-2
-4
-6
-7
-10
-11
-11
-14
-16
-16
-14
-11
-10
-9
-6
-3
-3
-2
-1
-1
0
2
4
6
7
10
9
6
3
1
2
2
3
4
3
2
1
-2
-2
-2
-1
0
0
1
1
3
2
2
2
1
0
0
1
2
2
3
1
0
-2
-5
-7
-9
-11
-12
-13
-13
-14
-16
-16
-15
-13
-12
-10
-8
-7
-6
-2
3
7
8
9
9
9
9
8
9
10
10
9
8
7
5
4
4
4
5
6
4
4
2
2
2
3
2
0
0
-2
-2
1
2
3
3
3
4
2
2
3
5
5
5
2
1
1
0
-2
-4
-5
-6
-6
-6
-5
-6
-6
-6
-4
-2
1
0
-1
2
4
6
6
7
8
8
7
6
7
7
7
4
4
3
1
1
0
0
-3
-4
-6
-9
-11
-12
-12
-13
-13
-12
-13
-10
-10
-11
-12
-10
-7
-6
-6
-6
-6
-5
-5
-1
0
3
4
5
5
6
7
7
8
9
9
10
11
10
11
8
6
5
6
6
8
9
8
8
9
9
9
11
12
15
17
16
15
12
9
6
4
2
0
1
-3
-6
-10
-13
-16
-16
-14
-12
-10
-9
-6
-7
-5
-4
-1
2
2
2
3
5
3
0
0
-2
-2
-3
-6
-8
-8
-8
-10
-11
-9
-9
-10
-9
-6
-2
2
5
7
9
8
7
7
8
10
9
8
6
5
3
0
-4
-8
-11
-13
-14
-14
-15
-16
-18
-19
-18
-19
-17
-14
-11
-7
-4
-1
3
6
9
13
17
20
22
20
20
18
17
14
12
10
8
5
0
-2
-6
-9
-10
-8
-6
-6
-6
-2
1
3
4
7
10
11
12
12
14
12
11
10
7
6
4
2
1
0
-1
-6
-8
-11
-13
-15
-16
-15
-14
-13
-15
-15
-16
-15
-12
-9
-4
0
2
4
7
10
12
15
17
19
20
21
20
19
17
13
11
7
4
0
-5
-7
-11
-13
-14
-14
-14
-14
-13
-12
-13
-10
-5
-2
2
6
8
9
11
9
6
5
4
1
-2
-4
-8
-8
-9
-13
-14
-16
-17
-16
-16
-14
-12
-11
-8
-5
-4
-5
-4
-3
-1
2
4
6
11
12
13
14
15
16
16
16
15
14
12
10
7
1
-4
-9
-15
-19
-23
-26
-29
-30
-29
-28
-24
-20
-16
-12
-7
0
4
9
14
16
17
17
18
18
17
12
8
3
0
-3
-6
-9
-12
-14
-15
-16
-16
-15
-13
-12
-8
-6
0
4
7
11
12
14
15
18
19
20
20
18
15
12
9
7
5
4
0
-4
-8
-11
-13
-13
-12
-11
-11
-9
-9
-7
-5
-3
0
4
9
11
13
17
18
18
20
22
23
23
22
22
23
21
18
17
13
8
2
-1
-4
-4
-5
-5
-4
-6
-9
-9
-8
-5
-4
-1
2
5
7
6
6
6
4
2
1
0
-3
-8
-9
-9
-9
-7
-6
-6
-8
-8
-8
-7
-6
-5
-4
-1
1
2
1
0
-2
-5
-5
-7
-2
3
7
9
7
6
4
1
4
8
11
16
17
17
14
9
6
4
1
1
0
0
-3
-7
-11
-15
-18
-21
-24
-26
-26
-24
-20
-16
-13
-11
-8
-6
-2
5
11
16
21
24
24
21
18
13
12
9
4
-1
-8
-15
-21
-23
-25
-27
-26
-26
-24
-21
-18
-14
-9
-2
2
8
12
18
21
24
27
28
27
25
21
18
15
10
4
-3
-10
-18
-26
-32
-35
-39
-41
-39
-37
-35
-32
-27
-20
-11
-2
9
18
25
30
33
36
38
40
36
30
23
15
8
1
-5
-11
-18
-25
-29
-33
-34
-36
-35
-28
-23
-15
-9
-4
2
9
16
24
32
37
41
42
41
40
36
31
22
12
2
-8
-15
-22
-29
-36
-42
-46
-48
-49
-44
-37
-25
-14
-4
7
16
23
30
38
45
48
51
52
50
45
35
26
19
10
2
-5
-12
-16
-21
-27
-31
-35
-36
-34
-31
-25
-20
-13
-6
-1
8
16
22
30
35
40
44
45
44
42
38
31
21
12
2
-8
-18
-26
-35
-42
-50
-54
-54
-51
-45
-39
-30
-18
-7
4
14
25
33
41
47
52
53
53
50
46
39
31
21
12
2
-9
-18
-25
-30
-37
-41
-42
-43
-39
-35
-29
-20
-13
-3
5
13
20
24
29
30
33
32
30
25
19
11
3
-4
-15
-25
-34
-41
-47
-52
-54
-54
-54
-53
-51
-47
-43
-37
-28
-20
-12
-4
3
11
17
21
26
27
27
25
20
18
12
8
1
-7
-14
-21
-28
-33
-35
-37
-36
-32
-27
-22
-16
-11
-4
5
14
22
29
36
40
43
42
40
36
30
24
17
11
5
-1
-6
-10
-14
-16
-19
-19
-18
-12
-7
0
7
11
17
22
24
27
30
33
36
37
34
31
28
22
18
17
15
11
9
6
3
-1
-3
-3
-3
-3
-1
-1
-1
-1
-1
0
3
6
6
5
6
5
7
6
4
2
-2
-4
-6
-9
-10
-11
-12
-12
-13
-14
-16
-14
-11
-7
-4
-2
0
3
4
6
6
7
7
6
5
2
1
-4
-6
-6
-8
-7
-8
-10
-10
-11
-10
-8
-7
-4
-2
-1
-1
0
1
1
2
2
1
0
-1
-2
-2
-5
-7
-11
-14
-18
-19
-21
-20
-18
-17
-19
-19
-17
-16
-12
-7
0
8
13
17
20
19
19
19
19
21
19
17
15
9
4
-4
-11
-16
-19
-21
-22
-21
-19
-16
-15
-15
-13
-9
-2
5
11
18
24
26
28
29
28
28
26
25
22
17
11
6
-3
-11
-17
-23
-27
-30
-32
-33
-30
-27
-21
-15
-8
-1
7
15
23
31
37
41
45
46
46
44
39
31
23
15
5
-2
-7
-15
-21
-26
-32
-37
-40
-40
-37
-33
-26
-15
-8
-1
4
9
15
22
30
36
39
39
38
34
27
19
11
4
-6
-17
-26
-33
-39
-44
-49
-51
-51
-51
-45
-35
-23
-10
-1
8
16
24
30
35
40
42
42
40
36
30
23
14
6
-4
-11
-16
-23
-27
-31
-33
-35
-37
-35
-33
-29
-23
-17
-9
-1
6
10
15
18
24
30
35
37
37
33
29
25
17
11
4
-3
-10
-17
-23
-28
-32
-33
-33
-30
-26
-24
-19
-13
-5
6
14
21
27
31
36
39
40
38
35
33
30
26
21
15
11
2
-7
-15
-20
-25
-29
-31
-31
-30
-27
-26
-23
-20
-15
-9
-1
8
18
25
30
30
28
24
19
17
15
10
3
-5
-11
-18
-25
-29
-32
-34
-33
-31
-27
-24
-19
-17
-14
-10
-7
-4
1
5
9
12
13
12
11
9
5
5
4
5
6
3
0
-5
-11
-16
-21
-23
-23
-26
-27
-25
-25
-24
-21
-18
-15
-10
-4
2
8
14
17
15
16
17
17
17
16
15
12
9
5
4
2
0
1
0
1
2
5
5
4
3
3
5
7
10
12
12
13
14
17
18
21
23
23
23
22
20
19
16
14
10
4
0
-3
-5
-7
-10
-11
-13
-11
-12
-10
-5
-2
0
2
2
2
3
3
3
4
5
6
5
5
6
5
3
4
6
9
11
12
14
14
13
12
9
8
4
1
-1
-2
-4
-5
-4
-4
-5
-6
-5
-5
-2
1
5
5
4
4
1
-1
-4
-4
-5
-5
-4
-5
-5
-7
-7
-7
-8
-7
-7
-7
-6
-9
-10
-12
-14
-17
-21
-24
-24
-20
-16
-11
-6
-2
1
4
8
13
16
18
19
18
15
10
3
-4
-11
-18
-22
-24
-26
-27
-28
-28
-26
-22
-18
-13
-8
-3
0
1
2
0
-1
-3
-2
-1
-1
0
0
0
-1
-1
-3
-2
0
2
4
5
7
6
1
-5
-9
-11
-11
-9
-6
-3
1
5
8
13
18
24
29
33
37
38
38
35
30
25
19
14
9
7
4
2
2
2
1
1
1
3
3
5
7
7
9
7
5
4
4
3
5
7
10
15
17
20
22
23
25
23
21
19
16
9
2
-7
-16
-23
-29
-31
-34
-33
-31
-28
-26
-22
-16
-10
-2
5
10
15
17
16
10
4
0
-4
-8
-12
-16
-22
-25
-28
-32
-31
-33
-31
-30
-30
-29
-29
-28
-27
-26
-25
-24
-22
-19
-17
-13
-9
-3
1
5
7
10
13
14
15
12
8
4
-1
-6
-10
-15
-18
-19
-20
-22
-21
-20
-16
-10
-7
-1
4
11
15
20
23
24
23
20
19
20
19
18
15
11
9
7
5
3
0
-2
-1
1
3
5
2
1
-2
-1
2
6
9
12
14
18
20
22
22
22
24
25
26
26
25
22
21
18
14
12
9
9
9
9
10
9
7
5
2
1
3
7
11
11
12
10
9
8
10
12
15
17
19
17
15
13
11
7
2
-1
-2
-3
-4
-4
-6
-6
-10
-12
-13
-13
-10
-6
-1
3
4
4
4
3
1
1
2
2
4
5
3
-1
-4
-7
-10
-11
-10
-9
-7
-7
-10
-13
-15
-17
-20
-20
-18
-17
-16
-15
-13
-15
-16
-15
-18
-17
-15
-14
-11
-11
-12
-12
-14
-15
-17
-18
-17
-18
-17
-18
-20
-22
-24
-25
-25
-23
-21
-18
-16
-15
-16
-16
-13
-10
-10
-8
-7
-3
-2
0
2
2
1
1
0
0
0
-1
-1
-3
-4
-5
-4
-6
-5
-4
-2
-1
0
3
2
5
7
9
12
13
14
15
16
17
17
17
17
18
16
17
17
17
17
17
17
18
17
17
17
17
18
20
20
20
21
22
21
20
21
21
22
22
23
23
22
19
16
15
15
14
12
11
8
4
3
3
-1
-2
-3
-4
-5
-5
-4
-3
-3
-5
-8
-10
-10
-6
-5
-4
-3
-3
-4
-5
-7
-7
-8
-7
