1.000000e-030   6.000000e-001   1.000000e-030   1.000000e-030   1.000000e-030   1.000000e-030   1.000000e-030   1.000000e-030   1.000000e-030   1.000000e-030   1.000000e-030   1.000000e-030   1.000000e-030   1.000000e-001   1.000000e-030   1.000000e-030   1.000000e-030   1.000000e-030   1.000000e-030   8.196079e-247   1.000000e-030   3.000000e-001   1.000000e-030   1.000000e-030   1.000000e-030   1.000000e-030   1.000000e-030   1.000000e-030   1.000000e-030   2.992731e-238   1.000000e-030   1.000000e-030   

1.000000e-030   5.122549e-246   1.000000e-030   1.000000e-030   1.000000e-030   1.000000e-030   1.000000e-030   5.000000e-001   1.000000e-030   1.000000e-030   1.000000e-030   1.000000e-030   1.000000e-030   7.724761e-264   1.000000e-030   1.000000e-030   1.000000e-030   1.000000e-030   1.000000e-030   5.000000e-001   1.000000e-030   2.384186e-232   1.000000e-030   1.000000e-030   1.000000e-030   1.000000e-030   1.000000e-030   1.000000e-030   1.000000e-030   1.000000e-030   1.000000e-030   6.738998e-244   

1.000000e-030   1.931190e-294   4.599065e-241   1.000000e-030   1.000000e-030   1.000000e-030   1.000000e-030   1.286711e-128   1.000000e-030   1.000000e-030   1.000000e-030   1.000000e-030   1.358491e-246   1.000000e-030   1.541097e-242   1.000000e-030   1.000000e-030   1.000000e-030   1.000000e-030   1.000000e-030   1.000000e-030   1.192093e-232   1.000000e-030   1.000000e-030   1.000000e-030   1.000000e-030   1.000000e-030   1.000000e-030   1.000000e-030   1.000000e-030   1.000000e-030   1.000000e+000   

1.000000e-030   7.358573e-237   1.111112e-001   1.000000e-030   1.000000e-030   1.000000e-030   1.000000e-030   1.111112e-001   1.000000e-030   1.000000e-030   1.000000e-030   1.000000e-030   1.111104e-001   2.980234e-234   6.666672e-001   1.000000e-030   1.000000e-030   1.000000e-030   1.000000e-030   3.241483e-008   1.000000e-030   5.408573e-233   1.000000e-030   1.000000e-030   1.000000e-030   1.000000e-030   1.000000e-030   1.000000e-030   1.000000e-030   7.358570e-238   1.000000e-030   3.535668e-244   

1.000000e-030   9.999993e-002   4.350998e-245   1.000000e-030   1.000000e-030   1.000000e-030   1.000000e-030   1.000000e-030   1.000000e-030   1.000000e-030   1.000000e-030   1.000000e-030   7.391003e-007   1.999999e-001   2.585290e-271   1.000000e-030   1.000000e-030   1.000000e-030   1.000000e-030   9.999990e-002   1.000000e-030   4.999996e-001   1.000000e-030   1.000000e-030   1.000000e-030   1.000000e-030   1.000000e-030   1.000000e-030   1.000000e-030   9.999993e-002   1.000000e-030   1.000000e-030   

