2.363159e+062 -3.048867e+058 -8.958535e+058 -1.458718e+059 -2.524977e+059 -2.906350e+059 -3.726849e+059 -3.862132e+059 -3.704672e+059 -3.322900e+059 -2.271903e+059 1.077980e+056 
2.313996e+062 2.867082e+060 4.809334e+060 1.450349e+061 1.953480e+060 1.896551e+061 6.284818e+060 1.124239e+061 1.075222e+061 4.471115e+060 6.006671e+060 1.418713e+059 
2.362987e+062 -2.113370e+058 -7.092708e+058 -9.508299e+058 -2.428066e+059 -2.246100e+059 -3.484063e+059 -3.453175e+059 -3.344253e+059 -3.151653e+059 -2.066349e+059 7.825803e+055 
2.363173e+062 -3.126067e+058 -9.150713e+058 -1.479329e+059 -2.559699e+059 -2.999640e+059 -3.755609e+059 -3.946065e+059 -3.804924e+059 -3.353921e+059 -2.336988e+059 1.120363e+056 
2.363254e+062 -3.632073e+058 -9.843230e+058 -1.725811e+059 -2.583495e+059 -3.283612e+059 -3.860856e+059 -4.085276e+059 -3.950893e+059 -3.390964e+059 -2.402882e+059 1.258113e+056 
2.363271e+062 -3.781778e+058 -1.010270e+059 -1.788686e+059 -2.616061e+059 -3.373091e+059 -3.933307e+059 -4.175285e+059 -4.045706e+059 -3.473382e+059 -2.458784e+059 1.321204e+056 
2.363267e+062 -3.658525e+058 -9.784523e+058 -1.724588e+059 -2.560121e+059 -3.282913e+059 -3.844268e+059 -4.085655e+059 -3.955781e+059 -3.403019e+059 -2.402126e+059 1.254752e+056 
2.363269e+062 -3.715123e+058 -9.992228e+058 -1.781094e+059 -2.587978e+059 -3.344640e+059 -3.911552e+059 -4.147315e+059 -4.016262e+059 -3.452029e+059 -2.443495e+059 1.300009e+056 
2.363263e+062 -3.697623e+058 -9.906237e+058 -1.736795e+059 -2.538701e+059 -3.253900e+059 -3.795457e+059 -4.036901e+059 -3.908907e+059 -3.384935e+059 -2.397252e+059 1.243860e+056 
2.363282e+062 -3.764154e+058 -1.001580e+059 -1.782758e+059 -2.613527e+059 -3.361540e+059 -3.927261e+059 -4.169285e+059 -4.037408e+059 -3.466247e+059 -2.455123e+059 1.313782e+056 
2.363053e+062 -1.241105e+059 -3.268910e+059 -5.766840e+059 -8.360330e+059 -1.070412e+060 -1.235862e+060 -1.296552e+060 -1.239692e+060 -1.049610e+060 -7.315541e+059 1.306067e+057 
2.356231e+062 -2.236003e+060 -5.782211e+060 -1.005946e+061 -1.436430e+061 -1.797169e+061 -2.023899e+061 -2.070249e+061 -1.914616e+061 -1.562920e+061 -1.047629e+061 3.577910e+059 
2.351694e+062 -3.629762e+060 -9.358778e+060 -1.620367e+061 -2.298882e+061 -2.852762e+061 -3.180415e+061 -3.213703e+061 -2.928901e+061 -2.349670e+061 -1.542931e+061 8.912060e+059 
2.357775e+062 -1.721808e+060 -4.452715e+060 -7.748409e+060 -1.107051e+061 -1.385820e+061 -1.561933e+061 -1.599085e+061 -1.480592e+061 -1.210177e+061 -8.122719e+060 2.122816e+059 
2.341017e+062 -5.624818e+060 -1.344458e+061 -2.272399e+061 -3.268460e+061 -4.126033e+061 -4.601557e+061 -4.543677e+061 -3.972038e+061 -3.027902e+061 -1.892212e+061 1.784572e+060 
2.343225e+062 -4.715445e+060 -1.064261e+061 -1.733654e+061 -2.516198e+061 -3.327416e+061 -3.905812e+061 -3.986303e+061 -3.526093e+061 -2.699199e+061 -1.708750e+061 1.223761e+060 
2.341960e+062 -4.867563e+060 -1.063757e+061 -1.698527e+061 -2.485284e+061 -3.356257e+061 -4.014182e+061 -4.127776e+061 -3.625315e+061 -2.724983e+061 -1.699801e+061 1.250991e+060 
2.345581e+062 -4.652532e+060 -1.104506e+061 -1.839490e+061 -2.645878e+061 -3.419733e+061 -3.951476e+061 -4.030940e+061 -3.604839e+061 -2.797436e+061 -1.789310e+061 1.296221e+060 
2.347584e+062 -4.500748e+060 -1.117380e+061 -1.900894e+061 -2.712400e+061 -3.423644e+061 -3.871898e+061 -3.919368e+061 -3.528543e+061 -2.778171e+061 -1.796401e+061 1.287523e+060 
2.349587e+062 -3.993270e+060 -9.962172e+060 -1.698574e+061 -2.420101e+061 -3.047400e+061 -3.440098e+061 -3.480979e+061 -3.138874e+061 -2.477757e+061 -1.606473e+061 1.017028e+060 
2.349437e+062 -3.750908e+060 -9.039678e+060 -1.520723e+061 -2.189011e+061 -2.815124e+061 -3.227491e+061 -3.270045e+061 -2.918711e+061 -2.275901e+061 -1.469737e+061 8.614647e+059 
2.353815e+062 -2.931105e+060 -7.517549e+060 -1.302262e+061 -1.858592e+061 -2.326430e+061 -2.615320e+061 -2.659376e+061 -2.436412e+061 -1.967083e+061 -1.304014e+061 5.949526e+059 
2.359325e+062 -1.209853e+060 -3.089041e+060 -5.361094e+060 -7.731705e+060 -9.842858e+060 -1.128952e+061 -1.170648e+061 -1.093040e+061 -9.007718e+060 -6.118871e+060 1.088215e+059 
2.360061e+062 -1.054181e+060 -2.731957e+060 -4.778837e+060 -6.884712e+060 -8.718869e+060 -9.961578e+060 -1.034126e+061 -9.716742e+060 -8.072650e+060 -5.518734e+060 8.559283e+058 
2.361966e+062 -4.601701e+059 -1.197569e+060 -2.101762e+060 -3.038135e+060 -3.861918e+060 -4.430469e+060 -4.624833e+060 -4.376292e+060 -3.665236e+060 -2.529424e+060 1.687435e+058 
2.363239e+062 -4.415406e+058 -1.168216e+059 -2.054701e+059 -2.991005e+059 -3.861326e+059 -4.489172e+059 -4.768489e+059 -4.591955e+059 -3.921082e+059 -2.766091e+059 1.726209e+056 
2.363257e+062 -3.928803e+058 -1.047708e+059 -1.861173e+059 -2.726120e+059 -3.510588e+059 -4.097596e+059 -4.349781e+059 -4.194524e+059 -3.600012e+059 -2.541094e+059 1.427398e+056 
2.363267e+062 -3.818156e+058 -1.016349e+059 -1.804003e+059 -2.646645e+059 -3.414651e+059 -3.977447e+059 -4.230477e+059 -4.088976e+059 -3.504897e+059 -2.476251e+059 1.348518e+056 
2.363273e+062 -3.767985e+058 -9.996882e+058 -1.776895e+059 -2.604733e+059 -3.361929e+059 -3.916587e+059 -4.171299e+059 -4.030366e+059 -3.455426e+059 -2.446585e+059 1.309071e+056 
2.363271e+062 -3.820961e+058 -1.015279e+059 -1.794184e+059 -2.637020e+059 -3.396485e+059 -3.946707e+059 -4.200140e+059 -4.062483e+059 -3.482331e+059 -2.469288e+059 1.335231e+056 
2.363272e+062 -3.808685e+058 -1.010460e+059 -1.790786e+059 -2.620460e+059 -3.377002e+059 -3.936053e+059 -4.166063e+059 -4.030724e+059 -3.451980e+059 -2.441927e+059 1.319566e+056 
2.363276e+062 -3.698706e+058 -9.852276e+058 -1.756221e+059 -2.562825e+059 -3.307694e+059 -3.859592e+059 -4.101142e+059 -3.971079e+059 -3.413550e+059 -2.415303e+059 1.270568e+056 
2.363270e+062 -3.704836e+058 -9.976250e+058 -1.765124e+059 -2.592039e+059 -3.344688e+059 -3.900552e+059 -4.150546e+059 -4.015173e+059 -3.452627e+059 -2.441142e+059 1.296313e+056 
2.363273e+062 -3.737612e+058 -1.006361e+059 -1.782433e+059 -2.593267e+059 -3.357844e+059 -3.916858e+059 -4.149776e+059 -4.026096e+059 -3.461576e+059 -2.443307e+059 1.306698e+056 
2.363237e+062 -3.495356e+058 -9.936723e+058 -1.752576e+059 -2.567921e+059 -3.304132e+059 -3.921401e+059 -4.103556e+059 -3.984423e+059 -3.478019e+059 -2.447138e+059 1.275559e+056 
