2.363286e+062 -3.832604e+058 -1.003384e+059 -1.780247e+059 -2.606964e+059 -3.358240e+059 -3.913142e+059 -4.162497e+059 -4.025846e+059 -3.452145e+059 -2.444892e+059 1.311696e+056 
2.363287e+062 -3.807242e+058 -1.000433e+059 -1.774448e+059 -2.598114e+059 -3.350499e+059 -3.903729e+059 -4.156612e+059 -4.014814e+059 -3.443149e+059 -2.437364e+059 1.304081e+056 
2.363289e+062 -3.816217e+058 -1.003730e+059 -1.780962e+059 -2.606821e+059 -3.358178e+059 -3.912094e+059 -4.163162e+059 -4.023709e+059 -3.451379e+059 -2.443361e+059 1.310777e+056 
2.363288e+062 -3.813318e+058 -1.001991e+059 -1.777387e+059 -2.600785e+059 -3.346573e+059 -3.900909e+059 -4.149078e+059 -4.011425e+059 -3.442034e+059 -2.436506e+059 1.303956e+056 
2.363287e+062 -3.813351e+058 -1.004011e+059 -1.779618e+059 -2.606669e+059 -3.359285e+059 -3.912992e+059 -4.168036e+059 -4.026843e+059 -3.452703e+059 -2.446200e+059 1.311531e+056 
2.363288e+062 -3.830232e+058 -1.004651e+059 -1.784100e+059 -2.610423e+059 -3.361386e+059 -3.915781e+059 -4.165197e+059 -4.025778e+059 -3.453849e+059 -2.443738e+059 1.313635e+056 
2.363288e+062 -3.795664e+058 -9.980164e+058 -1.770954e+059 -2.593099e+059 -3.341727e+059 -3.895322e+059 -4.141815e+059 -4.005956e+059 -3.435988e+059 -2.431955e+059 1.297789e+056 
2.363288e+062 -3.811831e+058 -1.001864e+059 -1.779882e+059 -2.605258e+059 -3.357090e+059 -3.911462e+059 -4.158660e+059 -4.022379e+059 -3.450466e+059 -2.444374e+059 1.309226e+056 
2.363289e+062 -3.807723e+058 -1.001305e+059 -1.777144e+059 -2.599938e+059 -3.350427e+059 -3.902605e+059 -4.151362e+059 -4.012745e+059 -3.440496e+059 -2.436665e+059 1.304081e+056 
2.363287e+062 -3.810097e+058 -1.004671e+059 -1.785098e+059 -2.611199e+059 -3.365586e+059 -3.925145e+059 -4.174023e+059 -4.033315e+059 -3.462007e+059 -2.451023e+059 1.316386e+056 
2.344885e+062 2.972738e+060 1.076792e+060 1.134889e+060 7.079734e+060 3.806856e+060 7.447484e+059 5.306029e+060 4.168938e+060 7.875444e+059 1.469879e+060 2.184176e+058 
2.075202e+062 4.008523e+061 1.309685e+061 4.472354e+061 1.043712e+062 5.216164e+061 6.329585e+061 1.082025e+062 6.434872e+061 4.854593e+061 4.930870e+061 9.279027e+060 
1.537987e+062 1.041844e+062 7.560913e+061 9.352251e+061 3.121716e+062 3.550804e+062 3.209943e+062 4.817660e+062 5.800144e+062 5.086402e+062 4.327935e+062 2.078266e+062 
1.372123e+062 1.166253e+062 9.708413e+061 1.189113e+062 3.872450e+062 4.985739e+062 5.067240e+062 7.696231e+062 9.717087e+062 9.773461e+062 9.074393e+062 4.939570e+062 
2.090057e+062 3.166481e+061 1.126848e+061 5.171266e+061 9.004793e+061 5.528603e+061 7.282200e+061 7.897153e+061 5.605875e+061 4.847195e+061 3.580654e+061 6.536375e+060 
2.306274e+062 -1.242148e+060 -1.490167e+059 9.912302e+060 1.648114e+061 6.845133e+060 -5.335989e+060 -1.293441e+061 -1.483023e+061 -8.734314e+060 -1.675790e+060 -1.254358e+059 
2.324757e+062 -4.164575e+060 -5.758950e+060 -3.593248e+060 -6.717109e+060 -1.868304e+061 -3.065883e+061 -3.593515e+061 -3.082587e+061 -1.980565e+061 -1.076113e+061 4.234262e+059 
2.333553e+062 -3.697777e+060 -5.097330e+060 -5.414838e+060 -1.083113e+061 -2.203050e+061 -3.180023e+061 -3.302774e+061 -2.630633e+061 -1.749614e+061 -1.067467e+061 4.729955e+059 
2.317602e+062 -4.826747e+060 -3.397905e+060 1.813617e+060 -1.515270e+060 -1.637036e+061 -3.326716e+061 -3.861393e+061 -2.981630e+061 -1.658590e+061 -7.946614e+060 2.446562e+059 
2.314348e+062 -4.581613e+060 -2.705276e+060 4.144085e+060 1.911757e+060 -1.272765e+061 -2.973360e+061 -3.569773e+061 -2.706450e+061 -1.389852e+061 -5.912379e+060 1.078411e+059 
2.344469e+062 -3.596900e+060 -7.190864e+060 -1.057390e+061 -1.527070e+061 -2.114507e+061 -2.581801e+061 -2.718704e+061 -2.435071e+061 -1.835158e+061 -1.115326e+061 5.272528e+059 
2.240911e+062 -6.499759e+060 1.640958e+061 4.965262e+061 5.410112e+061 2.496213e+061 -4.007612e+060 -5.401118e+060 1.191918e+061 2.181741e+061 1.503934e+061 1.216755e+059 
2.348155e+062 -3.821750e+060 -8.878481e+060 -1.454334e+061 -2.065734e+061 -2.636131e+061 -2.998716e+061 -3.014923e+061 -2.669149e+061 -2.054910e+061 -1.296400e+061 7.562413e+059 
2.343330e+062 -5.993450e+060 -1.502875e+061 -2.525584e+061 -3.479217e+061 -4.189611e+061 -4.515880e+061 -4.378395e+061 -3.787875e+061 -2.849864e+061 -1.733921e+061 1.834455e+060 
2.343237e+062 -6.052621e+060 -1.515848e+061 -2.530312e+061 -3.441137e+061 -4.072149e+061 -4.306774e+061 -4.104558e+061 -3.504963e+061 -2.616076e+061 -1.586652e+061 1.702405e+060 
2.341214e+062 -6.326967e+060 -1.529541e+061 -2.444523e+061 -3.159677e+061 -3.524404e+061 -3.476030e+061 -3.045992e+061 -2.351754e+061 -1.561388e+061 -8.333305e+060 1.119143e+060 
2.348265e+062 -3.972073e+060 -8.982961e+060 -1.331744e+061 -1.593571e+061 -1.646104e+061 -1.493147e+061 -1.173183e+061 -7.686958e+060 -3.945789e+060 -1.451295e+060 1.958769e+059 
2.352266e+062 -3.231491e+060 -7.835468e+060 -1.251221e+061 -1.605201e+061 -1.765733e+061 -1.711288e+061 -1.476134e+061 -1.131413e+061 -7.574752e+060 -4.175935e+060 2.689580e+059 
2.359749e+062 -1.098388e+060 -2.799555e+060 -4.788666e+060 -6.713392e+060 -8.243764e+060 -9.124043e+060 -9.197067e+060 -8.414835e+060 -6.830434e+060 -4.579471e+060 7.423201e+058 
2.362252e+062 -3.312869e+059 -8.466234e+059 -1.453091e+060 -2.044467e+060 -2.520037e+060 -2.799079e+060 -2.830445e+060 -2.596471e+060 -2.111812e+060 -1.418002e+060 6.908442e+057 
2.363046e+062 -1.012115e+059 -2.548114e+059 -4.290958e+059 -5.903342e+059 -7.086043e+059 -7.651841e+059 -7.505039e+059 -6.681809e+059 -5.284930e+059 -3.465052e+059 5.245134e+056 
2.362825e+062 -1.871409e+059 -4.848616e+059 -8.464716e+059 -1.214655e+060 -1.529780e+060 -1.739075e+060 -1.800647e+060 -1.690055e+060 -1.405458e+060 -9.636239e+059 2.617282e+057 
2.362937e+062 -1.424783e+059 -3.719964e+059 -6.562972e+059 -9.537919e+059 -1.218545e+060 -1.406524e+060 -1.480553e+060 -1.414666e+060 -1.197840e+060 -8.364344e+059 1.699023e+057 
2.363044e+062 -1.030323e+059 -2.693261e+059 -4.756965e+059 -6.918965e+059 -8.848668e+059 -1.022746e+060 -1.078421e+060 -1.032401e+060 -8.758308e+059 -6.128317e+059 8.981476e+056 
2.363191e+062 -7.402503e+058 -1.938747e+059 -3.426676e+059 -4.989593e+059 -6.393004e+059 -7.404546e+059 -7.822666e+059 -7.504223e+059 -6.383606e+059 -4.478177e+059 4.702680e+056 
2.363226e+062 -5.639422e+058 -1.480383e+059 -2.623267e+059 -3.826285e+059 -4.912907e+059 -5.707208e+059 -6.045198e+059 -5.816456e+059 -4.964814e+059 -3.495282e+059 2.789200e+056 
2.363234e+062 -4.871264e+058 -1.280793e+059 -2.266362e+059 -3.310238e+059 -4.256606e+059 -4.946751e+059 -5.246535e+059 -5.057254e+059 -4.322896e+059 -3.050289e+059 2.096725e+056 
2.363280e+062 -3.924849e+058 -1.034557e+059 -1.831857e+059 -2.682909e+059 -3.455818e+059 -4.023139e+059 -4.277016e+059 -4.133535e+059 -3.542719e+059 -2.507040e+059 1.385858e+056 
2.363289e+062 -3.798488e+058 -9.987424e+058 -1.772889e+059 -2.596844e+059 -3.343907e+059 -3.899661e+059 -4.143631e+059 -4.005235e+059 -3.435595e+059 -2.432989e+059 1.299516e+056 
2.363288e+062 -3.797743e+058 -1.001124e+059 -1.777114e+059 -2.599448e+059 -3.347428e+059 -3.902592e+059 -4.148895e+059 -4.010275e+059 -3.439158e+059 -2.434959e+059 1.302679e+056 
2.363286e+062 -3.811118e+058 -1.004109e+059 -1.783673e+059 -2.610517e+059 -3.361909e+059 -3.920961e+059 -4.169551e+059 -4.027227e+059 -3.457942e+059 -2.447810e+059 1.314051e+056 
2.363289e+062 -3.821104e+058 -1.003646e+059 -1.782611e+059 -2.609995e+059 -3.360922e+059 -3.918181e+059 -4.165749e+059 -4.028296e+059 -3.453016e+059 -2.445675e+059 1.313155e+056 
