127
132
142
148
154
160
164
166
168
169
169
171
169
168
166
162
158
155
148
142
136
130
123
117
110
101
93
83
74
63
54
43
33
22
10
-1
-12
-23
-34
-48
-58
-69
-78
-86
-94
-103
-112
-120
-126
-132
-137
-141
-145
-148
-149
-149
-150
-148
-148
-147
-145
-138
-131
-124
-116
-109
-100
-92
-84
-74
-64
-54
-44
-34
-24
-16
-8
2
11
21
30
38
45
52
57
62
68
72
74
79
81
83
85
84
81
80
78
75
74
69
68
65
63
60
53
49
45
40
38
34
30
28
26
21
18
15
12
10
9
9
7
5
0
-2
-5
-6
-8
-8
-8
-13
-13
-15
-17
-19
-23
-25
-26
-26
-27
-29
-30
-32
-33
-33
-34
-33
-34
-33
-34
-34
-32
-29
-29
-27
-25
-24
-19
-17
-17
-15
-13
-9
-5
-2
2
6
9
12
14
16
18
21
23
24
24
24
27
28
29
30
30
30
28
27
23
22
21
20
19
17
14
11
8
5
1
-4
-5
-6
-6
-8
-11
-12
-14
-15
-16
-17
-17
-17
-19
-20
-21
-20
-20
-20
-20
-19
-19
-18
-17
-17
-15
-15
-13
-14
-14
-14
-15
-14
-13
-14
-13
-15
-14
-12
-11
-11
-9
-7
-7
-6
-7
-6
-5
-3
-2
-2
0
2
3
4
6
6
7
8
9
8
10
12
15
16
17
18
17
20
19
20
19
18
18
16
18
16
14
12
12
11
8
8
7
6
5
5
4
3
2
-2
-3
-4
-5
-6
-7
-9
-11
-11
-12
-13
-13
-13
-14
-14
-14
-14
-13
-14
-15
-15
-16
-16
-18
-18
-17
-17
-16
-15
-14
-13
-14
-14
-11
-10
-12
-12
-10
-9
-6
-5
-3
-1
-1
1
3
4
4
7
6
9
11
14
16
16
17
18
18
20
20
21
23
23
23
23
23
21
20
19
19
16
15
14
13
11
12
11
10
9
6
3
3
1
1
0
-2
-3
-4
-4
-6
-7
-8
-8
-10
-11
-11
-11
-11
-12
-13
-12
-13
-13
-13
-13
-12
-11
-13
-11
-9
-12
-13
-14
-14
-15
-14
-15
-16
-16
-15
-15
-15
-15
-14
-15
-13
-11
-11
-8
-8
-6
-5
-3
-2
0
3
3
5
7
8
9
11
13
13
14
18
20
21
22
24
24
25
26
28
27
30
31
30
32
32
31
29
28
25
22
22
20
18
17
15
12
9
7
5
3
2
1
0
-2
-2
-3
-5
-7
-7
-8
-10
-11
-13
-12
-13
-15
-15
-16
-16
-15
-15
-16
-14
-12
-13
-13
-12
-12
-13
-12
-11
-11
-11
-11
-12
-12
-14
-12
-12
-10
-10
-11
-10
-9
-9
-8
-7
-6
-4
-4
-2
0
1
4
6
7
8
9
9
11
13
13
13
15
16
17
19
20
20
22
22
20
21
22
22
23
22
21
21
20
17
16
13
12
11
9
8
7
6
5
2
1
0
0
0
-1
-5
-7
-10
-10
-8
-8
-10
-10
-12
-15
-16
-17
-16
-17
-16
-17
-18
-18
-20
-19
-19
-18
-18
-18
-18
-17
-19
-18
-16
-16
-15
-15
-16
-16
-15
-14
-12
-11
-10
-10
-9
-7
-7
-6
-4
-2
-2
2
4
5
8
8
9
10
10
11
12
14
14
15
14
13
15
16
16
16
18
18
17
16
16
16
17
15
15
14
13
13
11
10
12
10
9
7
6
5
2
1
2
-1
-1
-2
-4
-4
-6
-7
-9
-11
-11
-11
-13
-13
-13
-13
-14
-14
-15
-16
-16
-16
-14
-15
-15
-18
-19
-20
-20
-19
-18
-18
-18
-18
-18
-16
-14
-13
-11
-11
-9
-7
-6
-5
-4
-4
-2
0
1
3
2
3
2
4
5
6
7
7
9
8
12
14
14
16
15
16
14
14
12
10
9
11
11
10
10
9
8
10
8
8
7
6
6
7
7
7
4
4
4
2
2
2
3
5
6
4
4
3
0
0
0
-1
-2
-3
-5
-5
-7
-7
-7
-6
-7
-10
-9
-10
-12
-13
-14
-13
-12
-12
-13
-11
-12
-13
-13
-14
-11
-10
-8
-8
-7
-5
-5
-3
-2
0
0
0
1
1
3
4
6
8
10
11
10
10
11
12
12
12
13
13
13
15
13
14
13
12
12
11
11
10
10
9
9
7
8
6
4
4
4
3
3
4
3
2
0
0
-1
-1
0
-1
-1
-2
-2
-2
-2
-3
-2
-3
-5
-5
-7
-6
-7
-6
-7
-9
-10
-10
-10
-10
-11
-10
-10
-12
-12
-13
-14
-14
-12
-13
-12
-13
-12
-11
-11
-10
-9
-8
-9
-9
-8
-9
-6
-5
-4
-2
-2
0
0
1
4
4
4
5
4
5
5
5
7
6
7
7
7
8
8
7
6
6
5
5
5
3
5
5
6
6
5
4
2
1
2
1
1
0
2
1
-1
-2
-2
-3
-3
-3
-3
-4
-3
-4
-5
-5
-4
-5
-5
-6
-5
-6
-6
-6
-6
-6
-6
-5
-5
-5
-5
-5
-5
-5
-4
-2
-1
-1
0
0
0
0
-1
0
1
-1
1
0
-2
1
-1
0
0
2
3
3
4
6
6
6
6
7
7
6
6
6
9
9
8
7
6
6
4
6
6
5
6
6
7
5
4
5
4
5
4
4
3
3
1
3
2
3
3
3
2
0
0
-2
-1
-2
-3
-1
-1
0
-3
-2
-3
-4
-3
-5
-5
-7
-6
-6
-5
-4
-5
-4
-3
-3
-3
-6
-5
-5
-4
-2
-1
0
1
1
1
1
2
2
2
3
3
3
4
6
5
6
6
5
6
7
7
6
5
4
5
5
5
4
6
5
5
3
3
4
3
4
2
3
4
3
4
4
5
4
3
2
1
2
1
1
2
0
0
-1
0
-1
-1
0
-2
-1
0
-2
-1
-2
-1
-4
-3
-4
-5
-3
-4
-4
-5
-5
-4
-5
-5
-5
-5
-4
-6
-5
-5
-5
-4
-4
-4
-2
-2
-4
-2
-2
0
2
2
3
5
4
4
6
6
7
7
8
8
6
6
7
7
7
8
8
9
9
7
8
6
5
6
5
4
5
3
2
2
1
1
1
-1
-1
-2
-3
-2
-3
0
-2
-3
-4
-6
-5
-5
-5
-5
-4
-3
-5
-4
-6
-4
-4
-4
-4
-3
-3
-3
-4
-4
-4
-5
-5
-5
-5
-7
-8
-7
-7
-4
-5
-4
-4
-4
-3
-2
0
-1
-1
-1
-1
0
1
2
1
-1
0
0
2
4
4
4
7
8
9
10
10
10
9
9
9
8
9
6
6
5
5
5
5
5
5
6
4
4
5
4
4
3
3
1
2
1
0
0
-1
-1
-3
-2
-4
-4
-5
-4
-6
-5
-4
-6
-8
-9
-10
-9
-9
-8
-7
-7
-7
-8
-7
-7
-7
-6
-8
-9
-9
-9
-9
-7
-6
-6
-5
-6
-5
-3
-2
-2
-2
-2
-4
-3
-1
-2
-1
-1
-1
0
-1
1
2
3
4
1
2
4
3
5
5
4
5
3
3
3
2
3
4
3
4
5
4
5
5
4
4
3
3
2
2
1
1
-1
-3
-2
-1
-2
-1
-2
-1
0
0
3
1
1
-1
-1
-1
0
-1
-4
-6
-5
-4
-5
-5
-5
-5
-5
-5
-6
-6
-7
-6
-5
-6
-5
-5
-4
-5
-5
-4
-5
-5
-6
-5
-3
-2
-1
-1
0
0
1
2
2
2
2
3
3
4
4
4
4
3
6
6
6
6
5
3
3
6
7
7
6
5
3
3
3
3
3
4
4
5
5
3
3
2
2
2
0
0
0
0
-1
0
1
-1
0
1
0
0
-2
-2
-2
-2
-1
-3
-3
-2
-2
-2
-2
-1
-1
0
-1
-2
-1
-2
-2
-3
-4
-6
-5
-5
-5
-4
-3
-2
-2
-2
-2
-2
-3
-1
-1
-2
-2
0
0
0
1
1
3
3
4
5
3
5
4
2
4
6
7
7
6
5
5
5
7
9
8
9
7
8
7
6
6
5
4
3
4
3
4
3
1
1
-1
-1
-2
-1
-2
-1
0
-1
-1
-1
-2
-1
-1
-2
-4
-3
-3
-3
-1
-2
-2
-1
-2
-2
-1
-2
0
-2
-2
-2
-2
-2
-1
-3
-4
-5
-6
-5
-4
-3
-2
-2
-3
-2
-2
-2
-1
-2
-2
-2
-2
-2
-3
-2
-1
-2
-1
-1
0
0
1
1
0
0
-1
-1
1
2
2
3
2
4
3
2
2
1
0
2
3
3
3
4
3
3
2
2
3
2
0
0
0
0
0
-1
-3
-2
-2
-2
-3
-3
-3
-3
-3
-3
-4
-3
-4
-4
-5
-4
-4
-5
-4
-4
-4
-4
-4
-5
-6
-5
-4
-2
-2
-2
0
-1
-2
-2
-2
-3
-4
-3
-1
-1
-1
1
1
1
2
2
3
4
3
3
3
2
5
4
4
4
3
3
3
4
5
4
5
4
4
5
4
5
4
3
3
3
4
3
4
5
4
4
4
4
3
2
1
0
-1
-1
0
-2
-1
-2
-2
-2
-1
-1
0
-1
0
0
0
0
0
-1
-1
0
-2
-1
-2
-1
-1
-2
-3
-3
-1
0
0
-2
-1
-2
-2
-2
-2
-2
-1
0
-1
-1
-1
-1
-1
-1
-2
-1
-1
1
1
1
3
2
2
0
0
0
0
1
1
1
2
2
2
0
0
0
2
0
0
1
1
2
2
1
0
1
-1
-2
-3
-2
-2
-2
-2
-1
-1
-2
-1
-2
-3
-4
-4
-2
0
1
1
0
-3
-3
-3
-4
-2
-3
-4
-3
-4
-3
-4
-3
0
0
-1
-2
-3
-2
-3
-1
0
0
0
0
0
-1
-1
2
1
3
4
3
2
2
3
0
0
1
1
1
1
1
3
3
2
3
3
4
6
4
4
4
5
5
5
5
5
4
4
4
3
3
3
3
4
3
2
2
3
3
1
0
1
0
1
1
-1
-1
-2
-1
0
-1
-1
-2
0
-2
-3
-3
-5
-5
-4
-3
-3
-2
-2
-3
-2
-2
-2
-1
-1
-1
-1
-2
0
1
1
1
0
-1
-2
-3
-2
-3
-1
-2
-1
-1
-1
-2
-2
-3
-3
-2
-3
-1
-1
0
0
1
0
0
0
0
1
1
1
0
-1
1
1
1
3
3
2
0
-2
-1
-1
2
3
4
4
3
2
2
1
2
1
0
0
-1
-2
-2
-3
-2
-4
-6
-6
-6
-4
-3
-2
-3
-2
-3
-3
-4
-3
-3
-5
-4
-4
-3
-3
-3
-2
-1
0
1
0
1
-1
-2
-2
-1
0
1
2
2
1
0
0
-1
0
1
2
2
4
5
5
4
3
4
4
4
3
4
4
5
5
7
6
6
6
6
5
5
4
4
7
6
6
5
4
4
5
5
4
5
6
5
4
4
3
0
0
-1
-2
0
0
1
1
2
0
-1
-1
-2
-2
-1
-2
-2
-2
-1
-2
-2
-3
-4
-5
-4
-4
-4
-2
-3
-4
-4
-4
-5
-3
-4
-5
-4
-4
-3
-2
-2
-2
-3
-4
-5
-3
-4
-4
-3
-2
-2
-2
-1
-1
-1
0
-1
-1
-1
0
1
3
4
4
2
3
2
1
2
3
5
4
3
3
4
5
3
4
3
2
1
2
3
5
5
4
2
0
1
2
1
1
1
2
3
2
1
-1
-2
-2
-1
-1
-1
-2
-3
-3
-3
-3
-4
-5
-4
-5
-5
-6
-6
-4
-4
-2
-1
-2
-2
-4
-4
-2
0
1
3
1
1
-1
1
1
2
3
2
3
1
2
2
1
0
1
0
-2
-1
-1
0
1
2
1
-1
-1
0
-1
-1
-1
-1
0
-2
-1
-1
-1
-1
-1
2
1
1
3
1
1
1
2
3
4
3
3
4
3
3
2
3
1
0
1
1
0
-1
-2
-4
-4
-4
-5
-5
-5
-5
-4
-5
-6
-6
-8
-7
-5
-3
-1
-2
-4
-6
-6
-5
-6
-3
-3
-3
-3
-4
-3
-3
-4
-5
-3
-3
-3
-1
-1
0
0
0
0
0
0
0
-1
-2
-3
-2
-1
-1
-1
0
-2
-2
-2
-2
0
1
0
0
1
1
0
0
0
1
1
1
0
2
0
-1
0
-1
-1
1
0
0
1
0
1
3
5
5
6
5
5
4
4
5
3
3
1
1
2
2
0
0
0
-1
0
1
0
0
2
3
3
3
2
0
-2
-2
-2
-1
0
1
1
-2
-2
-2
-2
-1
-2
0
-1
-1
-1
-1
0
1
2
2
2
2
2
2
2
2
3
4
3
3
2
3
2
2
2
2
3
4
4
3
3
3
2
3
3
5
4
3
2
1
2
2
2
3
2
2
1
0
2
4
5
4
5
2
2
1
1
1
3
2
1
2
2
1
1
1
1
0
0
-1
-1
-3
-2
-2
-1
0
1
1
0
-2
-2
-2
-3
0
-1
-1
-1
-2
-2
-2
-3
-4
-3
-3
-2
-2
-3
-2
-1
-1
0
1
2
2
1
1
1
1
0
1
1
1
-2
-4
-3
-3
-2
0
-1
0
1
1
0
1
1
2
2
2
1
0
1
1
1
1
1
0
1
0
-2
-2
-2
-1
-1
0
1
0
0
2
1
0
1
0
0
0
1
0
0
-2
-2
-3
-4
-2
-2
-1
-1
-1
-2
-1
0
0
1
3
2
2
2
1
2
1
1
1
-2
-2
-4
-5
-4
-2
-1
-1
0
-1
-1
0
-1
-1
1
0
0
0
0
0
-1
0
1
0
0
0
0
-1
0
-1
0
1
-1
-3
-2
-3
-2
-2
-2
-2
-1
0
-1
1
1
0
-1
-2
-4
-3
-4
-4
-2
-1
0
0
0
0
-1
-1
-2
-2
-3
-1
-1
1
3
3
5
3
1
1
1
2
2
1
1
2
2
2
2
-1
-1
-1
-2
-1
0
-1
-1
-1
-2
-2
-2
-1
-1
-2
-1
-1
-1
0
-2
-2
-2
-3
-3
-3
-4
-2
-1
0
1
1
0
0
1
0
0
1
-1
0
0
1
3
3
3
3
3
3
5
4
3
2
2
4
4
5
4
5
6
6
6
6
5
4
4
2
2
2
1
0
1
1
4
4
3
4
4
4
2
4
4
3
4
4
2
2
2
1
1
0
-1
0
-1
-1
-2
-2
-3
-2
-3
-1
0
0
0
-1
-4
-3
-4
-3
-2
-1
-4
-5
-5
-4
-3
-1
0
1
0
-1
0
-1
1
0
0
1
1
2
2
2
2
3
1
1
0
1
1
0
0
0
0
1
1
-1
-2
-3
-5
-2
-3
-1
0
-1
-1
-1
-2
-2
-2
-4
-4
-3
-4
-4
-3
-3
-3
-2
-3
-4
-3
-3
-3
-4
-3
-1
-1
1
1
-2
-2
-4
-4
-4
-3
-2
-1
0
-1
-1
-2
-2
-2
-2
-2
-2
-3
-1
-2
-2
-4
-4
-3
-4
-3
-1
0
-1
-3
-3
-2
-2
1
-2
0
-1
-2
-2
-2
0
0
0
0
-2
-3
-3
-3
-2
-1
-1
0
-1
-1
-2
-2
-3
-3
-2
-1
1
2
2
2
0
0
0
0
1
1
0
1
1
0
2
3
4
3
1
1
0
0
1
2
2
3
2
2
1
0
1
1
0
2
3
2
3
3
2
1
1
0
0
1
-1
-1
0
-1
0
0
2
2
1
0
1
2
2
2
3
4
5
4
2
1
1
3
3
3
2
1
0
0
0
1
1
2
1
3
1
1
2
2
1
1
2
1
1
0
0
0
-1
0
-2
0
0
0
0
-1
0
-1
-1
1
1
1
1
1
2
1
1
0
-1
-2
-1
0
0
1
0
0
-1
-1
0
0
1
-1
-3
-3
-3
-3
-2
0
0
1
1
0
2
1
2
1
1
1
2
2
3
2
1
0
1
0
-1
0
0
0
0
1
1
2
2
0
1
0
0
-1
-3
-3
-3
-3
-2
-4
-3
-1
-1
-1
-2
-4
-4
-5
-4
-3
-3
-2
-2
-3
-1
-2
-4
-4
-3
-4
-3
-2
-1
1
1
1
1
1
2
2
4
2
1
1
2
2
2
2
1
1
0
2
2
1
2
1
0
0
-1
-1
-1
-1
-1
-2
-1
0
1
3
2
2
1
1
1
1
1
4
3
1
0
-1
0
0
0
2
2
3
3
4
3
4
4
1
2
2
1
1
0
-2
-3
-2
-1
-1
-3
-4
-3
-4
-4
-3
-3
-3
-3
-2
-3
-3
-3
-4
-2
-2
-2
0
0
-1
-1
-3
-3
-2
-1
0
1
-1
-2
-2
-3
-2
-1
-2
-4
-4
-5
-5
-3
-2
-1
-1
-1
-1
-1
-1
-2
-2
-3
-3
-2
-3
-3
-4
-5
-5
-6
-4
-2
-2
-2
-2
-1
-4
-1
-1
0
1
0
-1
1
0
-2
-2
-3
-1
0
1
1
1
0
0
-2
-2
-1
-1
-1
0
1
0
0
1
1
2
1
0
2
1
1
1
3
3
4
4
2
3
3
2
3
2
2
2
2
3
2
3
2
2
3
2
5
5
6
6
5
3
3
3
2
2
1
2
1
2
2
2
2
3
2
3
5
3
3
4
4
4
6
5
4
3
3
4
5
3
4
4
3
3
4
5
5
3
1
1
1
0
0
-1
-2
-1
-4
-6
-5
-5
-5
-2
-2
-2
-1
-2
-3
-2
-3
-2
1
2
1
2
0
-1
-3
-4
0
0
-1
0
2
0
0
1
-2
-1
-1
0
2
5
6
5
8
7
8
8
4
4
7
6
7
8
6
5
5
3
4
5
4
5
4
3
4
4
4
4
3
2
2
3
2
2
3
3
5
5
1
-2
-4
-6
-9
-9
-12
-14
-15
-16
-18
-17
-18
-19
-20
-20
-20
-18
-17
-15
-17
-19
-20
-21
-24
-25
-26
-28
-29
-30
-33
-35
-38
-39
-38
-38
-38
-34
-33
-32
-28
-24
-21
-17
-12
-10
-5
-2
2
8
13
15
18
20
21
23
26
29
34
40
44
51
58
64
69
75
77
82
87
92
96
100
102
105
106
99
95
92
84
83
83
78
77
75
68
64
60
54
52
55
53
54
56
53
53
51
48
48
43
37
30
25
16
8
-1
-16
-31
-48
-63
-78
-90
-103
-120
-134
-153
-168
-186
-202
-219
-239
-254
-271
-288
-303
-317
-330
-344
-354
-365
-374
-380
-385
-388
-385
-380
-374
-362
-348
-332
-309
-286
-262
-234
-206
-173
-140
-106
-68
-29
10
49
83
113
149
180
215
254
287
318
350
377
403
434
458
482
502
523
541
558
571
581
584
580
582
576
568
561
545
524
508
485
460
443
418
390
366
338
309
284
255
227
198
168
136
103
66
30
-5
-49
-90
-128
-172
-216
-257
-303
-349
-390
-432
-474
-513
-552
-589
-623
-655
-680
-707
-730
-754
-775
-794
-811
-829
-845
-862
-880
-896
-908
-918
-923
-925
-920
-907
-889
-864
-835
-794
-744
-678
-587
-478
-358
-233
-110
8
141
284
432
587
729
848
958
1060
1150
1237
1312
1352
1373
1376
1359
1344
1323
1280
1226
1158
1074
996
919
837
758
676
587
505
430
360
298
236
177
125
78
38
9
-19
-42
-59
-71
-75
-73
-68
-54
-37
-19
9
37
58
81
102
118
137
147
143
134
113
83
49
8
-44
-105
-181
-261
-340
-424
-507
-590
-678
-760
-835
-908
-964
-1016
-1063
-1103
-1136
-1159
-1167
-1172
-1179
-1171
-1165
-1153
-1127
-1105
-1078
-1046
-1018
-977
-918
-865
-801
-733
-671
-582
-460
-337
-194
-48
66
200
349
498
675
843
965
1087
1191
1273
1384
1478
1530
1567
1562
1521
1505
1475
1423
1378
1278
1149
1042
923
814
724
604
467
348
220
113
42
-41
-123
-195
-274
-331
-364
-392
-407
-418
-434
-433
-415
-388
-346
-307
-269
-221
-166
-106
-37
25
84
136
180
226
263
284
295
289
267
242
203
145
81
-1
-95
-180
-271
-368
-461
-564
-673
-764
-847
-925
-984
-1040
-1093
-1132
-1163
-1186
-1191
-1188
-1187
-1169
-1147
-1129
-1101
-1062
-1030
-983
-916
-858
-789
-718
-663
-580
-469
-355
-217
-68
42
171
316
452
631
810
947
1082
1199
1290
1413
1533
1605
1678
1703
1681
1686
1674
1645
1625
1556
1441
1341
1225
1112
1029
916
782
655
511
386
292
188
91
-3
-116
-207
-278
-347
-393
-441
-492
-523
-543
-554
-542
-536
-527
-495
-465
-413
-340
-282
-223
-159
-109
-39
39
89
142
173
170
177
181
160
146
102
25
-40
-116
-199
-260
-342
-442
-527
-618
-698
-745
-798
-845
-882
-929
-961
-962
-964
-953
-932
-925
-905
-873
-840
-798
-748
-713
-674
-629
-587
-533
-478
-434
-381
-318
-250
-165
-80
2
87
175
271
380
490
596
695
783
874
964
1053
1138
1205
1251
1284
1310
1333
1352
1358
1342
1307
1260
1204
1150
1092
1028
949
857
754
651
554
456
358
255
140
26
-77
-177
-267
-349
-432
-510
-579
-639
-684
-710
-731
-737
-734
-728
-705
-671
-630
-575
-514
-455
-389
-322
-259
-193
-130
-78
-27
12
36
55
66
66
62
50
27
-3
-41
-88
-128
-174
-223
-263
-313
-359
-401
-438
-473
-498
-526
-549
-564
-583
-589
-588
-585
-575
-561
-549
-531
-508
-485
-453
-419
-385
-344
-304
-264
-213
-159
-104
-41
23
89
159
227
299
374
445
517
588
649
707
763
809
845
877
899
913
920
915
901
884
853
815
774
725
668
608
544
472
405
332
257
187
113
41
-26
-97
-160
-219
-278
-332
-372
-408
-431
-444
-461
-466
-463
-457
-440
-415
-389
-354
-314
-277
-234
-187
-144
-96
-54
-16
19
50
73
97
114
122
128
126
114
100
82
55
30
-2
-39
-73
-113
-154
-192
-231
-270
-305
-339
-371
-399
-426
-451
-471
-490
-503
-512
-518
-521
-519
-515
-508
-492
-480
-461
-443
-426
-402
-371
-337
-300
-259
-214
-167
-117
-66
-9
51
110
173
232
292
353
408
462
515
559
601
638
668
697
723
739
750
754
750
739
725
707
684
656
619
577
531
481
434
386
336
285
233
179
130
82
34
-6
-48
-88
-125
-158
-186
-210
-227
-246
-258
-269
-272
-270
-266
-258
-247
-239
-228
-210
-197
-181
-163
-148
-133
-120
-111
-102
-93
-90
-85
-78
-75
-72
-72
-76
-81
-82
-87
-94
-99
-113
-126
-135
-148
-156
-164
-175
-187
-196
-207
-213
-216
-223
-227
-234
-241
-245
-250
-252
-252
-253
-255
-254
-253
-252
-242
-229
-217
-200
-178
-155
-125
-92
-57
-15
26
70
116
164
215
267
313
356
398
434
469
503
530
552
565
571
572
567
554
537
514
482
450
413
371
329
284
238
189
140
92
44
-2
-45
-85
-127
-163
-197
-227
-253
-277
-295
-311
-322
-327
-330
-325
-319
-309
-293
-275
-248
-220
-189
-157
-125
-92
-56
-18
18
53
84
112
138
160
180
196
206
210
209
205
198
189
175
156
136
114
91
64
35
6
-27
-56
-84
-111
-137
-163
-192
-219
-245
-270
-291
-314
-333
-354
-376
-392
-409
-422
-433
-441
-447
-449
-450
-445
-436
-420
-400
-375
-343
-307
-266
-221
-172
-122
-68
-11
44
101
153
204
247
287
320
350
376
398
413
419
425
419
410
399
383
362
342
320
296
270
246
220
193
167
142
120
100
80
62
49
33
19
7
-1
-6
-11
-12
-9
-6
2
14
28
43
63
84
106
129
152
177
203
229
248
264
274
284
288
288
283
274
260
239
213
184
155
124
93
54
14
-25
-63
-101
-137
-173
-208
-237
-269
-296
-325
-349
-378
-401
-423
-443
-461
-477
-492
-510
-525
-538
-547
-552
-556
-555
-555
-550
-542
-527
-508
-485
-461
-434
-400
-364
-322
-278
-231
-184
-137
-88
-36
15
63
112
155
196
237
278
315
350
379
403
424
442
459
472
481
486
489
485
479
473
462
455
445
431
412
395
376
356
338
317
297
278
259
243
226
209
193
175
164
153
149
141
134
128
120
117
111
106
100
98
94
90
83
74
64
58
49
39
25
10
-5
-22
-38
-55
-72
-95
-115
-140
-160
-181
-200
-217
-233
-249
-265
-285
-302
-318
-336
-346
-358
-365
-379
-390
-403
-413
-420
-429
-430
-436
-432
-431
-426
-415
-405
-390
-374
-353
-332
-306
-278
-252
-222
-190
-158
-125
-91
-59
-26
8
44
77
117
153
191
226
262
294
326
355
382
410
431
454
466
484
489
497
501
499
496
483
475
459
447
427
406
385
356
331
304
281
257
230
208
180
153
127
105
86
68
51
30
13
-3
-11
-27
-41
-52
-67
-78
-93
-104
-111
-120
-123
-132
-143
-147
-154
-152
-157
-159
-159
-160
-160
-164
-166
-167
-166
-164
-168
-172
-178
-184
-187
-206
-215
-220
-231
-244
-249
-265
-276
-287
-296
-303
-318
-322
-335
-332
-339
-333
-332
-320
-312
-305
-284
-274
-247
-232
-208
-199
-167
-145
-112
-101
-62
-30
-37
16
25
66
72
107
138
147
176
187
226
232
261
275
289
307
318
332
326
348
356
358
352
348
346
338
344
324
308
293
297
269
250
224
216
206
180
213
120
105
138
149
89
53
88
81
50
50
57
31
77
34
58
-64
-52
20
-35
-48
-129
-71
-117
-110
-97
-125
-115
-121
-92
-114
-118
-100
-86
-81
-88
-97
-103
-99
-90
-115
-125
-131
-141
-132
-164
-163
-194
-166
-190
-237
-214
-241
-230
-234
-237
-246
-256
-257
-203
-217
-233
-214
-192
-173
-190
-142
-126
-97
-95
-72
-49
-69
-25
-19
-2
47
30
79
93
81
123
99
167
150
177
192
200
253
218
269
271
256
264
276
292
273
270
298
280
253
263
261
221
218
244
185
198
183
190
167
141
148
173
107
97
147
58
99
70
108
7
49
64
14
-7
-19
65
-107
-13
-6
-70
-83
-90
-14
-92
-160
-63
-61
-198
-78
-114
-137
-171
-146
-100
-263
-96
-234
-197
-210
-205
-215
-336
-139
-295
-342
-259
-302
-318
-380
-275
-284
-435
-245
-328
-340
-301
-293
-263
-330
-186
-312
-169
-185
-195
-168
-147
-66
-149
-77
-45
-18
-26
69
30
109
103
93
204
132
213
205
235
256
260
285
285
300
264
397
289
321
340
347
351
294
422
231
398
268
357
273
232
342
122
288
188
209
159
221
130
139
132
120
101
56
102
64
16
54
54
-74
-26
45
-24
-152
70
-54
-146
-102
13
-141
-169
-34
-91
-166
-152
92
-323
-76
-133
-204
-159
-270
-16
-415
-182
-231
-376
-271
-284
-220
-394
-246
-272
-285
-287
-248
-275
-268
-247
-242
-126
-359
-130
-219
-130
-277
-132
-15
-237
-42
-95
55
-119
65
8
24
111
75
177
37
236
139
188
211
278
209
228
352
147
319
210
381
263
251
278
269
338
170
359
181
317
153
309
286
52
368
149
215
24
292
160
-12
166
111
60
-43
61
55
-134
-3
68
-229
-10
-94
-157
-120
-97
-146
-168
-121
-117
-153
-234
-119
-111
-244
-96
-210
-105
-163
-157
-135
-197
-122
-160
-95
-211
-144
-103
-104
-188
-185
-94
-89
-151
-140
-105
-75
-146
-66
-79
-113
-113
-104
61
-173
-108
-73
73
-129
-21
13
-132
159
-105
73
-68
138
-24
-41
195
62
41
20
198
52
67
221
111
151
148
254
140
127
206
267
157
117
300
313
240
79
279
294
227
148
112
240
135
146
135
48
29
43
62
28
9
154
-12
-8
-19
-23
79
-84
-26
41
-36
-147
-12
72
-164
-216
40
-140
-95
-105
-64
-82
-275
-101
-123
-93
-230
-95
-188
-234
-122
-22
-167
-387
-5
-90
-126
-140
35
-189
-315
-6
-22
-120
-154
8
-133
-112
-114
55
-84
-108
-1
-135
240
-167
87
34
-71
117
-93
171
1
121
44
-85
237
-62
-22
146
28
60
-114
363
-117
-22
161
73
78
-63
232
3
103
-57
154
80
23
43
72
289
-244
203
40
27
90
5
276
-221
266
100
-42
49
88
217
-93
86
96
-91
161
-155
147
62
-126
22
-35
151
-137
-95
13
-15
-98
12
-23
-53
-144
-92
-52
-106
34
-188
53
-208
-173
174
-236
67
-210
63
-226
15
53
-133
-50
-235
247
-238
85
45
-180
48
20
-51
-53
143
44
-180
20
138
39
-62
19
56
-71
75
83
-90
211
-143
71
-8
-61
201
-134
176
-202
187
-58
-114
234
-158
137
-247
117
46
-93
80
-216
127
-333
247
-79
-195
50
-46
49
-319
136
17
-70
-201
138
-47
-159
203
-90
-57
-305
298
85
-143
167
-103
68
18
83
-114
153
131
-84
-27
197
-12
-120
233
-4
-47
24
101
58
-66
83
123
-65
-62
83
100
27
-16
18
130
-158
30
173
-21
29
-127
202
-125
-42
54
2
-48
-159
244
-143
73
-63
-65
125
-86
49
13
122
-41
46
67
6
21
156
-54
-24
206
-8
92
-111
288
-162
-146
379
-131
130
21
-31
16
67
56
-64
168
41
-73
-83
150
-44
-115
55
-25
-185
-4
139
-268
-200
20
-37
-46
-163
-158
-60
-79
-118
-11
-171
-37
42
-158
99
-147
-229
115
125
-203
-67
172
10
-205
57
250
-59
-168
270
-46
-123
199
163
-47
-40
201
-84
103
-40
176
-14
-5
58
69
190
-173
51
74
154
-85
52
35
25
-166
37
190
-172
88
-139
224
-115
-178
177
-162
117
-55
-21
134
-199
91
-89
47
-61
-75
250
-93
-77
-52
135
-88
-117
168
107
-89
11
144
-175
-124
153
156
-233
63
125
-131
-104
-140
151
-89
-20
-19
-23
-74
-131
-54
-13
53
-89
-157
39
87
-142
-172
112
14
-192
-4
131
-154
-162
232
48
-333
-44
235
-106
-216
141
117
-393
66
73
-12
-146
156
131
-288
168
-122
166
17
44
120
-64
216
-137
42
90
72
230
38
33
-80
-123
175
163
111
-58
-114
148
-64
65
141
2
-31
34
214
-67
-84
141
116
40
-66
184
17
-174
99
60
-97
65
137
61
-168
-115
89
-51
21
120
10
-61
-72
-134
36
0
107
-65
-22
25
-82
-7
-53
-20
-3
31
98
-39
-54
-42
-125
-70
64
175
-88
-113
-105
28
20
-19
22
-96
-12
-7
-47
-53
1
-39
-25
-64
-32
36
-187
-26
-81
23
53
10
-9
-17
-130
-46
20
84
136
-142
54
-132
64
-10
198
245
-9
93
59
90
50
122
210
188
19
78
-55
107
62
132
103
123
78
3
50
59
177
-7
74
-57
78
25
-42
-28
-83
90
-39
-90
-89
5
53
-13
-47
28
-160
-178
17
-2
23
-61
-87
-246
-120
-11
40
-15
-117
-116
-124
-132
-68
105
-41
-175
-74
6
-76
-225
28
-29
-139
75
26
16
-216
-79
16
168
47
-48
4
-79
-100
44
161
-48
-53
-119
3
-120
-9
144
55
-99
-75
54
-8
60
63
101
45
36
11
122
-6
70
21
-6
130
32
160
12
41
61
154
96
57
56
72
127
62
40
144
39
-78
65
162
102
50
108
67
-99
-22
272
-13
-44
107
63
-75
-72
39
-146
-57
0
21
-40
-9
-83
-265
-103
-92
-2
-4
-71
-297
-371
-172
-89
-27
-47
-65
-286
-219
-178
-75
-125
-32
51
-242
-108
-121
-127
-132
-58
-97
56
-96
-158
-72
-99
112
50
150
20
-84
39
104
71
74
181
68
35
100
33
51
144
165
191
112
145
190
142
198
193
112
215
208
108
172
173
172
63
213
161
91
116
148
140
11
257
201
9
86
104
8
26
183
39
-3
46
13
-77
-52
104
-72
-40
-15
9
-106
-37
-74
-105
-6
-109
-77
-180
-98
-133
-200
-188
-149
-255
-171
-173
-267
-383
-240
-146
-393
-242
-398
-260
-468
-330
-239
-424
-305
-375
-301
-333
-264
-270
-175
-201
-231
-179
-136
-55
-31
-9
7
-11
42
171
240
198
239
282
302
323
392
460
465
457
441
518
489
512
518
507
524
494
554
507
499
486
550
546
507
479
381
364
348
399
432
310
207
225
155
109
127
147
75
37
9
13
-26
-86
-77
-97
-114
-216
-155
-176
-297
-297
-334
-351
-439
-448
-351
-497
-511
-566
-578
-584
-651
-553
-619
-626
-701
-691
-719
-740
-692
-665
-682
-759
-812
-765
-725
-692
-686
-791
-776
-832
-752
-499
-275
-410
-537
-468
-328
-170
174
470
327
159
333
620
794
977
1207
1076
829
998
1309
1348
1265
1319
1219
1021
1095
1318
1191
946
875
894
780
666
738
604
324
239
327
211
48
-36
-100
-259
-366
-293
-305
-380
-534
-517
-540
-582
-495
-477
-469
-511
-460
-362
-345
-229
-194
-141
-20
3
65
77
175
137
172
286
226
216
128
115
38
-45
-14
-85
-188
-329
-483
-554
-619
-644
-677
-801
-963
-1081
-1061
-1041
-1129
-1116
-1173
-1232
-1208
-1184
-1143
-1189
-1090
-995
-974
-778
-690
-799
-649
-452
-165
6
139
242
118
360
745
979
1074
1133
1213
1050
1251
1639
1738
1641
1543
1594
1468
1440
1712
1667
1366
1209
1216
1115
920
988
944
609
388
419
333
82
41
48
-178
-338
-402
-444
-569
-625
-567
-604
-707
-783
-711
-723
-684
-622
-588
-528
-553
-464
-349
-229
-150
-144
-70
-54
63
192
240
259
206
211
230
285
323
172
119
22
-47
-59
-136
-226
-383
-436
-553
-716
-775
-835
-929
-970
-1035
-1135
-1229
-1272
-1259
-1207
-1233
-1187
-1034
-976
-1203
-1050
-801
-601
-386
-266
-109
-344
-185
348
617
704
753
808
715
892
1434
1687
1580
1378
1426
1474
1465
1867
2017
1690
1395
1348
1431
1321
1358
1439
1136
771
731
758
530
422
481
253
8
-138
-198
-289
-421
-418
-454
-682
-802
-792
-775
-730
-788
-772
-842
-850
-774
-649
-583
-575
-554
-570
-429
-319
-258
-184
-142
-141
-149
8
103
87
84
86
61
2
59
57
-11
-93
-207
-264
-372
-386
-431
-537
-653
-772
-820
-885
-925
-950
-979
-1094
-1137
-1158
-1158
-1116
-940
-819
-1080
-980
-827
-654
-438
-281
-107
-319
-136
275
465
566
679
821
711
891
1295
1458
1382
1316
1445
1460
1433
1740
1813
1561
1425
1449
1492
1345
1414
1411
1157
918
852
848
633
603
620
344
86
-75
-71
-151
-255
-258
-497
-725
-775
-701
-670
-695
-773
-912
-941
-889
-763
-691
-663
-694
-746
-668
-548
-425
-339
-275
-279
-287
-190
-90
-40
54
66
45
53
10
-1
28
47
1
-76
-177
-306
-353
-363
-348
-482
-612
-724
-855
-751
-755
-813
-943
-1055
-1155
-1068
-865
-813
-790
-1118
-1016
-778
-600
-331
-329
-305
-491
-242
257
449
495
492
606
568
804
1294
1349
1229
1194
1335
1434
1444
1713
1731
1462
1403
1507
1560
1412
1402
1390
1152
977
943
969
733
602
625
379
152
31
36
-61
-222
-245
-427
-616
-699
-675
-651
-761
-815
-891
-956
-893
-866
-801
-761
-810
-792
-733
-603
-516
-466
-423
-358
-340
-287
-72
-69
-86
-26
-42
4
9
100
118
2
-9
-51
-115
-155
-166
-189
-312
-416
-472
-576
-598
-639
-653
-758
-931
-888
-952
-823
-820
-722
-865
-1051
-725
-644
-437
-433
-365
-370
-446
33
292
296
285
350
489
548
924
1137
1006
926
1003
1240
1283
1380
1529
1344
1221
1277
1418
1405
1298
1311
1193
1009
949
1000
942
739
731
589
353
232
187
228
38
-90
-172
-416
-486
-438
-419
-517
-659
-719
-816
-763
-618
-601
-666
-692
-707
-709
-529
-360
-356
-374
-361
-309
-262
-84
65
10
-51
-22
26
88
152
171
90
-13
-35
-9
-15
-81
-151
-232
-358
-434
-475
-513
-622
-713
-776
-872
-987
-1029
-1047
-1043
-1054
-1099
-916
-1178
-1155
-850
-750
-640
-698
-467
-500
-406
89
285
214
161
493
599
705
1111
1185
1068
1016
1262
1521
1419
1547
1641
1420
1405
1501
1637
1491
1383
1391
1253
1120
1030
1132
928
702
719
528
376
235
215
137
-123
-215
-309
-449
-510
-482
-575
-780
-823
-865
-842
-749
-792
-829
-888
-873
-758
-698
-554
-546
-622
-561
-487
-361
-292
-210
-203
-236
-200
-139
28
-12
-17
8
-120
-112
-113
-28
-104
-169
-252
-441
-485
-522
-462
-551
-669
-840
-979
-974
-927
-921
-924
-988
-1199
-994
-1015
-1049
-767
-676
-639
-759
-480
-345
-338
7
248
218
132
473
721
729
1007
1133
1102
1066
1264
1646
1565
1530
1642
1501
1459
1574
1769
1640
1396
1367
1290
1185
1117
1212
1042
674
645
523
355
270
195
120
-161
-296
-369
-516
-578
-545
-616
-847
-878
-926
-943
-820
-811
-877
-993
-956
-845
-797
-649
-597
-696
-678
-560
-412
-338
-226
-238
-284
-209
-150
-20
26
13
-12
-48
-31
-9
15
-4
-83
-179
-237
-252
-303
-343
-413
-525
-601
-668
-652
-721
-794
-833
-831
-927
-849
-703
-916
-806
-640
-559
-564
-432
-174
-310
-145
249
321
253
420
739
672
805
1166
1209
1149
1201
1478
1501
1379
1624
1659
1499
1500
1613
1601
1382
1382
1430
1266
1072
1085
1048
728
665
684
460
269
180
148
-100
-234
-248
-424
-582
-603
-592
-792
-861
-818
-918
-912
-873
-910
-990
-968
-847
-846
-830
-732
-701
-755
-632
-484
-494
-452
-352
-340
-294
-223
-131
-81
-149
-76
-45
-68
-21
-3
-38
-79
-120
-163
-146
-198
-251
-235
-371
-438
-467
-508
-528
-602
-610
-637
-742
-735
-507
-672
-697
-475
-474
-419
-356
-133
-150
-166
167
331
302
359
674
686
669
947
1063
1064
1026
1209
1361
1190
1273
1454
1329
1249
1316
1337
1174
1091
1143
1119
917
822
880
615
436
515
363
191
75
23
-101
-300
-307
-390
-584
-638
-613
-696
-839
-815
-862
-970
-838
-840
-874
-904
-866
-765
-802
-646
-597
-671
-614
-501
-419
-412
-309
-337
-323
-212
-188
-83
-108
-157
-124
-103
-51
-58
-56
-104
-182
-158
-139
-160
-237
-240
-312
-423
-325
-415
-482
-478
-548
-577
-603
-494
-608
-544
-561
-585
-403
-392
-205
-278
-179
-24
-62
238
363
367
426
572
679
716
966
1055
1026
1039
1081
1194
1152
1246
1384
1212
1170
1151
1139
1122
1050
1069
927
737
678
675
557
427
449
226
29
12
-58
-133
-255
-299
-439
-611
-592
-549
-629
-722
-715
-781
-855
-736
-675
-707
-742
-683
-619
-664
-507
-400
-464
-437
-346
-302
-299
-136
-88
-142
-92
-99
-32
-33
27
83
-30
6
-41
-63
-28
-39
-102
-169
-186
-285
-272
-289
-355
-392
-522
-514
-573
-578
-584
-605
-600
-681
-583
-654
-514
-395
-366
-280
-344
-171
-87
31
299
336
327
394
592
671
778
964
967
937
965
1120
1184
1116
1237
1191
1047
1085
1113
1106
1007
969
896
725
671
681
617
440
386
282
62
51
15
-74
-208
-328
-392
-550
-570
-518
-579
-702
-744
-749
-828
-718
-613
-652
-690
-715
-638
-588
-475
-326
-363
-391
-349
-276
-189
-85
-48
-79
-68
-77
-11
81
90
68
35
18
-16
9
45
15
-55
-112
-147
-221
-200
-233
-310
-371
-455
-521
-534
-564
-568
-602
-633
-623
-622
-573
-661
-532
-384
-383
-335
-284
-147
-159
37
322
262
274
422
579
620
762
980
897
868
973
1113
1109
1072
1220
1152
1017
1066
1120
1046
945
978
908
722
666
691
595
435
421
347
104
55
55
-79
-177
-231
-301
-463
-493
-428
-512
-587
-576
-617
-695
-612
-510
-586
-597
-545
-530
-504
-411
-309
-349
-360
-272
-211
-191
-113
-56
-104
-79
-30
-7
25
16
4
-35
-65
-53
-54
-70
-105
-189
-252
-279
-290
-330
-364
-431
-540
-553
-570
-597
-619
-682
-677
-716
-676
-559
-699
-662
-504
-422
-384
-331
-171
-239
-119
186
273
232
289
528
525
592
882
910
829
885
1077
1113
1053
1206
1234
1075
1042
1152
1120
1003
1029
999
825
701
727
698
523
471
424
218
93
105
40
-123
-169
-253
-413
-478
-440
-483
-616
-604
-642
-748
-681
-577
-624
-669
-598
-591
-593
-496
-404
-409
-425
-326
-281
-285
-206
-152
-175
-140
-91
-75
-70
-61
-63
-86
-93
-104
-109
-146
-149
-189
-243
-237
-287
-324
-328
-387
-451
-478
-507
-532
-563
-582
-603
-625
-648
-548
-529
-688
-524
-379
-332
-287
-187
-69
-173
49
380
382
310
487
669
592
790
1048
980
910
1038
1227
1158
1143
1338
1269
1115
1173
1232
1118
1021
1078
1023
844
740
759
668
482
515
424
179
112
91
-2
-127
-177
-261
-456
-518
-486
-557
-642
-658
-710
-826
-756
-677
-714
-708
-717
-692
-677
-611
-486
-505
-537
-490
-431
-389
-331
-280
-286
-284
-283
-203
-182
-188
-144
-191
-212
-207
-200
-200
-219
-224
-307
-329
-353
-393
-378
-457
-445
-527
-545
-532
-608
-573
-579
-584
-553
-454
-587
-549
-344
-290
-248
-198
-42
-109
-1
339
419
343
414
667
615
684
984
1001
891
961
1153
1131
1049
1230
1270
1084
1075
1177
1098
973
1050
1031
822
700
717
656
477
456
423
172
56
59
20
-152
-222
-241
-441
-521
-497
-485
-635
-687
-616
-744
-758
-656
-609
-725
-726
-574
-648
-638
-483
-437
-528
-473
-300
-371
-358
-221
-243
-286
-205
-140
-206
-182
-134
-202
-216
-164
-186
-275
-246
-248
-386
-364
-333
-394
-469
-448
-460
-544
-566
-540
-521
-571
-530
-485
-439
-541
-505
-315
-270
-208
-157
-22
-75
19
355
416
374
445
622
666
743
991
1042
968
1000
1140
1185
1117
1238
1256
1150
1129
1135
1142
1051
1031
1029
878
763
722
676
575
488
411
240
146
89
16
-76
-194
-257
-385
-452
-439
-528
-610
-639
-627
-710
-719
-644
-687
-741
-693
-582
-654
-641
-489
-498
-538
-432
-359
-409
-360
-246
-249
-306
-253
-213
-260
-209
-181
-257
-271
-248
-259
-266
-279
-324
-384
-369
-364
-410
-413
-456
-485
-492
-513
-517
-545
-492
-528
-477
-387
-545
-439
-280
-202
-177
-123
11
-90
88
389
396
358
467
651
593
757
1018
938
897
999
1121
1091
1099
1279
1206
1077
1139
1156
1068
1024
1087
987
821
748
737
684
539
553
438
181
154
152
70
-59
-100
-197
-389
-391
-369
-438
-553
-540
-554
-707
-637
-586
-643
-638
-616
-591
-636
-598
-523
-509
-507
-456
-433
-443
-365
-311
-306
-302
-323
-300
-260
-241
-216
-262
-280
-297
-279
-263
-269
-297
-394
-351
-380
-385
-361
-388
-400
-491
-436
-413
-446
-416
-306
-365
-482
-296
-201
-201
-145
-6
-30
-100
152
342
296
318
514
525
475
719
860
783
793
926
950
888
1024
1149
1036
976
1034
1017
948
999
1024
891
773
742
719
629
585
584
407
237
212
165
81
29
-13
-166
-316
-325
-314
-384
-425
-433
-583
-673
-588
-546
-589
-620
-605
-686
-713
-596
-526
-569
-601
-554
-574
-566
-456
-424
-450
-463
-450
-439
-458
-398
-368
-386
-405
-431
-439
-431
-392
-381
-387
-430
-488
-453
-404
-398
-402
-416
-431
-431
-385
-248
-283
-375
-265
-172
-149
-106
38
42
-19
164
326
326
316
481
546
485
656
796
764
750
878
941
856
922
1040
997
942
993
1001
889
910
981
891
790
735
713
612
574
609
449
319
293
237
136
94
81
-73
-166
-140
-192
-307
-319
-302
-421
-482
-409
-472
-560
-524
-510
-572
-585
-518
-536
-570
-541
-529
-544
-540
-494
-498
-503
-507
-521
-491
-466
-476
-477
-464
-513
-505
-465
-450
-470
-499
-459
-477
-457
-422
-414
-425
-426
-385
-334
-282
-339
-285
-184
-162
-114
-32
22
-25
79
247
268
262
353
433
409
518
678
652
632
710
767
758
802
911
879
835
887
897
850
844
917
851
764
771
725
679
642
673
587
433
420
378
316
283
273
170
16
30
34
-48
-87
-103
-190
-301
-254
-234
-337
-366
-349
-418
-487
-448
-424
-512
-518
-488
-554
-580
-547
-538
-586
-588
-567
-631
-631
-593
-608
-621
-634
-619
-645
-625
-583
-608
-603
-617
-585
-550
-545
-506
-521
-469
-456
-404
-300
-331
-288
-210
-127
-89
-46
74
69
122
254
310
304
329
449
466
482
599
608
588
620
710
744
698
763
774
739
745
776
787
716
734
734
667
627
621
630
567
545
554
452
372
384
374
324
292
269
152
72
105
107
46
4
-39
-153
-198
-136
-152
-235
-275
-316
-391
-414
-378
-423
-505
-535
-576
-624
-637
-629
-667
-716
-737
-766
-782
-773
-758
-763
-795
-792
-794
-779
-713
-686
-691
-708
-666
-613
-560
-459
-402
-424
-429
-284
-167
-120
-28
29
9
52
236
346
337
387
455
439
473
629
684
617
641
689
644
642
730
749
662
650
670
617
591
646
640
539
503
502
456
438
471
468
363
306
330
322
303
317
309
204
169
225
241
213
204
203
128
101
180
179
104
93
68
-12
-36
10
-24
-128
-162
-206
-294
-320
-303
-369
-482
-508
-569
-647
-636
-627
-699
-785
-793
-820
-844
-810
-790
-839
-870
-816
-789
-763
-693
-641
-626
-585
-489
-411
-354
-261
-164
-98
-44
51
136
184
289
376
415
447
514
587
607
660
700
676
675
721
737
698
706
696
625
603
614
579
519
506
480
402
381
392
341
305
303
272
222
216
215
190
197
202
175
159
174
175
172
190
176
130
125
148
130
116
111
55
-14
-33
-44
-105
-153
-207
-292
-354
-399
-446
-507
-558
-630
-705
-728
-773
-833
-844
-842
-900
-938
-881
-870
-904
-828
-714
-778
-774
-587
-488
-474
-367
-192
-206
-180
71
206
191
264
442
434
441
641
720
664
661
770
761
686
781
808
686
617
645
606
490
493
481
345
235
222
205
91
63
70
-61
-142
-122
-114
-166
-177
-142
-200
-219
-127
-58
-79
-61
20
1
27
167
230
224
248
313
311
312
410
436
373
363
382
336
306
341
285
183
129
65
-10
-66
-103
-184
-317
-385
-448
-520
-543
-591
-667
-760
-793
-815
-823
-807
-828
-841
-865
-834
-775
-731
-664
-632
-595
-544
-461
-358
-282
-202
-145
-78
-14
67
182
233
285
336
368
411
461
530
549
543
554
544
540
552
575
538
484
459
415
387
372
358
302
230
205
174
137
124
111
58
11
10
5
-6
-1
0
-25
-46
-22
-7
-14
15
32
9
-4
19
42
36
47
41
-2
-30
-15
-8
-34
-51
-86
-138
-167
-167
-181
-219
-246
-277
-325
-345
-339
-338
-364
-377
-380
-405
-376
-334
-312
-290
-274
-228
-210
-161
-78
-19
27
66
125
161
221
307
355
379
393
433
462
482
532
542
513
491
495
486
457
453
419
352
308
290
260
202
181
151
85
45
35
16
-23
-26
-28
-66
-78
-54
-38
-48
-27
-2
-16
1
43
65
70
78
95
80
84
96
78
53
12
-5
-46
-79
-114
-167
-219
-287
-326
-371
-424
-467
-524
-568
-618
-643
-663
-687
-694
-705
-690
-683
-653
-606
-573
-516
-464
-394
-317
-239
-145
-58
31
98
185
277
352
438
503
557
591
633
686
705
719
721
700
670
650
643
600
544
479
406
334
275
247
190
103
33
-22
-78
-120
-128
-163
-223
-253
-258
-265
-266
-223
-213
-236
-219
-186
-166
-142
-92
-70
-88
-71
-43
-33
-27
-5
-11
-59
-75
-84
-109
-131
-158
-194
-262
-308
-330
-361
-389
-430
-466
-512
-549
-543
-541
-534
-544
-537
-516
-500
-436
-373
-319
-275
-215
-133
-72
22
120
200
263
331
419
475
547
625
666
702
717
754
781
783
796
777
740
696
671
643
587
547
487
421
357
308
274
209
159
118
65
26
-3
-17
-56
-83
-85
-113
-126
-124
-119
-132
-137
-117
-132
-137
-121
-120
-134
-150
-148
-175
-198
-203
-237
-282
-322
-357
-407
-454
-478
-529
-582
-620
-656
-690
-715
-726
-752
-767
-763
-754
-739
-711
-671
-631
-582
-517
-452
-374
-289
-207
-126
-35
65
153
248
351
434
500
573
640
693
743
796
823
826
834
836
822
805
782
743
683
633
589
531
473
423
362
294
243
205
155
116
92
55
20
4
2
-7
-7
1
-10
-15
-1
8
16
30
36
23
16
18
11
-2
-17
-55
-101
-138
-176
-231
-280
-333
-414
-484
-534
-597
-656
-710
-758
-821
-856
-870
-903
-912
-912
-906
-898
-862
-806
-763
-694
-618
-543
-462
-363
-255
-155
-39
74
179
283
391
503
596
683
764
825
883
935
977
998
1004
1001
986
971
941
908
859
792
732
674
615
553
492
431
364
306
262
224
183
141
111
77
54
46
41
34
24
21
15
12
27
33
26
16
9
-2
-14
-18
-39
-76
-118
-159
-209
-255
-298
-359
-433
-499
-560
-628
-685
-733
-791
-848
-884
-914
-942
-954
-950
-955
-953
-920
-882
-842
-778
-706
-643
-570
-476
-380
-285
-172
-66
28
127
233
334
424
519
598
659
726
784
831
866
893
901
898
895
883
861
834
798
752
701
652
602
547
493
437
375
319
274
234
189
150
116
78
52
36
21
0
-15
-22
-35
-41
-41
-44
-59
-72
-81
-104
-123
-138
-161
-199
-237
-269
-312
-357
-395
-439
-492
-540
-581
-624
-665
-695
-725
-759
-788
-799
-806
-806
-793
-780
-767
-740
-695
-645
-588
-526
-461
-397
-319
-231
-145
-56
35
120
202
286
367
442
513
576
629
670
712
745
771
789
793
787
773
757
739
715
685
650
610
563
526
488
450
413
373
335
301
270
243
219
197
174
157
139
124
117
102
92
77
64
50
32
19
-2
-30
-61
-93
-127
-163
-201
-244
-289
-336
-385
-433
-479
-522
-566
-607
-642
-675
-701
-728
-741
-751
-755
-749
-737
-715
-695
-659
-617
-570
-510
-452
-382
-321
-247
-173
-102
-22
50
125
192
258
321
372
427
472
511
536
561
583
590
599
598
587
572
556
541
514
492
465
431
402
372
350
318
295
274
253
236
223
214
200
193
189
180
180
175
173
168
164
162
152
146
133
116
98
74
51
20
-9
-44
-84
-124
-167
-208
-254
-298
-340
-386
-423
-465
-500
-532
-563
-585
-607
-616
-623
-627
-622
-619
-604
-587
-559
-529
-496
-454
-417
-369
-322
-269
-215
-165
-108
-54
0
52
103
154
197
241
281
314
346
374
398
416
432
446
455
461
464
463
460
455
448
441
432
420
407
396
385
373
363
352
336
324
313
297
285
272
258
241
225
210
191
172
151
129
103
77
51
25
-3
-32
-62
-94
-125
-156
-189
-221
-252
-281
-311
-338
-364
-388
-409
-427
-442
-454
-467
-474
-480
-482
-479
-472
-462
-451
-434
-419
-400
-378
-351
-323
-295
-264
-235
-205
-173
-141
-109
-78
-48
-23
5
32
61
89
113
134
153
170
190
205
220
232
240
248
256
261
266
270
274
275
276
275
274
275
274
273
269
267
262
256
252
245
236
227
218
207
195
182
165
147
127
109
88
66
42
17
-8
-33
-56
-81
-107
-132
-155
-179
-202
-222
-242
-261
-277
-291
-306
-316
-324
-332
-338
-340
-341
-339
-337
-332
-325
-318
-308
-299
-287
-273
-258
-241
-223
-206
-186
-169
-148
-129
-109
-89
-69
-49
-27
-8
12
36
58
80
104
123
143
163
183
204
226
244
263
282
300
318
333
348
360
368
376
383
387
391
392
391
387
380
371
360
347
334
317
298
279
257
235
213
189
161
130
102
73
46
22
-6
-32
-58
-85
-108
-129
-147
-166
-185
-201
-217
-229
-241
-252
-259
-272
-280
-286
-289
-294
-299
-302
-304
-305
-304
-302
-300
-299
-295
-293
-290
-285
-280
-271
-264
-253
-243
-231
-217
-200
-185
-172
-153
-134
-113
-90
-68
-44
-21
2
26
50
77
102
127
151
174
196
217
238
256
272
289
304
319
330
338
348
351
352
353
352
346
342
335
323
313
299
285
270
254
237
217
197
176
156
132
108
83
59
36
10
-14
-39
-63
-88
-112
-137
-161
-185
-208
-230
-250
-271
-290
-309
-328
-343
-359
-372
-383
-394
-403
-409
-412
-413
-412
-409
-404
-398
-386
-375
-359
-342
-322
-301
-277
-248
-220
-189
-156
-125
-92
-58
-21
16
52
87
123
157
190
223
253
283
310
336
360
382
403
422
434
445
452
458
459
457
455
447
438
429
417
400
382
363
342
319
296
269
242
213
185
159
131
103
76
49
24
-3
-27
-54
-78
-100
-122
-144
-167
-190
-210
-231
-250
-268
-286
-300
-317
-332
-346
-360
-371
-383
-394
-404
-412
-419
-423
-425
-426
-426
-425
-422
-417
-410
-398
-385
-368
-350
-328
-303
-278
-248
-217
-185
-151
-115
-77
-34
6
49
91
133
175
218
260
301
340
376
409
441
472
499
520
539
555
564
569
573
569
562
552
539
519
498
475
445
415
379
342
305
265
226
183
139
97
53
11
-28
-69
-108
-146
-182
-214
-245
-272
-298
-322
-343
-361
-376
-390
-402
-414
-425
-430
-435
-435
-434
-431
-427
-425
-420
-415
-407
-398
-388
-376
-365
-351
-337
-322
-305
-287
-268
-247
-226
-202
-176
-149
-122
-93
-65
-34
-2
32
68
103
138
172
206
240
274
306
338
369
396
423
450
473
493
508
522
534
540
544
546
541
534
523
510
493
474
451
425
396
363
330
296
260
223
183
143
104
66
30
-7
-43
-78
-115
-147
-179
-209
-235
-261
-285
-307
-328
-345
-362
-377
-390
-402
-410
-417
-421
-423
-425
-425
-424
-421
-416
-410
-402
-392
-382
-368
-354
-338
-321
-303
-283
-261
-238
-213
-185
-157
-128
-99
-69
-36
-1
32
68
101
135
168
203
237
270
300
328
355
381
407
427
444
456
467
476
480
483
482
476
467
454
439
422
400
378
352
323
293
261
231
196
161
126
91
57
24
-9
-40
-73
-102
-132
-159
-183
-205
-226
-245
-263
-278
-293
-305
-316
-326
-333
-339
-344
-348
-351
-354
-353
-353
-352
-348
-345
-340
-337
-333
-329
-321
-313
-303
-293
-282
-270
-256
-241
-224
-204
-185
-164
-141
-117
-90
-62
-35
-5
25
57
89
119
149
179
209
238
265
292
317
339
359
377
392
404
414
423
425
424
422
414
403
392
377
357
336
313
288
263
234
206
178
147
116
88
59
30
4
-25
-54
-79
-101
-121
-141
-158
-172
-188
-200
-210
-219
-225
-230
-235
-238
-240
-239
-238
-238
-236
-235
-232
-228
-225
-222
-218
-215
-211
-207
-202
-195
-191
-185
-179
-170
-162
-153
-143
-134
-122
-110
-96
-82
-67
-53
-37
-19
-3
17
35
54
73
91
110
130
148
167
182
197
211
224
236
246
254
262
266
269
270
269
266
263
257
250
243
232
221
206
191
175
160
143
128
112
96
79
60
43
24
8
-6
-19
-34
-48
-62
-74
-86
-98
-107
-117
-126
-134
-141
-149
-154
-161
-166
-170
-174
-177
-180
-180
-180
-181
-181
-181
-179
-176
-173
-170
-166
-160
-155
-149
-141
-133
-125
-117
-108
-98
-88
-76
-64
-53
-40
-28
-16
-1
11
23
36
47
60
71
81
91
102
112
120
127
135
141
145
150
153
156
161
162
162
161
161
159
156
151
147
140
135
129
125
118
109
101
92
84
76
67
58
47
37
27
18
8
-3
-12
-22
-32
-41
-50
-60
-69
-77
-84
-90
-97
-104
-109
-115
-119
-122
-125
-127
-130
-132
-133
-132
-131
-129
-125
-122
-117
-113
-110
-104
-97
-89
-82
-74
-65
-55
-47
-38
-27
-17
-8
1
11
17
27
36
45
53
61
69
74
81
87
92
98
102
107
108
110
112
112
113
112
111
107
104
102
97
95
89
85
79
73
67
59
52
45
37
31
22
15
8
1
-6
-14
-20
-26
-32
-38
-45
-53
-60
-65
-72
-80
-85
-91
-97
-99
-104
-105
-107
-111
-112
-113
-114
-112
-112
-109
-107
-107
-103
-99
-94
-89
-83
-79
-73
-65
-58
-49
-40
-32
-21
-12
-2
8
16
24
35
43
50
59
65
71
79
85
91
95
101
105
110
112
117
117
118
118
117
117
114
110
106
101
95
91
85
78
72
67
59
53
46
38
32
25
16
7
-1
-8
-14
-20
-28
-36
-43
-49
-53
-58
-64
-70
-77
-80
-85
-88
-90
-93
-98
-102
-104
-103
-104
-104
-101
-101
-98
-95
-91
-87
-81
-77
-72
-66
-61
-55
-49
-43
-35
-27
-18
-9
-3
7
14
21
30
38
47
55
63
70
75
81
86
91
97
100
103
104
105
109
110
112
112
112
111
108
107
103
100
97
91
86
81
76
71
64
58
51
46
39
32
25
17
8
1
-7
-13
-20
-26
-33
-40
-48
-54
-61
-67
-72
-77
-83
-89
-94
-97
-102
-106
-110
-111
-113
-112
-112
-113
-112
-112
-109
-106
-103
-99
-94
-90
-86
-82
-76
-70
-65
-58
-52
-44
-37
-29
-20
-12
-4
3
12
21
28
36
42
49
55
63
70
73
79
85
89
94
96
101
104
105
106
107
107
107
106
105
104
99
96
91
90
88
83
79
72
66
61
57
51
45
37
31
23
17
10
4
-2
-9
-17
-25
-31
-38
-44
-49
-55
-60
-64
-69
-74
-76
-80
-83
-85
-88
-89
-91
-93
-93
-94
-92
-90
-88
-85
-83
-81
-78
-76
-73
-68
-65
-59
-54
-48
-43
-37
-33
-27
-23
-17
-11
-6
0
5
10
15
21
26
30
36
39
44
48
52
53
56
59
60
62
62
63
63
63
63
62
62
61
61
60
58
55
52
49
46
45
41
39
35
30
27
22
18
15
11
8
4
0
-5
-11
-13
-16
-20
-23
-28
-30
-33
-35
-37
-39
-42
-42
-42
-42
-43
-43
-42
-42
-40
-38
-37
-37
-36
-36
-34
-32
-31
-29
-26
-24
-22
-19
-18
-15
-11
-11
-6
-4
-2
0
1
2
4
5
7
10
12
15
16
17
19
20
20
20
22
21
21
23
25
25
27
26
27
28
29
30
29
30
27
25
26
26
26
25
24
23
21
19
16
14
14
12
10
8
6
6
4
2
0
-2
-5
-7
-8
-11
-11
-13
-13
-14
-16
-17
-18
-21
-21
-21
-21
-22
-22
-20
-21
-20
-21
-21
-21
-22
-23
-21
-19
-18
-17
-15
-13
-13
-12
-11
-11
-10
-9
-8
-8
-6
-4
-6
-5
-3
-1
-1
0
0
1
3
4
4
8
10
14
15
15
15
17
18
20
19
20
20
22
24
25
26
25
25
23
23
24
23
22
23
21
21
20
19
18
16
12
10
7
5
3
2
2
0
-1
-4
-7
-8
-12
-12
-14
-16
-14
-14
-14
-14
-15
-17
-18
-20
-21
-22
-23
-21
-19
-19
-20
-20
-20
-19
-20
-21
-20
-20
-19
-18
-16
-16
-16
-16
-16
-15
-14
-13
-11
-10
-8
-6
-7
-5
-5
-4
-3
-2
0
0
2
4
6
8
8
10
10
11
12
14
15
16
18
20
20
21
20
19
19
20
19
19
19
18
17
16
14
13
11
11
10
10
9
7
7
4
4
2
1
0
-1
-1
-1
-2
-4
-5
-8
-8
-11
-12
-12
-14
-12
-13
-13
-11
-12
-15
-16
-18
-19
-17
-18
-16
-17
-17
-16
-15
-15
-16
-15
-16
-15
-15
-15
-13
-11
-10
-8
-6
-6
-7
-5
-7
-6
-4
-1
-1
2
3
4
6
8
10
12
13
14
15
17
17
18
18
17
17
19
19
18
18
17
17
17
18
16
16
13
13
12
12
13
12
11
10
10
10
10
6
5
4
2
1
3
3
4
2
1
-2
-3
-3
-3
-3
-4
-6
-5
-7
-7
-9
-10
-12
-13
-14
-13
-13
-12
-13
-14
-14
-14
-14
-14
-14
-15
-15
-13
-11
-12
-11
-11
-11
-11
-10
-7
-6
-6
-4
-3
-3
-2
-1
0
1
3
5
5
5
5
7
7
9
11
9
10
9
9
10
12
13
13
14
12
11
10
9
9
7
7
7
8
8
8
8
7
6
5
5
6
6
6
5
4
4
2
0
0
-1
0
0
0
0
2
0
0
-1
-1
-2
-2
-3
-3
-5
-6
-6
-6
-6
-8
-10
-10
-9
-9
-8
-11
-12
-11
-12
-10
-9
-9
-9
-7
-7
-10
-7
-7
-6
-6
-5
-4
-3
-1
2
2
1
2
3
5
6
7
6
6
8
8
8
8
7
7
7
7
8
7
8
9
8
8
8
8
8
5
6
6
7
7
6
6
7
6
5
4
3
4
4
2
3
2
1
0
-1
-2
-1
-1
0
-2
-2
-2
-4
-4
-4
-5
-5
-7
-8
-7
-7
-7
-7
-7
-6
-8
-9
-9
-8
-8
-7
-8
-7
-7
-5
-5
-5
-5
-4
-5
-5
-6
-4
-1
0
1
1
0
0
0
0
-1
1
0
2
3
3
3
2
3
3
3
4
4
4
4
4
5
4
4
5
4
3
2
3
3
3
2
2
3
3
4
2
3
1
0
-1
-1
-2
-3
-2
-4
-2
-2
-4
-5
-6
-6
-6
-6
-6
-5
-5
-5
-5
-5
-5
-6
-6
-5
-5
-6
-4
-4
-2
-1
-1
-3
-5
-5
-3
-3
-1
0
0
0
0
1
1
2
3
3
4
4
5
6
6
7
7
6
4
5
5
6
6
6
7
6
6
6
5
5
7
8
9
8
7
6
4
3
4
4
4
4
5
3
3
2
2
1
2
1
2
2
1
1
-1
1
-1
-1
-1
-2
-5
-5
-5
-5
-3
-2
-3
-3
-3
-3
-5
-5
-3
-3
-4
-3
-3
-3
-4
-4
-4
-5
-4
-4
-4
-3
-1
0
-2
-1
0
1
2
2
1
2
2
2
4
6
5
5
4
3
5
5
5
5
5
4
4
5
4
5
4
3
3
3
2
3
4
2
1
-1
-1
-1
1
0
-1
-2
-2
-3
-3
-4
-4
-5
-5
-5
-5
-5
-6
-7
-6
-7
-6
-5
-5
-4
-5
-7
-7
-6
-7
-6
-5
-5
-5
-6
-6
-6
-5
-4
-5
-6
-5
-5
-6
-3
-2
-3
-2
-2
-2
-1
0
0
0
-2
-1
-1
1
3
2
3
4
5
6
6
7
7
8
6
6
7
9
10
8
9
9
9
10
7
8
10
10
9
8
7
5
4
5
5
5
4
1
2
0
-1
-1
-3
-2
-2
-4
-4
-3
-3
-5
-5
-6
-6
-6
-7
-7
-6
-7
-5
-6
-7
-8
-7
-6
-4
-4
-4
-5
-5
-5
-5
-5
-5
-5
-6
-5
-6
-4
-3
-5
-5
-5
-3
-1
0
-1
-1
0
1
1
3
4
4
4
4
4
4
6
5
8
7
6
6
5
6
6
8
8
10
10
10
9
9
8
9
9
8
9
8
8
6
6
5
3
3
3
2
2
2
2
3
1
1
1
0
0
-1
-1
-1
-4
-4
-5
-4
-6
-7
-7
-7
-6
-5
-5
-5
-4
-4
-5
-5
-5
-6
-8
-7
-7
-5
-4
-3
-2
-3
-2
-1
0
1
0
1
1
2
2
4
4
4
5
3
3
2
4
5
7
8
8
8
5
7
7
8
9
8
9
8
8
8
9
6
7
8
7
6
7
7
6
5
4
4
3
0
0
-1
-2
-2
0
1
-1
0
-2
-3
-4
-4
-3
-3
-3
-5
-5
-6
-5
-7
-8
-7
-9
-10
-9
-8
-8
-7
-9
-10
-9
-10
-10
-10
-8
-10
-10
-9
-7
-6
-5
-3
-3
-2
-2
-3
-1
-2
-1
-2
-3
-5
-4
-2
-1
0
2
1
2
3
2
3
3
2
2
4
5
6
5
3
2
1
2
2
2
1
2
1
1
1
1
1
2
1
2
2
2
1
1
1
-1
-3
-3
-4
-5
-4
-3
-3
-2
-1
-3
-4
-5
-7
-7
-6
-3
-1
-3
-3
-4
-5
-6
-7
-7
-6
-5
-5
-5
-5
-5
-3
-2
-3
-3
-2
-2
-3
-3
-2
-2
-2
-2
-2
-2
-1
0
0
2
2
2
2
2
1
2
2
2
4
4
7
7
6
4
4
3
5
6
8
9
10
8
8
7
6
6
4
5
8
7
5
4
4
3
3
1
0
0
0
0
1
2
1
1
0
0
0
0
-1
0
1
1
-1
-2
-2
-3
-4
-4
-6
-6
-5
-6
-5
-5
-3
-4
-4
-5
-4
-4
-4
-4
-5
-5
-4
-3
-3
-2
-4
-4
-5
-5
-4
-3
-2
-2
-1
0
-1
-1
-1
0
1
1
0
0
-1
0
1
-1
0
1
1
2
4
4
4
4
2
4
4
4
4
3
2
2
2
2
3
2
1
2
1
1
3
2
2
2
0
0
0
0
0
0
-1
-2
-3
-4
-2
-2
-2
-2
-1
-2
-2
-3
-1
-2
0
-1
0
-2
-1
0
1
2
0
0
-2
-2
-2
-1
-2
0
2
1
3
2
3
3
2
2
1
1
2
3
4
3
2
1
1
1
1
0
0
2
3
5
5
5
6
6
4
4
5
6
6
6
7
6
5
5
5
4
4
3
4
3
5
5
4
4
3
1
0
-1
-1
-1
0
1
1
1
1
0
-1
-2
-2
-2
-2
-1
-1
0
0
0
-2
-4
-4
-4
-4
-5
-4
-4
-5
-3
-5
-5
-4
-4
-4
-4
-5
-3
-1
0
0
-1
-2
-1
-2
-2
-1
-1
-1
0
0
-1
1
1
0
0
2
2
4
2
2
1
0
2
2
2
1
1
3
3
2
3
2
1
1
1
1
0
1
0
2
2
2
1
-1
-2
-4
-4
-3
-4
-2
-2
0
0
0
-1
0
-2
-3
-2
-2
-1
-1
-2
-2
1
-1
-2
-1
-3
-2
-3
-1
-3
-1
-2
-2
-3
-2
0
-1
-1
-4
-3
-3
-3
-2
-2
-1
-1
-2
-2
-2
-3
-2
-1
0
-2
-1
-1
-1
-1
0
-1
1
1
3
3
4
3
2
1
2
2
2
0
0
1
3
3
3
5
4
4
3
3
1
2
3
4
3
3
2
0
1
1
1
1
0
-1
-1
-1
-2
-1
0
0
-1
-2
-2
-2
-3
-3
-4
-6
-5
-4
-4
-5
-4
-4
-3
-5
-4
-3
-2
-2
-1
-1
-3
-2
-1
-1
-1
0
0
1
1
1
2
1
1
1
2
1
2
4
4
4
4
2
2
2
1
1
2
3
2
3
4
4
3
3
4
3
2
3
2
3
4
5
5
7
6
7
6
5
5
3
2
1
2
1
1
0
1
2
1
1
1
0
1
-2
-1
-2
0
0
0
1
0
0
0
-1
-1
-2
-2
-2
-1
-1
-1
-1
-2
-2
-2
-2
0
0
-1
-2
-2
-4
-3
-3
-2
-2
-2
-2
-1
-2
-1
0
0
0
1
-1
0
0
-1
0
1
2
1
0
1
3
4
4
4
4
4
3
4
3
4
5
5
5
3
4
4
4
3
1
-1
-2
-1
-1
1
2
1
1
-1
-1
-2
-2
-3
-2
-1
-1
-1
-1
0
-3
-3
-4
-5
-4
-5
-6
-5
-4
-2
-2
-2
-4
-5
-5
-6
-5
-5
-4
-3
-3
-2
-2
-3
-2
-3
-5
-5
-4
-4
-5
-4
-4
-3
-4
-4
-3
-2
-1
-1
-1
-1
1
1
0
-1
-2
-2
-1
-1
-1
1
1
3
3
1
2
1
1
1
1
1
2
2
2
1
0
1
0
1
0
1
1
2
1
2
2
2
1
0
1
-1
0
1
1
0
-1
-1
-2
-2
-3
-3
-2
-1
-2
-1
-1
-1
0
0
0
0
-1
-1
0
0
0
-2
-1
-1
-2
-2
-1
-1
0
1
0
0
1
0
0
1
2
2
3
3
0
0
0
1
1
2
2
2
3
1
2
3
2
2
2
3
3
3
4
5
5
5
5
5
5
3
1
2
1
1
2
3
4
3
2
1
1
-1
-1
2
1
2
3
3
1
2
2
1
0
0
0
1
3
2
2
1
2
1
0
0
0
0
0
2
3
2
0
1
0
-1
0
0
-1
0
2
1
1
0
0
0
1
1
2
0
0
-1
-1
-1
0
-1
-1
-2
-3
-3
-4
-2
-1
-2
-4
-3
-4
-4
-4
-3
-3
-2
-2
-2
-2
-3
-3
-3
-4
-4
-2
-3
-3
-2
-2
-2
0
-1
-1
-2
-3
-4
-4
-3
-3
-3
-3
-4
-3
-4
-4
-2
-2
-3
-3
-2
-2
-2
-2
-1
-1
-2
-3
-3
-3
-2
-1
-1
-2
-2
-2
-3
-2
-3
-2
-1
0
0
-1
-2
-2
-1
-2
-2
-1
-3
-1
0
0
0
-2
-2
-3
-4
-3
-2
-1
0
-1
0
-1
1
3
2
1
1
0
-1
1
0
-1
0
0
0
-1
0
0
0
0
2
2
3
4
3
3
4
2
3
2
2
3
3
3
4
4
3
3
2
2
3
2
4
4
3
4
4
3
4
3
2
3
3
3
5
4
2
3
0
1
2
1
1
2
1
1
1
1
2
1
0
-1
1
2
2
2
1
2
-1
0
1
3
3
2
1
1
1
1
1
0
-1
-1
-1
-1
-1
-1
0
0
0
-2
-3
-2
-2
-1
1
2
3
3
2
0
-1
0
-1
0
-1
1
2
2
1
2
2
1
0
1
0
2
3
1
2
2
2
1
1
1
1
2
1
2
3
1
1
0
-2
-1
-1
0
0
0
0
1
1
0
0
0
-1
0
-2
-4
-2
-3
-3
-1
-1
-2
-2
-2
-4
-3
-3
-2
-1
1
0
0
0
-1
-3
-3
-3
-3
-1
-2
-2
-3
-3
-3
-4
-4
-3
-2
-1
-1
0
-2
-2
-2
-3
-4
-3
-3
-2
-1
-1
-2
-3
-3
-3
-3
-1
-1
-4
-4
-2
0
0
0
-1
-2
-3
-2
-2
0
0
-2
0
0
1
-1
0
0
-1
-1
0
1
2
1
3
1
0
0
0
0
0
1
1
2
2
1
2
0
-1
-1
-1
-2
-1
0
-1
0
-2
-2
-1
-1
-1
1
1
-1
-1
-2
-2
-2
-1
0
-1
0
1
1
-1
1
2
2
1
1
0
2
2
4
3
3
3
1
2
4
4
5
6
5
4
5
4
5
6
3
4
4
3
3
5
4
4
4
3
4
3
1
2
2
0
0
2
1
2
3
3
4
2
0
-1
-2
-3
-2
-4
-5
-4
-6
-7
-8
-8
-8
-8
-8
-6
-5
-6
-8
-7
-10
-8
-7
-8
-7
-6
-7
-7
-7
-8
-8
-7
-10
-7
-6
-6
-3
-3
-3
-3
-2
-2
-1
0
0
4
5
6
7
7
8
8
10
12
14
15
14
17
19
21
26
26
29
32
34
38
40
43
44
46
49
49
50
51
52
50
51
51
50
49
45
41
40
38
36
32
28
26
23
21
21
18
14
11
5
2
-2
-6
-10
-15
-19
-23
-30
-37
-42
-46
-53
-60
-68
-77
-83
-91
-95
-101
-106
-111
-116
-120
-125
-130
-134
-136
-138
-140
-143
-145
-149
-151
-153
-155
-157
-154
-153
-152
-147
-143
-138
-125
-117
-106
-92
-80
-63
-46
-30
-12
6
21
39
60
74
91
107
119
134
147
157
169
176
184
194
200
206
215
219
222
226
228
228
230
229
228
227
224
220
217
212
205
198
190
181
172
163
154
146
139
132
125
116
110
102
95
87
79
72
64
60
50
40
29
18
4
-13
-30
-48
-68
-92
-117
-144
-173
-204
-238
-273
-307
-341
-373
-406
-439
-468
-494
-517
-535
-553
-565
-574
-578
-579
-576
-566
-555
-539
-521
-499
-471
-442
-409
-371
-335
-291
-245
-195
-143
-86
-31
23
83
139
199
260
318
376
432
488
538
588
632
670
706
731
757
778
789
798
799
793
785
770
749
729
704
671
643
607
568
531
489
446
406
361
317
276
234
191
150
104
59
18
-27
-65
-99
-137
-173
-211
-249
-282
-313
-345
-375
-406
-443
-474
-501
-531
-555
-585
-615
-642
-669
-699
-730
-759
-792
-820
-846
-875
-902
-925
-947
-964
-970
-974
-980
-979
-972
-955
-920
-876
-829
-773
-714
-632
-515
-391
-271
-153
-57
44
181
323
474
618
718
802
892
972
1060
1145
1180
1191
1193
1178
1180
1183
1155
1115
1058
979
918
862
785
720
652
576
522
467
398
333
267
202
163
130
89
52
12
-26
-45
-54
-66
-81
-99
-111
-107
-88
-66
-51
-43
-42
-33
-10
11
25
34
29
19
22
23
13
-8
-46
-91
-132
-176
-222
-264
-315
-366
-409
-459
-514
-567
-625
-668
-691
-713
-733
-757
-790
-819
-835
-844
-856
-864
-881
-896
-896
-889
-880
-861
-846
-831
-800
-769
-738
-685
-627
-544
-409
-263
-136
-10
84
173
326
498
673
854
958
1017
1103
1184
1281
1401
1440
1412
1384
1315
1276
1285
1236
1167
1083
930
807
727
615
527
449
325
235
168
66
2
-55
-148
-188
-216
-269
-282
-304
-345
-331
-320
-319
-282
-276
-276
-218
-171
-113
-23
17
46
104
139
196
279
306
332
364
354
368
385
347
314
260
171
120
72
1
-54
-139
-252
-332
-418
-509
-566
-643
-722
-776
-838
-891
-933
-991
-1047
-1091
-1132
-1156
-1161
-1173
-1185
-1195
-1200
-1183
-1156
-1112
-1075
-1053
-1008
-940
-831
-657
-482
-333
-191
-85
31
229
443
668
894
1027
1131
1261
1373
1514
1658
1701
1697
1689
1634
