2.363291e+062 -3.829259e+058 -1.005306e+059 -1.783490e+059 -2.609061e+059 -3.360152e+059 -3.913732e+059 -4.163414e+059 -4.022937e+059 -3.450319e+059 -2.442402e+059 1.312539e+056 
2.363291e+062 -3.831783e+058 -1.005201e+059 -1.783831e+059 -2.609389e+059 -3.360905e+059 -3.914917e+059 -4.162696e+059 -4.023395e+059 -3.450763e+059 -2.442673e+059 1.312917e+056 
2.363291e+062 -3.824151e+058 -1.004334e+059 -1.780803e+059 -2.604843e+059 -3.355171e+059 -3.908703e+059 -4.157101e+059 -4.017939e+059 -3.445336e+059 -2.439319e+059 1.308914e+056 
2.363291e+062 -3.820904e+058 -1.002793e+059 -1.779742e+059 -2.603784e+059 -3.352592e+059 -3.906475e+059 -4.154662e+059 -4.015645e+059 -3.443534e+059 -2.437841e+059 1.307128e+056 
2.363290e+062 -3.824130e+058 -1.004072e+059 -1.781494e+059 -2.606923e+059 -3.357060e+059 -3.911846e+059 -4.158306e+059 -4.019864e+059 -3.447682e+059 -2.440651e+059 1.310118e+056 
2.363290e+062 -3.835446e+058 -1.007152e+059 -1.786638e+059 -2.614078e+059 -3.366864e+059 -3.922101e+059 -4.170926e+059 -4.031230e+059 -3.457068e+059 -2.447463e+059 1.317604e+056 
2.363291e+062 -3.820126e+058 -1.003245e+059 -1.779601e+059 -2.603362e+059 -3.352768e+059 -3.905960e+059 -4.154375e+059 -4.015830e+059 -3.443552e+059 -2.437729e+059 1.307086e+056 
2.363291e+062 -3.831984e+058 -1.006255e+059 -1.785500e+059 -2.612487e+059 -3.363394e+059 -3.918838e+059 -4.167681e+059 -4.028055e+059 -3.454676e+059 -2.445570e+059 1.315517e+056 
2.363291e+062 -3.830268e+058 -1.006568e+059 -1.785945e+059 -2.611232e+059 -3.363731e+059 -3.919738e+059 -4.167909e+059 -4.029370e+059 -3.455793e+059 -2.446294e+059 1.315774e+056 
2.363257e+062 -4.163200e+058 -9.911069e+058 -1.646094e+059 -2.372483e+059 -3.144154e+059 -3.833396e+059 -4.218860e+059 -4.118236e+059 -3.486007e+059 -2.410923e+059 1.257970e+056 
2.363296e+062 -4.249284e+058 -1.045572e+059 -1.770835e+059 -2.556298e+059 -3.337716e+059 -3.993186e+059 -4.334359e+059 -4.210156e+059 -3.572552e+059 -2.483810e+059 1.374025e+056 
2.354791e+062 -2.467103e+060 -5.973061e+060 -9.543859e+060 -1.228833e+061 -1.358616e+061 -1.323618e+061 -1.143011e+061 -8.662958e+060 -5.597014e+060 -2.853881e+060 1.549466e+059 
2.340867e+062 -6.335216e+060 -1.514230e+061 -2.376727e+061 -2.994518e+061 -3.214755e+061 -3.016715e+061 -2.483850e+061 -1.760294e+061 -1.029367e+061 -4.471647e+060 8.211488e+059 
2.326090e+062 -9.773698e+060 -2.256484e+061 -3.339559e+061 -3.903257e+061 -3.775794e+061 -3.043707e+061 -2.046893e+061 -1.054445e+061 -2.971092e+060 6.381759e+059 7.881894e+059 
2.320482e+062 -1.079360e+061 -2.422068e+061 -3.495448e+061 -4.080449e+061 -4.036061e+061 -3.480463e+061 -2.601155e+061 -1.558557e+061 -6.406446e+060 -6.948419e+059 1.121053e+060 
2.316809e+062 -1.172712e+061 -2.611573e+061 -3.767543e+061 -4.411038e+061 -4.445497e+061 -3.950093e+061 -3.085207e+061 -1.971572e+061 -8.904281e+060 -1.546124e+060 1.491231e+060 
2.319261e+062 -1.117124e+061 -2.520857e+061 -3.659323e+061 -4.304696e+061 -4.303976e+061 -3.783088e+061 -2.943168e+061 -1.884724e+061 -8.826897e+060 -1.736257e+060 1.387638e+060 
2.332305e+062 -7.839040e+060 -1.831407e+061 -2.823485e+061 -3.562728e+061 -3.798109e+061 -3.586776e+061 -3.025906e+061 -2.161374e+061 -1.208542e+061 -4.067474e+060 1.178854e+060 
2.349132e+062 -3.025481e+060 -6.261209e+060 -8.517883e+060 -1.013053e+061 -1.122838e+061 -1.209653e+061 -1.204912e+061 -1.018725e+061 -6.932827e+060 -3.412528e+060 1.533788e+059 
2.354418e+062 -1.582140e+060 -2.721057e+060 -3.045397e+060 -3.543930e+060 -5.080117e+060 -7.047051e+060 -8.144569e+060 -7.572345e+060 -5.536379e+060 -3.136546e+060 4.560913e+058 
2.354492e+062 -1.796234e+060 -3.409518e+060 -4.299528e+060 -5.149588e+060 -6.735298e+060 -8.741252e+060 -1.008251e+061 -9.753041e+060 -7.628765e+060 -4.626227e+060 7.906322e+058 
2.358164e+062 -1.142503e+060 -2.343071e+060 -3.327599e+060 -4.361632e+060 -5.664856e+060 -6.912732e+060 -7.516459e+060 -7.079359e+060 -5.642327e+060 -3.626056e+060 4.485186e+058 
2.361709e+062 -4.242529e+059 -9.547251e+059 -1.485205e+060 -2.017768e+060 -2.547793e+060 -2.976905e+060 -3.141255e+060 -2.937576e+060 -2.385206e+060 -1.579896e+060 8.128279e+057 
2.362369e+062 -2.909965e+059 -7.241104e+059 -1.222436e+060 -1.724424e+060 -2.170365e+060 -2.492033e+060 -2.614661e+060 -2.476908e+060 -2.062427e+060 -1.404424e+060 5.539561e+057 
2.363001e+062 -1.025032e+059 -2.581583e+059 -4.419669e+059 -6.317341e+059 -8.036398e+059 -9.304179e+059 -9.823314e+059 -9.366441e+059 -7.866404e+059 -5.420616e+059 7.581732e+056 
2.363257e+062 -4.188084e+058 -1.037656e+059 -1.763282e+059 -2.534817e+059 -3.292632e+059 -3.922864e+059 -4.267851e+059 -4.176570e+059 -3.577205e+059 -2.504368e+059 1.350249e+056 
2.363294e+062 -3.881351e+058 -1.017136e+059 -1.801966e+059 -2.634004e+059 -3.389903e+059 -3.949999e+059 -4.201660e+059 -4.061451e+059 -3.482209e+059 -2.464250e+059 1.338586e+056 
2.363292e+062 -3.840068e+058 -1.007131e+059 -1.787129e+059 -2.613455e+059 -3.365469e+059 -3.920381e+059 -4.169973e+059 -4.030007e+059 -3.456114e+059 -2.446656e+059 1.317258e+056 
2.363291e+062 -3.832504e+058 -1.005452e+059 -1.783426e+059 -2.608480e+059 -3.359776e+059 -3.913073e+059 -4.161936e+059 -4.022615e+059 -3.449813e+059 -2.442566e+059 1.312397e+056 
2.363291e+062 -3.819404e+058 -1.001993e+059 -1.776990e+059 -2.600169e+059 -3.348404e+059 -3.900284e+059 -4.148751e+059 -4.009696e+059 -3.438469e+059 -2.434216e+059 1.303675e+056 
2.363290e+062 -3.836856e+058 -1.007156e+059 -1.787336e+059 -2.614560e+059 -3.366906e+059 -3.922451e+059 -4.171725e+059 -4.031919e+059 -3.457742e+059 -2.447734e+059 1.318039e+056 
2.363291e+062 -3.825638e+058 -1.004235e+059 -1.781320e+059 -2.605721e+059 -3.355986e+059 -3.909779e+059 -4.158313e+059 -4.019222e+059 -3.446800e+059 -2.440257e+059 1.309651e+056 
2.363290e+062 -3.839662e+058 -1.007761e+059 -1.787531e+059 -2.615643e+059 -3.368784e+059 -3.923990e+059 -4.173845e+059 -4.033748e+059 -3.459205e+059 -2.448763e+059 1.319228e+056 
2.363291e+062 -3.826223e+058 -1.004842e+059 -1.782707e+059 -2.607156e+059 -3.357581e+059 -3.911522e+059 -4.159803e+059 -4.020579e+059 -3.448181e+059 -2.441274e+059 1.310867e+056 
2.363290e+062 -3.835283e+058 -1.006596e+059 -1.785530e+059 -2.612000e+059 -3.363909e+059 -3.919425e+059 -4.168188e+059 -4.028408e+059 -3.454600e+059 -2.445308e+059 1.315829e+056 
