1.000000e-030   3.000000e-001   1.000000e-030   1.000000e-030   1.000000e-030   1.000000e-030   1.000000e-030   1.000000e-030   1.000000e-030   1.000000e-030   1.000000e-030   1.000000e-030   1.000000e-030   1.000000e-030   1.000000e-030   1.000000e-030   1.000000e-030   2.281165e-232   1.855493e-266   1.000000e-030   1.000000e-030   6.000000e-001   1.000000e-030   1.000000e-030   1.000000e-030   1.669944e-296   1.000000e-030   1.000000e-030   1.000000e-030   1.000000e-001   1.000000e-030   1.000000e-030   

1.000000e-030   3.703124e-263   1.000000e-030   1.000000e-030   1.000000e-030   1.000000e-030   1.000000e-030   1.000000e-030   1.000000e-030   1.000000e-030   1.000000e-030   1.000000e-030   1.000000e-030   1.000000e-030   1.000000e-030   1.000000e-030   1.000000e-030   1.000000e-030   1.000000e+000   1.000000e-030   1.000000e-030   4.224380e-231   1.000000e-030   1.000000e-030   2.292513e-243   8.366831e-245   1.000000e-030   1.000000e-030   1.000000e-030   8.484194e-265   1.000000e-030   1.000000e-030   

1.000000e-030   1.232292e-295   2.113137e-239   1.000000e-030   1.000000e-030   1.000000e-030   2.746996e-242   3.984832e-241   1.000000e-030   1.000000e-030   1.000000e-030   1.000000e-030   2.510436e-240   1.000000e-030   1.000000e-030   1.000000e-030   1.000000e-030   1.000000e-030   2.509004e-246   1.000000e-030   1.000000e-030   6.034829e-232   1.000000e-030   1.000000e-030   7.142857e-001   2.857143e-001   1.000000e-030   1.000000e-030   1.000000e-030   1.000000e-030   1.000000e-030   1.000000e-030   

1.000000e-030   7.582261e-235   1.261380e-001   1.000000e-030   1.000000e-030   1.000000e-030   2.522759e-001   3.784139e-001   1.000000e-030   1.000000e-030   1.000000e-030   1.000000e-030   1.261380e-001   1.000000e-030   1.000000e-030   1.000000e-030   1.000000e-030   2.963489e-233   1.170342e-001   1.000000e-030   1.000000e-030   5.377716e-232   1.000000e-030   1.000000e-030   2.501950e-268   4.776411e-243   1.000000e-030   1.000000e-030   1.000000e-030   2.034891e-040   1.000000e-030   1.000000e-030   

1.000000e-030   3.306815e-001   6.629005e-239   1.000000e-030   1.000000e-030   1.000000e-030   1.000000e-030   1.000000e-030   1.000000e-030   1.000000e-030   1.000000e-030   1.000000e-030   1.000000e-030   1.000000e-030   1.000000e-030   1.000000e-030   1.000000e-030   1.102272e-001   7.955396e-003   1.000000e-030   1.000000e-030   4.409087e-001   1.000000e-030   1.000000e-030   2.593401e-299   1.643940e-300   1.000000e-030   1.000000e-030   1.000000e-030   1.102272e-001   1.000000e-030   1.000000e-030   

