1.000000e-030   1.000000e-030   2.459008e-232   6.250000e-001   1.000000e-030   1.000000e-030   1.000000e-030   1.000000e-030   1.000000e-030   1.000000e-030   1.000000e-030   3.750000e-001   1.000000e-030   1.000000e-030   1.000000e-030   1.000000e-030   1.000000e-030   1.000000e-030   1.000000e-030   1.000000e-030   1.000000e-030   1.000000e-030   1.000000e-030   1.000000e-030   1.000000e-030   1.000000e-030   1.000000e-030   1.000000e-030   2.373510e-248   1.000000e-030   1.000000e-030   1.000000e-030   

1.000000e-030   1.000000e-030   6.557355e-232   1.606925e-202   1.000000e-030   1.000000e-030   1.000000e-030   1.000000e-030   1.000000e-030   1.000000e-030   1.000000e-030   1.318180e-172   1.000000e-030   1.000000e-030   1.000000e-030   1.000000e-030   1.000000e-030   1.000000e-030   1.000000e-030   1.000000e-030   7.930954e-244   1.000000e-030   1.000000e-030   1.000000e-030   1.498469e-243   1.000000e-030   1.000000e-030   1.000000e-030   1.000000e+000   1.000000e-030   1.000000e-030   1.000000e-030   

1.000000e-030   1.000000e-030   1.673564e-232   1.688949e-294   1.000000e-030   5.701563e-242   9.173338e-240   8.987758e-239   1.000000e-030   1.000000e-030   1.000000e-030   7.517619e-296   1.000000e-030   1.000000e-030   1.000000e-030   1.000000e-030   1.000000e-030   1.000000e-030   2.182918e-235   1.000000e-030   5.833333e-001   1.000000e-030   1.000000e-030   1.000000e-030   4.166667e-001   3.074249e-241   1.000000e-030   1.000000e-030   2.358989e-247   1.000000e-030   1.000000e-030   1.000000e-030   

1.000000e-030   1.000000e-030   2.009633e-001   1.000000e-030   1.000000e-030   1.598073e-001   3.196147e-001   1.235241e-236   1.000000e-030   1.000000e-030   1.000000e-030   1.000000e-030   2.943485e-235   1.000000e-030   1.000000e-030   1.000000e-030   1.000000e-030   1.000000e-030   1.120518e-233   1.000000e-030   1.000000e-030   1.000000e-030   1.000000e-030   1.000000e-030   6.129574e-242   3.196147e-001   1.000000e-030   1.000000e-030   1.000000e-030   1.000000e-030   1.000000e-030   1.000000e-030   

1.000000e-030   1.000000e-030   4.867829e-001   1.000000e-030   1.000000e-030   1.000000e-030   1.404736e-237   1.026434e-001   1.000000e-030   1.000000e-030   1.000000e-030   1.000000e-030   2.052869e-001   1.000000e-030   1.000000e-030   1.000000e-030   1.000000e-030   1.000000e-030   2.052869e-001   1.000000e-030   1.000000e-030   1.000000e-030   1.000000e-030   1.000000e-030   1.000000e-030   6.954887e-274   1.000000e-030   1.000000e-030   1.000000e-030   1.000000e-030   1.000000e-030   1.000000e-030   

