1.000000e-030   1.000000e-030   1.000000e-030   1.101201e-232   1.000000e-030   1.000000e-030   1.000000e-030   1.000000e-030   1.000000e-030   1.000000e-030   1.000000e-030   1.000000e-030   1.000000e-030   1.000000e-030   1.000000e-030   1.000000e-030   4.998379e-001   1.000000e-030   1.000000e-030   1.000000e-030   1.000000e-030   1.000000e-030   1.000000e-030   1.000000e-030   1.000000e-030   1.000000e-030   1.000000e-030   1.000000e-030   1.000000e-030   1.000000e-030   1.000000e-030   5.001621e-001   

1.000000e-030   1.000000e-030   1.000000e-030   2.933050e-232   1.000000e-030   1.000000e-030   1.000000e-030   1.000000e-030   1.000000e-030   1.000000e-030   1.000000e-030   1.000000e-030   1.000000e-030   1.000000e-030   1.000000e-030   1.000000e-030   1.000000e+000   1.000000e-030   1.000000e-030   1.000000e-030   2.706975e-245   1.000000e-030   1.000000e-030   1.000000e-030   4.127930e-244   1.000000e-030   1.000000e-030   1.000000e-030   1.000000e-030   1.000000e-030   1.000000e-030   2.139808e-248   

1.000000e-030   1.000000e-030   3.627571e-239   8.006141e-233   1.000000e-030   2.305893e-242   1.181950e-240   4.472816e-238   1.000000e-030   1.000000e-030   1.000000e-030   1.000000e-030   1.000000e-030   1.000000e-030   1.000000e-030   1.000000e-030   9.044749e-248   1.000000e-030   1.000000e-030   1.000000e-030   5.454545e-001   1.000000e-030   1.000000e-030   1.000000e-030   4.545455e-001   2.046267e-241   1.000000e-030   1.000000e-030   1.000000e-030   1.000000e-030   1.000000e-030   1.985456e-264   

1.000000e-030   2.174507e-234   2.222222e-001   9.785283e-233   1.000000e-030   1.111111e-001   1.111111e-001   3.333333e-001   1.000000e-030   1.000000e-030   1.000000e-030   1.000000e-030   1.374713e-235   1.000000e-030   1.000000e-030   1.000000e-030   1.851673e-295   1.000000e-030   1.000000e-030   6.088621e-235   1.000000e-030   1.000000e-030   1.000000e-030   1.000000e-030   7.064667e-243   2.222222e-001   1.000000e-030   1.000000e-030   1.000000e-030   1.000000e-030   1.000000e-030   3.543889e-296   

1.000000e-030   2.000000e-001   1.000000e-030   2.000000e-001   1.000000e-030   7.989627e-273   1.558714e-274   5.332543e-173   1.000000e-030   1.000000e-030   1.000000e-030   1.000000e-030   2.000000e-001   1.000000e-030   1.000000e-030   1.000000e-030   1.000000e-030   1.000000e-030   1.000000e-030   4.000000e-001   1.000000e-030   1.000000e-030   1.000000e-030   1.000000e-030   1.000000e-030   1.000000e-030   1.000000e-030   1.000000e-030   1.000000e-030   1.000000e-030   1.000000e-030   1.000000e-030   

