2.363217e+062 -6.162441e+058 -1.614857e+059 -2.854794e+059 -4.165654e+059 -5.333085e+059 -6.185617e+059 -6.538472e+059 -6.277195e+059 -5.347402e+059 -3.753113e+059 3.279159e+056 
2.363277e+062 -3.894265e+058 -1.022201e+059 -1.812775e+059 -2.654014e+059 -3.416635e+059 -3.981874e+059 -4.232228e+059 -4.095085e+059 -3.506835e+059 -2.483301e+059 1.357412e+056 
2.363287e+062 -3.834542e+058 -1.006653e+059 -1.786554e+059 -2.616930e+059 -3.369533e+059 -3.924555e+059 -4.175143e+059 -4.032488e+059 -3.459698e+059 -2.450210e+059 1.319003e+056 
2.363288e+062 -3.835042e+058 -1.009245e+059 -1.788345e+059 -2.622326e+059 -3.374577e+059 -3.931575e+059 -4.182854e+059 -4.042135e+059 -3.466325e+059 -2.455036e+059 1.323639e+056 
2.363286e+062 -3.817464e+058 -1.003099e+059 -1.782052e+059 -2.607474e+059 -3.358384e+059 -3.915729e+059 -4.163506e+059 -4.023409e+059 -3.449692e+059 -2.443089e+059 1.311126e+056 
2.363288e+062 -3.799911e+058 -9.986282e+058 -1.773020e+059 -2.594335e+059 -3.343271e+059 -3.893693e+059 -4.143514e+059 -4.006254e+059 -3.435158e+059 -2.433766e+059 1.298817e+056 
2.363288e+062 -3.797424e+058 -1.001445e+059 -1.775385e+059 -2.600324e+059 -3.350821e+059 -3.904762e+059 -4.153991e+059 -4.015973e+059 -3.443209e+059 -2.438262e+059 1.304346e+056 
2.363285e+062 -3.813938e+058 -1.003516e+059 -1.781896e+059 -2.607515e+059 -3.359772e+059 -3.916974e+059 -4.165987e+059 -4.027985e+059 -3.453097e+059 -2.444839e+059 1.312131e+056 
2.363285e+062 -3.802326e+058 -1.002472e+059 -1.779014e+059 -2.603941e+059 -3.355445e+059 -3.911264e+059 -4.162392e+059 -4.022588e+059 -3.448585e+059 -2.443396e+059 1.308568e+056 
2.363277e+062 -3.829646e+058 -1.014951e+059 -1.804286e+059 -2.637318e+059 -3.399801e+059 -3.966234e+059 -4.216033e+059 -4.075514e+059 -3.493611e+059 -2.476404e+059 1.342484e+056 
2.359756e+062 3.955872e+059 -6.323113e+058 4.939567e+058 4.359116e+059 -2.780155e+059 -3.457835e+059 -1.356572e+059 -3.772467e+059 -3.976287e+059 -2.671376e+059 -1.792395e+056 
2.322234e+062 5.808221e+060 2.335167e+060 -2.700890e+059 1.090230e+061 7.087076e+060 -2.705948e+060 5.103038e+060 6.828699e+060 -6.028948e+059 -2.115962e+059 7.036114e+057 
2.268073e+062 1.371232e+061 7.314339e+060 7.847447e+059 2.597683e+061 2.269976e+061 -3.414322e+059 1.138750e+061 2.024883e+061 4.079673e+060 1.003011e+060 1.271290e+059 
2.142854e+062 2.938571e+061 9.186714e+060 2.470953e+061 6.318360e+061 3.175122e+061 3.461073e+061 4.332543e+061 3.045390e+061 2.799712e+061 1.365001e+061 2.222484e+060 
2.238819e+062 1.426663e+061 3.115612e+060 3.061590e+060 2.455807e+061 1.294240e+061 -2.918385e+060 3.729969e+060 5.142119e+060 -3.438660e+060 -2.398892e+060 -5.095086e+058 
2.327585e+062 -2.440688e+060 -6.920714e+060 -9.340943e+060 -1.090063e+061 -1.869502e+061 -2.662405e+061 -2.901503e+061 -2.607778e+061 -1.975062e+061 -1.193251e+061 4.644339e+059 
2.328045e+062 -2.851561e+060 -4.667577e+060 -5.941371e+060 -9.788440e+060 -2.016807e+061 -3.077065e+061 -3.213476e+061 -2.401405e+061 -1.587253e+061 -1.048191e+061 4.119607e+059 
2.321422e+062 -3.256733e+060 -3.898396e+060 2.197553e+059 -2.250140e+060 -1.466902e+061 -2.626671e+061 -3.209484e+061 -2.545931e+061 -1.427463e+061 -7.813595e+060 2.022606e+059 
2.324342e+062 -3.557405e+060 -5.151606e+060 -3.755445e+060 -9.046972e+060 -2.234355e+061 -3.260680e+061 -3.521352e+061 -2.695093e+061 -1.615912e+061 -1.000442e+061 4.420707e+059 
2.341204e+062 -2.872824e+060 -6.212802e+060 -8.734082e+060 -1.339883e+061 -2.083340e+061 -2.626990e+061 -2.781398e+061 -2.356250e+061 -1.668430e+061 -1.069116e+061 4.564132e+059 
2.347252e+062 -2.300657e+060 -5.761528e+060 -8.467328e+060 -1.213469e+061 -1.708839e+061 -2.074032e+061 -2.218888e+061 -1.963495e+061 -1.460851e+061 -9.344047e+060 3.300945e+059 
2.349064e+062 -2.800116e+060 -6.087591e+060 -9.477223e+060 -1.398401e+061 -1.900968e+061 -2.221162e+061 -2.281361e+061 -2.035559e+061 -1.557914e+061 -9.921142e+060 3.916587e+059 
2.357243e+062 -6.773471e+059 -8.044410e+059 -1.093571e+060 -2.585583e+060 -4.732754e+060 -5.972267e+060 -5.750677e+060 -4.787585e+060 -3.789701e+060 -2.726825e+060 1.870582e+058 
2.350915e+062 -5.873280e+059 8.526140e+059 1.544711e+060 -9.452888e+059 -4.236951e+060 -4.723434e+060 -2.899238e+060 -2.048963e+060 -2.754500e+060 -2.810186e+060 5.973074e+057 
2.349067e+062 -4.292676e+060 -1.081765e+061 -1.834921e+061 -2.554431e+061 -3.105328e+061 -3.377687e+061 -3.314436e+061 -2.920731e+061 -2.254901e+061 -1.416355e+061 1.015134e+060 
2.343028e+062 -6.137923e+060 -1.546748e+061 -2.595378e+061 -3.555204e+061 -4.228407e+061 -4.486179e+061 -4.279923e+061 -3.642976e+061 -2.702791e+061 -1.621560e+061 1.819542e+060 
2.345099e+062 -5.311037e+060 -1.300040e+061 -2.110720e+061 -2.786508e+061 -3.186806e+061 -3.239558e+061 -2.943941e+061 -2.370551e+061 -1.652333e+061 -9.287758e+060 9.596573e+059 
2.349560e+062 -3.799378e+060 -8.956409e+060 -1.400702e+061 -1.788058e+061 -1.991939e+061 -1.979848e+061 -1.753134e+061 -1.361066e+061 -9.000620e+060 -4.759130e+060 3.592612e+059 
2.357036e+062 -1.921004e+060 -4.835183e+060 -8.141717e+060 -1.121031e+061 -1.347912e+061 -1.455054e+061 -1.423204e+061 -1.256362e+061 -9.788508e+060 -6.278707e+060 1.897405e+059 
2.359759e+062 -1.146281e+060 -2.956018e+060 -5.128379e+060 -7.307448e+060 -9.129863e+060 -1.028617e+061 -1.054733e+061 -9.804745e+060 -8.071438e+060 -5.475818e+060 9.266448e+058 
2.361766e+062 -4.959342e+059 -1.268245e+060 -2.177691e+060 -3.068317e+060 -3.789284e+060 -4.218068e+060 -4.277057e+060 -3.935405e+060 -3.211778e+060 -2.165651e+060 1.571783e+058 
2.362284e+062 -3.187064e+059 -8.281998e+059 -1.450702e+060 -2.090957e+060 -2.647213e+060 -3.024868e+060 -3.149899e+060 -2.976127e+060 -2.491447e+060 -1.719548e+060 7.909392e+057 
2.362856e+062 -1.539821e+059 -4.002203e+059 -7.001444e+059 -1.007951e+060 -1.274061e+060 -1.453724e+060 -1.511148e+060 -1.425462e+060 -1.191115e+060 -8.205544e+059 1.825669e+057 
2.363089e+062 -1.046451e+059 -2.733245e+059 -4.818928e+059 -6.994769e+059 -8.922446e+059 -1.029004e+060 -1.081355e+060 -1.031875e+060 -8.728050e+059 -6.090101e+059 9.095149e+056 
2.363147e+062 -8.042559e+058 -2.104963e+059 -3.718505e+059 -5.412070e+059 -6.930647e+059 -8.023028e+059 -8.473869e+059 -8.125976e+059 -6.911399e+059 -4.847662e+059 5.526697e+056 
2.363247e+062 -4.322104e+058 -1.133377e+059 -2.003676e+059 -2.926827e+059 -3.765807e+059 -4.382992e+059 -4.660302e+059 -4.496585e+059 -3.848849e+059 -2.717995e+059 1.648552e+056 
2.363271e+062 -3.930184e+058 -1.014910e+059 -1.801446e+059 -2.655460e+059 -3.426703e+059 -3.989771e+059 -4.230730e+059 -4.097918e+059 -3.517829e+059 -2.494696e+059 1.359038e+056 
2.363182e+062 -3.581364e+058 -7.627480e+058 -1.468771e+059 -2.551515e+059 -3.510235e+059 -3.918674e+059 -3.898163e+059 -3.792395e+059 -3.458065e+059 -2.541767e+059 1.179040e+056 
2.362675e+062 -1.412495e+058 8.369258e+058 7.394371e+058 -1.729595e+059 -4.051041e+059 -3.696076e+059 -1.833963e+059 -1.461757e+059 -2.576034e+059 -2.679871e+059 3.401249e+055 
2.362460e+062 1.876565e+058 1.704105e+059 1.084360e+059 -2.308028e+059 -3.946356e+059 -1.941585e+059 -6.972153e+057 -1.473285e+059 -3.424289e+059 -2.663542e+059 -3.536482e+055 
2.362496e+062 -1.353801e+057 1.414881e+059 1.282384e+059 -1.662473e+059 -4.070839e+059 -3.159867e+059 -9.860481e+058 -1.125517e+059 -2.622723e+059 -2.667910e+059 6.338673e+054 
2.361884e+062 2.783811e+058 3.254362e+059 3.622249e+059 -8.150832e+058 -4.143996e+059 -1.984414e+059 1.592850e+059 6.365819e+058 -2.531467e+059 -2.880464e+059 -4.473412e+055 
2.361245e+062 -7.454291e+058 2.341765e+059 6.072115e+059 5.823673e+059 3.445622e+059 1.089768e+059 -1.643358e+059 -3.934601e+059 -3.728316e+059 -1.191129e+059 -1.525849e+056 
