2.363280e+062 -3.682803e+058 -9.804355e+058 -1.780745e+059 -2.601873e+059 -3.312264e+059 -3.875577e+059 -4.161144e+059 -4.013510e+059 -3.420615e+059 -2.427861e+059 1.287439e+056 
2.363290e+062 -3.842227e+058 -1.006687e+059 -1.783606e+059 -2.606806e+059 -3.355445e+059 -3.910307e+059 -4.160077e+059 -4.021471e+059 -3.449344e+059 -2.441800e+059 1.312010e+056 
2.363290e+062 -3.834526e+058 -1.005171e+059 -1.781518e+059 -2.604955e+059 -3.352697e+059 -3.903412e+059 -4.148800e+059 -4.007597e+059 -3.436506e+059 -2.432884e+059 1.306654e+056 
2.363289e+062 -3.855084e+058 -1.010904e+059 -1.790833e+059 -2.618233e+059 -3.368447e+059 -3.922896e+059 -4.170618e+059 -4.030633e+059 -3.455660e+059 -2.447055e+059 1.320539e+056 
2.363289e+062 -3.864597e+058 -1.013411e+059 -1.796215e+059 -2.625365e+059 -3.375996e+059 -3.931325e+059 -4.178897e+059 -4.037246e+059 -3.461129e+059 -2.449798e+059 1.326296e+056 
2.363289e+062 -3.853553e+058 -1.010289e+059 -1.790468e+059 -2.617255e+059 -3.367496e+059 -3.920791e+059 -4.168869e+059 -4.029323e+059 -3.453851e+059 -2.444954e+059 1.319397e+056 
2.363289e+062 -3.855251e+058 -1.010600e+059 -1.791541e+059 -2.619221e+059 -3.371145e+059 -3.925208e+059 -4.173172e+059 -4.032118e+059 -3.456720e+059 -2.447149e+059 1.321524e+056 
2.363290e+062 -3.838972e+058 -1.007674e+059 -1.785708e+059 -2.611812e+059 -3.361944e+059 -3.914358e+059 -4.162044e+059 -4.021724e+059 -3.448329e+059 -2.440554e+059 1.313969e+056 
2.363290e+062 -3.840291e+058 -1.007026e+059 -1.785186e+059 -2.611377e+059 -3.362121e+059 -3.915283e+059 -4.163096e+059 -4.023883e+059 -3.450363e+059 -2.442876e+059 1.314368e+056 
2.363290e+062 -3.844402e+058 -1.007614e+059 -1.782724e+059 -2.604919e+059 -3.350930e+059 -3.902675e+059 -4.149714e+059 -4.011844e+059 -3.441507e+059 -2.437125e+059 1.308615e+056 
2.363054e+062 -2.589211e+058 -7.746849e+058 -1.144864e+059 -2.640875e+059 -2.706552e+059 -3.785639e+059 -4.109088e+059 -3.698355e+059 -3.427039e+059 -2.109910e+059 1.000837e+056 
2.328250e+062 1.889516e+060 6.254096e+060 1.855591e+060 -4.770547e+060 -9.018133e+059 1.391858e+060 -5.452871e+060 -8.950771e+060 -2.850873e+060 1.328720e+060 -6.473935e+057 
2.275905e+062 -2.583985e+060 1.193703e+061 2.778145e+061 2.209701e+061 2.285184e+060 -1.914339e+061 -2.255637e+061 -8.118860e+060 6.117014e+060 7.474375e+060 -2.362933e+059 
2.303228e+062 -2.837976e+060 4.700605e+060 1.234659e+061 5.890133e+060 -9.824422e+060 -2.457787e+061 -2.603681e+061 -1.484385e+061 -3.411720e+060 -4.892003e+059 -6.497019e+058 
2.288881e+062 -2.795330e+060 6.433716e+060 1.440356e+061 6.286971e+060 -9.998194e+060 -2.680529e+061 -2.968363e+061 -1.717659e+061 -3.286670e+060 6.093772e+058 -9.984571e+058 
2.287141e+062 -3.743266e+060 5.342135e+060 1.638361e+061 1.185997e+061 -3.380157e+060 -2.293471e+061 -2.933770e+061 -1.879975e+061 -4.480166e+060 9.644072e+059 -2.309956e+059 
2.294888e+062 -3.185217e+060 3.350244e+060 1.002407e+061 6.398093e+060 -1.238522e+060 -1.532263e+061 -2.548676e+061 -2.224094e+061 -9.593693e+060 -7.475153e+059 -1.503303e+059 
2.294014e+062 -3.818935e+060 3.086814e+060 1.214431e+061 1.045938e+061 1.161407e+060 -1.591603e+061 -2.651469e+061 -2.269908e+061 -9.195308e+060 -1.556979e+059 -2.161408e+059 
2.282674e+062 -4.631269e+060 4.780447e+060 1.700870e+061 1.805429e+061 6.409185e+060 -1.350442e+061 -2.819128e+061 -2.417377e+061 -7.396805e+060 2.362127e+060 -3.870331e+059 
2.259349e+062 -5.567594e+060 8.434228e+060 2.689967e+061 3.017259e+061 1.560217e+061 -1.013921e+061 -3.022760e+061 -2.672957e+061 -5.802709e+060 6.566560e+060 -7.250184e+059 
2.339873e+062 -2.421285e+060 -1.139162e+060 1.694964e+060 4.246477e+059 -6.218493e+060 -1.355182e+061 -1.595779e+061 -1.274276e+061 -7.730256e+060 -4.169779e+060 3.539616e+058 
2.360323e+062 -5.781475e+059 -1.095435e+060 -1.517920e+060 -2.047313e+060 -2.743313e+060 -3.452487e+060 -3.826059e+060 -3.564551e+060 -2.706728e+060 -1.606720e+060 1.037513e+058 
2.362493e+062 -1.916818e+059 -4.387131e+059 -7.271509e+059 -1.047156e+060 -1.350581e+060 -1.592389e+060 -1.715455e+060 -1.645459e+060 -1.354360e+060 -9.003906e+059 2.218075e+057 
2.363115e+062 -8.163849e+058 -1.975088e+059 -3.350630e+059 -4.861711e+059 -6.304714e+059 -7.396392e+059 -7.835722e+059 -7.408195e+059 -6.131990e+059 -4.184016e+059 4.625509e+056 
2.363241e+062 -5.351310e+058 -1.362532e+059 -2.375247e+059 -3.447606e+059 -4.417850e+059 -5.124529e+059 -5.409828e+059 -5.159855e+059 -4.343564e+059 -3.013438e+059 2.251630e+056 
2.363282e+062 -4.007878e+058 -1.043570e+059 -1.843035e+059 -2.691193e+059 -3.465160e+059 -4.040858e+059 -4.298930e+059 -4.151396e+059 -3.553258e+059 -2.510976e+059 1.401040e+056 
2.363137e+062 -3.190170e+058 -5.455227e+058 -1.159036e+059 -2.350677e+059 -3.517662e+059 -4.000485e+059 -3.809488e+059 -3.446541e+059 -3.099225e+059 -2.402231e+059 1.007664e+056 
2.362167e+062 -1.816094e+058 1.707573e+059 2.865690e+059 1.405065e+059 -1.653901e+059 -4.166367e+059 -4.252675e+059 -2.115597e+059 -3.321250e+058 -3.837583e+058 -2.596171e+055 
2.361805e+062 4.714099e+058 3.048963e+059 2.918389e+059 5.632764e+058 -4.404061e+058 -1.426057e+059 -3.456189e+059 -2.972290e+059 5.274546e+057 8.149544e+058 -2.928319e+055 
2.363254e+062 -3.690612e+058 -9.263449e+058 -1.705795e+059 -2.567736e+059 -3.297024e+059 -3.832951e+059 -4.133606e+059 -4.019740e+059 -3.403316e+059 -2.381343e+059 1.249004e+056 
2.363289e+062 -3.830355e+058 -1.001992e+059 -1.775206e+059 -2.597788e+059 -3.345165e+059 -3.898178e+059 -4.145671e+059 -4.005743e+059 -3.435107e+059 -2.431829e+059 1.302239e+056 
2.363288e+062 -3.842771e+058 -1.007587e+059 -1.786699e+059 -2.613110e+059 -3.365313e+059 -3.920203e+059 -4.170014e+059 -4.029918e+059 -3.455995e+059 -2.446456e+059 1.317326e+056 
2.363289e+062 -3.869499e+058 -1.014924e+059 -1.799262e+059 -2.631650e+059 -3.387884e+059 -3.943939e+059 -4.194405e+059 -4.054523e+059 -3.476005e+059 -2.460798e+059 1.334437e+056 
2.363292e+062 -3.824962e+058 -1.003069e+059 -1.778898e+059 -2.600799e+059 -3.349214e+059 -3.902435e+059 -4.150416e+059 -4.011237e+059 -3.439559e+059 -2.434887e+059 1.305146e+056 
2.363292e+062 -3.836293e+058 -1.006976e+059 -1.783799e+059 -2.609232e+059 -3.359778e+059 -3.911995e+059 -4.160104e+059 -4.018783e+059 -3.444744e+059 -2.437989e+059 1.311912e+056 
2.363283e+062 -3.801249e+058 -1.002419e+059 -1.786052e+059 -2.619463e+059 -3.375786e+059 -3.927271e+059 -4.177890e+059 -4.042178e+059 -3.462198e+059 -2.452831e+059 1.318783e+056 
2.363285e+062 -3.865665e+058 -1.015303e+059 -1.799489e+059 -2.632900e+059 -3.390840e+059 -3.947988e+059 -4.197505e+059 -4.058714e+059 -3.479335e+059 -2.463274e+059 1.336085e+056 
