2.363288e+062 -3.809706e+058 -1.002125e+059 -1.775693e+059 -2.601333e+059 -3.349578e+059 -3.900917e+059 -4.149390e+059 -4.009042e+059 -3.439017e+059 -2.434714e+059 1.303443e+056 
2.363288e+062 -3.803393e+058 -1.000376e+059 -1.773681e+059 -2.598836e+059 -3.345477e+059 -3.902094e+059 -4.149324e+059 -4.009804e+059 -3.439580e+059 -2.435484e+059 1.301994e+056 
2.363203e+062 -5.165926e+058 -1.295373e+059 -2.106624e+059 -2.773537e+059 -3.294100e+059 -3.598960e+059 -3.599692e+059 -3.436167e+059 -2.985630e+059 -2.151124e+059 1.317926e+056 
2.363226e+062 -5.049271e+058 -1.243316e+059 -2.039047e+059 -2.755857e+059 -3.301989e+059 -3.642454e+059 -3.741332e+059 -3.592863e+059 -3.116580e+059 -2.257114e+059 1.340478e+056 
2.363277e+062 -4.006759e+058 -1.048727e+059 -1.836856e+059 -2.650353e+059 -3.386657e+059 -3.912580e+059 -4.134028e+059 -3.985416e+059 -3.417563e+059 -2.420495e+059 1.337449e+056 
2.363285e+062 -3.852956e+058 -1.011227e+059 -1.789890e+059 -2.617225e+059 -3.367622e+059 -3.922928e+059 -4.169550e+059 -4.028516e+059 -3.455317e+059 -2.447083e+059 1.319930e+056 
2.363289e+062 -3.819104e+058 -1.005338e+059 -1.783202e+059 -2.607870e+059 -3.360344e+059 -3.914935e+059 -4.160897e+059 -4.022865e+059 -3.450536e+059 -2.443256e+059 1.311904e+056 
2.363288e+062 -3.827626e+058 -1.007311e+059 -1.786545e+059 -2.611519e+059 -3.363669e+059 -3.920015e+059 -4.164677e+059 -4.027425e+059 -3.455303e+059 -2.445251e+059 1.315492e+056 
2.363287e+062 -3.805264e+058 -1.001986e+059 -1.778168e+059 -2.601563e+059 -3.350798e+059 -3.907133e+059 -4.151456e+059 -4.015764e+059 -3.444496e+059 -2.438880e+059 1.305525e+056 
2.363283e+062 -3.759370e+058 -1.006527e+059 -1.774435e+059 -2.592609e+059 -3.363277e+059 -3.919359e+059 -4.156976e+059 -4.027514e+059 -3.454158e+059 -2.443176e+059 1.307235e+056 
2.360362e+062 2.106734e+059 2.012928e+059 4.527920e+059 8.690955e+059 1.454562e+059 -5.291695e+059 -1.181636e+059 1.622470e+058 -4.923495e+058 1.243612e+059 -3.166889e+054 
2.315359e+062 2.159384e+060 3.672701e+059 -2.570130e+060 1.296874e+060 -7.918821e+060 -2.210133e+061 -1.557282e+061 -7.453102e+060 -9.552210e+060 -7.219226e+060 1.359775e+058 
2.318082e+062 -1.588998e+059 -5.403765e+060 -1.322490e+061 -1.389603e+061 -2.402346e+061 -3.798939e+061 -3.258548e+061 -2.369789e+061 -2.278854e+061 -1.596309e+061 5.763479e+059 
2.302420e+062 -1.015944e+060 -3.013104e+060 -7.626273e+060 -1.194769e+061 -2.868404e+061 -4.516127e+061 -3.856795e+061 -2.587907e+061 -2.178276e+061 -1.647189e+061 6.185006e+059 
2.299155e+062 4.380779e+059 -3.601104e+060 -1.139023e+061 -1.139514e+061 -2.534873e+061 -4.547423e+061 -3.816595e+061 -2.454973e+061 -2.412676e+061 -1.791229e+061 5.753887e+059 
2.313694e+062 -1.554980e+060 -4.930620e+060 -1.127193e+061 -1.546970e+061 -2.901269e+061 -4.393655e+061 -3.850465e+061 -2.678249e+061 -2.337907e+061 -1.714771e+061 7.478102e+059 
2.312582e+062 -1.502395e+060 -4.373511e+060 -9.111965e+060 -1.133299e+061 -2.483012e+061 -4.131520e+061 -3.717530e+061 -2.604289e+061 -2.203477e+061 -1.501914e+061 5.863281e+059 
2.322497e+062 -2.264825e+060 -4.166437e+060 -6.237447e+060 -9.609762e+060 -2.239310e+061 -3.474983e+061 -3.167912e+061 -2.281970e+061 -1.706727e+061 -1.094304e+061 4.370070e+059 
2.347905e+062 -1.988856e+060 -4.770329e+060 -7.800764e+060 -1.099192e+061 -1.641482e+061 -2.101189e+061 -2.054102e+061 -1.727575e+061 -1.335428e+061 -8.462562e+060 2.793564e+059 
2.357609e+062 -9.967246e+059 -1.993739e+060 -2.975215e+060 -4.458637e+060 -6.688714e+060 -8.657311e+060 -9.094235e+060 -7.970105e+060 -5.993243e+060 -3.786933e+060 5.018030e+058 
2.361222e+062 -4.879763e+059 -1.103972e+060 -1.798876e+060 -2.653346e+060 -3.629119e+060 -4.372260e+060 -4.526191e+060 -4.076873e+060 -3.210335e+060 -2.120763e+060 1.446080e+058 
2.362355e+062 -1.544699e+059 -2.813854e+059 -4.195761e+059 -6.995005e+059 -1.132285e+060 -1.460690e+060 -1.486977e+060 -1.282157e+060 -9.863204e+059 -6.710661e+059 1.286467e+057 
2.362875e+062 -1.363517e+059 -3.454115e+059 -6.003640e+059 -8.723832e+059 -1.120951e+060 -1.290002e+060 -1.335528e+060 -1.249501e+060 -1.038746e+060 -7.156866e+059 1.396158e+057 
2.363084e+062 -8.521617e+058 -2.217705e+059 -3.899015e+059 -5.654680e+059 -7.216347e+059 -8.297239e+059 -8.649981e+059 -8.190557e+059 -6.888409e+059 -4.775663e+059 5.865032e+056 
2.363132e+062 -8.557037e+058 -2.235631e+059 -3.936083e+059 -5.710767e+059 -7.288919e+059 -8.396615e+059 -8.810159e+059 -8.390108e+059 -7.081678e+059 -4.928628e+059 6.043794e+056 
2.363219e+062 -6.219466e+058 -1.623217e+059 -2.859203e+059 -4.147066e+059 -5.284420e+059 -6.087957e+059 -6.388546e+059 -6.084181e+059 -5.136588e+059 -3.574813e+059 3.181339e+056 
2.363241e+062 -5.552461e+058 -1.453412e+059 -2.564853e+059 -3.730991e+059 -4.774460e+059 -5.519386e+059 -5.820664e+059 -5.570244e+059 -4.728089e+059 -3.310717e+059 2.613635e+056 
2.363235e+062 -5.912302e+058 -1.546941e+059 -2.730331e+059 -3.972402e+059 -5.077046e+059 -5.869250e+059 -6.186153e+059 -5.920430e+059 -5.023276e+059 -3.515355e+059 2.956322e+056 
2.363258e+062 -4.854377e+058 -1.273124e+059 -2.253745e+059 -3.290978e+059 -4.228655e+059 -4.911956e+059 -5.204448e+059 -5.010837e+059 -4.279196e+059 -3.014831e+059 2.066326e+056 
2.363267e+062 -4.186540e+058 -1.099632e+059 -1.949138e+059 -2.850014e+059 -3.668119e+059 -4.271313e+059 -4.536409e+059 -4.380447e+059 -3.751504e+059 -2.652653e+059 1.561879e+056 
2.363283e+062 -3.989423e+058 -1.047253e+059 -1.857918e+059 -2.716174e+059 -3.498477e+059 -4.073779e+059 -4.329179e+059 -4.181991e+059 -3.584595e+059 -2.535271e+059 1.421122e+056 
2.363291e+062 -3.833713e+058 -1.007569e+059 -1.786993e+059 -2.613933e+059 -3.368287e+059 -3.924662e+059 -4.172304e+059 -4.032116e+059 -3.458074e+059 -2.446981e+059 1.318205e+056 
2.363290e+062 -3.795331e+058 -9.998819e+058 -1.772094e+059 -2.593313e+059 -3.340737e+059 -3.892625e+059 -4.138589e+059 -4.000272e+059 -3.431334e+059 -2.428480e+059 1.296908e+056 
