-50
-56
2
8
-24
-31
-5
17
-1
-35
-53
-44
-11
8
-33
-39
1
-5
-46
-37
-35
-35
-9
32
5
-27
-4
-26
-20
13
8
-46
-14
45
5
-37
-43
-17
18
46
-9
-33
15
26
-7
-32
4
24
31
13
-44
-11
25
-8
-19
14
64
43
26
15
1
44
49
27
22
23
15
-35
-27
-16
-7
-12
-27
25
38
33
-5
2
34
55
65
5
-7
7
-3
-47
-65
-34
-24
-1
12
-10
2
10
18
10
26
76
43
16
5
8
-13
-54
-14
6
15
24
-9
-17
-11
30
33
10
35
7
9
0
-6
-5
-3
28
13
-10
-21
-27
-2
6
1
5
1
37
37
-2
-63
-35
35
19
2
-13
-12
2
4
-16
-66
16
81
31
14
17
18
-18
4
6
-18
25
32
-5
-37
23
11
-37
-6
-3
16
17
3
-41
-44
-1
-8
-7
-2
-7
-9
-10
-18
-29
-5
18
12
6
11
-15
-14
-3
-14
38
46
-11
-43
-22
1
-25
-25
-28
-12
50
26
-52
-65
-4
20
12
8
-24
-17
3
-51
-101
-63
-26
-18
-14
-4
-23
-28
-8
-26
-33
21
45
32
45
32
-14
-46
-23
-6
-6
9
4
10
6
3
-2
-7
31
49
33
22
28
19
-14
-34
-21
-33
-20
-3
-32
-27
-11
-9
-29
-2
2
-13
10
18
7
-23
-12
-32
-35
17
11
3
-7
7
-3
8
33
-2
11
19
36
52
40
11
-17
30
13
-19
-31
-34
6
28
14
-48
-34
15
-2
-12
-10
-2
21
31
-3
-35
-17
3
-10
-6
9
-8
-23
-15
-18
-15
4
7
22
41
34
-9
-21
15
18
29
15
20
48
44
4
-46
2
50
48
33
15
21
29
22
-27
-34
18
33
29
-14
-26
-24
-5
-3
-40
-33
-20
35
44
13
-10
-9
35
22
8
-25
-38
3
23
5
-56
-32
6
8
3
-36
-32
15
61
33
-19
-1
-2
-14
-22
-51
-32
14
39
22
-8
4
-30
-26
10
12
12
6
31
-11
-33
-48
-59
-7
16
26
-13
-9
12
-7
-15
-29
15
44
39
18
-12
21
31
32
11
10
45
36
32
17
8
34
43
34
23
14
4
-6
-1
-8
8
6
-9
-15
-28
-21
-44
-25
-3
16
40
17
-2
-34
-33
-12
-26
-11
-10
10
18
-22
-26
-57
-26
14
37
40
0
34
-2
-22
-47
-47
17
21
34
-24
-14
9
-26
-24
-36
18
28
5
-4
-58
-30
-18
-19
2
1
25
-12
1
11
-14
-8
-13
38
42
23
12
-3
35
56
39
24
35
81
47
2
-1
-9
21
1
12
8
17
49
-5
-5
4
17
6
1
29
3
2
14
-5
-5
-5
11
17
27
10
-32
-13
12
24
-15
-40
-9
8
21
-12
-34
7
30
13
-39
-34
-14
-23
-3
-12
-3
6
-14
-29
-12
17
-13
-20
-10
2
2
-18
-26
-46
-12
12
-7
2
-19
-6
-6
-11
-11
-29
13
14
15
4
-10
12
18
22
8
-11
12
15
1
-22
-25
15
21
-4
-17
8
32
21
-6
-3
19
38
14
-40
-26
-2
17
6
0
15
6
11
-28
-36
-10
10
12
5
36
19
-10
-21
-25
-2
10
26
17
18
20
-31
-54
-43
-30
-2
7
10
-9
-10
-4
-34
-20
0
11
27
31
12
-24
-10
3
-13
-6
-1
8
4
-11
-32
-45
-9
-20
-14
12
16
12
-18
-1
-6
0
8
-2
28
31
11
-25
-13
34
25
10
15
39
49
13
-27
-49
4
40
22
9
1
31
24
2
-12
0
44
44
37
15
21
25
2
4
-16
0
15
10
5
2
11
-9
-12
2
4
-3
-20
-11
-13
-19
-23
-29
-6
11
1
-22
-20
-1
-9
-11
-6
13
22
0
-16
-39
-22
-15
-15
-9
8
17
-6
-10
-17
-15
-4
2
10
20
25
5
-14
-13
-9
-15
-15
-13
-2
-9
-22
-37
-39
-5
8
3
7
19
17
6
-3
-10
3
21
28
11
2
5
-6
-1
2
17
28
24
31
23
7
-6
-15
-9
2
17
7
-9
3
9
0
-23
-27
-7
25
31
0
-17
0
18
5
-21
-20
13
28
18
-24
-37
-6
8
-2
-22
-8
-4
0
-4
-27
-14
-5
-2
-9
-3
7
-5
-4
-2
-6
1
-5
-13
-7
-2
-4
-20
-21
-10
-4
6
-2
-3
10
9
-5
-17
-6
3
10
11
2
-1
3
7
-11
6
19
19
23
14
8
-13
-8
-16
-17
-1
-7
9
11
20
16
4
-3
-10
8
22
28
18
7
8
13
14
-9
-10
24
49
32
3
-10
1
11
1
-14
-12
23
26
-3
-30
-36
-13
-5
-8
-6
1
1
-6
-15
-16
-21
0
1
11
19
-12
-21
-27
-12
4
5
6
1
7
2
-16
-28
-19
7
16
18
8
-7
-15
-23
-29
-31
-7
10
12
8
-7
-17
-19
-7
-8
2
15
16
14
8
-5
-18
-7
8
14
12
11
7
3
-1
-1
4
14
26
21
14
7
0
-1
-6
3
9
4
-2
-7
-9
-18
-8
2
0
7
0
3
-9
-19
-23
-28
-3
6
15
-1
-14
-5
-10
2
-9
-10
9
17
20
-10
-34
-31
-11
7
-9
-6
12
19
5
-26
-35
-16
11
16
-6
-16
-12
-8
-18
-34
-28
-8
12
7
-6
-19
-14
-10
-12
-12
-9
6
10
9
3
-13
-12
4
16
15
14
10
6
17
9
4
2
14
27
23
20
-7
-11
-5
11
19
-1
4
8
11
8
-14
-22
-4
25
24
3
-5
0
4
2
-16
-15
7
19
18
-5
-13
-14
-6
0
0
10
14
17
6
-2
-11
-8
3
7
9
4
-1
-10
-13
-9
-9
-9
4
11
8
-6
-25
-27
-16
0
-3
-1
4
5
0
-23
-27
-14
17
21
10
0
-4
1
-13
-17
-11
14
33
20
0
-16
-12
-10
-13
-8
6
23
26
10
-14
-19
-3
11
12
17
25
26
12
-7
-20
-14
4
18
23
21
17
6
1
-12
-12
0
18
18
10
6
-8
-10
-8
-8
2
10
13
11
11
5
-4
-5
-1
6
6
1
0
-2
-1
-3
-6
-1
4
7
4
-1
-7
-6
-1
2
-2
-3
-1
1
-6
-14
-12
-5
1
-2
-7
-10
-6
-9
-15
-6
3
5
1
4
4
-8
-15
-19
-13
-6
-1
-2
1
7
0
-7
-7
2
11
16
12
5
-1
-4
-2
-3
-5
-5
4
8
5
-5
-12
-7
5
3
-4
-2
7
3
-11
-21
-18
-5
4
-2
0
7
0
-9
-15
-8
3
7
8
2
8
1
-7
-16
-11
6
5
2
4
10
2
-9
-12
-6
6
8
2
-2
3
-2
-10
-15
-5
4
3
6
7
8
5
-3
-5
0
7
5
6
9
7
7
3
7
17
14
15
16
14
9
1
-2
-1
7
8
8
16
23
13
10
10
14
19
13
7
4
8
-3
-10
-10
-5
1
-1
-5
-5
-6
-6
-10
-9
-5
-9
-10
-10
-4
-10
-13
-10
-4
4
-1
-7
-6
-7
-11
-14
-11
-3
1
1
-3
-7
-6
-9
-8
-3
0
2
-1
0
1
-3
-3
-5
-2
3
0
-2
-4
0
1
-2
4
4
4
6
2
0
-1
-6
-7
-1
4
6
6
6
6
1
-2
-4
2
8
6
2
1
-1
-1
-3
-2
3
6
4
-3
-7
-8
-13
-12
-9
-4
0
0
1
-1
-3
-9
-13
-11
-6
-4
-7
-11
-8
-7
-7
-9
-9
-4
-4
-5
-9
-11
-11
-6
-5
-2
0
-3
-1
0
-1
-4
-5
-4
-5
-2
-1
-2
-1
-3
0
2
4
8
6
8
8
6
2
0
2
3
1
3
1
4
4
4
8
6
10
8
10
9
5
3
5
5
4
4
3
2
5
7
8
8
7
6
6
4
2
0
-1
1
-1
-1
3
2
5
7
2
0
-2
1
3
2
0
-4
-2
-5
-8
-7
-6
1
0
-2
-3
-3
1
-6
-6
-7
-4
-4
-6
-4
-1
-1
1
2
2
2
2
3
5
7
6
4
3
7
5
4
8
8
8
3
2
1
3
4
2
3
5
7
3
0
3
4
4
3
2
3
2
1
-5
-3
3
3
2
-1
-3
-1
2
-1
1
3
4
2
1
1
-3
-4
-4
-4
-4
-5
-5
-7
-8
-9
-12
-10
-5
-4
-2
1
0
0
-2
-5
-4
-5
-5
-3
-5
-7
-7
-7
-7
-7
-1
-1
2
4
-1
0
-1
1
4
6
7
6
7
7
5
7
8
9
7
6
6
5
7
5
3
5
9
8
6
6
8
5
4
4
4
1
0
0
0
-2
-3
-2
-3
1
5
7
6
2
2
0
4
5
4
6
3
2
1
1
2
1
-4
-2
-1
-3
-2
-3
-2
-1
-2
-1
-2
-1
-3
-5
-5
-3
-3
-6
-3
-4
-4
-8
-8
-7
-9
-6
-7
-3
-3
-3
-4
-4
-5
-2
-3
-2
-1
-1
-2
-3
1
1
3
2
3
5
3
5
5
4
4
6
6
4
5
1
2
3
4
6
5
5
5
4
2
2
3
5
4
3
3
1
0
-1
-2
-3
-1
-1
-2
-2
-3
-2
-3
-2
-3
-4
-6
-6
-4
-4
-4
-3
-2
-3
-2
-3
-1
-3
-3
-3
-5
-5
-6
-5
-2
-3
-4
-3
-3
-6
-5
-3
-1
-4
-3
-4
-2
-4
-3
-1
-1
-1
-2
0
1
2
0
1
-1
-1
-3
-2
0
0
0
-3
-1
0
-2
0
2
1
3
3
3
3
3
2
2
1
0
1
0
0
2
3
4
4
6
6
8
9
7
5
5
3
4
4
2
4
6
7
6
5
5
3
3
4
2
3
3
2
2
1
3
1
1
2
-1
-1
-2
-5
-4
-5
-6
-6
-4
-3
-5
-4
-5
-7
-8
-8
-7
-6
-6
-4
-4
-4
-5
-6
-5
-4
-4
-3
-4
0
-2
-1
-3
-2
1
0
0
0
2
2
4
2
2
4
5
7
7
7
5
4
5
4
4
4
3
4
6
7
7
6
6
7
8
7
6
5
4
3
3
3
1
2
3
3
1
2
2
1
1
2
1
-1
-2
-1
-3
-2
-1
-2
-1
-1
-2
-1
-2
0
0
1
-2
-5
-6
-7
-9
-10
-9
-7
-7
-7
-7
-5
-4
-4
-4
-4
-6
-5
-3
-4
-1
-2
-2
-2
-1
2
0
1
0
-2
0
2
2
2
2
3
2
2
5
6
7
4
4
3
1
1
0
1
2
3
2
2
-1
-2
0
0
1
-1
-1
1
0
-1
-2
-2
-2
-2
-3
-1
0
0
0
0
0
2
2
1
2
0
2
2
0
1
-1
0
2
2
2
0
1
-2
-2
-2
-3
-3
-2
-3
-4
-2
-3
-2
-4
-3
-4
-4
-3
-3
-1
-1
2
2
3
3
1
1
2
1
2
3
3
4
2
1
1
2
5
4
4
0
1
0
0
1
3
4
3
3
1
1
1
1
2
-2
0
0
1
0
-2
0
-2
0
-2
-2
-1
0
0
0
-1
-2
-1
-3
-1
-1
1
-1
0
-2
-4
-5
-3
-1
-4
-1
-2
-1
-3
-2
-6
-7
-6
-6
-5
-7
-3
-1
-2
-2
-1
0
0
-3
-2
-2
-2
-2
-1
0
1
2
2
2
3
4
3
3
3
4
4
4
4
4
3
1
2
1
4
5
3
3
3
2
4
0
1
0
-1
0
-1
1
-2
0
-2
-1
-3
-1
-1
-2
-2
-4
-3
-4
-2
-2
-3
-1
-2
-2
-1
-1
0
2
-1
1
0
0
2
2
4
3
6
4
3
3
2
2
3
3
3
5
6
5
5
5
4
4
3
3
3
1
1
0
-1
2
2
4
1
1
2
0
1
2
2
3
5
2
2
1
1
-1
1
2
4
3
3
4
4
3
3
4
2
3
2
1
2
2
1
1
0
0
1
0
2
0
1
0
0
1
-1
0
2
1
1
1
3
2
0
-1
-2
-3
-1
-1
-1
0
-3
-2
-3
0
-2
-2
-3
-6
-4
-7
-6
-5
-4
-4
-4
-4
-5
-5
-5
-6
-6
-6
-8
-5
-7
-4
-4
-4
-6
-5
-2
-2
0
-1
-2
-1
-2
-1
-1
-1
1
1
3
0
0
0
0
2
5
5
4
4
3
3
1
3
0
1
1
-1
0
0
1
0
-1
-1
-3
-2
-3
-4
-3
-2
-2
-2
0
-3
-4
-6
-8
-6
-6
-6
-7
-6
-8
-9
-8
-4
-3
-2
-2
-2
-2
1
-2
-2
-2
-4
-7
-4
-3
-4
-1
-1
-1
1
3
4
5
3
4
3
4
4
3
3
3
3
4
4
4
4
3
1
2
-1
-1
0
-1
0
1
2
0
2
2
3
4
4
4
3
2
1
2
3
2
2
0
2
3
2
4
5
5
3
2
0
2
2
2
4
2
2
1
0
-2
-1
-1
0
-2
0
0
-1
1
-1
0
-2
-1
-1
-3
-3
-3
-3
-3
-1
-1
-2
-3
0
-1
0
-1
0
2
1
3
3
3
2
2
4
4
6
5
4
3
2
0
-1
-1
-3
-1
-2
1
1
1
3
0
2
-1
0
0
-2
1
1
0
3
2
3
3
4
-1
0
0
0
0
0
1
0
0
1
0
-1
-3
-2
-3
-4
-2
-5
-3
-1
-1
0
1
-1
-2
-5
-4
-5
-4
-3
-4
-5
-5
-4
-4
-3
-4
-4
-4
-5
-6
-5
-3
-2
0
1
3
3
4
3
-1
0
0
0
1
3
0
1
2
3
1
0
-1
0
0
-1
-3
-3
0
0
2
1
2
1
1
2
-1
0
-1
0
-2
-2
-2
0
1
0
1
0
0
1
2
3
4
3
6
5
3
4
3
2
3
1
3
4
1
3
5
3
3
1
1
0
1
-1
-1
0
-2
1
-2
-2
-4
-3
-4
-6
-3
-3
-3
-1
-3
0
0
0
1
2
3
2
2
2
2
3
4
4
2
5
4
6
6
7
7
6
7
5
5
3
2
2
1
0
-1
-1
-2
-1
-2
-2
-2
-2
-2
-1
1
0
0
1
-1
-1
-1
0
2
0
1
1
1
0
1
0
1
1
-1
-1
-3
-2
-2
0
0
-1
0
0
2
2
1
1
0
-1
-3
-3
0
-1
-3
-5
-5
-3
-2
-3
-4
-4
-3
-2
-1
-1
0
0
1
2
0
0
2
3
2
1
1
0
2
3
3
2
4
1
3
2
1
2
2
3
0
2
2
4
5
2
1
1
2
1
1
-1
0
-1
0
-1
0
4
2
2
1
1
1
-1
-1
-1
-2
-1
-1
-2
1
-1
0
-1
-1
0
-2
-3
-2
-1
-1
-1
-2
-1
0
2
2
1
0
-2
-1
-2
-2
-1
-3
-3
-2
-1
1
2
0
-1
-3
-5
-4
-4
-5
-4
-3
-2
-2
-3
0
-2
-3
-5
-7
-6
-6
-4
-4
-1
-2
-3
-1
-1
-3
-2
0
0
0
-2
-3
-3
-4
-3
-2
-2
-2
-2
-3
-2
-2
-1
-2
-1
0
1
2
0
1
-1
-3
-3
-3
-3
-4
-4
-3
-3
-5
-5
-3
-4
-3
-4
-2
-3
-2
-1
-4
-2
-4
-5
-5
-4
-4
-3
0
-1
-1
-1
0
1
2
2
-1
2
-1
-1
-1
1
2
2
5
2
1
0
-1
2
5
4
4
2
0
3
2
2
4
1
2
0
-1
0
-1
-1
3
5
6
5
2
1
0
0
0
2
1
1
1
2
2
4
6
2
5
3
0
-1
-1
-1
-2
4
2
0
2
4
0
-3
1
2
1
3
2
3
7
4
4
2
-1
-1
-3
-4
-2
-2
-2
1
2
1
1
2
1
5
5
4
4
3
2
5
10
5
5
6
6
6
6
7
3
5
5
4
7
5
4
6
4
3
0
7
6
5
1
-1
2
-1
3
-3
-1
4
5
1
-3
-4
-2
0
-2
-4
-9
-4
-6
-5
-1
4
2
5
8
2
-1
-1
-1
2
2
0
-2
-4
0
-3
-2
-4
-2
1
0
-1
2
2
-1
1
-7
-2
-3
-5
-9
-6
0
-1
2
0
-5
5
3
1
4
-1
2
1
10
3
3
7
-1
7
12
9
6
3
7
1
4
5
-3
4
0
-6
-4
-5
9
2
3
3
-7
6
5
-3
-4
1
-5
-3
-5
-9
-7
6
4
-1
4
1
3
7
4
-4
4
2
-2
2
-1
-3
0
0
0
0
-2
-1
-5
-1
-5
-9
-5
-8
-4
0
0
0
0
0
-11
-15
-5
-8
-9
-8
-7
-7
5
3
-1
7
4
-3
-3
-2
-4
-2
3
-5
-2
6
-1
4
5
2
5
2
-1
-7
-3
-2
0
0
1
-2
-1
10
9
7
4
-1
-4
0
3
1
2
4
4
3
7
7
10
13
12
7
4
6
0
4
11
5
5
10
12
9
15
8
4
6
3
-4
-4
-2
-4
1
6
3
2
5
2
3
1
-2
-8
-6
-3
-5
-3
0
0
2
1
-6
-3
0
-1
-4
-3
-6
-3
6
3
2
2
-3
-2
-5
-9
-11
-9
-12
-10
-5
-4
-3
-4
-7
-10
-14
-15
-14
-16
-14
-17
-13
-9
-9
-9
-8
-10
-15
-12
-12
-19
-13
-12
-10
-4
-2
-4
-4
2
3
0
1
-2
-1
2
-1
3
2
8
10
6
6
3
5
5
4
2
4
6
7
12
13
11
12
11
7
7
7
5
4
5
0
0
2
4
4
8
4
2
-2
-5
-6
-8
-4
-8
-8
-9
-9
-11
-10
-13
-16
-16
-21
-23
-26
-25
-27
-26
-24
-23
-25
-26
-26
-29
-31
-33
-31
-33
-29
-27
-29
-26
-24
-18
-14
-10
-5
-4
-2
-1
-1
1
3
5
9
13
17
21
27
32
34
38
39
42
48
45
47
50
53
57
59
59
63
67
62
65
62
59
61
58
57
58
60
59
61
65
63
61
61
59
58
59
59
58
54
52
52
54
55
49
46
39
34
33
27
25
25
21
15
12
8
5
1
-4
-12
-24
-32
-40
-50
-55
-62
-74
-81
-95
-111
-119
-133
-147
-160
-173
-187
-197
-206
-210
-217
-220
-223
-228
-230
-235
-234
-235
-235
-227
-222
-213
-202
-192
-172
-157
-141
-120
-100
-77
-56
-28
-5
24
54
82
113
143
169
197
222
245
267
289
307
324
337
351
368
374
388
397
404
411
412
412
414
414
409
405
397
388
382
373
365
357
345
332
320
301
281
264
241
220
201
175
153
128
101
79
51
18
-17
-57
-94
-132
-173
-220
-266
-308
-352
-397
-441
-485
-527
-566
-603
-637
-676
-707
-729
-752
-770
-786
-800
-810
-815
-818
-824
-828
-828
-834
-835
-832
-827
-815
-806
-793
-776
-755
-725
-690
-647
-588
-518
-435
-347
-255
-153
-39
83
214
341
463
585
707
824
933
1032
1116
1192
1250
1296
1333
1349
1348
1334
1308
1275
1229
1168
1106
1035
962
880
797
713
626
545
467
393
315
242
171
108
48
-5
-56
-102
-133
-162
-182
-196
-205
-208
-199
-191
-184
-171
-159
-145
-129
-116
-109
-103
-102
-108
-124
-142
-170
-204
-244
-291
-341
-398
-456
-515
-577
-634
-693
-743
-791
-833
-867
-893
-911
-930
-935
-933
-926
-906
-887
-863
-836
-801
-766
-726
-683
-640
-597
-555
-504
-451
-401
-343
-280
-218
-150
-79
-5
79
164
256
345
437
525
610
701
786
866
938
1004
1061
1114
1159
1191
1215
1231
1232
1226
1211
1183
1149
1104
1048
987
917
843
766
686
603
517
429
338
250
161
80
-2
-78
-147
-213
-270
-319
-361
-397
-424
-442
-451
-455
-446
-431
-418
-394
-368
-338
-303
-272
-247
-221
-196
-175
-155
-136
-129
-127
-129
-137
-150
-168
-190
-209
-236
-267
-302
-340
-365
-395
-423
-452
-484
-509
-531
-545
-555
-565
-562
-562
-563
-555
-551
-535
-517
-499
-476
-459
-436
-410
-384
-355
-329
-302
-271
-242
-205
-164
-126
-77
-27
27
78
138
195
260
328
389
456
513
576
638
697
752
795
835
865
890
908
915
919
911
891
868
832
792
742
686
626
562
499
430
358
290
222
153
84
9
-52
-111
-166
-215
-262
-302
-340
-365
-392
-416
-428
-439
-434
-439
-427
-406
-385
-362
-342
-304
-278
-250
-228
-202
-169
-148
-127
-117
-99
-85
-81
-81
-87
-96
-114
-130
-149
-170
-187
-215
-238
-261
-278
-297
-323
-333
-346
-354
-365
-371
-367
-367
-360
-359
-357
-349
-352
-342
-336
-320
-308
-293
-276
-260
-242
-224
-200
-173
-140
-113
-79
-32
22
78
137
198
250
312
368
425
484
535
589
634
680
719
749
776
789
795
788
771
752
720
692
659
618
569
518
467
421
368
309
252
195
138
81
32
-17
-64
-114
-160
-198
-240
-279
-311
-330
-355
-377
-402
-411
-412
-401
-388
-386
-366
-350
-323
-300
-272
-244
-207
-167
-140
-123
-87
-54
-32
-8
9
24
25
37
36
36
37
41
25
-3
-13
-18
-28
-49
-57
-70
-85
-101
-111
-116
-119
-127
-135
-155
-159
-162
-169
-163
-167
-171
-191
-187
-182
-187
-181
-176
-166
-169
-171
-155
-125
-96
-90
-78
-35
2
38
56
113
164
190
222
232
284
311
336
363
385
409
394
396
404
404
391
354
336
318
295
279
246
216
192
169
146
113
88
64
50
37
21
1
-18
-36
-48
-51
-54
-75
-73
-60
-69
-76
-82
-64
-69
-72
-49
-58
-48
-37
-15
7
0
24
12
42
52
31
44
44
64
54
47
58
46
47
5
1
11
-2
-22
-68
-53
-73
-103
-124
-136
-139
-166
-190
-191
-213
-218
-237
-247
-241
-280
-276
-296
-279
-297
-316
-288
-316
-323
-359
-346
-329
-344
-354
-344
-321
-303
-317
-308
-236
-220
-180
-201
-156
-75
-59
18
51
128
174
188
252
282
326
360
391
441
444
458
473
485
507
491
482
465
441
439
408
386
367
323
295
230
202
183
150
110
43
29
9
-26
-65
-99
-106
-126
-156
-195
-204
-176
-206
-224
-224
-177
-176
-210
-185
-147
-90
-118
-125
-58
-14
-17
-58
25
78
57
36
74
136
89
111
87
105
139
83
56
50
99
117
-27
0
31
33
16
-137
-19
-58
-44
-114
-197
-37
-141
-114
-202
-220
-91
-210
-171
-269
-178
-132
-231
-198
-249
-148
-168
-181
-178
-126
-109
-156
-139
-97
-44
-94
-55
-2
7
27
39
69
84
82
73
99
113
118
91
142
185
166
137
137
209
145
114
76
126
91
11
47
35
62
-27
-31
14
0
-57
-64
0
-1
-80
-99
-23
-1
-26
-74
-30
63
30
-58
52
141
113
104
116
191
173
186
238
205
281
267
273
257
262
368
268
342
211
322
286
163
195
184
261
-11
174
126
45
24
45
33
-92
-37
-185
-251
-100
-141
-311
-421
-232
-228
-360
-418
-472
-257
-423
-469
-544
-438
-367
-575
-468
-447
-398
-420
-482
-339
-353
-313
-387
-396
-201
-209
-280
-263
-93
-1
-129
-129
76
81
72
77
175
218
207
212
211
323
351
297
276
413
402
333
330
360
386
366
361
324
284
401
292
334
258
234
349
247
224
105
348
256
128
100
256
273
38
226
119
337
152
73
131
199
379
38
-2
199
317
144
19
67
327
128
-5
-24
121
145
-118
-158
-20
68
-194
-216
-177
21
-262
-301
-186
-534
-254
-449
-215
-616
-695
-170
-646
-423
-567
-415
-682
-567
-332
-625
-664
-591
-478
-660
-432
-500
-744
-513
-226
-516
-608
-489
-176
-336
-434
-194
-306
-63
-194
-166
37
0
-10
35
244
233
115
359
457
363
361
439
646
434
458
626
695
472
508
776
702
599
449
675
715
706
316
399
842
454
189
321
732
248
34
327
154
209
16
304
-299
-5
225
20
-144
-311
291
-413
51
-337
-45
-91
-320
136
-594
174
-151
-79
-234
-314
67
-106
-60
-298
-109
-299
213
-107
-423
-170
64
47
-536
-229
3
55
-442
-309
-339
110
-299
-657
-210
-205
-143
-797
-401
-4
-415
-491
-399
-455
103
-581
-401
-681
-39
76
-1043
-116
-444
188
-522
-318
-220
-18
440
-684
-77
41
697
-119
-378
411
559
452
-214
219
790
814
3
322
635
891
478
239
761
540
857
159
625
856
571
345
300
953
290
347
247
325
420
209
172
-151
484
203
-206
-80
78
199
-402
7
-95
-98
18
-251
-11
-168
-127
-181
25
-108
-316
-3
79
-119
-119
118
121
-62
-131
94
72
202
-254
-11
201
180
6
-195
277
-40
137
-246
36
106
-244
-209
-178
90
-105
-359
-529
-61
-78
-372
-707
-353
-89
-573
-613
-425
-463
-351
-585
-651
-494
-158
-583
-932
-282
-173
-326
-936
-351
-212
-138
-291
-511
-37
3
203
-215
293
396
241
229
422
789
311
413
661
817
658
538
789
752
807
741
626
747
668
579
482
546
591
326
252
386
245
255
167
25
113
-64
134
-54
-214
-276
-153
6
-318
-379
-369
-184
-196
-268
-287
-250
-165
-246
-120
-52
-87
-200
-82
-4
145
163
18
-137
12
514
200
-146
-167
411
171
-52
-48
28
177
-45
-220
-268
16
-404
-487
-450
-17
-443
-1211
-386
-238
-399
-815
-844
-545
-721
-604
-790
-955
-482
-640
-1151
-704
-284
-642
-860
-599
-464
-580
-385
-213
-421
-104
79
-288
-5
363
430
237
239
556
658
796
594
650
987
1066
685
682
1103
1069
822
696
1030
1101
728
671
714
749
717
422
411
451
289
417
148
290
109
4
98
-98
-57
-216
-81
-222
-203
-260
-153
-240
-322
23
-371
-50
-167
-198
20
3
245
-540
209
353
334
-111
-60
326
270
486
-94
377
68
382
217
167
200
-231
121
-3
-55
-123
-444
-243
-266
-602
-173
-740
-577
-807
-660
-656
-973
-674
-1142
-628
-989
-924
-1246
-681
-644
-1252
-903
-1122
-404
-755
-656
-642
-623
-146
-326
88
121
9
196
364
785
671
421
709
1060
1323
1003
953
1059
1370
1468
1233
1158
1022
1321
1094
952
967
920
774
590
692
616
528
191
362
152
150
-23
-233
-82
-298
-96
-721
-616
-290
-386
-432
-979
-284
-371
-554
-563
-389
48
-495
-390
-314
262
-119
-178
-37
222
325
78
166
36
559
170
157
164
298
46
-86
90
7
54
-229
-350
-613
-176
-55
-693
-921
-847
-475
-573
-1301
-897
-954
-1020
-1122
-1329
-742
-1359
-1160
-1231
-1050
-794
-1248
-1044
-891
-375
-674
-861
-338
-5
72
-123
163
488
537
708
720
997
1101
1035
1236
1320
1391
1301
1385
1571
1521
1294
1130
1388
1392
1132
892
995
1077
718
596
585
464
472
258
67
13
-46
-184
-405
-224
-322
-576
-680
-543
-406
-578
-684
-733
-477
-274
-492
-536
-350
-39
-157
-277
-44
99
245
-90
6
338
505
171
-61
461
478
367
-92
305
348
-7
-109
-51
188
-572
-595
-344
-337
-664
-918
-901
-1109
-556
-1006
-1400
-922
-1209
-1035
-1273
-1094
-1306
-1464
-882
-1008
-1286
-1290
-900
-547
-524
-1055
-298
-125
-75
43
324
699
275
577
1000
1274
1211
1082
1238
1725
1612
1459
1488
1643
1899
1631
1440
1379
1628
1423
1126
1203
1147
1044
742
644
524
435
502
113
-94
-29
-170
-322
-472
-449
-647
-745
-681
-698
-780
-1002
-804
-742
-683
-695
-821
-543
-381
-254
-458
-332
158
83
-9
51
280
450
360
313
398
530
499
178
214
552
516
-29
-49
303
67
-293
-285
22
-268
-804
-801
-502
-466
-972
-1428
-894
-739
-1066
-1476
-1268
-915
-1334
-1186
-1257
-1073
-1254
-1288
-500
-724
-831
-831
-360
260
122
182
217
568
1021
1042
1049
1195
1325
1566
1522
1598
1702
1633
1788
1648
1851
1686
1585
1504
1378
1623
1257
1033
845
881
850
488
315
235
165
-153
-285
-286
-425
-679
-789
-796
-890
-985
-1104
-1236
-1044
-993
-1190
-1110
-1055
-828
-826
-880
-612
-521
-329
-283
-183
-92
-39
145
250
419
355
375
404
507
624
447
618
283
280
377
316
-20
-392
66
-219
-369
-634
-715
-698
-937
-861
-1138
-1097
-1214
-1427
-1263
-1323
-1388
-1506
-1438
-1232
-1260
-1322
-927
-909
-710
-725
-594
-28
-143
260
303
294
610
738
1082
1194
1302
1325
1350
1723
1805
1684
1752
1761
1676
1622
1795
1567
1398
1426
1247
1315
1068
855
759
712
589
292
158
5
-107
-279
-382
-547
-700
-749
-933
-897
-985
-1124
-1010
-1115
-1033
-1061
-1036
-819
-912
-822
-800
-557
-528
-369
-94
-319
-177
52
331
308
293
320
267
698
611
306
416
579
428
271
289
208
87
-60
-115
-320
-189
-363
-807
-752
-780
-618
-980
-1232
-1269
-1344
-1037
-1414
-1498
-1509
-1425
-1312
-1155
-929
-1271
-1060
-793
-301
-83
-257
-201
-106
687
971
649
766
1074
1468
1524
1381
1592
1773
1844
1831
1872
1822
1781
1813
1666
1762
1682
1426
1216
1084
1226
1025
750
619
404
284
105
-68
-222
-351
-549
-688
-799
-895
-887
-983
-1072
-1105
-1073
-1101
-1213
-1155
-1032
-878
-920
-758
-643
-844
-276
-426
-224
70
-43
222
-118
527
401
122
640
365
496
355
375
202
155
518
62
49
-179
-203
-205
-295
-223
-841
-771
-854
-888
-726
-1300
-1432
-1374
-1099
-1108
-1493
-1497
-1489
-924
-853
-1142
-987
-886
-366
-321
-70
121
-122
514
673
868
1012
997
1267
1303
1753
1709
1597
1739
1861
2013
1786
1894
1747
1709
1813
1594
1536
1273
1176
1100
1024
955
581
400
217
111
77
-97
-296
-532
-610
-677
-779
-907
-1021
-981
-955
-980
-1061
-1075
-983
-953
-756
-733
-691
-649
-620
-389
-303
-171
-201
-76
24
54
125
188
265
169
248
208
130
156
35
-49
-22
-143
-312
-487
-425
-469
-727
-670
-823
-975
-1065
-1174
-1132
-1255
-1302
-1388
-1345
-1399
-1336
-896
-1130
-1174
-913
-613
-203
-322
-170
-87
30
637
521
668
886
1008
1261
1192
1508
1486
1607
1804
1784
1812
1560
1716
1726
1718
1757
1461
1417
1270
1259
1257
952
827
707
641
420
190
110
-9
-50
-272
-397
-568
-614
-641
-787
-748
-793
-785
-901
-888
-696
-777
-751
-693
-587
-510
-544
-425
-368
-228
-127
-108
-102
-84
35
13
53
126
34
-52
-71
8
-114
-265
-203
-382
-464
-467
-682
-805
-815
-833
-1028
-1077
-1079
-1282
-1298
-1304
-1320
-1357
-1294
-1344
-1153
-950
-1295
-1041
-771
-359
-249
-297
7
-140
371
630
593
905
997
1189
1079
1321
1606
1598
1704
1738
1856
1687
1729
1797
1733
1795
1633
1531
1388
1333
1319
1145
1053
942
811
605
374
348
273
103
-79
-219
-366
-529
-423
-572
-719
-730
-714
-751
-909
-701
-782
-823
-605
-561
-618
-633
-429
-440
-298
-98
-137
-159
-43
97
-2
52
164
63
41
94
-60
-111
-50
-152
-253
-321
-368
-547
-668
-609
-766
-908
-962
-1171
-1225
-1241
-1264
-1474
-1490
-1370
-1491
-1469
-1381
-895
-1204
-1288
-865
-729
-221
-362
-165
-57
92
741
511
668
1016
1171
1247
1209
1605
1599
1685
1881
1926
1918
1791
1919
1821
1886
1911
1629
1560
1414
1479
1371
1087
1039
938
820
524
418
340
150
10
-158
-256
-456
-446
-583
-767
-717
-713
-737
-847
-786
-765
-802
-689
-604
-607
-577
-505
-406
-352
-318
-224
-305
-169
-13
-107
-89
-64
-43
-18
-86
-172
-177
-258
-231
-379
-473
-505
-717
-645
-719
-816
-921
-1058
-1071
-1223
-1190
-1249
-1404
-1296
-1486
-1418
-1428
-1082
-922
-1423
-986
-861
-454
-282
-356
-44
-201
448
613
478
814
932
1184
1078
1331
1564
1465
1665
1730
1839
1739
1745
1743
1661
1845
1647
1496
1328
1291
1398
1163
1029
905
829
651
417
444
303
109
-37
-138
-301
-351
-344
-601
-597
-535
-585
-783
-769
-617
-688
-645
-571
-560
-597
-456
-418
-331
-219
-214
-140
-250
-102
-32
-89
-48
-140
-96
-147
-248
-225
-298
-325
-350
-504
-566
-695
-742
-800
-870
-932
-1094
-1214
-1327
-1209
-1309
-1393
-1367
-1501
-1378
-1509
-1177
-858
-1299
-1006
-928
-569
-287
-377
-22
-230
260
612
455
754
891
1088
993
1225
1505
1378
1505
1542
1673
1589
1608
1689
1536
1674
1581
1434
1291
1184
1327
1176
978
868
774
603
454
533
379
201
79
-73
-117
-210
-141
-354
-466
-350
-444
-506
-632
-399
-405
-440
-268
-377
-315
-378
-197
-50
-159
-2
-88
-217
-78
28
29
-68
-32
-76
-289
-200
-204
-372
-380
-361
-548
-729
-714
-820
-921
-816
-899
-1126
-1212
-1300
-1242
-1207
-1248
-1274
-1445
-1343
-1382
-1047
-693
-1130
-916
-722
-369
-127
-165
133
-45
426
756
568
823
990
1130
1073
1291
1527
1353
1412
1554
1595
1467
1505
1507
1359
1505
1407
1227
1048
1003
1096
919
876
726
547
393
301
407
304
151
-21
-144
-186
-240
-207
-317
-364
-272
-339
-475
-467
-274
-294
-265
-119
-186
-261
-221
-14
-50
94
160
-60
-38
21
51
-64
51
3
-234
-205
-325
-378
-392
-409
-535
-723
-722
-916
-1010
-1038
-1047
-1140
-1321
-1389
-1614
-1423
-1517
-1438
-1387
-1542
-1427
-1364
-872
-1149
-995
-653
-573
-175
-230
60
-5
285
865
590
855
1046
1069
1154
1269
1613
1404
1393
1529
1495
1449
1428
1487
1275
1320
1334
1107
947
851
961
747
599
608
378
198
42
126
31
-124
-125
-353
-411
-399
-329
-408
-449
-300
-420
-405
-387
-272
-236
-173
37
-95
-39
-7
96
215
227
326
261
219
181
235
244
244
185
31
-34
-195
-192
-295
-401
-350
-628
-796
-902
-934
-952
-1206
-1188
-1347
-1520
-1475
-1585
-1604
-1562
-1489
-1526
-1642
-1345
-955
-1243
-1076
-703
-599
-274
-212
72
51
253
832
650
821
1151
1153
1131
1262
1605
1516
1458
1581
1549
1460
1459
1535
1355
1284
1306
1080
932
857
872
720
507
489
378
218
51
45
-38
-179
-184
-274
-386
-445
-356
-369
-489
-320
-254
-326
-269
-138
-98
-117
190
204
100
240
366
475
440
591
516
445
601
509
471
417
385
214
80
82
-118
-227
-308
-392
-581
-807
-876
-1023
-1061
-1184
-1347
-1487
-1638
-1616
-1753
-1794
-1667
-1659
-1851
-1713
-1353
-1466
-1323
-1036
-811
-696
-534
-173
-301
61
566
471
652
896
1019
1024
1221
1533
1475
1428
1545
1539
1397
1518
1549
1336
1329
1302
1149
945
869
917
733
574
509
340
175
82
100
-28
-173
-231
-378
-456
-462
-404
-446
-488
-388
-404
-432
-305
-138
-132
-60
145
95
181
208
354
568
515
647
513
533
663
591
643
541
438
425
238
132
110
-56
-149
-311
-478
-696
-832
-863
-1049
-1136
-1251
-1348
-1609
-1651
-1640
-1773
-1634
-1627
-1820
-1685
-1405
-1581
-1391
-1080
-747
-637
-621
-226
-375
6
559
501
675
868
939
940
1198
1548
1530
1464
1539
1588
1473
1541
1645
1471
1468
1377
1165
1062
921
985
843
591
576
413
185
73
104
1
-156
-222
-359
-533
-516
-442
-542
-575
-471
-503
-569
-396
-360
-321
-174
-18
95
-55
92
254
348
566
512
475
454
473
607
531
540
510
311
252
164
123
-33
-157
-269
-454
-583
-767
-813
-999
-1135
-1193
-1420
-1462
-1615
-1709
-1721
-1676
-1602
-1830
-1560
-1553
-1527
-1197
-1049
-719
-860
-527
-323
-371
264
366
451
674
836
935
954
1342
1482
1442
1498
1547
1461
1408
1622
1530
1419
1387
1177
1093
961
962
915
710
628
458
264
128
146
95
-116
-242
-397
-478
-538
-476
-453
-591
-570
-551
-501
-449
-370
-266
-242
-94
79
79
81
200
365
413
498
574
449
463
514
537
532
465
455
244
180
174
-19
-78
-221
-380
-542
-655
-831
-934
-995
-1203
-1221
-1477
-1503
-1698
-1564
-1299
-1704
-1349
-1634
-1580
-1154
-1062
-595
-936
-583
-408
-481
199
281
392
504
668
809
820
1214
1278
1250
1316
1373
1372
1255
1466
1396
1277
1300
1076
974
869
900
847
630
541
330
160
76
63
23
-196
-340
-454
-533
-562
-556
-536
-654
-593
-558
-562
-545
-372
-244
-312
-48
-41
9
81
152
415
317
525
513
326
546
555
569
562
513
390
198
211
193
70
15
-148
-371
-508
-646
-772
-813
-857
-1082
-1286
-1468
-1570
-1525
-1283
-1492
-1475
-1444
-1692
-1250
-1107
-722
-756
-803
-439
-569
-85
262
293
423
570
709
760
1044
1257
1321
1329
1369
1418
1336
1496
1563
1412
1421
1324
1160
1027
955
980
847
700
550
293
101
76
101
-78
-242
-364
-564
-634
-632
-631
-686
-730
-639
-694
-810
-604
-486
-445
-226
-175
-195
-188
24
224
248
431
474
277
379
541
487
566
601
470
341
302
303
173
157
115
-187
-336
-416
-627
-693
-766
-974
-1084
-1237
-1400
-1451
-1330
-1180
-1330
-1548
-1409
-1285
-1018
-799
-890
-839
-749
-470
-222
-82
165
248
287
473
704
888
975
1104
1155
1178
1255
1285
1305
1362
1405
1328
1175
1107
1086
986
988
930
734
526
363
275
198
146
13
-166
-370
-429
-475
-581
-527
-583
-556
-689
-750
-571
-623
-415
-349
-368
-336
-325
-117
-73
138
223
93
120
215
314
354
460
381
273
291
288
198
200
233
-4
-105
-171
-311
-461
-503
-552
-769
-810
-944
-1104
-1090
-842
-872
-1216
-1077
-942
-831
-646
-593
-573
-654
-342
-92
-144
121
253
200
295
597
754
694
844
1005
1016
1010
1122
1138
1095
1230
1247
1082
994
1022
982
905
907
896
645
465
461
419
313
209
151
-123
-231
-205
-316
-375
-357
-348
-551
-594
-454
-496
-449
-327
-326
-390
-353
-260
-263
-87
31
-88
-124
-25
41
53
178
128
9
40
39
-19
-75
-29
-187
-292
-275
-504
-590
-530
-656
-770
-862
-899
-1001
-891
-633
-1013
-1066
-810
-701
-528
-427
-346
-519
-346
47
20
99
342
305
219
462
711
658
647
821
858
785
892
961
829
896
1010
857
739
772
780
655
637
681
482
327
329
311
256
219
157
-68
-164
-69
-100
-199
-165
-79
-204
-316
-245
-146
-108
37
80
-152
-145
-25
35
102
236
181
-89
-42
114
96
139
172
-31
-175
-107
-156
-216
-155
-255
-431
-540
-647
-685
-696
-681
-752
-961
-972
-1103
-1077
-748
-770
-926
-940
-866
-654
-404
-255
-233
-310
-81
204
220
442
611
502
537
753
881
809
810
873
833
799
873
778
576
679
710
526
436
397
292
205
247
206
-10
-117
-72
-107
-171
-136
-211
-393
-351
-217
-247
-256
-101
-125
-274
-83
54
78
193
297
231
161
384
397
352
529
488
249
270
354
242
230
217
63
-137
-119
-193
-384
-343
-445
-641
-706
-763
-894
-975
-995
-977
-1078
-1122
-1164
-1258
-1058
-1079
-814
-742
-1025
-733
-618
-319
-128
-1
123
-63
349
594
584
812
952
839
769
1039
1053
969
1081
1105
899
752
857
711
609
726
615
315
179
216
88
36
86
-49
-311
-363
-320
-384
-356
-262
-341
-460
-328
-271
-237
-156
-14
102
23
147
183
206
382
480
546
438
426
440
415
510
536
426
267
185
67
27
10
-49
-192
-379
-512
-634
-716
-777
-805
-910
-1002
-1116
-1171
-1190
-1174
-1104
-1071
-1092
-1007
-785
-906
-695
-428
-286
-56
20
220
173
432
823
823
960
1118
1029
956
1214
1355
1281
1265
1203
1053
931
1019
948
779
750
618
394
231
230
125
32
-16
-134
-281
-455
-438
-389
-368
-307
-367
-479
-502
-313
-132
-112
25
65
29
102
249
377
391
524
520
398
431
483
468
435
470
320
128
101
38
-89
-169
-256
-478
-651
-650
-757
-897
-974
-1135
-1215
-1288
-1259
-1290
-1436
-1353
-1385
-1336
-1211
-1142
-889
-965
-860
-541
-435
-125
39
205
283
400
748
817
933
1163
1157
1066
1182
1278
1221
1211
1231
1085
908
899
804
632
583
574
355
144
134
-22
-121
-87
-148
-261
-397
-433
-412
-445
-278
-256
-378
-288
-303
-201
-76
21
126
56
114
167
189
331
409
383
385
334
271
295
278
313
234
130
12
-179
-210
-257
-324
-437
-597
-747
-884
-912
-948
-1027
-1028
-1152
-1243
-1250
-1219
-1109
-1076
-979
-951
-803
-717
-607
-340
-149
120
186
344
413
541
908
983
1099
1163
1131
1061
1124
1295
1256
1205
1114
972
806
847
853
665
639
504
321
212
187
181
63
68
-23
-166
-203
-184
-189
-139
-88
-162
-129
-205
-117
9
37
160
101
84
65
106
277
270
236
269
119
60
150
126
74
17
-77
-241
-307
-272
-344
-487
-520
-629
-798
-802
-835
-936
-993
-963
-1070
-1091
-1066
-1107
-1058
-1020
-863
-891
-832
-675
-620
-394
-228
-123
-18
164
361
508
669
749
812
890
1051
1113
1110
1127
1035
1008
1037
1042
972
836
735
611
543
534
467
365
259
188
108
60
87
54
67
48
33
40
-46
57
117
145
179
125
94
72
190
263
223
209
182
92
128
209
138
102
42
-36
-123
-155
-164
-308
-369
-442
-594
-665
-754
-815
-938
-942
-1027
-1156
-1142
-1274
-1174
-1243
-1193
-1176
-1231
-1054
-1009
-797
-741
-564
-477
-325
-44
112
342
363
549
620
765
1043
1052
1094
1059
1070
1068
1114
1202
1075
967
850
767
664
677
649
444
392
240
152
96
65
83
-69
-54
-137
-214
-147
-170
-102
-118
-139
-129
-138
-19
12
88
161
137
207
235
256
264
339
350
297
329
263
177
112
133
56
-55
-105
-300
-428
-458
-510
-622
-708
-810
-987
-1023
-1027
-1047
-1074
-1106
-1147
-1221
-1127
-1091
-1076
-977
-949
-889
-834
-727
-647
-551
-361
-286
-162
-36
58
177
331
507
587
708
767
825
919
995
1068
1056
1123
1072
1038
1067
1009
1000
941
893
786
729
686
590
576
524
455
379
342
292
244
270
223
175
172
153
116
121
135
78
80
73
23
-2
-24
-39
-91
-81
-129
-208
-225
-289
-339
-386
-415
-483
-554
-592
-693
-766
-786
-833
-875
-903
-968
-1053
-1069
-1041
-992
-982
-958
-955
-943
-805
-705
-513
-480
-447
-289
-200
-1
109
235
240
286
478
499
566
635
666
604
647
738
655
649
674
649
576
590
580
454
470
499
432
373
361
353
298
314
332
292
261
282
339
301
349
363
348
374
437
558
471
535
605
582
629
641
652
526
581
598
443
414
364
224
91
114
-2
-201
-240
-355
-512
-582
-590
-758
-866
-824
-961
-1029
-997
-1029
-1105
-1067
-1022
-1113
-1071
-968
-1003
-969
-834
-848
-832
-707
-652
-632
-516
-412
-438
-341
-212
-205
-139
-28
25
38
156
213
187
277
328
323
383
434
421
426
483
495
493
541
541
530
559
576
574
613
637
633
660
655
655
674
699
693
693
710
656
646
667
634
611
612
565
489
476
433
364
342
306
215
146
109
25
-23
-69
-145
-225
-300
-357
-433
-451
-513
-573
-604
-667
-699
-701
-705
-761
-762
-758
-801
-786
-763
-775
-800
-764
-756
-767
-707
-675
-676
-653
-594
-559
-513
-428
-387
-355
-301
-237
-182
-103
-34
4
48
91
155
202
252
284
291
329
350
374
404
418
438
453
475
492
504
539
568
592
619
629
629
635
667
694
702
713
697
670
662
668
658
638
615
552
484
450
412
352
307
240
142
75
12
-57
-115
-168
-241
-332
-387
-440
-503
-522
-561
-633
-669
-705
-745
-751
-770
-777
-815
-815
-818
-842
-794
-789
-763
-742
-718
-684
-659
-591
-532
-472
-414
-370
-323
-265
-192
-128
-72
-45
-22
29
58
103
131
153
165
165
206
207
225
262
273
274
301
340
340
388
440
445
473
513
522
531
586
616
593
616
651
631
634
673
651
620
641
614
559
538
513
449
388
365
294
194
150
86
-6
-66
-120
-197
-273
-310
-359
-430
-475
-494
-536
-574
-580
-590
-627
-638
-612
-631
-619
-585
-574
-573
-551
-499
-492
-443
-384
-360
-332
-280
-238
-213
-136
-99
-79
-45
-29
-1
25
58
73
56
73
56
40
70
66
54
50
50
30
47
74
85
110
132
169
181
230
297
335
387
430
476
508
562
622
652
683
697
714
715
721
734
711
684
655
612
560
511
470
404
335
263
188
110
38
-16
-89
-154
-218
-289
-336
-386
-416
-457
-493
-515
-548
-558
-577
-565
-565
-567
-545
-542
-503
-479
-447
-402
-384
-323
-292
-248
-191
-152
-104
-75
-30
-4
26
56
62
68
63
70
58
39
31
1
-31
-53
-76
-111
-132
-143
-173
-189
-186
-187
-191
-168
-142
-134
-99
-53
-12
32
94
143
185
251
302
352
403
465
506
528
574
588
611
634
641
643
619
615
582
557
536
487
443
376
327
264
209
146
67
-2
-72
-132
-191
-245
-299
-358
-405
-447
-479
-498
-525
-536
-544
-548
-543
-529
-507
-486
-448
-416
-394
-364
-333
-286
-243
-200
-162
-153
-132
-118
-99
-77
-62
-52
-70
-79
-86
-100
-104
-112
-122
-150
-170
-183
-206
-204
-199
-204
-204
-207
-202
-193
-163
-132
-109
-83
-51
-20
10
72
116
160
213
245
288
326
379
420
451
495
506
517
530
537
537
528
522
487
458
422
385
339
292
253
185
134
78
21
-35
-89
-124
-186
-215
-256
-293
-309
-336
-340
-356
-352
-357
-357
-338
-330
-302
-287
-270
-242
-231
-197
-178
-149
-133
-117
-92
-89
-70
-59
-42
-49
-58
-49
-66
-58
-56
-64
-73
-91
-92
-107
-105
-95
-108
-109
-100
-99
-97
-77
-53
-38
-5
19
35
62
105
143
178
228
254
275
312
347
374
409
432
438
448
463
464
467
473
468
451
431
408
375
356
331
296
262
218
180
139
109
69
32
-8
-47
-79
-115
-139
-164
-183
-205
-227
-249
-261
-275
-282
-282
-287
-285
-283
-289
-288
-274
-267
-266
-259
-256
-255
-241
-230
-223
-218
-208
-205
-202
-191
-185
-181
-173
-165
-165
-158
-146
-138
-122
-114
-100
-92
-74
-56
-40
-11
4
32
46
76
100
119
160
170
205
225
250
275
288
317
319
340
343
349
352
345
347
331
327
313
295
281
256
232
205
178
150
122
105
70
42
17
-15
-40
-62
-73
-101
-111
-130
-154
-162
-171
-177
-189
-192
-204
-214
-210
-212
-213
-217
-221
-225
-236
-226
-231
-234
-232
-240
-237
-243
-238
-244
-242
-232
-235
-235
-233
-235
-235
-227
-216
-209
-199
-189
-180
-164
-142
-119
-102
-74
-52
-26
5
35
65
92
128
155
184
213
237
260
285
309
321
337
344
345
347
347
342
329
319
302
278
258
232
201
170
141
104
68
37
6
-28
-59
-86
-119
-140
-160
-183
-197
-210
-222
-232
-240
-238
-242
-242
-238
-234
-228
-219
-211
-203
-195
-182
-175
-171
-158
-151
-145
-139
-135
-133
-129
-131
-129
-127
-124
-123
-121
-124
-122
-111
-106
-94
-86
-75
-65
-50
-25
-2
25
50
73
101
130
163
194
232
265
291
323
353
389
412
433
456
467
479
488
496
493
494
486
468
453
432
407
378
349
313
270
231
191
151
110
69
28
-17
-55
-91
-123
-155
-183
-210
-235
-254
-265
-279
-287
-290
-298
-298
-298
-295
-289
-282
-271
-263
-255
-244
-233
-222
-213
-203
-194
-187
-180
-176
-174
-169
-164
-166
-165
-161
-166
-164
-164
-162
-159
-157
-153
-152
-141
-131
-124
-109
-94
-76
-61
-41
-20
0
27
55
84
113
141
169
195
223
249
274
301
319
337
356
368
376
381
385
381
377
371
357
345
330
309
287
263
232
200
171
140
101
71
39
5
-28
-57
-87
-118
-141
-167
-192
-215
-231
-252
-265
-276
-286
-293
-301
-304
-308
-306
-303
-295
-290
-280
-272
-264
-251
-240
-223
-205
-191
-179
-162
-148
-134
-116
-100
-85
-68
-57
-42
-30
-14
5
15
31
40
51
60
73
86
98
111
121
129
137
150
161
172
183
188
197
204
211
218
225
233
235
239
244
247
249
251
252
248
244
240
237
229
225
214
201
190
177
162
145
128
108
90
70
49
27
0
-23
-50
-73
-97
-119
-144
-170
-193
-218
-237
-257
-276
-292
-311
-327
-339
-351
-354
-360
-361
-363
-360
-358
-350
-343
-331
-317
-301
-284
-266
-247
-221
-197
-172
-146
-122
-93
-68
-42
-14
15
39
63
85
107
128
146
165
179
194
206
214
223
225
230
232
230
228
224
220
213
206
199
190
182
172
163
153
145
135
130
125
114
109
102
97
93
84
79
72
65
61
54
49
44
38
29
16
8
-3
-14
-27
-41
-59
-77
-93
-111
-128
-146
-164
-183
-201
-219
-234
-248
-258
-269
-279
-289
-293
-293
-293
-293
-288
-281
-274
-262
-243
-226
-204
-181
-157
-132
-105
-76
-47
-18
11
39
65
94
118
143
166
184
203
220
237
246
258
268
274
279
280
279
277
275
272
264
256
248
238
228
217
209
201
193
186
174
166
157
149
143
137
131
122
119
113
108
101
95
87
77
69
57
46
36
21
7
-9
-25
-44
-62
-81
-103
-119
-139
-157
-178
-196
-211
-230
-244
-254
-266
-278
-286
-288
-291
-292
-289
-286
-277
-268
-256
-240
-221
-201
-184
-163
-141
-119
-96
-74
-52
-33
-12
10
28
46
64
82
93
105
117
126
132
140
145
150
151
151
149
147
147
143
140
135
132
128
125
124
122
121
118
115
111
109
110
111
111
111
109
108
107
105
102
100
97
92
83
75
67
54
41
29
18
1
-14
-31
-48
-63
-79
-94
-110
-124
-137
-154
-164
-175
-182
-189
-194
-197
-200
-199
-198
-193
-187
-180
-169
-157
-144
-130
-115
-101
-85
-70
-55
-40
-29
-13
-2
10
22
32
41
49
55
58
62
64
64
65
64
66
64
61
60
56
53
51
47
45
42
44
43
46
46
48
52
56
64
69
75
81
86
92
97
103
109
112
114
114
114
112
111
107
102
95
85
76
64
51
38
24
10
-8
-26
-44
-61
-77
-91
-107
-123
-134
-145
-155
-163
-172
-177
-179
-180
-179
-178
-172
-165
-159
-148
-138
-124
-112
-96
-81
-69
-53
-40
-28
-15
-2
11
19
28
34
39
44
46
49
52
48
46
44
40
38
35
30
24
21
16
12
10
8
8
5
7
10
13
19
27
31
40
49
59
71
80
92
101
110
118
126
132
139
143
147
146
144
141
138
132
124
113
102
87
74
60
46
28
12
-5
-23
-39
-54
-67
-84
-94
-104
-115
-121
-126
-132
-133
-133
-132
-130
-126
-120
-113
-104
-94
-87
-76
-67
-57
-45
-36
-27
-18
-10
-6
1
5
10
13
15
15
14
13
12
11
9
6
3
-1
-4
-6
-7
-9
-8
-9
-9
-7
-2
2
8
15
22
30
39
49
58
68
78
88
95
103
110
116
123
128
131
131
130
129
127
122
118
110
100
90
78
67
53
41
25
11
-3
-18
-32
-46
-59
-72
-82
-94
-103
-110
-117
-122
-126
-129
-130
-130
-130
-128
-126
-123
-118
-113
-107
-101
-94
-88
-82
-75
-69
-61
-55
-49
-43
-39
-32
-29
-27
-23
-16
-13
-8
-3
-1
2
5
9
14
18
23
27
31
37
42
48
55
61
69
74
79
84
91
94
99
101
103
108
108
110
108
107
104
100
95
89
83
74
69
60
52
44
32
21
10
-1
-12
-23
-34
-44
-54
-63
-72
-78
-84
-91
-94
-98
-100
-100
-101
-100
-101
-99
-98
-97
-93
-88
-86
-81
-75
-69
-65
-61
-55
-52
-47
-43
-40
-37
-34
-32
-30
-26
-22
-22
-17
-13
-11
-8
-5
-2
0
3
7
11
14
17
20
25
31
35
38
45
51
56
61
68
71
78
82
86
89
90
91
93
93
93
92
92
88
84
80
73
67
63
54
47
41
35
25
18
9
1
-6
-15
-21
-28
-36
-41
-45
-50
-53
-54
-54
-54
-54
-53
-53
-53
-51
-49
-46
-44
-43
-39
-37
-33
-29
-27
-25
-21
-18
-16
-12
-11
-10
-9
-9
-8
-8
-8
-8
-9
-9
-10
-10
-11
-10
-11
-11
-11
-10
-9
-9
-9
-8
-5
-4
-1
2
5
7
12
16
20
24
26
30
33
37
40
43
43
41
45
44
44
44
43
41
40
41
40
39
38
33
32
26
22
18
16
12
7
5
1
-1
-3
-6
-8
-9
-12
-14
-15
-15
-17
-17
-19
-19
-22
-22
-21
-21
-21
-20
-19
-20
-18
-17
-16
-16
-17
-21
-22
-20
-21
-21
-21
-21
-22
-21
-23
-22
-21
-20
-20
-21
-19
-20
-19
-16
-17
-18
-16
-15
-15
-13
-10
-7
-5
-1
2
4
6
8
7
10
10
9
11
11
10
12
12
13
14
16
17
16
16
17
15
16
14
11
10
7
6
4
3
3
3
3
3
3
1
1
-1
-3
-4
-5
-4
-5
-7
-7
-9
-10
-10
-11
-10
-9
-9
-8
-9
-8
-8
-5
-4
-4
-5
-5
-5
-7
-7
-9
-8
-8
-8
-7
-6
-5
-7
-5
-7
-9
-11
-11
-8
-7
-5
-3
-3
-4
-7
-7
-7
-7
-4
-5
0
4
5
6
6
4
3
4
3
6
10
11
13
14
16
17
18
19
19
17
18
19
21
22
20
18
15
12
8
4
1
0
-1
0
-1
0
1
1
0
-1
-1
0
1
2
5
7
5
4
0
-2
-4
-7
-9
-10
-8
-7
-5
-4
-2
-1
1
1
2
3
4
4
4
3
3
5
4
3
2
1
2
0
-1
0
1
3
6
7
6
7
8
8
9
10
9
11
11
8
11
9
10
7
6
3
0
1
1
1
2
2
0
0
0
2
4
3
4
4
4
3
3
3
4
1
0
-1
-1
-1
0
1
-1
-2
-3
-5
-5
-5
-7
-7
-8
-9
-8
-8
-8
-7
-8
-10
-10
-11
-10
-11
-12
-11
-14
-14
-13
-12
-10
-12
-12
-11
-12
-12
-11
-12
-10
-8
-9
-8
-8
-6
-4
-3
-1
-1
-1
0
-1
3
1
2
3
4
4
4
6
7
8
9
10
12
12
12
11
12
11
11
11
10
10
9
11
11
11
9
9
9
8
7
6
6
5
3
2
2
2
0
-2
-2
-5
-5
-5
-5
-6
-7
-7
-8
-8
-9
-9
-11
-11
-12
-13
-12
-13
-13
-14
-13
-11
-9
-9
-9
-7
-6
-5
-4
-6
-8
-8
-7
-6
-7
-5
-4
-4
-1
1
2
4
5
8
7
9
9
7
9
10
9
9
11
12
12
14
13
14
14
14
15
16
15
17
16
15
14
14
13
13
12
11
9
9
10
9
7
5
4
3
1
0
0
-2
-4
-6
-8
-9
-9
-10
-11
-11
-13
-13
-12
-11
-12
-13
-13
-14
-14
-13
-14
-15
-13
-14
-14
-12
-12
-11
-11
-10
-10
-8
-8
-7
-7
-6
-6
-6
-8
-8
-8
-6
-5
-5
-4
-3
-3
-1
1
4
4
4
4
5
6
6
8
9
11
11
11
12
11
14
14
15
13
14
14
14
15
15
15
14
11
11
11
10
11
10
9
9
7
7
5
4
3
-1
-1
-2
-4
-4
-6
-7
-9
-10
-11
-10
-10
-11
-12
-13
-13
-15
-15
-14
-12
-12
-12
-12
-13
-13
-13
-11
-11
-10
-8
-8
-7
-7
-6
-8
-6
-5
-5
-4
-3
-2
-1
1
1
2
2
3
3
3
4
3
5
6
6
7
7
8
8
8
9
9
10
9
10
9
11
12
12
13
12
12
12
13
12
13
13
11
12
11
10
10
11
11
10
11
9
7
6
5
4
2
1
-1
0
0
2
-1
-2
-4
-4
-5
-6
-8
-10
-10
-11
-11
-11
-14
-13
-12
-11
-10
-12
-11
-11
-10
-9
-9
-8
-6
-7
-7
-6
-6
-4
-4
-3
-3
-1
0
1
2
2
2
3
4
5
5
6
7
6
7
6
5
7
9
7
8
8
7
7
7
7
7
6
7
7
7
6
5
7
7
6
4
5
4
3
4
4
2
3
2
1
0
0
-1
-2
-3
-4
-3
-4
-3
-4
-6
-7
-8
-8
-10
-9
-11
-11
-12
-12
-11
-12
-10
-10
-8
-11
-11
-10
-9
-9
-7
-8
-8
-8
-8
-8
-6
-5
-3
-3
-2
-2
-2
0
0
1
3
3
3
5
5
6
8
8
7
8
7
7
8
9
8
8
8
8
7
7
7
7
7
6
6
6
7
7
6
6
6
6
7
6
6
4
4
3
1
0
0
0
-1
-1
-3
-3
-3
-4
-4
-3
-3
-3
-6
-5
-5
-7
-9
-9
-9
-9
-8
-7
-8
-8
-8
-9
-7
-6
-6
-6
-5
-5
-4
-4
-4
-2
-2
-2
-1
0
0
2
1
1
3
3
4
4
4
6
7
7
7
7
8
7
8
9
9
10
9
10
10
9
9
6
6
5
7
7
7
7
9
9
8
8
9
9
8
7
6
5
5
6
5
3
2
2
1
1
1
1
0
0
0
0
0
-1
-2
-3
-3
-5
-6
-7
-8
-8
-7
-9
-10
-10
-10
-9
-8
-7
-9
-8
-8
-9
-8
-8
-8
-7
-6
-7
-7
-6
-6
-5
-5
-5
-3
-4
-2
-1
-1
-2
0
-1
1
0
-1
0
2
3
2
3
4
4
5
5
6
5
7
6
4
5
5
6
6
6
6
5
5
5
4
4
3
3
0
1
0
0
1
0
1
0
-1
-1
-2
-2
-2
-5
-4
-5
-6
-8
-7
-7
-7
-7
-7
-7
-6
-8
-9
-9
-7
-8
-7
-9
-8
-7
-7
-5
-6
-5
-7
-6
-4
-5
-3
-3
-3
-3
-3
-2
-2
-3
0
-1
-1
-1
0
1
2
4
2
3
3
2
2
2
4
3
4
4
4
5
5
5
5
6
6
4
4
6
5
6
6
4
6
4
6
4
4
4
4
4
4
4
4
4
2
3
2
2
3
1
1
1
0
-2
-1
0
-2
-1
-2
-3
-3
-4
-4
-5
-4
-4
-4
-5
-4
-5
-4
-5
-6
-6
-6
-5
-5
-5
-5
-4
-2
-2
-3
-2
-2
-1
-2
0
1
1
2
2
2
3
3
3
4
6
5
6
5
5
5
5
7
8
8
9
7
8
8
7
6
7
7
7
6
6
7
5
6
4
5
3
4
3
4
4
5
5
4
3
3
2
0
0
1
1
1
2
1
1
1
1
0
-1
0
0
1
-1
-1
-2
-2
-2
-2
-3
-3
-4
-3
-3
-3
-3
-3
-4
-5
-3
-5
-3
-4
-5
-5
-4
-6
-5
-5
-4
-3
-3
-2
-2
-2
0
0
-1
0
-1
1
1
1
1
2
1
3
1
1
2
3
2
3
3
2
1
2
1
0
1
0
-2
-1
-1
-3
-3
-2
-2
-3
-2
-2
-3
-3
-4
-5
-5
-5
-5
-4
-6
-4
-3
-1
-3
-3
-1
-2
-2
-2
-3
-4
-3
-3
-3
-3
-3
-4
-3
-3
-2
-2
-3
-2
-2
-2
-4
-3
-4
-3
-3
-4
-3
-4
-4
-4
-3
-2
-2
-2
-2
-1
0
1
1
0
0
-1
-1
0
2
1
1
1
1
2
3
4
4
5
5
4
3
3
3
4
4
4
4
3
1
3
2
1
3
4
6
5
4
4
3
2
2
2
1
1
0
-2
-2
-1
-1
-1
-1
-1
0
0
0
1
2
2
2
2
2
2
1
1
1
0
0
2
2
1
2
1
2
2
1
1
0
0
2
0
0
-1
-2
0
-1
-1
-1
-1
-1
-1
-2
-2
-1
-1
-2
-3
-2
-3
-2
0
1
2
2
2
2
2
2
2
1
2
1
2
3
4
3
4
4
3
2
3
3
4
4
4
5
3
1
0
1
0
0
1
-1
0
0
-1
0
1
0
-1
0
2
0
0
-2
-1
-1
-2
-2
-2
1
-1
0
-1
-2
0
-1
0
1
0
0
1
1
1
1
1
1
0
1
1
1
2
1
0
1
1
1
2
3
2
1
2
1
1
2
2
0
0
1
1
0
-1
1
1
0
-1
-1
-1
0
0
-2
-2
-2
-2
-2
0
-1
-2
-1
-3
-3
-2
-2
-2
-3
-5
-4
-2
-2
-2
-2
-3
-4
-5
-2
-3
-3
-3
-3
-4
-4
-5
-5
-4
-3
-3
-4
-3
-3
-4
-4
-3
-4
-5
-4
-4
-4
-3
-2
-1
-1
0
-2
-1
1
1
2
1
1
0
2
3
2
3
4
4
1
1
1
2
2
1
1
1
2
1
1
1
2
0
0
0
-1
-1
-2
-1
-3
-3
-2
-2
-3
-3
-2
-3
-2
-3
-3
-3
-2
-3
-2
-1
-1
-2
-2
-3
-2
-1
-2
-2
-2
-2
-1
0
-1
-1
-3
-1
1
0
0
0
-1
-1
-2
0
-1
0
2
-1
-1
1
0
0
1
-1
0
3
3
4
3
5
4
3
3
3
3
4
4
3
4
3
2
2
1
2
2
2
0
-1
0
1
0
1
0
1
2
2
2
1
0
0
-2
-3
-2
-3
-2
-1
-1
-1
-1
-1
-1
-2
0
-2
0
1
1
1
0
-1
-1
-1
0
0
0
1
0
0
0
2
2
1
1
0
1
2
1
1
2
1
0
1
1
0
1
2
1
2
2
0
1
2
1
1
0
0
0
-1
-1
0
0
-1
-2
-2
-1
-2
-3
-2
-2
-3
-4
-4
-1
-2
-3
-3
-3
-5
-4
-3
-3
-4
-5
-4
-4
-3
-3
-3
-2
-1
-2
0
0
-1
0
-2
0
-1
-1
-1
-2
-1
-2
-1
-1
-1
-1
0
0
-1
0
0
0
1
2
2
1
0
0
0
0
0
0
0
-1
-1
-1
-1
-1
-2
-1
-1
-1
0
0
0
0
0
0
1
1
2
2
3
2
1
2
2
1
3
2
3
4
4
4
5
3
4
3
2
2
2
2
1
0
0
1
0
0
0
0
0
1
2
1
0
1
2
1
1
1
1
1
0
1
3
2
2
3
4
2
2
3
2
3
3
2
2
1
0
1
1
1
0
0
0
-1
-1
-1
-2
-2
-5
-7
-5
-5
-5
-4
-5
-5
-5
-4
-4
-3
-2
-3
-3
-1
-1
-1
-2
-1
-1
0
-1
-1
-2
0
0
2
2
2
0
1
0
0
0
-1
-2
-2
-2
-3
-2
-1
-1
-1
-1
-1
-1
0
0
0
0
-1
-1
-1
-1
0
-1
-1
-1
-1
0
0
1
2
1
1
2
3
0
3
4
4
4
2
2
2
4
3
3
4
3
2
3
3
2
1
2
0
0
2
2
1
3
2
2
3
3
4
3
2
2
1
1
3
2
2
2
2
1
1
2
3
4
4
3
3
4
3
2
3
1
1
3
1
2
2
-1
2
1
0
1
1
2
2
3
4
2
1
0
-1
0
-1
-2
-1
-1
1
0
-1
-1
0
0
1
1
1
0
-1
-1
-1
-1
-1
0
-1
-1
-1
-2
-2
-2
-2
-1
-1
-3
-3
-1
-3
-2
-3
-2
-1
-1
-1
-3
-3
-4
-2
-2
-2
-3
-2
-1
-2
-2
-3
-3
-3
-2
-2
-1
0
-1
-1
0
0
1
0
0
0
-1
0
0
0
1
-1
0
-2
-2
-3
1
1
0
-1
-2
0
-3
-2
-2
-4
-2
-3
-3
-3
0
-2
-1
-1
0
0
0
0
0
0
1
-1
1
1
1
3
3
4
4
4
3
2
3
2
3
2
0
1
2
2
3
3
2
3
1
0
0
0
0
0
-2
-2
-3
-4
-2
-3
-3
-4
-5
-5
-4
-4
-4
-3
-4
-3
-4
-3
-2
-1
-1
-1
-1
-2
-2
-3
-1
-1
0
-1
0
1
0
2
0
2
1
1
0
0
0
-1
0
0
-1
-2
-1
0
-1
-1
-1
-1
1
1
1
0
0
0
-2
-1
-1
-1
1
0
-1
0
1
-1
-1
1
1
-1
2
3
4
4
5
4
3
3
2
1
0
4
2
2
2
-1
0
0
0
0
-1
-1
-1
-2
-1
-2
-2
-2
-3
-4
-4
-2
-1
-2
-3
-4
-4
-4
-3
-2
-1
-2
-2
-2
-2
1
1
0
1
-1
0
0
0
0
-1
0
-1
1
1
-1
1
-1
-1
1
1
2
3
3
1
1
2
0
1
1
1
1
1
2
2
2
4
3
5
6
5
7
6
7
8
6
6
4
4
5
4
4
5
6
6
6
5
5
4
4
2
2
3
2
1
1
2
2
1
2
0
-1
-1
1
0
0
-1
-3
-2
-2
-1
-1
0
0
-1
-1
-1
-1
0
-1
-2
-1
-1
0
0
1
0
-1
0
0
-1
-2
1
0
-1
0
-1
-1
1
0
-1
1
1
0
1
1
1
-1
1
-1
1
1
1
3
1
2
3
3
3
3
5
3
3
3
2
3
2
2
0
0
1
-1
0
0
-1
-2
-2
-3
-5
-3
-5
-5
-6
-5
-6
-7
-6
-6
-6
-7
-8
-9
-8
-9
-8
-6
-7
-7
-7
-6
-6
-7
-7
-7
-6
-5
-5
-5
-4
-3
-2
-3
0
-1
1
1
0
0
-1
-2
-3
-2
-2
1
1
1
1
1
0
0
2
0
1
-1
-1
0
1
2
1
1
1
0
1
1
-1
1
0
1
2
2
1
2
2
1
1
1
2
2
3
3
1
0
0
-1
0
0
0
2
-1
-2
-2
-2
-1
-2
-3
-1
-4
-5
-4
-4
-3
-2
-2
-2
-3
-3
-4
-4
-3
-1
-2
-1
0
0
0
3
0
-1
4
2
1
1
4
2
2
3
3
3
3
3
1
3
2
4
4
5
5
4
4
3
3
2
2
2
3
2
1
4
3
3
3
2
3
4
3
3
4
2
1
1
1
2
0
2
1
1
0
-1
-1
-1
-1
-3
-3
-3
-2
-2
-2
-2
-2
-3
-2
-1
-3
-2
-3
-3
-2
-2
-2
-1
-2
-3
-2
-2
0
-1
-1
0
-1
0
0
1
1
2
1
1
1
1
1
1
3
3
4
3
2
4
2
2
2
3
3
4
4
3
3
2
1
3
4
3
3
3
1
2
2
2
4
2
4
2
2
3
3
2
0
1
1
1
2
1
2
1
2
2
0
0
1
-1
0
0
-2
-2
-2
-1
-1
-1
0
0
0
0
-1
-1
-1
-2
-3
-3
-2
-1
-1
0
1
-1
0
1
0
0
0
0
-1
-1
-1
-2
-2
0
-1
-1
1
0
0
1
0
1
1
1
1
1
2
2
3
2
2
1
2
2
2
2
1
0
1
1
0
0
0
0
1
1
1
2
1
1
-1
-1
-1
0
-2
0
0
-1
0
0
-1
-2
-1
-4
-4
-3
-3
-2
-1
-2
-3
-2
-2
-3
-2
-2
-4
-3
-3
-4
-4
-3
-2
-2
-2
1
0
-1
0
1
2
1
0
0
-1
0
-1
0
1
0
-1
-1
-1
1
1
2
1
3
3
2
1
2
2
2
2
2
1
1
1
1
1
1
0
0
1
1
1
1
2
-1
-2
-2
-2
-4
-3
-4
-6
-4
-6
-5
-5
-6
-6
-7
-6
-7
-9
-8
-5
-6
-6
-7
-6
-6
-5
-5
-5
-5
-4
-5
-5
-5
-5
-4
-3
-2
-3
-2
1
1
2
2
2
2
1
2
2
3
4
4
6
5
6
7
8
8
9
8
9
10
