2.363258e+062 -3.680241e+058 -9.776702e+058 -1.740222e+059 -2.551099e+059 -3.304773e+059 -3.838526e+059 -4.122931e+059 -3.974327e+059 -3.413486e+059 -2.421775e+059 1.264449e+056 
2.363263e+062 -3.675755e+058 -9.851122e+058 -1.745492e+059 -2.568957e+059 -3.330493e+059 -3.866725e+059 -4.129343e+059 -4.000373e+059 -3.435597e+059 -2.438866e+059 1.278409e+056 
2.363261e+062 -3.563302e+058 -9.534719e+058 -1.697823e+059 -2.513482e+059 -3.232715e+059 -3.787084e+059 -4.041842e+059 -3.909519e+059 -3.356391e+059 -2.379469e+059 1.215446e+056 
2.363252e+062 -3.606645e+058 -9.763755e+058 -1.751097e+059 -2.566566e+059 -3.329060e+059 -3.891972e+059 -4.149041e+059 -4.019513e+059 -3.452390e+059 -2.446333e+059 1.280112e+056 
2.363267e+062 -3.635792e+058 -9.762500e+058 -1.738539e+059 -2.542322e+059 -3.290746e+059 -3.837055e+059 -4.075504e+059 -3.951042e+059 -3.389386e+059 -2.403946e+059 1.251652e+056 
2.363266e+062 -3.686171e+058 -9.729985e+058 -1.729154e+059 -2.548621e+059 -3.291087e+059 -3.834519e+059 -4.098091e+059 -3.965008e+059 -3.403690e+059 -2.410780e+059 1.256237e+056 
2.363225e+062 -3.545282e+058 -9.419093e+058 -1.710158e+059 -2.456920e+059 -3.126370e+059 -3.690214e+059 -3.978673e+059 -3.887082e+059 -3.326264e+059 -2.366644e+059 1.181561e+056 
2.362255e+062 4.537949e+058 6.408962e+058 -9.062011e+058 -1.369820e+059 4.749165e+058 -9.789423e+058 -2.053193e+059 -2.867640e+059 -1.002838e+059 -1.364448e+059 1.089332e+054 
2.351722e+062 5.863516e+059 6.958083e+059 1.875617e+060 2.358308e+060 2.016787e+060 3.109982e+060 2.946997e+060 2.005641e+060 1.658984e+060 2.996629e+059 6.062415e+057 
2.290011e+062 2.273963e+060 4.900806e+060 1.274860e+061 1.532717e+061 1.774797e+061 2.085236e+061 1.886180e+061 1.587795e+061 1.479118e+061 4.207660e+060 3.211990e+059 
2.229446e+062 1.560793e+060 3.812114e+059 1.103065e+061 1.656132e+061 2.485737e+061 3.393196e+061 3.742777e+061 3.644275e+061 3.048980e+061 1.112599e+061 6.072432e+059 
2.134009e+062 3.814030e+060 3.476281e+060 1.441301e+061 2.827283e+061 4.765192e+061 5.522819e+061 5.816203e+061 4.860738e+061 5.039906e+061 1.707886e+061 1.759243e+060 
2.254091e+062 -2.459729e+060 -6.381052e+060 4.459713e+060 1.095248e+061 1.506865e+061 3.441787e+061 3.767547e+061 2.948927e+061 2.225041e+061 7.736257e+060 1.732163e+059 
2.348956e+062 -3.698965e+060 -9.242249e+060 -1.573488e+061 -2.202548e+061 -2.642213e+061 -2.809794e+061 -2.707566e+061 -2.364599e+061 -1.825056e+061 -1.148120e+061 7.084187e+059 
2.333367e+062 -7.766657e+060 -1.912962e+061 -3.228788e+061 -4.435768e+061 -5.112744e+061 -5.158622e+061 -4.685336e+061 -3.833944e+061 -2.738610e+061 -1.540030e+061 2.459601e+060 
2.333816e+062 -7.901083e+060 -1.979288e+061 -3.299612e+061 -4.479244e+061 -5.159898e+061 -5.310346e+061 -4.910570e+061 -4.000851e+061 -2.840868e+061 -1.616244e+061 2.602706e+060 
2.335127e+062 -7.715157e+060 -1.902550e+061 -3.154962e+061 -4.282588e+061 -4.978825e+061 -5.123023e+061 -4.709447e+061 -3.846022e+061 -2.744460e+061 -1.584518e+061 2.405705e+060 
2.328317e+062 -8.632960e+060 -2.070702e+061 -3.360368e+061 -4.453922e+061 -4.895768e+061 -4.622213e+061 -3.921611e+061 -3.002612e+061 -2.020140e+061 -1.080874e+061 2.067715e+060 
2.314558e+062 -1.215797e+061 -2.856871e+061 -4.495065e+061 -5.698699e+061 -5.919674e+061 -5.131341e+061 -3.897590e+061 -2.618720e+061 -1.487928e+061 -6.339243e+060 2.609273e+060 
2.332863e+062 -7.675153e+060 -1.881218e+061 -3.201895e+061 -4.478107e+061 -5.252881e+061 -5.350921e+061 -4.945583e+061 -4.142176e+061 -3.006322e+061 -1.717212e+061 2.631547e+060 
2.323558e+062 -8.345241e+060 -1.860132e+061 -3.047786e+061 -4.121337e+061 -4.482511e+061 -4.052238e+061 -3.421179e+061 -2.929198e+061 -2.316481e+061 -1.416328e+061 1.839587e+060 
2.277080e+062 -1.428779e+061 -2.530187e+061 -2.781100e+061 -2.259435e+061 -5.274878e+060 1.851964e+061 3.104913e+061 2.710162e+061 1.385847e+061 2.050933e+060 -8.922354e+059 
2.342052e+062 -4.295916e+060 -8.698852e+060 -1.135362e+061 -1.142057e+061 -8.411149e+060 -4.403283e+060 -1.991043e+060 -1.801925e+060 -2.658490e+060 -3.015617e+060 6.571890e+058 
2.323780e+062 -6.867503e+060 -1.167910e+061 -1.234570e+061 -9.789196e+060 -3.502949e+060 4.550734e+060 8.412270e+060 5.294013e+060 -1.305884e+060 -5.035921e+060 1.999142e+058 
2.355184e+062 -2.216414e+060 -5.420849e+060 -8.796513e+060 -1.181611e+061 -1.390959e+061 -1.486112e+061 -1.474180e+061 -1.348274e+061 -1.107027e+061 -7.573350e+060 2.209262e+059 
2.358997e+062 -1.295404e+060 -3.275762e+060 -5.569347e+060 -7.820971e+060 -9.629479e+060 -1.072368e+061 -1.092728e+061 -1.015170e+061 -8.361743e+060 -5.681192e+060 1.043466e+059 
2.361140e+062 -6.849538e+059 -1.719626e+060 -2.908050e+060 -4.067221e+060 -5.020549e+060 -5.641806e+060 -5.836529e+060 -5.528564e+060 -4.668517e+060 -3.255043e+060 2.952458e+058 
2.362016e+062 -4.457164e+059 -1.146430e+060 -1.988016e+060 -2.839290e+060 -3.569869e+060 -4.068202e+060 -4.241222e+060 -4.029597e+060 -3.400430e+060 -2.369602e+060 1.467555e+058 
2.362795e+062 -1.898973e+059 -4.981218e+059 -8.767749e+059 -1.271854e+060 -1.623864e+060 -1.872658e+060 -1.968546e+060 -1.882913e+060 -1.593627e+060 -1.112549e+060 3.018316e+057 
2.363216e+062 -4.875954e+058 -1.289942e+059 -2.291419e+059 -3.363393e+059 -4.324688e+059 -5.017985e+059 -5.305748e+059 -5.122497e+059 -4.379076e+059 -3.091993e+059 2.148289e+056 
2.363254e+062 -3.669184e+058 -9.908734e+058 -1.757371e+059 -2.575765e+059 -3.333188e+059 -3.883416e+059 -4.135580e+059 -4.010586e+059 -3.428401e+059 -2.424840e+059 1.283414e+056 
2.363257e+062 -3.619337e+058 -9.695968e+058 -1.737082e+059 -2.574038e+059 -3.304511e+059 -3.862589e+059 -4.116808e+059 -3.981292e+059 -3.410680e+059 -2.422270e+059 1.263857e+056 
2.363270e+062 -3.732692e+058 -9.982794e+058 -1.778179e+059 -2.581978e+059 -3.348783e+059 -3.890727e+059 -4.155682e+059 -4.018112e+059 -3.456392e+059 -2.447424e+059 1.299419e+056 
2.363257e+062 -3.670478e+058 -9.705118e+058 -1.732270e+059 -2.566715e+059 -3.304656e+059 -3.863199e+059 -4.110377e+059 -3.977861e+059 -3.414523e+059 -2.425516e+059 1.264604e+056 
2.363261e+062 -3.659642e+058 -9.787207e+058 -1.747160e+059 -2.575668e+059 -3.317832e+059 -3.883167e+059 -4.140776e+059 -4.007213e+059 -3.432309e+059 -2.436442e+059 1.278302e+056 
2.363267e+062 -3.635563e+058 -9.758113e+058 -1.735800e+059 -2.554715e+059 -3.294396e+059 -3.848304e+059 -4.097030e+059 -3.968682e+059 -3.407647e+059 -2.408778e+059 1.258062e+056 
2.363257e+062 -3.594817e+058 -9.722391e+058 -1.738146e+059 -2.552607e+059 -3.309905e+059 -3.848983e+059 -4.098918e+059 -3.979372e+059 -3.408350e+059 -2.421222e+059 1.258794e+056 
