2.362667e+062 -3.407483e+058 -1.212162e+059 -1.655001e+059 -1.851083e+059 -1.843761e+059 -2.063383e+059 -1.970548e+059 -2.041236e+059 -2.101879e+059 -1.788185e+059 6.108269e+055 
2.362802e+062 1.850289e+057 -6.287926e+058 -1.151506e+059 -1.640394e+059 -2.241818e+059 -3.004494e+059 -3.095373e+059 -3.300900e+059 -2.734969e+059 -2.039054e+059 5.639460e+055 
2.362952e+062 -1.804243e+058 -8.600067e+058 -1.202686e+059 -1.889505e+059 -2.474642e+059 -3.075545e+059 -3.357498e+059 -3.371372e+059 -2.978271e+059 -2.109115e+059 7.649121e+055 
2.362993e+062 -1.535849e+058 -8.306772e+058 -1.253027e+059 -2.073858e+059 -2.716608e+059 -3.199813e+059 -3.510909e+059 -3.534830e+059 -2.992579e+059 -2.192456e+059 8.192079e+055 
2.362895e+062 -1.023707e+058 -6.403701e+058 -9.806268e+058 -1.864164e+059 -2.159941e+059 -3.296492e+059 -2.986500e+059 -3.292424e+059 -3.069261e+059 -1.979163e+059 6.260621e+055 
2.362593e+062 -2.375767e+058 -5.165319e+058 2.680620e+057 -5.333025e+057 -4.142483e+058 -2.040848e+059 -2.942258e+059 -3.695737e+059 -3.224869e+059 -1.959772e+059 2.192798e+055 
2.362592e+062 1.500171e+058 -3.560419e+058 -3.129170e+057 -1.761980e+059 -1.035905e+059 -2.741953e+059 -2.737717e+059 -2.723282e+059 -2.760489e+059 -1.803779e+059 2.251597e+055 
2.361937e+062 8.592781e+058 -2.677350e+058 2.267428e+059 -9.176393e+058 -8.308020e+057 -1.594877e+058 -2.465699e+059 -7.810687e+058 -1.759880e+059 -1.584251e+059 -2.245343e+055 
2.361272e+062 1.389858e+059 5.959227e+058 3.399772e+059 4.069206e+058 1.737729e+059 4.260054e+058 -2.406854e+058 3.685824e+058 -1.122363e+059 -7.828075e+058 -1.826259e+055 
2.361587e+062 7.682028e+058 9.408591e+058 2.309784e+059 -6.467370e+058 1.858722e+059 -1.639285e+059 1.896857e+058 -1.517619e+059 -9.725640e+058 -1.142085e+059 -4.376136e+055 
2.359925e+062 1.115378e+058 3.467122e+059 7.823443e+059 5.617080e+059 -8.572670e+058 -4.750933e+059 -2.300924e+059 7.746138e+058 1.918033e+059 9.020479e+058 4.343976e+055 
2.350115e+062 -2.847916e+060 -6.686823e+060 -1.072014e+061 -1.516423e+061 -1.929259e+061 -2.171919e+061 -2.184553e+061 -1.950918e+061 -1.537105e+061 -1.009920e+061 4.086207e+059 
2.346310e+062 -5.054755e+060 -1.284424e+061 -2.180633e+061 -3.036321e+061 -3.702279e+061 -4.047726e+061 -4.007459e+061 -3.580108e+061 -2.812408e+061 -1.812270e+061 1.485225e+060 
2.345568e+062 -5.354719e+060 -1.361123e+061 -2.312281e+061 -3.212802e+061 -3.898324e+061 -4.240537e+061 -4.174510e+061 -3.702562e+061 -2.887499e+061 -1.845824e+061 1.632514e+060 
2.346930e+062 -5.060173e+060 -1.301334e+061 -2.241345e+061 -3.159535e+061 -3.891232e+061 -4.298220e+061 -4.296985e+061 -3.867588e+061 -3.057239e+061 -1.974052e+061 1.646830e+060 
2.347421e+062 -4.954500e+060 -1.276216e+061 -2.203167e+061 -3.113520e+061 -3.843371e+061 -4.256720e+061 -4.267768e+061 -3.853351e+061 -3.056913e+061 -1.980958e+061 1.611318e+060 
2.345871e+062 -5.001325e+060 -1.280358e+061 -2.162209e+061 -3.019786e+061 -3.698367e+061 -4.063187e+061 -4.065174e+061 -3.678990e+061 -2.921910e+061 -1.894603e+061 1.509558e+060 
2.335009e+062 -5.599390e+060 -1.310255e+061 -1.854936e+061 -2.362780e+061 -2.629365e+061 -2.699217e+061 -2.708252e+061 -2.472385e+061 -2.024486e+061 -1.386192e+061 8.944436e+059 
2.331728e+062 -6.430718e+060 -1.303572e+061 -1.729366e+061 -2.063154e+061 -2.337551e+061 -2.612372e+061 -2.816917e+061 -2.758610e+061 -2.368020e+061 -1.623545e+061 9.401119e+059 
2.334236e+062 -5.285664e+060 -9.817608e+060 -1.120257e+061 -1.112435e+061 -1.126777e+061 -1.251546e+061 -1.507002e+061 -1.685477e+061 -1.558094e+061 -1.083264e+061 3.757250e+059 
2.351570e+062 -2.279550e+060 -4.758648e+060 -6.770014e+060 -8.790476e+060 -1.091898e+061 -1.262429e+061 -1.357640e+061 -1.322899e+061 -1.102526e+061 -7.323079e+060 1.710041e+059 
2.351099e+062 -3.255786e+060 -7.928052e+060 -1.309854e+061 -1.817507e+061 -2.241832e+061 -2.495632e+061 -2.538547e+061 -2.332601e+061 -1.875264e+061 -1.228540e+061 5.738551e+059 
2.356735e+062 -1.755797e+060 -4.186934e+060 -6.786926e+060 -9.273809e+060 -1.140068e+061 -1.281212e+061 -1.319915e+061 -1.229323e+061 -1.000804e+061 -6.617177e+060 1.542919e+059 
2.359544e+062 -9.544404e+059 -2.360342e+060 -4.075872e+060 -5.858605e+060 -7.315521e+060 -8.241483e+060 -8.516885e+060 -8.033432e+060 -6.670902e+060 -4.528948e+060 6.054117e+058 
2.362360e+062 -2.042370e+059 -4.866775e+059 -8.207177e+059 -1.181006e+060 -1.493273e+060 -1.692558e+060 -1.782578e+060 -1.720397e+060 -1.455404e+060 -1.004177e+060 2.618698e+057 
2.362405e+062 -3.070973e+059 -7.937871e+059 -1.388060e+060 -2.010964e+060 -2.559118e+060 -2.934753e+060 -3.072787e+060 -2.920770e+060 -2.459394e+060 -1.708656e+060 7.450856e+057 
2.362806e+062 -1.900600e+059 -4.956108e+059 -8.697346e+059 -1.262511e+060 -1.612663e+060 -1.857695e+060 -1.952504e+060 -1.864301e+060 -1.575092e+060 -1.096847e+060 2.970841e+057 
2.363272e+062 -4.114751e+058 -1.087662e+059 -1.903070e+059 -2.791667e+059 -3.609058e+059 -4.194783e+059 -4.467737e+059 -4.330503e+059 -3.712234e+059 -2.626444e+059 1.513139e+056 
2.363124e+062 -8.158002e+058 -2.124967e+059 -3.743315e+059 -5.467300e+059 -6.996493e+059 -8.094554e+059 -8.544347e+059 -8.193581e+059 -6.971541e+059 -4.880230e+059 5.626851e+056 
2.363105e+062 -8.506956e+058 -2.233089e+059 -3.941184e+059 -5.732347e+059 -7.352145e+059 -8.526808e+059 -8.998585e+059 -8.611300e+059 -7.308547e+059 -5.114984e+059 6.209170e+056 
2.363232e+062 -5.394142e+058 -1.438417e+059 -2.544316e+059 -3.701776e+059 -4.761005e+059 -5.534160e+059 -5.873241e+059 -5.648727e+059 -4.812211e+059 -3.396896e+059 2.619782e+056 
2.362258e+062 -1.997490e+059 -3.949524e+059 -4.595291e+059 -4.318753e+059 -3.628774e+059 -3.512829e+059 -4.295421e+059 -5.592553e+059 -5.805403e+059 -4.699568e+059 5.110950e+056 
2.359773e+062 -4.103350e+059 -7.931172e+059 -7.172742e+059 -5.876211e+059 -1.676948e+059 1.618391e+059 7.599561e+058 -9.114762e+058 -2.955945e+059 -2.976704e+059 3.899842e+056 
2.359191e+062 -3.456467e+059 -4.313955e+059 -2.471968e+059 -2.029716e+059 -1.476116e+059 -2.740023e+058 -2.747251e+059 -6.689945e+059 -8.657363e+059 -6.828096e+059 7.697071e+056 
2.357899e+062 -4.050429e+059 -4.945871e+059 1.543979e+059 5.606925e+059 1.195767e+060 1.517157e+060 9.384278e+059 4.994450e+059 -1.190760e+059 -2.959242e+059 8.869148e+056 
2.360117e+062 -2.057009e+059 -4.291245e+059 -2.634102e+059 -1.165451e+059 -9.205429e+057 3.224373e+058 -3.725764e+059 -5.429768e+059 -5.300420e+059 -4.511989e+059 3.925080e+056 
2.357241e+062 -6.197771e+059 -1.031777e+060 -5.900086e+059 2.343509e+059 1.076115e+060 1.715458e+060 1.223338e+060 2.552174e+059 -2.651859e+059 -5.051319e+059 1.239703e+057 
