-61
-44
56
97
-41
-183
160
110
-9
-53
10
59
-116
81
179
-61
-59
-104
65
182
48
-131
-53
33
37
154
-147
-60
114
55
-7
-204
58
195
32
-175
-132
250
83
-123
-193
149
224
-196
-145
54
164
-94
-85
24
114
-138
-155
239
53
-122
-187
120
256
-160
-235
191
111
-59
-131
21
184
-98
16
-87
0
178
-104
-61
-88
178
28
-171
83
-119
92
-37
-33
21
-29
12
-130
104
67
-62
-74
37
91
4
-182
61
149
-41
-167
-89
346
-114
-192
81
56
42
-77
73
-67
-100
142
174
-212
-134
95
131
74
-259
-15
138
71
-109
-165
136
133
-106
-234
123
135
-100
-51
-119
87
63
-125
-69
-72
173
-86
-176
39
-28
135
-224
-46
184
34
-88
-350
320
260
-233
-164
-10
317
-128
-125
33
106
198
-342
-100
297
256
-234
-296
380
144
-139
-131
146
231
-144
41
-30
110
197
-154
11
293
88
-246
-71
396
225
-200
-128
162
244
-111
37
70
124
43
-223
199
189
31
-95
-104
226
118
-45
-49
-24
215
-68
-47
27
85
58
-269
194
13
-75
-10
-100
101
-83
26
-83
-15
90
-202
25
34
-41
-74
-169
240
-151
-229
124
-56
3
-203
69
19
-147
-21
-120
165
-57
-165
-110
-9
225
-120
-193
-36
62
89
-62
-127
27
150
-115
-152
140
176
-65
-197
-15
131
111
19
-108
-59
42
87
134
-92
77
36
-163
143
105
159
-47
-162
-1
165
173
-28
-147
-56
245
-26
-29
34
59
100
-157
37
131
130
-123
-207
139
164
20
-146
-118
74
172
-17
-149
-20
98
18
-184
-24
180
-81
-269
-4
132
-2
-142
-137
55
39
-39
-95
-61
60
-28
-111
-2
66
-72
-85
-36
-32
26
-15
-17
-94
-48
51
47
-25
-81
62
24
-56
-70
69
154
-27
-200
-13
240
79
-143
-42
152
63
-56
-53
144
134
-44
-81
8
230
64
-113
11
139
100
-101
0
155
114
-39
-102
103
135
-10
-41
36
83
37
-74
17
148
7
-66
-37
60
45
-51
-16
3
-6
-82
-19
60
-35
-87
-61
21
2
-59
-79
-7
2
-73
-36
-41
4
-26
-49
-44
-13
8
-73
-49
25
-7
-43
-72
-34
54
-20
-42
-51
12
3
-58
14
41
7
-78
-3
70
15
-11
-18
36
22
-14
-11
61
41
-39
11
48
76
13
-26
74
74
-4
13
58
84
28
3
44
65
48
32
39
38
77
35
26
79
52
11
10
51
56
17
5
-14
-3
29
8
-22
-27
-18
-12
-30
-16
-3
-62
-41
-50
-51
-20
-40
-52
-75
-90
-57
-7
-28
-102
-108
-29
-13
-67
-71
-41
-56
-63
-62
-30
-12
-21
-58
-62
13
27
-58
-36
22
-14
-20
-6
23
-20
-17
4
29
11
12
3
-25
69
56
8
-20
34
52
21
29
31
32
3
26
45
37
25
2
0
15
35
42
10
-3
0
29
35
-6
9
-7
3
9
-18
6
7
-1
-35
-40
23
-8
-51
-38
-20
-9
-36
-35
-18
-14
-36
-37
-7
-25
-18
-21
-56
-25
-9
-31
-27
-31
-14
-20
-28
-13
-14
1
-7
-23
-34
11
23
-22
-31
7
34
-1
-27
14
30
13
3
-12
34
30
6
12
17
39
19
9
21
32
29
26
33
28
21
33
39
5
34
42
18
17
12
34
35
11
6
17
34
34
-3
31
43
15
-9
21
60
14
3
-12
34
32
4
-12
12
33
-23
3
10
24
3
-36
8
7
-8
-20
-42
-5
-12
-38
-39
-16
-26
-56
-17
-25
-39
-38
-27
-15
-33
-38
-14
-16
-22
-31
-21
-2
-3
-27
-32
29
-9
-7
4
6
33
-4
-7
20
33
7
-3
2
22
19
-10
3
20
0
-19
-18
9
23
-28
-48
-22
5
-16
-61
-34
12
-18
-49
-33
9
-7
-37
-32
0
11
-11
-17
-14
22
11
-8
9
21
7
7
15
41
30
-3
24
31
40
25
26
29
29
14
13
48
29
10
11
7
33
32
22
17
-3
11
24
14
8
10
-17
5
33
9
6
10
0
12
20
15
17
6
3
8
-5
10
9
-18
-2
-4
-5
-8
-6
-17
-22
-8
-24
-12
-28
-21
-4
-26
-12
-14
-18
5
-6
-14
-6
-1
-19
-18
2
-15
-22
-20
-16
-10
-20
-19
-19
-22
-13
-16
-31
-21
-21
-29
-27
-31
-28
-29
-32
-29
-17
-14
-26
-41
-16
-5
-15
-12
-21
-6
6
4
-10
2
12
-4
-13
18
23
-9
9
13
16
7
24
29
1
18
30
31
24
26
13
16
31
17
13
28
15
-2
6
21
27
-2
-4
2
5
6
-4
-4
-2
-11
-29
-15
-9
-23
-19
-32
-36
-18
-24
-33
-28
-29
-27
-29
-7
-19
-33
-30
-15
-12
-22
-12
-13
-15
-5
-2
-8
1
-1
0
1
10
14
3
0
12
26
2
6
24
10
10
12
25
17
15
12
23
30
16
20
18
27
17
12
20
23
16
10
12
19
15
8
16
14
15
11
13
11
12
2
-4
8
0
-2
0
-11
-14
-10
-15
-23
-19
-16
-28
-24
-21
-18
-20
-33
-23
-17
-33
-32
-25
-26
-20
-31
-28
-13
-17
-25
-23
-21
-9
-7
-26
-3
1
-15
-12
-1
10
-5
2
8
14
10
8
13
11
23
26
23
30
39
36
30
39
38
38
37
28
34
38
33
34
29
34
41
31
36
41
34
34
36
32
30
27
27
28
19
20
24
19
13
20
25
11
16
22
21
16
10
22
20
6
6
13
11
9
5
-1
13
7
-3
8
-1
10
-5
-9
5
-3
-6
-12
-11
-20
-18
-13
-23
-24
-21
-15
-21
-18
-21
-23
-15
-19
-25
-29
-24
-19
-32
-25
-19
-25
-18
-22
-21
-13
-7
-15
-17
-6
-8
-8
-13
-8
-1
1
-4
-3
12
6
3
17
15
11
7
18
18
9
13
8
13
13
12
9
7
19
13
14
20
20
15
17
18
10
10
10
6
0
2
8
-3
-10
-3
-8
-14
-7
-9
-19
-16
-11
-16
-18
-16
-20
-16
-19
-25
-23
-26
-27
-26
-27
-23
-22
-28
-24
-18
-12
-18
-16
-12
-12
-15
-13
-3
-9
-12
-9
-7
-9
-2
-4
-6
3
6
4
10
11
18
8
6
18
20
19
10
20
17
21
21
16
26
22
23
24
25
30
26
27
27
30
22
22
25
24
21
16
24
23
19
14
21
26
16
21
17
15
12
10
11
2
3
3
-7
-6
-6
-14
-11
-14
-19
-21
-22
-14
-24
-23
-21
-20
-21
-22
-22
-23
-22
-33
-29
-28
-24
-27
-34
-25
-24
-21
-23
-22
-16
-16
-14
-12
-12
-12
-10
-8
-6
-7
-12
-3
2
-3
-3
2
3
3
2
6
9
7
6
6
15
19
16
14
17
24
21
24
25
21
27
29
31
29
30
33
29
27
33
35
28
30
29
34
27
31
32
28
25
20
21
15
14
14
9
12
10
7
9
15
11
7
10
4
2
-2
-2
-8
-8
-13
-12
-14
-16
-11
-20
-19
-16
-21
-18
-21
-24
-17
-17
-19
-20
-19
-21
-20
-20
-24
-18
-19
-21
-20
-20
-16
-12
-13
-8
-8
-8
-2
-7
-2
0
-3
-4
-3
4
3
-2
-2
5
4
-3
1
5
6
8
7
10
16
16
11
9
13
13
7
1
5
4
2
5
0
4
7
6
6
6
12
9
4
5
4
3
0
1
4
-1
-5
-6
-5
-4
-10
-12
-8
-6
-5
-7
-8
-7
-7
-11
-13
-13
-17
-14
-18
-21
-18
-17
-15
-19
-19
-19
-14
-18
-23
-18
-16
-20
-20
-19
-16
-11
-16
-13
-10
-11
-9
-14
-12
-8
-10
-10
-7
-6
-3
0
-2
1
5
5
6
3
8
8
6
8
12
13
13
10
12
16
13
15
13
17
18
13
13
17
17
15
11
10
14
11
8
4
6
6
4
4
7
5
5
3
-2
-1
-1
-5
-11
-8
-4
-7
-11
-12
-7
-11
-14
-13
-13
-12
-14
-17
-17
-14
-14
-19
-19
-15
-19
-23
-22
-18
-19
-25
-22
-21
-19
-16
-19
-22
-17
-15
-14
-17
-14
-7
-11
-14
-13
-9
-10
-8
-7
-9
-5
-4
-7
-4
0
4
2
1
9
9
6
7
11
10
10
10
6
14
15
13
13
15
18
16
11
15
19
18
13
14
15
18
21
16
16
19
21
14
13
16
18
13
11
14
14
12
9
11
10
12
9
6
11
10
8
8
8
9
7
5
7
7
3
1
4
4
4
3
1
5
5
6
3
4
5
1
1
-1
2
0
-4
-6
-4
-4
-8
-8
-8
-5
-5
-7
-5
-2
-2
-3
-5
-2
-1
-4
-5
-2
-2
-3
-2
-4
-3
1
0
0
0
3
5
3
4
6
7
3
5
5
5
7
4
3
4
3
0
0
2
1
1
0
1
-1
-1
1
-2
-2
-1
-3
-3
-2
-5
-6
-6
-7
-9
-8
-8
-11
-9
-9
-10
-11
-11
-10
-13
-16
-13
-11
-13
-13
-11
-11
-13
-12
-13
-10
-11
-13
-12
-13
-9
-8
-9
-6
-5
-4
-5
-3
-3
-3
-4
-5
-6
-5
-5
-6
-6
-5
-3
-6
-5
-3
-2
-1
0
0
2
4
3
5
5
4
4
2
3
1
0
0
-1
1
2
1
1
2
1
3
5
5
6
5
6
7
4
3
5
4
1
3
1
5
6
5
5
6
8
5
5
4
4
4
0
1
2
0
-2
0
-2
-1
-5
-7
-5
-5
-8
-8
-6
-8
-7
-11
-9
-9
-11
-12
-11
-12
-13
-14
-16
-12
-13
-14
-13
-12
-12
-11
-11
-10
-7
-9
-7
-5
-7
-3
-2
-1
1
2
1
2
3
3
5
4
5
6
7
9
9
11
11
12
14
14
15
16
16
15
16
16
15
16
13
16
15
13
14
12
12
12
14
13
15
12
13
14
13
15
15
14
13
12
11
12
13
11
11
11
10
11
9
8
5
6
5
3
1
0
-1
-3
-2
-2
-4
-4
-3
-5
-3
-4
-4
-6
-6
-5
-5
-6
-7
-7
-8
-6
-9
-8
-6
-8
-7
-7
-5
-6
-7
-6
-7
-7
-5
-4
-5
-4
-4
-3
-1
0
1
1
2
1
2
4
1
3
3
4
3
2
5
5
4
4
4
6
4
6
7
8
9
7
7
8
7
6
5
6
6
4
3
2
3
1
0
-1
0
0
1
2
-1
-1
-1
-1
-2
-2
-2
-2
-2
-4
-5
-5
-6
-8
-8
-7
-8
-8
-8
-9
-9
-9
-10
-7
-6
-5
-6
-7
-6
-7
-6
-5
-4
-2
-4
-5
-4
-3
-3
-6
-4
-2
-2
-3
-3
-3
0
1
1
3
5
5
4
3
4
5
7
9
9
9
8
6
6
6
7
8
10
10
9
10
10
11
12
12
12
11
12
11
13
12
11
15
13
12
11
9
9
9
9
9
7
7
5
4
4
3
2
2
1
2
-1
-3
-4
-5
-5
-6
-7
-7
-6
-9
-9
-10
-10
-10
-10
-11
-11
-12
-12
-12
-13
-13
-14
-12
-13
-15
-12
-13
-11
-10
-10
-10
-11
-8
-9
-8
-6
-6
-5
-4
-4
-3
-3
1
1
3
5
5
5
5
7
7
7
8
8
8
9
9
8
8
9
10
11
11
10
10
11
11
9
8
10
9
7
7
6
5
3
4
4
2
3
2
2
0
2
0
1
2
1
-1
-2
-2
-3
-3
-3
-4
-5
-4
-5
-5
-5
-5
-4
-5
-3
-4
-4
-5
-5
-4
-5
-5
-5
-7
-5
-5
-5
-3
-5
-3
-3
-4
-2
-1
-1
0
1
1
1
2
2
4
3
3
3
3
3
3
4
4
4
4
3
4
5
5
6
5
6
6
6
8
6
7
8
8
5
5
3
3
1
4
4
2
3
1
1
2
1
0
0
0
-3
-2
-2
-2
-2
-4
-5
-5
-7
-7
-7
-7
-6
-7
-6
-8
-7
-7
-6
-8
-8
-7
-7
-8
-7
-7
-9
-8
-7
-7
-6
-6
-6
-8
-7
-4
-5
-6
-5
-7
-7
-6
-5
-4
-4
-4
-4
-3
-3
-3
-2
-2
-2
-2
-2
-1
0
0
-1
0
2
2
3
2
2
1
1
1
-1
1
1
0
1
1
2
3
4
7
6
6
7
6
7
5
6
4
3
3
2
3
3
3
2
1
2
3
3
1
1
0
-2
-1
-2
-1
-2
-3
-4
-5
-4
-4
-4
-5
-3
-4
-5
-5
-6
-7
-7
-6
-6
-6
-6
-7
-7
-8
-7
-6
-7
-5
-5
-6
-7
-7
-6
-6
-6
-6
-7
-7
-6
-5
-5
-4
-4
-5
-4
-3
-3
-1
-1
0
0
0
1
1
2
3
4
4
4
6
5
5
6
6
8
7
8
7
6
6
5
5
6
4
4
4
4
4
5
5
4
5
5
3
3
2
2
1
2
3
1
1
0
-1
0
1
1
2
1
0
-1
-1
0
1
0
-1
-2
-3
-3
-1
-1
-1
0
1
1
2
2
2
1
1
0
1
1
0
1
2
2
2
1
2
2
2
3
5
4
6
5
5
5
5
5
5
5
5
4
4
4
3
4
4
5
4
4
3
3
3
2
2
3
2
2
1
1
1
1
1
2
1
2
2
0
2
1
0
1
1
-1
-3
-4
-4
-3
-2
-2
-5
-5
-5
-6
-4
-3
-2
-2
-2
0
-2
-3
-2
-4
-3
-3
-4
-5
-6
-6
-4
-5
-4
-4
-5
-5
-6
-7
-7
-7
-7
-7
-6
-5
-5
-5
-4
-4
-3
-3
-2
-4
-5
-5
-5
-6
-6
-7
-9
-9
-10
-9
-8
-8
-9
-7
-8
-6
-7
-7
-7
-4
-1
0
3
2
2
3
2
3
4
2
1
1
0
0
0
1
1
-1
0
0
0
0
1
4
5
5
8
8
9
11
13
15
15
15
15
13
13
10
6
5
2
1
-2
-3
-6
-6
-5
-5
-1
-1
0
0
1
2
2
4
5
6
5
5
4
3
2
2
1
-1
-3
-6
-9
-10
-11
-14
-14
-14
-16
-16
-13
-13
-10
-7
-6
-4
-1
2
3
4
7
8
10
19
19
11
8
1
0
4
-1
-7
-16
-15
-17
-18
-9
-9
-11
-7
-6
1
8
13
13
10
17
18
19
23
20
17
12
8
5
2
1
-5
-12
-13
-13
-12
-12
-12
-10
-5
-3
1
9
11
13
16
21
22
24
24
20
18
16
12
8
3
0
-6
-9
-9
-14
-15
-14
-14
-12
-9
-5
-3
-1
4
6
9
12
12
14
14
13
12
12
9
5
3
-1
-3
-4
-7
-11
-12
-14
-13
-14
-13
-12
-10
-7
-5
-2
1
4
6
9
11
14
14
15
13
12
10
7
5
2
0
-3
-5
-5
-7
-7
-6
-5
-3
-2
0
2
4
6
9
11
12
14
14
15
15
14
14
11
8
5
3
-1
-3
-5
-7
-10
-12
-13
-13
-12
-13
-11
-11
-9
-8
-6
-5
-4
-3
-1
-1
0
0
-1
-1
-2
-5
-7
-9
-9
-13
-14
-15
-16
-16
-16
-16
-16
-15
-14
-13
-12
-10
-8
-8
-7
-5
-3
-2
-3
1
0
-1
-1
-2
-3
-3
-4
-3
-3
-3
-3
-4
-3
-1
0
2
2
3
4
7
6
8
9
9
11
10
10
9
10
8
6
8
6
6
6
5
3
2
2
2
1
2
1
1
3
3
2
4
4
4
3
4
3
1
1
0
-3
-1
-2
-3
-4
-3
-2
-3
-4
-4
-4
-6
-6
-7
-6
-5
-2
-4
-4
-2
-2
-2
0
0
-1
0
-1
-1
-1
0
-1
-1
-1
1
2
1
1
0
0
2
1
3
3
3
5
4
5
7
5
7
7
8
8
9
9
9
9
9
9
12
12
13
11
12
13
15
13
13
12
11
10
10
10
9
7
6
9
6
7
7
4
5
8
8
5
5
6
3
1
4
1
-1
-1
0
-3
-2
0
-5
-6
-2
-2
-5
-3
-3
-9
-10
-3
-6
-9
-5
-9
-13
-9
-6
-9
-6
-2
-7
-9
-3
-4
-9
-3
-2
-6
-4
2
-5
-6
3
-2
-5
3
5
0
1
9
5
1
8
9
3
10
12
1
4
9
4
3
10
11
5
7
12
5
8
16
8
6
12
10
5
9
15
7
5
9
2
2
8
8
0
1
3
-3
0
6
-1
-5
-2
-4
-7
-3
0
-8
-9
-5
-8
-9
-5
-8
-14
-15
-12
-15
-14
-11
-13
-15
-13
-11
-11
-9
-6
-8
-11
-9
-7
-8
-7
-11
-10
-10
-9
-8
-6
-7
-6
-3
-6
-4
-3
-1
-5
-4
-1
-4
-3
0
0
-4
0
3
-3
-2
5
0
-1
6
6
1
4
7
-1
2
8
6
1
4
6
0
5
11
4
3
7
5
2
7
10
2
2
5
0
1
8
6
-2
0
1
-6
0
6
-3
-4
2
-2
-3
2
3
-7
-6
0
-12
-10
-3
-8
-15
-10
-8
-16
-9
-2
-14
-17
-9
-13
-19
-9
-4
-18
-15
-6
-16
-15
-2
-8
-18
-6
-1
-15
-9
3
-8
-10
2
-3
-9
1
1
-11
-5
8
-6
-7
8
-1
-8
5
8
-4
7
15
-3
-2
17
8
-2
15
12
-6
10
20
2
4
22
10
-4
19
22
2
15
28
7
7
29
15
-2
21
19
-8
5
24
-2
-8
19
6
-12
13
16
-11
-1
18
-5
-15
17
5
-26
5
13
-16
-6
8
-11
-28
6
1
-31
0
3
-27
-27
1
-12
-38
-4
-14
-43
-15
-2
-28
-30
1
-18
-41
2
3
-27
-13
4
-19
-21
25
1
-27
15
9
-15
7
26
-8
-16
24
0
-9
28
16
-9
6
36
11
16
47
10
5
32
31
14
27
36
2
14
45
30
28
41
34
21
46
63
45
47
47
28
27
44
40
23
21
13
3
15
24
16
6
0
0
1
13
8
-2
-15
-26
-20
-21
-23
-24
-43
-50
-48
-43
-37
-48
-45
-60
-66
-52
-59
-57
-70
-73
-77
-85
-59
-69
-68
-63
-67
-52
-56
-31
-41
-46
-29
-40
-27
-34
-22
-30
-41
-18
-31
-23
-18
-17
-18
-24
1
-7
-9
4
-5
-3
6
19
11
6
28
26
31
46
39
27
20
38
42
32
50
21
2
11
27
43
22
38
6
-18
28
33
36
12
8
-17
-29
65
58
64
70
50
63
94
246
218
203
215
110
153
173
209
117
24
10
-133
-90
-61
-95
-143
-204
-183
-205
-91
-22
-66
-68
-85
-62
-28
39
47
-34
-82
-112
-111
-81
-58
-103
-160
-185
-167
-131
-90
-64
-99
-106
-90
-39
25
40
51
7
14
51
74
116
75
51
8
-11
28
24
32
-23
-51
-53
-60
2
-4
-10
-30
-44
-5
6
62
52
18
21
8
41
56
82
64
30
52
47
76
91
87
71
47
67
65
74
69
43
20
4
24
23
29
29
9
7
16
42
48
59
72
63
78
86
93
90
81
80
72
71
77
71
61
50
45
39
31
42
37
24
29
17
6
-7
-11
-13
-26
-8
-23
-42
-43
-58
-59
-68
-59
-78
-102
-95
-117
-108
-103
-112
-122
-132
-117
-119
-97
-81
-98
-88
-84
-74
-53
-37
-32
-57
-49
-30
-44
-11
-8
-32
-32
-16
5
-20
5
-8
-47
-7
3
12
-11
-21
-48
-101
-56
-57
-68
-72
-97
-101
-109
-48
-13
0
55
81
127
183
247
286
294
327
353
372
406
414
383
352
326
314
315
325
315
266
232
203
180
186
196
198
183
179
162
142
149
143
140
136
115
87
48
11
-31
-65
-100
-134
-155
-174
-180
-191
-208
-227
-242
-225
-213
-195
-186
-204
-232
-254
-255
-259
-266
-287
-345
-385
-408
-433
-449
-479
-519
-556
-550
-527
-517
-487
-494
-520
-503
-477
-478
-511
-523
-556
-579
-510
-463
-476
-479
-416
-320
-143
222
519
603
691
799
882
1051
1279
1311
1118
966
845
628
531
541
324
14
-97
-144
-231
-193
-129
-276
-394
-265
-124
-53
128
247
136
85
228
305
286
340
305
111
27
68
-7
-122
-127
-180
-289
-254
-122
-98
-103
12
81
113
269
422
448
460
574
605
548
598
566
447
385
358
254
77
2
-153
-340
-392
-442
-516
-590
-591
-611
-620
-505
-436
-382
-305
-224
-144
-81
7
33
23
21
26
36
26
2
-55
-137
-192
-213
-247
-290
-313
-345
-380
-375
-343
-349
-343
-314
-297
-247
-184
-123
-119
-109
-86
-110
-74
-46
-39
-42
-45
-30
-48
-8
15
16
60
90
135
167
239
305
323
388
434
463
523
569
574
560
544
506
451
416
374
290
217
155
77
31
8
-30
-64
-70
-49
-22
36
83
80
96
113
156
211
257
268
213
192
177
205
263
303
301
250
266
268
314
376
370
368
329
375
379
375
372
260
190
118
119
107
48
-6
-156
-247
-301
-319
-327
-392
-453
-558
-626
-658
-688
-717
-770
-797
-825
-821
-805
-799
-790
-772
-711
-647
-578
-519
-509
-500
-488
-464
-427
-385
-352
-349
-318
-288
-278
-224
-134
1
211
477
685
777
842
903
954
1059
1169
1151
1030
903
745
586
499
410
231
33
-74
-146
-201
-203
-232
-328
-374
-307
-206
-93
48
112
84
93
165
210
209
213
171
78
34
19
-58
-152
-195
-237
-283
-240
-162
-153
-141
-64
3
76
194
297
341
383
516
564
522
533
453
357
326
311
234
56
-54
-224
-387
-395
-412
-457
-522
-537
-551
-551
-454
-410
-403
-373
-326
-276
-220
-169
-192
-264
-323
-348
-366
-386
-425
-515
-600
-652
-664
-652
-625
-591
-581
-559
-518
-467
-421
-373
-329
-277
-201
-142
-82
-54
-27
18
67
157
246
338
437
536
642
726
824
890
916
948
942
912
851
760
648
507
400
305
182
78
-14
-124
-201
-230
-252
-248
-221
-182
-155
-120
-62
-28
7
47
77
82
82
92
75
68
67
36
11
-11
-5
-1
27
69
78
121
178
273
389
498
601
627
666
669
670
686
635
566
424
292
157
31
-59
-184
-286
-389
-461
-506
-536
-546
-590
-607
-608
-583
-555
-546
-552
-602
-620
-625
-615
-601
-599
-602
-644
-643
-619
-590
-547
-507
-465
-460
-414
-379
-378
-356
-341
-294
-260
-179
-85
-56
3
78
165
293
470
642
746
851
961
1014
1056
1116
1106
1041
988
918
813
707
625
487
327
242
158
63
4
-37
-103
-164
-160
-147
-146
-99
-53
-46
-22
33
64
64
83
82
36
11
6
-20
-60
-77
-101
-130
-122
-91
-75
-56
4
46
97
200
293
380
448
498
505
483
478
439
381
298
178
31
-121
-237
-347
-435
-514
-583
-644
-693
-703
-709
-707
-702
-693
-692
-702
-693
-713
-743
-765
-787
-804
-806
-773
-760
-733
-684
-661
-629
-587
-531
-487
-428
-357
-325
-289
-253
-220
-183
-122
-41
16
86
172
250
360
513
663
790
910
1030
1122
1189
1267
1288
1245
1200
1108
977
845
704
517
303
133
-24
-176
-270
-339
-400
-441
-427
-392
-361
-290
-230
-188
-133
-63
-23
-20
-29
-69
-113
-143
-142
-157
-184
-197
-219
-201
-147
-77
-11
51
135
233
366
502
626
687
702
724
721
751
744
676
557
391
261
128
34
-58
-172
-278
-371
-406
-427
-427
-438
-469
-485
-485
-463
-466
-492
-554
-630
-672
-680
-650
-642
-647
-665
-685
-670
-632
-589
-576
-572
-564
-566
-536
-496
-471
-456
-432
-391
-338
-254
-167
-101
-43
42
146
275
426
554
656
743
847
932
993
1043
1034
1004
953
886
802
690
585
455
331
232
138
49
-36
-98
-145
-169
-175
-171
-175
-179
-165
-151
-110
-67
-27
-5
8
42
53
71
79
77
68
54
55
49
52
53
63
95
161
267
388
531
615
700
754
782
839
845
836
758
651
518
348
214
52
-91
-233
-348
-433
-502
-527
-575
-612
-645
-660
-652
-636
-616
-631
-650
-693
-730
-751
-775
-794
-820
-827
-832
-812
-782
-757
-727
-687
-630
-563
-473
-410
-359
-318
-278
-227
-178
-114
-73
-23
39
120
231
355
486
586
702
825
963
1101
1186
1240
1242
1224
1203
1156
1091
976
827
657
495
361
238
118
-7
-107
-179
-214
-219
-219
-227
-238
-230
-203
-149
-98
-72
-63
-69
-57
-50
-42
-31
-43
-60
-72
-75
-69
-55
-25
15
75
178
292
376
458
517
573
632
681
705
672
626
549
457
370
257
137
-3
-126
-232
-318
-395
-478
-551
-619
-658
-682
-691
-714
-757
-801
-852
-872
-874
-866
-861
-865
-851
-828
-779
-719
-667
-631
-606
-584
-556
-516
-480
-456
-447
-433
-406
-351
-288
-233
-191
-163
-95
12
148
299
428
540
636
737
864
980
1062
1114
1112
1094
1079
1048
991
893
780
657
543
459
374
272
163
59
-26
-75
-100
-114
-126
-132
-128
-122
-103
-84
-72
-53
-34
-17
-14
-6
-14
-12
1
7
15
5
11
25
68
137
199
255
306
381
452
536
597
617
627
617
610
587
551
492
400
306
204
107
-7
-128
-239
-344
-414
-477
-537
-602
-668
-723
-765
-790
-819
-854
-893
-910
-904
-883
-846
-826
-802
-769
-725
-662
-599
-547
-526
-518
-513
-496
-462
-419
-358
-310
-273
-231
-196
-143
-70
20
108
193
298
426
588
780
988
1092
1102
1124
1156
1233
1297
1268
1135
949
814
725
653
590
459
270
126
75
87
86
40
-48
-118
-97
-18
68
108
77
28
3
35
82
75
18
-59
-101
-95
-87
-95
-130
-162
-153
-91
8
101
167
208
264
346
440
513
535
524
501
484
465
422
350
255
164
93
38
-19
-110
-207
-302
-369
-411
-457
-511
-586
-665
-733
-788
-834
-872
-905
-923
-926
-918
-902
-887
-868
-826
-775
-716
-668
-633
-593
-564
-527
-507
-507
-519
-526
-496
-459
-399
-351
-321
-268
-195
-53
110
270
418
537
681
838
988
1103
1165
1186
1189
1188
1185
1150
1060
931
783
657
558
469
371
260
162
84
29
-10
-52
-96
-133
-150
-144
-131
-131
-140
-156
-161
-147
-138
-129
-139
-147
-153
-162
-162
-171
-187
-184
-158
-95
-20
60
127
178
242
312
382
439
460
463
458
455
457
435
389
313
230
155
85
13
-77
-189
-305
-403
-478
-531
-581
-638
-694
-740
-763
-766
-764
-760
-761
-750
-720
-675
-626
-590
-568
-550
-523
-488
-443
-409
-388
-379
-372
-365
-360
-344
-330
-308
-270
-229
-182
-136
-94
-48
22
121
226
339
444
529
599
662
721
766
798
822
835
831
812
763
690
615
530
453
390
334
286
226
166
104
55
26
8
10
17
22
24
18
1
-21
-45
-67
-87
-101
-118
-135
-154
-167
-172
-173
-157
-140
-106
-57
-10
42
81
118
158
202
248
284
308
311
297
279
264
242
212
169
113
58
-2
-59
-114
-171
-233
-286
-333
-380
-421
-464
-510
-555
-588
-606
-618
-614
-611
-603
-592
-586
-572
-546
-509
-484
-459
-418
-381
-352
-322
-284
-268
-259
-244
-217
-173
-132
-83
-43
-4
40
87
142
206
265
311
365
415
473
519
552
574
590
616
636
654
657
636
597
540
490
440
387
338
288
245
208
174
150
130
111
112
119
135
152
156
155
142
125
113
93
70
37
5
-28
-57
-86
-119
-143
-163
-167
-155
-132
-110
-97
-81
-68
-45
-14
11
34
41
51
46
56
61
32
-5
-51
-69
-103
-148
-178
-223
-258
-292
-316
-335
-363
-376
-404
-428
-434
-418
-392
-368
-343
-316
-293
-265
-234
-216
-183
-153
-112
-78
-51
-31
-40
-53
-71
-85
-87
-88
-91
-105
-107
-110
-104
-86
-62
-24
25
86
143
193
234
272
303
335
367
390
403
402
390
371
344
306
272
236
206
187
181
172
158
139
116
100
86
77
73
78
83
85
86
75
55
26
0
-19
-31
-34
-40
-50
-71
-93
-124
-153
-180
-204
-218
-222
-216
-214
-207
-210
-206
-190
-168
-130
-86
-42
6
43
73
102
115
124
128
122
110
83
47
0
-43
-92
-131
-159
-181
-181
-184
-172
-165
-143
-128
-109
-82
-59
-37
-36
-42
-70
-98
-127
-161
-184
-210
-226
-243
-251
-239
-232
-217
-206
-194
-173
-153
-124
-105
-85
-71
-59
-33
-7
23
43
72
98
129
170
213
255
290
315
336
345
338
322
288
259
219
198
177
160
145
112
102
82
76
77
87
104
121
140
153
170
162
147
133
101
84
56
26
2
-38
-70
-110
-136
-167
-176
-178
-178
-152
-140
-118
-92
-83
-64
-53
-35
-12
7
25
36
47
37
32
31
31
41
52
66
85
99
113
115
113
99
96
93
80
83
64
46
26
7
-1
-14
-19
-20
-11
-6
-1
6
7
-8
-20
-39
-49
-57
-84
-91
-109
-114
-122
-134
-132
-142
-142
-133
-112
-87
-57
-28
5
29
57
81
81
96
103
115
127
139
150
152
144
140
138
144
144
138
143
123
116
105
88
90
63
50
53
41
36
16
3
-18
-50
-62
-58
-41
-43
-50
-38
-58
-76
-92
-115
-113
-147
-159
-142
-133
-152
-161
-160
-142
-159
-143
-100
-37
-40
18
28
126
83
89
156
74
249
-64
247
151
75
101
-55
254
-116
38
6
27
81
-95
92
28
55
13
-1
67
-4
-49
-51
-46
-101
-186
-186
-189
-225
-272
-265
-228
-241
-256
-232
-200
-201
-202
-187
-133
-147
-152
-122
-100
-96
-117
-74
-63
-35
-27
4
65
87
123
148
203
208
200
219
229
232
219
215
221
197
170
149
133
128
108
103
118
118
127
130
130
129
102
92
80
64
51
39
23
7
-7
-26
-41
-55
-60
-66
-65
-43
-34
-22
-19
-10
0
-12
4
9
13
30
23
47
45
53
60
51
87
78
94
107
113
119
99
103
111
102
98
82
83
62
41
25
4
-10
-44
-52
-59
-56
-73
-74
-85
-92
-99
-112
-107
-114
-120
-118
-122
-119
-140
-156
-157
-182
-169
-182
-149
-136
-112
-79
-67
-36
-27
-3
4
24
42
57
97
106
112
127
133
130
124
126
139
139
159
173
181
185
175
170
155
138
128
111
98
91
75
73
64
56
49
45
42
41
46
53
56
47
34
26
7
-21
-34
-57
-65
-86
-102
-100
-119
-101
-109
-93
-77
-70
-46
-35
1
8
18
24
32
41
50
60
60
61
50
29
18
8
7
4
9
24
27
38
23
15
3
-20
-28
-33
-36
-29
-45
-47
-59
-81
-104
-115
-115
-133
-124
-116
-103
-105
-111
-112
-111
-129
-121
-132
-102
-105
-104
-79
-75
-55
-67
-36
-22
-6
14
37
66
88
98
128
142
151
162
166
177
173
167
165
154
139
131
121
122
110
109
107
102
104
92
86
85
77
76
62
66
52
38
18
-12
-37
-71
-88
-101
-105
-99
-95
-90
-84
-86
-89
-89
-85
-87
-74
-57
-35
-22
-11
-8
-1
-3
2
10
30
47
54
81
82
99
84
86
82
63
59
53
48
28
14
-4
-19
-37
-47
-52
-50
-54
-51
-51
-54
-58
-71
-77
-80
-87
-94
-97
-107
-117
-145
-154
-177
-186
-185
-190
-165
-162
-143
-131
-127
-110
-116
-97
-85
-59
-29
-13
10
16
25
31
35
52
62
76
94
109
121
128
131
121
118
104
98
92
92
97
89
88
85
83
71
67
64
61
58
62
67
70
68
56
48
27
10
-12
-21
-43
-59
-73
-87
-97
-119
-124
-134
-134
-125
-118
-103
-86
-69
-51
-40
-30
-20
-14
-7
-6
-2
-4
-6
-6
-16
-18
-34
-34
-40
-41
-37
-40
-34
-33
-24
-21
-19
-10
-11
-11
-20
-23
-35
-46
-53
-62
-64
-74
-62
-69
-65
-62
-72
-67
-71
-69
-69
-66
-58
-50
-47
-43
-37
-34
-35
-24
-13
0
21
40
64
81
96
113
121
129
138
147
152
150
153
146
140
132
125
120
115
115
112
115
120
122
119
118
117
106
102
95
88
82
72
59
46
31
16
5
-12
-23
-41
-57
-65
-80
-87
-93
-91
-86
-84
-76
-78
-80
-83
-85
-81
-72
-61
-51
-31
-21
-15
-11
-11
-13
-27
-37
-45
-45
-43
-37
-32
-34
-40
-45
-58
-61
-66
-65
-59
-50
-38
-28
-13
-4
-2
-7
-15
-19
-28
-29
-32
-32
-30
-26
-23
-22
-19
-25
-27
-33
-34
-37
-31
-30
-26
-16
-14
-12
-8
-7
-7
-3
-9
-3
-1
0
6
7
12
12
14
11
6
3
-4
-8
-14
-21
-24
-25
-23
-26
-18
-15
-8
0
10
27
38
47
57
62
62
61
51
46
38
27
14
8
-4
-18
-23
-39
-40
-48
-48
-49
-52
-42
-43
-33
-31
-25
-23
-22
-17
-23
-21
-22
-23
-25
-18
-18
-14
-14
-13
-13
-17
-9
-12
-9
-11
-7
-4
-2
7
8
8
12
6
9
12
15
20
19
20
17
18
18
22
18
14
8
3
3
0
1
1
-1
-2
-2
2
8
18
20
30
40
46
59
60
66
62
58
52
45
44
36
34
25
22
16
13
10
8
10
10
14
11
13
11
12
12
11
10
5
4
4
0
3
4
5
8
11
16
14
13
5
-1
-10
-20
-29
-42
-49
-57
-65
-70
-74
-76
-77
-73
-68
-62
-57
-49
-38
-27
-20
-9
-4
-1
1
-5
-9
-13
-16
-15
-9
-5
-7
1
6
19
26
35
48
56
67
80
90
99
101
100
99
96
95
94
93
93
93
87
87
81
75
70
61
51
44
33
24
17
4
-5
-20
-31
-47
-60
-70
-81
-82
-86
-90
-90
-89
-90
-93
-95
-96
-98
-98
-98
-97
-97
-98
-97
-99
-97
-101
-99
-91
-87
-74
-65
-54
-41
-29
-17
-5
9
20
30
39
43
48
55
59
67
68
72
75
74
78
76
78
79
83
82
89
94
93
96
93
93
88
84
81
79
73
66
54
47
39
32
23
16
9
-3
-8
-16
-23
-30
-35
-45
-44
-42
-42
-34
-33
-32
-31
-28
-30
-24
-24
-23
-23
-25
-27
-30
-36
-37
-41
-44
-46
-50
-50
-50
-44
-45
-42
-36
-33
-25
-20
-13
-8
-4
0
2
5
3
9
12
16
21
23
31
33
37
41
43
50
51
53
54
58
59
58
57
52
48
41
34
25
20
19
20
17
15
8
4
-3
-8
-14
-17
-19
-24
-26
-32
-35
-45
-49
-56
-62
-66
-70
-71
-71
-71
-66
-61
-60
-55
-52
-46
-45
-40
-36
-33
-29
-24
-19
-17
-12
-11
-8
-4
3
9
19
24
31
42
50
57
64
68
69
71
69
68
61
56
52
50
46
42
41
39
38
34
32
33
35
35
36
35
31
30
19
12
4
-6
-12
-17
-22
-25
-28
-30
-32
-32
-33
-29
-26
-21
-13
-6
-3
1
2
0
-3
-4
-8
-10
-11
-11
-10
-8
-9
-9
-7
-6
0
6
13
17
21
23
25
24
22
20
17
16
13
8
5
0
-1
-2
-2
-4
-3
-2
-3
0
1
3
2
3
3
2
-1
-4
-5
-13
-17
-22
-25
-28
-29
-28
-29
-26
-23
-20
-19
-19
-18
-19
-20
-19
-19
-15
-9
-3
-2
2
4
7
10
15
17
22
27
29
32
35
35
34
27
23
19
14
14
12
11
8
8
8
7
10
11
17
17
18
20
21
19
13
7
-1
-7
-16
-23
-28
-33
-37
-36
-39
-39
-38
-33
-28
-23
-21
-18
-16
-17
-20
-26
-29
-34
-37
-39
-42
-46
-47
-50
-48
-48
-44
-39
-35
-27
-19
-12
-10
-2
-3
0
0
-6
-1
1
2
2
4
8
11
14
22
31
39
40
45
48
50
44
37
39
36
34
29
30
30
27
24
21
22
23
23
28
31
33
42
43
43
34
29
22
18
9
1
-1
-5
-8
-14
-19
-25
-29
-26
-23
-27
-26
-19
-18
-18
-22
-24
-27
-29
-29
-30
-34
-41
-36
-28
-24
-28
-36
-29
-10
-7
-8
-2
10
16
18
15
12
20
20
18
14
12
18
13
16
14
17
20
19
23
24
34
32
26
24
26
27
16
10
11
5
-3
-13
-14
-14
-21
-25
-25
-19
-24
-28
-29
-26
-18
-26
-29
-35
-36
-29
-32
-35
-45
-43
-43
-43
-47
-44
-33
-28
-21
-20
-11
-3
1
-1
-3
0
0
4
8
15
21
19
19
22
20
15
12
19
27
28
26
29
32
44
43
37
32
39
40
42
39
25
21
21
26
13
5
6
10
13
13
12
6
2
2
3
-4
-15
-21
-19
-9
-6
-20
-26
-20
-13
-16
-19
-15
-7
-8
-15
-13
-8
-6
-13
-13
-7
0
-2
-3
-4
0
-2
-2
3
16
22
26
37
45
51
40
44
53
55
48
38
39
40
48
38
24
31
34
36
33
34
41
40
39
33
31
24
23
13
4
3
-3
-13
-13
-11
-20
-20
-30
-31
-40
-48
-55
-54
-47
-57
-55
-63
-56
-51
-50
-60
-75
-56
-44
-38
-41
-41
-41
-45
-42
-27
16
-38
-82
-63
129
197
-197
-217
79
314
32
-336
-76
149
156
-114
-185
48
134
50
-127
-40
126
56
-64
-25
95
61
-50
-34
94
94
-29
-59
33
83
21
-29
3
68
38
-1
24
49
62
11
-8
22
35
25
-10
-21
-10
22
6
-40
-36
11
16
-19
-15
-2
-5
-13
6
20
4
-19
-12
3
30
30
-34
-65
-43
-1
-19
-78
-79
-41
-18
-38
-52
-46
-18
-10
-20
-9
-5
-13
-29
56
94
-19
-36
89
159
7
-79
41
107
34
-90
-79
-7
2
-37
-106
-71
43
38
-60
-54
26
45
-8
-11
28
40
15
16
51
28
-5
14
28
32
18
-48
-10
25
6
-53
-65
-6
13
-29
-51
-22
-2
51
8
-32
-12
50
90
-7
-36
27
81
88
-24
-84
44
119
2
-87
-31
102
49
-71
-20
55
97
-11
-51
27
119
63
-132
-4
95
13
-64
-88
51
109
-12
-90
12
159
20
-92
-17
85
75
-81
-31
18
29
29
-93
-62
82
49
-62
-95
20
43
-35
-79
-86
74
36
-83
-110
47
136
-99
-117
44
136
-54
-135
-12
99
52
-134
-95
83
121
-86
-136
-20
100
42
-106
-75
29
138
-9
-176
17
132
55
-86
-40
105
64
45
14
-87
78
137
-89
-115
14
108
-7
-122
-15
82
-2
-18
-84
31
99
-104
-57
-8
91
23
-270
5
141
-25
-148
-126
222
45
-245
-59
154
106
-188
-123
85
85
112
-237
-161
266
105
-150
-203
167
250
-132
-193
42
222
44
-190
-100
171
204
-137
-177
203
160
-44
-55
-82
246
116
-169
-84
13
292
-80
-250
37
65
111
-214
-178
136
16
8
-164
-96
222
-26
-156
18
84
-2
-141
-21
110
-14
-148
-126
80
43
-82
-141
-23
151
-108
-81
65
82
-31
-213
52
150
121
-102
-221
174
201
-82
-138
55
155
10
-116
-6
183
121
-115
-34
57
73
72
-122
43
84
-76
67
6
-27
131
-102
53
128
-99
27
27
95
-87
56
71
-194
83
105
-66
-59
7
82
57
-221
99
119
-61
-19
-207
262
93
-221
-116
51
317
-102
-138
-23
48
318
-134
-166
56
26
69
-72
16
-50
-51
105
-56
-40
-94
91
88
-308
9
37
151
71
-447
-66
206
158
-119
-368
73
179
-38
-228
-50
265
-122
-77
8
-35
243
-106
14
13
-38
237
-133
38
46
-52
75
22
18
31
148
73
-92
-56
296
60
-184
39
110
136
-283
-35
346
-95
-22
-126
61
87
-122
134
-49
10
-171
45
74
3
38
-275
188
-38
-24
65
-122
126
-187
-87
257
21
-154
-128
206
154
-208
17
131
53
-37
-13
55
93
15
-70
102
45
38
-118
-28
306
-123
-64
22
5
63
-70
67
-20
-49
-88
66
1
-164
-31
-1
-59
-84
-17
-108
33
-131
0
-61
-115
156
-137
-34
-15
53
49
-124
42
8
-23
70
-123
-43
66
24
37
-122
46
56
-15
95
65
-7
-117
19
218
98
-117
-169
202
272
-166
-150
47
294
91
-242
-85
248
220
-59
-122
-54
333
119
-243
-59
93
237
-49
-245
-59
156
200
-280
-137
162
145
-144
-205
122
57
93
-227
57
58
-219
74
110
128
-265
-342
33
468
17
-407
-322
216
548
-341
-413
70
348
123
-313
-225
284
376
-416
-260
386
151
-155
-271
103
309
-37
-201
-121
328
66
-177
-84
199
127
-244
81
71
92
-79
-31
40
82
90
-196
63
92
101
-149
-126
182
-21
43
-45
61
-50
-24
-48
265
122
-465
-11
55
328
-186
-469
100
68
97
-217
-307
133
119
-151
-298
107
171
-271
-113
-74
247
-44
-326
-141
64
341
-327
-273
-36
205
84
-346
51
94
57
-205
-98
154
35
8
-233
71
250
-127
-7
20
154
210
-285
11
91
220
186
-124
59
-40
270
116
-39
144
-39
33
105
141
169
-100
-80
128
132
124
-184
91
148
-53
43
-40
177
-69
-95
-18
-79
153
-145
-58
-50
-86
29
-238
182
-97
-243
35
-78
129
-118
-223
115
16
-45
-35
29
144
-174
-48
35
128
60
-172
-12
35
104
63
-115
-71
258
107
-183
-72
118
281
-78
-144
91
292
144
-257
51
176
346
-223
-219
298
168
136
-346
98
89
155
45
-172
152
-56
143
41
83
-4
-68
64
157
4
-134
111
-18
90
-88
-9
87
-85
-61
-133
122
35
-151
-87
45
54
23
-46
-96
-50
176
68
-239
42
43
37
-99
-43
145
-181
-117
-63
155
38
-270
-112
-74
241
-2
-124
-183
-98
279
-72
-65
-154
38
27
-135
115
-57
-56
-151
21
134
-132
9
-121
8
91
49
-17
-281
170
2
-5
63
-195
24
-34
97
20
-79
102
-92
-164
119
253
-30
-375
-62
288
154
-125
-308
148
89
-29
82
-144
177
-19
-177
93
219
122
-329
-32
143
232
-25
-222
45
19
242
-3
-138
-111
198
84
-278
182
15
27
-142
-96
351
-80
-73
-36
40
12
-58
-10
0
133
-246
-150
148
160
-18
-270
-42
241
12
-104
-132
31
123
-188
121
-71
-117
48
-26
124
-283
0
121
-29
-40
-43
119
-95
-29
-76
159
70
-192
-127
49
275
-122
-88
-12
131
122
-180
131
71
39
-86
-2
256
48
-128
-170
136
199
35
-147
-87
204
38
-72
84
125
33
-101
15
229
42
-67
24
-3
139
-9
-8
129
23
-40
-72
225
185
-240
-152
168
290
-73
-302
-15
226
206
-173
-228
66
261
-8
-257
-9
236
20
-265
-119
269
114
-281
-263
42
366
-150
-327
-8
192
180
-243
-246
101
210
-16
-205
-149
255
6
-220
10
153
189
-316
-151
212
250
-8
-332
28
102
104
120
-151
-48
-14
148
38
-219
165
-37
-62
109
-2
-50
-192
231
-16
-174
-13
35
78
-234
66
20
-103
118
-157
-93
86
-26
-97
-277
132
69
-57
-194
-196
164
15
70
-197
-73
83
13
-14
-22
15
-66
14
-49
97
16
-92
19
125
54
-148
-4
190
138
-129
-83
175
151
-61
-74
198
90
-109
26
104
129
72
14
-115
19
190
161
11
-274
-15
221
73
-125
-151
-15
282
-64
-374
88
197
109
-384
-175
313
122
-282
-384
272
138
-89
-334
-125
340
-52
-205
-203
115
110
-60
-256
-30
191
-115
-111
-169
178
3
-221
-58
10
233
-76
-123
-62
177
144
-137
40
-39
83
-44
116
70
-87
22
-70
231
62
9
-100
80
185
-52
81
26
183
-150
-134
160
320
104
-461
55
220
220
-96
-184
147
-1
70
-122
34
39
-98
-58
-37
157
-114
-98
-52
43
-34
-174
69
-79
-37
-41
10
-23
-65
-7
-14
71
-138
-99
-34
68
100
-269
-153
-16
125
94
-247
-73
-42
13
69
-85
-5
16
-99
-70
38
194
-4
-321
-2
208
134
-140
-116
125
-1
55
-25
-56
47
-108
49
176
-64
-103
-11
170
141
-40
-51
-3
89
81
37
35
38
17
-80
27
265
-18
-138
-27
47
137
14
39
-107
52
34
-11
1
-142
221
-127
-168
26
17
118
-143
-115
-22
115
62
-49
-210
4
198
-125
-43
8
15
-162
-64
146
62
-47
-92
-45
-156
141
377
-90
-250
-19
87
122
27
11
-85
-10
95
27
-88
40
118
0
0
30
44
4
79
57
127
68
-145
-162
148
363
116
-331
-155
269
228
31
-160
137
72
-77
17
97
303
-106
-239
-2
229
298
-111
-286
-62
308
196
-114
-97
-58
97
52
-2
33
-30
-77
-125
73
53
38
-126
-217
2
108
98
-200
-182
-19
122
-22
-101
-94
-118
59
-12
-38
-101
0
-15
-140
-20
44
53
-155
-172
117
75
-41
-146
-122
107
90
109
-143
-178
120
199
162
-173
-193
-2
191
226
-106
-251
24
223
63
-84
29
126
-51
-98
100
216
85
-167
-164
159
298
10
-224
-72
158
114
-23
-85
-25
38
-3
84
74
-20
-65
-140
55
197
39
-165
-176
109
139
10
-118
-46
48
5
23
-78
30
-10
-12
19
-34
-16
-76
18
55
30
-107
-100
-5
8
-31
-99
-57
-23
-81
-129
-16
-24
-76
-143
-133
74
-15
-159
-165
-18
81
-41
-117
-100
0
-46
-31
-14
-93
-48
-57
-20
59
-16
-44
-55
14
107
89
3
-75
13
79
123
99
-33
-55
56
124
110
35
-34
25
74
109
109
30
14
66
35
64
96
15
-13
-57
35
179
66
-84
-94
51
109
-4
-78
-45
35
36
-4
-55
-22
28
-23
-54
1
26
-54
-91
-46
41
40
-60
-123
-62
63
50
-70
-121
-16
50
-6
-36
-21
37
0
-59
-17
38
64
-50
-59
17
77
62
-82
-25
54
70
13
-32
26
82
70
-22
-5
60
79
46
23
45
86
62
21
64
127
114
24
-3
88
152
109
33
23
81
125
103
49
61
71
92
66
27
53
45
67
61
37
22
25
38
17
-16
1
47
-17
-52
-26
34
59
-31
-87
-13
39
-20
-79
-107
-22
25
-50
-81
-46
-1
-14
-70
-72
-40
-46
-92
-80
-40
-31
-47
-115
-65
35
17
-41
-88
-53
15
-6
-38
-32
-50
-17
-10
-5
8
-27
-25
-14
19
30
6
-19
-5
23
37
55
21
4
12
36
84
45
7
18
47
57
63
53
53
49
37
84
82
36
30
46
55
35
31
31
62
47
11
45
64
69
14
-14
30
32
22
21
-2
9
14
-39
-16
42
3
-35
-42
-22
11
-55
-65
-26
-32
-77
-93
-85
-33
-47
-117
-67
-57
-61
-82
-97
-69
-24
-64
-101
-49
-48
-59
-76
-74
-49
-47
-65
-72
-50
-22
-24
-38
-28
-21
-34
-19
20
29
10
-12
-18
14
36
19
5
15
15
10
24
52
48
16
17
43
59
67
48
28
42
49
42
28
30
24
19
21
33
21
7
13
-2
21
21
0
-7
-15
17
14
-26
-10
3
-14
-27
-20
-11
-24
-31
-44
-34
-21
-31
-46
-44
-21
-40
-77
-71
-38
-30
-56
-68
-55
-42
-20
-32
-46
-46
-41
-35
-41
-7
-8
-25
-42
-26
13
6
-14
-19
-5
6
19
26
23
13
20
38
53
45
21
34
57
70
58
40
48
64
75
75
69
57
56
58
71
84
71
48
56
73
80
71
50
50
56
78
53
35
45
54
48
29
25
23
18
16
27
27
8
-13
-21
-9
-2
-10
-34
-31
-14
-10
-13
-41
-39
-21
-22
-32
-41
-42
-33
-34
-44
-26
-22
-43
-54
-36
-13
-15
-42
-66
-46
-15
-12
-34
-50
-13
-3
-20
-6
-9
-18
-19
-18
-9
-5
-12
-15
-20
-9
1
-2
0
-7
1
4
19
16
-9
3
25
21
3
10
24
26
10
-1
20
33
29
19
13
45
63
32
26
31
27
32
15
18
42
29
11
-1
2
27
27
4
-8
5
10
8
1
-5
4
-17
-28
-8
-16
-15
-21
-45
-33
-24
-39
-46
-44
-33
-24
-28
-44
-40
-34
-25
-25
-46
-41
-28
-23
-32
-42
-40
-41
-33
-23
-20
-15
-32
-34
-14
-12
-8
-9
-24
-14
2
5
-9
-16
-16
2
10
-12
-6
-6
1
7
5
5
-3
-4
-1
12
9
-3
-7
-10
0
9
0
1
-3
2
3
-3
-7
-11
-20
-13
0
-13
-17
-18
-8
-6
-4
-10
-14
-6
-1
1
-9
-12
-14
-17
-11
-15
-29
-28
-27
-25
-15
-13
-13
-12
-4
-3
-6
-12
-7
-3
-15
-7
-15
-15
-17
-28
-10
-16
-27
-20
-14
-19
-10
-7
-13
-13
-14
-5
-8
-14
-22
-26
-14
-14
-11
-10
-3
5
2
2
11
5
-2
-3
1
7
12
6
8
12
18
26
18
18
23
31
17
12
25
27
28
24
23
23
22
12
6
15
18
7
5
15
19
17
6
8
5
7
11
5
8
19
18
8
17
13
8
5
7
14
5
-8
-12
-5
-2
-2
-9
-7
4
-2
-5
2
10
10
4
-1
1
6
-1
-5
-9
-9
-7
-14
-9
-11
-2
-2
-5
0
2
11
2
-3
-7
-3
-2
6
5
-1
2
-1
3
7
-1
-8
1
15
18
11
6
8
17
15
8
12
14
23
15
16
26
15
23
14
12
21
7
1
6
9
18
14
9
11
9
10
9
-3
-5
-2
0
2
2
-6
-4
6
-1
-3
-3
-2
5
3
0
0
4
-2
8
16
8
7
0
5
10
11
10
0
2
8
15
10
9
2
1
7
8
3
-6
-2
-2
1
-3
-5
-5
-7
-8
-15
-9
-11
-14
-19
-16
-15
-22
-27
-26
-13
-13
-21
-25
-20
-10
-10
-12
-14
-17
-17
-11
-5
-11
-12
-18
-15
-7
-8
-13
-11
-7
-7
-5
-4
-1
-7
-1
5
6
5
-2
2
1
0
0
-4
1
3
8
8
7
6
2
7
6
9
3
-1
-2
4
8
-1
-1
-9
-1
1
-3
-10
-8
-2
-6
1
-4
-5
-4
-4
-3
-3
-7
-9
-8
-7
-4
-5
-6
-2
-4
0
6
4
6
2
4
7
8
1
-2
-1
2
4
9
10
10
17
19
18
11
11
11
9
9
8
2
5
7
1
4
2
4
3
6
13
14
11
7
10
16
18
11
7
12
14
13
13
11
14
9
11
17
18
22
23
22
28
31
30
33
34
32
29
28
25
27
24
22
22
26
25
25
27
28
25
19
16
15
15
15
15
12
12
9
11
4
3
8
2
2
-3
-6
-5
-6
-5
0
-5
-9
-10
-13
-8
-9
-15
-18
-16
-12
-16
-13
-17
-18
-15
-14
-14
-16
-15
-15
-21
-20
-13
-13
-16
-16
-12
-8
-9
-12
-13
-11
-8
-9
-9
-8
-3
-2
-1
-1
0
1
1
6
7
7
8
6
9
10
9
10
14
15
19
21
14
13
15
13
11
13
14
16
14
15
17
12
13
9
7
8
10
9
11
13
7
7
3
0
-4
-7
-4
1
-2
-4
-2
-3
-4
-9
-11
-9
-10
-13
-11
-12
-13
-16
-20
-20
-19
-21
-23
-19
-18
-19
-23
-21
-17
-15
-18
-18
-17
-18
-15
-21
-16
-13
-13
-16
-18
-14
-11
-7
-8
-5
-1
2
7
7
5
7
7
7
11
11
12
13
12
15
16
18
15
15
14
15
17
15
15
13
14
15
13
12
11
11
8
6
4
5
4
2
0
2
5
-2
-6
-6
-6
-7
-11
-10
-10
-8
-10
-12
-12
-13
-16
-22
-23
-18
-18
-18
-17
-18
-17
-21
-24
-25
-24
-24
-25
-24
-23
-22
-23
-24
-24
-26
-24
-22
-20
-19
-20
-18
-14
-8
-11
-11
-8
-5
-5
-7
-5
-2
-1
-3
4
9
12
12
13
19
19
21
19
21
28
28
29
31
31
30
31
31
30
32
28
30
33
34
35
31
31
33
31
28
25
21
20
19
19
17
21
21
18
16
12
13
8
7
7
6
5
1
1
-2
-3
-8
-13
-15
-14
-13
-13
-12
-15
-18
-18
-21
-21
-22
-18
-17
-18
-16
-17
-17
-17
-18
-19
-15
-14
-13
-12
-10
-6
-6
-7
-10
-11
-9
-6
-5
-5
-4
-3
-2
-1
2
4
5
7
6
9
10
7
8
9
10
14
13
13
13
11
10
11
11
11
10
10
14
15
14
13
13
13
13
9
7
8
8
7
5
4
1
0
-1
-2
-5
-5
-6
-6
-7
-10
-12
-13
-13
-13
-14
-17
-18
-18
-18
-18
-18
-21
-23
-25
-23
-24
-26
-27
-27
-24
-23
-24
-22
-22
-22
-24
-22
-21
-19
-19
-18
-16
-13
-15
-15
-15
-14
-10
-9
-7
-4
-2
0
0
3
4
5
5
7
8
10
11
10
9
9
11
14
14
15
17
17
18
18
16
18
18
19
18
15
17
15
14
12
11
11
10
9
9
9
8
4
2
2
2
0
-2
-2
-1
-5
-7
-8
-13
-12
-18
-19
-17
-17
-17
-19
-16
-17
-15
-17
-17
-15
-13
-16
-19
-17
-18
-19
-20
-21
-22
-21
-20
-19
-16
-16
-15
-13
-11
-9
-8
-9
-9
-8
-8
-10
-8
-6
-7
-8
-8
-7
-4
-2
-1
2
5
4
4
6
9
8
9
10
12
10
9
10
10
10
6
4
5
7
8
11
10
11
11
12
12
10
10
10
9
8
9
7
7
8
6
6
5
4
2
3
1
0
1
1
2
2
3
3
2
1
1
1
0
0
-2
-1
1
0
0
-2
-3
-3
-3
-2
-1
0
1
1
2
3
1
-1
-1
1
1
3
4
6
6
5
3
5
6
5
5
4
5
5
4
7
8
9
8
7
5
6
6
6
7
6
8
9
8
8
7
6
6
6
4
4
4
2
1
1
1
-1
-1
0
-1
0
0
1
1
1
1
1
0
0
-2
-1
-1
-2
-2
-3
-5
-5
-5
-4
-3
-4
-3
-2
-3
-3
-4
-2
-2
-1
-1
-3
-2
-1
-2
-4
-3
-2
-2
-3
-2
-1
-1
-3
-2
-1
1
2
2
2
2
3
2
1
1
-1
0
1
0
1
2
2
2
2
1
1
1
0
0
1
1
0
0
0
0
-1
-1
0
-1
-1
0
0
2
2
2
2
3
2
3
2
2
2
1
0
0
0
1
2
-1
-1
-2
-2
-2
-1
-1
-2
-4
-2
-1
0
-1
-1
-3
-4
-5
-6
-5
-3
-4
-4
-5
-5
-6
-6
-4
-7
-7
-7
-6
-3
-2
-2
-3
-3
-4
-4
-5
-5
-4
-5
-5
-4
-3
-4
-3
-2
-2
-2
-2
-1
-1
0
0
-1
-1
-1
1
-3
-1
0
0
0
0
1
2
3
5
5
4
3
2
0
2
3
2
3
5
5
7
7
7
7
6
6
4
5
4
3
4
6
6
5
4
4
3
4
3
2
3
4
4
2
3
3
4
3
5
5
5
5
4
6
5
3
3
4
4
5
6
6
5
7
7
7
7
7
7
7
7
7
6
7
8
8
9
8
7
10
9
9
10
9
8
8
9
9
7
7
6
7
7
8
5
4
5
4
4
5
5
5
4
5
4
4
2
0
0
1
-1
-1
-2
-1
-2
-2
-2
-3
-1
-1
-2
0
-1
-1
-2
-4
0
0
0
0
1
1
0
0
0
0
0
-2
-1
-2
-3
-1
0
1
1
0
1
1
2
2
3
3
2
1
0
0
-1
-1
-1
0
-2
-2
-1
0
0
-2
-2
-3
0
-1
0
0
-2
-2
-2
-1
-1
-1
-2
-4
-3
-6
-6
-8
-8
-6
-6
-5
-5
-4
-5
-6
-6
-6
-8
-6
-7
-6
-6
-5
-7
-7
-8
-8
-9
-9
-8
-8
-6
-4
-5
-5
-4
-3
-6
-6
-5
-7
-6
-4
-5
-5
-3
-2
-2
-2
-4
-2
-1
-1
0
2
1
2
1
1
2
2
1
-2
-3
-1
-1
0
0
1
1
2
2
1
2
-1
-2
-2
-3
-3
-3
-3
-3
-4
-5
-5
-5
-5
-6
-4
-4
-3
-4
-3
-3
-3
-4
-5
-6
-4
-4
-3
-3
-3
-2
-3
-2
-3
-3
-3
-3
-1
0
0
1
0
-1
0
-1
1
0
0
1
0
0
3
2
2
2
1
2
1
0
1
1
1
1
1
3
4
3
2
2
1
-1
1
1
0
1
-1
-1
0
1
3
4
4
5
5
4
6
4
5
5
4
4
5
5
5
5
4
4
4
4
5
3
4
5
4
4
4
3
3
2
2
1
1
2
1
1
2
1
2
2
2
0
1
0
-2
-2
-2
-1
-1
-1
-1
-3
-4
-3
-4
-3
-2
-1
-1
0
2
3
4
4
4
4
4
4
4
4
5
5
5
6
6
6
7
8
8
8
8
8
9
8
8
9
7
7
5
4
3
3
3
4
5
3
3
4
5
6
7
4
3
1
1
1
0
0
0
-1
-2
-2
-1
-2
-2
-1
-1
-1
-2
-2
-2
-5
-5
-8
-9
-10
-11
-13
-13
-12
-13
-12
-11
-10
-11
-10
-9
-9
-8
-8
-10
-11
-10
-11
-10
-10
-10
-10
-11
-12
-11
-9
-7
-8
-6
-4
-5
-3
-4
-2
-2
-2
-2
-1
3
3
1
-1
-1
-1
-1
12
16
6
6
-2
-2
9
9
4
-7
-5
-6
-13
-3
-4
-12
-11
-8
-5
1
7
4
-4
4
10
7
13
10
3
-1
-1
-1
-5
-5
-9
-18
-15
-15
-17
-15
-15
-17
-16
-12
-11
-10
-7
-7
-9
-6
-5
-6
-7
-11
-13
-12
-13
-13
-12
-13
-15
-17
-14
-13
-14
-13
-13
-13
-8
-4
-4
-2
-1
0
1
4
7
5
6
7
7
6
7
6
6
7
5
5
6
5
3
4
5
5
6
7
9
8
8
7
6
8
8
7
8
9
8
7
7
5
5
4
2
1
1
-2
-3
-4
-3
-2
-1
-1
-2
-1
-1
-3
-2
1
0
1
1
-1
0
-1
-3
-3
-5
-3
-3
-3
-1
-2
-3
-3
-2
-2
-2
-1
-1
1
2
3
3
3
1
2
2
1
3
4
4
2
4
3
3
7
9
7
7
7
6
6
8
6
4
7
6
5
8
9
7
6
8
8
9
9
9
7
8
6
5
6
4
2
0
0
1
2
5
4
4
8
6
7
11
8
8
10
8
10
9
8
2
-1
0
-1
-3
-1
-5
-9
-6
-6
-6
1
3
-1
0
2
0
1
3
-1
-5
-4
-3
-7
-4
-2
-12
-9
-4
-7
-5
-4
-5
-10
-7
1
-7
2
7
-4
-1
0
2
2
2
5
-5
1
7
-1
7
8
-2
-3
-3
2
5
7
9
-5
3
8
1
10
4
-1
1
-1
8
3
6
4
-5
3
7
7
11
4
-2
2
2
4
1
1
2
0
9
3
0
3
-9
-3
0
1
1
-1
7
-4
-4
9
-2
-2
1
-9
-7
0
3
-4
-4
1
-15
-14
-6
-15
-11
-5
-12
-14
-6
2
-9
-5
2
-13
-6
7
0
8
9
-5
-8
-4
5
2
-6
8
-5
-9
9
-9
3
11
-2
9
0
16
17
5
27
7
17
26
2
24
6
6
10
-9
15
-2
-4
-1
-23
5
-7
-9
16
-4
9
14
3
14
0
15
9
-2
37
9
7
19
-13
3
-10
-3
-10
-28
14
-28
-27
6
-37
-15
-4
-9
1
-8
22
-3
-10
33
-13
-9
13
-18
-7
-6
-9
-21
-41
3
-30
-26
19
-49
-13
-5
-19
19
-11
28
-13
-7
40
-26
23
21
-19
13
4
5
-17
-7
1
-50
-6
12
-36
11
11
-21
1
18
27
0
28
39
-3
40
47
4
17
24
0
2
21
8
-11
-2
12
-8
12
31
-9
23
29
16
50
36
42
24
20
44
7
47
36
-13
28
-4
-3
11
-17
0
-37
-15
5
-42
23
-4
-29
12
-26
11
2
3
31
-28
23
11
-13
46
-12
15
5
-25
30
-17
28
23
-6
53
-10
41
41
3
61
14
54
31
31
60
-20
46
15
-4
45
12
38
-3
26
23
-26
51
13
7
40
27
25
6
44
13
8
62
29
37
41
33
4
-1
24
-38
-21
-21
-53
-20
-36
-10
-25
17
54
42
196
137
141
177
105
193
156
196
98
19
62
-109
-72
-78
-137
-140
-177
-140
-188
-117
-89
-151
-94
-70
-51
-37
-3
-33
-78
-75
-110
-117
-119
-121
-167
-189
-187
-216
-205
-206
-193
-182
-148
-120
-103
-56
-57
-32
-21
9
38
34
58
14
13
0
-26
-24
-56
-44
-86
-94
-96
-133
-108
-123
-108
-104
-94
-64
-80
-45
-48
-57
-44
-45
-21
-14
5
7
-21
-20
-18
-18
19
33
29
21
2
20
5
15
17
-20
-5
-10
12
25
8
11
-25
-11
24
44
82
64
58
46
36
70
73
84
90
77
96
92
104
99
58
71
74
95
128
116
110
65
63
88
87
136
131
110
87
59
72
51
58
51
-2
-2
-14
-31
-37
-61
-79
-108
-93
-67
-73
-56
-76
-113
-117
-114
-89
-87
-73
-93
-129
-114
-133
-124
-114
-118
-112
-118
-93
-113
-115
-114
-138
-108
-93
-65
-71
-89
-108
-152
-124
-129
-124
-116
-135
-137
-161
-146
-169
-192
-173
-173
-139
-97
-85
-89
-104
-86
-34
32
122
169
181
220
241
304
382
426
478
471
487
502
493
516
472
454
447
447
481
460
447
393
349
365
380
418
419
389
343
295
298
293
284
268
217
173
144
126
90
45
-1
-47
-64
-67
-69
-91
-124
-159
-183
-170
-154
-141
-141
-170
-194
-222
-256
-287
-322
-350
-394
-421
-451
-509
-535
-571
-595
-605
-604
-604
-623
-604
-589
-573
-550
-546
-538
-529
-494
-472
-471
-494
-518
-512
-477
-391
-336
-312
-321
-271
-139
69
383
608
742
790
853
999
1126
1288
1289
1136
988
828
719
614
512
340
88
-55
-107
-127
-118
-126
-188
-234
-148
1
116
212
244
206
170
232
300
281
256
162
40
-46
-101
-146
-276
-336
-388
-431
-362
-316
-250
-251
-205
-104
-38
125
239
328
370
401
424
353
359
302
239
164
65
-26
-221
-318
-445
-542
-555
-594
-590
-638
-624
-599
-576
-481
-412
-323
-249
-163
-83
-49
-26
-39
-52
-62
-42
-25
-57
-118
-209
-306
-371
-390
-397
-432
-456
-472
-485
-449
-407
-368
-338
-307
-221
-168
-82
-17
-37
-50
-85
-69
-46
0
40
7
10
12
50
118
178
262
311
379
470
540
609
631
632
622
600
615
599
528
437
318
203
101
48
6
-73
-117
-169
-217
-220
-198
-164
-153
-90
-46
-35
-10
-11
-16
-39
-19
5
-3
29
10
-17
-38
-29
25
67
179
265
322
387
422
469
511
570
611
619
614
585
525
456
378
284
208
125
70
7
-70
-138
-225
-279
-329
-334
-345
-381
-419
-494
-559
-616
-635
-653
-659
-652
-669
-688
-722
-736
-754
-706
-622
-548
-463
-461
-460
-494
-491
-437
-415
-353
-351
-335
-322
-291
-222
-222
-168
-90
49
301
579
805
880
889
910
956
1081
1207
1197
1047
855
654
480
402
345
204
25
-85
-151
-198
-180
-186
-253
-265
-156
-17
104
222
227
131
96
149
201
223
239
161
15
-52
-75
-125
-165
-166
-205
-230
-160
-99
-79
-55
25
126
230
436
542
564
599
580
621
605
640
621
471
436
320
229
123
-15
-96
-268
-273
-291
-346
-342
-424
-430
-445
-359
-237
-213
-156
