2.363272e+062 -4.218380e+058 -1.099209e+059 -1.936302e+059 -2.803873e+059 -3.573962e+059 -4.111044e+059 -4.320204e+059 -4.124983e+059 -3.496519e+059 -2.450947e+059 1.460541e+056 
2.363278e+062 -4.002502e+058 -1.047525e+059 -1.849124e+059 -2.691290e+059 -3.443004e+059 -3.989964e+059 -4.220569e+059 -4.059079e+059 -3.463168e+059 -2.439916e+059 1.372083e+056 
2.363282e+062 -3.862773e+058 -1.013870e+059 -1.792748e+059 -2.611472e+059 -3.359164e+059 -3.907642e+059 -4.150849e+059 -4.010874e+059 -3.440326e+059 -2.433806e+059 1.314114e+056 
2.363286e+062 -3.832534e+058 -1.006170e+059 -1.780917e+059 -2.606499e+059 -3.356438e+059 -3.907155e+059 -4.153862e+059 -4.012831e+059 -3.441386e+059 -2.436078e+059 1.308840e+056 
2.363284e+062 -3.849617e+058 -1.009743e+059 -1.787614e+059 -2.615370e+059 -3.362209e+059 -3.918125e+059 -4.169284e+059 -4.029952e+059 -3.456844e+059 -2.447374e+059 1.318150e+056 
2.363284e+062 -3.836176e+058 -1.006002e+059 -1.782599e+059 -2.602396e+059 -3.343018e+059 -3.896253e+059 -4.144052e+059 -4.012845e+059 -3.442583e+059 -2.439252e+059 1.306153e+056 
2.363286e+062 -3.811515e+058 -1.000711e+059 -1.774963e+059 -2.596299e+059 -3.340966e+059 -3.890976e+059 -4.136476e+059 -4.001245e+059 -3.431887e+059 -2.430807e+059 1.298622e+056 
2.363242e+062 -4.141774e+058 -9.767893e+058 -1.606719e+059 -2.308380e+059 -3.082855e+059 -3.801109e+059 -4.211423e+059 -4.111902e+059 -3.470550e+059 -2.390495e+059 1.228098e+056 
2.363282e+062 -3.829544e+058 -1.001793e+059 -1.767549e+059 -2.578906e+059 -3.322379e+059 -3.879070e+059 -4.129894e+059 -3.993693e+059 -3.422021e+059 -2.419636e+059 1.291311e+056 
2.363281e+062 -3.845843e+058 -1.006631e+059 -1.783652e+059 -2.600164e+059 -3.352756e+059 -3.903076e+059 -4.156777e+059 -4.014515e+059 -3.446264e+059 -2.435959e+059 1.309193e+056 
2.361984e+062 -1.165597e+059 -2.694385e+059 -3.670364e+059 -4.294958e+059 -4.696207e+059 -4.443491e+059 -4.273694e+059 -4.049342e+059 -3.026447e+059 -1.818238e+059 2.546974e+056 
2.351546e+062 -3.292006e+060 -8.290206e+060 -1.382405e+061 -1.904263e+061 -2.306424e+061 -2.503338e+061 -2.474790e+061 -2.215199e+061 -1.745046e+061 -1.133814e+061 5.745560e+059 
2.345401e+062 -5.366843e+060 -1.353905e+061 -2.280993e+061 -3.146290e+061 -3.792898e+061 -4.099912e+061 -4.015317e+061 -3.544073e+061 -2.753709e+061 -1.758215e+061 1.542667e+060 
2.346830e+062 -4.969174e+060 -1.270231e+061 -2.165626e+061 -3.028602e+061 -3.702706e+061 -4.051463e+061 -4.016928e+061 -3.583318e+061 -2.803250e+061 -1.796755e+061 1.474675e+060 
2.348444e+062 -4.564125e+060 -1.172165e+061 -2.016043e+061 -2.841833e+061 -3.502980e+061 -3.872638e+061 -3.875670e+061 -3.488392e+061 -2.756065e+061 -1.780233e+061 1.331118e+060 
2.349577e+062 -4.236198e+060 -1.088035e+061 -1.872141e+061 -2.638936e+061 -3.250796e+061 -3.592082e+061 -3.594018e+061 -3.236905e+061 -2.561043e+061 -1.656626e+061 1.143914e+060 
2.351475e+062 -3.663759e+060 -9.348001e+060 -1.596592e+061 -2.229854e+061 -2.719442e+061 -2.974980e+061 -2.947451e+061 -2.631683e+061 -2.068329e+061 -1.332590e+061 7.897986e+059 
2.355039e+062 -2.538853e+060 -6.400960e+060 -1.077778e+061 -1.480712e+061 -1.774819e+061 -1.909432e+061 -1.863599e+061 -1.645466e+061 -1.286891e+061 -8.322096e+060 3.308122e+059 
2.349227e+062 -4.294447e+060 -1.094456e+061 -1.868216e+061 -2.608230e+061 -3.179443e+061 -3.474682e+061 -3.432885e+061 -3.049806e+061 -2.378070e+061 -1.514076e+061 1.076419e+060 
2.348474e+062 -4.495382e+060 -1.142060e+061 -1.945191e+061 -2.713455e+061 -3.308835e+061 -3.618827e+061 -3.575642e+061 -3.171747e+061 -2.463746e+061 -1.558921e+061 1.167088e+060 
2.352222e+062 -3.263975e+060 -8.129285e+060 -1.371344e+061 -1.920480e+061 -2.377673e+061 -2.653074e+061 -2.670000e+061 -2.401090e+061 -1.885438e+061 -1.208833e+061 6.185003e+059 
2.356835e+062 -1.941184e+060 -4.884937e+060 -8.266516e+060 -1.150754e+061 -1.406231e+061 -1.546028e+061 -1.539694e+061 -1.381477e+061 -1.091787e+061 -7.093318e+060 2.120421e+059 
2.359724e+062 -1.075839e+060 -2.714186e+060 -4.610111e+060 -6.454390e+060 -7.961146e+060 -8.876735e+060 -8.994438e+060 -8.213722e+060 -6.581923e+060 -4.298213e+060 6.948664e+058 
2.361025e+062 -7.190467e+059 -1.856509e+060 -3.236859e+060 -4.655984e+060 -5.898753e+060 -6.758091e+060 -7.057350e+060 -6.678228e+060 -5.586448e+060 -3.843410e+060 3.969488e+058 
2.361303e+062 -6.499395e+059 -1.688042e+060 -2.957910e+060 -4.268735e+060 -5.416491e+060 -6.207045e+060 -6.481467e+060 -6.135302e+060 -5.138746e+060 -3.543572e+060 3.331455e+058 
2.363227e+062 -6.775113e+058 -1.751532e+059 -3.056885e+059 -4.417339e+059 -5.637395e+059 -6.519600e+059 -6.895964e+059 -6.626762e+059 -5.641634e+059 -3.958719e+059 3.705079e+056 
2.363035e+062 -1.095051e+059 -2.802751e+059 -4.848988e+059 -6.950067e+059 -8.819338e+059 -1.018649e+060 -1.078643e+060 -1.039143e+060 -8.869787e+059 -6.223277e+059 9.202903e+056 
2.363108e+062 -7.254085e+058 -1.862525e+059 -3.241270e+059 -4.664657e+059 -5.933914e+059 -6.863890e+059 -7.275929e+059 -7.016448e+059 -5.988364e+059 -4.206642e+059 4.151033e+056 
2.362259e+062 -3.647909e+059 -9.490904e+059 -1.667281e+060 -2.412865e+060 -3.071404e+060 -3.533496e+060 -3.706348e+060 -3.527305e+060 -2.973163e+060 -2.064624e+060 1.077503e+058 
2.362333e+062 -3.447409e+059 -8.980763e+059 -1.579404e+060 -2.287687e+060 -2.913029e+060 -3.351095e+060 -3.513954e+060 -3.343020e+060 -2.817208e+060 -1.956134e+060 9.673978e+057 
2.363069e+062 -9.625644e+058 -2.474022e+059 -4.300263e+059 -6.175530e+059 -7.849308e+059 -9.076910e+059 -9.612540e+059 -9.271936e+059 -7.923118e+059 -5.572487e+059 7.276651e+056 
2.363234e+062 -4.784149e+058 -1.212856e+059 -2.106114e+059 -3.046348e+059 -3.899173e+059 -4.541719e+059 -4.836983e+059 -4.695757e+059 -4.034896e+059 -2.858406e+059 1.814424e+056 
2.363234e+062 -4.534245e+058 -1.108320e+059 -1.841760e+059 -2.585558e+059 -3.265510e+059 -3.804438e+059 -4.101670e+059 -4.052955e+059 -3.550824e+059 -2.556741e+059 1.371490e+056 
2.363198e+062 -5.447034e+058 -1.307637e+059 -2.149841e+059 -2.958509e+059 -3.594199e+059 -3.935359e+059 -3.924956e+059 -3.608676e+059 -3.019547e+059 -2.139110e+059 1.455582e+056 
2.363145e+062 -6.876985e+058 -1.588744e+059 -2.442614e+059 -3.098654e+059 -3.505999e+059 -3.688335e+059 -3.662679e+059 -3.415253e+059 -2.894567e+059 -2.053762e+059 1.530564e+056 
2.363188e+062 -5.788688e+058 -1.353951e+059 -2.126981e+059 -2.790540e+059 -3.310302e+059 -3.667697e+059 -3.808909e+059 -3.674111e+059 -3.173386e+059 -2.267884e+059 1.431575e+056 
2.363147e+062 -6.869642e+058 -1.581868e+059 -2.406852e+059 -2.989277e+059 -3.296672e+059 -3.413044e+059 -3.385254e+059 -3.211742e+059 -2.813164e+059 -2.076714e+059 1.423606e+056 
2.363195e+062 -5.478832e+058 -1.300967e+059 -2.048140e+059 -2.679676e+059 -3.156017e+059 -3.455842e+059 -3.579819e+059 -3.496832e+059 -3.106011e+059 -2.291476e+059 1.318977e+056 
2.363119e+062 -6.921045e+058 -1.491237e+059 -2.079030e+059 -2.380204e+059 -2.513447e+059 -2.679909e+059 -2.937685e+059 -3.132768e+059 -3.004856e+059 -2.320406e+059 1.212633e+056 
2.363079e+062 -8.206093e+058 -1.800322e+059 -2.543483e+059 -2.872226e+059 -2.847883e+059 -2.679910e+059 -2.556726e+059 -2.496759e+059 -2.354605e+059 -1.884564e+059 1.211179e+056 
