12
12
4
10
19
0
-19
-25
4
14
-6
-22
-30
-16
-13
4
15
4
-16
-23
0
32
31
-8
-23
-13
21
17
15
4
4
7
-8
11
7
9
-19
-24
-10
9
8
-15
-21
-12
7
-6
-12
-4
16
17
-6
-9
15
27
20
-4
-7
5
6
6
-5
6
-7
-16
-5
3
18
4
3
-8
-12
5
9
19
-9
-27
-20
0
16
-3
-6
-6
-2
-2
1
23
20
6
-15
-11
1
7
7
-1
0
-9
-5
1
26
22
6
-12
-21
-5
0
28
16
-3
-24
-17
20
24
19
-12
-9
-6
-2
8
25
31
-2
-28
-17
31
43
18
-11
-2
4
5
2
17
28
-7
-25
-36
-1
10
9
-11
-34
-16
-17
6
1
11
-5
-16
-9
-12
15
9
22
-14
-16
-14
-6
18
5
16
-17
-16
-11
4
29
16
5
-18
-3
8
12
12
9
5
-5
-10
8
25
26
-2
-21
-7
5
13
-4
6
6
-4
-21
-14
22
24
9
-16
1
16
20
2
-3
18
8
-9
-26
-2
20
8
-11
-21
0
3
-5
-11
-4
13
-2
-21
-11
2
5
-19
-26
-15
-3
-7
-25
-14
-8
-2
-14
-19
-14
-5
2
-9
-4
-13
-4
-2
-5
-4
-13
-2
-1
-6
-12
1
15
11
-10
-17
0
11
5
-16
-4
9
4
-17
-16
14
21
2
-18
-2
14
10
-14
-11
10
13
-19
-34
-10
20
20
-1
-2
4
18
4
12
28
32
14
-21
-2
25
34
4
-10
5
11
5
-9
-4
12
1
-23
-20
4
19
0
-11
-8
5
-9
-15
-1
13
18
-20
-16
2
30
17
-16
-1
-2
13
0
7
8
-5
-10
-23
8
12
12
-9
-2
10
8
10
3
18
8
2
-13
2
19
17
6
-8
9
6
8
-1
6
22
12
5
-8
7
16
18
12
3
16
7
6
11
15
10
-11
-13
-1
17
11
-12
-16
-11
-2
-12
-10
-5
-9
-16
-26
-7
3
1
-7
-14
2
-2
-9
-8
-2
8
-13
-15
-5
0
2
-15
-7
5
9
-4
-12
1
6
5
-11
-10
0
-4
-11
-17
5
0
1
-15
-9
5
1
7
-16
4
-6
-4
-16
-12
-4
-15
-7
-27
-2
-6
-4
-12
-3
16
4
-1
-17
5
9
1
-8
-15
0
-11
-19
-21
-15
1
-5
-6
-5
-4
11
-7
5
0
-4
0
-20
-5
-15
6
-9
-9
-2
-12
3
-16
12
-4
13
1
-9
10
12
29
1
7
-1
11
10
1
2
3
14
-2
-1
0
14
7
11
3
4
10
2
8
-3
18
7
13
2
7
12
6
18
-3
12
3
16
3
0
9
2
16
-17
5
6
20
14
-3
13
7
25
-3
7
8
14
-3
-22
-7
-11
-2
-28
-22
-13
-3
-1
-17
-9
-6
4
-9
-9
-1
-3
-7
-5
8
9
-1
-5
2
15
9
1
0
12
18
2
1
5
12
0
-4
7
17
13
-8
-2
11
21
6
-8
2
18
15
2
1
13
17
8
-3
11
23
13
1
2
25
21
-4
-11
4
28
5
-12
-8
10
22
-12
-8
-5
11
-3
-25
2
1
13
-29
-19
-1
1
-1
-37
-7
-6
1
-21
-30
-3
-4
-2
-30
-10
2
1
-15
-23
0
-3
-5
-27
-13
1
-4
-13
-19
2
5
1
-11
-8
8
6
-2
-8
-1
3
2
-12
-5
3
7
-1
-10
1
9
16
-2
-2
2
9
5
-1
4
7
14
-5
-3
4
15
14
-7
1
4
18
7
-2
4
5
9
-9
-6
2
4
0
-17
-5
-3
-3
-5
-10
3
-3
-1
-7
-3
8
-4
2
-4
2
2
2
4
-2
8
5
7
1
5
14
14
9
-1
8
9
7
-1
-7
7
7
2
-6
-1
12
5
2
7
9
14
2
-1
7
13
10
-12
-2
0
14
2
-9
2
5
6
-16
-8
-3
10
-1
-14
-2
-1
11
-12
-3
1
11
12
-11
-1
1
21
-4
-7
-2
5
9
-20
-11
-9
13
-4
-13
-7
1
8
-14
-1
-2
13
0
-10
-1
4
11
-15
0
2
21
9
-1
10
8
27
-6
7
4
14
10
-15
-1
-15
13
-7
-4
-7
-8
11
-10
7
-17
0
0
-6
-3
-12
12
-7
-4
-15
0
15
-1
-2
-18
2
-3
-3
-5
-5
7
-9
-11
-15
3
-1
-10
-17
-13
6
-2
-11
-21
-7
-4
-7
-15
-15
-2
-9
-13
-23
-14
-3
-5
-12
-21
-9
-7
-5
-6
-4
4
3
1
-1
2
10
11
8
4
6
6
8
7
-4
-5
0
7
-3
-6
0
15
8
-5
-2
6
14
-2
-5
4
19
15
-6
-6
1
10
0
-6
2
11
11
-2
-1
7
16
7
-2
0
14
14
-2
-11
-11
8
3
-8
-14
-1
4
-11
-13
-11
9
10
-1
-5
3
14
-8
-4
-5
10
4
-6
-1
6
25
3
2
-1
16
16
4
8
-1
9
1
-1
3
6
4
-10
-6
-5
2
-2
-6
3
0
4
-3
5
6
6
8
1
5
1
0
3
8
3
-3
1
6
9
8
5
3
7
8
6
3
4
4
-3
-4
-2
3
-1
-5
-10
-7
-2
-5
-7
-2
6
-2
-3
-3
3
3
-6
-6
-4
6
1
-7
-8
-3
6
-1
0
5
9
10
4
5
6
7
3
-1
4
3
3
-2
-3
3
-4
0
-3
1
4
-2
-1
1
5
0
0
1
1
5
-1
0
3
5
-1
-3
2
4
8
9
9
6
9
6
4
-2
0
0
-3
-1
-4
-3
-7
-9
-5
-3
-2
-5
-4
-3
-4
-6
-9
-7
-9
-8
-9
-5
-3
-11
-3
-2
3
-3
-7
-3
0
5
-2
-1
1
6
5
3
8
4
5
3
6
3
2
0
-5
-1
-5
-3
-7
-3
2
8
5
-1
-1
3
7
5
2
-1
1
-3
-3
-2
4
0
-4
-5
-1
3
-3
-4
-4
0
5
-2
-1
-7
-7
-3
-6
-4
-6
-2
-7
-5
-8
-8
-4
-6
-8
-8
-6
-8
-6
-6
0
-1
-1
0
5
8
5
4
4
5
8
8
8
6
4
2
1
-1
-2
-1
0
2
0
-3
0
3
-1
-6
-7
-6
-6
-6
-3
-2
-2
-7
-9
-3
-3
-1
-7
-3
0
0
2
-1
-1
-2
-4
-3
0
-3
-3
-3
-3
-2
-2
0
-2
-5
-4
-4
-2
-5
-7
-3
-1
-1
-3
-6
-2
1
0
-1
1
6
11
9
6
7
5
5
3
5
4
8
8
6
7
9
11
11
7
6
7
5
4
3
2
5
2
0
-1
-1
1
1
5
4
4
2
3
6
8
10
7
7
8
12
12
10
9
6
7
9
5
3
5
3
1
0
0
3
1
0
0
1
-1
-3
-4
-7
-9
-7
-7
-8
-7
-5
-5
-6
-6
-4
-1
1
-2
-3
-3
-1
-3
-2
-1
0
-2
-1
2
4
6
3
4
4
7
5
1
2
2
0
-2
-5
-4
-3
-2
-1
-2
0
0
-2
-2
0
3
0
0
0
-1
1
-1
0
2
5
7
7
4
4
2
0
-2
-2
-2
-3
-3
-5
-4
-4
-3
-2
0
-1
-1
0
1
0
-3
-3
-3
-4
-5
-6
-5
-4
-3
-3
-3
-3
-2
1
0
0
0
0
-1
-1
0
0
2
1
0
0
0
-2
-3
-3
-4
-2
-4
-6
-6
-8
-8
-8
-7
-5
-6
-6
-5
-3
-4
-4
-2
0
0
0
-1
1
2
3
3
2
1
0
-1
0
1
1
2
0
2
2
2
4
5
4
1
1
-1
-2
0
0
0
-1
-2
-3
-2
-1
-1
0
0
1
2
4
6
7
4
4
4
3
3
3
3
3
4
2
1
2
1
0
0
-2
0
0
-1
-1
-4
-4
-5
-4
-3
-4
-2
-1
-1
0
-1
-1
0
2
2
3
3
1
0
1
2
1
1
1
0
-1
0
0
0
0
-1
-2
-1
-1
-1
-2
-2
1
1
1
0
-1
-1
-1
0
1
0
-1
0
3
3
2
1
1
1
3
1
-1
0
1
1
1
3
4
4
2
3
4
2
1
0
-2
-2
-2
-1
-1
1
-1
-1
-1
-2
-2
-2
-1
-1
0
-1
0
0
2
0
-1
0
0
-1
-1
-2
0
0
0
2
1
1
-1
-2
-3
-4
-4
-3
-4
-2
-3
-4
-3
-3
-1
-1
0
0
-1
-2
-2
-1
-2
-2
-2
-1
-2
-3
-3
-2
-1
-1
0
-1
-2
0
0
1
1
3
2
2
2
0
-1
-1
-1
-2
-2
-2
-1
0
-1
-2
-4
-2
-2
-1
0
0
0
0
0
0
1
0
0
-1
-2
-1
0
-1
3
1
2
4
5
5
4
3
3
0
0
-2
-2
-1
-1
-1
-1
-1
-2
-1
1
1
1
2
2
2
1
-1
0
2
0
-1
0
1
2
1
1
3
3
2
3
1
2
1
2
2
3
3
3
2
1
-1
0
1
0
0
1
1
0
-1
0
-1
-1
0
-1
-1
-1
-2
-3
-2
-2
-1
-3
-2
-2
-1
-1
-1
-2
-1
0
1
1
2
1
2
2
2
0
0
1
0
0
1
-1
0
1
2
1
0
-1
-1
-2
-2
-2
-1
-2
-2
-3
-2
-1
-2
-2
-2
-1
0
0
2
2
2
0
-1
-1
-1
0
0
-1
-1
-2
-2
-2
-2
-1
-2
0
0
1
1
0
2
0
-1
-2
-2
-2
-2
-2
-3
-3
-1
-2
0
-1
-1
-1
-1
0
-1
0
-1
-2
-1
-1
-2
-1
-1
-1
1
2
2
1
2
2
3
3
3
3
2
2
0
0
0
-2
-1
0
2
2
1
2
3
3
3
4
3
3
4
4
3
3
3
3
5
4
3
2
2
2
1
0
2
0
1
1
-1
2
1
2
2
0
-1
-3
-1
-1
2
1
2
3
1
2
2
1
3
3
3
4
3
2
2
2
2
2
2
3
3
3
3
3
1
1
1
1
2
2
2
1
-1
0
0
0
-1
-1
-1
-1
1
0
0
1
2
1
1
1
2
3
3
3
2
2
0
1
1
2
3
1
-1
0
0
-1
-1
0
0
1
-1
-2
-3
-1
-1
-1
0
-2
-1
-2
-1
-1
0
0
0
-1
0
0
-1
0
1
-1
-1
-2
-2
-3
-2
-2
-3
-3
-4
-5
-4
-4
-4
-3
-1
-1
-1
0
-1
-2
-4
-4
-4
-3
-3
-2
-2
-4
-3
-3
-4
-3
-3
-3
-2
-2
-1
-1
-1
-2
-2
-2
-2
-3
-4
-4
-4
-4
-5
-5
-5
-5
-4
-4
-4
-4
-5
-6
-3
-1
-2
-1
0
2
2
4
4
5
5
4
4
4
2
-1
-3
-3
-3
-5
-4
-3
-1
-1
-1
0
2
1
0
2
3
4
3
2
2
2
1
2
1
1
1
0
-1
0
0
0
2
1
0
1
0
0
0
0
2
1
1
2
0
-2
-3
0
1
3
2
3
4
3
3
3
4
4
4
3
2
1
0
1
1
4
4
3
4
4
3
4
5
4
3
3
3
3
2
0
-1
-2
-1
0
0
0
-1
-2
-2
0
2
3
4
4
2
2
1
2
1
3
4
3
2
3
2
2
1
1
-1
-1
-2
-3
-1
-2
-2
-3
-1
-1
-1
-3
-4
-3
-2
-1
0
0
0
0
0
-1
0
0
1
2
1
1
1
0
-1
-1
-1
0
-1
2
3
2
2
2
2
2
2
3
2
1
0
-1
-4
-5
-6
-5
-4
-3
-4
-4
-3
-4
-3
-4
-4
-4
-3
-3
-3
-3
-4
-4
-5
-6
-3
-3
-3
-1
-2
-2
-3
-2
-1
0
-1
-3
-3
-4
-3
-2
-1
-1
1
1
3
1
2
2
3
4
3
3
3
3
2
3
3
2
2
1
2
2
2
2
3
4
6
6
6
6
5
6
6
6
6
5
3
1
0
-1
-1
-1
-2
-2
0
1
2
2
2
1
0
1
2
1
1
2
1
1
1
1
0
0
-1
-1
-1
-1
-2
0
0
1
0
0
0
0
1
2
-1
-1
-2
-2
-3
-3
-3
-3
-2
0
-1
1
1
1
0
2
1
1
2
1
1
2
2
2
1
0
2
1
1
1
2
1
1
1
2
1
0
0
0
-1
-2
-2
-1
-3
-3
-4
-3
-4
-2
-2
-2
-2
-2
-2
-2
-2
-3
-4
-4
-6
-8
-6
-5
-3
-3
-3
-2
-2
0
0
0
-1
-2
-2
-2
-2
-2
-3
-4
-4
-5
-5
-4
-5
-4
-4
-3
-3
-2
-1
-1
-1
-2
-1
0
0
0
1
1
2
1
1
0
0
0
0
2
2
3
4
4
3
3
3
2
1
2
1
0
-2
-2
-2
-2
-2
-3
-3
-4
-3
-1
0
1
0
1
-1
-1
0
1
1
1
1
1
2
2
1
2
2
3
4
4
1
1
1
2
3
3
2
2
3
3
3
2
2
2
2
3
4
5
4
5
5
4
4
4
4
4
5
5
4
4
4
5
4
4
4
4
3
2
4
3
4
4
3
3
2
1
3
2
2
2
-1
0
1
1
1
1
4
2
2
0
-1
-2
-1
0
-2
-2
-3
-3
-2
-2
-2
0
0
-2
1
2
1
2
1
2
0
1
0
-2
-2
-1
-2
-3
-2
-3
-4
-3
-4
-4
-4
-3
-2
-2
-1
-3
-3
-1
-2
-2
-1
-2
-2
-3
-3
-3
-4
-5
-4
-4
-4
-3
-2
-2
-2
-2
-3
-3
-3
-3
-3
-3
-6
-6
-5
-5
-4
-2
-3
-3
-2
-2
-2
-3
-4
-5
-6
-3
-5
-4
-4
-3
-3
-2
-1
-1
-1
-1
2
2
5
3
2
1
2
2
1
1
-1
-2
-2
-1
-3
-2
-1
-1
-1
-1
-1
0
1
3
3
5
5
3
2
3
5
5
7
5
3
2
0
2
4
3
4
4
5
5
4
6
5
5
6
5
5
5
4
5
5
5
3
2
1
0
2
1
1
2
1
1
2
0
1
-1
0
-1
0
0
0
1
2
3
2
5
4
4
5
4
5
3
3
2
2
1
0
0
-1
-3
-3
-3
-2
-1
0
1
1
3
3
4
5
5
4
3
2
2
2
3
2
3
2
1
1
1
2
1
2
2
1
2
0
0
0
0
0
-2
-2
-3
-4
-5
-5
-5
-4
-6
-6
-7
-6
-7
-7
-7
-6
-5
-4
-5
-5
-5
-5
-3
-4
-2
-2
-1
-2
-2
-2
-4
-2
-3
-4
-4
-4
-6
-8
-8
-9
-8
-8
-7
-7
-7
-5
-4
-4
-2
-1
-1
0
0
0
2
2
1
0
2
2
2
2
1
2
3
3
2
3
3
2
2
2
2
1
-1
1
2
2
2
1
-1
0
0
-1
-2
-4
-4
-3
-3
-1
-2
0
1
1
1
1
0
-2
-1
0
1
2
2
2
1
2
2
1
0
-1
0
0
-1
-1
0
0
0
1
1
1
0
0
0
3
3
4
4
4
5
6
8
9
9
7
7
7
5
4
3
3
3
4
3
1
3
4
3
3
2
3
2
2
3
2
2
1
0
0
-1
-2
-1
-4
-4
-5
-4
-4
-4
-4
-2
-2
-2
0
-1
0
-1
-2
-2
-1
-1
0
2
2
2
1
0
-2
-2
0
-1
-3
-2
-4
-6
-6
-6
-4
-4
-3
-2
-1
0
0
-1
1
1
3
3
2
3
2
1
-1
0
-2
-2
-1
-2
-2
-2
-2
-3
-3
-1
0
-1
1
0
0
0
1
1
0
-2
-3
-4
-4
-5
-6
-6
-5
-4
-3
-5
-5
-4
-3
-2
-2
-2
0
-1
-2
-2
-2
-2
-2
-1
-1
0
0
1
2
1
1
0
-2
-2
-3
-2
-1
-1
-1
-2
-2
0
1
2
1
1
2
3
4
5
5
5
5
4
5
5
5
4
5
4
3
2
1
1
0
-2
0
2
2
2
5
4
4
4
2
2
2
3
4
3
3
1
0
0
-1
-1
1
0
0
1
3
3
4
2
3
4
4
3
3
3
3
2
2
2
3
4
4
4
3
1
0
-2
-2
-2
-1
-1
-3
-2
-1
-1
-2
-1
-2
-2
-2
0
0
3
1
0
1
0
-1
0
0
0
0
-1
-1
0
-2
-1
-2
-1
-2
-1
0
-2
-2
-2
-2
-2
0
-1
-3
-4
-6
-5
-4
-4
-4
-3
-5
-5
-5
-7
-5
-4
-5
-5
-4
-4
-1
0
-1
-1
-1
-3
-3
-2
-2
-2
-5
-4
-4
-3
-4
-5
-4
-3
-3
-3
-4
-3
-3
-3
-3
-5
-4
-3
-3
-3
-2
-2
-1
0
1
1
2
3
2
2
1
1
-1
-1
-2
-1
-1
-1
-1
-1
-1
-1
0
1
1
1
1
1
1
0
0
0
0
-1
-1
0
-1
-1
0
0
1
3
3
4
4
3
2
1
1
0
1
1
2
2
1
2
2
3
3
1
0
-1
-3
-3
-2
-1
-2
-3
-4
-3
-3
-3
-1
0
0
2
0
3
5
5
5
5
4
4
5
7
7
6
5
1
0
0
0
-1
-1
-3
-3
-4
-3
-1
0
-1
0
0
1
2
2
1
1
0
0
-2
-1
-1
-4
-2
-5
-6
-2
0
3
5
7
8
7
11
13
13
14
15
16
15
15
13
9
10
7
3
-1
-4
-6
-10
-8
-10
-8
-8
-6
-4
-3
1
2
6
10
9
11
10
13
12
13
11
9
11
9
9
9
3
3
1
1
2
3
6
0
-1
-4
-6
-5
-5
-5
-12
-12
-13
-14
-10
-7
-5
-9
-9
-7
-8
-4
-1
-4
-10
-8
-10
-12
-7
-7
-13
-19
-18
-18
-16
-4
-5
-8
-8
-8
-3
3
16
16
11
13
12
14
19
22
16
7
6
3
4
12
14
9
5
7
5
15
24
28
27
22
23
25
29
36
27
21
14
11
16
18
22
21
21
22
26
30
35
35
28
25
18
18
12
8
-2
-17
-29
-38
-41
-45
-42
-39
-40
-29
-12
5
27
48
63
75
86
102
104
109
102
84
68
46
25
-7
-33
-64
-99
-120
-137
-152
-167
-173
-181
-184
-172
-160
-142
-127
-114
-105
-95
-78
-62
-49
-45
-48
-54
-56
-47
-39
-30
-26
-25
-12
5
38
80
108
137
163
184
222
257
290
304
307
308
293
287
278
252
218
166
120
75
40
16
-29
-61
-95
-118
-115
-106
-93
-82
-73
-59
-31
13
57
99
126
139
152
168
189
202
202
186
151
122
94
66
33
-12
-66
-120
-164
-190
-204
-232
-259
-293
-329
-342
-341
-338
-357
-370
-392
-435
-441
-438
-464
-491
-504
-555
-586
-552
-538
-509
-458
-393
-343
-245
-48
78
234
423
487
588
709
800
859
871
882
751
628
586
417
280
173
-20
-193
-307
-366
-449
-490
-474
-531
-524
-403
-302
-184
-35
65
123
209
317
393
444
479
447
369
320
269
190
113
17
-94
-179
-234
-240
-247
-250
-225
-216
-166
-71
34
134
208
282
323
356
413
430
411
382
315
228
164
93
2
-88
-181
-266
-320
-349
-328
-337
-299
-259
-279
-157
-138
-72
29
3
110
99
157
206
154
233
162
163
205
166
207
177
140
105
56
65
44
19
28
-34
-66
-63
-93
-74
-80
-89
-91
-91
-44
-29
-9
-5
-31
-34
-28
-4
20
25
8
-18
-29
-34
-37
-33
-65
-93
-112
-137
-134
-125
-146
-183
-204
-207
-181
-169
-110
-125
-140
-88
-111
-43
-18
-1
1
-51
3
-36
-22
13
-47
-56
-91
-92
-66
-84
-40
-76
-113
-63
-109
-43
-53
-32
-3
-64
52
25
83
125
103
157
123
207
218
219
248
208
185
173
180
148
123
85
50
15
14
28
-14
-22
-53
-63
-37
0
43
39
45
44
49
93
120
139
120
85
81
67
98
86
60
33
-47
-38
-55
-32
-34
-57
-104
-160
-147
-175
-140
-186
-209
-279
-350
-321
-363
-327
-350
-398
-435
-457
-415
-376
-357
-355
-374
-432
-374
-380
-335
-285
-327
-268
-284
-143
-11
83
274
317
449
573
689
833
884
937
881
816
791
695
607
486
325
174
49
-29
-102
-163
-213
-288
-312
-276
-224
-150
-90
-30
27
91
190
266
341
387
392
403
399
402
379
326
255
179
117
97
79
53
61
25
42
86
136
202
224
264
259
264
306
268
238
191
73
18
-77
-143
-233
-391
-447
-593
-638
-647
-715
-719
-793
-801
-824
-828
-753
-743
-730
-688
-670
-613
-584
-578
-565
-637
-565
-528
-537
-451
-495
-475
-480
-309
-6
152
455
594
669
824
971
1152
1147
1209
1165
918
854
755
579
363
161
-19
-264
-287
-303
-460
-509
-552
-604
-574
-389
-208
-152
-29
94
160
303
477
563
541
550
528
443
446
391
247
57
-109
-197
-304
-289
-266
-338
-336
-304
-218
-83
62
281
314
427
601
590
746
727
733
665
537
566
335
292
130
-139
-271
-473
-513
-618
-639
-634
-709
-675
-652
-566
-466
-337
-261
-237
-174
-130
-103
-127
-109
-162
-249
-311
-379
-432
-546
-601
-713
-781
-759
-775
-801
-803
-821
-845
-801
-758
-646
-624
-551
-483
-350
78
360
633
985
1098
1189
1385
1563
1669
1683
1686
1444
1117
1095
893
535
425
214
-119
-241
-216
-317
-491
-482
-557
-709
-473
-174
-134
28
201
188
206
426
597
540
619
635
466
421
407
256
9
-129
-249
-410
-373
-304
-374
-403
-383
-313
-165
74
353
443
562
710
738
870
897
938
863
723
714
489
430
268
14
-177
-443
-499
-651
-701
-726
-873
-874
-912
-832
-725
-625
-501
-491
-387
-316
-251
-207
-243
-275
-360
-436
-453
-522
-575
-648
-776
-781
-891
-830
-832
-834
-704
-775
-692
-691
-561
-450
-363
-267
-319
-192
-138
217
631
1045
1326
1187
1342
1341
1465
1777
1689
1577
1232
948
752
475
524
255
-195
-347
-526
-609
-605
-608
-780
-1000
-886
-715
-510
-138
50
-43
-62
118
227
371
641
630
453
383
320
191
76
-5
-264
-513
-482
-447
-438
-321
-279
-320
-323
-41
208
410
728
816
840
853
969
979
889
961
839
635
576
476
233
30
-155
-375
-586
-565
-544
-698
-659
-687
-755
-692
-564
-470
-430
-306
-245
-266
-218
-151
-227
-294
-328
-412
-455
-513
-531
-629
-760
-770
-880
-873
-725
-711
-704
-742
-763
-724
-677
-483
-356
-320
-218
-147
31
640
1148
1358
1522
1470
1515
1674
1958
2122
1833
1602
1216
742
678
644
337
-68
-354
-603
-806
-732
-679
-923
-1056
-986
-925
-678
-214
-2
-69
-14
122
231
434
754
781
590
565
460
300
249
149
-140
-477
-505
-514
-529
-337
-347
-400
-355
-83
231
366
749
874
861
1023
1090
1127
1020
1041
885
635
637
428
163
-82
-294
-539
-759
-714
-773
-865
-835
-865
-886
-804
-640
-528
-419
-211
-127
-79
8
8
-54
-153
-160
-220
-315
-389
-572
-786
-966
-1082
-1153
-1202
-1188
-1125
-1173
-1091
-1045
-1057
-872
-786
-553
-421
-364
-182
-161
24
388
989
1409
1566
1691
1606
1702
1884
2066
1986
1632
1461
1014
629
671
497
117
-230
-456
-678
-797
-591
-645
-882
-819
-754
-706
-385
27
90
32
193
292
347
590
771
625
485
443
265
145
116
-27
-337
-517
-518
-539
-481
-346
-267
-307
-162
103
311
568
846
1004
979
1039
1093
1039
1000
1006
858
598
481
263
-15
-252
-441
-690
-932
-904
-954
-964
-893
-867
-871
-842
-636
-494
-331
-145
-107
-138
-137
-91
-93
-174
-235
-376
-612
-726
-872
-969
-1080
-1128
-1139
-1221
-1088
-1049
-1008
-985
-915
-805
-718
-416
-251
-156
-95
7
229
729
1436
1771
1901
1886
1838
1915
2110
2304
2048
1676
1271
781
591
543
381
-51
-492
-748
-963
-933
-776
-837
-994
-1048
-972
-803
-452
-96
-25
-68
-1
115
239
450
597
488
336
250
152
107
40
-72
-361
-567
-527
-504
-360
-257
-164
-133
-58
212
444
755
951
1111
1185
1138
1257
1205
1127
1064
914
708
416
285
42
-222
-357
-572
-700
-743
-699
-678
-721
-644
-642
-616
-396
-226
-71
45
57
-16
-110
-128
-151
-226
-281
-444
-668
-867
-1061
-1156
-1243
-1244
-1231
-1241
-1135
-1097
-1044
-972
-970
-846
-673
-481
-250
-101
-42
42
268
810
1405
1734
1893
1838
1762
1866
2036
2088
1883
1500
1046
564
311
293
71
-305
-614
-884
-1040
-989
-854
-883
-982
-924
-843
-689
-296
4
43
45
98
173
326
543
694
592
448
372
166
104
81
-40
-182
-334
-301
-274
-201
-29
34
81
245
453
643
946
1196
1281
1248
1177
1184
1093
1103
1042
778
587
280
57
-180
-349
-452
-742
-777
-802
-783
-694
-699
-649
-707
-642
-510
-401
-219
-154
-194
-291
-379
-414
-470
-528
-563
-724
-931
-1117
-1290
-1328
-1344
-1302
-1231
-1209
-1099
-1033
-956
-857
-792
-679
-557
-400
-225
-114
-47
80
354
852
1302
1576
1728
1689
1725
1848
1973
2006
1813
1513
1103
764
623
501
311
13
-317
-595
-752
-789
-780
-799
-841
-834
-759
-573
-318
-112
-26
-5
63
187
329
528
667
626
530
377
221
128
89
11
-128
-199
-289
-326
-301
-277
-143
-68
59
222
417
724
772
921
923
746
884
821
857
829
696
562
130
41
-154
-421
-416
-617
-715
-795
-804
-776
-850
-773
-776
-806
-677
-530
-427
-342
-395
-457
-556
-627
-550
-611
-622
-744
-929
-1055
-1212
-1128
-1119
-1124
-959
-924
-862
-721
-701
-643
-579
-439
-268
-193
76
169
263
662
1029
1423
1703
1853
1872
1865
2045
2107
2046
1928
1627
1200
837
687
502
273
70
-253
-549
-728
-788
-866
-950
-902
-906
-876
-675
-471
-332
-222
-105
-30
85
301
481
538
614
589
386
301
197
75
59
-12
-68
-127
-146
-108
-188
-66
87
93
420
570
689
908
917
986
820
818
791
579
717
564
388
264
-63
-232
-495
-523
-539
-658
-532
-625
-638
-603
-636
-561
-614
-549
-509
-477
-326
-361
-384
-519
-673
-701
-793
-761
-789
-900
-991
-1119
-1187
-1224
-1200
-1071
-994
-880
-737
-698
-597
-506
-381
-260
-137
55
160
410
777
1123
1423
1572
1629
1635
1691
1835
1927
1894
1758
1489
1123
839
639
453
249
38
-164
-398
-565
-649
-797
-924
-969
-991
-937
-750
-508
-378
-306
-237
-221
-159
27
220
296
368
386
304
222
145
34
-148
-211
-211
-214
-80
28
72
114
164
309
409
601
812
878
1007
993
910
773
571
471
300
253
182
25
-103
-352
-503
-650
-697
-660
-660
-595
-569
-497
-463
-434
-448
-509
-512
-537
-485
-460
-464
-530
-715
-889
-1050
-1128
-1117
-1098
-1080
-1092
-1134
-1145
-1083
-937
-762
-574
-422
-313
-186
-39
93
237
359
466
623
909
1277
1554
1780
1828
1741
1671
1620
1622
1566
1500
1343
1012
761
556
344
166
-11
-188
-392
-476
-489
-567
-598
-619
-722
-799
-713
-570
-431
-272
-178
-192
-185
-78
-8
53
158
166
153
193
215
201
137
88
7
39
275
431
619
722
693
700
659
740
757
800
896
777
746
644
440
264
6
-144
-319
-381
-360
-421
-403
-455
-528
-594
-610
-542
-492
-395
-333
-320
-354
-431
-489
-647
-785
-914
-1071
-1161
-1262
-1303
-1382
-1466
-1500
-1556
-1499
-1390
-1245
-1089
-927
-744
-608
-401
-235
-90
119
265
439
638
882
1117
1306
1515
1575
1573
1618
1604
1557
1525
1432
1220
995
837
657
508
438
327
153
32
-23
-116
-162
-173
-254
-331
-339
-289
-276
-225
-182
-228
-230
-222
-164
-111
-88
-21
-57
-80
-59
-119
-73
-82
8
276
269
456
511
447
621
598
876
889
919
1098
782
826
698
567
502
212
237
-82
-167
-133
-374
-346
-517
-564
-648
-716
-496
-553
-491
-472
-639
-728
-871
-859
-899
-945
-837
-915
-975
-952
-983
-1013
-1069
-1059
-1104
-1138
-1042
-982
-951
-886
-811
-822
-766
-578
-416
-204
23
211
355
498
700
851
1022
1233
1366
1471
1568
1632
1638
1568
1466
1314
1147
1016
876
732
582
430
234
50
-86
-210
-254
-263
-208
-117
-40
51
24
11
8
3
110
192
279
309
277
249
162
159
135
97
101
48
69
64
68
47
-60
-93
-154
-133
-47
-11
43
9
-7
-2
-4
64
75
41
-26
-127
-204
-280
-331
-405
-530
-649
-769
-847
-886
-897
-914
-969
-982
-978
-936
-840
-749
-689
-653
-624
-589
-522
-443
-361
-337
-319
-303
-330
-298
-298
-304
-300
-334
-271
-190
-65
112
194
293
341
394
529
651
853
995
1066
1125
1084
1076
1051
1021
1025
971
952
895
814
755
625
515
379
270
239
201
216
226
228
234
226
266
273
297
367
398
435
447
433
351
239
174
92
48
26
-53
-164
-303
-424
-532
-621
-654
-719
-776
-784
-781
-749
-708
-664
-639
-616
-540
-465
-366
-277
-233
-215
-233
-221
-203
-165
-114
-111
-119
-165
-212
-250
-272
-276
-312
-354
-393
-398
-366
-291
-241
-226
-216
-212
-91
76
273
457
513
554
472
419
393
298
305
188
127
104
27
60
-16
-29
-71
-152
-86
-114
-32
37
38
104
92
183
243
321
448
457
519
535
537
569
550
567
519
465
427
339
287
211
146
92
29
40
23
16
25
10
-1
-30
-29
-57
-76
-56
-40
-1
39
62
20
-49
-103
-174
-223
-248
-292
-342
-395
-444
-499
-559
-590
-632
-673
-692
-673
-626
-539
-442
-359
-282
-210
-139
-60
39
154
247
294
326
309
284
266
212
172
118
99
85
45
33
-33
-101
-149
-172
-139
-76
7
67
129
205
274
352
409
469
498
490
481
427
393
358
299
243
178
114
32
-44
-106
-167
-187
-183
-200
-178
-149
-143
-168
-183
-171
-121
-7
103
211
296
375
398
377
366
305
252
181
125
98
43
-15
-114
-223
-287
-304
-278
-250
-204
-124
-81
-83
-70
-91
-102
-86
-94
-67
5
99
93
81
78
-13
-110
-223
-239
-241
-211
-217
-350
-412
-479
-522
-582
-604
-528
-476
-381
-267
-167
-38
-25
-71
-100
-43
129
202
268
270
265
235
167
183
201
208
170
135
150
178
209
152
84
101
105
135
165
267
319
282
275
278
304
333
373
342
277
226
149
82
38
42
35
-102
-198
-257
-293
-282
-287
-278
-336
-346
-343
-352
-321
-210
-194
-204
-134
-101
-22
33
150
142
98
150
130
88
74
83
30
-24
-56
-109
-129
-16
-23
-117
-154
-126
-80
-45
75
77
44
33
17
45
99
159
156
136
152
94
53
2
-62
-47
-120
-195
-251
-179
-166
-339
-321
-297
-259
-160
-87
19
116
214
172
147
233
282
311
334
409
467
411
362
256
208
261
223
202
134
195
270
254
222
121
63
-13
54
106
107
53
64
178
126
25
-97
-119
-88
-88
-78
-101
-146
-164
-208
-247
-287
-374
-404
-449
-381
-350
-382
-304
-333
-304
-382
-360
-199
-186
-124
-165
-103
-5
55
93
17
-6
6
26
79
120
73
55
89
118
100
99
111
43
74
104
125
157
182
143
146
194
195
181
151
231
167
243
271
228
257
158
180
94
22
-33
-146
-45
-114
-88
-105
-135
-114
-303
-200
-187
-162
-163
-126
-23
-60
-26
-27
13
136
122
30
22
59
142
118
155
94
-37
-41
-16
90
124
24
-37
-20
11
15
-113
-97
-33
-65
-112
-100
-17
-48
-96
-74
-22
-77
-13
-15
-17
-8
-133
-186
-255
-88
-115
-260
-231
-275
-243
-269
-219
-179
-175
-100
-156
-190
-81
2
-45
-71
-51
19
18
10
123
131
208
112
-43
97
165
90
30
8
62
81
10
2
-30
55
4
0
51
86
178
105
179
191
211
243
233
240
217
206
118
47
63
46
7
-54
-74
-52
-166
-201
-181
-88
-121
-157
-98
-99
-41
-47
44
20
38
49
62
180
187
232
171
225
222
172
238
198
196
142
157
103
62
164
128
145
82
26
42
55
142
137
143
112
32
-7
-51
-50
-96
-127
-109
-138
-171
-212
-213
-160
-245
-333
-335
-279
-226
-192
-171
-255
-270
-164
-152
-204
-208
-181
-130
-183
-108
-31
-73
-110
-97
-73
-74
26
-61
-19
75
30
74
102
186
215
149
170
110
141
373
405
374
299
305
361
286
314
275
185
144
114
141
207
113
-34
-91
-109
-149
-181
-141
-76
-59
-119
-131
-110
-4
-56
-112
-70
-53
-35
-97
9
53
5
-53
-120
-57
-5
-36
-97
-6
54
102
70
38
54
-18
49
29
22
31
-26
15
-39
-81
-94
-153
-130
-212
-173
-127
-176
-166
-207
-179
-206
-161
-205
-223
-183
-176
-141
-125
-160
-166
-99
-119
-51
-24
-13
-110
-168
-67
-13
-35
-116
-129
-9
44
9
7
55
160
75
127
191
210
252
198
277
277
347
302
298
323
237
306
294
298
343
320
302
277
202
242
191
174
65
14
91
67
116
28
15
-26
-109
-101
-183
-99
-48
-131
-200
-272
-156
-221
-290
-305
-345
-262
-243
-288
-338
-310
-248
-250
-224
-155
-140
-125
-149
-97
-45
-7
-7
-98
-68
-41
-44
-133
-108
-25
-17
-9
-71
-63
-39
40
16
-14
5
54
51
-43
-21
24
56
-43
-92
-69
37
56
20
39
41
94
-2
9
90
177
182
19
53
94
126
125
36
93
40
19
63
44
96
58
92
123
79
144
173
161
205
156
165
138
137
216
154
204
166
100
167
191
173
95
98
38
-60
-26
-34
-59
-140
-74
-31
-59
-94
-128
-145
-116
2
-70
-142
-141
-95
-94
-117
-146
-203
-197
-210
-299
-273
-140
-66
-159
-194
-96
-77
-144
-161
-39
-20
-46
-108
-113
-14
10
-1
-46
6
39
24
97
165
195
194
155
162
114
115
119
69
143
110
66
105
82
40
38
22
15
-31
-12
-16
-21
44
-22
-3
-29
26
12
-34
3
48
118
41
48
-3
14
8
-26
-9
-19
-4
-62
-77
-44
-21
-38
-113
-45
-57
-43
-4
-37
-12
-42
7
-10
-38
-27
-2
12
23
-7
21
54
76
40
-65
-11
42
-3
-102
-95
-18
-39
-104
-95
-43
-36
-102
-113
2
70
28
-6
-9
17
30
60
-2
-33
14
-38
-2
-11
15
-33
-90
5
-27
-6
26
-29
-78
-38
8
-3
-16
16
45
48
159
159
124
122
163
181
134
149
120
79
79
105
69
30
2
-52
-47
-36
-6
-64
-41
47
18
23
26
31
63
39
19
26
-24
22
2
32
15
-41
-65
-69
-25
-98
-118
-115
-107
-144
-103
-77
-42
-97
-173
-93
-4
20
-88
-40
1
21
-31
-62
-3
-55
-45
-66
-43
41
21
5
27
57
98
88
100
133
125
137
105
69
104
102
114
77
23
76
-13
-10
-37
12
74
-73
-52
-170
-120
-70
-144
-138
-162
-119
-182
-208
-174
-81
-72
-120
-106
-101
-65
-42
-71
-78
-5
-24
-25
-24
-28
40
-6
-45
-13
32
52
21
-13
7
37
-4
-8
39
43
23
44
-16
28
84
5
44
9
-3
-15
-31
-9
-88
-46
-86
-95
-100
-63
23
-34
70
22
-1
8
48
34
-32
37
1
31
-16
-8
-7
27
-15
-18
36
45
95
-12
104
109
105
119
-26
32
102
90
102
137
135
167
117
160
172
168
246
156
154
145
140
110
78
107
31
-13
-44
-137
-74
-34
-76
-133
-210
-98
-64
-86
-145
-129
-39
-57
-51
-134
-72
-51
-93
-58
-71
-13
-92
-124
-76
-62
-23
-93
-159
-147
-86
17
-49
-58
-13
-38
0
7
98
123
124
93
110
146
134
114
39
75
111
49
15
-3
-22
33
-24
-37
-4
-30
-19
-17
24
35
29
3
22
102
46
25
59
88
56
41
65
-3
-8
-59
-7
-95
-138
-34
-51
-8
-100
-80
-76
52
122
31
94
92
98
50
117
179
96
31
10
-13
28
27
-5
-82
-79
-101
-204
-169
-89
-63
-172
-147
-122
-80
-67
-41
-47
10
32
-53
-50
-55
32
-64
-108
-68
-98
-66
-84
-85
-71
-99
-36
-14
-63
17
33
90
89
39
128
72
157
142
113
142
100
188
170
190
178
159
141
135
154
174
179
169
146
172
148
91
74
110
208
133
68
20
92
52
30
49
-14
7
-62
-52
-57
-20
-52
-114
-113
-48
-12
-56
-63
-89
-56
-67
-67
-101
-121
-101
-164
-93
-86
-24
-77
-142
-94
-157
-85
-80
-4
-76
-163
-137
-145
-31
-91
-139
-113
-142
-116
-111
-55
-19
-96
-94
-71
-2
75
69
51
37
73
29
14
115
141
111
11
-22
40
48
62
-26
-33
51
16
-45
-45
35
-23
-10
-3
-30
18
2
53
18
65
96
1
27
56
68
55
83
99
68
110
92
93
53
54
94
69
80
58
66
27
-15
-28
49
58
-5
-76
-116
-12
15
-20
-86
-102
-99
-147
-94
-73
-95
-87
-122
-86
-104
-88
-67
-73
-12
-19
-23
-86
-19
7
-16
38
-8
-22
-46
-17
-2
-4
37
5
-1
-5
58
84
40
67
59
98
128
151
50
51
135
109
135
123
122
75
96
117
73
90
72
31
-4
11
58
6
23
22
-57
-38
5
20
1
34
45
-23
2
62
53
21
-11
18
-3
18
-34
-59
1
36
-44
-91
-41
-36
-30
-101
-30
-88
-68
-47
-129
-40
-30
-19
-34
-36
33
-23
-23
65
66
1
-108
-41
-27
-34
-68
-87
6
-72
-134
-133
-66
-8
-81
-70
-88
-46
-66
-90
16
5
-19
-85
-67
29
40
-14
-26
6
-1
-10
-60
-69
20
-18
-43
-43
19
32
-49
-57
2
102
38
25
4
99
139
37
75
68
127
37
-15
100
65
83
0
-66
72
45
16
-4
7
65
-4
-28
5
36
14
18
-27
-50
8
21
-19
-30
25
4
-25
-50
-62
-68
-18
-4
-41
-44
-80
-20
-20
8
40
-50
-15
20
3
8
-19
63
0
-38
-13
-29
38
-54
-58
-45
-14
-12
-34
-26
0
2
-20
-10
18
25
-5
-3
-30
51
-24
-27
16
30
25
-31
10
18
41
31
6
-29
25
10
25
24
-15
17
3
29
25
6
46
32
7
-1
43
65
41
33
14
40
-10
25
63
98
73
-33
59
65
78
56
-17
48
31
40
29
10
19
-12
-24
3
-13
-34
-36
-25
-2
-58
-28
-14
-3
-14
-31
-3
-57
-47
-48
-17
40
-1
-53
-45
17
-4
-21
-25
21
-19
-108
-64
-44
34
-17
-58
-51
-44
6
-12
12
76
42
-14
-4
35
71
32
46
52
-1
-7
-54
31
64
21
35
-82
13
24
-16
39
-60
5
-20
-59
-13
-63
6
-8
-21
-12
-40
41
-19
13
41
68
38
-57
-11
23
63
28
-3
-20
-52
-78
8
45
76
-7
-63
-15
0
80
34
52
15
-34
-10
-9
25
-4
-39
-18
-25
-9
-14
-8
22
56
50
-39
-58
17
81
53
-11
-40
-16
-11
-45
-28
39
56
-30
-88
-35
18
38
4
-25
-12
-58
-72
-25
-19
0
-37
-73
-30
-49
7
34
4
6
-4
-4
12
-27
-63
0
33
47
-47
-47
2
-33
32
6
64
55
-23
35
-40
90
77
-38
57
-48
46
31
-15
51
-56
52
-15
-20
13
-59
47
-54
7
-24
-55
27
-66
29
-6
21
6
-111
65
23
50
-8
-83
68
20
55
-13
-3
67
-33
-9
0
60
80
-54
6
17
12
49
-3
5
13
10
10
-6
23
51
-8
-17
-28
12
41
15
6
-32
17
41
-6
10
53
39
-9
-22
4
54
30
-43
-59
-38
23
-6
-44
-54
-45
-7
-64
-28
20
1
33
-80
-37
45
8
19
-36
-7
-46
-28
-28
-14
38
-20
-79
-87
-57
-17
17
-25
-24
-84
-22
14
27
0
15
51
21
39
-6
20
85
52
-32
-37
-8
45
-1
21
6
-3
-39
-53
26
27
29
-32
-77
-21
31
-26
-43
-39
6
8
-10
-25
-29
24
31
18
-1
1
27
22
-13
40
17
-12
-29
-39
9
51
28
-30
-30
-32
8
26
21
11
-63
-52
-25
3
61
-19
-15
-64
-14
65
8
25
-11
26
23
-23
-36
6
39
-5
-19
-10
30
4
-11
61
89
36
-37
-27
64
48
27
8
-8
6
-46
25
57
47
36
4
65
29
-12
11
57
46
-51
-36
20
35
20
-51
-16
74
21
-29
-47
39
88
12
-29
-17
73
56
-14
-15
19
46
-7
-85
2
42
10
-15
-76
0
21
33
-5
-66
-13
-11
-23
-8
-62
-14
-49
-73
-15
-56
21
-14
-68
-37
-20
4
-28
0
-17
-42
-4
-28
-16
-9
14
40
-25
-6
25
36
8
-42
-13
8
38
0
-36
57
46
8
-27
-26
18
-7
17
-43
-11
20
-26
-1
-39
26
25
12
19
-37
15
25
4
-20
-29
12
-16
-21
-13
-26
-23
-13
-32
-29
3
7
-14
-46
-22
17
40
22
-9
9
48
60
0
5
46
25
12
-25
16
42
14
7
-27
9
15
0
-9
-9
14
-4
13
11
2
10
44
43
-16
-6
30
51
17
-33
-39
11
26
7
-21
-15
6
-13
-3
26
53
-12
-20
-18
3
53
20
17
-32
-10
-8
10
19
-9
6
-5
39
27
17
21
20
27
32
29
26
36
45
29
1
10
-16
9
-13
-10
24
-27
-7
-1
13
19
-18
-1
9
27
-6
-24
18
6
-10
-41
-28
8
22
14
1
1
18
40
7
-24
-35
15
15
-19
-22
-40
47
11
-38
-18
5
59
8
-37
14
40
17
-18
-38
5
19
11
-25
-41
-1
9
-8
-43
-52
-6
12
-22
-25
-44
0
26
-25
-26
-31
29
9
-23
5
6
45
12
4
17
7
36
23
8
12
-10
11
3
14
-3
-1
32
24
11
11
41
29
5
-4
35
31
2
-15
-14
19
-2
-11
-7
11
37
-11
-22
2
10
-5
-22
7
3
-4
-3
-15
-3
-5
-30
-34
-27
-5
-14
-37
-26
-3
5
-19
-31
-24
-8
19
-27
-55
-51
-25
8
-38
-53
-58
-18
-12
-64
-56
-32
22
-10
-67
-60
-9
23
-21
-51
-27
25
25
-21
-7
35
41
3
-23
-3
45
40
4
-2
-7
28
34
31
23
11
19
23
19
17
20
37
37
9
5
4
44
48
15
-2
8
34
24
9
4
20
32
8
-5
17
22
16
-8
-7
21
20
5
-13
-5
9
12
7
3
10
20
9
-12
-23
-21
-3
-12
-31
-34
-26
-14
-28
-40
-16
-9
-2
-18
-21
-10
-17
-14
-26
-27
-16
-9
-5
-13
-11
-5
9
8
-3
9
14
16
-4
-5
16
25
15
-13
3
5
6
6
-1
12
14
12
15
16
22
22
16
13
18
30
26
20
5
7
22
25
15
0
7
18
22
12
-4
-5
-6
-9
-16
-29
-18
-5
6
2
-8
-8
0
7
-5
-15
-9
4
-4
-27
-31
-20
-4
-8
-34
-42
-25
-10
-17
-27
-32
-16
-8
-15
-17
-5
6
4
-3
-10
-3
11
18
12
5
0
4
12
16
10
0
-3
4
-2
-18
-18
-13
-7
-14
-21
-26
-12
-3
-6
-8
-11
5
8
4
-6
-11
2
9
10
-2
-5
8
11
0
-3
0
11
10
-3
-3
5
13
10
9
12
15
12
12
18
19
10
4
7
9
5
-5
-1
-3
3
0
-5
5
5
8
2
-5
-6
-3
-5
-1
-7
-1
3
1
3
2
11
11
14
8
4
10
8
13
3
9
5
9
12
4
0
-6
-2
-4
-7
-7
-2
3
0
-1
-4
-2
5
7
3
1
3
4
1
5
6
7
6
3
-3
-1
1
2
-1
-2
-2
-4
-1
6
9
8
8
5
8
6
3
5
5
9
4
-3
-3
-5
1
-2
-7
-9
-9
3
2
-1
-9
-6
-2
-6
-9
-12
-7
-2
-4
1
-1
-2
-1
-4
-1
-6
-6
-3
3
-2
-7
-7
-5
3
-1
-4
-11
-9
-7
-10
-11
-12
-13
-12
-8
-8
-13
-8
-9
-7
-7
-11
-3
-3
-3
-4
-6
1
1
-3
-5
-4
-1
0
1
2
-1
-4
-8
-4
1
4
6
8
10
0
-2
-4
-1
2
-7
-8
-8
-3
-4
-7
-2
0
4
-3
-2
3
9
6
2
1
3
7
3
1
1
4
6
4
0
0
5
11
14
11
8
8
7
10
8
6
5
2
3
-3
-5
-4
1
0
-2
-2
4
10
10
7
5
9
6
6
2
1
4
2
-1
-1
2
2
2
2
-1
-1
-2
-1
-1
-2
0
2
9
8
8
5
8
7
1
-2
-2
-4
-4
-5
-9
-7
-6
-5
-5
-5
-6
-2
-2
-4
-2
-1
-1
-2
-3
-2
2
3
3
3
5
4
2
-2
-3
-1
3
4
2
2
2
2
0
-3
-6
-2
-3
-7
-5
-6
-2
-2
-4
0
1
2
0
-2
0
1
-3
-7
-6
-6
-4
-4
-4
-4
-8
-8
-9
-8
-5
-5
-5
-4
-2
-2
-4
-2
2
2
1
-4
-6
-3
-5
-4
-6
-6
-4
-4
-4
-6
-3
-4
-2
-2
-4
-2
-2
0
-4
-5
-4
-2
-3
-3
-4
0
2
-1
-2
-2
0
-1
-2
0
2
6
5
2
3
0
2
3
2
1
0
1
2
4
3
2
4
5
3
1
2
3
2
3
2
0
2
0
-1
-3
1
1
0
-1
-2
-4
-4
-2
-1
2
1
2
1
2
3
2
3
1
-1
-4
-2
0
-1
-3
-5
-3
-1
-2
-2
-4
-1
-2
-2
-5
-3
0
-2
-2
0
0
1
3
2
3
4
2
4
7
6
7
6
5
7
7
7
7
6
5
6
5
4
4
4
3
0
0
-1
1
4
3
2
3
5
4
2
0
-1
-3
-2
-3
-5
0
-3
-3
-3
-1
-2
-3
-4
-3
-2
0
0
1
1
2
0
-1
1
0
0
-4
-2
-2
-2
-3
-2
0
0
1
0
0
-1
-4
-5
-4
-3
-3
-3
-1
0
-1
0
1
2
2
-1
-3
-3
-4
-3
-2
-2
2
5
5
2
5
4
2
3
1
1
2
-1
-2
-2
-1
-1
0
0
2
1
1
1
-1
0
0
-1
0
1
2
2
3
3
5
5
4
3
4
4
5
6
4
5
6
6
5
8
4
4
4
2
3
2
2
4
2
4
5
5
4
4
4
4
6
4
3
3
3
4
3
4
4
3
0
-2
-1
-2
2
0
-1
2
2
2
2
1
0
-1
-2
-3
-4
-5
-6
-5
-3
-4
-1
0
0
-2
-5
-4
-4
-7
-5
-8
-9
-10
-9
-8
-8
-6
-6
-4
-3
-5
-3
-3
-2
-4
-6
-6
-3
-2
-3
-2
-1
1
3
1
1
3
2
1
0
0
2
1
2
0
0
1
1
1
0
-1
0
3
2
3
3
3
3
3
3
3
4
3
3
3
3
4
3
3
3
2
1
-2
-2
-3
-3
-4
-3
-4
-4
-4
-5
-8
-5
-3
-2
-3
-2
-2
-2
-3
-4
-4
-5
-5
-4
-3
-1
-1
-2
-1
-3
-2
-2
-3
-1
1
1
1
-1
-1
-1
-3
-2
0
0
0
-1
1
-1
-1
0
0
1
2
3
4
5
4
3
2
3
0
3
2
2
2
3
4
3
4
3
3
2
3
4
5
5
6
6
4
4
3
3
2
2
1
0
0
2
-1
-2
-2
-1
-1
1
3
3
5
3
1
1
1
0
0
-1
0
-3
-4
-6
-4
-2
-3
-2
-1
-1
0
-1
-1
0
2
5
4
4
1
2
2
0
-1
-1
0
0
-4
-3
-1
0
2
4
5
5
6
4
3
1
0
1
0
1
2
2
3
2
0
-1
0
0
0
0
0
2
0
-1
-3
-4
-4
-3
-4
-3
-3
-3
-4
-3
-1
1
0
0
-1
-1
-1
0
1
-1
-1
-1
-3
0
0
-1
-1
-2
-2
-1
0
2
1
1
1
-1
-3
-3
-2
-2
0
1
0
3
2
1
0
-1
-1
-2
-1
0
2
2
1
0
0
0
1
0
-2
-3
-2
-2
-1
0
1
1
2
2
3
4
2
0
-1
-1
-1
0
1
0
0
0
0
-2
0
0
-1
1
1
-1
-2
-1
-1
-1
2
3
2
3
3
3
2
1
0
-1
0
1
0
1
0
-1
0
1
1
0
1
-1
-1
0
1
2
3
4
5
5
4
4
3
2
2
1
0
2
2
2
1
1
1
2
2
1
2
1
1
1
0
0
1
1
2
1
0
1
1
1
-1
-1
-1
-2
-3
-3
-2
-2
-3
-2
-3
-2
-2
-2
-1
-1
-3
-3
-3
-3
-2
-1
-2
-1
-2
-3
-3
-4
-4
-4
-4
-3
-4
-3
-3
-2
-3
-3
-4
-4
-1
-2
1
1
1
1
1
2
1
2
1
1
1
-1
0
2
3
1
0
0
0
2
2
2
3
2
2
2
2
2
2
1
-1
-2
-2
-2
-3
-2
-2
-2
-3
-3
-1
-1
0
-1
-2
-2
-2
-1
0
0
1
0
0
2
2
1
2
2
2
2
0
1
1
0
2
1
2
1
2
1
0
-1
0
0
0
-1
-2
-2
-2
-3
-2
-1
-1
0
1
2
2
2
2
1
-1
0
0
1
1
0
-1
-1
0
0
-1
-1
-1
-2
0
1
1
2
3
4
4
5
5
3
2
3
2
1
1
1
2
2
1
0
1
1
0
0
1
2
1
1
0
1
1
0
0
-1
-1
0
1
0
0
0
-1
-1
-1
-2
-2
-3
-2
-3
-4
-4
-3
-2
-3
-3
-3
-3
-2
-3
-3
-4
-5
-2
0
0
0
-1
-2
0
0
1
-1
0
2
0
1
1
1
0
0
-1
-1
1
2
1
0
1
1
0
0
0
0
1
1
-1
-1
-1
-3
-1
-3
-2
-1
0
0
-2
-1
-1
-3
-2
-1
-1
-1
-2
-3
-3
-2
-2
-2
-1
-1
0
1
0
-2
-3
-3
-3
-1
-3
-1
-2
-1
-2
-2
-1
-2
-4
-3
-3
-3
-1
-2
-1
-2
-1
-1
-1
-1
-2
-2
0
0
0
1
0
2
1
3
4
2
1
2
2
3
3
2
2
1
0
0
2
2
0
1
1
2
1
1
1
1
-1
-1
-1
-3
-3
-1
-1
-1
-1
-1
-3
-2
-1
-1
-1
0
1
2
3
2
2
1
2
2
2
3
1
2
2
2
1
1
0
0
-1
1
2
1
2
1
2
3
3
2
3
2
1
1
1
2
3
4
4
3
2
3
1
2
2
1
3
3
3
3
3
3
1
2
2
2
2
5
5
4
6
4
2
2
2
1
3
1
1
2
3
4
4
1
0
-2
-2
-3
-2
-3
-2
0
1
-1
0
-1
-2
-2
-2
-1
-1
0
-1
0
-2
-1
0
-1
-1
-1
0
-1
-1
-2
-2
-3
-2
-2
-1
-1
0
0
0
-2
-4
-4
-3
-2
-2
-1
-1
-2
-2
-2
-1
-1
-2
-3
-3
-3
-4
-3
-2
-3
-4
-2
-3
-2
-2
-2
-2
-3
-2
-1
-1
0
1
0
0
0
0
-1
-2
-1
-1
-2
-2
0
-1
0
-1
-2
-2
-1
-1
1
1
0
0
0
2
2
3
2
1
2
1
-1
-1
-3
-5
-4
-3
-3
-2
-2
-3
-1
-1
-2
-2
-2
-1
-1
0
0
-1
1
1
1
1
2
1
3
0
1
0
-1
1
0
1
-1
0
1
0
1
3
3
2
1
1
1
2
2
1
1
2
2
2
2
1
1
0
-1
-1
-1
1
1
1
1
0
0
0
0
0
-1
-1
-2
-1
0
1
1
1
1
1
0
1
-2
-2
-2
-4
-3
-3
-2
-2
-2
-1
-1
0
0
-2
-2
-4
-4
-3
-3
-3
-2
-3
-2
-2
-1
-1
0
-1
-2
-1
0
0
-1
-1
-2
-1
-1
0
-1
-1
-2
-2
-2
-1
-1
1
1
1
2
3
2
2
1
-1
-1
-2
0
-1
-1
1
2
2
2
2
3
4
2
2
1
1
1
1
2
3
2
2
3
2
3
4
3
3
2
2
1
1
2
0
1
2
1
0
-2
0
-1
-2
-2
-2
-1
-1
1
1
-1
0
0
0
-1
1
-1
-1
0
1
0
2
3
2
3
4
4
4
4
2
1
0
-2
-1
1
2
3
3
3
4
5
5
5
5
3
4
3
1
4
2
2
1
1
0
-1
-1
-2
-2
-3
-3
-3
-2
-1
-1
1
2
2
3
4
3
1
1
1
1
0
-2
-2
-2
-3
-1
0
0
0
-2
-1
-1
-1
-2
-2
-2
0
0
1
1
1
0
1
0
-1
-1
-1
-2
-3
-5
-3
-3
-4
-2
-2
-2
-3
-3
-3
-3
-3
-2
-1
0
-1
-1
-1
1
0
0
1
0
-2
-3
-3
-3
-3
-3
-4
-3
-3
-2
-4
-3
-1
-2
-2
-1
-2
-1
0
-1
-1
-1
-2
-2
-2
-1
-2
-1
-2
-2
-3
-3
-2
-2
-1
-1
0
1
0
0
-1
-1
-2
-3
-3
-3
-1
1
1
2
1
1
0
1
1
0
2
1
1
2
0
1
1
1
-1
-1
0
0
1
1
1
3
2
4
5
4
4
3
3
2
1
1
0
1
1
-1
-1
0
-1
0
0
1
1
1
0
-1
-1
0
0
2
3
3
3
3
0
0
0
1
0
-1
-1
-2
-1
-2
0
-1
-3
-1
-1
-1
0
-1
-1
-1
-2
-2
-1
-1
-1
-1
-2
-1
-1
1
0
1
1
0
0
-1
-3
-2
-2
-1
-1
2
0
0
2
1
0
1
0
1
1
2
2
1
2
1
1
2
1
2
0
1
1
2
4
1
0
2
2
2
3
4
2
1
0
0
2
2
3
1
3
4
3
3
3
3
1
0
0
0
1
2
2
1
1
0
0
0
-1
-2
-2
-2
-1
-1
0
0
2
1
-1
0
2
0
0
1
-2
0
1
2
2
4
3
3
2
2
2
2
2
1
0
0
0
1
2
3
4
3
4
4
4
3
1
2
1
1
0
-1
0
1
1
1
1
1
2
1
2
2
1
1
0
1
3
3
3
3
3
2
1
2
1
2
2
0
0
0
0
0
0
-1
0
-1
-1
0
0
0
0
1
0
0
0
1
1
0
0
0
1
0
-1
-2
-1
-1
-1
-1
0
1
1
2
1
0
-2
-2
-2
-2
-1
-1
-1
0
-1
-2
-2
-1
-1
-1
-2
-3
-3
-3
-1
-1
1
0
-2
-1
-2
-2
-3
-2
-2
-2
1
1
2
2
3
3
3
1
1
0
