1.000000e-030   1.111111e-001   1.000000e-030   5.555556e-001   1.000000e-030   1.000000e-030   1.000000e-030   1.000000e-030   1.000000e-030   1.000000e-030   1.000000e-030   1.000000e-030   1.000000e-030   1.431013e-223   1.000000e-030   1.000000e-030   1.000000e-030   2.222222e-001   1.000000e-030   1.000000e-030   1.000000e-030   1.000000e-030   1.000000e-030   1.000000e-030   1.000000e-030   1.000000e-030   1.000000e-030   1.000000e-030   1.000000e-030   1.111111e-001   1.000000e-030   1.000000e-030   

1.000000e-030   7.754988e-255   1.000000e-030   1.572982e-254   1.000000e-030   1.000000e-030   6.226383e-238   1.000000e-030   1.000000e-030   1.000000e-030   4.745323e-243   1.000000e+000   1.000000e-030   1.287912e-222   1.000000e-030   1.000000e-030   1.000000e-030   1.000000e-030   1.000000e-030   1.000000e-030   1.000000e-030   1.000000e-030   1.000000e-030   1.000000e-030   1.000000e-030   1.000000e-030   1.000000e-030   1.000000e-030   1.000000e-030   1.000000e-030   1.000000e-030   2.881804e-244   

1.000000e-030   1.000000e-030   1.000000e-030   1.000000e-030   1.000000e-030   1.624142e-237   4.672297e-236   1.000000e-030   1.000000e-030   1.115740e-159   6.990516e-001   1.032199e-245   1.000000e-030   2.250792e-223   1.000000e-030   1.000000e-030   1.000000e-030   1.355284e-285   1.000000e-030   1.000000e-030   1.000000e-030   1.000000e-030   1.000000e-030   1.000000e-030   2.902261e-240   1.000000e-030   1.000000e-030   1.000000e-030   1.000000e-030   1.000000e-030   1.000000e-030   3.009484e-001   

1.000000e-030   1.000000e-030   9.875910e-234   1.000000e-030   1.000000e-030   2.443402e-001   4.072337e-001   7.853114e-232   1.000000e-030   1.628935e-001   2.650634e-244   1.000000e-030   5.928015e-231   1.061167e-223   1.000000e-030   1.000000e-030   1.000000e-030   2.424721e-226   8.299221e-230   1.161891e-228   1.000000e-030   1.000000e-030   1.000000e-030   1.000000e-030   8.144674e-002   1.000000e-030   1.000000e-030   1.000000e-030   1.000000e-030   1.103835e-316   1.000000e-030   1.040858e-001   

1.000000e-030   1.000000e-030   7.142857e-002   1.000000e-030   1.000000e-030   5.198781e-265   2.682447e-234   2.857143e-001   1.000000e-030   1.000000e-030   1.000000e-030   1.000000e-030   7.142857e-002   1.428571e-001   1.000000e-030   1.000000e-030   1.000000e-030   2.857143e-001   7.142857e-002   7.142857e-002   1.000000e-030   1.000000e-030   1.000000e-030   1.000000e-030   1.147391e-265   1.000000e-030   1.000000e-030   1.000000e-030   1.000000e-030   1.000000e-030   1.000000e-030   1.000000e-030   

