-625
-626
-598
-658
-642
-586
-575
-490
-498
-545
-501
-474
-427
-359
-360
-380
-394
-314
-276
-272
-240
-273
-180
-5
317
685
761
788
906
1076
1217
1462
1536
1293
1198
1188
1105
968
932
735
373
328
304
127
-30
-49
-111
-218
-31
38
-62
-31
52
156
220
373
391
312
331
405
479
426
409
331
275
280
323
275
94
82
61
67
182
216
153
95
144
188
233
286
243
163
149
144
102
37
-73
-210
-321
-396
-522
-648
-821
-966
-1088
-1160
-1211
-1302
-1332
-1367
-1319
-1256
-1176
-1136
-1063
-1002
-908
-759
-703
-602
-568
-509
-462
-369
-307
-292
-224
-240
-152
-102
-61
-28
106
221
302
760
865
859
1081
1211
1248
1322
1627
1419
1160
1338
1188
951
964
930
502
285
400
169
-63
14
1
-297
-203
-10
-200
-177
-35
-15
-78
124
248
84
184
234
160
201
309
232
175
216
144
159
166
160
57
67
115
78
185
137
116
104
106
182
170
182
131
124
73
51
25
-110
-230
-371
-459
-591
-667
-829
-1040
-1136
-1257
-1268
-1312
-1331
-1373
-1374
-1252
-1214
-1054
-975
-926
-837
-716
-644
-620
-501
-559
-494
-438
-355
-412
-392
-343
-437
-230
-233
-127
-73
46
225
391
824
861
1001
1245
1365
1517
1663
1806
1589
1552
1603
1438
1323
1281
1125
732
666
564
250
155
145
70
-135
-27
-31
-233
-104
-17
-9
4
121
117
49
198
205
207
230
246
208
222
305
194
195
161
153
175
170
177
53
92
92
82
145
129
116
51
62
25
-44
-82
-122
-169
-244
-292
-442
-599
-760
-867
-943
-1068
-1129
-1234
-1329
-1352
-1334
-1329
-1303
-1260
-1171
-1097
-1021
-898
-899
-826
-754
-666
-541
-496
-438
-410
-394
-376
-275
-223
-218
-182
-64
66
173
574
761
758
1023
1256
1407
1536
1794
1791
1613
1771
1791
1595
1509
1491
1231
985
972
787
460
330
352
155
50
128
-49
-161
-98
12
26
33
111
55
54
144
200
165
185
191
175
211
192
185
119
90
114
103
105
41
14
-33
-44
7
-7
-46
-64
-64
-118
-132
-143
-228
-261
-284
-319
-411
-507
-603
-755
-872
-930
-1028
-1165
-1220
-1279
-1352
-1346
-1321
-1301
-1307
-1230
-1144
-1146
-999
-937
-904
-791
-761
-653
-609
-530
-468
-486
-440
-409
-302
-257
-242
-172
-92
-1
254
595
683
787
1005
1169
1313
1544
1782
1656
1655
1802
1712
1655
1628
1550
1295
1154
1148
885
641
552
401
209
168
115
-71
-183
-196
-187
-218
-186
-179
-238
-185
-125
-69
-44
-39
-2
23
89
109
137
139
129
155
170
161
111
94
42
32
27
9
-26
-96
-87
-141
-174
-185
-224
-261
-284
-292
-363
-434
-504
-597
-690
-756
-849
-969
-1038
-1108
-1154
-1179
-1177
-1179
-1192
-1120
-1055
-1024
-951
-848
-791
-752
-639
-565
-544
-431
-369
-361
-339
-289
-250
-213
-98
-65
-18
76
174
369
565
698
797
954
1124
1268
1455
1585
1557
1547
1611
1596
1569
1551
1449
1271
1129
1058
888
705
597
417
239
120
27
-104
-245
-273
-327
-395
-401
-394
-413
-408
-309
-258
-255
-182
-137
-121
-51
34
64
83
162
173
185
220
209
206
199
230
197
165
149
81
22
4
-45
-120
-141
-205
-262
-326
-378
-455
-568
-601
-691
-781
-831
-908
-970
-1026
-1042
-1048
-1057
-1024
-973
-955
-922
-853
-799
-737
-666
-599
-536
-519
-429
-359
-343
-263
-239
-203
-165
-82
32
80
136
190
248
349
473
633
758
859
1017
1168
1273
1372
1448
1459
1476
1553
1587
1537
1491
1401
1265
1204
1148
1045
893
754
606
410
331
231
94
-6
-98
-166
-248
-298
-361
-433
-424
-418
-389
-328
-349
-337
-314
-262
-190
-146
-63
-60
-27
28
57
92
103
111
111
124
109
82
34
-17
-70
-102
-138
-232
-291
-370
-445
-505
-543
-623
-713
-745
-803
-842
-882
-930
-985
-1008
-999
-992
-951
-866
-901
-844
-713
-714
-691
-624
-516
-515
-456
-336
-327
-302
-221
-106
-37
18
103
173
171
224
278
303
342
375
476
549
642
706
742
796
833
910
971
1040
1098
1085
1075
1070
1027
970
953
916
851
760
686
598
466
404
298
179
83
-20
-100
-188
-257
-345
-418
-450
-449
-469
-466
-473
-501
-492
-491
-455
-469
-454
-415
-384
-336
-309
-293
-304
-285
-226
-185
-151
-126
-123
-124
-128
-132
-134
-127
-184
-214
-172
-146
-302
-340
-273
-391
-447
-391
-323
-514
-535
-426
-463
-509
-507
-459
-509
-477
-420
-369
-349
-338
-323
-236
-178
-199
-138
-93
-62
-61
2
122
149
172
216
314
315
299
377
432
423
463
545
552
546
595
627
626
668
701
688
689
713
696
644
643
635
587
569
569
550
478
431
406
346
294
269
235
166
108
71
-3
-46
-76
-122
-165
-190
-204
-291
-320
-331
-374
-383
-358
-336
-344
-406
-384
-423
-422
-339
-445
-289
-276
-248
-298
-278
-105
-377
-266
-210
-192
-261
-273
-86
-232
-227
-163
-117
-168
-160
-134
-128
-172
-162
-116
-160
-124
-122
-62
-105
-98
-65
-87
-87
-85
-42
-27
-9
31
61
86
98
129
142
158
176
209
244
258
263
257
258
260
256
269
308
297
281
328
342
334
339
370
355
328
357
338
311
308
301
282
284
277
250
244
219
196
186
168
136
128
111
64
27
0
-29
-78
-83
-107
-155
-180
-220
-250
-271
-269
-281
-305
-317
-325
-348
-356
-350
-363
-369
-367
-349
-340
-362
-358
-342
-344
-330
-305
-282
-274
-271
-235
-213
-188
-146
-117
-69
-35
-15
12
18
31
32
41
65
66
75
92
83
73
74
69
84
109
139
169
178
211
202
209
236
230
245
246
252
249
225
211
194
179
160
165
170
158
144
115
97
71
68
60
55
63
35
28
15
7
-8
-17
9
-8
-8
3
-10
-37
-51
-48
-67
-76
-71
-81
-94
-112
-124
-146
-160
-169
-186
-175
-182
-185
-197
-184
-189
-199
-182
-177
-183
-213
-210
-223
-240
-238
-245
-256
-273
-276
-289
-305
-301
-284
-267
-238
-203
-175
-164
-136
-103
-79
-39
12
38
64
91
100
126
128
145
169
179
200
204
203
206
203
225
248
263
288
297
288
297
298
284
284
289
293
267
258
246
185
159
132
100
99
80
59
27
5
-17
-56
-51
-54
-75
-76
-75
-82
-95
-95
-87
-76
-70
-41
-34
-34
-35
-47
-50
-68
-58
-47
-45
-46
-33
-43
-57
-64
-73
-65
-62
-53
-56
-59
-66
-72
-69
-61
-55
-52
-48
-59
-76
-86
-101
-117
-124
-124
-120
-113
-125
-130
-129
-130
-115
-90
-62
-53
-26
-2
15
39
66
89
100
132
137
143
151
158
159
165
197
183
192
202
191
197
199
221
233
246
266
266
272
269
258
257
244
225
207
189
158
122
115
88
69
57
40
22
-10
-30
-58
-75
-86
-105
-96
-96
-99
-90
-86
-81
-82
-76
-64
-61
-56
-57
-61
-69
-88
-80
-78
-85
-86
-90
-98
-124
-121
-123
-136
-124
-120
-121
-121
-108
-109
-110
-92
-89
-85
-70
-68
-67
-65
-74
-86
-94
-87
-89
-90
-75
-79
-76
-55
-44
-35
-10
7
14
30
53
55
46
61
61
58
64
67
58
53
67
64
66
68
64
54
46
47
49
62
78
90
109
121
128
145
153
161
168
170
170
152
151
135
112
101
83
72
54
38
13
-15
-35
-58
-73
-83
-93
-104
-113
-124
-132
-135
-134
-127
-122
-113
-106
-103
-108
-123
-129
-131
-131
-120
-109
-111
-115
-121
-128
-129
-129
-125
-126
-117
-117
-117
-112
-122
-125
-120
-117
-113
-112
-114
-123
-132
-130
-129
-130
-122
-116
-121
-109
-100
-95
-82
-64
-51
-26
0
10
26
40
44
53
69
79
81
86
94
96
102
115
121
120
136
140
145
152
160
165
175
183
187
194
194
202
196
200
196
189
185
176
167
147
134
115
101
90
77
65
47
29
13
-7
-20
-34
-46
-49
-57
-60
-61
-68
-69
-64
-60
-57
-53
-48
-59
-66
-66
-69
-67
-60
-54
-58
-58
-51
-54
-60
-50
-46
-50
-44
-42
-53
-58
-63
-74
-87
-90
-96
-111
-112
-127
-137
-139
-144
-141
-136
-126
-120
-107
-95
-86
-71
-52
-34
-16
9
27
44
66
80
94
109
123
135
144
160
168
172
183
185
186
193
196
198
196
199
197
199
200
195
197
192
187
180
175
171
166
165
153
144
134
120
102
91
79
66
57
44
27
7
-3
-20
-32
-41
-51
-57
-58
-56
-59
-57
-58
-59
-50
-43
-39
-33
-36
-35
-28
-24
-19
-18
-14
-15
-13
-12
-14
-13
-11
-13
-17
-12
-22
-27
-40
-52
-68
-86
-97
-119
-132
-153
-165
-183
-198
-201
-212
-208
-207
-204
-198
-194
-182
-170
-151
-135
-116
-97
-82
-64
-52
-38
-24
-13
-1
14
25
33
42
48
54
61
64
69
75
82
92
98
105
109
114
111
112
117
113
112
116
115
113
114
113
103
99
97
87
76
69
57
46
34
23
14
-1
-8
-21
-36
-43
-54
-60
-70
-76
-82
-90
-89
-90
-92
-94
-100
-95
-97
-90
-87
-86
-77
-72
-69
-62
-61
-57
-55
-54
-47
-50
-51
-59
-70
-81
-93
-103
-118
-129
-142
-152
-169
-178
-184
-195
-194
-192
-190
-188
-181
-176
-169
-159
-144
-134
-120
-103
-93
-73
-59
-43
-33
-20
4
14
36
57
62
79
93
105
118
135
147
152
162
166
170
174
184
182
179
185
182
186
180
186
186
186
193
185
187
184
183
185
178
175
172
161
154
144
130
110
100
91
62
49
40
12
-10
-24
-37
-50
-61
-63
-77
-86
-85
-98
-100
-100
-96
-92
-89
-79
-78
-73
-66
-66
-49
-48
-41
-33
-31
-32
-31
-29
-37
-37
-38
-41
-49
-47
-53
-59
-61
-54
-57
-54
-49
-53
-57
-52
-54
-56
-41
-48
-41
-32
-40
-31
-28
-21
-11
-11
8
24
23
39
57
50
69
85
91
106
118
128
124
137
138
144
147
152
151
150
152
156
153
156
162
163
166
158
165
161
164
151
154
150
152
138
134
124
119
86
84
57
49
27
-12
-14
-49
42
-259
35
-45
-209
-118
-135
7
-375
-64
-91
-205
-158
-137
-64
-210
-133
-65
-155
-130
-87
-111
-117
-110
-114
-125
-128
-123
-119
-143
-112
-109
-123
-121
-109
-88
-84
-126
-72
-7
-102
-108
-3
-3
-118
-50
33
-49
-62
-4
11
-39
-23
27
12
-11
29
37
23
48
52
65
65
80
96
85
102
107
103
96
101
104
89
100
95
90
84
78
77
76
65
67
84
76
70
79
83
70
74
87
80
76
79
73
67
54
50
38
17
10
-4
-15
-33
-40
-56
-77
-66
-79
-88
-95
-76
-98
-104
-86
-98
-95
-108
-90
-97
-107
-97
-101
-100
-114
-109
-111
-115
-121
-121
-122
-131
-126
-130
-126
-122
-124
-116
-115
-102
-96
-92
-75
-69
-57
-54
-42
-33
-29
-21
-9
-5
0
3
8
19
23
23
30
44
46
38
51
67
47
66
76
70
80
74
86
69
66
76
60
67
65
64
61
50
60
51
45
54
59
54
63
71
75
75
74
85
87
81
88
95
83
73
82
73
58
53
48
40
13
17
2
-10
-25
-24
-29
-47
-38
-55
-50
-58
-59
-62
-56
-62
-64
-62
-70
-59
-75
-72
-71
-74
-77
-73
-78
-80
-77
-82
-68
-77
-65
-57
-58
-44
-47
-35
-34
-25
-10
-14
-5
10
9
9
25
28
29
28
44
45
44
56
61
57
85
73
75
105
93
106
99
112
115
99
114
111
99
98
95
90
83
72
82
61
52
63
36
46
39
34
36
27
36
33
29
43
40
35
49
39
49
39
33
38
28
27
17
17
11
-6
-4
-17
-25
-31
-43
-41
-48
-58
-59
-62
-65
-70
-70
-74
-75
-79
-76
-81
-89
-81
-88
-90
-93
-94
-91
-96
-84
-90
-90
-75
-93
-72
-80
-76
-64
-69
-56
-61
-49
-46
-43
-37
-32
-30
-28
-22
-19
-15
-13
-5
-5
1
8
14
22
27
34
41
48
55
62
72
74
78
79
85
81
79
86
81
78
75
80
68
55
60
53
43
48
39
41
32
30
32
17
26
21
22
14
19
17
3
10
5
0
-3
-7
-9
-16
-22
-28
-37
-38
-49
-49
-55
-62
-72
-77
-70
-82
-84
-81
-82
-90
-91
-85
-92
-94
-90
-90
-97
-94
-88
-95
-93
-84
-87
-83
-77
-68
-73
-63
-58
-59
-45
-49
-38
-32
-26
-21
-13
-4
-6
-1
15
14
15
30
33
32
37
46
50
50
60
66
63
73
77
80
77
85
91
84
91
92
88
83
83
84
78
75
73
67
59
54
49
43
41
33
33
27
19
24
14
12
11
11
7
2
5
1
-2
-2
-3
-9
-9
-13
-12
-20
-17
-20
-30
-28
-35
-34
-41
-43
-43
-48
-49
-45
-49
-51
-46
-47
-48
-41
-40
-34
-33
-28
-25
-20
-11
-16
-5
-2
-3
5
7
11
13
17
23
25
27
33
35
38
42
44
45
48
48
51
52
55
59
57
60
60
60
61
66
60
61
62
62
59
57
60
56
58
54
57
52
52
50
45
40
41
38
28
31
23
20
12
12
5
-3
-6
-9
-15
-20
-20
-21
-24
-29
-29
-32
-34
-37
-34
-37
-38
-33
-33
-38
-37
-31
-34
-33
-27
-30
-33
-31
-30
-32
-33
-28
-32
-28
-29
-32
-29
-32
-31
-31
-28
-25
-27
-19
-21
-23
-17
-19
-14
-14
-14
-6
-9
-6
0
-1
0
5
10
5
10
12
12
13
14
21
14
18
22
21
23
25
28
24
28
31
29
31
29
28
28
26
24
24
20
18
15
13
7
7
3
-2
-9
-11
-15
-20
-24
-26
-30
-38
-36
-45
-49
-50
-55
-57
-61
-64
-64
-65
-68
-73
-72
-71
-75
-71
-69
-71
-70
-67
-65
-65
-59
-54
-50
-47
-40
-34
-35
-26
-20
-19
-16
-10
-4
-8
-1
0
0
5
8
7
5
7
10
9
10
10
12
10
12
13
10
14
13
14
15
15
14
16
17
16
14
14
11
11
9
11
11
7
9
11
7
10
13
14
15
18
19
19
19
20
23
23
23
24
23
21
25
23
21
25
18
19
15
12
14
7
12
5
6
6
3
2
-1
-1
-4
-5
-7
-7
-8
-11
-12
-15
-13
-14
-15
-12
-11
-13
-10
-12
-9
-3
-3
2
7
10
15
18
21
22
28
33
34
38
37
42
42
45
47
46
50
51
51
53
56
54
56
58
54
56
53
51
50
48
50
45
44
40
37
34
29
29
24
19
18
15
10
8
4
1
-3
-4
-5
-8
-4
-6
-7
-6
-7
-4
-7
-3
-4
-5
-3
-4
-6
-6
-6
-9
-9
-9
-10
-13
-10
-11
-14
-15
-14
-15
-20
-19
-18
-23
-23
-22
-29
-28
-30
-34
-35
-36
-37
-39
-38
-40
-40
-41
-42
-42
-40
-39
-39
-37
-32
-32
-28
-26
-21
-18
-12
-7
-5
0
3
7
12
15
19
24
26
29
32
33
36
40
41
43
44
45
45
45
46
44
43
41
39
38
33
28
28
22
21
16
13
11
3
2
-4
-7
-10
-15
-18
-24
-25
-30
-32
-33
-35
-35
-35
-37
-38
-37
-37
-37
-39
-40
-37
-39
-40
-39
-42
-43
-44
-43
-44
-42
-43
-43
-39
-42
-39
-40
-40
-38
-37
-37
-35
-36
-33
-32
-30
-29
-28
-24
-21
-19
-15
-14
-8
-6
0
4
8
15
17
24
26
32
35
38
44
46
52
53
58
58
61
64
63
65
66
67
67
69
68
67
65
64
61
58
57
55
50
48
44
40
37
31
28
25
20
16
12
7
5
0
-5
-9
-14
-18
-25
-26
-34
-37
-38
-42
-44
-47
-49
-52
-50
-52
-51
-49
-50
-48
-48
-47
-47
-45
-42
-44
-40
-42
-41
-39
-35
-34
-33
-31
-29
-29
-28
-23
-24
-22
-20
-18
-15
-16
-14
-12
-8
-7
-7
-6
-4
-1
-1
3
5
7
10
12
15
17
21
23
26
30
33
37
41
43
47
50
52
52
51
57
55
54
54
55
59
57
53
52
56
55
50
50
50
50
44
40
42
39
34
29
28
28
24
18
15
18
14
8
5
3
1
-5
-11
-10
-15
-18
-24
-25
-23
-29
-33
-33
-31
-33
-35
-35
-33
-36
-35
-36
-36
-37
-41
-37
-38
-37
-40
-39
-38
-36
-35
-36
-33
-30
-29
-29
-24
-23
-23
-19
-16
-15
-13
-9
-3
-3
-4
2
9
11
4
9
21
26
18
15
32
45
38
19
34
60
56
32
31
66
66
42
28
62
93
42
14
51
94
57
1
28
71
61
8
-3
39
53
13
-19
0
34
11
-29
-25
2
2
-32
-46
-25
-16
-38
-56
-50
-37
-40
-58
-66
-51
-47
-60
-72
-68
-53
-57
-70
-72
-60
-51
-60
-65
-64
-46
-45
-59
-63
-53
-25
-41
-68
-59
-22
-19
-53
-55
-30
-12
-22
-43
-27
-7
-1
-18
-22
4
14
1
-13
2
21
10
-8
2
18
15
-1
7
22
25
18
14
23
36
34
22
30
43
43
29
37
52
45
39
43
55
45
40
50
52
43
42
41
46
41
30
28
33
37
24
12
20
30
20
6
3
14
9
6
-9
-12
-10
-4
-10
-31
-25
-11
-13
-31
-33
-29
-23
-30
-38
-44
-24
-29
-44
-37
-26
-12
-41
-48
-24
-9
-25
-57
-28
-8
-28
-33
-24
1
-24
-23
5
12
-5
-23
14
30
15
3
8
34
39
22
23
30
47
45
31
48
52
28
31
64
66
27
18
61
63
56
27
27
66
77
60
13
30
93
87
34
17
59
93
43
22
39
53
45
31
30
31
35
22
14
19
23
0
0
15
0
-13
-16
1
-15
-31
-2
-17
-47
-27
-5
-14
-51
-44
-14
-31
-31
-35
-56
-23
-21
-40
-55
-30
-19
-64
-20
-18
-50
-40
-43
-18
-28
-26
-38
-58
-3
23
-48
-78
-9
21
-21
-43
-31
-22
0
0
-28
-64
-29
54
28
-75
-88
71
77
-66
-82
49
85
-47
-51
11
44
5
-29
-26
16
43
-40
-3
4
-7
12
10
5
-60
5
82
-6
-65
-10
83
24
-68
3
50
22
-20
-28
57
23
-42
-3
4
41
-27
-43
1
14
0
-40
-43
-11
19
-19
-72
-27
28
-48
-46
-28
1
-66
-62
63
-41
-80
-80
72
69
-139
-101
33
147
-85
-210
49
102
-6
-142
-71
72
-11
-26
-64
-20
46
-45
-49
-34
128
-65
-136
96
64
-38
-148
76
96
-25
-80
26
49
26
-6
-56
84
27
26
-35
63
53
15
34
-12
61
31
39
10
-18
42
92
12
-86
-7
164
127
-146
-145
157
300
-95
-233
59
242
132
-226
-116
156
236
-63
-247
38
212
68
-182
-80
142
97
-43
-167
33
191
-20
-106
-121
158
136
-198
-150
164
192
-239
-154
105
135
-82
-126
-6
45
45
-203
35
144
-97
-224
2
320
-91
-301
-37
172
185
-246
-242
36
287
89
-387
-167
297
235
-280
-146
20
176
49
-105
-125
-106
346
51
-322
-113
295
185
-290
-64
152
117
33
-81
-121
135
331
-115
-269
47
378
29
-304
134
150
-34
-79
141
22
-72
113
-23
5
-20
139
64
-132
33
30
125
68
-37
-124
-5
249
43
-217
-40
182
124
-145
-137
173
69
42
-126
-62
68
129
35
-294
66
167
75
-233
-176
325
150
-207
-305
239
166
-26
-183
-53
164
-17
-4
-164
48
127
-23
-103
-96
113
124
-172
-48
-75
164
57
-153
-37
-51
164
21
-50
-84
85
14
-92
-2
168
30
-309
-109
239
212
-204
-228
136
261
-12
-286
63
263
60
-222
-120
208
16
-58
-103
31
81
-125
-79
65
88
-4
-92
-67
45
19
71
-61
-46
94
-90
-78
46
75
130
-169
-33
-95
23
355
-133
-203
-207
444
120
-419
-81
258
253
-438
-115
199
173
-147
-208
17
-2
164
-147
26
-105
-128
129
47
97
-317
-71
144
80
0
-246
43
119
-15
0
31
11
-191
135
288
-416
-9
274
-18
-206
-27
394
-273
-213
260
176
-22
-346
48
240
-30
0
-207
133
12
36
-73
-21
237
-206
-44
-60
377
-51
-242
3
80
247
-76
-154
-87
59
155
91
-166
-227
124
264
-171
-193
129
196
-280
-52
86
16
-34
-108
52
-31
6
-130
137
55
49
-236
40
226
-50
45
35
230
-232
-63
232
130
-86
-358
-30
282
-12
-388
-235
232
21
-281
-149
71
124
-141
-121
-110
224
207
-218
-192
93
393
117
-211
-56
161
207
-12
64
84
14
-83
-95
431
162
-239
-339
203
495
-116
-235
-223
325
366
-182
-310
47
353
-20
-220
-121
137
168
-61
-218
-95
241
197
-207
-124
-3
204
175
-114
-62
-51
281
168
-120
-129
184
242
-103
-12
28
-9
2
71
4
-109
-71
-22
-7
15
-13
-67
-29
-90
-9
135
106
-160
-263
129
315
-23
-270
-45
44
206
28
-199
-98
70
161
-129
-10
92
87
-65
-81
82
3
64
-1
-153
-46
114
266
-177
-465
117
435
154
-534
-164
288
185
-73
-227
32
122
142
-71
-87
17
230
36
-244
68
247
11
-217
-11
122
113
-60
-149
7
101
107
-45
-120
-3
-65
85
194
-88
-111
-128
36
232
29
-199
-323
249
336
-186
-235
18
201
96
-129
-44
19
-60
67
-76
-134
170
128
-254
-335
136
470
-11
-524
-256
174
416
-30
-566
-146
326
315
-438
-269
201
170
3
-244
24
12
204
-53
-53
-80
-110
270
-129
-26
26
68
-131
-144
180
31
27
-72
-95
-117
143
301
-286
-199
82
189
64
-240
8
21
194
-23
-176
38
24
32
-25
-35
5
11
-39
83
-32
0
178
-1
-186
-89
211
218
-276
-179
166
14
-49
-175
99
125
-227
-114
-140
295
50
-427
44
130
64
-293
44
151
-48
-53
-109
46
52
109
-23
-169
-70
182
70
-30
-126
64
92
-1
-34
-3
65
-92
46
119
35
-37
-66
0
145
79
69
-134
-145
243
121
-102
-121
134
-29
-4
76
-110
129
19
-78
-22
99
192
-148
-61
39
77
44
-127
-87
35
277
-23
-252
-126
123
184
108
-103
-175
72
6
119
60
13
-77
-118
179
114
-55
-118
-12
292
109
-294
-60
212
146
-206
88
188
-268
40
-16
141
106
-135
-18
-186
198
131
-17
-60
-141
158
-12
203
-19
-306
150
34
145
-16
-122
-77
-104
385
229
-347
-292
88
297
251
-187
-121
-72
164
181
-198
114
101
130
-319
-357
629
429
-397
-591
155
575
-103
-403
-15
170
163
-246
-191
202
117
14
-306
30
238
-157
-17
-59
116
0
-222
2
-49
239
-99
-315
136
179
-21
-299
-4
212
82
-34
-298
-73
207
149
-106
-275
115
31
46
-5
-132
90
91
-36
-240
97
237
46
-272
-44
137
178
-61
-285
32
75
206
-89
-273
99
95
25
-82
-93
126
-66
38
15
-76
-22
122
122
-294
-156
231
207
-204
-282
100
290
-70
-304
4
277
117
-287
-270
183
304
-116
-253
-57
52
162
-104
-140
36
41
-67
-162
73
133
-25
-218
-125
98
187
-51
-247
-62
150
105
-149
-147
14
107
43
-147
-92
188
3
-116
-12
42
96
23
-33
-99
13
116
124
-86
-168
23
252
107
-182
-158
100
213
-7
-35
3
29
19
-27
-23
165
145
-75
-228
14
286
129
-115
-170
139
115
13
-143
8
193
-46
-113
-121
176
94
24
-46
-225
124
188
8
-252
-80
260
39
-174
-119
112
135
-97
-100
-16
98
98
-77
-92
52
49
-3
-30
-84
-7
55
95
-82
-158
6
123
41
-207
-122
103
71
-109
-184
42
46
-49
-60
-3
94
-49
-91
-61
46
64
-43
-46
-101
-30
105
47
-106
-79
123
78
-89
-95
139
207
-65
-202
61
233
63
-126
-111
137
148
-13
-130
-5
141
101
-16
-169
-17
155
135
-84
-160
65
177
65
-136
-11
115
79
-35
-127
99
110
31
31
-79
8
28
120
75
-68
-14
-27
93
80
-7
-43
-16
107
62
-45
-18
72
-4
-57
-18
8
74
-49
-113
54
61
-5
-53
-65
-6
131
130
-71
-181
15
156
67
-42
-71
49
38
-14
-58
32
120
-54
-121
-2
93
65
-84
-117
-41
60
79
-66
-103
-5
73
47
-70
-92
39
75
20
-43
-19
59
-17
-54
4
41
12
1
23
-8
-41
51
56
35
19
-68
5
63
26
-25
11
28
-49
0
33
69
-15
-54
-18
-2
88
-32
-48
-5
41
34
-62
-24
5
12
1
-6
-42
-23
23
19
-16
-57
-10
15
0
-11
-31
3
21
-40
-50
33
78
-38
-96
-54
36
49
-38
-72
-42
65
15
-45
-22
-5
-6
-13
-7
-10
-26
-18
3
-36
-2
5
-67
-28
41
24
-32
-21
-30
-7
39
11
-19
-67
-1
24
-28
-5
-5
-7
10
15
-5
-12
34
26
-19
-15
10
42
14
-21
6
19
32
7
-13
39
50
-7
2
13
-2
41
4
-30
14
13
11
-27
-31
8
14
33
-22
-28
-9
-1
21
-14
11
-5
-44
-28
-10
69
42
-49
-56
2
64
1
-3
13
0
-7
-8
14
30
17
-20
-17
5
26
12
-14
-19
-9
9
17
-24
-12
27
0
-20
-40
11
3
7
35
-17
-17
-7
0
0
1
9
2
9
-2
-16
-12
25
53
-8
-4
-3
0
38
8
-8
-8
22
18
-9
13
32
52
9
-41
14
58
49
-11
-37
22
37
14
6
-29
-9
40
7
-19
-10
13
-10
-25
-3
30
16
-43
-37
-12
24
42
-13
-33
-8
6
31
10
-3
-17
-20
16
-5
2
9
15
-2
-26
15
25
10
3
12
-8
-14
2
-2
10
-7
-6
7
-3
-9
4
10
8
-18
-47
5
21
-5
-23
-44
-29
-9
4
-6
-24
3
5
-6
-12
-10
20
-8
-20
-1
-2
-4
-18
-29
5
23
-7
-16
-22
11
11
-7
-16
-7
16
5
3
-2
10
13
-1
-4
4
25
4
-10
15
10
2
-11
-6
3
-14
8
-2
-15
5
-3
1
0
4
14
-4
-3
-2
2
17
4
0
3
4
5
11
10
-5
11
-7
-12
1
18
19
-18
-13
6
14
8
13
3
-16
-6
14
17
1
-14
-15
1
7
5
-1
-7
-5
-14
-16
10
16
-14
-19
-7
2
11
2
-19
-12
7
-12
-18
-16
-11
-17
-25
-15
-13
-16
-17
-16
-12
-7
-16
-18
-15
-4
-5
-6
-22
-12
2
-4
6
2
-3
-13
-3
10
-1
5
4
7
-4
-5
7
7
16
8
-15
-21
-3
14
23
1
-20
-24
-5
16
-9
-15
-9
-13
-10
-14
-2
-5
-17
-17
-16
-8
-10
-27
-27
-12
-13
-7
-18
-21
-16
-14
-4
-10
-19
-19
-10
2
-10
-19
-24
-18
8
-3
-16
-12
8
8
-16
-11
2
14
7
-10
-13
6
8
-5
-9
8
10
-4
-13
-7
17
15
-12
-16
1
11
5
2
4
4
7
14
14
5
7
15
14
18
25
13
8
9
33
44
20
20
16
39
47
31
25
23
39
42
26
30
30
33
29
24
33
27
17
22
26
14
21
23
22
16
8
13
14
21
10
8
22
15
-2
-1
12
13
2
-8
2
18
9
4
-1
-5
6
1
3
8
-4
-6
-2
-4
1
5
2
10
7
-3
0
8
1
-6
-2
-2
7
-14
-12
5
-2
1
-4
-12
-13
-1
2
-8
-8
-19
-6
3
-5
-6
-5
-2
2
2
-2
10
1
5
2
-5
12
-2
-1
4
5
9
-3
1
-1
7
4
-12
-10
-4
10
-3
-12
-10
-16
-10
-10
-7
2
-9
-15
-10
-12
-7
-8
-9
-9
-7
-11
-13
-7
-14
-9
-9
-17
-12
-18
-8
-4
-14
-18
-13
-16
-16
-12
-12
-12
-13
-7
-9
-8
-23
-16
-12
-19
-17
-19
-11
-7
-12
-11
-2
-6
2
-8
-10
3
-6
-9
-8
-2
2
-1
-9
-9
3
7
3
-6
-4
5
11
-4
-4
3
4
6
4
3
3
6
2
4
1
5
11
8
8
4
5
12
7
-1
5
4
6
7
-4
-5
14
11
-2
-3
4
14
10
-1
-1
10
14
13
1
4
7
6
6
-1
-1
-1
2
-3
-8
-6
-3
-2
-3
-5
-1
4
0
-3
1
3
0
-2
0
-1
7
10
-1
-9
-4
7
5
3
-2
-2
2
9
0
0
6
4
2
0
7
3
0
-5
-4
1
4
-3
0
4
-2
6
4
9
3
0
7
-1
4
7
1
5
9
5
5
2
-2
6
12
1
-1
5
8
5
2
-1
6
4
1
2
6
10
2
-1
-2
6
3
-8
-1
5
5
0
-12
-1
3
-3
1
-4
-3
0
-7
-6
-5
-2
-2
-10
-8
-3
-5
-14
-12
-15
-16
-9
-10
-15
-12
-9
-11
-12
-12
-6
-1
-3
-4
-1
-2
-3
-4
0
5
-5
-4
-5
-4
2
-1
-1
-3
-5
-3
2
5
-2
-1
-3
-2
-2
-5
-3
-5
-2
-1
-9
-5
-3
-4
-3
-7
-5
-2
-1
0
-1
2
-3
-3
2
2
-2
-4
0
3
1
-4
0
1
6
3
2
3
2
8
3
4
6
3
3
1
3
4
4
2
-5
2
7
0
-8
-5
0
3
-3
-9
-2
2
-1
-6
-3
-4
-3
-4
-8
-1
-3
-6
-3
-1
1
-3
-4
0
3
2
-3
-3
-2
2
4
3
6
2
1
3
6
8
9
10
6
9
9
8
13
6
7
5
5
6
8
9
2
4
9
3
-1
3
5
3
0
-1
1
3
4
-1
-1
3
2
-5
-5
-4
-2
0
-3
-5
-4
2
0
2
-1
-2
0
2
5
1
0
-1
2
3
3
5
0
2
2
2
6
2
1
1
2
2
3
3
-3
-1
2
-1
-2
-3
-2
-2
-6
-6
-5
-5
-1
-2
-5
-2
-2
-1
-3
-2
-1
-4
1
0
0
-2
-1
1
-5
-4
-3
-7
0
1
-3
-4
-8
-4
-4
0
-3
-7
-4
-2
1
-2
-8
1
3
-3
-2
0
-1
-5
-2
-5
-2
2
0
-1
-3
1
5
2
-2
0
0
0
1
1
2
4
3
5
2
2
4
3
4
3
2
1
3
3
3
3
3
2
3
8
4
1
2
4
8
3
3
6
5
7
5
3
6
7
6
3
5
8
4
2
4
2
5
5
2
1
-2
2
2
-3
-3
-1
0
0
-1
-2
-2
-1
-2
-1
2
-2
0
2
2
0
-1
1
-1
-3
-2
0
-1
-3
-3
-2
-1
-1
-3
-5
-4
-4
-1
-4
-4
-3
-4
-5
-4
-3
-4
-6
-5
-4
-4
-4
-7
-5
1
2
2
0
1
1
2
3
1
1
0
-1
-2
-1
-1
-3
-2
-1
-1
-1
1
-1
-4
-3
-3
-1
0
-4
-5
-4
-1
1
-2
-4
-1
0
2
-1
-3
-2
-2
-4
1
1
-4
-4
-2
2
3
5
0
1
2
1
1
0
2
2
1
-1
-1
4
4
2
-2
3
6
2
-1
1
6
5
3
0
3
8
6
4
3
3
3
2
1
3
1
4
-1
-2
2
2
1
-3
0
0
2
1
0
-2
3
0
-3
-1
-2
2
0
0
0
2
1
1
1
0
4
4
3
2
4
4
1
1
3
6
1
-1
0
2
1
1
-3
-2
0
-2
0
-2
-1
0
-1
-2
-2
-1
-1
-2
-6
-4
3
0
-3
-4
-1
1
0
-2
-2
-3
-1
-3
-4
-4
-3
-4
-4
-3
-2
-1
-4
-3
-2
-1
1
-3
-1
0
2
0
-2
0
1
5
3
1
3
4
4
5
2
3
4
3
5
3
4
5
4
4
4
4
2
2
3
2
1
-1
0
0
2
1
0
0
0
1
1
0
0
-1
-1
-2
-1
0
-1
0
-2
1
-1
0
-1
-2
1
0
-1
-1
0
-2
1
0
-2
-1
1
1
1
2
2
2
0
0
2
2
2
2
1
3
2
2
2
3
2
2
1
2
1
1
0
-1
1
2
3
1
1
3
2
3
3
-1
2
2
0
-1
-1
1
0
-1
-1
0
-1
-1
-1
-1
1
-1
0
1
0
0
1
-1
-1
0
-1
2
1
0
-1
-1
0
-1
0
-2
-1
-1
-2
0
-2
-1
-1
-3
-2
-3
-5
-4
-2
-3
-1
-4
-4
-4
-4
-1
-2
-3
-1
-1
-5
-4
-3
-3
-3
-2
-3
-2
-1
-2
-4
-3
-1
-1
-1
-1
-1
1
0
-1
-2
-2
-1
-2
-1
-1
-1
-1
-1
0
-1
-1
1
1
-1
1
0
1
1
0
-2
0
1
-1
-1
1
1
1
2
2
3
3
2
1
2
2
2
3
3
4
4
3
3
3
2
2
2
1
5
3
0
1
1
2
1
-1
0
1
2
1
1
0
0
0
1
0
0
1
0
-1
-1
0
0
-1
-1
-1
-1
-1
-2
-3
-1
0
-1
-1
-1
1
1
0
1
0
1
1
2
1
2
1
0
1
2
1
2
2
2
2
6
3
2
3
3
4
3
2
1
4
3
2
1
2
3
1
1
1
0
2
0
0
0
0
-1
-1
-1
-2
-2
-2
-3
-2
-3
-3
-2
-2
-2
-1
-2
-3
-2
-1
-1
-1
-2
-2
-2
-1
-1
0
-1
-1
0
1
1
1
0
-1
-1
-1
-1
-1
0
0
0
-1
-1
-2
-1
-1
0
1
0
0
-1
0
1
0
0
-1
-1
0
0
1
1
0
-2
-2
-1
-2
-2
-3
-3
-1
-2
-1
0
-1
0
-1
-1
-1
0
0
-1
0
0
-1
0
0
0
-1
-1
-1
-1
-1
-2
-2
-2
-1
0
0
-1
0
0
-1
-2
-2
-3
-1
-2
-3
-3
-2
-1
-2
0
-2
-1
-1
0
-1
-1
-2
-1
-2
-2
-3
-2
-1
-1
-1
-3
-2
-1
0
-2
-2
-1
-1
-1
-1
-2
-2
-1
-1
-1
1
0
0
0
1
1
0
0
1
0
0
1
1
1
1
0
0
0
1
0
0
0
1
1
0
-1
-1
0
-1
1
2
1
1
1
1
2
0
0
-1
1
0
0
0
1
1
-1
0
-1
0
0
0
-1
-2
0
-2
-3
-3
-2
-1
-2
-3
-1
1
0
0
1
2
2
0
1
0
0
1
-1
0
0
0
-1
0
1
1
0
-1
0
1
0
1
-1
0
0
0
0
-1
0
1
1
1
1
0
1
2
0
0
0
0
1
1
0
1
2
0
0
0
0
0
0
1
0
0
0
-1
0
0
0
-1
-2
-1
-1
0
-1
-2
-1
-1
0
0
0
0
2
1
1
1
0
2
1
1
2
1
1
1
2
2
2
2
3
3
1
2
2
2
1
1
2
2
3
1
2
2
2
3
2
2
2
4
4
4
3
4
3
4
4
3
3
2
2
2
2
2
2
0
0
1
1
1
-1
1
1
0
1
1
2
1
0
1
0
-1
0
-1
-2
-2
-1
-1
-2
-2
-1
-1
-1
-2
-2
-2
-2
0
-2
-3
-2
-2
-1
-3
-1
-1
-1
-1
-1
-2
-1
-1
-2
-1
-1
-1
0
-1
-1
0
-1
-1
0
0
0
1
0
-1
-1
0
1
0
1
0
0
-1
-1
-2
-1
-1
-3
-2
-2
-2
-2
-3
-2
-2
-1
-3
-4
-1
-3
-2
-2
-2
-3
-2
-1
-3
-2
-1
-1
-1
-2
-1
-2
-2
-2
-3
-3
-2
-2
-3
-2
-1
-2
-1
-1
-1
-1
-3
-2
-1
-1
-1
-1
0
0
-1
1
1
0
0
2
0
1
0
1
1
1
1
1
1
1
2
1
1
1
0
1
1
2
1
1
1
2
2
1
2
2
1
2
2
0
1
1
0
0
0
1
1
2
1
0
1
0
1
-1
1
1
0
0
0
1
1
2
0
0
1
1
1
2
1
1
2
2
2
2
3
2
2
3
3
3
2
3
3
2
2
1
2
2
3
2
2
1
2
2
2
1
2
2
1
2
1
1
2
1
2
1
0
1
1
2
0
1
1
1
1
1
0
1
1
1
1
0
1
1
-1
0
0
1
0
1
1
1
0
2
0
1
2
0
1
2
1
1
1
2
1
0
1
0
1
-1
1
1
-1
0
0
0
0
0
-1
0
-1
0
1
0
0
-1
0
0
0
0
0
-1
0
0
0
-1
-1
0
-1
0
0
-1
0
-2
-2
-1
-1
-1
-1
-1
-1
-1
0
-1
-1
1
-1
-1
-1
-1
-1
-1
-1
-2
-1
-1
0
1
1
0
1
1
1
0
0
-1
0
0
-1
-1
-1
-2
-2
-1
-2
-1
-2
-1
-2
-2
-2
-2
-2
-2
-3
-2
-1
-2
-1
-1
-1
-1
-1
-1
0
0
0
1
1
1
1
1
0
0
0
-1
1
-1
-1
0
0
-1
-1
0
0
-1
1
0
1
0
0
0
0
-1
0
0
1
0
1
-1
-1
1
1
1
-1
1
1
0
0
0
0
0
1
0
1
1
2
0
0
1
-1
0
0
-1
0
0
0
0
1
2
2
3
2
3
3
2
2
2
2
3
0
1
1
-1
-1
-2
-2
-2
-3
-3
-4
-3
-3
-3
-6
-5
-4
-5
-4
-3
-4
-4
-3
-3
0
-1
-2
0
1
4
3
1
4
2
5
3
5
4
4
7
2
5
3
1
4
0
0
-2
-1
-2
-2
-3
-2
-2
-1
1
0
6
2
3
3
-1
4
2
2
2
2
3
0
0
-2
-4
-6
-3
-10
-7
-9
-15
-8
-17
-10
-16
-15
-9
-14
-9
-9
-11
-4
-2
-3
2
-3
4
1
-1
9
-7
7
3
-5
6
-2
4
-1
2
9
-2
8
9
0
12
7
1
11
2
6
2
0
9
-5
10
3
-3
12
-1
8
8
6
8
7
7
3
4
-1
0
-4
0
5
-1
9
1
3
5
-6
5
-5
2
2
-8
-1
-4
0
-6
-7
-9
-4
-13
1
-5
-15
5
-20
5
-11
-5
10
-21
12
-3
-7
4
-11
-1
-12
2
0
-15
8
-7
-14
3
-9
-7
-7
1
-5
-11
7
-6
-8
10
-7
0
12
-1
6
0
5
-1
-3
19
-20
14
5
-16
24
-11
9
1
-1
19
-10
23
12
-5
39
-4
14
29
-6
37
10
11
24
3
31
4
17
26
-9
20
10
-19
23
-6
-12
10
-21
10
-13
-3
7
-38
15
-15
-22
15
-27
-4
-6
-16
-5
-19
-13
-19
-25
-23
-26
-35
-16
-38
-30
-14
-45
5
-29
-4
-6
-7
19
-20
31
-23
7
-5
-11
10
-39
14
-51
-10
-30
-41
-16
-42
-21
-33
-6
-37
28
-36
8
7
-24
64
-32
82
-32
14
61
-46
87
-14
43
51
46
172
106
152
191
103
193
194
136
175
61
89
6
-36
36
-133
-68
-128
-175
-78
-162
-74
-115
-156
-44
-117
-13
-18
-67
13
-106
-11
-32
-78
-23
-107
-82
-123
-111
-100
-155
-121
-124
-145
-86
-93
-94
-69
-92
-28
-32
-4
43
4
64
62
79
104
62
96
27
33
59
9
22
-26
-40
-56
-48
-12
-35
-36
-39
-41
-30
35
51
42
87
72
105
136
179
181
149
188
134
151
187
157
131
97
73
51
62
54
43
-7
20
3
-15
47
3
24
5
32
57
58
107
61
80
93
124
131
140
142
98
100
98
97
86
89
66
41
53
52
15
25
14
-8
19
4
15
-12
-27
-26
-94
-48
-54
-88
-59
-108
-111
-134
-116
-113
-152
-117
-135
-157
-155
-132
-151
-141
-125
-134
-129
-100
-70
-94
-65
-75
-68
-77
-61
-14
-53
-3
-30
-26
-27
-30
6
-33
13
6
-4
15
4
19
1
4
-3
-13
-19
-17
-48
-66
-61
-66
-62
-86
-65
-108
-97
-81
-73
-38
-65
-1
-42
5
19
16
50
10
74
38
76
101
97
114
115
136
155
193
222
280
261
318
328
319
385
374
432
411
418
407
331
354
280
243
203
117
77
17
-22
-64
-112
-167
-192
-212
-211
-199
-226
-226
-262
-248
-252
-267
-246
-306
-314
-342
-360
-352
-382
-394
-406
-427
-422
-423
-432
-418
-444
-395
-395
-399
-334
-370
-365
-354
-341
-327
-301
-273
-298
-297
-276
-292
-311
-323
-405
-472
-300
-175
110
497
444
546
690
825
1025
1165
1251
1022
983
1042
860
788
776
463
187
178
131
10
-98
-98
-400
-488
-204
-279
-207
-69
-71
-52
21
253
238
236
408
361
362
467
397
248
184
183
113
54
72
-22
-69
-32
-10
144
120
249
297
294
456
455
525
408
438
430
302
348
229
82
-33
-165
-283
-347
-439
-466
-622
-664
-663
-775
-686
-767
-731
-688
-708
-610
-629
-605
-579
-561
-542
-510
-464
-465
-468
-418
-446
-465
-456
-494
-489
-437
-438
-456
-426
-477
-431
-401
-387
-376
-400
-271
-152
172
551
634
687
802
927
1112
1339
1366
1211
1079
1076
909
800
800
505
213
112
39
-92
-183
-194
-419
-553
-367
-344
-370
-231
-187
-222
-106
79
109
115
226
224
197
311
308
203
159
130
83
66
48
34
-18
-52
41
48
143
224
345
469
399
567
499
501
609
548
531
395
375
207
60
41
-99
-231
-296
-399
-477
-500
-577
-558
-662
-645
-605
-641
-552
-611
-564
-622
-615
-508
-566
-506
-543
-596
-595
-617
-583
-627
-644
-611
-636
-665
-652
-675
-669
-616
-527
-442
-507
-386
-296
-203
364
773
891
1042
1200
1306
1439
1755
1770
1480
1523
1521
1216
1192
1111
650
334
247
179
-89
-147
-166
-598
-595
-413
-506
-482
-367
-281
-324
-184
23
-79
-105
97
115
79
242
153
-52
-50
-16
-65
-131
-93
-174
-249
-162
-58
-71
34
165
275
522
575
707
643
611
749
665
706
620
502
351
134
25
-160
-347
-398
-547
-648
-639
-785
-780
-828
-833
-720
-706
-592
-610
-592
-614
-680
-634
-674
-648
-645
-673
-726
-749
-791
-840
-860
-872
-866
-832
-780
-793
-738
-779
-732
-572
-468
-327
-275
-131
-17
155
735
1001
1092
1350
1423
1560
1744
1937
1850
1580
1667
1583
1317
1310
1157
684
437
405
255
-12
-66
-134
-525
-454
-313
-506
-495
-416
-377
-414
-260
-119
-282
-217
-68
-112
-61
