2.363291e+062 -3.833010e+058 -1.005696e+059 -1.783866e+059 -2.609180e+059 -3.360045e+059 -3.913268e+059 -4.161931e+059 -4.023072e+059 -3.450192e+059 -2.442433e+059 1.312716e+056 
2.363291e+062 -3.827959e+058 -1.004774e+059 -1.782656e+059 -2.607572e+059 -3.357018e+059 -3.911918e+059 -4.160515e+059 -4.020943e+059 -3.448262e+059 -2.441194e+059 1.311026e+056 
2.363291e+062 -3.820831e+058 -1.002985e+059 -1.779625e+059 -2.602602e+059 -3.351373e+059 -3.904140e+059 -4.152167e+059 -4.012858e+059 -3.440747e+059 -2.435668e+059 1.305987e+056 
2.363290e+062 -3.828732e+058 -1.005129e+059 -1.782574e+059 -2.607682e+059 -3.357715e+059 -3.910755e+059 -4.158966e+059 -4.019350e+059 -3.447174e+059 -2.440054e+059 1.310737e+056 
2.363290e+062 -3.826967e+058 -1.004562e+059 -1.782117e+059 -2.606116e+059 -3.355584e+059 -3.909344e+059 -4.156979e+059 -4.017204e+059 -3.445378e+059 -2.439199e+059 1.309475e+056 
2.363290e+062 -3.834264e+058 -1.006508e+059 -1.785444e+059 -2.610978e+059 -3.363904e+059 -3.918045e+059 -4.166336e+059 -4.027146e+059 -3.453312e+059 -2.444139e+059 1.315120e+056 
2.363291e+062 -3.832729e+058 -1.006699e+059 -1.784916e+059 -2.610217e+059 -3.361785e+059 -3.914980e+059 -4.163691e+059 -4.023783e+059 -3.450438e+059 -2.442228e+059 1.313710e+056 
2.363292e+062 -3.827635e+058 -1.004392e+059 -1.780678e+059 -2.605072e+059 -3.354482e+059 -3.908293e+059 -4.155842e+059 -4.015993e+059 -3.443610e+059 -2.437703e+059 1.308535e+056 
2.363291e+062 -3.835084e+058 -1.006117e+059 -1.785104e+059 -2.611143e+059 -3.362644e+059 -3.917178e+059 -4.165856e+059 -4.026286e+059 -3.452388e+059 -2.443712e+059 1.314653e+056 
2.363290e+062 -3.853310e+058 -1.010218e+059 -1.789788e+059 -2.619157e+059 -3.371562e+059 -3.925859e+059 -4.173184e+059 -4.029593e+059 -3.455019e+059 -2.446084e+059 1.320794e+056 
2.363299e+062 -4.182494e+058 -1.085952e+059 -1.901613e+059 -2.754907e+059 -3.503883e+059 -4.043647e+059 -4.256712e+059 -4.075239e+059 -3.469149e+059 -2.439465e+059 1.419937e+056 
2.351229e+062 -3.536002e+060 -8.702996e+060 -1.413856e+061 -1.855883e+061 -2.092379e+061 -2.090396e+061 -1.860662e+061 -1.467210e+061 -1.002447e+061 -5.486194e+060 3.924358e+059 
2.339322e+062 -6.701806e+060 -1.610738e+061 -2.524565e+061 -3.184875e+061 -3.410554e+061 -3.213015e+061 -2.681514e+061 -1.959240e+061 -1.233426e+061 -6.147952e+060 9.771224e+059 
2.334946e+062 -7.499465e+060 -1.783491e+061 -2.735187e+061 -3.414787e+061 -3.618717e+061 -3.385859e+061 -2.801045e+061 -1.973955e+061 -1.163904e+061 -4.895676e+060 1.070820e+060 
2.339882e+062 -5.865556e+060 -1.390890e+061 -2.125418e+061 -2.649175e+061 -2.853546e+061 -2.731417e+061 -2.324873e+061 -1.718843e+061 -1.056039e+061 -4.699941e+060 6.974745e+059 
2.346080e+062 -4.434757e+060 -1.050193e+061 -1.620784e+061 -2.058672e+061 -2.317188e+061 -2.323633e+061 -2.093535e+061 -1.663479e+061 -1.104908e+061 -5.692222e+060 5.032639e+059 
2.354945e+062 -1.384075e+060 -3.863455e+060 -5.597443e+060 -7.360529e+060 -9.943005e+060 -1.061184e+061 -1.087936e+061 -1.056366e+061 -7.966746e+060 -5.130825e+060 1.064591e+059 
2.355891e+062 -1.947819e+060 -4.784974e+060 -7.666205e+060 -1.030790e+061 -1.265991e+061 -1.405019e+061 -1.435109e+061 -1.335825e+061 -1.075279e+061 -7.057914e+060 1.877709e+059 
2.357089e+062 -1.592824e+060 -3.823166e+060 -6.054684e+060 -8.216484e+060 -1.029401e+061 -1.164784e+061 -1.206278e+061 -1.123460e+061 -8.973255e+060 -5.856900e+060 1.254789e+059 
2.360467e+062 -7.638038e+059 -1.844633e+060 -2.961638e+060 -4.044612e+060 -5.045208e+060 -5.665316e+060 -5.794537e+060 -5.365055e+060 -4.332239e+060 -2.881833e+060 2.937297e+058 
2.360181e+062 -8.254896e+059 -2.160016e+060 -3.581210e+060 -5.031057e+060 -6.409194e+060 -7.141776e+060 -7.308242e+060 -6.802429e+060 -5.429473e+060 -3.595071e+060 4.467697e+058 
2.361926e+062 -3.900929e+059 -9.570961e+059 -1.585779e+060 -2.226720e+060 -2.827833e+060 -3.261527e+060 -3.442238e+060 -3.290444e+060 -2.757570e+060 -1.898987e+060 9.611324e+057 
2.361806e+062 -4.210625e+059 -1.052205e+060 -1.773818e+060 -2.517854e+060 -3.223706e+060 -3.759209e+060 -4.008980e+060 -3.867716e+060 -3.265870e+060 -2.256386e+060 1.257554e+058 
2.362230e+062 -3.306590e+059 -8.223669e+059 -1.395057e+060 -1.992784e+060 -2.557548e+060 -2.997897e+060 -3.204607e+060 -3.084076e+060 -2.599047e+060 -1.790238e+060 7.894126e+057 
2.362892e+062 -1.713797e+059 -4.345416e+059 -7.496890e+059 -1.080286e+060 -1.385706e+060 -1.618130e+060 -1.722906e+060 -1.657575e+060 -1.403715e+060 -9.750743e+059 2.276755e+057 
2.363151e+062 -8.731797e+058 -2.202460e+059 -3.787978e+059 -5.458311e+059 -7.027656e+059 -8.251180e+059 -8.838972e+059 -8.543701e+059 -7.260353e+059 -5.057207e+059 5.928181e+056 
2.363213e+062 -6.080990e+058 -1.590182e+059 -2.809672e+059 -4.093796e+059 -5.253289e+059 -6.098363e+059 -6.461154e+059 -6.218760e+059 -5.306169e+059 -3.734881e+059 3.195312e+056 
2.363276e+062 -4.021868e+058 -1.048821e+059 -1.850831e+059 -2.699115e+059 -3.473963e+059 -4.052300e+059 -4.317330e+059 -4.179061e+059 -3.585938e+059 -2.537928e+059 1.414696e+056 
2.363293e+062 -3.833078e+058 -1.005273e+059 -1.782344e+059 -2.606585e+059 -3.355291e+059 -3.909022e+059 -4.157958e+059 -4.019048e+059 -3.446850e+059 -2.440147e+059 1.310316e+056 
2.363291e+062 -3.827452e+058 -1.004476e+059 -1.781513e+059 -2.606564e+059 -3.357031e+059 -3.911676e+059 -4.159770e+059 -4.020756e+059 -3.447900e+059 -2.440822e+059 1.310501e+056 
2.363289e+062 -3.842927e+058 -1.009128e+059 -1.789345e+059 -2.618698e+059 -3.372556e+059 -3.928155e+059 -4.177782e+059 -4.037796e+059 -3.463144e+059 -2.451706e+059 1.322091e+056 
2.363292e+062 -3.822527e+058 -1.003028e+059 -1.778901e+059 -2.602896e+059 -3.351275e+059 -3.904212e+059 -4.152492e+059 -4.012884e+059 -3.441588e+059 -2.436508e+059 1.306134e+056 
2.363292e+062 -3.821091e+058 -1.002831e+059 -1.778333e+059 -2.602798e+059 -3.350714e+059 -3.903761e+059 -4.151831e+059 -4.011820e+059 -3.440922e+059 -2.435747e+059 1.305613e+056 
2.363290e+062 -3.829641e+058 -1.005048e+059 -1.782939e+059 -2.608319e+059 -3.358551e+059 -3.913428e+059 -4.162174e+059 -4.023073e+059 -3.449692e+059 -2.442279e+059 1.312012e+056 
2.363290e+062 -3.832427e+058 -1.006695e+059 -1.785455e+059 -2.612351e+059 -3.363966e+059 -3.919172e+059 -4.168676e+059 -4.028529e+059 -3.454684e+059 -2.445924e+059 1.315831e+056 
2.363292e+062 -3.825740e+058 -1.003953e+059 -1.779791e+059 -2.604584e+059 -3.354000e+059 -3.906777e+059 -4.155024e+059 -4.015554e+059 -3.444043e+059 -2.438232e+059 1.307958e+056 
