1.000000e-030   1.666667e-001   1.000000e-030   6.666667e-001   1.000000e-030   1.000000e-030   1.000000e-030   1.000000e-030   1.000000e-030   1.000000e-030   1.000000e-030   1.139703e-305   1.000000e-030   1.000000e-030   1.000000e-030   1.000000e-030   1.000000e-030   1.666667e-001   1.000000e-030   1.000000e-030   1.000000e-030   9.335008e-229   2.866545e-247   1.000000e-030   1.000000e-030   1.000000e-030   1.000000e-030   1.000000e-030   1.000000e-030   2.988277e-225   1.000000e-030   1.000000e-030   

1.000000e-030   1.000000e-030   1.000000e-030   1.597506e-225   1.000000e-030   1.000000e-030   2.484083e-239   1.000000e-030   1.000000e-030   1.000000e-030   9.932674e-244   2.500000e-001   1.000000e-030   1.000000e-030   1.000000e-030   1.000000e-030   1.000000e-030   1.000000e-030   1.000000e-030   1.000000e-030   1.000000e-030   1.000000e-030   2.500000e-001   1.000000e-030   1.000000e-030   1.000000e-030   1.000000e-030   1.000000e-030   1.000000e-030   5.000000e-001   1.000000e-030   1.863693e-060   

1.000000e-030   1.000000e-030   1.000000e-030   1.000000e-030   1.000000e-030   1.366099e-236   2.898518e-237   1.000000e-030   1.000000e-030   1.000000e-030   7.477926e-001   1.620637e-172   1.000000e-030   1.000000e-030   1.000000e-030   1.000000e-030   1.000000e-030   1.000000e-030   1.000000e-030   1.000000e-030   1.000000e-030   1.000000e-030   7.350704e-202   1.000000e-030   1.000000e-030   1.424949e-239   1.000000e-030   1.000000e-030   1.000000e-030   1.688373e-225   1.000000e-030   2.522074e-001   

1.000000e-030   1.000000e-030   1.000000e-030   7.999103e-228   1.000000e-030   2.436320e-001   4.060533e-001   7.449452e-088   1.000000e-030   1.000000e-030   1.022464e-243   2.593627e-291   1.364058e-233   1.000000e-030   1.000000e-030   1.000000e-030   1.000000e-030   2.644332e-229   1.000000e-030   9.058357e-232   1.000000e-030   7.396732e-231   1.000000e-030   1.000000e-030   1.000000e-030   2.436320e-001   1.000000e-030   1.000000e-030   1.000000e-030   9.167908e-226   1.000000e-030   1.066827e-001   

1.000000e-030   1.000000e-030   1.000000e-030   1.818182e-001   1.000000e-030   2.239921e-264   2.054563e-234   9.090909e-002   1.000000e-030   1.000000e-030   1.976263e-323   1.000000e-030   9.090909e-002   1.000000e-030   1.000000e-030   1.000000e-030   1.000000e-030   1.818182e-001   1.000000e-030   2.727273e-001   1.000000e-030   9.090909e-002   1.000000e-030   1.000000e-030   1.000000e-030   1.000000e-030   1.000000e-030   1.000000e-030   1.000000e-030   9.090909e-002   1.000000e-030   8.782832e-270   

