1.111111e-001   1.000000e-030   1.000000e-030   1.000000e-030   1.000000e-030   1.000000e-030   1.000000e-030   1.000000e-030   1.000000e-030   1.000000e-030   2.222222e-001   1.000000e-030   1.000000e-030   1.000000e-030   1.000000e-030   3.333333e-001   1.000000e-030   1.000000e-030   1.000000e-030   1.000000e-030   1.000000e-030   1.000000e-030   1.000000e-030   1.000000e-030   1.000000e-030   1.000000e-030   1.000000e-030   1.000000e-030   4.006665e-228   1.000000e-030   3.333333e-001   1.515070e-245   

1.000000e-030   1.000000e-030   1.000000e-030   1.000000e-030   1.000000e-030   1.000000e-030   1.000000e-030   1.000000e-030   1.000000e-030   1.000000e-030   2.371515e-322   5.000000e-001   1.000000e-030   1.000000e-030   1.000000e-030   2.053729e-226   1.000000e-030   1.000000e-030   2.091877e-294   1.000000e-030   1.000000e-030   1.000000e-030   4.183758e-264   1.000000e-030   1.000000e-030   1.000000e-030   1.000000e-030   1.000000e-030   1.000000e-030   1.000000e-030   5.235405e-078   5.000000e-001   

1.000000e-030   1.000000e-030   1.000000e-030   1.000000e-030   1.000000e-030   3.027543e-240   1.000000e-030   1.000000e-030   1.000000e-030   1.000000e-030   1.000000e-030   3.346997e-263   1.000000e-030   4.015600e-239   1.000000e-030   4.107458e-226   1.000000e-030   1.000000e-030   7.108406e-240   1.000000e-030   1.000000e-030   1.000000e-030   1.000000e+000   1.000000e-030   1.000000e-030   1.000000e-030   1.000000e-030   1.000000e-030   1.000000e-030   1.000000e-030   1.000000e-030   1.000000e-030   

1.000000e-030   1.000000e-030   1.837896e-231   1.000000e-030   1.000000e-030   6.985580e-001   1.000000e-030   1.000000e-030   3.948276e-002   1.398277e-236   1.000000e-030   1.000000e-030   1.000000e-030   8.731975e-002   1.000000e-030   3.586622e-227   2.034103e-237   6.381172e-235   1.746395e-001   1.000000e-030   1.000000e-030   1.000000e-030   3.912090e-244   1.000000e-030   1.000000e-030   5.220371e-233   1.000000e-030   1.000000e-030   1.989117e-230   1.000000e-030   2.495912e-229   1.000000e-030   

1.000000e-030   1.000000e-030   1.593900e-001   1.000000e-030   1.000000e-030   1.000000e-030   1.000000e-030   1.000000e-030   4.365987e-002   7.969501e-002   1.000000e-030   1.000000e-030   1.000000e-030   8.962910e-239   1.000000e-030   7.969501e-002   7.969501e-002   1.593900e-001   5.856826e-268   1.000000e-030   1.000000e-030   1.000000e-030   1.000000e-030   1.000000e-030   1.000000e-030   2.390850e-001   1.000000e-030   1.000000e-030   7.969501e-002   1.000000e-030   7.969501e-002   1.000000e-030   

