2.363292e+062 -3.831269e+058 -1.004983e+059 -1.782596e+059 -2.608347e+059 -3.358372e+059 -3.912876e+059 -4.160627e+059 -4.021943e+059 -3.449055e+059 -2.441506e+059 1.311667e+056 
2.363292e+062 -3.827222e+058 -1.004834e+059 -1.782299e+059 -2.606832e+059 -3.357391e+059 -3.911186e+059 -4.159282e+059 -4.019615e+059 -3.446892e+059 -2.440471e+059 1.310514e+056 
2.363291e+062 -3.824627e+058 -1.003886e+059 -1.780835e+059 -2.604901e+059 -3.354851e+059 -3.907942e+059 -4.155910e+059 -4.017152e+059 -3.444773e+059 -2.438621e+059 1.308521e+056 
2.363291e+062 -3.825029e+058 -1.004206e+059 -1.781459e+059 -2.606445e+059 -3.356187e+059 -3.909413e+059 -4.157613e+059 -4.018654e+059 -3.446026e+059 -2.439739e+059 1.309533e+056 
2.363291e+062 -3.830531e+058 -1.004868e+059 -1.782661e+059 -2.607390e+059 -3.357777e+059 -3.911399e+059 -4.159490e+059 -4.020014e+059 -3.447306e+059 -2.440196e+059 1.310899e+056 
2.363291e+062 -3.820658e+058 -1.002678e+059 -1.778572e+059 -2.601441e+059 -3.350285e+059 -3.903180e+059 -4.150394e+059 -4.012021e+059 -3.440189e+059 -2.435560e+059 1.305193e+056 
2.363291e+062 -3.828552e+058 -1.004843e+059 -1.782281e+059 -2.606903e+059 -3.357338e+059 -3.911078e+059 -4.159408e+059 -4.020233e+059 -3.447573e+059 -2.440616e+059 1.310676e+056 
2.363291e+062 -3.831744e+058 -1.005251e+059 -1.782974e+059 -2.608561e+059 -3.359365e+059 -3.913750e+059 -4.161622e+059 -4.022492e+059 -3.449795e+059 -2.442383e+059 1.312226e+056 
2.363291e+062 -3.837344e+058 -1.006714e+059 -1.785409e+059 -2.611256e+059 -3.362351e+059 -3.916897e+059 -4.166277e+059 -4.026690e+059 -3.453721e+059 -2.445090e+059 1.315150e+056 
2.363291e+062 -3.844115e+058 -1.008580e+059 -1.789087e+059 -2.616525e+059 -3.368356e+059 -3.924365e+059 -4.173950e+059 -4.033670e+059 -3.459278e+059 -2.449020e+059 1.319981e+056 
2.363309e+062 -3.852778e+058 -1.013867e+059 -1.803374e+059 -2.634101e+059 -3.384919e+059 -3.947615e+059 -4.204008e+059 -4.058379e+059 -3.476911e+059 -2.463394e+059 1.335602e+056 
2.360595e+062 -6.075578e+059 -1.155599e+060 -1.420070e+060 -1.457034e+060 -1.428441e+060 -1.459487e+060 -1.595056e+060 -1.793026e+060 -1.884867e+060 -1.601217e+060 5.431809e+057 
2.341306e+062 -3.289646e+060 -3.773249e+060 -6.777434e+059 3.418668e+060 6.085562e+060 6.918405e+060 6.451499e+060 4.737003e+060 1.887291e+060 -6.987556e+059 1.490072e+058 
2.260353e+062 -9.873121e+060 -1.044198e+061 -3.932180e+060 1.293240e+061 3.451076e+061 4.241483e+061 3.400145e+061 2.200790e+061 9.720937e+060 -1.397336e+060 4.296090e+059 
2.162576e+062 -2.226006e+061 -1.048327e+061 2.596054e+061 5.205589e+061 5.823553e+061 5.289374e+061 4.186898e+061 2.430494e+061 4.132036e+060 -6.413539e+060 2.164755e+060 
2.163622e+062 -9.198953e+060 2.259014e+061 5.677116e+061 4.707194e+061 1.579874e+061 7.768450e+060 2.733436e+061 4.027436e+061 2.789578e+061 7.996068e+060 1.668893e+060 
2.158526e+062 -8.872404e+060 2.826544e+061 7.057436e+061 5.953805e+061 1.015361e+061 -1.737781e+061 1.944391e+060 3.423157e+061 3.931244e+061 1.945373e+061 1.408905e+060 
2.231500e+062 -5.536225e+060 1.808868e+061 4.651121e+061 4.150783e+061 9.425235e+060 -1.471304e+061 -8.859695e+060 1.288914e+061 2.372809e+061 1.603114e+061 2.035193e+059 
2.270048e+062 -4.539342e+060 1.149320e+061 3.340099e+061 3.243405e+061 9.280510e+060 -1.216152e+061 -1.095672e+061 6.271428e+060 1.730813e+061 1.283070e+061 -3.660392e+058 
2.300306e+062 -3.189395e+060 6.962734e+060 2.103251e+061 2.028703e+061 4.824882e+060 -9.913627e+060 -9.631064e+060 2.664007e+060 1.136204e+061 8.644358e+060 -4.800497e+058 
2.335105e+062 -1.831132e+060 1.442312e+060 6.305237e+060 5.805950e+060 -4.448638e+058 -5.518658e+060 -5.699521e+060 -1.017194e+060 2.668341e+060 1.946666e+060 -1.616067e+058 
2.334555e+062 -1.633340e+060 2.219494e+060 7.310146e+060 6.681429e+060 7.638049e+059 -4.425126e+060 -4.123757e+060 4.082885e+059 3.340055e+060 1.897237e+060 -8.494925e+057 
2.342165e+062 -9.104976e+059 1.514268e+060 3.658264e+060 2.160523e+060 -4.676202e+059 -1.352741e+060 -2.708757e+059 1.433586e+060 1.408456e+060 -2.423660e+059 3.891429e+057 
2.359555e+062 -3.390959e+058 3.970829e+059 3.876582e+059 -2.994385e+059 -7.390377e+059 -6.207238e+059 -4.371953e+059 -2.879981e+059 -2.465958e+059 -3.762420e+059 6.431233e+055 
2.362906e+062 -1.133683e+059 -2.733014e+059 -4.834393e+059 -7.171450e+059 -9.186680e+059 -1.065494e+060 -1.125101e+060 -1.057794e+060 -8.728193e+059 -6.037677e+059 9.529653e+056 
2.363050e+062 -8.060327e+058 -2.084363e+059 -3.864316e+059 -5.707905e+059 -7.114217e+059 -8.099985e+059 -8.634411e+059 -8.304051e+059 -6.908489e+059 -4.741347e+059 5.721561e+056 
2.363274e+062 -4.169972e+058 -1.089584e+059 -1.933115e+059 -2.826960e+059 -3.635486e+059 -4.228892e+059 -4.493171e+059 -4.335679e+059 -3.706578e+059 -2.617174e+059 1.532841e+056 
2.363289e+062 -3.843249e+058 -1.007530e+059 -1.787686e+059 -2.616571e+059 -3.369780e+059 -3.925859e+059 -4.175606e+059 -4.035325e+059 -3.459665e+059 -2.449087e+059 1.320014e+056 
2.363292e+062 -3.841830e+058 -1.008001e+059 -1.788322e+059 -2.616557e+059 -3.370303e+059 -3.925642e+059 -4.175365e+059 -4.035457e+059 -3.460438e+059 -2.449926e+059 1.320291e+056 
2.363292e+062 -3.837867e+058 -1.006522e+059 -1.784860e+059 -2.611097e+059 -3.361790e+059 -3.916339e+059 -4.164234e+059 -4.025114e+059 -3.451763e+059 -2.443784e+059 1.314440e+056 
2.363290e+062 -3.828793e+058 -1.004609e+059 -1.782049e+059 -2.606944e+059 -3.357460e+059 -3.911431e+059 -4.159974e+059 -4.020625e+059 -3.447894e+059 -2.440684e+059 1.310738e+056 
2.363291e+062 -3.837665e+058 -1.006863e+059 -1.785835e+059 -2.613006e+059 -3.364852e+059 -3.918999e+059 -4.167734e+059 -4.028393e+059 -3.454295e+059 -2.445441e+059 1.316174e+056 
2.363291e+062 -3.827684e+058 -1.004282e+059 -1.781715e+059 -2.606681e+059 -3.356461e+059 -3.909636e+059 -4.158344e+059 -4.018703e+059 -3.446109e+059 -2.439440e+059 1.309824e+056 
2.363291e+062 -3.830182e+058 -1.005044e+059 -1.782668e+059 -2.608072e+059 -3.358341e+059 -3.912519e+059 -4.160317e+059 -4.021475e+059 -3.448592e+059 -2.441343e+059 1.311481e+056 
2.363291e+062 -3.839481e+058 -1.007511e+059 -1.787110e+059 -2.613889e+059 -3.366287e+059 -3.921263e+059 -4.170318e+059 -4.030237e+059 -3.455724e+059 -2.446504e+059 1.317524e+056 
2.363291e+062 -3.834596e+058 -1.006153e+059 -1.785402e+059 -2.611394e+059 -3.363773e+059 -3.918649e+059 -4.167293e+059 -4.027513e+059 -3.453928e+059 -2.445235e+059 1.315348e+056 
