2.346752e+062 6.231234e+059 4.471482e+060 6.803574e+060 4.196444e+060 2.146739e+059 -7.534890e+059 1.954631e+060 4.715538e+060 4.435790e+060 1.900276e+060 3.031601e+058 
2.362180e+062 4.008672e+058 1.914188e+059 1.598534e+059 -1.164988e+059 -2.418504e+059 -1.933462e+059 -1.628434e+059 -1.977251e+059 -1.963504e+059 -1.129501e+059 -2.899458e+055 
2.363065e+062 -1.935745e+058 -4.752869e+058 -1.242361e+059 -2.420810e+059 -3.149975e+059 -3.401165e+059 -3.557629e+059 -3.709798e+059 -3.283104e+059 -2.234233e+059 8.689134e+055 
2.363255e+062 -3.573637e+058 -9.441506e+058 -1.702687e+059 -2.582880e+059 -3.319887e+059 -3.834120e+059 -4.094107e+059 -3.975114e+059 -3.435213e+059 -2.419474e+059 1.250160e+056 
2.363276e+062 -3.736782e+058 -9.914771e+058 -1.763118e+059 -2.594129e+059 -3.345068e+059 -3.892382e+059 -4.147026e+059 -4.013400e+059 -3.441601e+059 -2.437742e+059 1.294283e+056 
2.363279e+062 -3.770447e+058 -9.959178e+058 -1.775478e+059 -2.604919e+059 -3.353289e+059 -3.909810e+059 -4.161800e+059 -4.027384e+059 -3.454689e+059 -2.443377e+059 1.305543e+056 
2.363278e+062 -3.739635e+058 -9.922256e+058 -1.755034e+059 -2.577770e+059 -3.329404e+059 -3.877884e+059 -4.118360e+059 -3.989962e+059 -3.425557e+059 -2.423455e+059 1.282997e+056 
2.363280e+062 -3.780553e+058 -9.939028e+058 -1.763507e+059 -2.590994e+059 -3.338637e+059 -3.891073e+059 -4.136568e+059 -4.002819e+059 -3.430961e+059 -2.430775e+059 1.293105e+056 
2.363280e+062 -3.751122e+058 -1.000650e+059 -1.769939e+059 -2.601509e+059 -3.349294e+059 -3.903905e+059 -4.159757e+059 -4.018652e+059 -3.445594e+059 -2.443176e+059 1.302261e+056 
2.363280e+062 -3.791186e+058 -9.988305e+058 -1.777932e+059 -2.605840e+059 -3.350149e+059 -3.912306e+059 -4.155515e+059 -4.021369e+059 -3.449161e+059 -2.441730e+059 1.306188e+056 
2.362986e+062 -4.294848e+058 -1.045700e+059 -1.274922e+059 -2.318041e+059 -3.270840e+059 -4.055342e+059 -4.685338e+059 -4.005671e+059 -3.207955e+059 -2.195500e+059 1.229244e+056 
2.353738e+062 -1.500865e+059 -1.472237e+060 -2.102847e+059 -3.037657e+060 -3.176318e+060 -3.396296e+060 -5.734107e+060 -3.504569e+060 -3.682078e+060 -2.484367e+060 1.224687e+058 
2.310263e+062 -2.065465e+060 -8.492272e+060 -4.854332e+060 -1.443366e+061 -1.914860e+061 -2.307275e+061 -2.843252e+061 -2.073024e+061 -1.753902e+061 -1.047084e+061 4.181049e+059 
2.320361e+062 -1.894261e+060 -1.001602e+061 -1.032123e+061 -1.939442e+061 -2.550148e+061 -2.620462e+061 -2.999649e+061 -2.266067e+061 -1.789191e+061 -1.162179e+061 6.016055e+059 
2.315822e+062 -4.577093e+060 -1.166760e+061 -1.172015e+061 -1.692735e+061 -2.348906e+061 -2.786818e+061 -3.236074e+061 -2.872071e+061 -2.266742e+061 -1.410297e+061 7.763134e+059 
2.320586e+062 -3.871068e+060 -1.315766e+061 -1.700872e+061 -2.497248e+061 -3.043858e+061 -3.401176e+061 -3.513759e+061 -2.902651e+061 -2.426681e+061 -1.411248e+061 1.057483e+060 
2.336970e+062 -4.860988e+060 -1.320817e+061 -2.069500e+061 -2.783325e+061 -3.425658e+061 -3.704319e+061 -3.533147e+061 -3.005897e+061 -2.267415e+061 -1.321837e+061 1.204700e+060 
2.339592e+062 -4.272078e+060 -1.123060e+061 -1.712552e+061 -2.470441e+061 -2.962449e+061 -3.198993e+061 -3.092814e+061 -2.548343e+061 -1.887737e+061 -1.115213e+061 8.828895e+059 
2.348309e+062 -1.116649e+060 -4.482636e+060 -5.628916e+060 -9.994461e+060 -1.206731e+061 -1.357146e+061 -1.472198e+061 -1.160873e+061 -1.020764e+061 -6.336559e+060 1.531253e+059 
2.358034e+062 -1.542432e+060 -4.010288e+060 -6.909989e+060 -9.765895e+060 -1.220580e+061 -1.371816e+061 -1.389639e+061 -1.276516e+061 -1.036442e+061 -6.887441e+060 1.630156e+059 
2.360266e+062 -9.081550e+059 -2.318166e+060 -3.954334e+060 -5.554174e+060 -6.849134e+060 -7.619762e+060 -7.694960e+060 -7.009769e+060 -5.621950e+060 -3.684287e+060 5.088099e+058 
2.361385e+062 -5.868184e+059 -1.503577e+060 -2.583909e+060 -3.643978e+060 -4.496935e+060 -4.992155e+060 -5.024259e+060 -4.565754e+060 -3.656307e+060 -2.399055e+060 2.162852e+058 
2.361745e+062 -5.119632e+059 -1.325561e+060 -2.301886e+060 -3.284235e+060 -4.106377e+060 -4.618790e+060 -4.719109e+060 -4.359792e+060 -3.552400e+060 -2.375529e+060 1.838827e+058 
2.362771e+062 -1.987772e+059 -5.161656e+059 -9.013915e+059 -1.294489e+060 -1.629965e+060 -1.850906e+060 -1.910063e+060 -1.786319e+060 -1.475854e+060 -1.002951e+060 2.944563e+057 
2.362136e+062 -3.231338e+059 -7.471041e+059 -1.121633e+060 -1.331011e+060 -1.313403e+060 -1.094438e+060 -7.615503e+059 -4.237870e+059 -1.741007e+059 -4.764542e+058 9.423306e+056 
2.299723e+062 5.387623e+060 1.750491e+061 1.526745e+061 8.051802e+058 5.505466e+060 1.876077e+061 1.946822e+061 1.053409e+061 4.798368e+060 6.371536e+060 2.025432e+059 
2.224512e+062 1.441323e+061 3.565890e+061 2.613298e+061 4.549504e+060 2.729867e+061 5.217327e+061 4.420603e+061 1.549883e+061 1.547658e+061 1.895612e+061 1.402791e+060 
2.076327e+062 2.481519e+061 7.874224e+061 6.812948e+061 1.158626e+061 4.036384e+061 1.071279e+062 1.133750e+062 5.626178e+061 3.524160e+061 4.235148e+061 6.062197e+060 
2.235964e+062 1.265066e+061 3.442354e+061 2.643062e+061 7.619403e+060 2.356279e+061 4.192676e+061 3.513208e+061 1.929365e+061 1.749126e+061 1.654288e+061 1.277910e+060 
2.342597e+062 9.454806e+059 5.702523e+060 8.158873e+060 4.180355e+060 -1.156690e+059 3.476090e+058 4.328619e+060 6.268254e+060 4.486261e+060 1.728513e+060 4.525726e+058 
2.361662e+062 6.045168e+058 3.084939e+059 3.633942e+059 2.104894e+058 -1.906839e+059 -2.361573e+059 -2.804001e+058 -9.065337e+057 -3.576346e+058 -8.522035e+058 -7.325493e+054 
2.363028e+062 -1.495405e+058 -4.477756e+058 -1.322660e+059 -2.434706e+059 -2.810644e+059 -3.214818e+059 -3.521103e+059 -3.743421e+059 -3.171331e+059 -2.141842e+059 8.097534e+055 
2.363221e+062 -3.247722e+058 -8.709812e+058 -1.655572e+059 -2.559107e+059 -3.253977e+059 -3.676280e+059 -3.942003e+059 -3.913526e+059 -3.358531e+059 -2.349629e+059 1.166308e+056 
2.362747e+062 -1.329749e+059 -2.849236e+059 -3.878865e+059 -4.353297e+059 -4.463040e+059 -4.415965e+059 -4.175489e+059 -3.668794e+059 -2.709088e+059 -1.605958e+059 2.462264e+056 
2.361872e+062 -3.312312e+059 -6.530629e+059 -7.866651e+059 -6.837390e+059 -4.250546e+059 -1.509428e+059 4.788719e+058 1.441552e+059 1.566868e+059 1.115534e+059 -1.742173e+056 
2.363040e+062 -9.343320e+058 -2.249443e+059 -3.595392e+059 -4.685508e+059 -5.278528e+059 -5.375606e+059 -4.866667e+059 -4.085980e+059 -3.000218e+059 -1.874853e+059 2.686425e+056 
2.363129e+062 -7.644013e+058 -1.879150e+059 -3.056613e+059 -4.052407e+059 -4.639885e+059 -4.764183e+059 -4.436514e+059 -3.772607e+059 -2.884610e+059 -1.868007e+059 2.124526e+056 
2.363278e+062 -3.872995e+058 -1.019297e+059 -1.804998e+059 -2.642657e+059 -3.381449e+059 -3.930843e+059 -4.165655e+059 -4.021297e+059 -3.439925e+059 -2.430112e+059 1.326989e+056 
