1.000000e-030   1.000000e-030   1.000000e-030   7.656639e-231   1.000000e-030   1.000000e-030   1.000000e-030   1.000000e-030   1.000000e-030   1.000000e-030   1.000000e-030   6.967885e-063   1.000000e-030   1.000000e-030   1.000000e-030   1.000000e-030   1.000000e-030   1.000000e-030   1.000000e-030   1.000000e-030   1.000000e-030   1.000000e-030   1.000000e-030   4.008750e-249   1.000000e-030   1.000000e-030   1.000000e-030   1.000000e-030   1.000000e+000   1.000000e-030   1.000000e-030   1.000000e-030   

1.000000e-030   1.000000e-030   1.000000e-030   9.187967e-231   1.000000e-030   1.000000e-030   1.000000e-030   1.000000e-030   1.000000e-030   1.000000e-030   1.000000e-030   2.000000e-001   2.000000e-001   1.000000e-030   1.000000e-030   1.000000e-030   1.000000e-030   1.000000e-030   1.000000e-030   1.000000e-030   1.248311e-245   1.000000e-030   1.000000e-030   6.000000e-001   1.550678e-244   1.000000e-030   1.000000e-030   1.000000e-030   2.388787e-250   1.000000e-030   1.000000e-030   1.000000e-030   

1.000000e-030   1.000000e-030   6.372226e-240   4.176349e-231   1.000000e-030   1.456332e-241   8.609735e-241   1.000000e-030   1.000000e-030   1.000000e-030   1.000000e-030   1.000000e-030   3.605769e-247   1.000000e-030   1.000000e-030   1.000000e-030   1.000000e-030   1.000000e-030   1.000000e-030   1.000000e-030   6.363636e-001   1.000000e-030   1.000000e-030   1.000000e-030   3.636364e-001   3.951865e-242   1.000000e-030   1.000000e-030   1.000000e-030   1.000000e-030   1.000000e-030   1.000000e-030   

1.000000e-030   2.939452e-233   1.446032e-001   6.643047e-231   1.000000e-030   4.338096e-001   1.446032e-001   1.000000e-030   1.000000e-030   1.000000e-030   1.000000e-030   1.000000e-030   1.323808e-001   1.000000e-030   1.000000e-030   1.000000e-030   1.000000e-030   1.000000e-030   5.978227e-086   1.121988e-234   4.160526e-266   1.224562e-232   1.000000e-030   1.000000e-030   1.609745e-242   1.446032e-001   1.000000e-030   1.000000e-030   1.000000e-030   5.504762e-236   1.000000e-030   1.000000e-030   

1.000000e-030   1.236931e-001   5.689816e-239   1.236931e-001   1.000000e-030   4.577576e-271   1.000000e-030   1.000000e-030   1.000000e-030   1.000000e-030   1.000000e-030   1.000000e-030   1.045504e-002   1.000000e-030   1.000000e-030   1.000000e-030   1.000000e-030   1.000000e-030   1.236931e-001   2.473862e-001   5.000256e-297   2.473862e-001   1.000000e-030   1.000000e-030   1.460277e-298   1.624098e-271   1.000000e-030   1.000000e-030   1.000000e-030   1.236931e-001   1.000000e-030   1.000000e-030   

