2.363292e+062 -3.798362e+058 -9.889182e+058 -1.741851e+059 -2.537819e+059 -3.263295e+059 -3.806579e+059 -4.056203e+059 -3.927719e+059 -3.372740e+059 -2.388588e+059 1.251590e+056 
2.363294e+062 -3.889774e+058 -1.018423e+059 -1.798943e+059 -2.625379e+059 -3.374240e+059 -3.934056e+059 -4.187469e+059 -4.050239e+059 -3.475414e+059 -2.461499e+059 1.332442e+056 
2.363288e+062 -3.839301e+058 -9.994914e+058 -1.762311e+059 -2.571025e+059 -3.308207e+059 -3.862448e+059 -4.117928e+059 -3.986200e+059 -3.419025e+059 -2.419257e+059 1.285184e+056 
2.363283e+062 -3.960409e+058 -1.034556e+059 -1.828112e+059 -2.666948e+059 -3.430819e+059 -3.998056e+059 -4.256118e+059 -4.117405e+059 -3.533056e+059 -2.501653e+059 1.376624e+056 
2.363289e+062 -3.793775e+058 -9.901486e+058 -1.750436e+059 -2.558457e+059 -3.293199e+059 -3.840789e+059 -4.088420e+059 -3.954959e+059 -3.393077e+059 -2.401805e+059 1.267341e+056 
2.363292e+062 -3.854663e+058 -1.008542e+059 -1.783694e+059 -2.603746e+059 -3.351998e+059 -3.905265e+059 -4.155826e+059 -4.019679e+059 -3.449075e+059 -2.442435e+059 1.311500e+056 
2.363295e+062 -3.762635e+058 -9.825364e+058 -1.733869e+059 -2.530680e+059 -3.253961e+059 -3.787937e+059 -4.030386e+059 -3.897108e+059 -3.343986e+059 -2.368403e+059 1.236976e+056 
2.363301e+062 -3.761981e+058 -9.840841e+058 -1.740802e+059 -2.543293e+059 -3.273837e+059 -3.814837e+059 -4.059560e+059 -3.926083e+059 -3.367741e+059 -2.383655e+059 1.250454e+056 
2.363293e+062 -3.756975e+058 -9.820904e+058 -1.738195e+059 -2.538063e+059 -3.268344e+059 -3.811703e+059 -4.057198e+059 -3.923876e+059 -3.365261e+059 -2.381860e+059 1.247420e+056 
2.363275e+062 -4.089763e+058 -1.058345e+059 -1.855314e+059 -2.693798e+059 -3.459562e+059 -4.033220e+059 -4.302883e+059 -4.173178e+059 -3.589040e+059 -2.544503e+059 1.416404e+056 
2.363278e+062 -4.125218e+058 -1.064783e+059 -1.850428e+059 -2.691031e+059 -3.475516e+059 -4.086988e+059 -4.374909e+059 -4.225916e+059 -3.612847e+059 -2.546305e+059 1.435744e+056 
2.337165e+062 -5.961695e+059 3.912153e+060 9.188550e+060 7.810804e+060 2.105747e+060 -5.154861e+060 -6.493818e+060 -1.630776e+060 2.957944e+060 3.227927e+060 -1.892605e+058 
2.284185e+062 -2.225894e+060 1.130836e+061 2.631487e+061 2.178635e+061 4.580080e+060 -1.350714e+061 -1.684200e+061 -5.701762e+060 5.530280e+060 7.062196e+060 -1.728257e+059 
2.264046e+062 -3.420841e+060 1.375715e+061 3.369328e+061 2.957297e+061 6.128967e+060 -1.828118e+061 -2.292013e+061 -7.545222e+060 8.394703e+060 9.877048e+060 -3.248844e+059 
2.235342e+062 -5.641086e+060 1.466623e+061 4.464841e+061 4.301742e+061 1.710431e+061 -1.935219e+061 -2.819898e+061 -1.039433e+061 8.072871e+060 1.280889e+061 -7.384764e+059 
2.215797e+062 -7.337958e+060 1.607299e+061 5.009966e+061 4.957505e+061 1.709356e+061 -2.287433e+061 -3.504939e+061 -1.605445e+061 5.886676e+060 1.168347e+061 -1.127370e+060 
2.215338e+062 -7.231805e+060 1.802421e+061 5.338719e+061 5.227952e+061 1.422654e+061 -2.885616e+061 -3.708588e+061 -1.200040e+061 1.264056e+061 1.442493e+061 -1.069274e+060 
2.163682e+062 -1.197741e+061 2.178304e+061 7.515485e+061 8.149342e+061 3.202130e+061 -2.973544e+061 -4.493710e+061 -1.260132e+061 1.995922e+061 2.239882e+061 -2.302953e+060 
2.278380e+062 -4.147878e+060 9.467557e+060 2.668920e+061 2.198843e+061 -2.972132e+060 -2.701746e+061 -2.840411e+061 -1.099162e+061 3.556952e+060 4.093685e+060 -2.935790e+059 
2.308185e+062 -2.762501e+060 4.300384e+060 1.330797e+061 1.098019e+061 -1.995267e+059 -1.470654e+061 -2.053532e+061 -1.410726e+061 -3.684438e+060 1.482077e+060 -1.588203e+059 
2.289289e+062 -1.144613e+060 1.051099e+061 1.814594e+061 1.293533e+061 5.039078e+060 -3.123027e+060 -1.238967e+061 -1.379230e+061 -3.571894e+060 4.634446e+060 -1.879568e+059 
2.358659e+062 -2.216844e+059 4.262364e+059 1.063726e+060 6.615032e+059 -5.454418e+059 -1.582024e+060 -1.733665e+060 -1.093144e+060 -4.151052e+059 -2.380467e+059 -5.846535e+056 
2.361493e+062 -5.048978e+059 -1.256542e+060 -2.203041e+060 -3.200523e+060 -4.028657e+060 -4.541752e+060 -4.652364e+060 -4.285938e+060 -3.455144e+060 -2.288139e+060 1.745975e+058 
2.362564e+062 -2.473752e+059 -6.225049e+059 -1.074875e+060 -1.549286e+060 -1.974787e+060 -2.278023e+060 -2.384155e+060 -2.245034e+060 -1.861468e+060 -1.271349e+060 4.446102e+057 
2.363085e+062 -8.849858e+058 -2.276296e+059 -3.984235e+059 -5.761474e+059 -7.319729e+059 -8.406033e+059 -8.797325e+059 -8.332913e+059 -6.975418e+059 -4.811911e+059 6.080093e+056 
2.363229e+062 -5.184357e+058 -1.352386e+059 -2.389191e+059 -3.484335e+059 -4.471557e+059 -5.189664e+059 -5.495257e+059 -5.284324e+059 -4.505116e+059 -3.169552e+059 2.311194e+056 
2.363258e+062 -4.147000e+058 -1.081948e+059 -1.911009e+059 -2.788764e+059 -3.587730e+059 -4.177356e+059 -4.440825e+059 -4.285253e+059 -3.667402e+059 -2.589003e+059 1.498940e+056 
2.363285e+062 -3.779801e+058 -9.886741e+058 -1.758204e+059 -2.567068e+059 -3.292977e+059 -3.836067e+059 -4.087979e+059 -3.949728e+059 -3.381320e+059 -2.394319e+059 1.266477e+056 
2.363135e+062 -2.261817e+058 -7.004512e+058 -1.722545e+059 -2.497408e+059 -2.892556e+059 -3.640160e+059 -4.256925e+059 -3.968180e+059 -3.145411e+059 -2.328392e+059 1.068135e+056 
2.363260e+062 -3.736816e+058 -9.853720e+058 -1.775483e+059 -2.589813e+059 -3.304044e+059 -3.872454e+059 -4.155819e+059 -4.012254e+059 -3.423749e+059 -2.430264e+059 1.287640e+056 
2.363280e+062 -3.744976e+058 -9.794724e+058 -1.737134e+059 -2.540766e+059 -3.272851e+059 -3.816034e+059 -4.062161e+059 -3.926104e+059 -3.364710e+059 -2.381004e+059 1.247634e+056 
2.363278e+062 -3.851367e+058 -1.001183e+059 -1.766618e+059 -2.578402e+059 -3.324182e+059 -3.881418e+059 -4.133326e+059 -3.995314e+059 -3.425708e+059 -2.425123e+059 1.293310e+056 
2.363279e+062 -3.831541e+058 -1.000824e+059 -1.768695e+059 -2.583126e+059 -3.328625e+059 -3.882985e+059 -4.135461e+059 -3.999460e+059 -3.430100e+059 -2.427493e+059 1.294663e+056 
2.363280e+062 -3.831329e+058 -1.000053e+059 -1.764596e+059 -2.575644e+059 -3.312852e+059 -3.859220e+059 -4.106555e+059 -3.972463e+059 -3.408271e+059 -2.412500e+059 1.283063e+056 
2.363274e+062 -4.036562e+058 -1.050303e+059 -1.853787e+059 -2.706281e+059 -3.486208e+059 -4.063679e+059 -4.322408e+059 -4.176999e+059 -3.580528e+059 -2.533882e+059 1.418842e+056 
2.363278e+062 -4.000548e+058 -1.042927e+059 -1.841543e+059 -2.688077e+059 -3.459243e+059 -4.035148e+059 -4.296165e+059 -4.152862e+059 -3.559797e+059 -2.517435e+059 1.399690e+056 
