2.363234e+062 -3.314422e+058 -9.016838e+058 -1.696790e+059 -2.491934e+059 -3.157904e+059 -3.747737e+059 -4.126881e+059 -3.997261e+059 -3.353554e+059 -2.369980e+059 1.191216e+056 
2.363271e+062 -3.630366e+058 -9.756673e+058 -1.766899e+059 -2.558499e+059 -3.274775e+059 -3.872628e+059 -4.155732e+059 -3.997120e+059 -3.423044e+059 -2.437379e+059 1.272228e+056 
2.363287e+062 -3.788715e+058 -9.983175e+058 -1.772270e+059 -2.591644e+059 -3.341443e+059 -3.901639e+059 -4.148864e+059 -4.009165e+059 -3.437839e+059 -2.434402e+059 1.299101e+056 
2.363287e+062 -3.813890e+058 -1.001729e+059 -1.773193e+059 -2.593983e+059 -3.342882e+059 -3.904987e+059 -4.156094e+059 -4.015927e+059 -3.441394e+059 -2.436202e+059 1.303213e+056 
2.363288e+062 -3.807351e+058 -1.000947e+059 -1.778666e+059 -2.601923e+059 -3.348816e+059 -3.902533e+059 -4.153930e+059 -4.015506e+059 -3.442175e+059 -2.437744e+059 1.304859e+056 
2.363288e+062 -3.809164e+058 -1.000722e+059 -1.774449e+059 -2.599269e+059 -3.346794e+059 -3.899564e+059 -4.147232e+059 -4.008497e+059 -3.439543e+059 -2.435415e+059 1.302172e+056 
2.363290e+062 -3.831294e+058 -1.004621e+059 -1.784936e+059 -2.613619e+059 -3.364056e+059 -3.919130e+059 -4.168189e+059 -4.028275e+059 -3.453192e+059 -2.444803e+059 1.315139e+056 
2.363293e+062 -3.815173e+058 -1.002108e+059 -1.777226e+059 -2.598929e+059 -3.347458e+059 -3.900771e+059 -4.148659e+059 -4.008626e+059 -3.436478e+059 -2.432902e+059 1.303043e+056 
2.363262e+062 -4.463448e+058 -1.169409e+059 -2.070559e+059 -3.022312e+059 -3.882867e+059 -4.510825e+059 -4.782700e+059 -4.606102e+059 -3.934943e+059 -2.774386e+059 1.744557e+056 
2.363177e+062 -6.372792e+058 -1.658562e+059 -2.913535e+059 -4.219000e+059 -5.364586e+059 -6.159847e+059 -6.443269e+059 -6.112920e+059 -5.140091e+059 -3.563575e+059 3.259783e+056 
2.363171e+062 -7.234313e+058 -1.883458e+059 -3.308938e+059 -4.783816e+059 -6.073580e+059 -6.964579e+059 -7.275430e+059 -6.892475e+059 -5.783575e+059 -3.999432e+059 4.169647e+056 
2.361238e+062 -4.838023e+059 -1.057805e+060 -1.718683e+060 -2.505709e+060 -3.358316e+060 -3.964954e+060 -4.040307e+060 -3.521417e+060 -2.643327e+060 -1.665742e+060 1.187307e+058 
2.344835e+062 -6.711389e+059 4.348396e+059 -3.335991e+059 -3.369148e+060 -5.733175e+060 -8.740514e+060 -1.081293e+061 -8.922048e+060 -4.072720e+060 -1.502918e+060 2.462372e+058 
2.288699e+062 -3.245252e+060 9.279743e+060 2.500843e+061 2.251161e+061 1.916214e+060 -2.074439e+061 -2.474612e+061 -1.007268e+061 5.213341e+060 6.630228e+060 -2.851608e+059 
2.201392e+062 -6.608715e+060 2.180727e+061 5.562214e+061 5.162290e+061 1.233779e+061 -2.968561e+061 -3.930153e+061 -1.473581e+061 1.345213e+061 1.596058e+061 -1.111706e+060 
2.274613e+062 -4.413057e+060 8.003062e+060 2.138591e+061 1.458007e+061 -9.103501e+060 -3.195413e+061 -3.706133e+061 -2.301039e+061 -5.060923e+060 8.905364e+059 -3.204990e+059 
2.268687e+062 -5.729017e+060 5.917488e+060 2.033400e+061 1.520509e+061 -9.789650e+060 -3.725891e+061 -4.598291e+061 -3.028248e+061 -8.349773e+060 -1.535023e+059 -4.012085e+059 
2.274717e+062 -5.695823e+060 3.920749e+060 1.577626e+061 1.072406e+061 -1.094296e+061 -3.623402e+061 -4.549055e+061 -3.242443e+061 -1.140399e+061 -1.819333e+060 -2.648806e+059 
2.264168e+062 -7.559025e+060 4.180110e+060 2.291031e+061 2.103555e+061 -7.277647e+060 -4.090620e+061 -5.097938e+061 -3.272076e+061 -8.424533e+060 5.447034e+059 -5.936791e+059 
2.257440e+062 -7.702125e+060 5.801218e+060 2.651874e+061 2.540061e+061 -3.676775e+060 -3.792544e+061 -4.918738e+061 -3.169706e+061 -7.054985e+060 2.142914e+060 -7.574794e+059 
2.292518e+062 -5.700924e+060 2.465914e+060 1.600422e+061 1.513757e+061 -4.859464e+060 -2.819242e+061 -3.591666e+061 -2.503820e+061 -8.958544e+060 -1.208813e+060 -2.923969e+059 
2.361014e+062 -2.235679e+059 -1.457064e+059 -3.652976e+058 -3.474810e+059 -9.788540e+059 -1.450317e+060 -1.445400e+060 -1.107707e+060 -7.432188e+059 -4.690135e+059 7.731503e+056 
2.362832e+062 -1.218084e+059 -2.626959e+059 -4.335719e+059 -6.560352e+059 -8.822847e+059 -1.036110e+060 -1.070035e+060 -9.800198e+059 -7.901216e+059 -5.303154e+059 8.460726e+056 
2.362893e+062 -1.272680e+059 -3.058096e+059 -5.233350e+059 -7.642529e+059 -9.861097e+059 -1.140927e+060 -1.189589e+060 -1.107472e+060 -9.010011e+059 -6.058285e+059 1.085097e+057 
2.363166e+062 -5.359520e+058 -1.327593e+059 -2.273461e+059 -3.340626e+059 -4.373013e+059 -5.160939e+059 -5.500305e+059 -5.247924e+059 -4.417946e+059 -3.071828e+059 2.232254e+056 
2.363048e+062 -9.258832e+058 -2.412136e+059 -4.253344e+059 -6.191586e+059 -7.931085e+059 -9.182500e+059 -9.687861e+059 -9.273701e+059 -7.863996e+059 -5.503265e+059 7.224166e+056 
2.362996e+062 -1.200437e+059 -3.133648e+059 -5.526932e+059 -8.020524e+059 -1.024106e+060 -1.182647e+060 -1.243885e+060 -1.186209e+060 -1.002700e+060 -6.992231e+059 1.199215e+057 
2.361952e+062 1.216785e+059 2.687193e+059 -4.719720e+058 -2.590761e+059 3.311830e+058 7.578365e+058 -3.466661e+059 -4.320774e+059 -1.125572e+059 -2.928485e+058 7.059026e+054 
2.357432e+062 -1.610675e+058 1.273465e+060 2.487346e+060 2.244807e+060 7.663338e+059 -6.987998e+059 -8.466088e+059 3.806161e+059 1.406138e+060 1.034324e+060 8.661940e+056 
2.362514e+062 -8.576194e+057 1.016974e+059 9.138485e+058 -9.804804e+058 -2.866239e+059 -3.921620e+059 -4.041164e+059 -2.945664e+059 -1.603387e+059 -1.323538e+059 1.949958e+055 
2.363266e+062 -3.901339e+058 -9.933276e+058 -1.795137e+059 -2.681771e+059 -3.466593e+059 -4.031198e+059 -4.289331e+059 -4.132781e+059 -3.523623e+059 -2.498862e+059 1.369729e+056 
2.363288e+062 -3.860536e+058 -1.010283e+059 -1.790580e+059 -2.618326e+059 -3.370320e+059 -3.923227e+059 -4.170673e+059 -4.030144e+059 -3.456180e+059 -2.446056e+059 1.320755e+056 
2.363288e+062 -3.887654e+058 -1.018099e+059 -1.802645e+059 -2.631302e+059 -3.381580e+059 -3.932880e+059 -4.176651e+059 -4.031919e+059 -3.454555e+059 -2.443620e+059 1.329373e+056 
2.363268e+062 -4.521453e+058 -1.162696e+059 -2.012483e+059 -2.864681e+059 -3.584550e+059 -4.059888e+059 -4.206778e+059 -3.975857e+059 -3.351038e+059 -2.344929e+059 1.464358e+056 
2.363269e+062 -5.061715e+058 -1.323714e+059 -2.338449e+059 -3.403897e+059 -4.361137e+059 -5.052599e+059 -5.342489e+059 -5.132025e+059 -4.373867e+059 -3.077054e+059 2.194925e+056 
2.363240e+062 -5.651485e+058 -1.477018e+059 -2.607585e+059 -3.795388e+059 -4.858439e+059 -5.623358e+059 -5.937433e+059 -5.695361e+059 -4.844595e+059 -3.398955e+059 2.716671e+056 
2.363242e+062 -4.901587e+058 -1.282209e+059 -2.265996e+059 -3.302135e+059 -4.234726e+059 -4.911619e+059 -5.200755e+059 -5.003060e+059 -4.269487e+059 -3.006808e+059 2.073711e+056 
2.363231e+062 -5.090678e+058 -1.332728e+059 -2.356501e+059 -3.436422e+059 -4.408570e+059 -5.113867e+059 -5.412099e+059 -5.203114e+059 -4.437647e+059 -3.122843e+059 2.243505e+056 
2.363196e+062 -6.381288e+058 -1.638286e+059 -2.831019e+059 -4.024864e+059 -5.029547e+059 -5.686649e+059 -5.877737e+059 -5.536495e+059 -4.644154e+059 -3.228364e+059 2.867962e+056 
