2
-6
8
-3
19
16
1
8
-9
-10
13
18
-8
13
-6
-41
-26
-7
-24
-17
-8
-39
-40
-28
-11
3
19
4
-2
7
-16
-33
-29
-11
-14
-27
-5
-16
-70
-34
-35
-35
-49
-54
10
-13
4
-7
-24
-18
-23
-38
-18
14
-13
-8
-2
-2
-10
-3
10
-18
-21
12
0
-2
10
0
-9
1
20
2
8
15
24
7
-7
10
-2
-22
-13
9
23
50
26
-12
-7
-4
-6
11
21
4
-42
9
19
-23
13
0
-26
-17
-9
-19
-3
8
4
-18
11
-3
-2
26
-22
-26
0
-22
-22
12
10
13
8
-2
21
10
-21
23
20
-13
24
11
-14
20
-7
1
34
-3
13
-17
-1
27
24
6
-19
13
17
22
41
36
14
53
15
-10
14
28
26
-2
22
1
-5
-4
-1
34
41
33
26
30
28
37
19
14
6
24
24
8
33
10
-27
21
45
-1
8
17
-1
-8
4
14
13
6
15
41
24
-2
24
3
-30
-24
-43
-21
19
57
1
-23
60
10
-25
36
13
-15
0
-3
-11
-6
24
14
6
27
0
-21
6
5
-20
1
0
-20
-48
-30
5
-36
-45
-2
-3
-26
-20
-17
-20
-20
-20
-8
-22
-31
-3
-43
-32
-13
-38
4
-8
-33
-27
-52
-29
-16
-30
-3
-26
-52
-23
-25
-44
-16
-36
-35
-18
-31
-14
-17
-13
-9
-22
-13
12
-15
-11
-2
10
14
-16
13
-3
-2
33
48
8
-6
-18
-27
3
7
8
23
24
2
4
-1
13
-1
-16
-20
-21
-15
13
-11
-8
33
29
14
0
14
-11
-19
-12
10
11
37
28
-4
-1
9
-3
-13
7
11
-2
-43
-2
-1
-21
-3
12
22
10
-38
-20
15
29
38
0
5
11
-4
-11
2
1
-10
-6
43
28
-8
34
42
-3
-3
20
15
14
43
50
11
1
28
28
10
14
8
-23
-3
36
25
9
5
15
14
-1
25
-14
-38
27
33
3
-5
-8
0
8
11
14
-14
15
-3
-31
9
16
6
12
-6
0
24
6
12
30
-5
-18
9
8
16
16
-28
-24
-7
-27
-16
-13
10
-9
-8
-11
-27
7
-3
-18
-12
17
12
-37
-36
7
-12
-12
8
-8
-31
-27
-31
-40
-20
-19
-23
15
39
5
-36
-1
26
-15
-22
-10
-4
-4
-6
2
19
12
29
26
-13
10
-2
-29
-1
33
-15
0
51
29
2
3
38
23
16
5
-12
-39
-29
4
-4
12
52
20
-11
19
35
18
3
3
3
-44
-23
11
9
22
50
34
3
-9
-6
12
1
25
-13
0
35
0
-11
-1
1
-6
-16
5
35
-20
-28
-1
24
15
-24
-1
10
21
-13
-25
11
18
-18
-25
-5
-36
-11
-32
-28
3
-12
-20
11
4
4
-15
-56
-21
-6
1
8
40
-22
-45
-1
-1
2
0
2
-1
-10
-11
-8
-7
-14
-6
14
17
1
-8
7
30
43
1
-13
2
19
7
33
5
-15
21
-23
-19
-16
4
-35
-29
6
8
-4
-13
-1
4
25
-8
-6
-16
5
0
-40
-28
-6
-11
-18
8
7
5
0
16
8
-11
-12
4
-11
-6
19
-12
-10
3
10
-21
-18
2
1
-19
-18
19
24
13
0
-9
0
8
-10
-5
11
8
-15
-6
37
34
-20
-21
11
16
32
3
-3
14
0
-24
-16
-1
12
-10
14
1
-33
2
-1
3
14
9
12
9
-26
-10
-13
-25
11
7
-24
3
41
4
2
35
4
-21
0
4
-9
2
18
-15
-3
34
-35
-42
27
17
-15
-1
2
-35
-33
0
-31
-25
-6
-28
-40
4
17
-6
17
21
-29
-26
4
20
15
-17
3
14
-21
-20
4
33
-6
-8
31
-10
-1
42
4
-11
11
-13
-13
7
22
-6
-9
20
15
-3
1
8
12
52
27
7
20
6
-10
8
6
6
23
-3
-18
-5
-9
-36
-35
-2
9
10
14
-11
-39
-23
-11
-4
7
-8
18
11
-16
-6
18
11
3
-13
-4
-28
-23
4
-14
-1
4
-16
-2
34
9
8
18
21
-1
-13
-15
-38
-6
2
11
22
30
24
12
4
2
15
19
-8
-10
16
-3
-4
4
9
-11
-16
1
-28
-20
9
-13
-29
18
3
-11
29
23
12
4
39
26
-10
21
24
-2
3
21
15
-22
-14
14
-9
13
-5
5
22
21
19
6
8
-11
1
-18
0
32
-9
-9
9
-36
-10
35
38
27
5
-4
13
22
-12
-2
9
-16
-55
-28
-22
-43
-15
-16
-7
-12
-21
-34
-24
-4
-14
-17
-2
-11
-3
19
-8
-21
10
12
4
18
6
0
-30
-26
-14
-19
1
-8
-12
15
-31
-46
-17
1
3
-2
23
-11
7
19
-13
-18
12
22
-9
37
28
-18
3
-17
-21
16
26
-1
-18
0
-18
-6
-14
-13
-6
-11
15
-32
9
45
-5
-4
4
1
-14
-18
33
17
14
26
-19
-16
-2
15
13
28
12
6
-11
-30
-23
-33
5
21
13
3
-25
-25
18
15
-7
5
7
-20
-18
-3
7
-12
8
7
-23
14
-11
-36
11
12
-14
-18
-14
-2
-10
0
18
1
-8
-13
-12
7
23
8
-15
-6
8
6
-5
15
-6
-25
0
-19
-13
-6
32
27
-28
-20
-18
1
10
25
46
40
42
1
6
36
12
-5
3
30
31
52
16
-14
28
41
4
-8
13
32
8
31
12
37
56
-9
1
0
31
22
8
40
5
8
-2
-27
-13
9
4
0
16
-18
-2
-10
-17
21
10
-6
-4
-5
7
-25
-18
2
-35
16
-4
-29
5
7
-21
-40
-15
-13
-12
-18
3
10
0
4
-17
28
26
9
26
14
-14
-36
-10
12
9
23
24
9
10
-10
-5
47
35
20
28
41
9
-13
5
15
42
73
19
-4
26
1
-5
-1
35
15
-23
6
-38
-14
34
7
22
0
-1
-39
-39
-17
4
5
-15
4
-24
-19
-43
-15
27
-35
-52
-47
-26
-10
-25
-30
-18
-19
-19
-22
-47
-27
-6
-51
-72
-47
-3
-17
-37
-11
-24
-27
-25
-52
-26
-5
-15
-25
-51
-15
-20
-31
-3
7
18
6
-20
-23
-1
-3
-3
30
20
-1
-35
-44
14
17
-10
0
26
20
2
21
27
19
20
28
45
6
19
4
-6
23
38
14
-19
19
0
-14
10
30
16
44
26
2
39
7
-5
26
23
27
13
4
37
11
17
46
4
-6
11
28
9
-9
34
14
-5
10
22
-3
0
9
22
21
2
23
9
20
21
30
22
8
16
22
25
9
4
-8
-12
23
7
-4
-8
-22
6
-4
-21
-11
-14
13
9
-5
-11
-36
-20
2
3
-1
1
-12
-8
-16
12
-2
0
0
0
-10
-24
-11
-13
-6
-7
-4
-26
-18
-12
0
-8
-26
-20
-14
-2
-21
-5
2
-37
-22
6
-5
-2
-16
-21
-19
-6
-3
-27
-29
-5
-27
-33
-23
-37
-20
-19
-43
-16
-6
-27
-16
-31
-34
-35
2
-4
-9
7
8
5
-17
-9
-1
1
-9
-5
-20
-28
-23
-17
2
0
-19
-10
-15
8
15
-4
15
19
5
11
-7
3
28
20
29
27
30
-2
2
35
25
-18
9
48
17
10
18
-13
-13
22
6
-5
-7
5
3
14
5
6
15
3
18
2
-6
29
48
24
15
23
30
21
13
-8
0
26
4
-12
-8
13
14
24
22
5
-20
-13
23
-1
18
12
-9
11
18
11
18
29
19
4
-5
11
9
15
8
12
16
16
8
1
-6
-20
-12
-15
-6
-11
-7
18
10
-26
-15
18
17
6
-21
-10
10
25
2
-4
7
-2
26
6
-33
-20
6
-2
-39
-40
-38
-36
6
-1
-13
6
-25
-7
28
16
-5
-52
-39
-14
-7
11
29
14
-16
-29
-22
8
-3
3
1
-24
-29
-10
-3
1
5
6
-17
-18
-5
-21
3
1
6
-6
3
25
34
33
5
15
6
-15
19
34
9
-8
-20
-15
-9
14
26
-3
-20
-32
-25
-14
4
14
8
4
-12
1
0
-20
24
17
17
19
-27
-20
-2
18
-10
0
-6
9
17
-7
-5
-25
-10
-4
14
22
2
-9
-20
-35
24
31
16
23
3
-19
-16
20
12
5
3
-9
-20
-1
-1
16
37
21
-10
0
-18
-38
8
10
-2
16
13
-14
-10
-8
-17
-11
33
31
20
-9
-18
-5
13
27
3
1
-11
-4
-5
-18
-14
-2
-16
14
18
-10
2
2
4
-7
15
-14
-44
-46
-46
7
45
43
5
24
26
-2
17
21
-10
-19
12
13
-21
-27
13
16
15
9
-29
-25
-12
25
26
-6
-27
-18
9
33
34
17
1
3
11
-4
-26
5
1
-16
4
12
21
-8
-2
-3
-20
-7
19
-22
-54
-4
-13
-13
14
19
-7
10
13
-5
-7
55
41
10
22
-42
-59
-25
28
12
-14
-6
-5
-22
-2
16
6
-15
2
9
-8
-24
-10
-2
-14
22
29
1
21
25
9
40
39
16
-13
-20
3
-8
-8
-7
-3
-31
-29
3
2
-27
-48
-24
-17
32
47
25
6
26
21
13
56
18
10
-4
-18
-28
-39
43
15
-17
30
-1
-34
-13
-2
-12
-22
-12
-28
-46
-31
-37
-12
3
27
31
-12
10
24
25
1
19
37
-24
-27
-5
-5
-2
-16
-41
-23
-1
-6
-11
17
-20
-18
18
11
4
-22
-21
-19
-24
38
19
-9
2
-3
28
-4
16
49
20
9
-6
-12
-1
3
9
25
-31
-15
-14
-64
25
16
-1
17
21
6
-25
-17
21
25
29
56
9
-11
-25
-14
43
43
69
16
-5
-8
-37
-26
13
11
-10
-53
-41
-27
-26
52
45
32
26
38
13
14
66
10
-31
-32
-27
3
9
24
22
10
5
11
-45
-30
28
-5
13
21
-3
-35
-54
-13
3
-33
-33
-66
-22
13
-8
30
18
33
20
30
32
-5
-9
-17
-30
-29
-8
-23
-51
-50
-39
28
53
33
4
2
28
17
18
16
31
48
5
-28
-41
-22
19
36
39
9
-20
-16
19
37
31
-5
-7
18
14
21
-15
-54
-49
-49
-20
-28
-63
-13
5
-29
45
55
18
-28
-32
1
26
45
13
-22
-61
-55
-40
-29
-31
-33
-3
0
30
19
1
-5
2
16
-47
4
7
5
-3
-3
12
11
45
40
19
26
20
-37
-8
-23
23
3
-56
-17
-24
5
1
-9
0
13
9
54
46
6
9
-40
-1
23
-26
-29
-6
2
23
71
53
-26
-42
30
19
-14
16
-12
-10
-26
-40
-24
-14
-11
-19
-9
32
4
-4
50
46
31
-53
-62
-48
-1
36
-11
-24
-49
-55
-29
9
29
1
-31
6
-1
22
15
-26
9
41
52
-32
-47
-30
-46
-6
5
18
-35
-72
27
91
51
-14
-33
3
16
30
9
-29
-14
34
37
19
1
-6
10
51
77
35
-1
-50
-29
12
47
5
-25
14
40
87
38
3
-5
-38
-12
13
-6
5
-2
3
36
38
-25
-113
-62
15
14
-35
-52
-18
18
12
18
-1
-21
16
-40
-56
14
82
17
-66
-42
3
-12
-61
-35
28
15
1
30
7
-38
-51
-14
57
46
-3
-27
-25
18
-5
-3
34
21
10
21
14
12
24
49
42
-17
-47
-42
8
63
103
78
2
-46
-23
43
50
7
-21
-4
33
58
41
-8
-20
49
68
6
-10
31
55
28
10
-4
-28
-7
13
14
-16
-20
-39
-42
60
12
-104
-68
21
58
1
-41
-26
-73
-54
-7
18
28
-70
-93
-17
52
11
-92
-72
-19
16
3
-37
-8
-10
-39
-54
-42
16
49
2
-39
-29
-28
-22
4
53
59
-12
-48
26
50
0
-3
43
29
9
33
2
-12
18
46
-21
-50
-10
36
28
-44
3
49
15
-20
-18
2
7
-4
14
18
2
-15
-72
-41
27
24
-11
-11
12
7
-31
-17
20
15
3
-18
10
33
-7
-12
-10
-24
-9
-1
-32
-37
-2
17
1
5
34
-1
-50
-45
12
71
37
13
16
-22
6
36
14
-10
4
-19
-33
12
3
-30
-15
-29
8
68
21
-11
18
24
-19
-6
15
4
-40
-59
8
50
52
1
-32
-10
3
27
9
1
36
34
-24
-6
25
16
0
-6
4
-35
-15
47
15
24
7
-35
-12
33
75
10
-31
22
6
-59
-50
-6
5
10
7
32
10
-30
-22
-22
-28
-1
-20
-65
-10
4
-12
19
31
-7
-5
-27
-59
-29
9
44
7
-53
-80
-27
68
51
43
37
-16
-28
-26
21
24
-55
-61
-17
11
14
43
88
-6
-40
34
-34
-55
15
-15
-33
4
51
41
11
27
2
-34
-37
35
41
-6
17
20
52
70
24
39
57
30
16
-34
-37
13
-26
-14
33
18
27
25
60
56
-29
-19
6
-7
31
15
-32
3
21
-3
-17
6
20
-54
-27
-23
-67
36
53
-33
15
48
18
14
-41
-3
0
-43
-38
-48
-11
10
-24
-18
33
0
2
16
25
41
-1
-21
-29
-44
-36
4
-1
0
11
-13
-29
2
29
-4
-44
-5
15
-59
-28
26
4
1
-21
2
13
-16
-46
-60
-63
-43
29
-2
5
37
0
-3
16
-21
-28
8
-12
-47
14
19
-56
25
80
11
2
-30
-56
-8
8
-1
-12
17
26
29
25
22
0
10
2
-20
6
1
28
75
31
11
34
-37
-24
12
12
12
-5
19
14
-26
-1
13
41
43
-21
-12
34
-8
-20
8
-25
19
0
-25
18
-9
7
1
-32
22
9
-23
-4
-49
-18
16
-52
-29
10
15
22
-23
-10
19
2
19
13
38
15
-22
27
1
-13
40
12
-6
13
3
9
-8
-14
23
20
-32
10
8
8
23
-19
-31
-19
-23
-22
3
-1
8
-20
3
47
34
1
-24
1
-11
-52
5
24
-38
13
4
-40
-9
-7
-21
4
-9
-26
37
1
-5
47
14
-4
-16
-16
-30
-43
-22
-28
-7
23
-37
17
49
-30
29
43
30
10
-23
-1
-9
-52
-25
-12
-7
-2
-8
27
20
-16
16
-9
-23
8
-6
-8
-6
-13
26
-25
-89
-34
-17
20
38
23
-12
-13
3
-15
45
52
-8
7
-10
-39
-1
-51
-41
28
-13
-4
35
34
16
8
16
-6
-4
15
-22
10
3
6
28
-38
-18
49
23
-23
-57
-57
40
-7
-19
14
28
8
-4
42
11
-10
5
21
13
-6
-33
0
29
16
46
28
-42
-44
54
33
-36
-35
-44
0
15
-25
-5
-26
-33
-36
29
33
-10
29
-77
-8
60
-29
9
38
-15
-1
22
30
11
25
-20
-5
41
-71
2
29
-14
-13
47
64
-11
50
14
-32
57
-14
-6
22
-64
28
58
46
45
29
-16
6
39
10
17
-11
-7
36
56
77
-22
-20
-16
-55
66
-13
-25
-34
-45
-4
14
0
-34
-10
-51
-27
27
-34
9
0
-64
-8
-35
-8
-12
-13
34
-6
21
-36
-44
4
-30
24
40
12
-25
14
9
-14
17
-38
-25
-60
-96
63
17
-55
41
58
22
-53
-3
33
-44
-61
-69
-14
38
-15
8
25
-20
-15
-40
-32
-7
-35
-21
11
81
30
-68
-21
-18
6
12
-51
-64
-67
19
50
26
26
-57
60
15
-61
39
-43
-11
16
81
48
-30
-2
-30
14
24
-12
-33
-14
-1
17
40
43
35
57
5
23
39
-22
22
-40
-50
-36
26
13
-17
71
11
14
37
-43
-21
39
-2
-46
-10
-6
-12
120
61
-33
-2
-79
-33
-28
-24
66
5
23
22
22
56
69
100
-42
-39
28
-29
-6
64
2
-11
49
65
20
30
5
-37
22
31
41
6
-15
-51
3
43
-15
-26
-68
-96
1
129
67
-15
-41
-55
0
41
-2
-74
-91
-59
77
63
-11
9
-64
-79
-2
-9
-16
8
-53
21
77
59
34
-54
-38
-88
-39
26
-23
-20
-15
8
89
46
9
9
-69
-99
18
85
-2
8
-39
21
67
-55
-44
8
-113
-47
33
37
63
5
28
33
57
42
-8
-74
-75
-52
-27
63
-35
-23
-2
39
97
-21
-82
-37
-74
-24
13
-64
23
-23
-6
71
5
-41
-37
-25
19
-11
-9
108
11
-20
-18
-1
66
-32
-30
32
47
132
71
-66
-35
-107
-71
9
20
-21
-38
66
137
56
51
13
-80
-122
-90
4
-78
-5
78
130
101
40
60
-76
-126
-90
-37
45
-26
-44
69
85
79
45
-22
-41
-10
-91
-22
66
3
-31
23
156
70
-54
-6
-28
-56
-25
38
89
41
41
50
46
6
-91
-65
-29
-46
-59
8
84
47
-26
-18
22
2
-47
-22
-28
-24
41
82
61
6
-55
4
31
-61
-22
-18
71
6
17
115
-17
-57
-36
5
78
18
7
-8
-38
103
63
15
-60
-111
-35
3
64
85
60
54
146
104
8
-20
-93
-110
-34
-9
56
17
82
74
6
-8
-62
-3
-90
-103
5
19
57
68
-15
-35
-13
-38
-106
-97
-93
-98
60
74
29
31
-34
4
16
-19
-115
-28
-57
-103
25
82
56
44
15
10
-6
-49
-146
-128
-21
-15
50
62
73
44
43
-48
42
-32
-162
-102
4
126
76
4
-35
33
-14
-2
-43
-93
-135
-18
-14
70
143
8
-22
-29
55
-45
-37
-5
47
76
11
-11
-8
-31
-7
59
60
102
64
18
-1
0
31
28
120
-49
-47
8
3
12
88
68
-14
-10
-111
3
67
17
-103
10
115
28
-18
-32
-52
-90
-38
-12
18
-63
-47
-38
-8
79
-8
-19
-2
65
16
-21
-5
-79
-97
-12
21
-9
15
42
106
-7
-23
22
-37
3
-14
15
119
30
57
61
67
28
-88
-5
3
-110
-45
81
51
50
2
-32
26
46
-45
60
57
-48
-77
53
2
8
26
-93
-9
-39
-1
-35
-40
-70
-24
49
13
-31
2
-26
16
83
-76
-10
-77
-61
-69
38
71
-12
-2
-7
-39
-44
-44
-65
64
34
37
14
28
4
-23
-34
40
-42
-85
-57
-30
16
-12
86
30
-1
33
-67
-5
-39
15
82
-30
-62
-164
-60
23
-13
102
113
58
17
-70
51
-57
-113
-60
-41
29
57
72
20
-11
23
31
60
54
-45
-25
14
8
83
96
3
-44
-29
-104
33
91
19
46
-5
19
29
46
-43
-86
-55
-24
86
102
24
-60
0
41
37
10
-16
-53
-80
-32
-14
21
2
-54
-57
73
86
24
-81
-84
-28
-54
19
-20
58
5
-87
-3
8
202
30
-51
-54
-26
67
-25
12
-33
-54
-11
-64
27
50
59
13
-46
93
-20
-36
-22
-10
3
-79
1
-35
37
31
-40
-25
-110
34
-139
18
59
73
107
-44
8
-32
17
-45
-62
0
-49
-25
7
-32
120
41
-23
102
-4
10
-134
-37
-42
-56
93
25
18
147
215
85
89
-66
-84
-107
-206
-140
1
103
149
163
161
83
-21
-140
-131
-158
-157
-77
20
127
208
205
172
-37
-133
-175
-159
-149
-195
-58
108
254
205
156
68
-123
-227
-48
-14
-130
-80
75
70
135
110
-80
-13
0
-134
-58
-44
-11
-19
16
47
17
109
-1
-22
-48
47
63
44
-61
-109
-82
-85
91
195
113
-52
-15
121
157
-4
-158
-118
19
27
-39
40
16
87
85
-10
139
-60
-14
81
16
-23
-120
-60
-203
-121
-136
34
313
313
251
31
-135
-201
-113
-33
-125
-99
-77
14
337
331
110
-54
-180
-247
-115
-31
-42
25
9
115
162
159
72
-163
-92
-33
58
11
-119
-92
-93
-47
46
19
53
52
3
34
57
51
-57
-98
-147
-73
-15
58
81
125
55
-148
-115
-115
-118
9
57
32
62
132
129
25
-44
-38
-73
-148
-126
-43
117
141
96
26
60
-37
-95
-86
74
-44
-147
99
218
183
114
62
-98
-73
-273
-185
-123
-1
10
113
307
212
140
81
11
-261
-236
-399
-248
-52
121
458
259
147
-12
-109
-100
-153
-234
-231
-131
122
250
491
324
-17
-142
-258
-239
-236
-64
-9
13
251
314
248
59
-205
-233
-261
-147
25
160
86
82
27
53
91
-212
-248
-180
-39
57
14
264
130
71
120
-139
-57
-94
-171
-135
-24
50
217
168
24
-82
-68
24
67
-23
-90
-134
-157
13
165
193
47
73
98
162
5
-109
-257
-150
119
25
195
184
85
94
59
168
14
-101
-86
-184
-77
-59
53
140
48
23
6
134
111
50
33
-131
-132
-204
-89
72
-2
5
15
158
137
78
-43
-194
-11
-49
55
61
-115
-164
-95
139
-64
-44
-51
-10
230
237
153
-53
-307
-237
-133
-162
-49
-14
152
208
341
219
81
-6
-389
-571
-290
-151
147
336
198
289
97
15
-92
-183
-178
-295
-113
48
96
174
54
123
99
27
31
-114
-98
-99
21
56
-105
-28
-3
35
40
-77
111
202
147
145
-208
-343
-301
-326
54
168
230
309
299
286
87
-119
-265
-365
-158
-32
12
80
-23
165
192
72
-8
-55
-17
-12
-7
149
41
-83
-192
-173
-36
-16
-104
44
207
277
146
137
-121
-274
-235
-244
-92
-55
118
234
322
316
186
59
-97
-354
-172
-287
-227
-129
-7
276
252
241
137
185
181
-70
-96
-256
-278
-214
-90
161
214
174
177
202
132
-42
-194
-294
-222
-163
-52
111
183
229
253
267
27
-124
-240
-285
-89
-175
-143
33
64
176
186
92
44
-43
8
-40
47
-75
-83
-23
-57
51
22
43
0
109
130
-5
72
-5
-53
-22
-161
-69
-56
-13
89
99
78
112
76
68
-12
-81
-94
-95
0
-51
-107
-75
-128
-85
73
14
81
88
10
-49
-122
-133
-235
-105
-131
2
70
-5
105
0
70
91
-86
-20
-120
-17
-44
-20
225
160
115
-11
-119
-140
-52
-122
-57
4
-101
-52
79
26
56
-44
-100
-45
-77
57
24
5
-64
1
56
15
47
-25
-18
-23
-1
-31
2
87
-16
-39
-77
-114
-12
-27
-16
-49
-104
-132
-115
-35
-33
74
40
-26
66
12
37
-71
-47
42
30
96
99
90
59
13
35
-4
2
23
-2
17
66
93
79
62
29
-4
-30
-38
3
10
19
39
22
6
34
74
-6
-4
36
83
120
42
10
23
-2
62
79
70
80
131
178
76
33
-17
-37
-24
-12
26
45
99
149
149
169
129
21
-46
-70
-14
-90
-121
-60
-15
65
59
92
119
130
88
-21
-38
-64
-83
-107
-78
-42
1
47
58
147
163
48
-53
-191
-241
-239
-194
-130
-145
-16
28
60
35
-10
-47
-136
-142
-191
-161
-153
-154
-89
-118
-90
-87
-120
-89
-128
-148
-194
-151
-67
-11
53
46
2
-18
-3
2
-38
5
31
6
19
16
88
94
129
109
55
68
-40
-67
-76
-66
5
-33
46
54
62
142
166
271
239
179
147
70
143
165
234
341
319
403
387
416
494
516
517
405
417
377
383
384
283
312
252
334
280
223
203
61
90
-27
31
34
-10
-16
-190
-238
-303
-364
-402
-485
-558
-655
-613
-603
-571
-515
-585
-510
-550
-517
-568
-668
-625
-742
-717
-756
-809
-812
-933
-860
-868
-861
-890
-926
-900
-974
-855
-922
-935
-930
-994
-868
-844
-745
-683
-517
-115
275
801
1237
1561
1890
2007
2183
2060
1828
1624
1257
1014
700
607
609
602
751
690
639
497
316
248
36
-141
-397
-549
-495
-462
-284
-115
178
535
784
1023
1070
1113
1093
1101
1130
1001
962
969
995
1117
1188
1216
1076
742
377
-115
-550
-1005
-1425
-1564
-1628
-1422
-1083
-763
-304
-85
111
186
116
49
-239
-378
-604
-696
-612
-541
-322
-263
-170
-161
-283
-442
-710
-917
-1266
-1600
-1795
-2079
-2136
-2234
-2250
-2150
-2204
-2153
-2291
-2240
-2132
-1969
-1539
-1141
-280
855
1977
2997
3366
3609
3847
3791
3519
2573
1661
968
470
344
123
321
511
573
648
354
242
-94
-455
-817
-1271
-1358
-1509
-1406
-1130
-685
120
772
1332
1638
1836
2130
2279
2394
2255
1988
1729
1387
1135
942
745
496
174
-227
-735
-1178
-1572
-1905
-2108
-2242
-2157
-1872
-1357
-661
57
728
1226
1479
1567
1381
1093
706
292
85
-131
-92
63
335
722
846
901
694
278
-156
-789
-1294
-1840
-2253
-2439
-2512
-2263
-2049
-1699
-1451
-1291
-1143
-1162
-1082
-1104
-1068
-1013
-1068
-1143
-1265
-1329
-1424
-1528
-1692
-1831
-1877
-1834
-1458
-700
530
1788
2696
3081
3121
3291
3303
2980
2263
1382
784
463
431
511
766
1151
1285
1190
709
249
-72
-494
-798
-1086
-1101
-933
-807
-502
-22
744
1538
1995
2210
2148
2068
2033
1888
1770
1525
1241
1022
890
844
726
537
163
-387
-947
-1562
-2047
-2311
-2405
-2323
-2082
-1586
-888
-83
542
945
1099
1061
927
562
187
-165
-357
-328
-167
146
476
777
946
877
591
153
-381
-973
-1502
-1932
-2154
-2171
-2025
-1780
-1501
-1254
-1074
-1050
-1084
-1181
-1293
-1302
-1317
-1186
-1018
-800
-666
-708
-798
-1001
-1244
-1612
-1984
-2203
-2314
-2057
-1490
-365
1399
2962
4064
4287
4203
4255
3942
3329
2053
923
373
93
291
459
921
1425
1486
1324
584
-55
-651
-1336
-1668
-1906
-1640
-1213
-849
-263
359
1261
1974
2258
2225
1823
1563
1316
1152
1144
1117
1216
1263
1258
1215
992
614
-19
-930
-1846
-2651
-3078
-3167
-3004
-2511
-1876
-1037
-217
405
821
949
933
717
373
42
-238
-215
-16
296
641
951
1251
1257
1127
761
227
-256
-807
-1184
-1517
-1721
-1707
-1588
-1341
-1214
-1144
-1126
-1202
-1304
-1439
-1358
-1189
-955
-682
-423
-86
97
156
-79
-446
-867
-1384
-1751
-2173
-2317
-2316
-2012
-1223
-108
1665
3150
4080
4206
3730
3521
2981
2273
1228
225
58
136
685
1177
1658
2109
1787
1116
-20
-1006
-1650
-2193
-2224
-1918
-1163
-292
266
762
1144
1573
1797
1490
963
447
217
366
649
1152
1685
2082
2286
2017
1599
924
73
-838
-1870
-2568
-2901
-2816
-2355
-1825
-1096
-400
161
550
529
404
29
-246
-352
-384
-110
110
514
889
1128
1322
1151
899
414
-152
-634
-1086
-1214
-1211
-1108
-952
-883
-790
-800
-948
-1172
-1468
-1625
-1709
-1672
-1439
-1070
-538
-104
192
329
273
106
-339
-975
-1559
-2012
-2227
-2323
-2305
-2062
-1718
-1073
-243
1021
2566
3568
3912
3363
2872
2633
2259
1852
1043
836
1033
1320
1752
1736
1841
1353
292
-910
-2194
-2604
-2721
-2425
-1664
-841
327
886
1046
1051
904
1006
742
499
382
481
1050
1561
2179
2671
2786
2552
1826
1019
207
-570
-1222
-1816
-2117
-2087
-1866
-1491
-1167
-911
-754
-768
-713
-681
-604
-459
-318
3
370
713
929
973
974
859
619
293
-20
-156
-266
-353
-484
-570
-572
-636
-782
-1022
-1146
-1227
-1239
-1227
-1202
-1011
-834
-631
-504
-362
-88
39
46
-83
-150
-207
-380
-661
-1079
-1352
-1652
-1832
-2072
-2255
-2127
-2038
-1463
-792
447
2174
3370
4194
3713
3211
2918
2324
2009
1000
759
942
1202
1932
1858
2039
1508
308
-836
-2331
-2644
-2724
-2337
-1405
-704
507
956
1064
931
472
470
74
-4
193
560
1446
1936
2487
2795
2670
2326
1308
385
-452
-1051
-1278
-1491
-1387
-1257
-1074
-886
-847
-876
-1070
-1186
-1226
-1125
-828
-467
6
454
825
943
821
614
443
346
228
156
162
289
385
287
133
-62
-245
-482
-811
-1021
-1086
-1023
-951
-944
-914
-843
-805
-821
-831
-695
-399
-138
6
6
-86
-240
-560
-943
-1295
-1632
-1881
-2074
-2102
-1973
-1768
-1498
-1256
-797
-117
1043
2429
3349
3581
2936
2444
2182
1915
1615
994
1013
1267
1573
1749
1394
1108
156
-1039
-2198
-2956
-2596
-2078
-1269
-544
94
726
657
396
-87
-331
-272
-215
325
1020
1939
2616
2782
2784
2368
1804
971
117
-350
-632
-602
-520
-350
-154
-214
-517
-1055
-1468
-1776
-1872
-1721
-1317
-604
101
682
1001
1102
1003
678
306
99
157
334
550
729
897
969
743
359
-106
-500
-760
-993
-1108
-1108
-1037
-998
-1098
-1206
-1304
-1319
-1332
-1305
-1056
-692
-234
4
11
-84
-323
-569
-896
-1176
-1303
-1404
-1411
-1451
-1455
-1457
-1530
-1514
-1421
-1042
-324
962
2322
3165
3170
2553
2255
2032
1932
1586
1203
1383
1541
1862
1870
1677
1283
122
-1044
-2005
-2082
-1514
-1016
-385
39
541
665
253
-141
-508
-426
-319
5
777
1627
2476
2668
2540
2264
1772
1225
493
195
177
196
155
-23
67
45
-300
-999
-1676
-1953
-1996
-1775
-1400
-767
-137
187
300
337
476
429
150
-161
-144
221
547
798
845
860
718
278
-155
-523
-634
-696
-869
-874
-871
-886
-1103
-1452
-1593
-1620
-1576
-1565
-1349
-880
-423
-173
-249
-365
-483
-674
-916
-1011
-870
-762
-748
-957
-1044
-1059
-1280
-1575
-1994
-1835
-1303
-420
1077
2410
3520
3455
2554
1979
1644
1895
1737
1426
1635
1803
2302
2212
1901
1474
242
-934
-2027
-2090
-1293
-551
115
297
442
219
-427
-921
-1227
-927
-583
-96
781
1659
2536
2678
2390
1919
1264
800
359
396
768
1021
984
581
260
-110
-671
-1410
-2163
-2422
-2424
-2168
-1622
-999
-337
-138
-293
-448
-474
-240
-125
-43
117
334
623
819
944
969
838
512
83
-146
-256
-247
-342
-655
-899
-1238
-1483
-1697
-1810
-1684
-1532
-1334
-1131
-893
-643
-537
-515
-585
-582
-515
-478
-271
-116
6
-156
-598
-868
-1164
-1307
-1462
-1714
-1629
-1297
-543
688
2018
2989
3026
2197
1457
1335
1705
2055
2024
2019
2127
2259
2274
2042
1720
937
-182
-1185
-1550
-951
-245
262
316
-29
-341
-949
-1331
-1336
-985
-324
141
749
1432
2011
2324
2109
1715
1259
884
769
885
1303
1527
1302
665
-107
-669
-1142
-1538
-1986
-2261
-2232
-2134
-1875
-1467
-1017
-734
-830
-999
-997
-695
-266
11
211
379
541
631
755
867
953
923
605
270
60
-11
-112
-393
-752
-1007
-1202
-1339
-1371
-1275
-1176
-1167
-1292
-1360
-1125
-911
-697
-616
-557
-399
-303
-120
-26
12
-46
-458
-821
-926
-982
-914
-956
-972
-668
-250
393
1488
2384
2727
2215
1287
1017
1224
1758
1954
1868
2026
1899
1814
1619
1420
1190
328
-497
-1122
-965
-342
-99
57
-247
-620
-1044
-1526
-1429
-1067
-462
-52
190
629
988
1334
1387
1264
1108
819
719
796
1079
1257
1174
767
10
-540
-895
-967
-854
-919
-1158
-1544
-1695
-1504
-1087
-650
-567
-613
-728
-679
-254
201
531
538
394
428
574
966
1260
1289
1146
670
268
96
106
154
-85
-502
-759
-863
-897
-832
-873
-957
-1131
-1368
-1421
-1205
-820
-542
-469
-490
-553
-579
-481
-395
-434
-589
-847
-1103
-995
-927
-759
-611
-702
-392
-83
600
1480
1869
1856
1032
561
736
1165
1887
1952
1937
1786
1380
1265
1067
1101
766
21
-481
-819
-459
-119
-144
-327
-794
-1197
-1553
-1483
-1061
-492
-112
-19
230
348
613
889
939
1058
934
856
844
974
1234
1148
915
487
63
-155
-396
-563
-777
-1059
-1189
-1286
-1256
-1148
-995
-794
-736
-810
-783
-626
-409
-72
138
336
571
667
791
883
979
1049
887
707
464
386
415
185
77
-159
-470
-693
-978
-958
-835
-842
-933
-1158
-1123
-943
-791
-523
-548
-534
-634
-774
-553
-551
-476
-505
-703
-625
-631
-563
-555
-634
-411
-209
232
918
1477
1762
1357
795
757
1190
1812
2064
1921
1691
1397
1204
1080
1063
1024
570
-95
-481
-447
-234
-248
-544
-867
-1146
-1384
-1407
-1166
-711
-307
-198
-146
-79
66
354
520
765
954
948
971
977
1109
1231
1064
835
564
219
-105
-470
-686
-613
-598
-769
-1070
-1321
-1210
-1016
-763
-634
-736
-737
-766
-476
-6
357
574
463
355
447
617
852
978
868
685
491
419
531
467
221
-108
-521
-731
-770
-634
-513
-607
-770
-999
-1084
-999
-892
-702
-686
-770
-804
-921
-845
-652
-560
-610
-768
-911
-959
-865
-761
-712
-518
-249
200
869
1445
1651
1395
1011
1044
1447
1971
2177
1993
1704
1255
1015
1008
1205
1230
790
215
-184
-318
-173
-218
-362
-521
-905
-1235
-1318
-978
-483
-202
-256
-441
-410
-76
285
602
886
1020
1142
1217
1235
1307
1316
1102
791
455
277
146
-79
-298
-507
-572
-716
-901
-884
-868
-847
-876
-853
-704
-633
-505
-434
-237
81
283
278
204
194
248
360
519
675
716
691
551
297
148
35
-190
-377
-542
-477
-332
-341
-399
-621
-882
-1043
-1108
-985
-846
-767
-831
-916
-899
-892
-871
-930
-1056
-1149
-1254
-1226
-1167
-1205
-1011
-590
-182
411
927
1224
1259
1012
975
1360
1810
2031
1883
1688
1537
1325
1169
1212
1338
1127
656
99
-217
-59
-9
-200
-540
-859
-1038
-1229
-1056
-812
-669
-551
-674
-591
-380
-113
241
348
596
884
878
879
903
1039
1054
832
569
379
343
244
118
-19
-192
-358
-522
-591
-575
-554
-549
-709
-800
-700
-573
-472
-372
-315
-266
-132
-126
-99
19
219
399
509
602
539
455
336
97
64
112
-21
-170
-261
-102
12
-78
-182
-398
-536
-640
-712
-787
-665
-667
-837
-860
-995
-1097
-1173
-1356
-1443
-1551
-1443
-1253
-1245
-1009
-909
-628
-237
283
996
1272
1392
1109
846
1136
1528
1868
1877
1711
1544
1399
1488
1560
1588
1422
967
494
44
77
188
27
-159
-589
-906
-1032
-1030
-822
-656
-520
-520
-619
-437
-203
152
412
491
607
562
610
761
733
720
581
263
210
332
455
511
356
49
-119
-105
-65
118
149
-96
-362
-571
-577
-389
-269
-317
-403
-499
-478
-312
-131
14
102
155
179
257
230
290
277
114
88
59
126
43
26
19
15
55
-117
-200
-237
-327
-409
-481
-482
-433
-662
-819
-1101
-1242
-1303
-1466
-1416
-1447
-1249
-1177
-1276
-1139
-1001
-706
-324
75
554
855
1051
909
762
921
1189
1608
1754
1696
1579
1372
1347
1317
1382
1411
1050
705
340
233
308
248
88
-263
-643
-956
-1042
-897
-697
-616
-650
-688
-614
-428
-191
-70
13
-53
-113
-22
102
342
410
316
223
79
138
297
357
378
279
179
88
124
236
281
275
-14
-324
-414
-395
-314
-308
-284
-282
-409
-415
-328
-96
150
97
-39
-59
-47
73
65
40
182
111
129
99
50
121
133
172
162
148
120
40
-34
-135
-245
-347
-515
-654
-792
-920
-1091
-1212
-1317
-1368
-1337
-1286
-1179
-1132
-1080
-1047
-886
-453
-125
257
466
548
562
433
737
1063
1326
1597
1535
1463
1293
1172
1177
1187
1224
1024
779
546
413
333
111
-8
-284
-522
-598
-656
-566
-489
-375
-369
-430
-413
-342
-220
-216
-186
-171
-115
35
68
163
140
81
135
78
237
436
554
659
527
448
384
364
529
508
484
278
89
-38
-132
37
-3
-12
-51
-138
-112
-101
-16
37
-7
-76
-150
-144
-162
-94
-98
-131
-19
10
100
137
128
139
116
200
231
234
155
-9
-144
-341
-486
-549
-720
-810
-1019
-1169
-1312
-1460
-1382
-1426
-1320
-1209
-1224
-1182
-1109
-961
-721
-408
-129
180
376
377
402
506
738
1090
1226
1244
1235
1091
1028
1046
1076
1175
1041
808
567
347
242
123
51
19
-36
-166
-263
-288
-188
-69
-45
-42
-71
-116
-132
-143
-120
-100
-80
-55
-44
-40
0
9
22
92
243
448
615
709
616
484
359
342
474
603
688
531
344
152
-13
54
130
139
92
-43
-148
-234
-252
-213
-229
-261
-282
-366
-340
-235
-221
-100
-79
-83
-41
-62
-1
48
75
154
127
123
73
-71
-187
-380
-491
-583
-693
-768
-851
-988
-1156
-1250
-1263
-1205
-1119
-1092
-1114
-1127
-1048
-927
-681
-405
-116
182
286
379
320
345
573
782
1048
1162
1171
1152
997
1001
1058
1037
996
839
614
420
407
414
406
424
371
296
148
97
89
68
98
13
-92
-112
-150
-144
-197
-233
-232
-268
-218
-127
-108
-72
24
19
119
231
306
504
519
474
436
299
359
438
496
515
321
144
-20
-169
-145
-139
-123
-126
-229
-386
-529
-491
-422
-400
-375
-360
-375
-325
-237
-158
-123
-86
-74
-100
-57
15
58
114
120
65
-39
-98
-134
-280
-387
-502
-618
-712
-811
-873
-923
-968
-1029
-1101
-1139
-1070
-941
-850
-817
-808
-729
-531
-310
-5
237
338
384
283
279
462
749
1014
1061
1054
967
832
782
840
944
947
884
744
634
674
706
656
571
483
362
239
244
241
242
195
32
-71
-145
-142
-161
-234
-228
-220
-184
-172
-143
-60
-16
30
68
128
264
381
368
313
309
339
362
345
300
261
130
0
-65
-136
-147
-231
-305
-328
-364
-381
-454
-481
-454
-429
-343
-242
-150
-88
-90
-104
-145
-132
-89
-6
24
18
75
69
11
-48
-119
-165
-257
-333
-389
-415
-437
-496
-585
-666
-721
-815
-860
-912
-939
-904
-884
-829
-763
-720
-596
-493
-343
-132
72
241
303
333
361
492
665
882
1010
1026
1017
911
879
879
932
1047
1000
934
864
788
772
726
693
638
530
403
281
207
180
158
69
-34
-105
-205
-252
-256
-259
-203
-200
-166
-176
-164
-82
-100
-72
29
132
274
265
217
154
47
95
106
179
264
195
56
-146
-263
-310
-318
-268
-272
-286
-365
-450
-482
-479
-369
-327
-285
-248
-233
-201
-201
-134
-105
-86
-34
-43
10
20
-19
-28
-89
-82
-94
-110
-136
-220
-274
-373
-435
-486
-576
-634
-696
-759
-777
-756
-720
-678
-672
-703
-722
-694
-559
-369
-163
41
154
247
285
316
392
499
667
783
857
897
902
901
876
902
924
913
896
841
805
752
694
598
517
443
363
305
200
138
78
-7
-60
-149
-226
-282
-331
-298
-277
-243
-227
-278
-310
-328
-262
-141
-32
76
114
71
-18
-90
-57
32
138
191
178
101
-54
-165
-223
-215
-181
-173
-190
-242
-272
-294
-323
-310
-301
-257
-214
-167
-109
-84
-27
-21
-25
4
29
63
84
103
99
104
115
95
68
7
-81
-158
-212
-241
-264
-306
-404
-499
-599
-686
-698
-689
-643
-579
-581
-644
-685
-672
-572
-409
-271
-90
31
95
154
141
208
304
436
601
682
781
819
815
798
768
792
799
841
858
837
815
710
621
520
441
387
304
266
200
129
63
-21
-96
-187
-245
-298
-310
-273
-247
-215
-223
-236
-231
-196
-91
-8
85
131
102
102
89
122
164
181
206
182
134
47
-41
-71
-82
-116
-156
-189
-226
-240
-237
-260
-250
-261
-245
-209
-195
-150
-121
-100
-63
-36
-39
-12
13
34
70
93
126
133
111
79
4
-65
-116
-171
-193
-221
-237
-297
-392
-474
-589
-628
-634
-607
-575
-582
-563
-582
-564
-506
-449
-321
-226
-91
5
67
154
180
254
337
441
548
624
711
739
746
744
738
745
744
743
705
664
619
542
488
400
329
253
154
93
5
-38
-77
-130
-169
-231
-256
-281
-286
-258
-233
-196
-169
-164
-126
-77
-34
9
30
55
83
102
131
132
107
93
51
26
14
-5
-28
-98
-148
-195
-212
-205
-206
-193
-212
-230
-242
-243
-203
-172
-140
-118
-109
-81
-61
-20
-2
20
31
34
49
57
77
74
36
-21
-62
-93
-112
-145
-194
-263
-331
-406
-454
-484
-502
-519
-558
-573
-585
-569
-544
-528
-476
-433
-370
-295
-217
-109
-18
71
139
213
288
359
446
523
597
661
706
742
747
744
741
724
728
683
640
588
531
494
423
346
244
137
55
6
-27
-56
-77
-110
-164
-223
-266
-274
-245
-206
-164
-147
-123
-96
-68
-22
5
19
28
17
13
20
31
52
51
54
36
-2
-43
-86
-115
-149
-157
-158
-147
-125
-124
-127
-145
-160
-150
-140
-104
-64
-27
14
29
49
63
63
73
88
103
118
116
115
115
94
57
3
-51
-111
-170
-225
-261
-302
-329
-374
-430
-479
-541
-560
-574
-571
-545
-536
-508
-481
-441
-384
-337
-257
-204
-132
-29
65
173
233
282
341
383
456
515
575
631
662
681
657
644
617
587
552
501
482
445
406
347
273
208
134
96
61
30
3
-42
-68
-87
-89
-94
-108
-108
-112
-100
-89
-55
-18
0
16
-1
-12
-16
-12
2
20
48
53
29
-13
-55
-91
-112
-117
-128
-120
-116
-121
-122
-134
-145
-162
-175
-171
-154
-104
-62
-30
-12
-21
-22
-24
-6
16
35
57
72
101
100
88
59
7
-24
-75
-97
-116
-127
-137
-175
-207
-276
-330
-369
-401
-406
-415
-392
-375
-361
-335
-335
-304
-305
-275
-227
-179
-85
-12
80
151
202
251
268
295
331
376
441
480
528
542
534
519
468
431
387
354
332
310
297
257
213
162
94
32
-31
-80
-97
-114
-113
-121
-127
-141
-157
-171
-202
-200
-185
-158
-115
-85
-32
-2
6
7
-25
-32
-50
-39
-13
4
32
16
4
-11
-41
-66
-93
-106
-114
-104
-90
-69
-36
-45
-50
-74
-89
-79
-76
-31
-4
32
61
66
79
62
51
33
18
29
38
59
55
33
-10
-74
-127
-189
-230
-253
-277
-286
-316
-333
-358
-404
-426
-467
-480
-479
-462
-417
-371
-327
-297
-265
-232
-197
-147
-78
0
82
155
230
292
344
398
419
443
466
484
508
529
552
550
530
498
454
420
378
337
302
273
250
212
184
150
112
75
30
-1
-30
-39
-26
-25
-16
-21
-18
-13
-18
-10
-18
-10
-2
21
59
65
79
66
49
45
6
-3
-23
-22
-22
-33
-21
-29
-27
-51
-68
-71
-74
-55
-49
-26
-6
5
20
10
23
30
28
40
38
54
60
65
71
54
46
15
-12
-35
-56
-80
-112
-140
-174
-210
-253
-289
-317
-346
-366
-392
-406
-407
-404
-400
-392
-382
-368
-341
-311
-273
-232
-185
-137
-95
-48
4
52
104
144
180
212
243
281
307
331
347
349
352
344
337
325
316
307
285
270
245
222
206
185
171
147
123
108
88
86
70
66
62
55
59
58
64
63
61
61
61
57
55
58
62
55
47
34
21
10
-11
-26
-37
-53
-67
-77
-84
-88
-100
-114
-125
-131
-130
-126
-120
-112
-111
-107
-101
-94
-89
-85
-80
-72
-66
-61
-61
-60
-62
-72
-83
-95
-115
-131
-150
-173
-191
-210
-228
-248
-271
-293
-313
-331
-346
-355
-354
-355
-353
-343
-328
-310
-289
-263
-234
-200
-165
-123
-79
-30
18
59
103
145
188
227
258
288
315
345
367
381
391
395
401
394
388
380
369
359
337
319
301
281
262
241
226
204
184
165
147
130
118
111
104
95
87
76
71
65
59
51
39
29
15
6
-4
-16
-26
-43
-60
-78
-89
-98
-110
-117
-129
-133
-137
-144
-144
-145
-137
-133
-125
-114
-104
-91
-86
-75
-68
-54
-42
-30
-16
-9
-3
-3
-7
-7
-13
-20
-31
-44
-60
-81
-97
-114
-130
-144
-165
-182
-201
-218
-228
-241
-245
-249
-250
-244
-240
-227
-216
-196
-180
-156
-130
-104
-68
-34
-2
28
60
93
124
154
181
204
227
249
267
280
289
297
301
307
302
299
293
290
285
272
265
251
241
221
206
193
181
167
154
142
129
119
109
100
91
79
68
57
48
40
28
15
-2
-17
-27
-38
-48
-60
-73
-89
-100
-110
-116
-123
-128
-134
-139
-144
-144
-143
-143
-140
-135
-129
-122
-116
-110
-105
-102
-96
-93
-85
-79
-71
-65
-65
-64
-68
-73
-80
-87
-94
-103
-110
-120
-126
-132
-138
-141
-148
-153
-157
-160
-160
-156
-152
-148
-137
-128
-113
-96
-81
-62
-46
-27
-6
16
42
64
85
102
119
137
157
176
190
201
211
216
219
221
223
220
216
211
202
194
181
167
154
138
124
106
90
74
60
48
35
22
12
1
-8
-18
-25
-35
-43
-50
-56
-56
-61
-65
-71
-75
-78
-83
-84
-88
-88
-87
-87
-87
-87
-85
-82
-78
-74
-69
-61
-58
-53
-48
-36
-26
-18
-11
-5
4
14
20
25
31
38
44
45
46
44
39
37
34
29
25
18
10
-2
-13
-21
-31
-40
-51
-60
-70
-73
-78
-82
-87
-92
-96
-98
-94
-89
-84
-73
-66
-55
-44
-34
-20
-12
4
15
28
44
55
69
78
90
100
105
114
115
119
119
117
120
122
121
110
98
91
87
84
72
61
54
45
34
26
20
14
6
-2
-8
-15
-19
-23
-29
-33
-36
-37
-40
-43
-49
-50
-49
-47
-43
-44
-44
-42
-40
-39
-33
-29
-27
-22
-19
-12
-4
5
10
14
19
24
30
35
39
40
40
44
49
50
49
42
38
34
28
23
18
13
2
-2
-11
-20
-27
-36
-43
-53
-60
-68
-73
-77
-84
-89
-90
-88
-90
-90
-84
-79
-75
-69
-61
-55
-50
-42
-36
-24
-14
-9
3
14
26
30
36
47
55
60
64
73
78
84
85
82
82
78
75
76
73
70
62
59
54
49
49
37
32
21
9
9
3
-1
-12
-19
-19
-21
-23
-36
-43
-54
-52
-48
-57
-54
-60
-67
-75
-75
-59
-50
-56
-71
-78
-66
-51
-37
-48
-70
-85
-73
-35
-17
4
16
31
49
51
49
25
19
-2
-18
12
42
56
61
81
107
132
130
94
49
32
53
69
63
66
58
69
70
49
40
29
20
9
-3
-19
-15
3
7
-1
9
-4
-20
-24
-37
-46
-55
-51
-43
-42
-33
-32
-34
-15
-5
-9
-13
-5
-1
1
1
-9
-13
-13
-17
-21
-16
-9
-3
-4
-12
-5
0
4
-4
-13
-5
-3
0
3
4
6
-2
-11
-15
-11
-14
-26
-24
-20
-17
-10
1
-12
-21
-12
-18
-16
-10
-11
-4
0
-3
-1
-9
-7
-3
0
10
3
5
13
15
11
11
10
11
23
15
16
27
21
28
30
15
14
17
22
25
15
10
11
5
-4
-10
2
6
2
-16
-28
-8
-2
-11
1
-23
-51
-21
-19
-41
-28
-19
-14
-26
-40
-43
-26
5
24
-14
-30
1
13
27
10
0
22
39
29
5
3
2
10
18
20
31
42
38
30
9
-11
15
39
39
40
53
65
50
35
31
2
-4
21
16
-8
-2
5
-18
-11
-15
-37
-16
-14
-14
-4
8
9
0
16
-14
-60
-39
-11
-23
-16
7
-9
-20
-25
-28
-29
-28
-10
-13
-15
7
0
-25
-40
-33
-3
8
8
15
9
16
25
-15
-26
-16
-26
-23
-39
-23
12
35
52
20
6
32
20
-8
-3
-1
3
19
21
-9
-27
2
21
22
14
10
22
36
16
-26
-31
-10
26
49
42
39
42
50
27
-2
12
5
-6
21
21
-7
27
41
7
9
-4
-22
-26
-19
-3
-17
-11
22
-7
-14
-24
-62
-18
-17
-51
-36
-22
-3
-22
-42
-33
-63
-48
-14
-34
7
5
-19
-16
-43
-38
-59
-88
-62
-70
-58
15
-19
-53
-16
-38
-28
8
22
17
-14
22
45
7
15
8
-26
-12
7
-12
11
63
55
52
67
55
53
8
-8
52
102
128
104
60
37
31
13
-33
-23
9
34
16
-27
3
25
13
-19
-54
-37
3
23
3
-1
23
27
49
40
6
15
45
45
-22
-35
-41
-60
-29
-65
-85
-37
18
50
10
-46
-34
-16
28
38
-3
47
86
66
58
29
18
24
-14
-21
-41
-61
-44
-44
-5
8
-22
-21
-26
-33
-42
-56
-17
21
26
0
-21
-54
-44
14
-33
-38
-31
-55
-37
-27
-27
-12
14
45
50
-22
-43
-10
-17
0
10
-6
8
40
57
-30
-59
-3
-12
6
19
-20
-6
69
115
117
109
87
50
-8
-10
7
-24
-10
-9
-5
19
41
66
39
12
-44
-53
-47
-47
1
-9
15
47
73
78
5
-49
-81
-89
-58
-38
-57
-61
-21
3
22
52
15
-35
-17
-3
-37
-15
5
-20
-8
-45
-65
-32
-47
-34
-27
-65
-22
-2
-33
-47
-90
-51
-23
-30
1
2
27
8
-12
4
-3
37
12
2
56
67
87
76
72
52
-3
-18
29
32
20
64
50
87
105
31
-1
13
80
114
107
106
97
90
68
39
31
43
49
47
6
-22
-30
-36
-52
-49
3
-3
-3
48
19
1
15
-11
23
-4
-37
-44
-55
21
-28
-75
-80
-108
-47
-67
-65
-40
-30
9
4
-18
-36
-56
-61
-31
-21
-3
3
-25
-38
-70
-80
-55
-24
16
-6
-35
-1
-21
-28
-47
-44
-6
-36
-6
-6
-2
35
23
23
15
6
32
-14
-40
-14
-21
-9
-18
-22
-14
10
16
0
-5
0
18
-19
-58
-67
-43
-6
7
43
61
59
71
27
-35
-62
-60
-27
16
55
44
42
41
18
-5
-4
-4
-27
3
25
35
31
30
33
35
29
1
17
38
40
58
79
66
39
28
5
5
34
35
31
42
27
22
20
1
-3
-8
0
10
11
-9
-4
-5
-28
-13
-14
3
3
8
8
-21
-3
-37
-57
-56
-48
3
-6
-4
-8
-32
-19
-92
-92
-64
-69
-15
-12
8
23
22
11
-33
-9
-16
-2
-1
-3
27
-1
0
-10
-15
0
-7
-13
-7
-12
3
20
19
10
0
1
5
47
33
36
40
4
7
-3
1
-3
24
55
51
44
28
14
-11
-4
-6
10
40
51
43
29
27
6
8
-18
-22
-9
6
10
-3
10
-5
4
10
-20
-18
-9
-16
-23
-44
-21
-19
-11
32
7
-3
5
-20
-23
-18
-13
-34
-27
-1
-10
29
-2
-27
-26
-52
-43
-42
-13
6
7
3
-9
-28
-45
-31
-24
-30
-7
13
19
31
-9
-18
-19
-21
-27
-24
4
-6
16
11
-5
-26
-13
14
-7
29
36
27
26
18
9
-31
-21
2
4
15
22
26
3
12
24
14
43
26
31
33
9
15
10
9
-7
-5
17
14
46
34
3
17
4
-3
-15
-9
-2
4
31
41
20
0
-13
-36
-48
-27
2
0
-10
-18
-21
-21
-13
-13
-17
-6
17
14
-18
-28
-26
-31
-18
-23
-4
3
-3
-2
-25
-35
-27
-4
-13
-21
-16
9
-1
-5
1
-31
-32
-12
22
18
1
17
9
-5
1
-11
-7
-3
-13
1
-25
-4
14
-15
-20
-29
-6
7
2
-5
-8
10
26
30
23
4
18
30
27
21
2
20
9
12
23
23
16
27
23
-10
14
18
18
22
18
32
27
15
26
6
7
18
13
13
7
9
-7
-1
-12
-12
-8
-11
1
-6
-6
1
-16
-20
-27
-21
-7
-11
-4
-5
-15
-19
-12
-9
-26
-26
-10
-13
-9
6
3
8
15
-3
-14
-31
-20
-15
-24
7
6
13
15
-1
0
-11
-1
3
0
-1
-5
7
15
10
4
5
-13
-15
0
-19
-16
-4
13
15
13
-1
2
7
3
9
-6
17
2
-16
-10
-8
10
-1
6
-2
-14
8
5
-1
11
14
18
16
13
21
11
9
7
-3
1
17
13
5
16
12
10
-9
-16
-16
-12
-8
1
8
6
13
7
6
-1
-6
-11
-16
-24
-12
-5
-11
-3
-10
-18
-13
2
-1
1
-5
-14
-18
-23
-14
-17
-12
-3
10
16
2
8
-5
-2
-3
-5
-1
-5
7
10
12
8
13
15
6
0
5
9
11
5
7
3
2
4
13
7
2
16
3
7
4
3
3
2
9
-2
3
6
6
2
-6
-1
2
3
8
4
6
1
7
-2
-11
1
-1
6
-6
-4
-7
-14
-3
-12
-7
-2
4
2
4
-1
-11
-5
-7
-4
-11
-3
4
4
-2
-15
-7
-7
-7
-8
-7
-3
1
4
-5
-5
-2
-7
-5
-15
-8
2
6
9
-3
1
-5
-2
-4
-4
0
7
10
4
11
10
12
11
6
10
3
10
3
8
12
7
11
12
11
4
6
8
12
15
12
4
6
2
3
1
2
11
10
7
3
7
-3
-2
2
-1
-3
-5
0
-6
-4
-4
-9
-9
-9
-10
-12
-6
-4
-3
-2
-7
-5
-5
-12
-13
-7
-5
-6
-5
-2
-4
-11
-2
-3
-3
-6
-13
-2
-2
5
6
7
7
1
7
3
4
1
-2
-8
-6
5
3
6
6
5
5
7
7
-2
-3
2
-5
1
2
1
2
-4
-5
-17
-10
-5
-10
-3
-6
2
4
2
1
-1
-4
-2
-1
-3
-6
-4
3
3
3
3
5
1
1
-1
-2
1
7
6
3
9
8
8
7
5
3
-6
-3
-6
-8
-1
0
6
2
8
5
0
-1
-2
3
-6
-2
-7
-3
-7
-7
1
-4
5
4
-2
-6
-5
-6
-11
-6
-7
-3
-2
2
4
2
-1
-7
0
-2
-6
0
-6
0
-2
-1
1
0
8
7
9
10
8
7
2
2
-2
3
5
5
11
7
3
-3
-3
0
1
4
-1
0
2
5
4
3
5
-2
0
-4
-4
-5
-4
2
1
8
6
-1
1
-1
-3
2
2
3
1
1
2
4
2
0
5
4
5
3
2
3
7
5
5
4
6
9
4
9
6
7
6
1
6
3
4
1
1
-2
-3
-7
-8
-4
-3
3
2
2
-4
-8
-7
-6
0
1
2
2
-2
-2
-5
-6
-9
-7
-10
-8
-5
-6
-4
-8
-4
-6
-6
-5
-10
-6
-4
-3
-4
-3
-1
-4
0
0
-2
4
-1
-1
-6
-5
-9
-9
-3
-7
-2
-4
-3
-5
-7
-8
-7
-3
-6
-5
-6
-4
-1
-1
0
-5
-6
-5
-9
-6
-5
-4
3
6
4
-2
0
-1
0
-1
-6
1
-1
6
2
1
4
5
5
1
3
0
4
5
5
7
5
7
6
5
3
3
5
4
3
2
3
6
7
7
4
5
5
2
2
0
1
1
3
8
7
6
3
3
2
-1
-1
0
1
4
7
6
8
6
5
1
-2
-1
-1
0
0
1
2
1
1
4
2
4
6
3
3
0
1
3
3
4
2
-1
-4
-2
2
0
2
1
2
2
-1
-2
-1
-1
1
0
3
5
3
1
-2
-3
-3
0
1
0
1
3
3
0
-5
-5
-2
0
2
0
-1
0
-1
-2
-2
-4
0
0
-3
-4
-3
-5
-4
-5
-6
-8
-10
-7
-10
-3
-2
-4
-6
-5
-5
-8
-4
-5
-4
-3
-4
-6
-6
-4
-4
-4
-3
-4
-2
-2
-3
-3
-3
-3
-3
-2
-1
1
3
2
0
-1
-2
-3
1
6
6
9
8
5
1
2
3
2
7
7
6
5
4
3
3
5
2
0
3
4
1
1
-2
-1
-1
-2
-1
3
2
1
0
0
-1
-1
-3
-7
-5
-1
0
-2
-2
-3
-7
-4
-3
-2
-3
0
1
1
5
3
2
0
-2
0
0
1
2
5
7
4
5
3
-1
-3
-4
-2
1
2
1
0
-1
-1
-1
-1
-1
-1
0
-2
1
0
-2
4
1
1
0
-3
-4
-6
-6
-3
-4
-4
-2
-2
-3
-3
-2
-4
-4
-5
-3
-1
3
4
2
0
1
2
-1
-1
1
1
3
5
4
2
-2
-1
-2
-3
1
2
3
6
9
8
8
5
2
1
4
6
7
9
6
5
8
7
7
4
6
6
4
2
0
0
2
5
4
6
4
6
5
3
3
4
3
3
2
4
5
3
3
2
6
4
1
0
-1
0
0
2
4
0
-4
-5
-5
-2
-1
1
0
1
-3
-7
-7
-5
-2
-2
-5
-7
-9
-9
-9
-7
-5
-6
-4
-4
-4
-7
-9
-7
-6
-5
-2
-2
-4
-4
-3
-3
-2
-3
-5
-4
-2
-2
-4
-5
-4
-3
1
1
0
-1
-4
-3
2
2
1
-2
-1
-1
2
3
1
3
5
4
-1
0
0
0
2
-1
1
1
1
1
1
2
1
1
2
1
1
1
-2
-3
-1
0
-3
-5
-3
-1
0
3
2
2
1
-1
-2
-2
3
4
1
4
2
-1
2
0
1
2
2
0
-1
-1
-4
-2
2
-2
0
-2
1
1
-2
-2
-5
-5
-5
-5
-2
-3
-2
3
0
0
1
-2
-1
-2
-4
-3
-3
-2
-1
0
0
0
-1
-2
-1
-2
0
-3
-2
-1
-3
1
0
-1
0
2
5
5
2
2
0
-1
0
-1
3
3
2
1
4
2
2
6
6
8
6
4
5
5
5
6
6
3
6
5
6
7
4
3
3
2
2
3
5
2
1
4
4
2
2
-2
0
3
1
2
0
1
-1
-3
-3
-4
-4
-2
-2
-3
-2
-1
-2
-2
-1
0
1
-1
-1
-3
-3
-4
-3
-4
-4
-2
-4
-4
-3
-3
-1
-1
-1
0
0
0
0
2
3
0
-2
-1
-1
-2
-2
-2
-2
1
0
-1
-4
0
0
2
3
-1
1
2
-1
-2
-2
-2
-3
-4
-3
-2
-1
1
-2
-3
0
-2
1
0
2
0
-2
-1
-2
0
0
1
0
-1
-1
1
2
2
4
3
2
2
1
2
1
0
1
1
0
3
3
1
-1
-1
0
1
0
0
3
2
3
-1
0
-1
-3
-4
-6
-4
-6
-5
-6
-7
-6
-8
-6
-7
-6
-6
-5
-4
-4
-5
-6
-7
-6
-6
-7
-7
-6
-6
-3
-5
-4
-4
-4
-4
-2
0
-2
-1
-1
-2
0
2
2
4
6
6
5
5
5
4
7
6
6
4
3
4
3
4
2
4
4
5
6
4
4
2
5
6
6
3
2
1
5
5
1
2
2
2
4
4
1
1
3
4
4
5
4
4
3
3
2
3
2
0
0
2
3
1
-1
0
0
-1
-1
-3
-3
-5
-3
-1
-1
-1
-2
-2
-1
-4
-6
-4
-3
-2
-1
-2
-3
-3
-3
-4
-5
-6
-4
-3
-3
-1
-3
-2
-1
-1
2
-1
-2
-3
-2
-1
1
0
0
0
2
3
2
3
3
2
4
5
4
5
5
3
1
3
4
5
6
5
4
5
4
4
3
4
5
3
3
5
4
3
2
1
2
2
2
-1
1
2
2
1
1
0
0
1
2
5
4
5
4
5
6
4
1
1
3
2
3
4
3
3
2
3
4
2
3
3
2
3
2
2
0
0
1
0
-1
-1
-1
-1
1
0
-2
-2
-3
-2
-5
-4
-4
-3
0
-2
-2
-1
0
-1
-2
-3
-4
-3
-3
-3
-4
-5
-5
-4
-2
-2
-4
-4
-4
-1
-2
-2
0
-1
-3
-5
-6
-6
-1
-3
-5
-4
-2
0
0
0
1
-1
-1
-1
-2
-4
-3
-3
-1
0
1
0
-3
-4
-4
-5
-3
-3
-2
-3
-1
0
-1
1
2
-2
0
0
0
1
1
-1
-1
-1
0
-2
-1
0
-2
0
-1
-1
1
-2
0
-1
1
-1
-1
0
-2
0
0
1
-1
1
1
2
2
0
2
2
1
1
-1
2
-1
0
-1
-3
-2
-2
-2
-2
-4
-4
-5
-3
-3
-3
-4
-3
-1
-2
-2
-1
-1
-1
-2
-1
-2
-1
0
0
1
1
2
3
2
1
1
1
2
3
1
2
1
2
0
0
0
0
-2
-2
-1
-1
2
1
1
1
-1
-1
-2
-2
-1
0
0
0
-2
-3
-3
-2
-4
-5
-5
-4
-2
-2
-2
-1
-1
-1
-1
0
1
3
2
0
2
1
1
1
1
1
0
1
2
3
4
5
3
3
3
4
6
7
6
7
8
7
7
4
6
7
6
7
5
4
3
3
5
4
3
2
4
1
-2
-2
-3
-5
-3
-3
-2
-2
-2
-2
-1
-2
-2
-3
-4
-3
-4
-2
-3
-3
-3
-3
-2
-1
-2
-3
-4
-3
-3
-3
-3
-1
-1
0
1
2
2
5
4
5
6
4
4
4
3
2
1
2
2
3
2
4
4
5
5
4
7
6
5
6
5
5
6
5
5
4
5
2
1
1
0
0
0
1
0
-1
0
1
2
3
2
1
1
0
-1
0
0
-1
-1
-3
-1
-1
-1
-2
-1
-1
0
-2
-2
-3
-3
-1
-3
-2
-4
-3
-3
-4
-2
-2
-2
-1
-4
-2
-1
0
0
1
0
0
1
-1
-1
-1
-2
-2
-2
-2
-3
-1
1
0
0
0
-1
-1
-1
0
1
1
3
2
0
-1
-1
0
-1
0
2
2
3
2
0
0
0
0
0
0
-1
-3
-2
0
0
0
-1
-1
-2
-3
-5
-4
-3
-4
-1
0
1
0
-3
-3
-3
-2
-3
-3
-1
-4
-5
-5
-3
-3
-4
-3
-4
-4
-4
-4
-4
-4
-4
-4
-3
-3
-4
-3
-4
-2
-2
-3
-2
-1
-1
-1
-2
-2
-2
-3
-1
0
0
-2
-1
1
1
-1
-1
0
-1
-2
-1
0
0
0
1
3
4
3
3
2
3
4
4
4
5
3
3
2
2
0
1
0
-2
2
2
2
2
2
2
1
3
2
1
2
2
2
3
2
1
0
-1
-2
-3
-4
-4
-3
-4
-3
-3
-2
-1
-1
-2
-3
-3
-2
-1
-2
-2
-3
-2
-2
-1
-1
0
1
1
2
3
2
0
0
1
2
2
1
1
1
2
4
3
4
5
5
4
5
5
6
6
6
5
5
5
5
6
5
4
3
5
2
2
1
2
4
3
4
4
3
2
3
3
2
2
0
1
1
2
1
2
3
3
1
1
0
0
-1
0
-1
0
1
1
1
2
2
0
0
-2
-2
-1
0
-1
-1
-2
0
0
1
1
-1
1
0
1
0
1
0
-1
-2
-3
-2
0
-1
-3
-2
-2
0
0
0
1
0
0
1
2
3
2
2
3
4
4
4
4
4
4
4
3
1
1
3
2
3
6
3
2
3
2
3
3
2
2
2
2
2
2
2
0
0
1
-1
-2
-1
-2
-2
-2
-2
-4
-4
-4
-5
-6
-7
-6
-6
-5
-5
-6
-6
-8
-8
-6
-7
-6
-5
-4
-3
-4
-5
-5
-6
-4
-6
-6
-5
-5
-4
-3
-2
-2
-4
-4
-2
-3
-4
-3
-3
-2
-1
-1
-2
-1
-1
-1
-2
-2
-1
-1
-1
-1
1
0
0
0
1
1
1
0
1
0
0
1
1
1
1
1
2
2
2
0
2
1
1
1
0
3
2
0
0
0
1
2
2
1
0
0
2
0
1
1
-1
1
1
2
1
-1
-1
-1
-1
0
-2
-1
0
-1
2
0
1
2
1
1
0
-1
