1.000000e-030   1.000000e-030   7.887773e-231   5.867135e-247   1.000000e-030   1.000000e-030   1.000000e-030   1.000000e-030   1.000000e-030   1.000000e-030   5.000000e-001   1.000000e-030   1.000000e-030   1.000000e-030   1.000000e-030   2.500000e-001   1.000000e-030   1.000000e-030   1.000000e-030   1.000000e-030   1.000000e-030   1.000000e-030   1.000000e-030   1.000000e-030   1.000000e-030   1.000000e-030   1.000000e-030   1.000000e-030   1.000000e-030   1.000000e-030   2.500000e-001   2.640211e-246   

1.000000e-030   1.000000e-030   1.000000e-030   3.333333e-001   3.333333e-001   1.000000e-030   1.000000e-030   1.000000e-030   1.000000e-030   1.000000e-030   4.466588e-229   1.000000e-030   1.000000e-030   1.000000e-030   1.000000e-030   1.000000e-030   1.000000e-030   1.000000e-030   1.000000e-030   1.000000e-030   1.000000e-030   1.000000e-030   1.000000e-030   1.000000e-030   1.000000e-030   1.000000e-030   1.000000e-030   1.000000e-030   1.000000e-030   1.000000e-030   7.525579e-261   3.333333e-001   

1.000000e-030   1.000000e-030   1.000000e-030   1.000000e-030   1.951056e-265   7.710150e-242   1.000000e-030   1.000000e-030   1.000000e-030   1.000000e-030   6.593534e-229   1.000000e-030   1.000000e-030   1.000000e-030   1.000000e-030   1.000000e-030   1.000000e-030   1.000000e-030   1.000000e-030   1.000000e+000   1.000000e-030   1.000000e-030   2.409778e-241   1.000000e-030   1.000000e-030   1.000000e-030   1.000000e-030   1.000000e-030   1.000000e-030   1.000000e-030   1.000000e-030   8.779751e-265   

1.000000e-030   1.000000e-030   4.733282e-233   1.000000e-030   8.017748e-296   8.218882e-001   1.000000e-030   1.000000e-030   1.000000e-030   1.000000e-030   6.021275e-230   1.000000e-030   1.000000e-030   1.000000e-030   1.000000e-030   1.000000e-030   2.044618e-239   1.336292e-237   1.000000e-030   1.261949e-244   1.000000e-030   2.355577e-234   9.132091e-002   8.679094e-002   1.108993e-238   3.896439e-235   1.000000e-030   1.000000e-030   1.000000e-030   1.000000e-030   4.563372e-232   1.000000e-030   

1.000000e-030   1.000000e-030   2.489708e-001   1.000000e-030   1.000000e-030   9.635017e-268   1.000000e-030   1.000000e-030   1.000000e-030   1.000000e-030   8.299027e-002   1.000000e-030   1.000000e-030   1.000000e-030   1.000000e-030   1.000000e-030   1.659805e-001   8.299027e-002   1.000000e-030   1.000000e-030   1.000000e-030   1.659805e-001   1.092851e-242   4.116723e-003   8.299027e-002   8.299027e-002   1.000000e-030   1.000000e-030   1.000000e-030   1.000000e-030   8.299027e-002   1.000000e-030   

