2.363284e+062 -3.778094e+058 -1.000359e+059 -1.772022e+059 -2.594763e+059 -3.347173e+059 -3.896847e+059 -4.146680e+059 -4.011993e+059 -3.439349e+059 -2.435153e+059 1.299765e+056 
2.363283e+062 -3.774930e+058 -9.956287e+058 -1.767210e+059 -2.597968e+059 -3.342431e+059 -3.894725e+059 -4.147251e+059 -4.005799e+059 -3.434892e+059 -2.433322e+059 1.296727e+056 
2.363280e+062 -3.727457e+058 -9.881102e+058 -1.753674e+059 -2.575038e+059 -3.312593e+059 -3.861230e+059 -4.110133e+059 -3.971573e+059 -3.411739e+059 -2.414510e+059 1.274648e+056 
2.363282e+062 -3.758284e+058 -9.954024e+058 -1.764268e+059 -2.586295e+059 -3.334118e+059 -3.883269e+059 -4.131610e+059 -3.997233e+059 -3.427337e+059 -2.430328e+059 1.289930e+056 
2.363283e+062 -3.763294e+058 -9.923386e+058 -1.766134e+059 -2.589473e+059 -3.330864e+059 -3.888236e+059 -4.137436e+059 -3.996194e+059 -3.429934e+059 -2.429542e+059 1.290680e+056 
2.363283e+062 -3.758643e+058 -9.874736e+058 -1.753946e+059 -2.574529e+059 -3.307826e+059 -3.865689e+059 -4.103564e+059 -3.971785e+059 -3.406036e+059 -2.410387e+059 1.274660e+056 
2.363282e+062 -3.745267e+058 -9.874459e+058 -1.754212e+059 -2.578349e+059 -3.314043e+059 -3.873787e+059 -4.115279e+059 -3.978447e+059 -3.414374e+059 -2.415334e+059 1.277989e+056 
2.363282e+062 -3.793142e+058 -1.002661e+059 -1.772429e+059 -2.605107e+059 -3.342023e+059 -3.901604e+059 -4.147915e+059 -4.008682e+059 -3.439993e+059 -2.434592e+059 1.302019e+056 
2.363281e+062 -3.797737e+058 -1.002822e+059 -1.780051e+059 -2.605115e+059 -3.358155e+059 -3.919098e+059 -4.162324e+059 -4.029395e+059 -3.454507e+059 -2.446060e+059 1.310696e+056 
2.363265e+062 -3.598455e+058 -1.004601e+059 -1.752825e+059 -2.576588e+059 -3.362205e+059 -3.898192e+059 -4.146682e+059 -4.026360e+059 -3.455236e+059 -2.443099e+059 1.291660e+056 
2.363131e+062 -8.774468e+058 -2.370847e+059 -4.136671e+059 -6.008154e+059 -7.760423e+059 -8.929745e+059 -9.379627e+059 -9.026160e+059 -7.614060e+059 -5.313624e+059 6.811459e+056 
2.356294e+062 -2.172630e+060 -5.592455e+060 -9.700293e+060 -1.383994e+061 -1.730801e+061 -1.943434e+061 -1.977015e+061 -1.816213e+061 -1.472149e+061 -9.802449e+060 3.280589e+059 
2.353950e+062 -2.882002e+060 -7.433125e+060 -1.287854e+061 -1.830705e+061 -2.277836e+061 -2.545721e+061 -2.579516e+061 -2.359091e+061 -1.900784e+061 -1.255377e+061 5.676059e+059 
2.355358e+062 -2.454334e+060 -6.338712e+060 -1.101625e+061 -1.572088e+061 -1.965028e+061 -2.208470e+061 -2.251959e+061 -2.074377e+061 -1.685618e+061 -1.124146e+061 4.256148e+059 
2.357008e+062 -1.918315e+060 -4.953771e+060 -8.599304e+060 -1.224557e+061 -1.526498e+061 -1.711222e+061 -1.740478e+061 -1.598581e+061 -1.294123e+061 -8.586663e+060 2.547111e+059 
2.360052e+062 -9.404043e+059 -2.419527e+060 -4.210957e+060 -6.041656e+060 -7.587211e+060 -8.565584e+060 -8.772543e+060 -8.121288e+060 -6.642585e+060 -4.465272e+060 6.313865e+058 
2.337523e+062 -4.793976e+060 -1.108844e+061 -1.910959e+061 -2.864341e+061 -3.734309e+061 -4.260541e+061 -4.169260e+061 -3.592384e+061 -2.747438e+061 -1.734307e+061 1.408148e+060 
2.345129e+062 -4.120763e+060 -9.997038e+060 -1.668318e+061 -2.448272e+061 -3.118686e+061 -3.603233e+061 -3.668100e+061 -3.291414e+061 -2.601972e+061 -1.656710e+061 1.077677e+060 
2.342443e+062 -4.162144e+060 -9.190002e+060 -1.530361e+061 -2.312383e+061 -3.105297e+061 -3.671290e+061 -3.741646e+061 -3.322294e+061 -2.558187e+061 -1.631875e+061 1.037451e+060 
2.349228e+062 -3.008614e+060 -7.169999e+060 -1.238798e+061 -1.847559e+061 -2.368813e+061 -2.759293e+061 -2.785763e+061 -2.543313e+061 -2.004104e+061 -1.314961e+061 6.117987e+059 
2.349776e+062 -3.184971e+060 -7.806859e+060 -1.349088e+061 -1.993163e+061 -2.556294e+061 -2.917768e+061 -2.936238e+061 -2.642394e+061 -2.109281e+061 -1.392075e+061 6.962783e+059 
2.351384e+062 -3.133551e+060 -7.744881e+060 -1.341362e+061 -1.960791e+061 -2.501573e+061 -2.827280e+061 -2.835953e+061 -2.557509e+061 -2.048788e+061 -1.361722e+061 6.649602e+059 
2.353221e+062 -2.494236e+060 -6.190512e+060 -1.067997e+061 -1.581291e+061 -2.003483e+061 -2.287449e+061 -2.293106e+061 -2.078998e+061 -1.679693e+061 -1.112162e+061 4.302697e+059 
2.355304e+062 -1.716015e+060 -3.910531e+060 -6.560226e+060 -1.001175e+061 -1.343223e+061 -1.577466e+061 -1.589639e+061 -1.413082e+061 -1.121843e+061 -7.458183e+060 1.883520e+059 
2.352082e+062 -3.341340e+060 -8.586384e+060 -1.480170e+061 -2.107990e+061 -2.612007e+061 -2.916835e+061 -2.933655e+061 -2.657330e+061 -2.122529e+061 -1.382191e+061 7.409550e+059 
2.353330e+062 -2.512009e+060 -6.161670e+060 -1.049704e+061 -1.537693e+061 -1.969680e+061 -2.244887e+061 -2.243737e+061 -2.002732e+061 -1.597477e+061 -1.052642e+061 4.102730e+059 
2.358483e+062 -1.378841e+060 -3.525071e+060 -6.115350e+060 -8.922046e+060 -1.137107e+061 -1.307600e+061 -1.348716e+061 -1.255545e+061 -1.039732e+061 -7.085352e+060 1.443124e+059 
2.359739e+062 -1.012856e+060 -2.669383e+060 -4.601548e+060 -6.835409e+060 -8.606174e+060 -9.953586e+060 -1.039135e+061 -9.743858e+060 -8.226823e+060 -5.637665e+060 8.435176e+058 
2.362158e+062 -3.802507e+059 -9.943353e+059 -1.737061e+060 -2.531804e+060 -3.198507e+060 -3.678709e+060 -3.838038e+060 -3.625642e+060 -3.047402e+060 -2.096148e+060 1.160399e+058 
2.363038e+062 -1.012489e+059 -2.653266e+059 -4.685858e+059 -6.821529e+059 -8.728432e+059 -1.009577e+060 -1.063395e+060 -1.019210e+060 -8.653466e+059 -6.059303e+059 8.736695e+056 
2.363270e+062 -3.948954e+058 -1.036304e+059 -1.837819e+059 -2.694662e+059 -3.461536e+059 -4.034416e+059 -4.285846e+059 -4.138193e+059 -3.545334e+059 -2.504631e+059 1.392303e+056 
2.363278e+062 -3.800125e+058 -1.005881e+059 -1.782748e+059 -2.626511e+059 -3.369505e+059 -3.941091e+059 -4.187836e+059 -4.047273e+059 -3.477359e+059 -2.457105e+059 1.322806e+056 
2.363282e+062 -3.812053e+058 -1.008059e+059 -1.796798e+059 -2.622181e+059 -3.387208e+059 -3.951212e+059 -4.195634e+059 -4.063700e+059 -3.481419e+059 -2.465178e+059 1.330652e+056 
2.363277e+062 -3.780372e+058 -9.977867e+058 -1.781614e+059 -2.605053e+059 -3.356205e+059 -3.919566e+059 -4.168891e+059 -4.030793e+059 -3.458389e+059 -2.448823e+059 1.309865e+056 
2.363283e+062 -3.803420e+058 -1.000060e+059 -1.775585e+059 -2.608189e+059 -3.360665e+059 -3.918988e+059 -4.166527e+059 -4.027788e+059 -3.458467e+059 -2.446132e+059 1.310680e+056 
2.363284e+062 -3.795404e+058 -1.002178e+059 -1.777091e+059 -2.606754e+059 -3.361444e+059 -3.913876e+059 -4.166444e+059 -4.022739e+059 -3.455014e+059 -2.445174e+059 1.309875e+056 
2.363280e+062 -3.760148e+058 -9.991290e+058 -1.771315e+059 -2.598712e+059 -3.343224e+059 -3.908068e+059 -4.152505e+059 -4.011700e+059 -3.444366e+059 -2.437507e+059 1.300477e+056 
2.363281e+062 -3.791845e+058 -1.004572e+059 -1.774843e+059 -2.612761e+059 -3.357972e+059 -3.919265e+059 -4.172787e+059 -4.027651e+059 -3.460789e+059 -2.447204e+059 1.312077e+056 
2.363282e+062 -3.778607e+058 -1.001349e+059 -1.772291e+059 -2.609667e+059 -3.352044e+059 -3.919394e+059 -4.163529e+059 -4.026434e+059 -3.458369e+059 -2.443795e+059 1.308239e+056 
