2.363286e+062 -3.852223e+058 -1.009830e+059 -1.788654e+059 -2.617340e+059 -3.370312e+059 -3.925912e+059 -4.176995e+059 -4.039684e+059 -3.463736e+059 -2.452896e+059 1.322206e+056 
2.363286e+062 -3.854579e+058 -1.010507e+059 -1.788310e+059 -2.616017e+059 -3.365638e+059 -3.920224e+059 -4.172049e+059 -4.034233e+059 -3.460512e+059 -2.449313e+059 1.320125e+056 
2.363271e+062 -3.631406e+058 -9.664741e+058 -1.789703e+059 -2.626810e+059 -3.305490e+059 -3.847721e+059 -4.159726e+059 -4.031449e+059 -3.412482e+059 -2.409564e+059 1.282734e+056 
2.363238e+062 -3.429419e+058 -9.619548e+058 -1.821208e+059 -2.661508e+059 -3.276912e+059 -3.843070e+059 -4.212367e+059 -4.035129e+059 -3.386671e+059 -2.401843e+059 1.280696e+056 
2.362919e+062 -8.677177e+057 -7.221560e+058 -1.285231e+059 -2.393838e+059 -2.286979e+059 -3.077730e+059 -3.732008e+059 -3.425494e+059 -2.964243e+059 -2.067825e+059 7.721440e+055 
2.362790e+062 -2.464846e+058 -7.079691e+058 -8.237166e+058 -2.095136e+059 -2.222221e+059 -3.438029e+059 -3.408183e+059 -3.279498e+059 -3.047218e+059 -2.157206e+059 7.367686e+055 
2.362344e+062 5.935238e+058 2.049611e+058 -4.711091e+058 -9.858883e+058 -6.789528e+058 -2.113801e+059 -2.430441e+059 -2.345437e+059 -1.866589e+059 -1.384321e+059 -3.213308e+054 
2.362495e+062 3.305241e+058 1.677963e+058 3.221127e+058 -9.959437e+058 -2.394781e+059 -2.590265e+059 -2.361888e+059 -2.384879e+059 -2.062114e+059 -1.545173e+059 7.101505e+054 
2.361673e+062 7.572897e+058 1.169852e+059 2.175923e+059 -7.429498e+058 1.143759e+059 -1.441306e+059 2.412962e+058 -7.533244e+058 -1.152222e+059 -2.512775e+058 -2.345536e+055 
2.361143e+062 -1.905352e+059 -2.416748e+059 -2.123982e+059 -1.979060e+059 3.394507e+058 2.544268e+059 4.534911e+059 4.618213e+059 2.270761e+059 -1.407658e+058 -9.320605e+055 
2.362668e+062 -5.046095e+058 -1.371673e+059 -1.255946e+059 -3.177825e+059 -1.578478e+059 -3.124743e+059 -2.834290e+059 -2.546678e+059 -3.167949e+059 -1.767458e+059 9.561183e+055 
2.311608e+062 -1.276153e+061 -2.778891e+061 -3.906556e+061 -4.276821e+061 -3.712576e+061 -2.543594e+061 -1.304071e+061 -4.189517e+060 2.323453e+058 1.034782e+060 5.622022e+059 
2.275646e+062 -2.121418e+061 -4.379339e+061 -5.627439e+061 -5.386055e+061 -3.851204e+061 -1.892744e+061 -4.521357e+060 6.135791e+059 -7.503819e+059 -2.943423e+060 6.291164e+059 
2.254459e+062 -2.315495e+061 -4.317842e+061 -4.813960e+061 -3.632397e+061 -1.371943e+061 4.623892e+060 7.785904e+060 -1.947874e+060 -1.258494e+061 -1.446600e+061 1.006496e+060 
2.272485e+062 -1.571632e+061 -2.614024e+061 -2.635273e+061 -2.194869e+061 -1.439472e+061 -1.160931e+061 -1.461363e+061 -1.803476e+061 -1.801761e+061 -1.206111e+061 1.081836e+060 
2.300836e+062 -5.470553e+060 -2.482734e+060 2.679220e+060 1.444329e+060 -3.853423e+060 -1.027923e+061 -1.541924e+061 -1.487219e+061 -8.796799e+060 -2.977588e+060 3.417260e+058 
2.303476e+062 -5.577237e+060 -3.056902e+060 2.386512e+060 1.172281e+060 -5.514302e+060 -1.566506e+061 -2.313200e+061 -2.280025e+061 -1.509155e+061 -6.152801e+060 9.029049e+058 
2.312684e+062 -4.739890e+060 -1.347895e+060 6.829934e+060 7.588709e+060 -9.886383e+059 -1.477279e+061 -2.269072e+061 -1.994852e+061 -1.178130e+061 -4.406031e+060 -5.054189e+058 
2.322761e+062 -4.781767e+060 -2.903132e+060 4.868075e+060 9.508831e+060 4.920862e+060 -7.358813e+060 -1.835214e+061 -2.039028e+061 -1.397577e+061 -5.502457e+060 -2.087354e+058 
2.351163e+062 -1.902856e+060 -3.318820e+060 -4.185238e+060 -6.033263e+060 -8.364132e+060 -1.153241e+061 -1.359722e+061 -1.284079e+061 -9.766635e+060 -5.535814e+060 1.102833e+059 
2.357843e+062 -1.188313e+060 -2.816493e+060 -4.519030e+060 -6.649798e+060 -8.267395e+060 -9.572298e+060 -9.979842e+060 -8.921873e+060 -7.001517e+060 -4.328690e+060 7.720809e+058 
2.360497e+062 -7.368067e+059 -1.858270e+060 -3.092085e+060 -4.440411e+060 -5.426964e+060 -6.098489e+060 -6.225094e+060 -5.614383e+060 -4.499769e+060 -2.887864e+060 3.236954e+058 
2.362256e+062 -3.019016e+059 -7.730246e+059 -1.332567e+060 -1.923023e+060 -2.406963e+060 -2.736654e+060 -2.833699e+060 -2.638959e+060 -2.174905e+060 -1.462964e+060 6.473314e+057 
2.363057e+062 -1.059795e+059 -2.717467e+059 -4.719472e+059 -6.791177e+059 -8.561766e+059 -9.804326e+059 -1.021182e+060 -9.624911e+059 -7.993960e+059 -5.431624e+059 8.300891e+056 
2.363234e+062 -5.200954e+058 -1.421550e+059 -2.518377e+059 -3.616561e+059 -4.613103e+059 -5.433452e+059 -5.673406e+059 -5.392622e+059 -4.635314e+059 -3.226418e+059 2.472255e+056 
2.363268e+062 -4.984272e+058 -1.303833e+059 -2.301363e+059 -3.353459e+059 -4.300577e+059 -4.993908e+059 -5.286795e+059 -5.082083e+059 -4.334918e+059 -3.048072e+059 2.140202e+056 
2.363283e+062 -4.223642e+058 -1.104083e+059 -1.947455e+059 -2.829344e+059 -3.613723e+059 -4.174558e+059 -4.397456e+059 -4.209647e+059 -3.576595e+059 -2.507722e+059 1.499360e+056 
2.363286e+062 -3.902259e+058 -1.023104e+059 -1.810889e+059 -2.645406e+059 -3.399317e+059 -3.953749e+059 -4.194552e+059 -4.046870e+059 -3.463963e+059 -2.446697e+059 1.340848e+056 
2.363287e+062 -3.839128e+058 -1.006533e+059 -1.784363e+059 -2.607788e+059 -3.357766e+059 -3.912384e+059 -4.159386e+059 -4.018570e+059 -3.444919e+059 -2.437568e+059 1.311611e+056 
2.363289e+062 -3.832305e+058 -1.006181e+059 -1.783743e+059 -2.610262e+059 -3.360180e+059 -3.912588e+059 -4.161444e+059 -4.021285e+059 -3.448529e+059 -2.440939e+059 1.312486e+056 
2.363289e+062 -3.862435e+058 -1.013049e+059 -1.797380e+059 -2.627283e+059 -3.382837e+059 -3.937766e+059 -4.186034e+059 -4.044100e+059 -3.465776e+059 -2.452379e+059 1.329222e+056 
2.363289e+062 -3.852315e+058 -1.010670e+059 -1.793872e+059 -2.621730e+059 -3.373305e+059 -3.929758e+059 -4.178637e+059 -4.036996e+059 -3.461819e+059 -2.449878e+059 1.323934e+056 
2.363288e+062 -3.860525e+058 -1.014101e+059 -1.802023e+059 -2.634470e+059 -3.389745e+059 -3.949383e+059 -4.200542e+059 -4.058816e+059 -3.479844e+059 -2.462369e+059 1.336365e+056 
2.363289e+062 -3.818183e+058 -1.002343e+059 -1.778337e+059 -2.602749e+059 -3.348696e+059 -3.900528e+059 -4.150145e+059 -4.012521e+059 -3.439428e+059 -2.434918e+059 1.304672e+056 
