1.000000e-030   3.118779e-001   1.000000e-030   1.000000e-030   1.000000e-030   1.000000e-030   1.000000e-030   1.000000e-030   1.000000e-030   1.000000e-030   1.000000e-030   1.000000e-030   1.000000e-030   1.000000e-030   1.000000e-030   1.000000e-030   1.000000e-030   1.683257e-001   2.175735e-246   1.000000e-030   1.000000e-030   5.197965e-001   1.000000e-030   1.000000e-030   1.000000e-030   1.000000e-030   1.000000e-030   1.000000e-030   1.000000e-030   2.306871e-229   1.000000e-030   1.000000e-030   

1.000000e-030   1.108360e-246   1.000000e-030   1.000000e-030   1.000000e-030   1.000000e-030   1.000000e-030   1.000000e-030   1.000000e-030   1.000000e-030   1.000000e-030   1.000000e-030   1.000000e-030   1.000000e-030   1.966239e-239   4.185632e-242   4.200180e-001   1.599640e-001   4.200180e-001   1.000000e-030   1.000000e-030   7.667353e-260   1.000000e-030   1.000000e-030   1.000000e-030   1.000000e-030   1.000000e-030   1.000000e-030   1.000000e-030   9.320258e-229   1.000000e-030   8.890871e-233   

1.000000e-030   1.588826e-262   4.170320e-238   1.000000e-030   1.000000e-030   1.000000e-030   1.000000e-030   1.000000e-030   1.000000e-030   1.000000e-030   1.000000e-030   1.000000e-030   1.000000e-030   6.705010e-312   2.727273e-001   2.727273e-001   1.427339e-244   2.132519e-291   1.635119e-314   1.000000e-030   1.000000e-030   4.764894e-291   1.000000e-030   1.000000e-030   1.000000e-030   1.000000e-030   1.000000e-030   1.000000e-030   1.000000e-030   2.017285e-229   1.000000e-030   4.545455e-001   

1.000000e-030   2.551674e-234   7.500000e-001   1.540982e-230   1.000000e-030   1.000000e-030   1.000000e-030   1.000000e-030   1.000000e-030   1.000000e-030   1.000000e-030   1.000000e-030   1.000000e-030   1.996395e-232   4.137336e-120   1.000000e-030   1.000000e-030   4.047982e-078   2.500000e-001   1.000000e-030   1.000000e-030   1.712202e-231   1.000000e-030   1.000000e-030   1.000000e-030   1.000000e-030   1.000000e-030   1.000000e-030   1.000000e-030   5.547535e-229   1.000000e-030   1.733041e-268   

1.000000e-030   2.222222e-001   4.805774e-258   1.111111e-001   1.000000e-030   1.000000e-030   1.000000e-030   1.000000e-030   1.000000e-030   1.000000e-030   1.000000e-030   1.000000e-030   1.000000e-030   2.222222e-001   6.403764e-301   1.000000e-030   1.000000e-030   2.222222e-001   2.703248e-228   1.000000e-030   1.000000e-030   1.111111e-001   1.000000e-030   1.000000e-030   1.000000e-030   1.000000e-030   1.000000e-030   1.000000e-030   1.000000e-030   1.111111e-001   1.000000e-030   1.000000e-030   

