2.363282e+062 -3.824881e+058 -1.010665e+059 -1.790814e+059 -2.628420e+059 -3.381963e+059 -3.940188e+059 -4.191859e+059 -4.058566e+059 -3.482796e+059 -2.463384e+059 1.329557e+056 
2.363283e+062 -3.816926e+058 -1.006734e+059 -1.786360e+059 -2.618581e+059 -3.374445e+059 -3.933332e+059 -4.181605e+059 -4.047660e+059 -3.475067e+059 -2.458939e+059 1.322768e+056 
2.363281e+062 -3.780891e+058 -1.000250e+059 -1.772030e+059 -2.601263e+059 -3.356376e+059 -3.911949e+059 -4.159011e+059 -4.021839e+059 -3.450745e+059 -2.446597e+059 1.305898e+056 
2.363280e+062 -3.803146e+058 -1.005422e+059 -1.781325e+059 -2.616148e+059 -3.365249e+059 -3.924531e+059 -4.180835e+059 -4.036377e+059 -3.464080e+059 -2.454142e+059 1.317236e+056 
2.363278e+062 -3.740982e+058 -9.970310e+058 -1.765897e+059 -2.590252e+059 -3.341217e+059 -3.890401e+059 -4.145219e+059 -4.005464e+059 -3.433113e+059 -2.433196e+059 1.293645e+056 
2.363281e+062 -3.774653e+058 -9.964675e+058 -1.772312e+059 -2.591530e+059 -3.343724e+059 -3.895666e+059 -4.139067e+059 -4.007297e+059 -3.438341e+059 -2.433010e+059 1.296856e+056 
2.363241e+062 -3.684218e+058 -9.159554e+058 -1.708988e+059 -2.496625e+059 -3.222900e+059 -3.826144e+059 -4.002171e+059 -3.973028e+059 -3.334554e+059 -2.422124e+059 1.217228e+056 
2.362978e+062 -2.533971e+057 -8.352051e+058 -1.037369e+059 -1.904162e+059 -2.590802e+059 -3.310645e+059 -3.413379e+059 -3.191909e+059 -3.272399e+059 -2.030059e+059 7.148040e+055 
2.344712e+062 1.346855e+060 1.483820e+060 5.847429e+060 4.221674e+060 3.816669e+060 1.439224e+060 2.379746e+060 4.879264e+060 1.996402e+060 2.797415e+060 2.421462e+058 
2.345365e+062 1.255395e+060 9.395020e+059 5.071331e+060 3.597879e+060 3.824707e+060 1.834351e+060 2.004393e+060 4.157362e+060 1.319154e+060 2.520950e+060 1.863414e+058 
2.323712e+062 2.023052e+060 1.487335e+060 1.239010e+061 4.403807e+060 9.766652e+060 5.729037e+060 5.897032e+059 9.415574e+060 2.037772e+060 4.783050e+060 8.001180e+058 
2.337135e+062 -3.192113e+060 -6.264761e+060 -8.228071e+060 -1.357554e+061 -1.986391e+061 -2.456795e+061 -2.420160e+061 -1.789066e+061 -1.230959e+061 -7.216773e+060 3.742418e+059 
2.330461e+062 -4.344613e+060 -7.699438e+060 -9.595748e+060 -1.669045e+061 -2.611463e+061 -3.262141e+061 -3.223331e+061 -2.425905e+061 -1.568030e+061 -9.173101e+060 6.276496e+059 
2.330838e+062 -5.245883e+060 -9.972364e+060 -1.381889e+061 -2.089209e+061 -2.950676e+061 -3.542077e+061 -3.481215e+061 -2.730418e+061 -1.841067e+061 -1.066889e+061 8.707774e+059 
2.341847e+062 -4.420564e+060 -1.018268e+061 -1.571065e+061 -2.257074e+061 -2.883192e+061 -3.227282e+061 -3.130613e+061 -2.542626e+061 -1.808039e+061 -1.060798e+061 8.232411e+059 
2.347956e+062 -2.861809e+060 -7.078449e+060 -1.094100e+061 -1.632710e+061 -2.132059e+061 -2.390840e+061 -2.416575e+061 -2.044328e+061 -1.558510e+061 -1.017001e+061 4.620721e+059 
2.348999e+062 -3.751354e+060 -9.074272e+060 -1.495425e+061 -2.116763e+061 -2.643511e+061 -2.946055e+061 -2.932065e+061 -2.573670e+061 -1.991492e+061 -1.269973e+061 7.467543e+059 
2.353388e+062 -2.620985e+060 -6.070768e+060 -9.473477e+060 -1.253003e+061 -1.512376e+061 -1.710216e+061 -1.798169e+061 -1.708264e+061 -1.410585e+061 -9.296684e+060 2.978293e+059 
2.361207e+062 -4.969043e+059 -1.065355e+060 -1.518851e+060 -1.866121e+060 -2.205432e+060 -2.561180e+060 -2.836608e+060 -2.843964e+060 -2.438614e+060 -1.644306e+060 7.830427e+057 
2.362384e+062 -2.502958e+059 -5.846599e+059 -9.188864e+059 -1.224837e+060 -1.502504e+060 -1.739465e+060 -1.884176e+060 -1.855270e+060 -1.588806e+060 -1.090550e+060 3.085072e+057 
2.363065e+062 -8.051699e+058 -2.007468e+059 -3.377643e+059 -4.776598e+059 -6.021558e+059 -7.016074e+059 -7.524579e+059 -7.345533e+059 -6.296371e+059 -4.417404e+059 4.518350e+056 
2.363209e+062 -3.876936e+058 -1.058972e+059 -1.805057e+059 -2.710186e+059 -3.463415e+059 -3.989040e+059 -4.296374e+059 -4.122099e+059 -3.517944e+059 -2.503746e+059 1.385043e+056 
2.363136e+062 -2.851146e+058 -9.042939e+058 -1.639561e+059 -2.295347e+059 -3.054164e+059 -3.846713e+059 -4.017904e+059 -3.851230e+059 -3.400409e+059 -2.418222e+059 1.126655e+056 
2.349207e+062 1.063838e+060 3.947040e+060 4.280602e+060 1.031884e+060 -6.076250e+059 2.174235e+060 4.781348e+060 3.633115e+060 9.372934e+059 2.173758e+059 9.936358e+057 
2.247331e+062 1.088726e+061 2.097651e+061 3.032077e+061 2.152493e+061 1.357178e+061 2.641150e+061 3.366224e+061 2.537137e+061 1.330123e+061 1.243480e+061 1.013577e+060 
2.151273e+062 8.991096e+060 5.028404e+061 8.041859e+061 5.129678e+061 8.472449e+060 1.395316e+061 5.073233e+061 7.158961e+061 5.354156e+061 2.450299e+061 5.390280e+060 
2.297890e+062 1.873656e+060 1.754400e+061 2.909502e+061 1.905780e+061 2.278466e+059 -3.922359e+060 9.770014e+060 2.270338e+061 1.938003e+061 7.536394e+060 5.733210e+059 
2.359818e+062 6.912792e+058 7.310623e+059 1.319397e+060 9.547736e+059 -1.546005e+059 -6.872093e+059 -1.338053e+059 5.752637e+059 6.783266e+059 2.599575e+059 6.503675e+056 
2.362869e+062 -1.238349e+058 -8.397567e+057 -3.925694e+058 -1.591619e+059 -3.100888e+059 -3.726952e+059 -3.425398e+059 -2.942287e+059 -2.538538e+059 -1.990090e+059 5.418389e+055 
