2.362991e+062 -9.984201e+058 -2.103080e+059 -2.760588e+059 -2.757589e+059 -2.238943e+059 -1.658915e+059 -1.405603e+059 -1.563922e+059 -1.855172e+059 -1.794349e+059 9.612503e+055 
2.363125e+062 -6.798312e+058 -1.497882e+059 -2.140925e+059 -2.486480e+059 -2.573862e+059 -2.635202e+059 -2.739182e+059 -2.875572e+059 -2.784185e+059 -2.238155e+059 1.158407e+056 
2.363118e+062 -6.533311e+058 -1.417264e+059 -1.999966e+059 -2.368750e+059 -2.617005e+059 -2.869732e+059 -3.086060e+059 -3.141449e+059 -2.875069e+059 -2.163068e+059 1.168739e+056 
2.363205e+062 -5.216841e+058 -1.280009e+059 -2.083752e+059 -2.773108e+059 -3.267679e+059 -3.559856e+059 -3.629869e+059 -3.463357e+059 -3.006632e+059 -2.192766e+059 1.318711e+056 
2.363162e+062 -6.057364e+058 -1.370396e+059 -2.034686e+059 -2.475300e+059 -2.713997e+059 -2.894810e+059 -3.053562e+059 -3.153279e+059 -2.977294e+059 -2.327555e+059 1.189108e+056 
2.363264e+062 -4.002587e+058 -1.035482e+059 -1.802061e+059 -2.584339e+059 -3.273646e+059 -3.792724e+059 -4.024451e+059 -3.892052e+059 -3.360091e+059 -2.395583e+059 1.280354e+056 
2.363275e+062 -3.742709e+058 -9.929453e+058 -1.753153e+059 -2.580964e+059 -3.331327e+059 -3.892077e+059 -4.135888e+059 -4.002794e+059 -3.437661e+059 -2.431388e+059 1.288230e+056 
2.363275e+062 -3.721914e+058 -9.849056e+058 -1.745752e+059 -2.572239e+059 -3.313056e+059 -3.860723e+059 -4.121367e+059 -3.972544e+059 -3.409095e+059 -2.417105e+059 1.273017e+056 
2.363274e+062 -3.799714e+058 -9.971460e+058 -1.770845e+059 -2.585221e+059 -3.342073e+059 -3.881507e+059 -4.129112e+059 -3.991554e+059 -3.419759e+059 -2.422837e+059 1.292099e+056 
2.363272e+062 -3.752114e+058 -9.929537e+058 -1.750977e+059 -2.580579e+059 -3.305264e+059 -3.854615e+059 -4.101083e+059 -3.952860e+059 -3.407194e+059 -2.413451e+059 1.273563e+056 
2.362123e+062 -7.458623e+058 3.932313e+058 1.536086e+059 -1.750790e+058 -3.745593e+059 -5.770201e+059 -4.594575e+059 -2.110387e+059 -8.884756e+058 -9.786724e+058 5.386690e+055 
2.346146e+062 -4.572408e+060 -1.144042e+061 -1.906242e+061 -2.672255e+061 -3.321867e+061 -3.698029e+061 -3.717793e+061 -3.340637e+061 -2.604384e+061 -1.661465e+061 1.212830e+060 
2.345697e+062 -5.201561e+060 -1.317247e+061 -2.231543e+061 -3.119274e+061 -3.833297e+061 -4.220571e+061 -4.205725e+061 -3.763465e+061 -2.947558e+061 -1.891242e+061 1.600933e+060 
2.346376e+062 -5.146580e+060 -1.317051e+061 -2.252485e+061 -3.162463e+061 -3.883524e+061 -4.270459e+061 -4.248404e+061 -3.798814e+061 -2.975675e+061 -1.905636e+061 1.628582e+060 
2.347072e+062 -4.980043e+060 -1.279840e+061 -2.199906e+061 -3.096127e+061 -3.804468e+061 -4.188213e+061 -4.172499e+061 -3.740481e+061 -2.942686e+061 -1.891119e+061 1.563044e+060 
2.347653e+062 -4.791300e+060 -1.230755e+061 -2.110451e+061 -2.962498e+061 -3.629574e+061 -3.980622e+061 -3.953120e+061 -3.532806e+061 -2.770040e+061 -1.775573e+061 1.414029e+060 
2.350695e+062 -3.889336e+060 -9.998364e+060 -1.717858e+061 -2.418525e+061 -2.973839e+061 -3.277098e+061 -3.273270e+061 -2.944368e+061 -2.327508e+061 -1.506138e+061 9.522562e+059 
2.353328e+062 -3.106429e+060 -7.956419e+060 -1.365625e+061 -1.917578e+061 -2.352220e+061 -2.590211e+061 -2.584981e+061 -2.328211e+061 -1.847702e+061 -1.202711e+061 5.948252e+059 
2.357014e+062 -1.989600e+060 -5.111393e+060 -8.820833e+060 -1.248210e+061 -1.546865e+061 -1.725713e+061 -1.750488e+061 -1.608158e+061 -1.307422e+061 -8.760575e+060 2.631633e+059 
2.353499e+062 -3.075507e+060 -7.913372e+060 -1.366638e+061 -1.932863e+061 -2.389905e+061 -2.654190e+061 -2.671685e+061 -2.425882e+061 -1.939465e+061 -1.269840e+061 6.198520e+059 
2.355310e+062 -2.504720e+060 -6.463487e+060 -1.120725e+061 -1.593222e+061 -1.982178e+061 -2.217629e+061 -2.251419e+061 -2.064326e+061 -1.668760e+061 -1.106309e+061 4.306050e+059 
2.360870e+062 -7.335893e+059 -1.901029e+060 -3.317984e+060 -4.761342e+060 -5.995296e+060 -6.808616e+060 -7.037156e+060 -6.590309e+060 -5.461625e+060 -3.727283e+060 4.017471e+058 
2.360666e+062 -8.390251e+059 -2.168233e+060 -3.769049e+060 -5.379008e+060 -6.724284e+060 -7.567869e+060 -7.738457e+060 -7.154907e+060 -5.839643e+060 -3.913721e+060 4.954883e+058 
2.360925e+062 -7.781350e+059 -2.027555e+060 -3.563765e+060 -5.154932e+060 -6.550259e+060 -7.512903e+060 -7.849888e+060 -7.438141e+060 -6.239247e+060 -4.310897e+060 4.871766e+058 
2.361644e+062 -5.347770e+059 -1.394927e+060 -2.454621e+060 -3.555257e+060 -4.526043e+060 -5.203983e+060 -5.452292e+060 -5.183285e+060 -4.363669e+060 -3.026348e+060 2.333844e+058 
2.362833e+062 -1.837060e+059 -4.754597e+059 -8.309557e+059 -1.196441e+060 -1.521094e+060 -1.752621e+060 -1.846133e+060 -1.768782e+060 -1.502072e+060 -1.050111e+060 2.685042e+057 
2.362981e+062 -1.316047e+059 -3.422025e+059 -5.992872e+059 -8.676505e+059 -1.104934e+060 -1.274180e+060 -1.343546e+060 -1.288720e+060 -1.094912e+060 -7.662363e+059 1.412146e+057 
2.363158e+062 -6.587505e+058 -1.683263e+059 -2.898539e+059 -4.131176e+059 -5.234250e+059 -6.042595e+059 -6.420021e+059 -6.239860e+059 -5.373919e+059 -3.817268e+059 3.297083e+056 
2.363265e+062 -3.991154e+058 -1.044945e+059 -1.853387e+059 -2.703497e+059 -3.467784e+059 -4.045791e+059 -4.310223e+059 -4.176863e+059 -3.585756e+059 -2.541047e+059 1.411624e+056 
2.363262e+062 -4.037100e+058 -1.042406e+059 -1.804655e+059 -2.602417e+059 -3.316571e+059 -3.863039e+059 -4.131534e+059 -4.036368e+059 -3.503794e+059 -2.492930e+059 1.330867e+056 
2.363271e+062 -3.874844e+058 -1.013120e+059 -1.780042e+059 -2.585238e+059 -3.301063e+059 -3.841147e+059 -4.102679e+059 -3.994841e+059 -3.437353e+059 -2.449777e+059 1.294818e+056 
2.363273e+062 -3.841060e+058 -1.012099e+059 -1.796168e+059 -2.623027e+059 -3.369149e+059 -3.930097e+059 -4.188703e+059 -4.047158e+059 -3.474678e+059 -2.469274e+059 1.327608e+056 
2.363276e+062 -3.812836e+058 -1.005374e+059 -1.781032e+059 -2.612613e+059 -3.359014e+059 -3.918968e+059 -4.167015e+059 -4.034143e+059 -3.457610e+059 -2.448170e+059 1.314114e+056 
2.363275e+062 -3.752259e+058 -9.918144e+058 -1.769311e+059 -2.582686e+059 -3.322616e+059 -3.887774e+059 -4.135353e+059 -4.002558e+059 -3.431684e+059 -2.432590e+059 1.289551e+056 
2.363271e+062 -3.814386e+058 -1.004093e+059 -1.779279e+059 -2.606609e+059 -3.354444e+059 -3.901164e+059 -4.137776e+059 -3.997288e+059 -3.419445e+059 -2.421730e+059 1.301880e+056 
