2.327144e+062 -7.784829e+060 -1.789999e+061 -2.689376e+061 -3.589855e+061 -4.281972e+061 -4.596687e+061 -4.266752e+061 -3.336091e+061 -2.244311e+061 -1.143168e+061 1.822446e+060 
2.331388e+062 -7.245432e+060 -1.642483e+061 -2.494100e+061 -3.377683e+061 -4.038533e+061 -4.293569e+061 -3.973038e+061 -3.071614e+061 -2.045538e+061 -1.076335e+061 1.570308e+060 
2.339438e+062 -5.163842e+060 -1.143277e+061 -1.724270e+061 -2.406688e+061 -2.972493e+061 -3.278629e+061 -3.126247e+061 -2.493405e+061 -1.753870e+061 -9.963986e+060 8.857919e+059 
2.351853e+062 -3.143409e+060 -8.004528e+060 -1.343526e+061 -1.929893e+061 -2.372695e+061 -2.639440e+061 -2.650162e+061 -2.350217e+061 -1.868066e+061 -1.201844e+061 6.057019e+059 
2.359208e+062 -1.187423e+060 -3.000730e+060 -5.101612e+060 -7.260800e+060 -9.031567e+060 -1.011544e+061 -1.024973e+061 -9.298245e+060 -7.474779e+060 -4.932535e+060 8.846604e+058 
2.359159e+062 -1.261573e+060 -3.169990e+060 -5.328480e+060 -7.323183e+060 -8.779039e+060 -9.418889e+060 -9.106337e+060 -7.883148e+060 -5.961470e+060 -3.656200e+060 7.737650e+058 
2.361901e+062 -4.583152e+059 -1.173848e+060 -2.018080e+060 -2.844080e+060 -3.511288e+060 -3.899012e+060 -3.928188e+060 -3.573686e+060 -2.865040e+060 -1.882325e+060 1.319922e+058 
2.362889e+062 -1.418020e+059 -3.653373e+059 -6.308199e+059 -8.946769e+059 -1.112040e+060 -1.244175e+060 -1.263546e+060 -1.160607e+060 -9.415960e+059 -6.272000e+059 1.338229e+057 
2.361722e+062 -1.007569e+058 3.060048e+059 4.573231e+059 2.585956e+058 -5.730714e+059 -6.627463e+059 -2.431585e+059 7.874541e+058 -1.563464e+058 -2.102750e+059 1.060323e+056 
2.356621e+062 2.887544e+059 2.077615e+060 2.730130e+060 8.029413e+059 -1.070349e+060 -2.396829e+059 1.910237e+060 2.364227e+060 9.545174e+059 -1.424154e+059 4.252335e+057 
2.324420e+062 3.367528e+060 1.150043e+061 1.139843e+061 1.910015e+060 7.560525e+059 1.004543e+061 1.410813e+061 8.794140e+060 2.845603e+060 1.949878e+060 8.043416e+058 
2.033058e+062 2.529981e+061 7.461453e+061 9.055915e+061 4.994995e+061 3.860194e+061 8.536296e+061 1.130581e+062 9.511496e+061 6.527138e+061 4.461241e+061 1.070228e+061 
2.065321e+062 1.872891e+061 6.502035e+061 9.034180e+061 5.098212e+061 3.919837e+061 6.777438e+061 7.910759e+061 7.624061e+061 6.118952e+061 4.696448e+061 8.686688e+060 
2.064425e+062 2.114076e+061 8.352953e+061 8.404609e+061 2.590503e+061 2.816320e+061 9.176997e+061 1.127977e+062 7.018222e+061 4.221273e+061 4.253910e+061 7.094655e+060 
2.268510e+062 5.212597e+060 2.571984e+061 3.244476e+061 1.870051e+061 9.004002e+060 1.376604e+061 1.818687e+061 1.787628e+061 1.895192e+061 1.504207e+061 8.239686e+059 
2.358871e+062 4.088672e+059 1.225303e+060 8.620325e+059 -1.928008e+059 8.787807e+058 1.219885e+060 1.126453e+060 4.009285e+058 -2.147111e+059 2.464032e+059 -1.385820e+055 
2.362986e+062 -1.474740e+058 -3.835049e+058 -9.472052e+058 -2.030473e+059 -2.944462e+059 -3.503673e+059 -3.510282e+059 -3.461906e+059 -3.007331e+059 -2.074293e+059 7.150398e+055 
2.363204e+062 -3.234832e+058 -8.066835e+058 -1.551701e+059 -2.529547e+059 -3.349358e+059 -3.788858e+059 -3.967516e+059 -3.869659e+059 -3.389423e+059 -2.400317e+059 1.153972e+056 
2.363260e+062 -3.561069e+058 -9.357318e+058 -1.722290e+059 -2.579624e+059 -3.309341e+059 -3.804946e+059 -4.059912e+059 -3.982710e+059 -3.415142e+059 -2.402382e+059 1.242559e+056 
2.363276e+062 -3.738034e+058 -9.818195e+058 -1.747489e+059 -2.580248e+059 -3.337249e+059 -3.886377e+059 -4.130184e+059 -3.996761e+059 -3.427702e+059 -2.427985e+059 1.282875e+056 
2.363283e+062 -3.762614e+058 -9.956602e+058 -1.767210e+059 -2.586962e+059 -3.338201e+059 -3.892016e+059 -4.133828e+059 -3.996600e+059 -3.429735e+059 -2.428337e+059 1.291961e+056 
2.363282e+062 -3.806420e+058 -9.979909e+058 -1.767993e+059 -2.591626e+059 -3.336232e+059 -3.891851e+059 -4.140989e+059 -4.006541e+059 -3.435884e+059 -2.431372e+059 1.296763e+056 
2.363214e+062 -4.587095e+058 -1.221389e+059 -2.133470e+059 -3.158154e+059 -4.038614e+059 -4.730027e+059 -5.010759e+059 -4.819067e+059 -4.139616e+059 -2.899124e+059 1.898461e+056 
2.358823e+062 -1.100163e+060 -2.909175e+060 -4.694262e+060 -6.841458e+060 -7.993169e+060 -8.654438e+060 -8.584467e+060 -7.280036e+060 -5.806863e+060 -3.605220e+060 6.606691e+058 
2.354260e+062 -2.186549e+060 -5.748843e+060 -9.287973e+060 -1.350396e+061 -1.569687e+061 -1.702366e+061 -1.673029e+061 -1.414266e+061 -1.119308e+061 -6.835338e+060 2.558620e+059 
