1.000000e-030   1.000000e-001   1.000000e-030   1.000000e-001   1.000000e-030   1.000000e-030   1.000000e-030   1.000000e-030   1.000000e-030   1.000000e-030   1.000000e-030   1.000000e-001   1.000000e-030   1.000000e-001   1.000000e-030   1.000000e-030   1.000000e-030   3.000000e-001   1.000000e-030   1.000000e-030   1.000000e-030   2.000000e-001   1.192402e-233   1.000000e-030   1.000000e-030   1.000000e-030   1.000000e-030   1.000000e-030   1.000000e-030   1.000000e-001   1.000000e-030   1.000000e-030   

1.000000e-030   1.000000e-030   1.000000e-030   1.000000e-030   2.075080e-239   1.000000e-030   1.000000e-030   1.000000e-030   1.000000e-030   1.380367e-239   1.000000e-030   1.000000e+000   1.000000e-030   2.726113e-260   1.000000e-030   1.000000e-030   1.000000e-030   1.009708e-259   1.000000e-030   1.000000e-030   1.000000e-030   5.609287e-227   1.000000e-030   1.000000e-030   1.000000e-030   1.000000e-030   1.000000e-030   1.000000e-030   1.000000e-030   9.658457e-265   1.000000e-030   1.000000e-030   

1.000000e-030   1.000000e-030   6.544227e-236   2.478285e-291   1.818182e-001   1.000000e-030   2.270507e-237   8.918420e-237   1.000000e-030   8.181818e-001   1.000000e-030   1.975187e-242   1.000000e-030   9.178833e-291   8.719062e-204   1.000000e-030   2.024919e-235   8.780421e-296   1.000000e-030   1.000000e-030   1.000000e-030   5.099352e-228   1.000000e-030   1.000000e-030   1.000000e-030   1.000000e-030   1.000000e-030   1.000000e-030   1.000000e-030   3.252006e-295   1.000000e-030   1.000000e-030   

1.000000e-030   1.000000e-030   1.560662e-001   4.546950e-229   7.064732e-130   1.000000e-030   1.560662e-001   3.121324e-001   1.000000e-030   9.637940e-268   1.000000e-030   1.000000e-030   1.000000e-030   1.000000e-030   1.560662e-001   1.000000e-030   1.560662e-001   1.000000e-030   1.000000e-030   1.000000e-030   1.000000e-030   8.779175e-228   7.704555e-232   1.000000e-030   1.000000e-030   1.000000e-030   1.000000e-030   1.000000e-030   6.360267e-002   8.311168e-231   1.000000e-030   1.000000e-030   

1.000000e-030   1.000000e-030   2.802338e-258   2.634191e-001   4.519572e-300   1.000000e-030   1.000000e-030   1.483081e-272   1.000000e-030   1.224213e-298   1.000000e-030   1.000000e-030   1.000000e-030   1.000000e-030   1.000000e-030   1.000000e-030   3.691201e-229   1.000000e-030   1.000000e-030   1.000000e-030   1.000000e-030   2.634191e-001   1.317096e-001   1.000000e-030   1.000000e-030   1.000000e-030   1.000000e-030   1.000000e-030   7.803311e-002   2.634191e-001   1.000000e-030   1.000000e-030   

