2.363287e+062 -3.802764e+058 -9.988163e+058 -1.772392e+059 -2.597109e+059 -3.341665e+059 -3.897111e+059 -4.143572e+059 -4.005374e+059 -3.435609e+059 -2.433167e+059 1.299276e+056 
2.363288e+062 -3.800953e+058 -1.000953e+059 -1.777695e+059 -2.600573e+059 -3.348090e+059 -3.903166e+059 -4.147951e+059 -4.012139e+059 -3.439866e+059 -2.435317e+059 1.303248e+056 
2.363286e+062 -3.806878e+058 -1.001236e+059 -1.776535e+059 -2.600707e+059 -3.348222e+059 -3.901948e+059 -4.147826e+059 -4.008287e+059 -3.438606e+059 -2.434013e+059 1.302880e+056 
2.363288e+062 -3.802989e+058 -1.001871e+059 -1.775794e+059 -2.598106e+059 -3.346092e+059 -3.897913e+059 -4.143069e+059 -4.004688e+059 -3.436256e+059 -2.432097e+059 1.301007e+056 
2.363287e+062 -3.822063e+058 -1.004673e+059 -1.785548e+059 -2.610263e+059 -3.361683e+059 -3.917489e+059 -4.163629e+059 -4.024315e+059 -3.449691e+059 -2.443115e+059 1.313106e+056 
2.363286e+062 -3.801019e+058 -1.002053e+059 -1.779816e+059 -2.603250e+059 -3.356515e+059 -3.906908e+059 -4.151370e+059 -4.017578e+059 -3.444001e+059 -2.437627e+059 1.306329e+056 
2.363285e+062 -3.778473e+058 -9.949203e+058 -1.766773e+059 -2.582971e+059 -3.327163e+059 -3.875913e+059 -4.123788e+059 -3.986124e+059 -3.418959e+059 -2.420714e+059 1.286903e+056 
2.363285e+062 -3.816612e+058 -1.002860e+059 -1.781015e+059 -2.605199e+059 -3.355766e+059 -3.909075e+059 -4.158350e+059 -4.018121e+059 -3.446452e+059 -2.439889e+059 1.308618e+056 
2.363284e+062 -3.799231e+058 -1.003800e+059 -1.779680e+059 -2.608765e+059 -3.351958e+059 -3.915781e+059 -4.166303e+059 -4.023014e+059 -3.454374e+059 -2.443687e+059 1.310172e+056 
2.363204e+062 -3.051174e+058 -9.666541e+058 -1.594246e+059 -2.434815e+059 -3.222313e+059 -3.815541e+059 -4.015674e+059 -3.917973e+059 -3.380526e+059 -2.370581e+059 1.172282e+056 
2.361001e+062 1.278451e+059 3.588806e+058 2.615593e+059 3.773101e+059 -1.540838e+059 -6.188691e+059 -3.642580e+059 -2.956522e+059 -2.777460e+059 -1.092212e+059 -7.795197e+055 
2.354088e+062 -2.314752e+060 -6.016724e+060 -1.030012e+061 -1.447893e+061 -1.842511e+061 -2.093480e+061 -2.099050e+061 -1.896693e+061 -1.517926e+061 -9.882533e+060 3.664838e+059 
2.339657e+062 -1.808064e+060 -6.093449e+060 -1.125309e+061 -1.392499e+061 -1.988146e+061 -2.720808e+061 -2.679593e+061 -2.204216e+061 -1.835628e+061 -1.223084e+061 4.606176e+059 
2.331025e+062 -1.784870e+060 -7.034318e+060 -1.308748e+061 -1.610946e+061 -2.436356e+061 -3.360892e+061 -3.209910e+061 -2.584362e+061 -2.163164e+061 -1.444635e+061 6.456768e+059 
2.331634e+062 -2.944907e+060 -7.464472e+060 -1.206987e+061 -1.567211e+061 -2.381559e+061 -3.332744e+061 -3.435116e+061 -2.869765e+061 -2.247431e+061 -1.413281e+061 6.909795e+059 
2.340783e+062 -3.611530e+060 -9.019887e+060 -1.477466e+061 -2.081364e+061 -2.833220e+061 -3.421460e+061 -3.469372e+061 -3.017636e+061 -2.331525e+061 -1.476003e+061 8.815297e+059 
2.339200e+062 -3.538357e+060 -9.771358e+060 -1.649722e+061 -2.300277e+061 -3.114201e+061 -3.698189e+061 -3.647317e+061 -3.179785e+061 -2.513601e+061 -1.603364e+061 1.026513e+060 
2.343942e+062 -4.072514e+060 -9.819738e+060 -1.633535e+061 -2.311968e+061 -3.042076e+061 -3.584581e+061 -3.610403e+061 -3.159574e+061 -2.436735e+061 -1.541877e+061 1.012854e+060 
2.346818e+062 -3.886165e+060 -9.798208e+060 -1.651413e+061 -2.305200e+061 -2.931445e+061 -3.353358e+061 -3.368943e+061 -3.012762e+061 -2.365959e+061 -1.499965e+061 9.461432e+059 
2.350350e+062 -3.339212e+060 -8.707617e+060 -1.490810e+061 -2.088788e+061 -2.607220e+061 -2.931976e+061 -2.925979e+061 -2.612629e+061 -2.070129e+061 -1.333937e+061 7.342797e+059 
2.355623e+062 -1.493884e+060 -4.185423e+060 -7.170540e+060 -9.805475e+060 -1.267747e+061 -1.473742e+061 -1.466374e+061 -1.328670e+061 -1.091592e+061 -7.117382e+060 1.759111e+059 
2.359104e+062 -1.241868e+060 -3.205027e+060 -5.562821e+060 -7.987822e+060 -1.014290e+061 -1.164429e+061 -1.209970e+061 -1.137369e+061 -9.454143e+060 -6.455822e+060 1.169812e+059 
2.360106e+062 -9.297037e+059 -2.352988e+060 -4.077077e+060 -5.924222e+060 -7.627903e+060 -8.831144e+060 -9.186279e+060 -8.597347e+060 -7.130793e+060 -4.894121e+060 6.556893e+058 
2.362412e+062 -2.942270e+059 -7.335420e+059 -1.266446e+060 -1.849501e+060 -2.392342e+060 -2.766763e+060 -2.861180e+060 -2.655677e+060 -2.188848e+060 -1.500649e+060 6.324893e+057 
2.362649e+062 -1.309551e+059 -2.422571e+059 -3.863532e+059 -6.626636e+059 -1.016411e+060 -1.249411e+060 -1.224038e+060 -1.012277e+060 -7.730813e+059 -5.446155e+059 9.499797e+056 
2.363042e+062 -9.778624e+058 -2.501511e+059 -4.359848e+059 -6.322442e+059 -8.064068e+059 -9.237501e+059 -9.571505e+059 -8.960285e+059 -7.441111e+059 -5.110332e+059 7.223672e+056 
2.362998e+062 -1.266657e+059 -3.290645e+059 -5.761718e+059 -8.318503e+059 -1.054882e+060 -1.209364e+060 -1.263481e+060 -1.198780e+060 -1.008174e+060 -6.992565e+059 1.264141e+057 
2.362993e+062 -1.242971e+059 -3.024917e+059 -4.902928e+059 -6.525219e+059 -7.666903e+059 -8.252696e+059 -8.241201e+059 -7.623340e+059 -6.345311e+059 -4.405844e+059 6.821710e+056 
2.362180e+062 -2.996420e+059 -6.541465e+059 -9.199125e+059 -1.034562e+060 -1.020613e+060 -9.443241e+059 -8.541888e+059 -7.532761e+059 -6.134239e+059 -4.110795e+059 1.253919e+057 
2.362542e+062 -2.033513e+059 -4.344166e+059 -6.062443e+059 -7.023237e+059 -7.610169e+059 -8.255198e+059 -8.932559e+059 -9.096473e+059 -8.119147e+059 -5.755558e+059 9.988808e+056 
2.362336e+062 -3.036326e+059 -7.195914e+059 -1.120768e+060 -1.403646e+060 -1.509943e+060 -1.438262e+060 -1.230030e+060 -9.485366e+059 -6.502671e+059 -3.727928e+059 1.959955e+057 
2.362523e+062 -2.223941e+059 -4.974348e+059 -7.216267e+059 -8.395223e+059 -8.503278e+059 -7.892885e+059 -6.940781e+059 -5.848601e+059 -4.566075e+059 -2.988221e+059 7.690547e+056 
2.362220e+062 -2.916088e+059 -6.459468e+059 -9.234333e+059 -1.048427e+060 -1.019724e+060 -8.862503e+059 -7.037839e+059 -5.109119e+059 -3.274701e+059 -1.663776e+059 8.465890e+056 
2.362633e+062 -1.992728e+059 -4.417591e+059 -6.338991e+059 -7.293396e+059 -7.337881e+059 -6.820410e+059 -6.012219e+059 -5.011640e+059 -3.767916e+059 -2.295772e+059 5.666269e+056 
