2.363291e+062 -3.833053e+058 -1.005375e+059 -1.783560e+059 -2.608974e+059 -3.359942e+059 -3.914204e+059 -4.162468e+059 -4.022975e+059 -3.449837e+059 -2.441985e+059 1.312616e+056 
2.363292e+062 -3.836938e+058 -1.006659e+059 -1.785358e+059 -2.612113e+059 -3.363321e+059 -3.918198e+059 -4.166757e+059 -4.026823e+059 -3.453178e+059 -2.444542e+059 1.315381e+056 
2.363291e+062 -3.830482e+058 -1.005430e+059 -1.783213e+059 -2.608984e+059 -3.359553e+059 -3.913385e+059 -4.161844e+059 -4.021687e+059 -3.449314e+059 -2.441898e+059 1.312179e+056 
2.363291e+062 -3.833719e+058 -1.005911e+059 -1.783717e+059 -2.609620e+059 -3.360078e+059 -3.914794e+059 -4.163277e+059 -4.023296e+059 -3.450472e+059 -2.442735e+059 1.313110e+056 
2.363290e+062 -3.829273e+058 -1.005477e+059 -1.784445e+059 -2.611613e+059 -3.362006e+059 -3.917077e+059 -4.166018e+059 -4.028048e+059 -3.453269e+059 -2.444029e+059 1.314341e+056 
2.363279e+062 -3.689711e+058 -9.843286e+058 -1.767408e+059 -2.598896e+059 -3.316388e+059 -3.868282e+059 -4.148470e+059 -4.006467e+059 -3.426325e+059 -2.422919e+059 1.284649e+056 
2.363258e+062 -3.521895e+058 -9.564853e+058 -1.743879e+059 -2.548614e+059 -3.257307e+059 -3.812251e+059 -4.089381e+059 -3.972293e+059 -3.386616e+059 -2.402978e+059 1.240700e+056 
2.362805e+062 -7.559913e+057 -2.857476e+058 -3.839877e+058 -1.309242e+059 -2.525153e+059 -3.351719e+059 -3.060995e+059 -2.911246e+059 -2.493284e+059 -1.826313e+059 4.372303e+055 
2.362525e+062 2.575839e+058 1.178042e+054 -4.235718e+057 -1.102771e+059 -1.545213e+059 -2.220680e+059 -2.405795e+059 -2.622611e+059 -2.172513e+059 -1.513286e+059 9.122343e+054 
2.361016e+062 1.352623e+059 6.759127e+058 3.616690e+059 2.045486e+059 1.748037e+059 1.314839e+059 1.795083e+059 1.149557e+059 -5.553191e+058 2.931078e+058 3.690512e+055 
2.361045e+062 1.469984e+059 9.013150e+058 2.751302e+059 2.101178e+059 1.730818e+059 1.225510e+059 3.557618e+059 -5.846551e+056 -7.383727e+058 5.715654e+058 3.735981e+055 
2.362204e+062 -8.119360e+058 -9.549801e+058 -2.119213e+058 -6.789477e+058 -9.510592e+058 -5.500040e+058 1.986129e+058 3.006001e+058 -5.572692e+058 -1.124190e+059 2.112661e+055 
2.353410e+062 -2.629654e+060 -5.895756e+060 -8.455853e+060 -9.438191e+060 -8.611345e+060 -6.492107e+060 -3.928656e+060 -1.740699e+060 -4.212511e+059 5.334202e+058 3.274812e+058 
2.276881e+062 -2.148544e+061 -4.453973e+061 -5.643816e+061 -5.115101e+061 -3.103282e+061 -5.496000e+060 1.419724e+061 2.154101e+061 1.760570e+061 8.584604e+060 -1.490429e+060 
2.281866e+062 -1.929425e+061 -3.853204e+061 -4.667571e+061 -4.031622e+061 -2.382652e+061 -6.471479e+060 3.303476e+060 3.406338e+060 -1.471230e+060 -4.748858e+060 2.281669e+059 
2.301254e+062 -1.365447e+061 -2.591936e+061 -2.966013e+061 -2.422179e+061 -1.423396e+061 -6.551280e+060 -5.370566e+060 -8.965306e+060 -1.180561e+061 -9.879457e+060 6.707634e+059 
2.337662e+062 -5.065763e+060 -9.463839e+060 -1.217242e+061 -1.447935e+061 -1.694478e+061 -1.874742e+061 -1.834276e+061 -1.496553e+061 -9.764302e+060 -4.707401e+060 3.433903e+059 
2.347999e+062 -2.044865e+060 -2.417278e+060 -1.472401e+060 -1.853449e+060 -4.065918e+060 -7.194725e+060 -8.649541e+060 -7.334171e+060 -4.578039e+060 -2.013995e+060 3.134612e+058 
2.350755e+062 -1.682665e+060 -1.806585e+060 -7.595426e+059 -9.000294e+059 -3.313851e+060 -6.877205e+060 -9.015702e+060 -8.278861e+060 -5.545835e+060 -2.733277e+060 2.580263e+058 
2.359038e+062 -8.465939e+059 -1.654453e+060 -2.282595e+060 -3.126591e+060 -4.191156e+060 -5.386276e+060 -5.995357e+060 -5.593403e+060 -4.321990e+060 -2.610973e+060 2.479505e+058 
2.360044e+062 -7.950972e+059 -1.733845e+060 -2.556703e+060 -3.318438e+060 -4.026984e+060 -4.689473e+060 -5.018885e+060 -4.759857e+060 -3.878167e+060 -2.503649e+060 2.235773e+058 
2.361473e+062 -5.130175e+059 -1.231549e+060 -1.979752e+060 -2.702108e+060 -3.214871e+060 -3.565982e+060 -3.621520e+060 -3.321158e+060 -2.698675e+060 -1.768983e+060 1.207220e+058 
2.362487e+062 -2.916135e+059 -7.298934e+059 -1.229980e+060 -1.706737e+060 -2.081590e+060 -2.298622e+060 -2.313684e+060 -2.105435e+060 -1.687199e+060 -1.105640e+060 4.722471e+057 
2.362933e+062 -1.489347e+059 -3.840736e+059 -6.667276e+059 -9.513838e+059 -1.189251e+060 -1.340018e+060 -1.372156e+060 -1.271098e+060 -1.040631e+060 -7.001483e+059 1.549710e+057 
2.363132e+062 -7.811590e+058 -2.035876e+059 -3.569234e+059 -5.182846e+059 -6.570160e+059 -7.565249e+059 -7.907795e+059 -7.512158e+059 -6.327994e+059 -4.382245e+059 4.912732e+056 
2.363271e+062 -4.533285e+058 -1.185831e+059 -2.094979e+059 -3.054459e+059 -3.909342e+059 -4.531503e+059 -4.787012e+059 -4.595197e+059 -3.912365e+059 -2.746962e+059 1.761477e+056 
2.363294e+062 -3.879994e+058 -1.017649e+059 -1.804398e+059 -2.638160e+059 -3.397126e+059 -3.956062e+059 -4.206049e+059 -4.063937e+059 -3.483789e+059 -2.465421e+059 1.341416e+056 
2.363292e+062 -3.838248e+058 -1.007320e+059 -1.786434e+059 -2.613235e+059 -3.365389e+059 -3.920216e+059 -4.169008e+059 -4.029388e+059 -3.455362e+059 -2.445921e+059 1.316847e+056 
2.363292e+062 -3.829568e+058 -1.005138e+059 -1.782698e+059 -2.608167e+059 -3.358727e+059 -3.912753e+059 -4.161266e+059 -4.021782e+059 -3.449275e+059 -2.441729e+059 1.311712e+056 
2.363291e+062 -3.824927e+058 -1.003531e+059 -1.780016e+059 -2.603992e+059 -3.353406e+059 -3.907004e+059 -4.154756e+059 -4.015952e+059 -3.443995e+059 -2.438077e+059 1.307745e+056 
2.363290e+062 -3.829013e+058 -1.004645e+059 -1.782001e+059 -2.607294e+059 -3.357492e+059 -3.911292e+059 -4.159772e+059 -4.019907e+059 -3.447435e+059 -2.440583e+059 1.310679e+056 
2.363291e+062 -3.827350e+058 -1.004164e+059 -1.780827e+059 -2.605403e+059 -3.355229e+059 -3.908391e+059 -4.156477e+059 -4.017113e+059 -3.444926e+059 -2.438734e+059 1.308897e+056 
2.363291e+062 -3.834655e+058 -1.005933e+059 -1.784636e+059 -2.610298e+059 -3.361781e+059 -3.915789e+059 -4.164391e+059 -4.024699e+059 -3.451534e+059 -2.443322e+059 1.313918e+056 
2.363291e+062 -3.829601e+058 -1.004816e+059 -1.782301e+059 -2.607430e+059 -3.357809e+059 -3.911674e+059 -4.159794e+059 -4.020064e+059 -3.447452e+059 -2.440726e+059 1.310893e+056 
2.363292e+062 -3.825720e+058 -1.003610e+059 -1.779961e+059 -2.604146e+059 -3.353222e+059 -3.906182e+059 -4.154155e+059 -4.015188e+059 -3.443347e+059 -2.437615e+059 1.307550e+056 
