2.362977e+062 -3.140782e+058 -4.066170e+058 -7.633304e+058 -1.623116e+059 -2.421671e+059 -3.073407e+059 -3.527851e+059 -3.873851e+059 -3.398977e+059 -2.137727e+059 6.755873e+055 
2.363187e+062 -3.198413e+058 -8.561258e+058 -1.534788e+059 -2.372593e+059 -3.155068e+059 -3.689359e+059 -3.960335e+059 -3.854979e+059 -3.291715e+059 -2.336140e+059 1.106976e+056 
2.363183e+062 -3.254387e+058 -8.574744e+058 -1.576727e+059 -2.408187e+059 -3.096999e+059 -3.641258e+059 -3.906045e+059 -3.821764e+059 -3.293744e+059 -2.312621e+059 1.104018e+056 
2.363202e+062 -3.178011e+058 -9.064001e+058 -1.643898e+059 -2.402184e+059 -3.147541e+059 -3.734217e+059 -3.924603e+059 -3.815801e+059 -3.287734e+059 -2.336602e+059 1.134419e+056 
2.363206e+062 -3.211662e+058 -9.117966e+058 -1.638449e+059 -2.387331e+059 -3.168766e+059 -3.737144e+059 -3.938732e+059 -3.818501e+059 -3.296196e+059 -2.339641e+059 1.138602e+056 
2.363170e+062 -2.716344e+058 -9.211883e+058 -1.640548e+059 -2.289129e+059 -3.139210e+059 -3.683944e+059 -3.831113e+059 -3.766110e+059 -3.263655e+059 -2.300035e+059 1.087512e+056 
2.363194e+062 -3.108322e+058 -9.038850e+058 -1.620015e+059 -2.429284e+059 -3.146425e+059 -3.742286e+059 -3.933842e+059 -3.824677e+059 -3.326962e+059 -2.349902e+059 1.135190e+056 
2.363205e+062 -3.346378e+058 -9.639495e+058 -1.683437e+059 -2.533049e+059 -3.305353e+059 -3.820010e+059 -4.114064e+059 -3.994882e+059 -3.433142e+059 -2.433417e+059 1.236774e+056 
2.363206e+062 -3.269767e+058 -9.287462e+058 -1.642671e+059 -2.475822e+059 -3.186180e+059 -3.759581e+059 -3.985636e+059 -3.874755e+059 -3.362321e+059 -2.368304e+059 1.171410e+056 
2.363162e+062 -3.434588e+058 -9.327104e+058 -1.617916e+059 -2.411072e+059 -3.099756e+059 -3.719621e+059 -3.892409e+059 -3.716661e+059 -3.169700e+059 -2.233184e+059 1.120667e+056 
2.362853e+062 -1.189155e+059 -3.419624e+059 -5.880271e+059 -8.504739e+059 -1.110562e+060 -1.268132e+060 -1.327935e+060 -1.285282e+060 -1.077527e+060 -7.458033e+059 1.368925e+057 
2.355310e+062 -2.480441e+060 -6.375422e+060 -1.103922e+061 -1.574095e+061 -1.969885e+061 -2.219958e+061 -2.269029e+061 -2.092547e+061 -1.700204e+061 -1.133895e+061 4.304311e+059 
2.345795e+062 -4.464708e+060 -1.145123e+061 -1.958580e+061 -2.786532e+061 -3.477020e+061 -3.901893e+061 -3.871788e+061 -3.443258e+061 -2.709203e+061 -1.731884e+061 1.297039e+060 
2.342788e+062 -3.952204e+060 -1.117381e+061 -1.952553e+061 -2.692355e+061 -3.429216e+061 -3.988490e+061 -3.892431e+061 -3.459226e+061 -2.829022e+061 -1.808384e+061 1.283058e+060 
2.346807e+062 -4.027232e+060 -1.051322e+061 -1.815676e+061 -2.566907e+061 -3.261651e+061 -3.703236e+061 -3.683575e+061 -3.306763e+061 -2.648094e+061 -1.721033e+061 1.148679e+060 
2.348767e+062 -4.021327e+060 -1.062163e+061 -1.844567e+061 -2.586094e+061 -3.227713e+061 -3.625907e+061 -3.631401e+061 -3.290410e+061 -2.645108e+061 -1.722028e+061 1.140899e+060 
2.348773e+062 -4.204763e+060 -1.085063e+061 -1.875599e+061 -2.658717e+061 -3.312401e+061 -3.708412e+061 -3.728907e+061 -3.373177e+061 -2.696814e+061 -1.760496e+061 1.199362e+060 
2.350796e+062 -3.665584e+060 -9.445993e+060 -1.628312e+061 -2.312770e+061 -2.873919e+061 -3.217179e+061 -3.245806e+061 -2.945774e+061 -2.359805e+061 -1.542015e+061 9.046670e+059 
2.352629e+062 -3.057529e+060 -7.768649e+060 -1.334092e+061 -1.897264e+061 -2.380799e+061 -2.692187e+061 -2.726024e+061 -2.472074e+061 -1.976285e+061 -1.294241e+061 6.219335e+059 
2.357359e+062 -1.772389e+060 -4.645481e+060 -8.079735e+060 -1.166136e+061 -1.467517e+061 -1.680226e+061 -1.735623e+061 -1.620622e+061 -1.347641e+061 -9.125689e+060 2.435046e+059 
2.358131e+062 -1.641526e+060 -4.272322e+060 -7.480520e+060 -1.076502e+061 -1.360361e+061 -1.550587e+061 -1.606143e+061 -1.507112e+061 -1.251214e+061 -8.542322e+060 2.085478e+059 
2.358895e+062 -1.376406e+060 -3.583817e+060 -6.270097e+060 -9.023584e+060 -1.139582e+061 -1.297459e+061 -1.343538e+061 -1.259693e+061 -1.044785e+061 -7.125990e+060 1.458276e+059 
2.359867e+062 -1.048679e+060 -2.724867e+060 -4.755897e+060 -6.823776e+060 -8.592845e+060 -9.753972e+060 -1.005047e+061 -9.381124e+060 -7.737397e+060 -5.241426e+060 8.214501e+058 
2.362404e+062 -2.848781e+059 -7.478327e+059 -1.308514e+060 -1.889612e+060 -2.391466e+060 -2.727041e+060 -2.831400e+060 -2.660286e+060 -2.214212e+060 -1.515551e+060 6.378929e+057 
2.363110e+062 -7.558391e+058 -2.070004e+059 -3.638893e+059 -5.300259e+059 -6.837449e+059 -7.948873e+059 -8.353548e+059 -8.060077e+059 -6.841778e+059 -4.789619e+059 5.339330e+056 
2.363207e+062 -3.971495e+058 -1.067990e+059 -1.898031e+059 -2.832071e+059 -3.623488e+059 -4.297218e+059 -4.516007e+059 -4.375165e+059 -3.757770e+059 -2.648958e+059 1.528207e+056 
2.363209e+062 -3.291507e+058 -9.221728e+058 -1.736500e+059 -2.542607e+059 -3.287329e+059 -3.844061e+059 -4.113055e+059 -4.022808e+059 -3.441795e+059 -2.426092e+059 1.236123e+056 
2.363214e+062 -3.138967e+058 -9.172556e+058 -1.641948e+059 -2.446368e+059 -3.198215e+059 -3.736806e+059 -3.970568e+059 -3.900048e+059 -3.339187e+059 -2.361679e+059 1.157724e+056 
2.363211e+062 -3.430230e+058 -9.533467e+058 -1.721472e+059 -2.573247e+059 -3.324390e+059 -3.941500e+059 -4.158822e+059 -4.029108e+059 -3.491054e+059 -2.464273e+059 1.271533e+056 
2.363181e+062 -3.427143e+058 -1.024669e+059 -1.775239e+059 -2.646999e+059 -3.405458e+059 -4.053303e+059 -4.290527e+059 -4.136734e+059 -3.584073e+059 -2.522013e+059 1.349631e+056 
2.363195e+062 -3.039972e+058 -9.161403e+058 -1.661942e+059 -2.447334e+059 -3.181936e+059 -3.819308e+059 -3.991782e+059 -3.879027e+059 -3.388310e+059 -2.376620e+059 1.165195e+056 
2.363193e+062 -2.918768e+058 -8.862106e+058 -1.569110e+059 -2.336987e+059 -3.056907e+059 -3.635989e+059 -3.857747e+059 -3.750407e+059 -3.259086e+059 -2.279299e+059 1.071645e+056 
2.363216e+062 -3.349686e+058 -9.245342e+058 -1.667389e+059 -2.453353e+059 -3.191722e+059 -3.809191e+059 -4.024382e+059 -3.893160e+059 -3.339359e+059 -2.376014e+059 1.182448e+056 
