2.362886e+062 -1.434224e+058 -4.867729e+058 -1.029705e+059 -1.849470e+059 -2.463731e+059 -3.044465e+059 -3.411113e+059 -3.454562e+059 -2.994173e+059 -2.132364e+059 6.540861e+055 
2.363197e+062 -3.432824e+058 -9.406667e+058 -1.692158e+059 -2.521073e+059 -3.230321e+059 -3.821214e+059 -4.020475e+059 -3.928438e+059 -3.321860e+059 -2.356585e+059 1.205415e+056 
2.363270e+062 -3.881796e+058 -1.031432e+059 -1.824876e+059 -2.647877e+059 -3.397406e+059 -3.960946e+059 -4.190944e+059 -4.037418e+059 -3.455846e+059 -2.437908e+059 1.342632e+056 
2.363283e+062 -3.895732e+058 -1.019599e+059 -1.800975e+059 -2.626976e+059 -3.372284e+059 -3.923989e+059 -4.161716e+059 -4.017330e+059 -3.439775e+059 -2.431681e+059 1.323691e+056 
2.363285e+062 -3.883847e+058 -1.016080e+059 -1.797680e+059 -2.628242e+059 -3.379144e+059 -3.937202e+059 -4.184131e+059 -4.040111e+059 -3.457196e+059 -2.443486e+059 1.329017e+056 
2.363148e+062 -3.112992e+058 -7.881933e+058 -1.579614e+059 -2.695828e+059 -3.283294e+059 -3.760908e+059 -3.873173e+059 -3.883360e+059 -3.456304e+059 -2.415171e+059 1.156874e+056 
2.363254e+062 -4.594027e+058 -1.192068e+059 -2.091181e+059 -3.040505e+059 -3.866919e+059 -4.474479e+059 -4.720063e+059 -4.541377e+059 -3.873345e+059 -2.731542e+059 1.739004e+056 
2.363280e+062 -3.925166e+058 -1.027035e+059 -1.814584e+059 -2.648000e+059 -3.394860e+059 -3.943606e+059 -4.179210e+059 -4.029306e+059 -3.445577e+059 -2.436263e+059 1.338009e+056 
2.363262e+062 -4.359865e+058 -1.125166e+059 -1.957521e+059 -2.804347e+059 -3.536726e+059 -4.035895e+059 -4.211760e+059 -4.007113e+059 -3.393164e+059 -2.380616e+059 1.435250e+056 
2.363158e+062 -7.197839e+058 -1.778589e+059 -2.923000e+059 -3.904299e+059 -4.531463e+059 -4.715534e+059 -4.461320e+059 -3.850505e+059 -2.983367e+059 -1.949322e+059 2.067537e+056 
2.363199e+062 -6.164994e+058 -1.554200e+059 -2.632215e+059 -3.657720e+059 -4.443133e+059 -4.871701e+059 -4.866186e+059 -4.415093e+059 -3.567384e+059 -2.403782e+059 2.129605e+056 
2.354069e+062 -6.786208e+059 1.006082e+059 1.204693e+060 2.273078e+058 -2.986822e+060 -5.877895e+060 -6.180915e+060 -3.889308e+060 -1.657868e+060 -8.285385e+059 3.389452e+057 
2.299536e+062 -2.239256e+060 8.767007e+060 2.259018e+061 2.122707e+061 6.215723e+060 -1.178932e+061 -1.696403e+061 -6.536602e+060 5.377720e+060 7.225785e+060 -1.838463e+059 
2.210539e+062 -7.212126e+060 2.010327e+061 5.703327e+061 5.669983e+061 1.716475e+061 -2.659826e+061 -3.539227e+061 -9.638934e+060 1.618818e+061 1.698663e+061 -1.048158e+060 
2.211784e+062 -7.187953e+060 1.762415e+061 5.136220e+061 4.913673e+061 1.300008e+061 -2.939999e+061 -3.994968e+061 -1.691316e+061 8.704038e+060 1.276987e+061 -1.186010e+060 
2.249517e+062 -5.250035e+060 1.120756e+061 3.470255e+061 3.073500e+061 5.577533e+060 -2.632355e+061 -3.527502e+061 -1.800368e+061 1.265416e+060 6.730263e+060 -6.900012e+059 
2.266827e+062 -5.586955e+060 6.909703e+060 2.536102e+061 2.334218e+061 1.188256e+060 -2.684611e+061 -3.795142e+061 -2.442516e+061 -5.081573e+060 2.997642e+060 -5.881723e+059 
2.262767e+062 -6.211011e+060 7.938568e+060 2.890775e+061 2.775132e+061 1.384671e+060 -3.055393e+061 -3.981410e+061 -2.268175e+061 -1.151702e+060 4.979216e+060 -6.857863e+059 
2.252746e+062 -6.996524e+060 8.929272e+060 3.356967e+061 3.453006e+061 6.041021e+060 -2.918195e+061 -4.015941e+061 -2.193107e+061 8.965090e+059 6.879372e+060 -8.724006e+059 
2.236742e+062 -8.792420e+060 8.902473e+060 3.873594e+061 4.493679e+061 1.684650e+061 -2.441426e+061 -4.410835e+061 -2.881329e+061 -1.832063e+060 8.809249e+060 -1.377415e+060 
2.200725e+062 -1.192164e+061 1.189258e+061 5.318042e+061 6.389613e+061 2.758567e+061 -2.557397e+061 -4.895676e+061 -2.884772e+061 3.963660e+060 1.454427e+061 -2.238672e+060 
2.239742e+062 -9.492728e+060 8.927053e+060 4.277361e+061 5.437487e+061 2.785280e+061 -1.390022e+061 -3.522081e+061 -2.392333e+061 2.708509e+059 1.112177e+061 -1.374121e+060 
2.357538e+062 -7.558603e+059 -7.963168e+059 -4.530644e+059 -9.655211e+059 -2.683387e+060 -4.538035e+060 -5.096336e+060 -4.096277e+060 -2.505412e+060 -1.280282e+060 8.258874e+057 
2.362201e+062 -1.689463e+059 -1.995759e+059 -1.190209e+059 -1.440981e+059 -3.994413e+059 -7.728218e+059 -1.000676e+060 -9.260259e+059 -6.283654e+059 -3.197023e+059 3.433768e+056 
2.362785e+062 -1.431828e+059 -2.964701e+059 -4.516155e+059 -6.527106e+059 -9.052644e+059 -1.133445e+060 -1.226669e+060 -1.131602e+060 -8.862423e+059 -5.729665e+059 1.004180e+057 
2.362900e+062 -1.678730e+059 -4.254590e+059 -7.358805e+059 -1.059964e+060 -1.348088e+060 -1.547870e+060 -1.611959e+060 -1.513092e+060 -1.252262e+060 -8.526143e+059 2.049178e+057 
2.362967e+062 -1.468816e+059 -3.793173e+059 -6.617029e+059 -9.509500e+059 -1.200785e+060 -1.367857e+060 -1.416939e+060 -1.328593e+060 -1.101042e+060 -7.507428e+059 1.608924e+057 
2.363114e+062 -8.791171e+058 -2.273483e+059 -3.972078e+059 -5.721511e+059 -7.262404e+059 -8.328900e+059 -8.691006e+059 -8.208870e+059 -6.854093e+059 -4.711649e+059 5.962975e+056 
2.363164e+062 -3.580693e+058 -1.077323e+059 -2.145064e+059 -3.020052e+059 -3.707028e+059 -4.436852e+059 -4.867085e+059 -4.642528e+059 -3.861853e+059 -2.728926e+059 1.663687e+056 
2.362594e+062 6.749916e+058 2.342417e+058 -1.723819e+059 -1.339607e+059 -8.386078e+058 -2.530049e+059 -3.516542e+059 -3.050684e+059 -2.308214e+059 -1.672876e+059 1.431663e+055 
2.359015e+062 2.573000e+059 9.611963e+059 1.055096e+060 7.533423e+059 4.832228e+059 2.710364e+059 8.261166e+058 1.464505e+059 5.707891e+059 5.455630e+059 7.375412e+056 
2.357017e+062 2.132187e+059 1.572749e+060 2.272078e+060 1.464786e+060 4.935568e+059 -1.532682e+059 -9.511018e+058 7.774619e+059 1.463983e+060 9.971588e+059 2.566844e+057 
2.363025e+062 -3.421604e+058 -3.559767e+058 -6.823561e+058 -1.738837e+059 -3.014277e+059 -3.863095e+059 -4.005610e+059 -3.516247e+059 -2.752516e+059 -1.975284e+059 7.658141e+055 
2.363272e+062 -3.707823e+058 -9.649030e+058 -1.751889e+059 -2.598577e+059 -3.321776e+059 -3.854399e+059 -4.130742e+059 -4.009482e+059 -3.418736e+059 -2.406815e+059 1.275243e+056 
2.363287e+062 -3.847673e+058 -1.008134e+059 -1.787921e+059 -2.614674e+059 -3.364628e+059 -3.918412e+059 -4.168922e+059 -4.030265e+059 -3.455673e+059 -2.446277e+059 1.317746e+056 
2.363289e+062 -3.841997e+058 -1.007094e+059 -1.785829e+059 -2.611551e+059 -3.361616e+059 -3.914116e+059 -4.162564e+059 -4.021553e+059 -3.447490e+059 -2.440411e+059 1.313868e+056 
2.363290e+062 -3.856089e+058 -1.011593e+059 -1.793322e+059 -2.622306e+059 -3.374834e+059 -3.931629e+059 -4.181220e+059 -4.040995e+059 -3.465518e+059 -2.453627e+059 1.325590e+056 
2.363291e+062 -3.843073e+058 -1.007402e+059 -1.786182e+059 -2.611759e+059 -3.362043e+059 -3.915584e+059 -4.163863e+059 -4.024188e+059 -3.451043e+059 -2.443868e+059 1.314992e+056 
2.363291e+062 -3.828902e+058 -1.005253e+059 -1.783504e+059 -2.608651e+059 -3.359753e+059 -3.915330e+059 -4.163785e+059 -4.025175e+059 -3.451762e+059 -2.442899e+059 1.312872e+056 
2.363290e+062 -3.834174e+058 -1.005795e+059 -1.782332e+059 -2.606709e+059 -3.355598e+059 -3.907533e+059 -4.156231e+059 -4.016008e+059 -3.443649e+059 -2.438075e+059 1.309707e+056 
2.363290e+062 -3.828389e+058 -1.003396e+059 -1.778395e+059 -2.600114e+059 -3.348003e+059 -3.899398e+059 -4.147191e+059 -4.008219e+059 -3.437618e+059 -2.434011e+059 1.304217e+056 
