3
2
3
2
1
0
0
0
1
0
-1
-1
-2
-2
0
0
1
0
0
1
-1
-2
-1
0
0
0
0
0
0
-1
-1
0
0
1
0
0
0
-1
-2
-1
-1
1
0
1
1
0
1
0
1
1
1
1
1
2
1
0
1
2
2
2
2
2
2
2
1
1
2
1
1
1
-1
0
0
0
-1
-2
-2
-2
-2
-3
-3
-5
-3
-3
-5
-5
-5
-5
-5
-5
-4
-4
-3
-3
-3
-3
-3
-2
-2
-1
-2
0
-1
-2
-1
-1
-1
-2
-2
-1
-2
0
0
0
0
0
0
0
1
0
2
1
1
2
2
2
2
0
1
1
2
1
0
-1
0
1
0
-1
2
1
0
1
0
0
-1
-1
-2
-2
-3
-3
-4
-2
-2
-3
-3
-4
-4
-4
-3
-2
-1
0
-1
-1
-2
-2
0
-1
-1
2
2
2
2
2
2
3
3
2
2
2
3
0
1
0
-1
0
0
0
-2
-3
-2
-1
-1
-1
0
1
1
0
0
-1
-1
0
0
0
1
1
-1
-1
0
-1
-2
-1
-2
-3
-4
-4
-3
-3
-1
-2
-2
-3
-4
-2
-2
-2
0
1
1
2
0
1
3
4
4
6
6
7
6
7
6
7
6
6
5
5
4
4
4
5
5
3
4
3
4
2
2
2
1
1
1
2
1
2
-1
-1
-2
-2
-1
0
1
-1
-2
-2
-2
-2
-2
0
-2
0
-1
-1
-1
-2
0
-1
-1
-1
0
-1
-1
1
1
2
3
3
3
4
4
2
5
4
5
3
3
2
2
3
3
3
3
4
4
3
3
3
2
3
3
2
1
1
2
2
3
2
0
2
0
0
1
0
1
0
0
1
1
1
0
1
2
1
2
-1
-1
0
-1
0
-1
-3
-2
-2
-2
-2
-2
-2
-2
-3
-2
-3
-2
-2
-2
-2
-1
-1
-1
-3
-3
-3
-3
-4
-5
-5
-4
-6
-7
-6
-7
-7
-6
-6
-7
-6
-6
-6
-6
-5
-5
-5
-6
-7
-6
-5
-3
-4
-3
-4
-3
-3
-3
-3
-2
-2
-2
-1
-2
-1
-1
-2
-2
-2
-1
0
1
2
2
0
0
1
1
0
-1
-1
0
1
0
0
2
2
1
-1
-1
-1
-1
-2
-1
-1
-1
-1
0
-1
1
1
2
1
2
2
1
2
1
2
3
3
4
4
3
2
4
3
3
2
3
4
4
5
6
6
6
6
6
5
4
3
2
2
3
5
4
5
4
3
2
2
3
4
5
5
5
4
4
4
4
2
1
1
1
0
0
0
1
2
1
3
1
1
0
0
-1
-1
-2
-1
-1
-1
0
1
1
0
0
1
1
1
1
0
2
4
4
5
3
3
2
1
1
0
0
0
0
1
3
1
1
0
0
0
-1
-2
-2
-2
-4
-2
-3
-2
-3
-4
-3
-3
-5
-6
-7
-6
-3
-5
-3
-1
-2
-2
-2
-2
-5
-6
-4
-4
-4
-3
-3
-2
-4
-2
-2
-2
-3
-4
-5
-7
-6
-4
-1
-2
-3
0
-2
-3
-4
-2
-3
-4
-3
-3
-2
-1
0
1
2
1
0
1
0
-2
-1
-2
-2
-1
0
2
2
-1
1
3
-1
-2
-1
-1
-2
-4
-3
-3
-1
0
1
0
-3
-4
-2
0
0
-3
-1
1
-1
-1
-1
2
1
1
2
0
0
1
0
0
-1
0
2
2
2
3
3
1
-2
-2
-1
-1
-1
1
3
5
3
3
3
2
4
4
1
0
-2
0
0
1
4
5
4
3
2
3
-1
-2
0
0
-1
-2
3
4
2
4
5
0
-5
-9
-9
-8
-8
-5
-2
-3
-1
-3
1
-1
-4
-6
-6
-5
-8
-7
-7
-5
-3
2
3
-2
-5
-3
-2
-5
-6
-5
-5
-6
-4
2
5
3
-1
-1
1
4
2
4
2
1
3
9
13
5
3
1
2
4
5
5
4
1
0
4
2
-2
-3
-1
0
2
5
1
-2
-3
-1
-1
0
3
3
3
3
7
9
2
-5
-3
1
-1
-1
6
5
-2
-3
5
9
0
-4
-1
1
-1
-4
5
5
-2
1
9
12
-1
-6
4
4
2
7
12
7
-4
5
14
13
3
-2
3
0
-4
4
10
5
-6
0
15
13
4
-3
-1
-2
-3
3
6
-1
-7
0
7
4
0
-3
-4
-5
0
9
9
-3
-6
0
5
4
1
1
-6
-5
4
8
5
2
1
3
6
3
5
-3
-11
-5
6
10
-9
-8
-3
-1
0
-2
3
-8
-16
-4
9
6
-8
-11
0
2
-3
10
8
-9
-16
4
19
7
-1
3
9
3
-5
6
6
-13
-16
3
15
-6
-22
-9
-2
-10
-17
-3
2
-14
-11
4
12
0
-15
-2
-1
-2
2
5
0
-9
3
14
12
-2
-5
1
3
2
8
6
-2
-13
-6
6
-2
-6
-3
3
-3
-3
7
3
-8
-6
9
11
3
7
12
12
2
2
14
7
-4
-1
11
12
2
6
6
5
-3
-1
6
-4
-3
-5
0
-7
-11
-1
-7
-13
-8
-2
2
-12
-12
-4
-17
-24
-21
-1
-10
-12
-7
0
-14
-25
-7
-6
-14
-18
-3
11
-7
-16
-5
4
-3
-19
-3
8
-11
-23
3
18
9
1
6
9
8
-7
5
15
12
-5
6
25
17
23
23
18
-3
3
14
15
-2
-3
0
3
16
22
18
14
-3
-5
7
-5
-12
-24
-13
-9
-8
14
18
2
-16
-16
2
-14
-21
-31
-38
-19
-8
0
-6
-2
-13
-21
-6
-13
-13
-24
-33
-17
9
13
-11
3
4
-6
1
-4
5
-5
-29
-2
21
20
9
-9
5
25
22
0
11
13
-4
14
34
29
11
7
-7
23
31
22
21
15
8
8
25
11
-2
-15
-9
6
5
10
17
-4
0
-1
6
-7
-18
-18
-24
0
-2
-16
3
-13
-9
-18
-9
-11
-35
-25
-24
0
2
-3
-18
-20
-15
-8
0
10
-11
-16
-12
-6
-3
-2
-2
-12
8
12
17
13
-4
-9
-19
-8
12
14
13
0
6
9
17
1
-15
-1
-1
1
19
24
12
23
20
17
15
-1
-15
-3
10
13
27
17
3
6
-4
6
16
-3
-15
1
14
17
32
13
2
17
26
19
27
4
-14
-6
18
27
31
24
2
-6
3
25
21
0
-8
3
26
40
22
18
17
4
4
15
6
1
-3
9
18
30
15
-19
3
-9
-4
39
25
3
-31
-20
-7
3
6
-9
-12
-17
-3
6
8
-9
-19
-32
-31
-12
-13
-27
1
-13
-7
-9
-32
-11
-12
-32
-20
-2
7
5
-3
-13
-10
6
-16
-14
-8
-37
-10
27
16
9
-8
-20
-11
1
-12
-7
-6
-16
-15
4
9
7
-5
-21
-30
-13
-3
-3
1
-16
-28
-18
-8
-2
1
-31
-10
-14
12
7
-4
-12
-40
-30
-39
-39
-18
-9
-28
-29
-22
-10
-19
-17
-7
-28
-34
-39
-31
-25
-30
-24
-4
16
12
-5
-9
-7
-27
-8
-1
-12
1
10
21
38
18
8
-12
-9
8
-5
12
5
10
39
8
17
20
-15
-17
-19
23
29
35
31
-3
0
-11
-13
10
4
11
30
35
24
31
40
-2
-1
-4
-13
-14
6
30
17
41
7
-7
3
-24
-12
-8
0
-17
-4
15
15
9
10
1
-23
-3
11
14
31
17
-1
28
9
22
22
16
19
25
38
15
31
14
2
21
6
6
48
48
45
29
14
-4
-4
-17
4
39
8
6
17
20
15
7
22
20
9
-6
7
38
8
-5
-3
-4
10
15
32
46
43
12
-18
-34
-62
-66
-7
19
7
27
21
53
4
-66
-58
-66
-60
-26
9
40
40
-6
-6
-21
-40
-43
-60
-22
-4
-5
53
25
29
-35
-39
-9
-64
-11
-10
2
24
1
1
-12
-31
-14
-12
17
-14
-6
-7
-27
-21
-17
3
-33
-34
-4
18
-7
-20
-28
-61
-38
-35
-27
2
-17
9
5
31
14
-74
-49
-42
-28
-2
0
5
-46
-1
6
6
-24
-29
-37
-44
4
18
43
-7
-31
-12
-2
7
15
-14
7
24
49
-11
-30
5
-7
4
17
17
3
38
1
4
56
4
-26
1
26
8
3
34
8
13
-6
-11
2
-1
-11
0
45
16
-8
14
-18
-6
1
-4
26
12
13
-1
8
-16
-34
6
-5
18
59
11
17
13
-36
-60
-63
-13
-3
7
32
33
34
26
-9
-1
-6
-24
-14
27
44
25
9
28
13
-11
-19
3
12
-7
29
6
18
-11
-24
29
26
31
-14
-3
35
-6
27
-2
-14
11
0
61
38
15
3
-23
11
50
16
3
16
24
70
47
-27
-44
-44
-51
4
36
56
0
15
19
17
18
-67
-79
-45
4
19
36
44
14
20
17
-19
24
-36
-34
26
8
39
19
50
37
26
61
-20
-4
-16
-34
-15
-30
36
5
5
26
8
-6
-2
-23
-36
-44
-74
-36
22
30
15
18
15
14
15
19
-29
5
15
19
65
14
43
13
-12
5
-30
-23
-50
0
32
-1
-29
-41
-13
-8
-15
-29
-16
-69
-60
5
7
25
6
-68
-4
5
13
67
-8
-44
-54
9
9
27
42
28
11
26
-22
-48
-67
-101
-59
-40
-48
8
45
10
25
-22
-31
-77
-128
-83
-97
14
50
57
128
78
5
-24
-25
-45
-45
-40
-8
19
81
59
52
67
-26
-52
-72
-75
-38
-27
-34
-31
-26
-7
-11
-32
-48
-71
-56
-23
21
-3
-48
-2
6
25
30
16
28
-8
-30
-55
18
44
-8
-15
-11
45
25
7
-53
-90
-83
-60
6
21
16
20
39
31
8
-11
-45
-79
-50
7
23
86
92
89
113
65
37
14
-7
-5
-18
59
78
95
146
59
58
4
-27
-18
6
-23
-26
55
31
31
35
20
7
-26
-24
18
63
18
-44
33
43
41
4
-6
39
9
18
58
74
14
-1
-59
8
10
-41
39
9
-2
17
12
37
-22
-12
-33
-32
2
-33
50
20
-37
4
-21
2
3
-11
14
-4
2
15
2
-27
-6
6
7
-3
43
38
52
54
-6
3
-25
-16
-5
18
20
-3
32
20
0
-8
-29
-39
-2
-44
-47
-20
-26
0
6
-17
-57
8
-5
-9
-19
-59
-39
-50
-40
-3
-9
36
-9
-18
34
17
-4
-49
-2
-49
41
67
59
33
-64
17
-2
30
-19
-108
-32
-40
19
57
-19
1
-102
-17
51
-28
-9
-49
-35
-4
-18
-35
-20
13
6
21
51
57
28
-30
-10
-2
7
4
-47
-25
-4
5
39
-3
-32
-59
-31
-21
-49
-45
-63
-59
-56
-19
-41
-8
-44
1
43
2
38
11
15
0
14
19
-5
43
49
63
92
65
84
40
16
-34
-27
22
-47
-22
5
60
93
37
3
-25
-34
-38
-43
-80
-62
-18
-2
33
67
57
55
35
-32
-23
-33
-44
-4
43
35
25
49
56
3
18
-77
-67
1
-77
-25
-44
5
12
-8
51
-17
-74
-112
-90
9
6
-13
-1
49
75
50
35
24
-14
-47
4
96
49
26
30
72
88
62
-10
-97
-34
-36
-35
6
31
34
28
77
38
12
6
-68
-100
-87
-18
39
27
25
9
54
111
62
-14
-27
-77
-66
-10
5
5
26
74
82
20
13
-72
-45
-48
-128
-87
-99
-13
18
40
116
57
-12
2
0
-37
-93
-90
-81
-58
5
-5
103
79
50
57
4
4
-71
-146
-140
-70
-51
-9
43
47
71
66
20
-3
-40
-89
-90
-60
-26
24
16
22
64
44
35
33
5
-33
-24
-36
-61
-32
-27
-8
39
13
11
58
14
-7
-7
9
-14
-11
-14
-74
-1
1
6
51
24
12
10
11
29
55
29
9
-27
3
-25
-12
18
-2
0
16
-24
-9
-32
-38
-30
-42
6
-24
-27
-31
-43
-9
22
28
-4
-18
42
46
36
-16
25
35
-10
15
-27
24
24
53
101
21
23
4
-26
-12
-59
7
10
-4
5
-6
1
-5
-9
10
-17
-21
-61
10
38
-8
79
82
33
37
25
17
-6
-28
-5
2
28
34
26
107
19
-15
8
-29
-76
-118
-58
-43
-17
43
16
58
20
-20
-22
-27
-25
-70
-48
-32
26
37
44
94
62
38
30
28
2
9
29
-23
1
1
39
25
30
36
-29
-44
-60
-38
48
28
-14
14
-19
-21
-18
20
1
-8
-26
-39
-2
-15
47
86
14
48
-15
-54
-58
0
33
-41
-19
-41
5
19
-5
5
-17
-10
-99
-64
-15
-26
32
26
51
-32
-70
22
-14
4
-57
-74
10
-15
54
75
82
51
-9
-17
-10
28
15
-7
83
51
33
23
54
44
56
25
-59
-27
-94
-15
103
85
88
-51
-62
-45
6
12
-26
-54
-91
-22
5
8
55
40
34
-25
-39
-39
-22
26
-20
-31
-2
9
-38
-19
42
37
-26
-82
-2
-74
-36
7
5
85
-24
-40
-42
16
43
-63
36
-46
-60
51
-26
78
18
35
30
-13
24
-48
13
11
9
58
-9
18
45
46
34
-6
-9
-32
-12
23
14
12
-58
-22
8
58
59
-8
-14
8
-8
34
2
-56
-23
-42
18
-8
64
30
23
-25
23
8
-50
-28
-32
37
20
-18
-77
-19
4
23
27
40
-48
-18
11
-21
72
-42
-62
-85
-98
10
112
145
57
65
82
32
38
-17
-53
1
-29
3
48
77
69
77
106
56
6
-39
-99
-2
46
63
50
11
-4
-5
-10
24
28
11
-1
28
34
-14
33
10
-15
-76
-48
-44
-11
-1
-33
54
6
-45
-6
-22
-19
-103
-99
-8
-2
24
33
2
-27
-15
-2
-45
-24
-43
-74
17
39
20
91
47
26
49
-30
21
-27
9
-14
-34
22
-16
39
45
30
55
-33
-26
-24
44
-17
-21
26
-12
22
-3
44
29
-22
-11
-24
-9
-18
-37
39
-14
-52
6
-5
-10
-13
-13
-18
-34
-35
-46
-50
-36
-88
-33
14
-51
-29
12
19
-32
-1
9
-50
-94
-52
0
40
46
-12
0
-6
-42
-62
41
0
-28
41
-52
37
18
19
13
-9
-51
-29
-12
-46
63
63
-27
-4
-4
0
37
52
-6
-32
21
-41
65
55
29
-65
-6
-10
10
47
-26
-9
-34
29
72
-14
-32
-121
-51
25
-29
128
-84
-69
9
27
35
-23
-76
-119
-22
-18
-8
73
51
15
-18
13
3
-78
-41
9
45
59
-2
93
55
37
-26
-38
59
-121
-41
33
-4
20
46
48
7
-9
-32
-35
-29
-26
-30
43
40
-15
71
38
20
24
-7
56
45
1
-28
85
23
1
46
40
-14
11
30
37
7
34
-54
41
58
-18
-10
-33
-67
-70
42
54
-29
-37
-40
2
96
-9
13
-29
-32
-84
49
102
-46
47
-32
34
93
-8
72
-37
-6
19
0
47
-57
22
-55
-61
-10
-47
54
38
6
-28
-57
-49
-2
-51
-64
-36
42
19
16
59
38
48
-33
-61
8
-23
-48
24
-10
72
-50
79
14
-118
-28
-110
60
24
-3
-15
-72
-27
-4
2
1
-92
-49
-63
32
47
19
39
-90
18
-7
-57
23
6
76
-19
33
9
14
71
-41
61
5
-90
-57
-75
57
7
15
3
-29
77
-32
32
-66
-19
-112
-2
36
-26
13
21
96
64
12
-22
23
11
22
-53
-50
-43
-5
57
114
15
-31
-18
-48
4
-84
8
-98
-57
-9
-11
90
-4
-3
34
38
-4
-75
-6
-16
17
-17
-20
67
48
89
47
80
39
-8
-49
-28
36
-29
-19
3
-4
74
-10
62
29
-28
22
-94
-18
-38
48
36
5
57
9
62
7
31
-5
12
27
4
69
65
24
55
38
-23
-24
18
-41
-13
-1
0
7
-31
-48
21
40
-64
-27
-78
-32
-11
-75
-17
2
-8
10
35
-27
-26
-23
-53
-5
-44
-23
21
-24
19
21
-21
-21
32
-60
-56
-18
-66
10
-4
-13
-17
-32
-19
-59
29
19
-76
-34
-18
22
49
42
21
-12
49
63
65
25
-8
17
11
-6
22
52
0
29
26
57
39
-78
-58
-57
-11
-14
-32
1
25
26
78
26
-11
-2
-74
-18
-54
-17
-9
22
61
12
15
45
6
41
-6
-41
42
22
18
28
2
-37
-28
-51
-4
-8
6
-11
22
23
-44
-17
-14
-5
-13
-30
19
45
74
49
-9
37
33
19
27
20
40
25
29
58
44
9
-38
-34
-38
-23
19
35
1
7
22
-41
-15
-49
-49
-20
-45
10
-6
24
16
5
18
-44
-24
-48
-38
-37
-36
3
-13
21
5
9
24
-46
-29
-39
-34
-16
-50
-39
-25
22
-11
-5
11
-35
-30
-70
-44
3
25
43
6
27
0
15
38
4
28
27
51
51
25
40
10
-3
-2
-10
19
10
21
29
-6
-31
-32
-41
-59
-23
-30
-13
-23
-59
-35
-55
-55
-21
-25
-1
24
-5
7
-23
-32
-21
-27
-29
-25
-13
-20
18
19
17
15
6
-7
-1
-9
-1
3
-8
1
12
41
60
56
36
28
17
34
51
67
82
75
58
62
57
74
72
57
91
77
44
41
47
44
19
5
16
11
27
8
7
-12
-41
-43
-31
-11
-21
-25
-26
-35
-25
-23
-45
-38
-49
-47
-36
-46
-37
-43
-32
-27
-24
-14
-15
-29
-36
-37
-38
-17
-27
-24
5
-1
-4
-6
-12
10
-7
-13
-6
5
16
26
49
68
81
76
73
51
47
68
68
66
72
71
76
73
54
45
40
15
3
4
5
2
1
7
16
13
-13
-48
-68
-87
-94
-86
-85
-63
-44
-16
-10
-16
-30
-51
-75
-101
-98
-96
-91
-100
-83
-52
-52
-38
-41
-34
-29
-48
-45
-40
-41
-45
-36
-11
-2
1
-7
14
38
45
62
38
63
63
68
81
65
85
93
99
98
67
61
61
65
82
71
56
54
39
37
50
29
2
-11
-22
-23
-23
-15
-14
-11
-15
-15
-7
-20
-12
-4
-3
9
22
33
17
1
6
7
10
1
5
6
14
-3
-11
4
-12
-1
9
4
8
16
7
10
7
21
38
33
34
25
-2
-28
-29
-19
13
31
46
51
40
20
-8
-15
-31
-57
-91
-122
-140
-163
-186
-194
-192
-177
-183
-173
-154
-133
-111
-102
-106
-128
-162
-202
-228
-260
-269
-258
-250
-227
-188
-163
-136
-126
-124
-96
-90
-82
-73
-64
-62
-66
-47
-21
5
19
36
54
65
94
119
145
175
188
191
186
186
210
253
280
291
303
351
418
467
511
549
577
609
630
619
615
615
591
547
480
414
357
312
271
219
182
137
107
109
122
140
157
150
135
126
106
78
59
33
-8
-55
-121
-179
-237
-319
-395
-463
-528
-576
-620
-623
-591
-566
-551
-557
-564
-578
-620
-659
-719
-779
-830
-875
-886
-882
-859
-821
-816
-810
-796
-811
-831
-864
-912
-964
-1023
-1085
-1119
-1106
-978
-595
80
950
1742
2251
2548
2697
2734
2538
2062
1457
828
282
-192
-522
-566
-365
-83
99
116
113
146
172
134
16
-74
-178
-328
-444
-421
-131
333
751
1075
1325
1534
1699
1731
1649
1465
1166
772
293
-160
-463
-618
-698
-762
-804
-816
-792
-695
-493
-258
-91
-39
-14
64
156
245
325
405
477
486
485
522
527
500
406
242
50
-126
-207
-249
-281
-280
-290
-348
-540
-766
-911
-1021
-1122
-1218
-1253
-1211
-1136
-1017
-837
-615
-400
-249
-211
-281
-424
-642
-928
-1275
-1641
-1967
-2232
-2479
-2591
-2427
-1769
-490
1079
2457
3239
3493
3627
3621
3215
2330
1216
311
-380
-942
-1207
-1012
-351
348
657
620
436
295
113
-217
-532
-720
-784
-854
-932
-684
1
912
1692
2139
2392
2511
2424
2137
1684
1216
767
225
-315
-739
-896
-809
-699
-644
-661
-724
-840
-1045
-1265
-1361
-1312
-1152
-902
-500
56
687
1295
1765
2023
1965
1552
934
289
-306
-800
-1113
-1178
-1000
-668
-270
126
425
536
389
8
-505
-1013
-1382
-1599
-1671
-1548
-1230
-782
-293
143
505
717
680
427
39
-368
-727
-1030
-1265
-1436
-1535
-1583
-1596
-1613
-1674
-1751
-1841
-1961
-2109
-2189
-2028
-1378
-23
1748
3301
4196
4432
4480
4390
3845
2819
1549
499
-290
-994
-1393
-1270
-599
174
497
420
177
-33
-243
-574
-792
-777
-656
-578
-563
-242
553
1521
2312
2684
2752
2626
2238
1699
1129
676
332
-67
-452
-699
-749
-652
-621
-704
-879
-1181
-1541
-1893
-2097
-2042
-1778
-1360
-805
-128
587
1156
1504
1663
1639
1374
848
257
-187
-442
-540
-490
-273
81
396
563
573
421
145
-265
-770
-1222
-1495
-1544
-1437
-1264
-989
-600
-189
151
389
555
627
536
309
79
-80
-166
-226
-329
-489
-722
-1017
-1303
-1613
-1903
-2133
-2323
-2370
-2313
-2200
-1923
-1382
-211
1560
3303
4435
4647
4389
4036
3345
2263
916
-195
-763
-1159
-1365
-1193
-557
320
730
520
-34
-687
-1202
-1700
-2000
-1794
-1252
-564
-14
491
1283
2169
2882
3133
2869
2377
1669
872
233
-159
-212
-152
-146
-111
-69
-27
-142
-479
-896
-1397
-1900
-2298
-2446
-2162
-1536
-727
158
983
1635
1942
1890
1664
1347
952
422
-129
-414
-398
-183
121
423
703
799
615
226
-228
-595
-885
-1133
-1296
-1312
-1144
-866
-615
-403
-229
-108
-48
-22
50
212
368
424
384
291
172
-23
-338
-752
-1224
-1706
-2133
-2444
-2611
-2566
-2379
-2106
-1738
-1385
-1074
-791
-273
881
2533
4038
4728
4523
4008
3457
2660
1520
294
-488
-791
-995
-1114
-941
-336
308
378
-123
-844
-1422
-1789
-2056
-1904
-1193
-186
719
1207
1583
2115
2614
2851
2632
2130
1562
877
274
-70
-72
173
289
202
6
-282
-650
-1142
-1627
-1931
-2107
-2179
-2122
-1820
-1204
-466
218
745
1095
1288
1254
1033
773
566
410
232
93
134
339
551
654
655
629
507
207
-192
-538
-734
-835
-905
-877
-722
-517
-368
-330
-327
-327
-369
-385
-280
5
380
626
684
577
340
37
-342
-747
-1141
-1526
-1877
-2194
-2398
-2431
-2322
-2121
-1934
-1734
-1487
-1255
-1075
-876
-288
1011
2720
4090
4556
4215
3623
2954
2014
824
-245
-775
-896
-954
-882
-486
208
676
445
-329
-1233
-1936
-2332
-2335
-1694
-475
834
1768
2194
2446
2692
2756
2516
1979
1354
801
302
26
105
443
819
909
668
180
-528
-1296
-1976
-2381
-2455
-2360
-2131
-1739
-1172
-469
153
609
934
1047
976
728
481
453
565
722
799
836
921
920
789
579
398
299
117
-181
-475
-657
-675
-690
-770
-821
-847
-820
-804
-811
-699
-484
-201
111
412
722
920
918
740
425
97
-293
-725
-1132
-1506
-1793
-2074
-2268
-2314
-2309
-2213
-2074
-1835
-1469
-1199
-1000
-782
-277
864
2350
3638
4193
3883
3231
2432
1469
501
-305
-590
-469
-309
-97
118
332
306
-275
-1125
-1984
-2587
-2693
-2316
-1274
249
1698
2678
2954
2771
2446
1988
1553
1168
884
789
762
856
1036
1156
1136
815
245
-453
-1214
-1818
-2120
-2011
-1546
-1040
-655
-444
-377
-389
-497
-533
-373
-74
272
573
929
1361
1687
1755
1500
1073
615
156
-202
-374
-280
-10
189
213
58
-203
-495
-845
-1123
-1216
-1150
-956
-728
-475
-211
-37
22
5
15
95
133
111
58
-21
-129
-328
-586
-890
-1234
-1597
-1924
-2102
-2088
-1983
-1851
-1694
-1496
-1260
-1056
-947
-907
-796
-361
636
2066
3384
4025
3850
3241
2496
1601
632
-163
-536
-514
-366
-143
155
390
329
-174
-853
-1399
-1688
-1639
-1212
-313
856
1826
2304
2255
1904
1461
998
708
704
919
1218
1392
1440
1358
1053
556
-33
-563
-972
-1284
-1431
-1298
-943
-590
-444
-547
-795
-1135
-1532
-1762
-1623
-1066
-272
456
1089
1580
1851
1804
1396
845
332
-49
-269
-301
-53
373
741
869
677
276
-255
-816
-1248
-1442
-1327
-1006
-655
-333
-106
-28
-130
-377
-542
-516
-350
-131
61
250
354
265
9
-376
-786
-1175
-1505
-1670
-1643
-1471
-1304
-1267
-1295
-1311
-1324
-1354
-1401
-1378
-1137
-575
494
1960
3234
3740
3368
2589
1836
1064
317
-154
-105
318
653
818
917
910
586
-198
-1093
-1669
-1803
-1532
-921
36
1066
1676
1642
1163
626
252
37
75
466
1066
1591
1806
1719
1402
878
242
-328
-646
-692
-599
-425
-210
-113
-317
-803
-1352
-1819
-2148
-2305
-2100
-1396
-472
314
765
910
894
658
296
72
87
394
808
1164
1441
1523
1398
1035
477
-75
-526
-754
-731
-539
-254
-53
-27
-178
-472
-773
-989
-1026
-869
-565
-166
193
416
421
213
-58
-321
-480
-498
-446
-344
-280
-334
-496
-796
-1164
-1499
-1740
-1721
-1517
-1262
-1009
-869
-705
-410
123
1023
1852
2214
2003
1546
1427
1471
1387
1124
811
748
776
794
862
766
394
-307
-998
-1228
-1103
-842
-562
-191
275
535
461
206
-4
-92
-127
2
396
941
1318
1319
1087
810
578
380
241
277
410
467
376
129
-165
-530
-986
-1390
-1653
-1696
-1543
-1258
-849
-437
-144
-10
-15
-3
69
197
408
686
1005
1270
1383
1344
1211
1031
836
627
414
224
99
30
-33
-121
-234
-350
-482
-632
-743
-796
-799
-798
-765
-646
-515
-446
-483
-572
-603
-542
-409
-237
-128
-93
-151
-333
-577
-829
-1027
-1142
-1214
-1170
-1071
-1057
-1116
-1212
-1165
-926
-423
398
1191
1527
1282
889
899
1178
1336
1171
878
739
692
767
942
1024
779
132
-488
-716
-588
-291
-60
121
208
73
-147
-293
-285
-211
-161
7
357
753
1016
1039
940
784
599
472
498
691
874
880
693
403
91
-254
-633
-949
-1153
-1270
-1292
-1172
-885
-550
-360
-328
-375
-343
-185
82
481
856
1120
1217
1170
1133
1067
939
751
500
286
133
70
92
93
45
-87
-264
-449
-626
-752
-840
-873
-872
-813
-661
-554
-541
-641
-766
-783
-723
-559
-371
-266
-286
-452
-652
-786
-878
-922
-976
-1002
-982
-961
-953
-1034
-1145
-1188
-1090
-654
123
950
1384
1219
921
952
1333
1664
1599
1299
941
676
674
934
1257
1192
616
-63
-411
-369
-153
39
166
224
110
-30
-41
80
197
172
131
227
406
561
616
614
602
576
589
697
845
906
804
541
289
59
-129
-299
-497
-681
-883
-1014
-1026
-906
-662
-453
-274
-204
-181
-76
80
354
593
735
765
665
557
493
507
542
493
345
171
52
-6
0
17
22
-5
-131
-283
-455
-594
-696
-766
-740
-718
-741
-839
-1013
-1139
-1191
-1116
-953
-771
-631
-628
-700
-809
-895
-884
-888
-872
-909
-965
-942
-969
-960
-979
-916
-590
14
852
1427
1440
1044
705
907
1358
1689
1610
1176
692
352
464
879
1168
989
421
-26
-129
62
298
437
464
337
187
104
189
279
250
178
122
194
294
358
398
372
397
448
565
712
743
674
429
141
-69
-158
-119
-144
-264
-458
-660
-741
-719
-554
-341
-191
-107
-87
-40
67
220
382
493
510
449
311
153
84
123
269
376
366
313
248
216
211
234
289
282
179
-9
-197
-351
-487
-597
-671
-706
-770
-897
-1052
-1164
-1170
-1078
-928
-796
-718
-739
-847
-1007
-1094
-1079
-1023
-955
-966
-933
-905
-892
-869
-845
-649
-272
307
1007
1342
1197
713
425
709
1198
1523
1400
941
473
229
435
898
1172
986
499
134
116
318
491
571
489
314
155
84
177
237
151
65
36
120
191
154
108
108
142
275
425
547
595
382
198
39
-57
-13
-86
-67
-124
-282
-400
-590
-578
-475
-306
-80
-40
-75
-212
-267
-159
-27
96
85
-14
-160
-272
-253
-37
266
450
479
352
256
235
229
308
367
390
338
184
40
-100
-273
-401
-471
-515
-565
-749
-949
-1083
-1135
-997
-822
-661
-649
-796
-955
-1080
-1069
-1031
-953
-896
-895
-843
-800
-680
-597
-524
-341
-78
420
924
1207
1066
565
283
496
1103
1555
1470
1049
529
319
494
922
1276
1162
705
273
193
420
632
676
516
237
-30
-147
-75
52
92
42
36
55
41
-48
-194
-244
-214
-88
154
349
424
294
64
38
68
107
105
-11
11
-113
-240
-264
-273
-83
-14
91
163
13
-135
-338
-243
-34
100
204
110
26
-137
-181
24
270
490
429
311
246
253
399
477
603
606
478
322
85
-45
-171
-288
-323
-378
-447
-607
-843
-1012
-1087
-1043
-934
-849
-868
-982
-1155
-1304
-1305
-1208
-1039
-931
-919
-877
-815
-701
-583
-541
-407
-208
131
637
925
851
441
151
459
1051
1500
1457
991
530
284
478
980
1374
1331
849
398
315
529
762
805
654
350
58
-67
-11
114
128
58
27
-2
-62
-178
-304
-328
-322
-244
-54
102
177
47
-97
-92
-84
14
68
149
172
-7
-132
-202
-96
52
130
229
126
-67
-299
-362
-199
-44
74
70
-4
-119
-231
-196
-27
176
262
242
196
186
270
390
548
668
667
524
278
77
-59
-131
-152
-137
-131
-250
-496
-742
-908
-948
-907
-860
-824
-937
-1111
-1255
-1311
-1199
-1070
-924
-869
-931
-969
-982
-870
-748
-648
-531
-397
-85
314
619
582
236
46
298
889
1326
1324
1005
625
467
641
1114
1514
1479
1023
541
421
603
817
865
726
430
66
-169
-173
0
130
117
47
-56
-171
-291
-371
-324
-221
-107
25
126
208
208
100
58
54
242
455
385
193
-155
-270
-122
45
275
261
97
-128
-313
-158
-19
62
21
-72
-16
-19
4
7
-26
-8
-1
101
182
182
118
81
178
338
461
432
256
26
-136
-151
-101
-45
-77
-176
-362
-584
-741
-839
-780
-703
-682
-698
-853
-957
-1061
-1090
-969
-890
-800
-883
-1024
-1031
-995
-857
-745
-657
-525
-404
-101
297
615
604
325
184
446
983
1342
1352
1093
788
687
863
1293
1620
1530
1079
579
417
565
760
814
667
390
54
-177
-182
16
179
174
21
-175
-310
-394
-406
-305
-185
-105
-56
-37
33
81
11
-20
-91
8
199
132
49
-217
-313
-185
-108
202
270
180
-24
-343
-209
-78
103
182
51
22
-176
-215
-122
-54
48
-12
-13
-27
-66
-21
41
199
283
289
229
85
-53
-174
-183
-138
-93
-81
-145
-276
-480
-640
-743
-720
-640
-589
-569
-716
-868
-983
-1011
-834
-713
-653
-725
-926
-959
-935
-783
-578
-499
-358
-285
-102
234
432
489
318
264
556
961
1298
1312
1120
900
766
912
1218
1492
1429
1018
613
408
530
713
810
753
473
152
-122
-176
-11
135
142
-37
-268
-442
-516
-455
-322
-151
-104
-125
-149
-176
-99
-130
-64
33
-6
-13
-164
-114
-41
-98
-60
-101
35
82
-1
35
-66
-56
-102
-42
196
213
204
48
-42
-21
-49
89
179
241
178
42
64
132
261
308
311
263
121
-23
-156
-149
-79
-21
-14
-108
-235
-432
-593
-639
-560
-409
-388
-455
-594
-711
-774
-788
-687
-600
-594
-713
-849
-887
-848
-755
-683
-543
-441
-310
-80
114
274
184
72
213
533
995
1183
1139
987
741
732
888
1198
1385
1204
855
507
404
519
687
791
685
407
40
-184
-198
-67
69
46
-80
-324
-505
-566
-489
-297
-185
-139
-192
-216
-185
-173
-118
-109
28
100
43
-45
-219
-179
-196
-174
-50
28
186
37
-91
-118
-138
47
77
220
278
143
78
-54
76
203
239
311
225
183
84
84
245
325
373
274
161
62
-66
-117
-137
-71
-36
-65
-152
-306
-447
-579
-578
-500
-399
-338
-449
-564
-707
-783
-731
-702
-609
-666
-838
-942
-1032
-955
-849
-767
-618
-515
-382
-192
-22
126
123
70
187
484
825
1043
1024
896
748
668
788
996
1166
1125
838
587
460
514
656
713
663
425
82
-175
-243
-99
65
111
20
-193
-376
-457
-361
-139
20
73
-22
-118
-110
-47
81
127
77
-8
-121
-133
-120
-138
-186
-266
-260
-163
-32
68
43
-57
-145
-133
-1
162
262
257
171
60
35
116
259
371
361
274
166
118
152
228
312
328
252
110
-44
-132
-149
-107
-53
-59
-137
-279
-414
-508
-532
-480
-417
-370
-421
-531
-636
-719
-727
-714
-669
-654
-718
-788
-850
-837
-786
-728
-610
-505
-367
-195
-30
133
158
135
185
352
611
778
820
782
670
615
658
806
989
1001
872
693
563
558
589
650
660
547
342
111
-4
26
123
193
167
36
-136
-247
-249
-128
10
88
75
-15
-25
20
95
132
72
40
-19
-25
2
2
12
-72
-99
-45
57
176
149
99
33
-6
55
124
233
252
169
88
31
59
101
143
167
134
74
21
34
74
105
81
6
-84
-205
-258
-252
-210
-190
-282
-381
-485
-555
-566
-584
-539
-535
-585
-628
-704
-718
-745
-773
-744
-765
-767
-816
-860
-832
-830
-768
-709
-648
-527
-417
-218
-21
87
141
128
216
391
579
757
822
809
737
685
751
869
964
972
886
783
698
643
625
614
541
391
207
65
9
0
27
42
-4
-104
-223
-261
-193
-91
8
62
51
16
-19
70
224
240
149
-24
-96
-70
-65
23
66
50
-36
-147
-56
27
43
0
-69
-28
-30
7
112
167
161
46
-11
34
89
147
183
219
216
171
161
194
225
190
85
-49
-145
-178
-147
-109
-127
-212
-375
-509
-565
-539
-457
-436
-459
-522
-597
-632
-659
-636
-625
-659
-692
-724
-703
-681
-660
-614
-568
-516
-470
-342
-144
68
229
274
293
316
384
546
719
876
900
821
760
742
817
889
913
893
793
694
628
613
621
567
454
305
170
91
63
69
91
81
7
-92
-178
-185
-119
-44
32
42
1
-64
-130
-55
9
0
-93
-232
-244
-260
-240
-180
-151
-136
-232
-266
-206
-170
-149
-198
-190
-143
-136
-92
-55
-25
-54
-123
-129
-91
-44
3
52
68
58
10
-11
9
12
14
-41
-121
-173
-201
-153
-131
-160
-232
-348
-404
-416
-379
-325
-336
-384
-473
-536
-564
-596
-612
-642
-655
-668
-681
-667
-660
-613
-559
-485
-380
-300
-174
-47
128
292
372
429
440
501
603
696
806
827
821
797
785
838
844
856
822
758
714
638
623
601
537
451
318
223
132
69
78
106
138
103
26
-32
-69
-59
3
77
128
109
88
130
138
107
32
-34
-50
-94
-84
-16
33
8
-120
-171
-158
-141
-118
-95
-30
-44
-116
-126
-101
-60
-81
-96
-61
-45
-31
6
75
126
94
57
57
77
83
79
62
8
-69
-122
-110
-79
-81
-131
-212
-292
-365
-395
-378
-368
-379
-429
-484
-529
-585
-608
-631
-661
-679
-703
-689
-665
-616
-526
-460
-396
-355
-301
-187
-78
56
207
330
412
420
430
479
522
556
579
614
663
665
642
617
577
530
467
428
444
446
421
370
295
233
146
71
37
30
68
103
120
104
38
-14
-50
-25
50
132
204
192
138
78
44
39
22
16
20
17
6
-42
-71
-109
-161
-201
-220
-184
-153
-136
-115
-118
-125
-149
-159
-126
-71
-21
23
51
57
43
16
24
48
70
94
84
79
53
-2
-51
-97
-102
-93
-105
-119
-176
-233
-295
-362
-389
-419
-436
-454
-493
-529
-576
-614
-632
-650
-652
-637
-604
-552
-498
-434
-348
-278
-216
-158
-68
69
196
311
395
441
483
506
546
591
608
618
599
597
607
609
603
555
483
406
359
345
352
354
336
284
192
102
39
28
74
121
152
146
92
33
-21
-16
42
120
186
179
134
88
59
50
33
19
-3
-36
-51
-62
-44
-47
-87
-134
-186
-193
-181
-155
-98
-81
-80
-109
-143
-133
-114
-67
-17
13
38
26
11
3
-7
6
8
12
23
24
19
-5
-60
-110
-142
-154
-160
-183
-218
-282
-371
-452
-487
-468
-451
-471
-515
-567
-613
-651
-659
-629
-577
-544
-515
-477
-420
-352
-281
-188
-90
-11
79
177
275
360
417
477
539
583
612
634
639
636
594
569
572
576
580
535
487
442
385
348
324
327
330
288
242
202
162
131
102
125
166
149
111
69
40
26
-8
49
148
172
130
22
0
5
-45
-44
-41
-19
-66
-178
-151
-122
-105
-141
-203
-187
-235
-262
-213
-135
-41
-67
-108
-114
-137
-129
-112
-51
11
-1
-26
-45
-55
-55
-73
-76
-47
-30
-26
-44
-95
-140
-206
-251
-259
-276
-281
-339
-411
-462
-527
-536
-536
-538
-531
-586
-623
-635
-625
-567
-533
-479
-435
-423
-371
-325
-237
-140
-74
18
84
153
233
279
352
407
464
541
574
605
592
559
538
501
517
540
548
550
496
449
408
367
363
348
338
323
290
281
264
247
240
217
201
186
173
194
191
160
141
109
104
79
51
57
29
-4
-48
-81
-72
-116
-158
-190
-224
-234
-267
-258
-227
-226
-227
-249
-236
-209
-201
-164
-136
-116
-107
-119
-99
-72
-46
-15
-5
14
15
-12
-18
-29
-20
-4
-9
-10
-43
-98
-144
-183
-191
-219
-263
-293
-344
-380
-416
-434
-413
-426
-449
-474
-489
-467
-471
-445
-394
-357
-307
-284
-234
-171
-138
-83
-26
57
132
178
240
273
309
352
400
466
502
512
504
481
462
451
455
474
473
460
444
423
399
379
363
357
334
315
312
305
298
277
261
258
246
240
222
198
170
126
108
98
96
89
51
16
-33
-87
-112
-137
-148
-174
-208
-227
-256
-265
-272
-271
-264
-269
-266
-253
-232
-214
-198
-177
-159
-145
-130
-120
-113
-108
-109
-105
-90
-79
-64
-50
-50
-60
-78
-90
-103
-119
-133
-161
-189
-216
-232
-237
-240
-254
-276
-306
-332
-346
-345
-333
-328
-324
-317
-301
-284
-263
-246
-222
-195
-166
-121
-72
-24
24
65
106
148
181
219
255
304
339
370
402
407
437
451
447
459
472
470
455
461
462
461
462
438
427
413
384
354
341
341
321
305
275
247
231
203
189
178
152
114
80
62
42
34
16
-14
-36
-80
-114
-133
-152
-164
-185
-204
-224
-245
-261
-268
-263
-265
-273
-273
-274
-272
-263
-253
-238
-231
-221
-210
-210
-189
-178
-174
-156
-136
-119
-103
-85
-90
-100
-101
-114
-118
-119
-134
-151
-156
-171
-190
-186
-197
-216
-234
-257
-273
-280
-280
-274
-261
-246
-241
-230
-217
-210
-192
-172
-139
-101
-72
-28
8
35
67
92
127
159
179
201
218
240
254
261
285
296
302
307
306
309
309
305
308
312
313
306
292
286
272
255
246
238
232
223
207
196
189
188
177
157
143
117
93
81
68
65
56
39
20
-12
-37
-63
-80
-89
-94
-100
-117
-136
-151
-158
-156
-150
-149
-153
-149
-148
-145
-133
-123
-113
-105
-99
-91
-80
-73
-73
-71
-63
-51
-43
-40
-32
-34
-44
-61
-79
-82
-90
-99
-112
-119
-125
-139
-145
-147
-154
-160
-173
-183
-180
-172
-166
-163
-147
-138
-133
-130
-127
-113
-97
-77
-58
-36
-13
-1
15
35
56
76
86
100
115
124
132
139
152
162
169
167
168
166
170
177
185
196
199
200
202
213
223
226
223
219
217
214
207
213
212
209
198
191
185
172
163
150
140
137
121
112
103
92
75
49
33
17
12
7
-3
-7
-20
-28
-39
-40
-34
-39
-42
-43
-42
-41
-45
-43
-39
-37
-37
-42
-43
-48
-49
-55
-61
-65
-70
-70
-75
-81
-89
-103
-115
-129
-139
-145
-162
-173
-183
-197
-202
-211
-213
-218
-225
-225
-229
-217
-213
-205
-188
-181
-172
-163
-153
-137
-125
-105
-89
-74
-52
-41
-23
-7
3
20
23
35
42
49
61
67
73
77
80
77
76
78
76
81
85
83
85
81
86
87
88
91
87
87
90
90
94
94
90
83
76
74
73
71
69
66
58
52
44
41
39
31
23
12
8
4
1
2
0
-2
-5
-9
-6
-4
3
8
16
24
28
32
34
40
47
46
48
48
47
45
39
36
30
23
15
4
-4
-16
-27
-38
-44
-50
-59
-72
-90
-104
-118
-132
-139
-146
-154
-165
-172
-174
-171
-163
-157
-150
-147
-141
-138
-129
-112
-95
-81
-70
-59
-48
-38
-27
-12
3
14
22
34
44
50
56
60
66
69
70
71
76
80
78
80
83
81
83
81
83
86
84
85
85
84
85
81
85
83
77
70
63
66
64
61
57
52
48
41
36
35
32
30
23
18
16
11
8
6
6
4
3
0
1
4
2
5
10
12
15
18
22
28
31
37
41
45
47
45
47
45
45
42
40
37
31
24
16
10
3
-4
-12
-24
-35
-48
-63
-70
-78
-83
-93
-102
-108
-118
-123
-129
-129
-130
-131
-133
-136
-131
-126
-121
-113
-106
-99
-95
-85
-75
-64
-54
-46
-38
-31
-26
-21
-17
-12
-2
5
13
18
22
24
23
28
33
38
40
40
42
43
43
45
44
47
49
51
53
55
57
56
55
57
56
57
58
57
60
59
61
63
62
62
60
59
56
52
50
47
44
44
43
38
34
29
27
24
23
24
22
18
16
14
12
13
13
13
11
8
6
5
6
5
3
2
-3
-5
-9
-11
-13
-14
-16
-20
-24
-29
-33
-38
-41
-45
-46
-47
-47
-51
-55
-56
-55
-53
-50
-48
-47
-47
-48
-44
-40
-36
-31
-29
-26
-21
-20
-18
-13
-9
-5
-2
1
3
5
7
8
11
14
15
15
16
17
16
18
18
18
15
13
14
12
11
7
7
7
7
9
8
6
5
2
3
5
8
8
8
8
7
8
7
9
9
10
10
8
9
10
10
12
11
10
8
5
5
5
6
7
5
5
3
-1
-3
-2
-1
1
0
-3
-5
-8
-12
-14
-13
-12
-12
-13
-13
-12
-14
-14
-14
-14
-15
-15
-13
-14
-16
-18
-20
-21
-21
-21
-21
-22
-20
-21
-22
-22
-21
-20
-19
-18
-17
-17
-19
-18
-18
-16
-16
-15
-13
-10
-8
-4
-2
-1
1
2
4
6
9
12
12
13
14
15
16
18
18
20
20
18
19
20
21
24
23
23
22
21
21
20
21
23
25
25
27
25
27
28
29
32
32
29
27
27
27
25
25
24
23
21
18
17
14
13
11
8
8
9
8
6
5
3
0
0
-1
-1
-3
-3
-4
-6
-7
-8
-8
-9
-12
-14
-15
-17
-18
-20
-19
-20
-18
-18
-21
-22
-25
-26
-28
-28
-26
-27
-27
-28
-29
-28
-27
-25
-23
-21
-21
-17
-16
-14
-11
-11
-8
-7
-4
-3
-1
1
3
5
9
10
11
11
10
13
14
15
15
15
16
15
16
16
17
17
16
19
18
17
16
15
16
15
16
16
17
16
15
16
13
13
13
12
12
12
10
10
9
7
6
5
2
1
1
1
1
2
2
1
0
0
-1
-2
-4
-4
-3
-2
-3
-5
-7
-7
-8
-10
-11
-9
-10
-11
-10
-10
-8
-9
-9
-12
-15
-17
-16
-16
-16
-14
-14
-14
-14
-16
-17
-18
-18
-17
-18
-19
-20
-19
-18
-19
-17
-16
-16
-17
-17
-16
-13
-13
-10
-9
-8
-7
-6
-5
-4
-3
-2
-1
0
1
1
3
3
4
5
6
7
7
7
8
10
12
12
12
12
12
12
13
13
12
11
10
10
11
10
8
8
9
10
10
9
11
11
10
9
10
10
8
8
7
8
7
8
10
9
9
11
10
9
8
6
7
5
6
5
4
3
0
-1
-2
-4
-3
-4
-4
-4
-5
-5
-5
-6
-6
-8
-8
-6
-4
-4
-4
-4
-3
-4
-3
-3
-3
-3
-2
-2
-1
-2
-2
-2
-3
-2
-1
0
-2
-1
-1
1
0
0
2
1
1
4
5
6
8
8
7
8
8
8
9
8
10
9
9
10
9
8
7
6
5
4
5
4
3
2
1
-1
-1
-2
-2
-2
-2
-1
-4
-3
-3
-2
-1
-1
-1
-1
0
-2
-2
-4
-3
-3
-3
-2
0
-2
-1
-3
-3
-3
-2
-2
-1
-1
-2
-2
-3
-3
-2
-3
-3
-4
-5
-4
-3
-3
-1
-3
-2
-3
-5
-3
-2
-1
0
1
-1
-2
-2
-2
-4
-3
-4
-4
-3
-4
-5
-4
-5
-5
-6
-6
-6
-5
-5
-5
-6
-6
-6
-4
-4
-5
-4
-5
-4
-2
1
1
0
2
3
4
2
-1
-2
0
-1
-1
-1
-1
-2
-3
-1
-1
1
0
2
4
4
4
4
3
4
5
4
3
1
2
0
0
2
2
3
3
2
0
-1
-3
-3
-3
-3
-4
-2
-1
-2
-3
-4
-4
-3
0
-1
-1
-1
-1
-2
0
0
1
2
1
3
4
1
2
1
1
2
2
4
4
2
1
0
1
1
1
3
3
4
4
5
6
5
3
3
3
3
4
3
3
4
5
4
2
3
3
3
3
5
4
4
4
3
4
2
1
-1
1
0
2
3
3
4
3
4
4
4
3
4
4
2
4
2
3
2
1
0
1
1
1
1
2
1
1
1
0
0
-1
-1
-3
-4
-5
-5
-6
-6
-5
-4
-4
-5
-5
-4
-4
-4
-3
-2
-3
-3
-4
-5
-3
-3
-2
-5
-4
-2
-3
-1
-1
-1
1
1
2
2
1
0
0
0
0
0
2
1
0
0
-1
0
0
1
0
0
0
0
-1
0
1
0
0
-1
-1
-2
-3
-3
-3
-3
-4
-4
-5
-5
-4
-5
-6
-4
-4
-4
-5
-6
-5
-5
-4
-3
-3
-4
-1
-2
-1
0
0
2
3
3
1
2
3
3
2
4
4
2
1
0
0
-1
-1
-1
-1
0
1
0
1
0
-1
0
-1
0
1
-1
-2
-2
-2
-2
-1
-1
0
0
0
1
2
1
2
1
0
1
-1
0
0
1
1
2
1
3
1
0
1
3
3
5
5
3
3
3
2
3
4
4
4
3
5
3
3
3
3
4
3
3
3
4
1
3
1
1
1
0
0
1
1
2
2
1
2
2
2
2
1
2
0
0
-1
0
1
1
1
1
1
2
1
1
2
2
2
3
2
1
2
1
1
0
0
1
1
3
3
2
3
3
2
2
2
1
0
0
0
0
0
1
0
-1
-2
-2
-2
-2
-2
-1
-2
-2
-2
-3
-5
-4
-3
-4
-4
-3
-2
-3
-2
-5
-4
-4
-4
-4
-3
-4
-2
-2
-2
-1
-2
-2
-2
-2
-2
-3
-2
-2
-2
-3
-3
-4
-4
-3
-2
-2
0
0
-1
-1
-2
-4
-3
-2
-2
-2
-1
-1
-2
-2
-3
-2
-3
-2
-2
-2
-3
-4
-4
-5
-3
-5
-3
-6
-6
-5
-5
-5
-3
-2
-3
-1
-1
-1
-1
-1
0
0
2
2
1
2
2
2
3
4
5
4
4
4
4
4
5
5
5
4
3
3
3
4
4
4
3
4
4
2
3
3
4
2
3
2
4
2
2
2
2
2
2
3
3
3
3
2
3
2
2
3
4
4
3
4
2
2
3
3
3
4
4
4
3
3
2
2
3
3
2
1
2
1
1
1
1
1
0
1
-1
-1
-1
-3
-3
-2
-2
-2
-2
-4
-4
-4
-4
-4
-6
-5
-4
-6
-6
-5
-4
-3
-5
-5
-5
-5
-5
-7
-5
-5
-5
-4
-4
-5
-4
-2
-3
-2
-1
-1
0
0
0
0
-1
0
-2
-1
0
0
0
0
0
0
-1
-1
-1
-1
0
-1
-1
-2
-2
-2
-2
0
0
0
-2
-2
-1
-2
-2
-1
-1
-1
-1
-1
-2
-2
-1
-1
-1
0
-1
-1
-2
-2
-2
-1
-1
0
-1
0
-1
0
1
1
3
3
4
4
3
4
5
3
3
3
3
4
4
4
4
4
3
4
4
3
4
2
1
1
0
1
1
0
1
1
-1
-2
-2
-4
-3
-1
-1
0
0
0
-1
-2
-2
-2
-1
-1
-1
-1
-1
-1
-1
0
-1
0
0
1
0
-1
-1
-2
-2
-1
-1
-1
-2
-2
-1
-1
-2
-2
-2
-3
-4
-2
-2
-2
-1
-1
-1
-1
-1
0
1
1
1
2
2
2
1
0
-1
1
0
1
0
0
1
0
0
0
0
0
1
1
2
2
1
1
3
3
2
4
4
3
3
3
6
4
5
4
4
3
2
3
3
3
4
2
2
4
3
3
3
4
3
1
2
2
2
2
0
1
2
2
1
0
0
0
0
-1
0
0
0
0
0
-1
0
-1
-1
0
0
1
1
1
1
2
1
1
2
2
2
2
3
3
2
1
1
0
1
1
1
2
0
0
-2
-2
-2
-3
-3
-4
-3
-3
-4
-3
-4
-3
-4
-2
-2
-2
-2
-2
-2
-2
-2
-1
-1
-1
-1
-2
-1
-3
-3
-3
-2
-3
-2
-3
-3
-3
-3
-3
-2
-2
-2
-2
0
-1
-1
0
0
1
-1
1
0
1
1
3
3
1
2
0
0
-1
-1
-1
-2
-2
-3
-3
-3
-4
-5
-4
-5
-3
-4
-4
-4
-3
-3
-3
-4
-4
-4
-2
-3
-2
-2
-2
-3
-3
-1
-1
-1
-1
0
1
1
2
1
2
2
0
2
1
1
0
0
1
1
-1
-1
-2
1
-1
1
1
0
0
0
-1
0
0
0
-1
0
0
1
0
0
0
-2
-2
-2
-3
-1
-1
-2
-3
-2
-2
-2
-2
-2
-2
-2
0
0
-1
-3
-2
-1
1
0
1
0
0
0
1
2
2
3
3
4
4
5
5
6
3
5
5
5
6
4
5
4
4
2
3
3
2
3
4
5
6
6
6
7
5
6
6
6
6
7
7
7
5
5
4
6
5
5
5
6
6
5
5
4
4
5
4
4
5
5
5
5
4
4
4
4
4
4
3
3
4
4
2
3
1
1
2
3
3
1
1
-1
-1
-2
-3
-3
-3
-3
-3
-2
-3
-4
-4
-3
-4
-5
-5
-4
-4
-5
-4
-6
-5
-5
-5
-6
-6
-6
-7
-7
-7
-5
-5
-7
-6
-7
-6
-6
-5
-4
-6
-6
-6
-5
-5
-4
-4
-3
-2
-4
-3
-4
-3
-2
-3
-2
-3
-2
-3
-2
-3
-2
-1
-2
-3
-1
-3
-3
-2
-2
-2
-2
-2
-3
-1
0
1
1
1
0
1
1
1
1
2
0
2
2
3
2
3
3
4
5
4
4
4
3
3
3
3
3
4
3
3
3
3
3
2
1
2
1
3
2
2
2
2
2
2
2
1
1
2
1
1
1
0
0
-1
-1
0
-2
-1
-1
-3
-2
-1
-1
-1
0
0
2
0
1
1
1
1
0
0
1
2
1
1
1
0
0
1
0
1
1
1
0
0
0
1
0
-1
0
-1
-1
-1
-2
-2
0
-1
-1
1
0
0
-1
-1
1
0
1
2
2
2
3
2
2
0
2
2
2
2
2
2
1
1
1
1
3
3
3
2
2
2
3
3
2
2
1
1
2
2
-1
0
0
-1
-2
-1
-3
-2
-1
-1
-2
-3
-2
-2
-2
-3
-3
-4
-4
-3
-5
-5
-5
-6
-4
-4
-4
-4
-4
-3
-4
-4
-3
-4
-3
-2
-3
-2
-3
-2
-2
0
-1
0
-1
0
0
1
1
1
1
2
3
3
3
3
4
3
4
4
2
3
4
3
2
3
2
3
3
2
2
2
2
2
1
1
2
1
2
1
1
1
2
1
1
3
2
2
2
2
2
1
1
2
1
0
1
-1
1
0
0
0
0
1
0
0
1
0
1
-1
1
1
1
1
1
1
-1
0
-1
0
-1
-1
-1
-2
0
-2
0
0
-1
-1
-1
-1
-1
-1
-1
-2
-2
-3
-2
-2
-2
-4
-3
-3
-3
-2
-2
-2
-1
-1
-1
-2
-1
0
-1
-2
-1
-2
-3
-2
-3
-3
-3
-3
-2
-3
-1
-4
-4
-3
-2
-3
-3
-3
-2
-2
-2
-3
-2
-2
-1
0
-1
-2
-1
-2
-2
-1
-1
-1
-1
-1
-2
-1
-2
-2
-3
-3
-3
-2
-2
0
-1
-1
-1
0
0
0
0
0
0
0
1
0
1
2
2
1
2
1
1
2
1
0
2
1
1
1
2
2
2
1
2
1
1
1
1
2
1
2
3
2
2
3
3
3
3
3
3
3
4
4
5
3
5
5
4
4
4
4
4
4
4
3
3
3
3
3
4
4
3
2
2
3
3
2
2
4
3
3
3
1
2
1
1
2
3
2
2
1
0
0
-1
0
-2
-3
-3
-2
-1
-2
-2
-2
-2
-3
-3
-2
-2
-1
-1
-2
-2
-2
-1
-1
-1
-3
-2
-1
-1
-2
-2
-1
0
-2
-1
-1
-1
-1
-1
-2
-1
-2
-2
-1
-2
-1
0
0
0
0
0
1
0
1
0
-1
0
1
1
0
0
1
1
1
0
0
-1
0
-2
-1
0
-1
0
-1
-2
-2
-2
-1
-1
-1
-1
-1
0
-2
0
0
1
1
0
0
-1
-1
0
-1
-1
-2
-1
0
-1
0
1
1
0
-1
-1
-1
-1
-2
-3
-3
-2
-2
-2
-2
-2
-2
0
-1
-1
0
-1
0
-1
-1
-1
0
-1
0
2
1
1
2
1
2
1
2
1
1
2
1
2
1
1
1
2
0
1
1
1
1
2
2
2
1
2
2
2
3
3
3
3
3
3
3
3
3
2
1
2
1
0
0
0
1
1
1
0
0
-1
-1
0
-1
-2
-2
-2
-3
-2
-2
0
-1
-1
0
-1
-1
-2
-3
-2
-1
-3
-3
-3
-3
-4
-4
-3
-3
-3
-4
-5
-5
-4
-4
-3
-4
-4
-4
-3
-2
-2
-2
-2
-1
-2
-1
-2
-3
-2
-3
-3
-1
-1
-2
-1
-1
0
0
-1
-1
0
-1
-1
-1
0
-1
-2
-1
-1
-1
-2
-1
-1
0
0
0
1
0
1
2
2
3
2
3
3
3
4
5
4
4
4
2
5
4
2
2
2
3
3
3
3
3
3
2
2
2
2
3
2
2
2
1
0
0
-1
-2
-1
0
-1
-1
-3
-2
-2
-1
0
-1
0
1
1
1
0
0
0
0
0
0
1
0
1
1
0
-1
1
0
0
1
0
1
1
1
1
0
0
1
1
1
1
0
1
-1
-1
0
-1
0
0
-1
0
-1
0
0
1
0
-1
2
1
2
2
2
2
2
3
1
1
2
2
2
2
1
1
1
2
1
1
1
2
3
3
2
2
4
2
4
4
3
4
4
4
5
5
4
4
3
4
2
3
3
1
1
1
0
0
0
0
0
0
-1
0
-1
-1
-1
-1
-1
-1
0
-1
-2
-1
0
0
-1
-1
-1
0
0
0
1
-1
-1
-1
-1
-2
-2
-2
-4
-2
-3
-4
-4
-4
-3
-4
-3
-3
-2
-3
-3
-3
-2
-3
-2
-2
-2
-3
-2
-2
-3
-3
-3
-4
-3
-3
-2
-3
-3
-3
-3
-2
-2
-2
-3
-3
-5
-4
-3
-3
-3
-3
-3
-2
-1
-2
-2
-2
-2
-2
0
0
-1
-1
0
0
2
1
2
2
0
0
0
-1
-1
-2
-1
-1
-1
-1
-2
-2
-1
-3
-2
-1
-2
-2
-2
-2
-3
-2
-3
-3
-3
-2
-2
-2
-2
-2
-1
-1
-2
-2
-1
-1
-1
-3
-3
-3
-3
-2
-2
-2
-2
-2
-1
0
0
0
-1
1
2
1
1
2
1
2
3
3
1
3
4
4
4
4
4
4
5
4
3
5
5
5
5
5
4
4
4
4
4
4
5
4
4
5
4
4
3
4
4
4
4
3
4
3
3
2
3
3
2
3
2
1
1
0
1
2
2
1
1
1
0
1
1
1
0
-1
0
-1
0
0
1
0
0
0
0
0
0
0
-1
0
-1
-1
0
0
0
-1
-1
-3
-2
-2
-2
-3
-1
-1
-1
-1
-2
-3
-2
-2
-2
-1
-1
-1
0
0
0
1
1
1
1
0
2
2
2
2
2
2
3
2
2
2
2
3
3
2
3
2
2
2
2
2
2
2
2
1
1
1
1
2
2
2
2
1
1
2
2
1
0
0
0
0
1
1
0
0
-1
-1
-1
0
-1
0
-1
-2
-1
0
0
-1
0
0
0
-1
0
0
0
0
0
0
0
0
0
-1
-1
-1
0
0
0
0
-1
-1
0
0
-1
-1
-2
-2
-2
-1
-3
-2
-2
-2
-3
-2
-3
-3
-3
-3
-3
-2
-1
-2
-2
-2
-2
0
0
-1
-1
-1
-1
-2
-2
-2
-2
-3
-3
-3
-3
-3
-4
-4
-3
-3
-4
-1
-3
-2
-2
-1
-1
-2
-1
-2
-3
-3
-3
-2
-2
-2
-2
-2
-3
-1
-2
-1
-1
-2
-1
-1
-1
-2
-1
-2
-2
-2
-1
0
0
0
1
2
0
2
2
1
3
2
2
2
1
2
2
1
2
3
2
1
1
1
1
2
2
1
1
0
2
2
3
2
3
3
1
2
1
0
1
1
2
2
2
0
1
2
2
2
2
2
2
1
0
1
2
1
1
2
2
3
3
1
2
2
3
2
3
3
3
2
2
3
1
2
1
1
1
-1
0
0
0
0
0
1
0
1
1
1
2
2
3
2
3
5
4
3
2
2
2
2
2
1
2
2
2
2
2
2
2
3
2
2
1
3
3
2
2
2
0
1
0
0
1
0
1
0
-1
-1
-2
-3
-3
-3
-3
-3
-3
-3
-2
-2
-2
-4
-3
-3
-3
-2
-3
-4
-4
-4
-4
-4
-5
-4
-5
-5
-5
-6
-6
-4
-5
-5
-6
-4
-6
-6
-6
-6
