1.000000e-030   1.000000e-001   1.000000e-030   3.000000e-001   1.000000e-030   1.000000e-030   1.000000e-030   1.000000e-030   1.000000e-030   1.000000e-030   1.000000e-030   3.734138e-221   1.000000e-030   2.000000e-001   1.000000e-030   1.000000e-030   1.000000e-030   2.000000e-001   1.000000e-030   1.000000e-030   1.000000e-030   1.000000e-030   1.000000e-030   1.000000e-030   1.000000e-030   1.000000e-030   1.000000e-030   1.000000e-030   1.000000e-030   2.000000e-001   1.000000e-030   1.000000e-030   

5.568660e-241   1.175985e-254   1.000000e-030   7.469352e-252   1.000000e-030   1.000000e-030   1.000000e-030   1.000000e-030   1.000000e-030   1.000000e-030   2.673156e-229   3.734138e-220   1.000000e-030   2.016486e-252   1.000000e-030   1.000000e-030   5.319989e-230   6.561824e-254   1.000000e-030   1.000000e-030   1.000000e-030   1.000000e-030   1.000000e-030   1.000000e-030   1.000000e-030   1.000000e-030   1.000000e-030   1.000000e-030   1.000000e-030   1.000000e-030   1.000000e-030   1.000000e+000   

4.251193e-001   1.000000e-030   1.000000e-030   2.519029e-285   1.000000e-030   1.365556e-234   1.000000e-030   2.370716e-233   1.000000e-030   2.405187e-238   5.748807e-001   7.937271e-221   1.000000e-030   1.587515e-282   1.000000e-030   1.000000e-030   9.316070e-231   1.000000e-030   1.000000e-030   1.000000e-030   1.000000e-030   1.000000e-030   1.000000e-030   1.000000e-030   4.175600e-237   9.679735e-236   1.000000e-030   1.000000e-030   1.000000e-030   4.286126e-283   1.000000e-030   2.857063e-228   

4.419595e-242   1.000000e-030   1.000000e-030   1.909704e-223   1.000000e-030   6.136687e-002   1.000000e-030   6.136687e-002   1.000000e-030   6.136687e-002   2.022307e-001   2.826896e-221   2.095697e-225   1.000000e-030   1.000000e-030   1.000000e-030   6.136687e-002   2.645601e-314   7.800649e-225   1.000000e-030   1.000000e-030   1.000000e-030   1.000000e-030   1.000000e-030   6.136687e-002   2.454675e-001   1.000000e-030   1.000000e-030   1.000000e-030   9.741709e-314   1.000000e-030   2.454675e-001   

1.410075e-262   1.000000e-030   1.000000e-030   2.222222e-001   1.000000e-030   1.558147e-268   1.000000e-030   1.000000e-030   1.000000e-030   8.846449e-265   3.650362e-272   3.333333e-001   2.222222e-001   1.000000e-030   1.000000e-030   1.000000e-030   5.169731e-271   1.000000e-030   2.222222e-001   1.000000e-030   1.000000e-030   1.000000e-030   1.000000e-030   1.000000e-030   1.000000e-030   1.000000e-030   1.000000e-030   1.000000e-030   1.000000e-030   1.000000e-030   1.000000e-030   3.574248e-226   

