1.000000e-030   9.090909e-002   1.000000e-030   1.000000e-030   1.000000e-030   1.000000e-030   1.000000e-030   1.000000e-030   1.000000e-030   1.000000e-030   1.000000e-030   1.000000e-030   1.000000e-030   4.545455e-001   1.000000e-030   2.781514e-243   1.000000e-030   9.090909e-002   1.000000e-030   1.000000e-030   1.000000e-030   3.636364e-001   1.000000e-030   1.000000e-030   1.000000e-030   1.000000e-030   1.000000e-030   1.000000e-030   1.279400e-228   1.000000e-030   1.000000e-030   1.000000e-030   

1.000000e-030   1.000000e-030   1.000000e-030   1.000000e-030   1.958542e-238   1.000000e-030   1.000000e-030   1.000000e-030   1.000000e-030   1.000000e-030   1.000000e-030   1.000000e-030   1.000000e-030   1.831562e-244   5.129754e-239   9.306849e-242   1.000000e-030   1.225113e-262   1.000000e-030   1.000000e-030   1.000000e-030   5.830472e-259   1.000000e-030   1.000000e-030   1.000000e-030   1.000000e-030   1.000000e-030   1.000000e-030   1.407340e-227   1.000000e-030   1.000000e-030   1.000000e+000   

1.000000e-030   1.000000e-030   5.798062e-237   1.000000e-030   3.000000e-001   1.000000e-030   1.000000e-030   1.703723e-237   1.000000e-030   1.000000e-030   1.000000e-030   1.000000e-030   1.000000e-030   1.648406e-245   1.000000e-001   4.000000e-001   1.000000e-030   3.781938e-293   3.623789e-236   1.000000e-030   1.000000e-030   1.243566e-292   1.000000e-030   1.000000e-030   1.000000e-030   1.000000e-030   1.000000e-030   1.000000e-030   1.407340e-228   1.000000e-030   1.000000e-030   2.000000e-001   

1.000000e-030   1.185619e-231   2.000000e-001   1.000000e-030   4.259340e-320   1.000000e-030   1.000000e-030   4.000000e-001   1.000000e-030   1.000000e-030   1.000000e-030   7.036700e-230   1.000000e-030   3.298453e-231   1.000000e-030   1.000000e-030   1.000000e-030   8.937605e-231   2.000000e-001   1.000000e-030   1.000000e-030   2.000000e-001   1.000000e-030   1.000000e-030   1.000000e-030   1.000000e-030   1.000000e-030   1.000000e-030   2.814680e-228   1.000000e-030   1.000000e-030   3.113858e-083   

1.000000e-030   2.500000e-001   2.059165e-166   1.000000e-030   1.000000e-030   1.000000e-030   1.000000e-030   1.000000e-030   1.000000e-030   1.000000e-030   1.000000e-030   1.250000e-001   1.000000e-030   1.250000e-001   1.000000e-030   1.000000e-030   1.000000e-030   3.750000e-001   3.294665e-137   1.000000e-030   1.000000e-030   5.271463e-108   1.000000e-030   1.000000e-030   1.000000e-030   1.000000e-030   1.000000e-030   1.000000e-030   1.250000e-001   1.000000e-030   1.000000e-030   1.000000e-030   

