2.363165e+062 -3.561643e+058 -9.070258e+058 -1.599930e+059 -2.398612e+059 -3.233771e+059 -3.860121e+059 -4.044101e+059 -3.808126e+059 -3.249697e+059 -2.343334e+059 1.167916e+056 
2.363172e+062 -3.747521e+058 -9.473972e+058 -1.570453e+059 -2.276505e+059 -3.087852e+059 -3.635224e+059 -3.878323e+059 -3.863121e+059 -3.325717e+059 -2.348309e+059 1.133505e+056 
2.363207e+062 -3.824820e+058 -9.448422e+058 -1.623061e+059 -2.412059e+059 -3.206809e+059 -3.811581e+059 -4.064592e+059 -3.964455e+059 -3.380865e+059 -2.380735e+059 1.208315e+056 
2.363185e+062 -3.733956e+058 -9.425005e+058 -1.621634e+059 -2.351107e+059 -3.114281e+059 -3.767493e+059 -4.019541e+059 -3.855670e+059 -3.302735e+059 -2.363480e+059 1.168610e+056 
2.363185e+062 -3.771110e+058 -9.419641e+058 -1.649047e+059 -2.469992e+059 -3.337109e+059 -4.006721e+059 -4.218313e+059 -3.990809e+059 -3.390616e+059 -2.435073e+059 1.260896e+056 
2.363141e+062 -3.731218e+058 -8.139661e+058 -1.376694e+059 -2.199055e+059 -3.126544e+059 -3.812641e+059 -4.035446e+059 -3.774087e+059 -3.179402e+059 -2.283397e+059 1.075182e+056 
2.363172e+062 -3.715229e+058 -8.542267e+058 -1.439899e+059 -2.253659e+059 -3.147070e+059 -3.794298e+059 -4.009953e+059 -3.755221e+059 -3.190870e+059 -2.309607e+059 1.098828e+056 
2.363141e+062 -3.346072e+058 -8.797095e+058 -1.531692e+059 -2.227301e+059 -3.002181e+059 -3.613287e+059 -3.892222e+059 -3.821832e+059 -3.248576e+059 -2.304973e+059 1.071714e+056 
2.363152e+062 -3.511222e+058 -8.518914e+058 -1.478382e+059 -2.266780e+059 -3.069382e+059 -3.711158e+059 -4.022880e+059 -3.844652e+059 -3.192433e+059 -2.239824e+059 1.084710e+056 
2.363165e+062 -3.458582e+058 -8.773958e+058 -1.494725e+059 -2.261180e+059 -3.109660e+059 -3.786022e+059 -4.056371e+059 -3.898000e+059 -3.309268e+059 -2.327049e+059 1.116824e+056 
2.362272e+062 -2.188366e+059 -4.848039e+059 -7.588947e+059 -1.041296e+060 -1.285622e+060 -1.393373e+060 -1.287835e+060 -1.022423e+060 -6.827262e+059 -3.734872e+059 1.493923e+057 
2.349451e+062 -4.244067e+060 -1.082681e+061 -1.849376e+061 -2.583049e+061 -3.147247e+061 -3.441378e+061 -3.408477e+061 -3.042430e+061 -2.390054e+061 -1.536998e+061 1.062418e+060 
2.343014e+062 -5.998015e+060 -1.533265e+061 -2.597803e+061 -3.630879e+061 -4.388425e+061 -4.765808e+061 -4.673308e+061 -4.101438e+061 -3.167684e+061 -1.983223e+061 2.050994e+060 
2.343030e+062 -6.104906e+060 -1.566506e+061 -2.669404e+061 -3.737401e+061 -4.549195e+061 -4.955380e+061 -4.871607e+061 -4.293463e+061 -3.310771e+061 -2.073046e+061 2.202104e+060 
2.343359e+062 -6.131570e+060 -1.575253e+061 -2.695479e+061 -3.774087e+061 -4.601885e+061 -5.016268e+061 -4.937746e+061 -4.363603e+061 -3.372958e+061 -2.119850e+061 2.256636e+060 
2.343321e+062 -6.116406e+060 -1.568663e+061 -2.684807e+061 -3.754872e+061 -4.575214e+061 -4.984071e+061 -4.900790e+061 -4.324036e+061 -3.336535e+061 -2.092731e+061 2.226676e+060 
2.343959e+062 -5.921063e+060 -1.519029e+061 -2.600350e+061 -3.639126e+061 -4.434526e+061 -4.834555e+061 -4.757716e+061 -4.202971e+061 -3.249106e+061 -2.041821e+061 2.092985e+060 
2.344011e+062 -5.927192e+060 -1.517861e+061 -2.597739e+061 -3.631419e+061 -4.419144e+061 -4.813352e+061 -4.730213e+061 -4.171519e+061 -3.220706e+061 -2.020536e+061 2.075480e+060 
2.344417e+062 -5.826764e+060 -1.493313e+061 -2.558613e+061 -3.581845e+061 -4.365598e+061 -4.764027e+061 -4.691441e+061 -4.146257e+061 -3.208923e+061 -2.017843e+061 2.029854e+060 
2.344346e+062 -5.845116e+060 -1.496985e+061 -2.563211e+061 -3.581999e+061 -4.360005e+061 -4.747803e+061 -4.665727e+061 -4.114091e+061 -3.173806e+061 -1.990081e+061 2.017382e+060 
2.344917e+062 -5.632263e+060 -1.442576e+061 -2.471157e+061 -3.452842e+061 -4.200267e+061 -4.572280e+061 -4.493965e+061 -3.962054e+061 -3.054660e+061 -1.914760e+061 1.868856e+060 
2.345105e+062 -5.619563e+060 -1.433587e+061 -2.444179e+061 -3.396672e+061 -4.107045e+061 -4.440296e+061 -4.329757e+061 -3.785928e+061 -2.894755e+061 -1.798761e+061 1.767477e+060 
2.345314e+062 -5.589755e+060 -1.430106e+061 -2.446972e+061 -3.416941e+061 -4.156090e+061 -4.522263e+061 -4.439796e+061 -3.911517e+061 -3.015510e+061 -1.889509e+061 1.827376e+060 
2.347542e+062 -4.899579e+060 -1.253904e+061 -2.147319e+061 -3.002564e+061 -3.659471e+061 -3.993497e+061 -3.936281e+061 -3.486241e+061 -2.706596e+061 -1.711869e+061 1.420952e+060 
2.352787e+062 -3.222221e+060 -8.252283e+060 -1.418439e+061 -1.993923e+061 -2.449128e+061 -2.699925e+061 -2.695921e+061 -2.428803e+061 -1.926930e+061 -1.253599e+061 6.452027e+059 
2.355566e+062 -2.295071e+060 -5.897202e+060 -1.021429e+061 -1.451993e+061 -1.809188e+061 -2.028346e+061 -2.062404e+061 -1.894491e+061 -1.534403e+061 -1.020917e+061 3.599176e+059 
2.356208e+062 -2.200195e+060 -5.658161e+060 -9.754862e+060 -1.378144e+061 -1.700428e+061 -1.885655e+061 -1.892260e+061 -1.712123e+061 -1.362513e+061 -8.865131e+060 3.100868e+059 
2.358126e+062 -1.591282e+060 -4.087035e+060 -7.061913e+060 -1.002042e+061 -1.244541e+061 -1.387039e+061 -1.400332e+061 -1.276199e+061 -1.025059e+061 -6.747326e+060 1.668654e+059 
2.360321e+062 -8.628743e+059 -2.214541e+060 -3.823075e+060 -5.432209e+060 -6.757262e+060 -7.529543e+060 -7.595146e+060 -6.900168e+060 -5.522067e+060 -3.626853e+060 4.865434e+058 
2.361529e+062 -4.828802e+059 -1.228971e+060 -2.123009e+060 -3.034687e+060 -3.794978e+060 -4.240034e+060 -4.283613e+060 -3.914222e+060 -3.154999e+060 -2.091081e+060 1.535715e+058 
2.362195e+062 -3.258085e+059 -8.461948e+059 -1.473143e+060 -2.137164e+060 -2.717590e+060 -3.099222e+060 -3.214213e+060 -3.033158e+060 -2.530505e+060 -1.736908e+060 8.236110e+057 
2.362837e+062 -1.028232e+059 -2.427409e+059 -4.167232e+059 -6.173014e+059 -7.929707e+059 -9.167872e+059 -9.356469e+059 -8.374554e+059 -6.799662e+059 -4.730205e+059 6.774953e+056 
2.363133e+062 -3.710654e+058 -8.760971e+058 -1.441542e+059 -2.252921e+059 -3.177348e+059 -3.867244e+059 -4.132395e+059 -3.936188e+059 -3.283934e+059 -2.327363e+059 1.136555e+056 
2.363100e+062 -3.416072e+058 -8.649652e+058 -1.496404e+059 -2.323219e+059 -2.987860e+059 -3.667655e+059 -4.024354e+059 -3.856374e+059 -3.305806e+059 -2.325670e+059 1.094875e+056 
2.363114e+062 -3.568663e+058 -8.440037e+058 -1.444668e+059 -2.253373e+059 -3.192128e+059 -3.953073e+059 -4.232143e+059 -3.968687e+059 -3.286558e+059 -2.331453e+059 1.140601e+056 
2.363130e+062 -3.238581e+058 -7.819984e+058 -1.397376e+059 -2.278014e+059 -3.203430e+059 -3.878700e+059 -4.060195e+059 -3.776689e+059 -3.160513e+059 -2.293338e+059 1.073268e+056 
2.363156e+062 -3.775548e+058 -9.074738e+058 -1.636638e+059 -2.451441e+059 -3.211830e+059 -3.875200e+059 -4.146152e+059 -3.925635e+059 -3.321750e+059 -2.365853e+059 1.208334e+056 
2.363103e+062 -3.103423e+058 -7.881703e+058 -1.461193e+059 -2.214345e+059 -2.929634e+059 -3.624778e+059 -3.976050e+059 -3.659123e+059 -3.081307e+059 -2.293081e+059 1.010507e+056 
2.363080e+062 -3.702492e+058 -7.880045e+058 -1.247296e+059 -1.937838e+059 -2.840192e+059 -3.549306e+059 -3.809670e+059 -3.669102e+059 -3.119655e+059 -2.273207e+059 9.533895e+055 
2.363057e+062 -3.345814e+058 -6.731687e+058 -1.209533e+059 -2.147065e+059 -3.053775e+059 -3.738584e+059 -3.813413e+059 -3.499608e+059 -2.988113e+059 -2.229970e+059 9.479456e+055 
2.363003e+062 -3.176462e+058 -6.623095e+058 -1.065212e+059 -1.822818e+059 -2.852502e+059 -3.677619e+059 -3.855860e+059 -3.586714e+059 -3.046680e+059 -2.198894e+059 8.681404e+055 
