18
-26
-36
80
-61
-44
101
-23
-58
28
116
-76
-30
55
-9
-54
51
60
-73
76
28
-39
-6
66
-42
-74
78
22
-40
-34
86
-31
-100
39
37
-40
-32
43
-5
-73
87
-56
-28
17
-36
-30
33
41
-130
50
14
-37
-46
26
-7
-59
34
-16
-21
-22
-8
10
-32
-3
32
-39
-19
53
-25
-58
57
29
-109
71
57
-93
5
89
-92
-23
92
-63
-52
95
-51
-37
63
-31
-66
71
57
-135
72
45
-109
96
10
-45
-7
41
-19
-41
97
-58
-45
48
4
-11
-41
14
-23
9
-11
-35
26
-30
36
-73
30
11
33
-75
-1
67
-71
10
49
-11
-76
96
-42
-68
95
-9
-63
10
83
-116
70
70
-127
26
85
-89
-8
119
-57
-88
98
-2
-86
126
-82
42
-39
14
-7
25
49
-117
113
-86
60
45
-70
15
33
-17
-80
171
-70
-79
106
-14
-65
5
124
-123
15
98
-118
45
15
-29
-14
7
-24
-6
73
-14
-46
47
40
-71
26
84
-57
-16
99
-37
-36
31
17
-66
42
94
-131
19
159
-82
-81
128
-46
-78
99
56
-130
45
64
-88
45
7
-44
-37
114
-17
-27
65
-35
-9
9
24
-10
6
32
-26
-6
27
36
-92
51
30
-33
-21
121
-11
-124
112
-15
-97
30
68
-107
-5
75
-35
-68
110
-46
-67
76
24
-40
1
66
-55
-54
94
-25
-98
58
44
-45
-50
101
-49
-33
22
52
-91
40
80
-109
52
16
-65
22
4
1
-34
15
58
-66
103
-79
21
-62
97
-49
-69
102
-104
49
-46
70
-88
-60
96
-85
3
44
9
-108
68
13
-94
-25
51
-56
-82
74
29
-71
-16
61
-41
-80
97
9
-42
17
8
-16
-8
4
-2
17
-69
46
24
-22
-14
50
1
-83
90
71
-113
95
12
-65
45
59
-50
-74
133
-77
-13
31
48
-38
-50
68
-46
-19
33
-33
-2
-1
-44
72
-71
-11
15
-87
49
-55
17
51
-74
35
-25
26
17
-70
46
30
-69
26
41
-31
-29
4
-6
-24
28
-9
12
-2
53
-99
59
50
-61
14
34
27
-81
108
-10
-15
-35
0
53
-22
28
-14
63
-16
-45
70
39
-134
34
104
-95
13
49
11
-107
102
-14
-104
121
4
-24
40
74
-58
-4
116
-127
20
47
-30
63
-24
5
19
30
-19
-25
101
-20
-58
108
5
-68
58
55
-102
3
83
-32
22
22
51
-20
-56
97
-32
20
-4
-33
28
15
41
-32
4
-3
57
-85
106
63
-118
33
63
44
-110
91
35
-49
-17
87
41
-120
111
23
-25
42
49
-13
-24
92
14
-106
103
67
-126
38
132
-76
-80
169
17
-116
51
141
-84
-8
99
31
-79
41
53
-54
-18
26
33
-17
-24
37
14
-33
61
-49
20
-14
45
-55
-32
71
-96
-51
32
31
-120
-31
114
-108
-69
63
4
-89
-20
72
-76
-77
98
-57
-55
13
-7
-35
-15
42
-96
45
50
-50
-76
52
41
-168
57
64
-130
-8
52
-8
-79
20
-12
-61
29
-4
-64
38
-14
-42
54
-63
-7
-9
-9
-39
32
-11
-54
45
10
-66
10
87
-122
49
3
0
-23
26
14
-73
59
-33
1
-23
23
-36
-15
23
8
-41
13
-28
34
-40
-3
21
-66
6
18
30
-96
62
6
-65
8
68
-52
-42
65
-49
2
16
-16
-65
32
-12
-62
57
-19
-26
-54
87
-42
-33
4
-23
12
-91
83
25
-94
-40
32
39
-45
-4
31
-59
36
23
1
78
-75
-34
53
89
-95
-9
73
-47
-12
77
15
-50
54
38
-39
32
102
-61
-3
162
-70
-89
202
19
-113
60
185
-198
49
199
-97
-99
180
30
-173
140
56
-85
-25
128
-74
-46
125
-63
-33
73
-17
-39
8
120
-134
46
-7
-4
0
-39
85
-83
-14
3
85
-64
-6
40
-20
-40
93
32
-104
49
57
-73
6
89
-75
-38
130
-64
-48
106
-3
-66
53
73
-106
49
69
-43
-21
116
-67
-34
136
-68
24
25
17
-28
14
88
-52
-10
57
15
-51
28
51
-110
21
1
14
-38
16
69
-142
109
-35
-32
23
-64
-1
-28
73
-57
-22
-12
13
-62
-38
53
-41
-46
-13
55
-46
-92
110
-44
-141
-13
116
-113
-74
84
-78
-73
31
13
-182
108
-42
-143
82
23
-134
-85
178
-196
-89
161
-42
-198
87
58
-197
28
82
-139
-18
108
-87
-20
47
-17
-143
102
8
-111
50
89
-77
-31
69
35
-92
-13
134
-56
-46
64
89
-171
108
28
-73
32
9
72
-131
141
-15
-68
66
27
-21
-3
60
-28
37
-15
40
-51
59
-28
33
-36
-14
125
-87
-23
57
65
-131
49
109
-25
-118
116
-42
-9
35
-74
32
87
-38
-21
100
-22
-101
125
20
-103
55
11
76
-65
7
15
-20
63
-94
123
-13
-75
90
-69
49
65
-58
5
84
-7
-30
79
52
-111
52
82
-68
45
53
-21
-15
40
1
9
-8
28
-57
56
50
-45
2
41
-1
-84
88
25
-61
31
80
-112
17
109
-126
-37
120
-60
-44
65
31
-85
-1
45
-55
18
-9
31
3
-43
-1
68
-46
-74
57
-47
7
27
25
-35
30
-9
-62
100
-60
-54
37
41
-61
-3
23
-47
-28
40
-33
7
55
-47
89
-92
-9
-35
52
-101
24
39
-79
33
-35
38
-64
-5
-33
37
10
-12
6
85
-106
-49
144
-67
33
-7
60
-22
100
17
-128
72
-9
-9
-14
104
-65
-33
86
0
-43
-21
38
-22
30
26
12
-56
26
63
-75
11
-14
61
-42
42
8
-76
107
-112
46
89
-73
-36
150
-54
-114
94
93
-174
-10
277
-262
30
211
-172
-72
104
88
-216
117
106
-169
3
107
-49
-158
111
-9
-62
-8
58
27
-93
66
17
-64
39
98
-90
-34
160
-41
-64
113
79
-169
108
134
-113
39
43
45
-120
72
71
-110
82
-9
48
-78
49
59
-97
-23
138
-57
-109
88
88
-195
64
131
-194
-28
164
3
-173
111
81
-193
94
95
-102
-93
120
6
-150
113
3
-105
-59
152
-42
-73
93
-59
-95
118
79
-172
-5
139
-106
-35
88
-51
-199
162
33
-163
37
92
-88
-64
162
-164
-76
148
-53
-130
128
65
-261
116
70
-155
26
75
-57
-62
160
-57
-119
150
-32
-132
141
17
-73
-9
111
-54
-140
159
-71
-51
74
7
-23
1
110
-51
-94
86
56
-108
66
123
-16
-134
140
72
-178
59
56
-15
-82
129
55
-252
147
-5
-80
26
0
75
-151
116
69
-182
63
47
-51
-64
177
-55
-55
-29
171
-218
46
132
-182
14
99
96
-315
284
-56
-139
72
141
-120
-106
340
-200
-38
180
-6
-137
50
184
-251
123
148
-206
-26
192
-105
-149
221
-100
-87
74
88
-162
102
97
-226
106
87
-84
-12
72
-39
-35
53
21
-55
58
-20
63
-40
-39
117
-55
-58
86
34
-83
48
33
-51
-49
105
-69
-41
152
-107
-4
88
-82
-69
135
-56
-80
57
106
-117
-47
203
-177
-25
109
-41
46
-70
163
-76
28
51
-46
35
33
-24
-43
114
39
-99
-59
222
-102
-104
211
-3
-124
118
79
-112
40
71
-97
11
139
-156
30
119
-89
-53
135
9
-152
91
100
-122
26
91
-35
-43
53
51
-96
-66
231
-172
10
170
-75
-38
93
106
-274
192
74
-96
-78
236
-95
-143
180
-84
-55
15
43
-23
-12
-11
68
63
-206
149
18
-82
-43
160
-55
-213
331
-213
-48
65
54
-220
75
194
-249
51
113
-75
-193
183
-83
-92
27
51
-56
-128
204
-118
-70
61
-4
-72
60
77
-105
-1
116
-168
-12
126
-80
-77
114
-63
-63
91
20
-73
-20
34
40
-11
17
-1
-39
-3
17
-5
-58
11
33
-4
-88
40
67
-93
-25
56
60
-86
-31
168
-139
-84
135
-54
-87
70
65
-71
-15
44
-18
-81
78
1
-84
22
124
-87
-88
119
-13
-172
134
65
-156
83
67
-45
-126
252
-154
-132
236
-95
-61
2
48
-102
39
-9
-13
-55
68
-51
17
7
-128
154
-93
28
49
28
-182
194
-39
-108
47
85
-69
-89
153
-51
-50
-70
121
-95
8
-2
88
-79
-65
155
-114
-40
111
-26
-106
176
-3
-156
130
43
-168
40
148
-96
-94
180
-18
-165
87
49
-159
126
-11
-91
140
-15
-47
-17
82
-43
-100
186
-82
-18
66
55
-136
61
10
-131
167
-71
-65
52
88
-122
-50
191
-147
-56
123
27
-127
31
109
-148
5
74
19
-124
111
47
-110
22
32
-25
-84
66
26
-90
14
76
-68
-68
51
32
-54
-14
126
-26
-97
122
22
-188
103
95
-204
54
97
-66
-80
82
25
-93
43
44
-62
24
105
-108
12
35
-44
-24
62
-34
-53
26
16
-8
-11
18
-31
-10
33
-16
-12
-5
38
-13
-63
24
76
-76
-23
128
-111
4
76
2
-54
70
-24
-59
56
112
-147
33
66
-68
15
8
18
-79
40
18
-17
-10
46
-22
-40
58
-48
0
51
-68
-24
56
-40
25
3
11
0
-8
40
-30
29
-8
-40
47
62
-103
49
51
-89
-33
80
-9
-56
89
29
-41
-1
45
-16
-55
48
-2
-67
119
-49
22
-54
1
28
-83
75
-13
-4
27
33
-48
-31
21
5
-112
82
37
-87
85
-44
3
-83
9
-2
-31
80
-56
5
53
-34
-43
18
-45
12
-12
42
-11
62
-96
-13
69
-141
78
9
-9
-35
103
-20
-87
70
-12
-58
57
31
-25
80
-40
-33
61
-35
-27
40
73
-38
-8
76
-57
13
-14
-29
19
-1
2
15
15
-35
8
12
-55
4
14
-6
-17
91
-49
-43
81
-83
19
12
18
-29
-10
64
-49
20
0
-33
26
-39
56
36
-87
71
22
-46
28
23
28
-115
101
51
-66
59
-22
50
-64
55
42
-50
18
-28
96
-69
24
27
-49
25
2
-11
-30
75
-17
-26
32
42
-88
36
32
-63
14
30
-20
-8
91
-126
40
40
-45
-36
44
24
-140
141
-31
-68
11
34
-82
-9
147
-68
-10
80
-38
-44
72
-21
-43
25
20
-29
36
49
-61
-18
52
-53
42
25
18
-29
55
0
-93
50
-9
-22
-44
36
-16
13
47
-35
-45
23
-47
16
57
9
-69
66
85
-107
-7
76
-57
25
-34
85
19
-44
38
-25
42
-70
-1
86
-35
-23
20
69
-43
17
-10
-56
65
42
-59
45
108
-165
-17
188
-36
-114
139
21
-148
91
139
-187
0
107
-111
50
75
0
-47
34
-18
-27
109
12
-69
4
59
-31
15
48
-62
-56
2
97
-42
-14
68
-49
-81
63
53
-16
-31
63
-59
-24
72
-68
-1
-32
-31
38
-7
36
-6
-43
-47
15
-22
-9
38
51
-149
154
51
-132
51
2
-14
-101
179
-30
-12
45
-44
-7
42
14
-90
45
7
-100
109
78
-145
-25
55
-59
-70
123
23
-146
91
15
-105
51
56
-98
-55
55
14
-72
68
-22
-133
51
-24
2
35
19
-34
-81
108
-68
-12
18
-52
-15
40
52
-32
31
-73
15
-16
-11
4
58
19
-63
15
57
-18
-58
35
19
-27
-2
98
-7
-32
-11
-15
-37
91
38
-85
37
79
-92
0
65
-69
-71
50
70
-79
84
-72
15
-42
-28
80
-39
44
-41
97
-125
14
125
-126
-55
92
30
-88
100
64
-136
13
46
-62
26
33
-14
-64
103
-36
-60
74
-82
22
-44
119
-103
38
12
-81
15
-22
35
-105
66
-20
-74
51
-8
-20
-82
27
-3
-88
88
4
-82
11
49
-42
-77
103
-28
-103
105
-19
-2
-17
94
-61
-81
127
-19
-62
53
78
-103
37
80
-50
-26
54
36
-97
27
81
-54
20
19
2
-21
-25
73
-116
52
18
-67
61
9
41
-112
103
22
-112
94
14
-26
-44
118
-64
-46
67
-13
-43
48
31
-72
116
-1
-61
12
121
-97
16
111
-24
-65
64
84
-147
31
62
-19
-67
77
-14
-59
58
11
-52
-33
119
-90
-14
128
-80
-8
38
42
-119
46
64
-83
53
12
-18
-11
60
-6
-42
31
9
-20
21
16
-10
7
-26
-2
48
-73
50
11
-41
48
20
10
-25
36
-8
1
6
20
-12
11
0
-15
-11
-14
25
-39
-22
19
13
-56
31
-5
-42
17
15
-48
-11
37
-69
-16
54
-22
-54
61
-22
-20
42
-8
-19
10
-14
-17
-8
21
-40
-9
17
-37
-15
-20
73
-64
25
20
-39
74
-59
58
-75
33
-35
-15
22
26
-102
51
0
-48
-25
62
-13
-112
94
-30
-11
-58
116
-88
-58
64
-26
-6
13
68
-78
1
137
-101
24
71
-44
-4
43
106
-161
87
81
-144
44
75
-27
-42
100
9
-36
57
79
-108
71
66
-98
43
80
-1
-91
50
61
-110
18
116
-79
-28
67
9
-23
1
63
-95
17
33
-7
-14
42
-34
-49
123
-82
3
43
-10
-6
11
51
-48
16
29
-32
11
84
-60
9
67
-58
33
-21
30
-23
-9
47
-31
22
16
-5
-44
14
-9
13
6
-12
22
-62
12
19
-52
-45
39
-1
-52
40
8
-35
-35
29
2
-107
150
-54
-41
85
-60
2
-17
90
-109
48
49
-30
22
-11
57
-121
79
1
-27
36
-6
47
-54
30
-4
-14
6
27
23
-46
49
-4
-49
60
-41
-35
3
7
2
-25
35
-65
-39
31
-32
8
-12
14
-24
26
-29
-6
-30
11
-38
-5
49
-50
-14
2
2
-71
4
51
-32
-36
42
13
-61
18
33
-61
-5
46
4
-11
5
12
-25
-15
35
-41
8
35
10
-69
90
-23
-68
36
22
-12
-35
58
2
-51
55
-19
-45
89
-42
3
27
11
-53
-7
111
-106
10
40
-6
-53
30
15
-66
26
9
-41
57
11
-35
8
21
-40
-31
93
-27
-59
50
49
-48
-3
38
-37
-27
29
31
-35
46
-31
-25
29
-5
-29
9
25
-65
28
44
-44
-8
19
-37
4
38
18
-60
40
10
-85
48
35
-45
-21
59
-32
-25
25
11
-70
22
47
-33
24
27
-19
-42
63
-20
-19
49
14
-60
17
44
-69
32
26
0
-84
96
51
-98
56
6
-26
12
38
-19
-12
33
-18
-18
32
31
-64
27
37
-68
17
25
8
-36
5
32
-29
-22
14
11
-17
17
16
5
1
-8
-20
14
-14
23
-5
-32
6
-20
19
-63
41
-48
2
25
-25
-37
-10
12
-78
3
39
-41
-16
25
-21
-30
3
27
-59
24
37
-60
33
12
-48
0
42
-25
-36
57
40
-73
25
40
-57
35
26
-15
7
8
-9
5
45
-41
-10
39
-35
-1
34
-11
1
-11
32
-13
-13
62
-55
1
22
3
-10
-6
54
-66
-37
79
-38
-20
40
-11
-25
17
34
-50
3
30
-25
18
17
6
-26
9
2
25
-3
20
31
-37
20
13
1
-42
16
19
-24
28
34
-38
15
10
6
-24
40
33
-33
29
-5
8
-12
3
27
-37
11
23
-25
19
-2
-11
-35
29
10
-26
32
-3
-27
10
3
44
-54
28
-8
-26
57
-36
29
-27
7
-15
18
29
-27
-25
46
-15
-35
39
-36
-15
3
10
-7
24
-33
-8
7
-5
-16
8
4
-37
35
-25
6
-14
-11
-32
21
41
-57
16
19
-66
-23
59
-29
-47
13
25
-29
-7
53
-67
-25
29
9
-31
25
14
-72
5
51
-21
-32
36
-17
-42
17
67
-50
-26
27
-1
-4
2
38
-42
-40
57
18
-44
42
24
-62
33
61
-10
-69
79
-19
-74
99
6
-69
-6
43
-19
-31
52
12
-69
17
50
-17
-21
14
-2
-34
39
42
-44
-1
19
-24
-5
68
-22
-60
57
-5
-36
48
12
-56
27
27
-11
15
18
-32
-6
49
-11
-27
41
-5
-38
29
33
-20
-3
19
-6
-19
19
18
-30
26
-1
-22
16
2
-18
2
31
-35
-10
34
-34
-13
12
-13
-31
23
3
-23
22
-14
-32
3
21
-26
-14
47
-39
-27
12
9
-49
8
31
-38
28
12
-21
-42
43
-4
-28
46
7
-38
11
36
-45
12
24
-18
-7
62
-15
-23
34
1
-16
12
34
-56
27
42
-11
-15
22
-21
-14
51
2
-14
2
17
-14
6
33
-42
-8
24
-19
1
27
16
-28
20
-10
-34
17
23
-26
-19
8
-25
-2
32
-30
-27
18
6
21
18
-13
-41
22
12
15
33
4
-38
-3
53
9
-19
11
6
-3
23
32
25
-27
-3
15
9
36
7
-40
24
25
-14
9
52
-10
-68
48
55
-31
-23
42
9
-32
-8
31
-25
-34
12
36
10
0
-6
-25
21
-7
-7
26
56
-60
-42
59
18
-41
9
54
-51
-27
43
23
-12
-14
4
10
10
-17
-3
23
0
-41
30
21
-34
-11
17
-8
-19
-12
13
2
-2
-33
-2
34
-38
-9
32
-1
-40
16
44
-43
-35
19
-1
4
24
-3
9
-14
-2
5
23
10
-46
35
50
-10
-30
21
2
-38
25
54
-21
-15
20
-1
2
2
8
-9
34
2
-39
40
2
-23
14
43
-7
-49
22
27
-36
7
23
5
-19
0
1
-4
-3
1
-6
31
-8
-43
27
9
-33
-21
31
-10
-34
43
-21
-23
6
-27
18
29
-17
-38
41
13
-65
52
36
-65
2
55
-7
-16
13
-15
7
30
-1
-9
16
-21
-13
62
21
-44
-13
43
21
-9
23
-2
-6
-33
47
52
-8
-8
3
32
6
-1
12
42
12
-7
12
40
-30
-10
57
20
-20
-10
28
0
5
3
9
15
-36
-18
24
-2
-47
-13
6
-16
-43
-13
7
-36
-36
-28
23
-38
-28
-4
13
-47
-38
-6
-31
-6
-68
-9
-53
-46
-80
-32
-16
-73
-72
-39
-66
-69
-68
-30
-50
-83
-63
-42
-44
-84
-51
-23
-58
-53
-25
-25
-42
-41
-18
17
5
-10
-8
39
33
22
66
49
30
20
112
115
62
60
70
72
73
143
121
76
67
64
111
132
99
59
73
82
67
91
89
24
17
79
82
61
3
-7
11
33
53
46
12
-72
-56
5
21
-14
-51
-90
-75
-46
-21
-52
-87
-123
-119
-11
-42
-100
-137
-112
-104
-61
-24
-119
-176
-150
-82
-61
-57
-126
-182
-149
-64
-72
-72
-100
-177
-132
-28
-19
-113
-108
-87
-93
-11
24
-76
-107
-37
4
53
79
-4
-60
46
104
98
139
102
12
104
210
179
154
148
114
140
248
222
164
174
143
163
229
224
136
132
164
144
172
163
97
71
96
101
110
77
23
4
43
44
46
43
-18
-37
3
21
-10
-7
-56
-69
-43
-7
-48
-41
-90
-126
-108
-62
-103
-127
-126
-161
-194
-178
-183
-222
-243
-244
-247
-266
-280
-332
-317
-331
-282
-303
-311
-362
-367
-353
-288
-245
-307
-307
-288
-275
-247
-145
-161
-217
-131
-103
-89
-34
6
-8
30
123
71
129
182
177
222
320
290
259
314
364
371
425
453
387
406
439
471
503
500
471
453
482
489
479
486
469
441
434
451
429
381
381
375
349
321
301
247
235
222
206
181
140
83
60
63
35
-8
-52
-90
-117
-125
-147
-176
-214
-274
-286
-295
-333
-367
-380
-415
-451
-469
-503
-537
-563
-543
-569
-584
-626
-648
-660
-648
-610
-664
-664
-693
-686
-671
-638
-648
-664
-639
-624
-567
-534
-521
-513
-395
-376
-287
-163
-148
-138
34
179
221
334
440
408
512
738
798
800
893
904
889
1016
1126
1083
1027
1049
991
977
1001
983
873
810
770
684
596
542
471
375
311
253
124
17
-17
-56
-118
-157
-243
-332
-376
-369
-342
-356
-394
-421
-387
-403
-332
-260
-282
-297
-126
-133
-201
17
24
-57
116
211
4
93
248
81
95
274
54
-88
93
-10
-181
-41
-142
-418
-339
-320
-563
-542
-504
-746
-806
-736
-865
-979
-889
-957
-1111
-1036
-1036
-1122
-1069
-971
-1052
-1050
-930
-855
-827
-668
-506
-569
-443
-189
-80
0
234
334
329
554
785
816
901
1069
1105
1169
1335
1374
1348
1373
1421
1418
1438
1412
1332
1278
1221
1177
1107
997
883
790
686
583
471
348
193
113
51
-59
-173
-275
-367
-450
-479
-486
-574
-628
-626
-644
-663
-583
-565
-598
-525
-461
-437
-358
-183
-267
-203
-36
-53
-7
168
154
60
221
263
148
240
265
81
105
186
40
-43
-17
-180
-293
-251
-337
-514
-532
-618
-748
-789
-817
-988
-1022
-1035
-1117
-1159
-1145
-1255
-1260
-1143
-1113
-1098
-940
-969
-967
-689
-453
-429
-264
-76
-102
109
466
598
597
806
925
1006
1215
1395
1375
1404
1502
1586
1583
1649
1623
1577
1561
1567
1484
1379
1333
1266
1140
1061
917
738
634
558
430
273
117
-63
-144
-223
-323
-436
-554
-678
-719
-728
-777
-815
-835
-854
-855
-805
-807
-772
-691
-612
-520
-515
-444
-364
-290
-149
-62
-69
-89
13
88
112
188
155
60
100
147
96
93
43
-95
-145
-140
-230
-333
-351
-468
-589
-619
-681
-792
-859
-901
-984
-1078
-1074
-1121
-1209
-1186
-1159
-1115
-1119
-925
-958
-995
-715
-507
-465
-302
-102
-130
16
424
586
564
761
909
979
1213
1434
1431
1444
1530
1633
1658
1732
1713
1669
1639
1623
1568
1479
1412
1356
1261
1141
981
830
693
594
529
364
135
-27
-139
-241
-319
-395
-535
-718
-762
-798
-845
-865
-880
-917
-969
-909
-890
-858
-789
-686
-653
-684
-525
-448
-386
-236
-139
-218
-175
3
27
62
173
85
-5
100
137
60
116
46
-127
-137
-125
-247
-287
-286
-472
-568
-599
-686
-768
-782
-858
-1009
-1023
-1070
-1172
-1139
-1108
-1143
-1116
-994
-1005
-1088
-808
-602
-545
-411
-244
-273
-117
268
501
499
632
766
868
1118
1353
1420
1417
1485
1612
1674
1730
1770
1737
1725
1702
1690
1565
1510
1486
1407
1267
1147
959
827
727
651
472
259
95
-41
-141
-253
-372
-517
-676
-748
-782
-846
-889
-961
-1001
-1008
-976
-927
-848
-836
-885
-731
-625
-586
-426
-342
-412
-307
-85
-89
-63
95
28
1
211
250
99
176
176
54
102
161
-19
-120
-77
-220
-276
-292
-432
-568
-584
-654
-791
-826
-920
-1053
-1001
-1110
-1195
-1240
-1173
-1204
-1086
-1006
-1179
-1049
-765
-635
-583
-352
-344
-317
48
409
380
445
691
789
934
1263
1348
1281
1365
1596
1616
1665
1752
1700
1650
1720
1722
1589
1540
1546
1442
1326
1259
1058
924
850
767
589
390
232
71
-42
-139
-290
-432
-559
-668
-738
-781
-857
-925
-921
-893
-977
-974
-888
-913
-815
-685
-696
-721
-569
-450
-412
-262
-229
-314
-188
-29
-10
14
51
-19
-3
103
112
50
17
-50
-95
-94
-162
-238
-323
-407
-499
-584
-618
-735
-797
-878
-972
-1065
-1069
-1113
-1182
-1202
-1185
-1179
-1121
-953
-1102
-997
-733
-570
-539
-327
-228
-223
94
508
524
555
760
917
1060
1352
1503
1429
1473
1676
1774
1780
1861
1821
1778
1786
1854
1705
1625
1606
1530
1383
1293
1119
962
863
798
614
394
221
70
-33
-137
-285
-461
-626
-716
-774
-840
-892
-987
-1036
-1045
-981
-1030
-1012
-942
-934
-872
-745
-726
-729
-577
-446
-410
-310
-258
-301
-189
-20
-10
-36
29
-16
-10
70
96
-24
-36
-53
-113
-167
-212
-292
-370
-394
-468
-591
-685
-731
-779
-823
-910
-976
-1063
-1102
-1072
-1049
-1057
-1053
-938
-911
-957
-723
-516
-460
-341
-138
-110
-5
389
628
609
765
949
1032
1262
1527
1565
1532
1632
1740
1783
1876
1901
1829
1789
1771
1719
1639
1585
1527
1409
1255
1095
940
832
725
623
425
198
15
-90
-183
-308
-467
-626
-777
-877
-883
-932
-1040
-1098
-1082
-1119
-1139
-1021
-1021
-1050
-913
-804
-831
-730
-546
-556
-494
-291
-288
-304
-124
-54
-104
13
65
0
55
143
48
39
74
-10
-64
-41
-144
-263
-256
-345
-440
-498
-553
-684
-733
-766
-888
-935
-939
-1009
-1099
-1074
-1083
-1068
-997
-877
-920
-965
-701
-483
-395
-278
-138
-112
48
457
669
642
763
938
1076
1299
1531
1545
1507
1629
1763
1778
1832
1837
1786
1761
1766
1675
1539
1493
1460
1327
1192
999
802
696
617
494
254
46
-158
-274
-332
-464
-657
-799
-931
-1030
-1062
-1080
-1161
-1236
-1230
-1251
-1254
-1168
-1089
-1055
-1025
-946
-865
-789
-619
-523
-475
-417
-293
-207
-146
-25
22
11
84
184
161
179
218
185
138
183
139
74
46
-21
-125
-148
-197
-286
-354
-444
-561
-614
-646
-750
-796
-832
-915
-936
-953
-997
-981
-890
-813
-755
-786
-743
-527
-299
-181
-61
11
29
288
668
780
791
904
1010
1147
1422
1592
1536
1536
1622
1694
1740
1798
1754
1684
1639
1601
1493
1416
1364
1281
1136
977
786
632
538
459
301
63
-153
-292
-398
-479
-582
-750
-938
-998
-1056
-1083
-1068
-1071
-1177
-1208
-1101
-1113
-1042
-883
-889
-931
-788
-680
-648
-496
-368
-426
-341
-188
-178
-100
51
25
26
108
112
91
153
178
111
71
23
-43
-41
-74
-115
-208
-323
-416
-467
-460
-566
-609
-714
-820
-856
-840
-857
-915
-940
-933
-889
-817
-667
-744
-658
-441
-260
-187
-21
93
130
358
709
736
746
906
1054
1167
1402
1515
1420
1444
1602
1662
1690
1736
1638
1570
1563
1573
1441
1367
1291
1176
1043
946
765
623
508
411
241
58
-106
-254
-353
-448
-582
-729
-835
-907
-973
-1008
-1031
-1094
-1097
-1054
-1075
-1070
-971
-892
-842
-737
-674
-672
-544
-370
-327
-262
-167
-165
-107
36
99
87
138
174
133
183
219
190
161
158
87
18
6
-29
-116
-173
-239
-354
-414
-440
-513
-618
-669
-733
-818
-850
-824
-882
-918
-933
-943
-927
-804
-705
-634
-681
-563
-347
-148
-22
113
164
229
508
812
869
895
1030
1113
1265
1492
1576
1495
1531
1622
1639
1658
1690
1601
1541
1518
1451
1293
1215
1157
1046
922
760
538
377
287
212
61
-156
-343
-488
-565
-617
-711
-859
-994
-1022
-1038
-1098
-1084
-1107
-1143
-1081
-938
-1033
-1039
-817
-761
-697
-503
-514
-624
-369
-114
-143
-83
5
-140
-4
305
269
143
209
148
117
290
311
71
50
56
-35
-57
-47
-199
-299
-310
-382
-504
-553
-574
-677
-719
-799
-864
-926
-879
-871
-947
-992
-911
-869
-737
-626
-667
-623
-392
-183
-70
67
155
191
438
762
819
860
980
1096
1233
1453
1536
1482
1487
1590
1641
1671
1664
1592
1515
1485
1455
1346
1258
1171
1069
940
793
626
478
361
273
105
-94
-270
-401
-473
-548
-660
-786
-899
-973
-992
-984
-1026
-1066
-1046
-1032
-1030
-925
-887
-869
-723
-633
-630
-526
-415
-395
-265
-104
-139
-136
13
44
79
215
185
78
161
213
155
193
186
20
-6
42
-50
-111
-116
-246
-363
-351
-413
-520
-525
-574
-701
-744
-753
-823
-827
-782
-847
-924
-878
-792
-725
-616
-511
-576
-482
-230
-42
48
193
261
310
551
838
876
928
1051
1122
1232
1440
1493
1423
1456
1527
1520
1533
1544
1433
1365
1336
1269
1140
1065
973
846
716
575
396
268
168
67
-113
-297
-440
-557
-634
-690
-793
-939
-1022
-1025
-1057
-1070
-1029
-1081
-1105
-1025
-966
-958
-853
-755
-752
-681
-565
-532
-454
-293
-232
-234
-155
-113
-92
37
120
80
65
83
62
112
166
132
56
17
-19
-48
-37
-56
-140
-216
-261
-334
-364
-366
-397
-481
-533
-579
-617
-604
-537
-579
-654
-635
-603
-542
-412
-304
-370
-340
-138
11
122
296
351
363
549
795
854
919
1027
1073
1159
1331
1378
1331
1352
1398
1400
1410
1394
1290
1222
1196
1145
1023
921
826
720
609
503
331
160
69
-10
-155
-297
-425
-589
-664
-678
-787
-914
-924
-980
-1044
-991
-983
-1068
-1007
-907
-940
-900
-773
-761
-718
-566
-526
-547
-405
-295
-284
-189
-109
-138
-83
54
65
58
100
84
56
127
139
83
70
59
-2
-10
-3
-55
-109
-118
-187
-246
-266
-307
-346
-362
-410
-491
-505
-514
-516
-497
-507
-573
-545
-472
-417
-355
-297
-317
-230
-48
69
151
259
319
400
597
742
774
838
929
983
1091
1202
1194
1175
1215
1237
1228
1244
1207
1131
1096
1055
964
879
818
730
635
525
373
241
152
64
-52
-192
-338
-452
-512
-573
-686
-756
-814
-868
-872
-883
-941
-944
-874
-844
-848
-806
-783
-745
-605
-515
-529
-501
-406
-335
-233
-132
-145
-161
-72
19
36
71
79
43
66
135
121
68
82
76
42
52
42
-30
-50
-29
-63
-131
-145
-167
-217
-211
-236
-319
-361
-331
-336
-353
-365
-412
-457
-380
-301
-277
-256
-242
-212
-104
68
168
216
274
368
476
632
734
773
786
868
950
1024
1079
1092
1060
1068
1084
1086
1056
1034
982
913
855
797
720
649
580
478
343
226
139
32
-58
-150
-285
-419
-493
-561
-662
-701
-721
-803
-846
-834
-877
-885
-792
-769
-817
-769
-709
-699
-576
-457
-491
-487
-378
-315
-255
-119
-104
-160
-85
7
9
61
116
54
25
88
76
34
75
69
-22
-29
-15
-74
-79
-35
-95
-171
-152
-150
-200
-162
-154
-268
-284
-234
-266
-285
-232
-272
-350
-307
-263
-295
-244
-150
-175
-181
-75
1
56
190
286
277
331
467
552
618
711
727
709
784
864
869
874
893
849
827
847
824
757
733
701
606
536
491
409
325
284
189
56
-33
-83
-175
-250
-297
-406
-522
-545
-562
-628
-640
-655
-727
-754
-686
-672
-676
-630
-616
-637
-554
-459
-446
-407
-338
-325
-282
-171
-124
-131
-78
-39
-37
9
60
38
26
52
43
18
29
21
-24
-33
-33
-68
-93
-91
-116
-147
-150
-159
-191
-204
-202
-222
-240
-242
-256
-273
-277
-263
-279
-277
-268
-249
-229
-170
-129
-95
-57
12
90
182
279
342
393
465
554
634
702
746
771
797
839
871
874
866
848
825
807
782
733
671
628
572
507
434
354
267
192
131
42
-58
-149
-226
-303
-369
-436
-524
-598
-625
-638
-670
-697
-705
-720
-700
-638
-607
-604
-563
-507
-467
-395
-320
-290
-258
-179
-129
-104
-38
3
6
47
84
65
69
99
88
67
66
27
-22
-23
-22
-59
-90
-115
-164
-180
-170
-176
-215
-232
-245
-262
-256
-238
-241
-255
-250
-248
-256
-238
-191
-189
-179
-164
-156
-132
-54
7
43
79
126
175
276
381
441
484
541
601
668
748
791
802
825
848
854
870
862
841
812
784
730
672
628
574
503
436
352
259
186
123
40
-44
-126
-212
-286
-327
-397
-476
-513
-550
-590
-611
-623
-665
-660
-616
-606
-607
-565
-543
-510
-424
-366
-350
-296
-226
-185
-125
-54
-35
-10
54
80
81
110
121
105
115
112
64
41
33
7
-26
-53
-106
-154
-166
-179
-217
-244
-274
-312
-319
-315
-337
-358
-352
-370
-369
-353
-348
-355
-325
-296
-288
-263
-223
-195
-143
-73
-25
22
104
177
251
336
414
475
553
639
690
732
784
820
851
885
890
864
855
848
824
784
736
671
607
560
496
411
325
251
173
106
29
-70
-151
-214
-271
-331
-395
-469
-526
-542
-560
-592
-620
-647
-656
-628
-595
-586
-573
-541
-504
-452
-385
-348
-317
-265
-205
-163
-113
-82
-67
-38
4
16
22
19
7
-4
1
-9
-36
-54
-83
-113
-135
-152
-177
-190
-209
-232
-261
-264
-271
-260
-262
-271
-292
-284
-263
-237
-219
-205
-200
-169
-118
-63
-24
14
63
124
203
278
336
389
459
533
615
677
723
750
798
840
876
888
879
856
839
828
795
744
688
622
553
497
431
352
272
205
135
67
6
-57
-129
-184
-224
-270
-310
-336
-375
-411
-427
-431
-443
-443
-442
-453
-453
-417
-394
-367
-339
-317
-302
-266
-218
-194
-170
-146
-138
-131
-107
-99
-109
-118
-131
-158
-174
-189
-222
-252
-276
-308
-346
-365
-380
-407
-415
-428
-452
-456
-440
-430
-420
-402
-393
-378
-334
-291
-269
-235
-206
-175
-122
-62
-26
14
65
121
183
245
294
342
403
473
532
577
617
658
709
757
789
793
793
799
810
812
794
752
701
663
630
588
531
466
396
334
286
232
168
111
58
2
-41
-78
-123
-163
-189
-216
-245
-263
-275
-287
-300
-302
-310
-309
-298
-295
-296
-294
-286
-276
-260
-252
-252
-263
-262
-258
-258
-273
-292
-316
-334
-349
-366
-397
-430
-458
-481
-505
-527
-554
-581
-587
-589
-595
-603
-602
-593
-570
-542
-518
-506
-477
-432
-379
-328
-279
-241
-185
-112
-34
33
93
160
235
319
407
471
520
589
669
737
791
830
847
871
915
941
929
913
884
856
832
810
749
678
614
557
494
443
373
298
232
187
139
91
51
4
-32
-46
-59
-80
-98
-113
-127
-122
-110
-116
-116
-115
-115
-109
-92
-91
-93
-93
-93
-99
-99
-108
-121
-136
-146
-172
-201
-230
-264
-294
-326
-366
-412
-454
-491
-520
-552
-582
-617
-640
-656
-665
-671
-674
-673
-658
-639
-618
-595
-565
-527
-484
-433
-390
-354
-308
-250
-191
-134
-84
-37
8
76
138
193
239
287
330
386
437
484
513
553
587
620
650
672
682
695
708
710
709
700
689
677
668
646
618
587
562
534
508
471
432
395
364
332
298
262
227
190
160
125
91
56
28
2
-22
-52
-81
-104
-124
-140
-159
-178
-200
-215
-223
-233
-251
-269
-289
-305
-316
-333
-358
-384
-405
-424
-442
-463
-491
-525
-545
-561
-582
-598
-616
-636
-649
-652
-655
-658
-650
-645
-634
-617
-601
-584
-552
-520
-487
-455
-421
-384
-336
-277
-229
-179
-136
-79
-19
48
108
170
223
286
347
412
463
519
565
611
657
695
723
748
772
789
799
798
793
783
777
764
742
716
684
651
621
589
550
510
468
423
385
345
303
262
219
180
145
110
77
44
12
-15
-41
-66
-91
-112
-133
-151
-170
-185
-199
-213
-229
-245
-260
-273
-289
-304
-325
-348
-367
-390
-410
-432
-457
-483
-507
-526
-544
-564
-584
-601
-615
-624
-629
-636
-638
-639
-629
-617
-603
-583
-562
-535
-504
-466
-432
-388
-345
-295
-241
-188
-137
-80
-19
42
96
157
209
263
322
375
424
470
515
552
591
628
652
677
701
714
721
728
731
723
722
713
694
675
656
630
606
578
546
510
478
444
411
377
343
300
260
223
193
157
127
95
63
32
6
-17
-43
-64
-84
-107
-128
-145
-164
-178
-195
-211
-231
-247
-260
-276
-291
-306
-326
-346
-365
-385
-405
-425
-445
-467
-488
-505
-523
-540
-554
-566
-578
-587
-591
-593
-590
-584
-576
-567
-551
-534
-512
-483
-450
-420
-385
-348
-306
-261
-213
-166
-119
-73
-23
28
83
134
186
232
278
327
374
420
459
494
532
563
594
621
641
656
671
682
684
687
681
673
665
649
630
606
582
552
524
493
457
419
383
346
308
269
227
187
151
116
78
43
9
-25
-53
-79
-106
-133
-155
-176
-194
-210
-225
-241
-255
-265
-273
-283
-290
-299
-306
-310
-319
-327
-338
-347
-359
-364
-374
-385
-397
-408
-419
-427
-434
-444
-457
-465
-469
-471
-469
-470
-469
-465
-452
-442
-425
-406
-386
-361
-330
-297
-264
-228
-189
-153
-111
-66
-25
17
60
102
144
186
224
264
302
339
368
400
429
453
476
496
511
525
535
538
542
544
539
529
521
507
492
474
453
428
401
375
346
317
287
252
220
191
158
131
101
72
42
18
-8
-30
-53
-72
-95
-112
-128
-146
-160
-172
-186
-199
-210
-223
-236
-242
-251
-261
-268
-275
-284
-289
-292
-299
-301
-305
-311
-312
-312
-316
-315
-322
-326
-325
-327
-332
-329
-330
-328
-322
-317
-317
-310
-300
-290
-277
-258
-247
-230
-205
-181
-159
-131
-102
-75
-40
-7
24
60
95
125
161
195
228
257
292
319
344
370
394
414
437
453
467
478
488
494
501
499
496
490
480
468
455
439
417
394
372
343
315
286
254
221
188
155
121
91
57
26
-6
-34
-62
-89
-114
-135
-156
-174
-194
-209
-221
-232
-242
-251
-257
-267
-271
-276
-276
-277
-279
-282
-281
-280
-280
-275
-272
-268
-265
-261
-259
-257
-251
-248
-247
-245
-241
-238
-234
-228
-223
-218
-212
-205
-196
-185
-176
-164
-150
-133
-117
-98
-78
-56
-35
-10
15
43
72
98
124
150
174
199
222
245
266
284
302
317
334
345
355
361
365
368
368
366
361
353
344
332
321
308
292
274
254
235
215
192
169
149
128
104
79
55
36
15
-4
-25
-44
-64
-78
-93
-105
-120
-131
-143
-151
-156
-166
-173
-178
-184
-188
-189
-191
-196
-199
-199
-200
-199
-198
-198
-198
-195
-195
-195
-194
-192
-191
-188
-189
-188
-188
-185
-183
-179
-177
-172
-168
-162
-154
-145
-137
-129
-117
-105
-92
-78
-62
-46
-29
-13
3
21
41
59
80
97
114
131
151
168
186
200
214
224
236
246
255
261
267
266
269
269
268
265
260
253
246
239
227
217
204
191
175
163
145
129
114
98
80
63
46
28
11
-4
-20
-36
-50
-62
-76
-88
-98
-109
-118
-124
-133
-140
-145
-150
-152
-151
-156
-158
-159
-159
-158
-157
-157
-157
-155
-154
-152
-150
-147
-146
-147
-147
-146
-143
-141
-141
-141
-140
-140
-139
-137
-134
-132
-131
-128
-122
-116
-108
-100
-93
-81
-70
-56
-41
-25
-10
7
23
41
60
79
97
113
130
145
163
178
190
203
215
225
234
239
244
247
250
250
248
242
235
228
221
210
200
186
172
158
144
129
112
94
77
60
45
28
10
-3
-18
-32
-45
-58
-71
-80
-88
-96
-104
-109
-115
-120
-122
-124
-126
-127
-127
-127
-126
-125
-125
-124
-123
-123
-121
-121
-121
-119
-118
-117
-117
-117
-118
-116
-117
-116
-114
-114
-113
-112
-110
-109
-108
-106
-103
-100
-96
-91
-85
-79
-72
-64
-55
-44
-32
-21
-9
5
17
32
46
62
77
91
104
119
134
147
159
172
182
192
200
208
215
219
221
223
223
223
219
216
209
203
194
184
174
163
152
138
126
112
98
84
69
53
38
24
9
-2
-16
-28
-38
-49
-59
-69
-76
-83
-90
-94
-99
-100
-103
-104
-106
-106
-105
-105
-103
-100
-99
-95
-93
-89
-86
-84
-82
-78
-77
-75
-73
-72
-70
-69
-67
-68
-68
-68
-69
-71
-73
-72
-76
-76
-77
-78
-77
-77
-77
-76
-73
-70
-67
-61
-55
-51
-46
-37
-30
-23
-14
-5
5
14
26
33
45
58
68
79
90
100
110
117
126
131
139
144
147
151
151
152
151
148
144
139
133
126
116
108
97
87
75
63
51
40
28
16
5
-9
-20
-30
-41
-49
-56
-65
-73
-78
-85
-89
-93
-96
-96
-99
-99
-98
-96
-95
-91
-88
-83
-79
-74
-68
-64
-60
-54
-50
-47
-43
-39
-36
-32
-30
-28
-26
-25
-23
-23
-23
-22
-23
-23
-24
-26
-25
-27
-27
-27
-28
-27
-25
-25
-21
-19
-16
-13
-10
-4
1
7
12
19
26
34
41
49
58
66
74
83
90
98
105
112
119
124
129
132
136
138
141
141
141
138
136
132
127
121
115
107
99
92
83
71
61
51
40
29
17
6
-3
-13
-25
-35
-43
-52
-60
-65
-73
-80
-83
-87
-89
-91
-93
-95
-94
-95
-95
-94
-92
-90
-88
-84
-81
-78
-75
-72
-70
-67
-64
-62
-60
-58
-58
-58
-58
-58
-58
-58
-60
-59
-61
-62
-64
-65
-66
-69
-71
-72
-72
-71
-72
-70
-70
-66
-64
-59
-53
-48
-41
-35
-26
-18
-9
1
10
21
30
41
51
63
72
82
92
101
109
117
125
131
136
141
143
145
146
145
142
140
136
130
125
117
109
101
92
83
71
61
51
39
27
18
8
-4
-11
-21
-31
-36
-44
-49
-53
-56
-60
-62
-63
-63
-62
-62
-61
-58
-57
-53
-50
-46
-44
-39
-36
-34
-31
-28
-26
-25
-23
-23
-21
-21
-21
-23
-24
-25
-28
-30
-33
-36
-39
-42
-43
-46
-50
-51
-53
-55
-56
-57
-56
-54
-52
-49
-46
-42
-37
-31
-27
-20
-14
-6
1
9
16
25
33
40
48
56
62
71
76
82
86
91
95
97
98
97
98
97
95
91
87
82
76
70
63
56
47
40
32
24
13
6
-2
-12
-19
-28
-35
-42
-48
-52
-59
-62
-65
-68
-70
-69
-69
-69
-67
-66
-64
-60
-59
-56
-52
-49
-46
-41
-38
-35
-33
-29
-28
-25
-23
-19
-19
-17
-15
-16
-15
-18
-19
-21
-23
-24
-27
-29
-31
-33
-35
-36
-39
-40
-41
-41
-42
-40
-39
-37
-34
-30
-27
-23
-19
-13
-8
-1
4
12
19
27
35
42
49
55
61
69
74
80
86
91
94
97
100
101
102
103
102
99
98
94
89
85
79
73
67
60
54
46
39
31
25
18
11
4
-2
-8
-12
-18
-24
-27
-31
-35
-37
-38
-39
-40
-42
-40
-42
-39
-38
-38
-35
-34
-32
-32
-30
-29
-27
-25
-24
-24
-23
-23
-22
-23
-25
-25
-28
-29
-32
-35
-39
-41
-45
-47
-50
-54
-56
-58
-61
-62
-63
-63
-63
-63
-61
-61
-58
-55
-51
-47
-41
-37
-31
-24
-17
-10
-3
4
12
19
27
35
43
51
58
67
72
80
84
89
92
95
98
100
100
101
97
97
94
90
86
82
77
72
65
58
52
45
36
28
20
14
6
-1
-9
-15
-20
-27
-31
-37
-40
-45
-49
-50
-54
-55
-57
-57
-57
-56
-56
-53
-52
-50
-48
-47
-44
-42
-40
-37
-35
-34
-32
-32
-29
-29
-28
-28
-28
-27
-28
-28
-27
-28
-29
-30
-32
-32
-32
-34
-33
-33
-34
-32
-31
-30
-28
-27
-25
-22
-20
-16
-12
-8
-3
2
7
13
20
24
30
37
42
49
55
61
66
71
75
79
83
85
88
90
91
92
92
91
89
87
86
82
79
74
68
62
56
49
43
35
28
20
10
5
-3
-11
-18
-24
-31
-37
-43
-49
-53
-57
-61
-63
-67
-69
-70
-70
-71
-71
-71
-69
-68
-66
-64
-62
-59
-57
-54
-53
-49
-46
-43
-39
-38
-36
-32
-30
-27
-24
-23
-21
-19
-17
-16
-14
-14
-13
-13
-12
-12
-9
-9
-9
-7
-7
-2
-1
2
3
5
7
10
13
15
18
20
24
26
31
34
38
42
44
47
50
51
56
57
59
60
60
63
61
61
60
59
58
56
54
51
49
46
42
38
33
28
24
18
13
6
0
-6
-11
-17
-23
-28
-33
-36
-41
-45
-49
-52
-56
-58
-61
-63
-63
-66
-66
-67
-68
-68
-68
-67
-67
-65
-62
-61
-58
-57
-54
-52
-49
-47
-45
-43
-41
-38
-35
-32
-29
-26
-22
-20
-17
-14
-11
-8
-6
-2
0
4
6
9
12
15
18
22
26
30
33
36
40
44
46
49
51
55
57
59
62
63
65
65
66
66
66
67
66
66
64
64
63
60
58
55
51
49
43
41
37
33
30
23
20
16
11
8
4
-2
-6
-10
-12
-18
-21
-24
-28
-30
-33
-35
-38
-40
-41
-42
-42
-44
-44
-44
-43
-43
-44
-43
-43
-45
-43
-41
-40
-38
-37
-36
-34
-32
-31
-30
-27
-24
-25
-23
-20
-19
-19
-16
-14
-13
-10
-8
-6
-4
0
2
4
8
11
13
16
18
20
23
27
29
32
34
37
41
45
47
49
52
54
56
57
58
58
57
59
60
59
59
58
55
55
52
50
46
43
41
35
30
26
20
13
10
2
-4
-9
-15
-21
-27
-32
-39
-46
-52
-57
-64
-68
-74
-78
-81
-85
-91
-91
-95
-97
-97
-98
-98
-97
-96
-95
-94
-91
-89
-87
-83
-79
-75
-70
-65
-59
-53
-47
-41
-35
-29
-23
-18
-12
-7
-1
5
8
16
20
25
30
34
39
43
47
51
53
57
60
61
65
66
69
71
74
76
76
77
78
80
81
81
81
83
81
81
82
80
79
79
78
77
75
74
72
71
68
66
63
60
57
54
49
46
42
38
34
30
25
20
14
9
4
0
-5
-12
-17
-21
-27
-31
-34
-38
-44
-46
-49
-52
-55
-59
-61
-64
-65
-66
-67
-67
-68
-67
-65
-64
-62
-60
-58
-54
-51
-47
-43
-40
-36
-32
-29
-23
-18
-15
-9
-5
-1
4
9
13
17
21
24
27
29
34
36
38
40
42
44
46
47
48
48
49
49
49
49
47
46
46
44
42
42
40
38
36
36
34
32
29
27
25
22
21
19
16
14
10
7
4
2
0
-4
-6
-8
-11
-12
-14
-17
-20
-22
-24
-27
-30
-33
-34
-38
-40
-41
-43
-45
-45
-45
-45
-45
-46
-46
-47
-47
-48
-47
-47
-45
-44
-43
-42
-41
-38
-36
-33
-31
-28
-25
-23
-18
-15
-11
-8
-5
-1
2
5
9
14
17
21
24
28
31
33
35
38
41
42
45
47
48
51
52
53
54
55
55
55
54
53
53
52
50
50
47
45
44
42
38
36
33
30
28
25
22
19
16
11
9
4
1
-3
-6
-11
-14
-16
-21
-23
-26
-29
-33
-35
-39
-41
-44
-47
-49
-51
-54
-56
-57
-58
-59
-60
-61
-61
-62
-61
-61
-60
-60
-60
-60
-60
-59
-58
-55
-54
-52
-48
-46
-42
-37
-34
-31
-29
-25
-23
-18
-14
-10
-7
-2
2
5
9
15
18
22
26
28
32
34
38
40
42
44
45
47
48
49
49
50
50
50
49
50
48
46
45
43
40
38
36
34
33
30
29
27
23
21
18
16
13
10
7
4
2
-1
-2
-5
-7
-10
-11
-12
-14
-16
-17
-19
-20
-23
-24
-26
-28
-30
-33
-34
-33
-35
-36
-35
-36
-36
-37
-37
-38
-39
-39
-38
-38
-39
-38
-37
-37
-35
-34
-33
-30
-28
-24
-23
-19
-16
-12
-9
-6
-4
0
4
7
10
14
18
22
25
29
33
35
39
41
43
45
47
48
50
51
52
53
54
54
53
54
53
52
51
48
47
44
42
39
36
34
30
28
26
22
20
17
15
12
10
7
3
0
-1
-4
-6
-7
-8
-10
-10
-10
-11
-12
-13
-15
-18
-20
-21
-22
-22
-22
-24
-24
-24
-25
-26
-25
-26
-28
-27
-29
-31
-29
-31
-32
-32
-33
-33
-34
-33
-31
-32
-30
-29
-27
-26
-25
-24
-22
-19
-17
-14
-11
-9
-5
-3
1
4
8
11
15
19
20
24
27
31
34
36
38
40
43
42
44
43
44
44
45
44
44
43
41
40
39
36
34
30
28
22
20
16
12
10
6
3
-1
-3
-6
-9
-12
-15
-19
-21
-23
-26
-28
-29
-31
-31
-32
-33
-34
-34
-33
-33
-34
-34
-35
-34
-34
-34
-35
-35
-34
-34
-33
-32
-33
-32
-31
-30
-31
-31
-30
-30
-28
-27
-28
-26
-26
-25
-25
-23
-23
-21
-18
-19
-17
-15
-13
-11
-9
-6
-4
-1
3
5
9
12
14
19
21
24
28
31
34
35
39
42
44
47
48
51
52
53
53
53
53
52
52
51
49
49
47
47
45
42
39
35
33
29
25
22
17
15
11
6
5
2
-2
-4
-8
-10
-14
-18
-19
-21
-24
-26
-28
-28
-30
-31
-33
-33
-36
-36
-35
-35
-36
-36
-35
-33
-32
-33
-31
-33
-32
-30
-30
-30
-29
-28
-27
-27
-26
-23
-22
-20
-19
-17
-17
-14
-13
-10
-8
-7
-5
-4
0
3
4
7
10
14
16
19
21
24
27
28
30
33
34
37
39
41
43
45
45
46
47
47
46
47
46
45
43
43
42
38
35
34
31
29
25
21
18
15
12
8
4
1
-3
-9
-12
-15
-19
-23
-26
-30
-33
-36
-39
-40
-42
-43
-45
-47
-46
-49
-49
-48
-49
-48
-47
-47
-46
-45
-44
-43
-41
-39
-36
-35
-32
-30
-28
-24
-22
-20
-17
-15
-12
-9
-6
-3
-1
3
5
9
10
13
16
18
21
24
27
30
33
35
38
40
41
42
43
45
45
47
47
47
49
49
49
49
49
48
47
47
45
43
41
39
36
35
32
30
27
25
23
20
17
15
12
8
5
0
-3
-6
-11
-13
-16
-18
-20
-25
-27
-29
-32
-34
-36
-38
-39
-41
-43
-43
-45
-46
-47
-47
-46
-48
-48
-47
-45
-44
-43
-40
-38
-37
-36
-35
-33
-31
-29
-25
-22
-21
-18
-14
-11
-8
-6
-4
-1
2
5
6
9
11
13
15
18
19
22
22
24
26
28
29
30
31
31
31
32
32
32
31
31
31
31
30
30
29
27
26
26
25
23
21
20
18
16
15
12
10
8
7
4
3
1
-2
-3
-6
-6
-9
-11
-12
-15
-17
-18
-20
-22
-22
-23
-23
-24
-25
-26
-27
-28
-27
-27
-28
-27
-27
-27
-27
-26
-25
-25
-26
-24
-23
-23
-21
-20
-19
-17
-16
-14
-13
-10
-10
-8
-7
-5
-3
-3
-2
0
3
4
5
7
9
10
11
13
14
15
17
18
19
19
20
21
22
23
23
23
25
26
26
27
27
27
27
26
25
26
24
24
24
23
23
23
22
20
18
18
17
15
13
12
11
9
7
6
4
3
1
-2
-2
-3
-5
-7
-8
-9
-12
-12
-14
-16
-17
-19
-19
-21
-22
-22
-23
-23
-24
-25
-25
-26
-27
-25
-26
-25
-25
-24
-24
-22
-22
-22
-20
-19
-18
-17
-15
-14
-12
-10
-8
-7
-5
-3
-2
-2
-1
1
3
5
6
8
10
11
12
13
15
15
15
17
17
18
20
20
20
20
19
19
19
20
19
20
20
19
19
18
17
16
16
15
14
14
13
11
10
9
9
6
4
3
2
1
0
0
-3
-3
-5
-7
-8
-9
-10
-12
-14
-14
-16
-16
-17
-18
-18
-18
-19
-19
-19
-19
-21
-20
-20
-20
-19
-21
-21
-20
-20
-19
-18
-18
-17
-17
-15
-15
-13
-14
-11
-10
-10
-8
-6
-4
-4
-2
-1
1
2
4
6
7
9
9
11
12
12
14
16
16
18
18
19
20
21
22
22
24
24
23
25
23
22
22
22
21
21
19
20
19
19
17
16
17
15
15
14
12
11
10
8
6
5
4
2
0
-1
-3
-4
-4
-6
-7
-8
-10
-10
-11
-11
-13
-15
-16
-16
-15
-18
-17
-18
-19
-19
-20
-20
-19
-18
-18
-18
-18
-16
-17
-17
-18
-16
-15
-14
-13
-12
-12
-10
-9
-9
-6
-6
-5
-4
-3
-2
-2
1
0
1
3
3
5
5
6
8
9
11
10
12
11
12
13
14
12
13
14
13
14
15
14
13
14
13
14
13
14
13
12
12
11
10
10
10
8
9
8
8
6
6
5
4
3
2
1
1
0
-1
-1
-2
-3
-5
-5
-7
-7
-7
-7
-8
-8
-9
-9
-11
-11
-10
-12
-12
-11
-12
-12
-13
-12
-13
-12
-11
-12
-12
-11
-9
-10
-9
-9
-9
-8
-8
-7
-5
-4
-5
-3
-1
-1
0
0
0
0
2
2
2
2
4
4
6
7
7
8
9
9
10
10
11
12
12
14
13
13
13
11
13
13
12
13
11
13
13
12
12
11
11
10
9
9
8
7
7
7
7
6
6
4
4
3
2
3
3
2
1
1
0
-2
-1
-3
-4
-4
-4
-5
-4
-5
-4
-5
-5
-5
-6
-7
-8
-8
-8
-8
-8
-7
-8
-8
-8
-7
-8
-8
-7
-7
-6
-6
-6
-6
-5
-6
-6
-6
-6
-6
-5
-5
-4
-4
-3
-2
-2
-1
-1
0
-1
1
0
0
1
0
2
2
2
2
2
4
3
3
5
5
5
6
5
4
4
4
4
3
4
3
2
3
3
4
3
3
3
3
2
2
1
1
-1
0
-1
-2
-1
-2
-2
-3
-4
-5
-4
-5
-4
-3
-4
-4
-5
-5
-6
-5
-5
-6
-5
-5
-6
-5
-5
-5
-5
-5
-4
-5
-4
-3
-4
-3
-2
-2
-1
-1
0
0
-1
1
0
-1
0
-2
-1
-1
-1
0
0
0
1
0
0
1
2
2
0
1
0
0
2
1
1
2
0
1
1
3
2
2
1
2
2
2
3
3
3
3
4
3
3
3
3
2
1
3
2
2
2
1
2
2
2
0
1
1
0
1
1
0
0
1
1
-1
0
-1
-1
-2
-2
-2
-1
-1
-2
-1
0
0
0
-1
0
1
1
1
0
1
1
1
0
0
0
0
-1
0
1
0
1
0
0
0
0
0
0
0
0
0
-1
1
0
2
2
1
1
2
2
1
2
3
1
2
3
2
3
3
2
3
3
4
5
5
4
5
5
6
4
5
5
5
4
5
3
5
4
4
4
4
4
3
4
3
3
2
3
2
1
0
-1
-1
-2
-1
-2
-2
-1
-2
-2
-2
-2
-2
-2
-3
-3
-3
-2
-2
-2
-2
-2
-3
-1
-2
-2
-1
0
-1
0
-1
-1
-1
-3
-2
-3
-2
-2
-1
-1
-1
-1
-2
-1
-2
-2
-2
-1
-2
-1
-2
-1
-1
-1
-2
-3
-4
-3
-2
-2
-1
-1
-1
-1
0
-1
0
0
0
-1
-2
0
-1
0
0
0
0
0
1
0
0
1
-1
0
-1
-1
0
-1
0
0
1
2
1
1
0
0
0
0
0
-1
-1
-1
-1
-1
0
-2
-2
-2
-1
-1
-2
-2
-1
-2
-3
-3
-3
-2
-1
-1
0
-1
-2
0
-1
-1
0
0
-1
0
1
2
1
0
0
-2
-1
-1
-1
0
0
-1
-1
0
0
-1
-1
-1
0
-1
-1
-1
-1
-2
-2
-2
-2
-3
-2
-1
0
-1
-1
-1
-1
-2
0
-1
-1
-1
-2
0
-1
-1
1
0
1
0
1
1
0
0
1
0
-1
-1
1
1
1
1
1
1
0
1
1
0
1
1
1
0
1
1
0
0
0
0
-1
-2
-2
-3
-2
-2
-3
-2
-2
-2
-3
-2
-2
-2
-2
-1
-2
0
-1
-1
0
-1
-1
-1
0
0
0
0
0
0
-1
0
-1
0
1
0
1
1
0
0
0
-1
1
0
-1
1
-1
0
1
0
0
2
1
1
1
1
1
2
1
1
2
1
3
4
4
4
4
3
2
3
3
2
2
3
3
3
3
3
4
5
4
4
4
3
4
4
5
4
3
3
3
2
2
3
3
3
3
3
3
3
2
2
2
2
1
-1
1
1
-1
1
0
1
0
0
1
1
0
0
1
0
0
0
0
0
0
0
0
1
1
1
1
1
1
3
3
2
1
2
2
0
0
-1
-2
-2
-1
-1
-2
-2
-3
-4
-3
-3
-4
-2
-2
-2
-2
-3
-2
-3
-3
-2
-3
-3
-3
-2
-3
-2
-3
-2
-1
-2
-1
0
-1
0
0
0
0
1
1
0
1
1
1
0
0
0
1
0
0
0
1
1
1
0
1
0
0
-1
0
-1
0
-1
-1
-1
-1
0
-2
0
0
0
0
0
-2
-1
-2
-2
-2
-2
-3
-2
-2
-1
-2
0
0
-1
0
0
0
-1
-1
-3
-2
-2
-1
-1
0
1
0
0
0
0
-1
-1
0
-1
-1
-1
-1
-2
-2
-1
-1
-2
0
-2
-1
0
-1
0
0
0
0
0
-1
0
-1
1
1
0
2
1
0
-1
0
2
2
2
3
3
2
3
2
2
2
2
1
1
2
2
2
1
1
1
1
1
1
1
1
1
1
0
0
0
-1
-1
-1
-3
-2
-2
-3
-2
-1
-1
-1
-2
0
-1
-1
-1
-2
-2
-1
-3
-3
-2
-1
-1
-1
-2
-1
-1
-1
-2
-1
-1
0
1
1
2
1
1
1
-1
0
1
1
1
3
2
4
3
2
3
2
3
2
2
3
3
2
2
3
2
3
2
2
2
2
2
2
2
3
3
2
2
3
2
2
3
2
2
3
3
1
3
3
3
2
1
0
0
2
2
1
2
2
1
2
2
2
2
2
2
1
1
0
1
0
0
0
-1
0
-1
0
0
0
-1
-1
-2
-1
-1
-2
-2
-2
-1
-1
0
-2
-2
-2
-2
-1
-2
-2
-1
-2
-1
-1
-1
0
-1
-1
0
0
0
0
0
0
0
0
1
1
0
0
1
1
0
0
0
-1
0
0
-1
-2
0
1
0
1
1
2
2
2
2
1
1
1
0
0
1
-1
1
-1
0
1
1
1
1
1
1
2
1
1
1
0
-1
-1
0
-1
-2
-2
-2
-3
-2
-2
-2
-2
-2
-1
-1
-1
-3
-3
-2
-4
-4
-4
-3
-3
-3
-2
-4
-3
-3
-4
-3
-3
-3
-3
-2
-4
-2
-3
-3
-3
-3
-3
-2
-2
-1
-2
-2
-3
-1
-2
