2.363288e+062 -3.841435e+058 -1.006735e+059 -1.782522e+059 -2.606060e+059 -3.354816e+059 -3.908128e+059 -4.152584e+059 -4.012807e+059 -3.440423e+059 -2.435600e+059 1.309298e+056 
2.363286e+062 -3.819495e+058 -1.004317e+059 -1.781204e+059 -2.599550e+059 -3.345642e+059 -3.902109e+059 -4.151033e+059 -4.007945e+059 -3.438253e+059 -2.436650e+059 1.304889e+056 
2.363288e+062 -3.840171e+058 -1.006481e+059 -1.784684e+059 -2.607368e+059 -3.353807e+059 -3.906023e+059 -4.154130e+059 -4.014444e+059 -3.442718e+059 -2.438900e+059 1.310019e+056 
2.363289e+062 -3.844980e+058 -1.006622e+059 -1.782270e+059 -2.604397e+059 -3.352696e+059 -3.903922e+059 -4.151066e+059 -4.012225e+059 -3.442668e+059 -2.437870e+059 1.308810e+056 
2.363289e+062 -3.848923e+058 -1.009627e+059 -1.789206e+059 -2.616353e+059 -3.368898e+059 -3.927276e+059 -4.178912e+059 -4.039965e+059 -3.465032e+059 -2.453160e+059 1.322221e+056 
2.363289e+062 -3.856534e+058 -1.010487e+059 -1.789169e+059 -2.615286e+059 -3.365208e+059 -3.919162e+059 -4.168726e+059 -4.029129e+059 -3.456655e+059 -2.447312e+059 1.319123e+056 
2.363290e+062 -3.843557e+058 -1.008274e+059 -1.786749e+059 -2.612766e+059 -3.363340e+059 -3.916652e+059 -4.165850e+059 -4.025973e+059 -3.451941e+059 -2.443832e+059 1.315964e+056 
2.363288e+062 -3.879758e+058 -1.015966e+059 -1.796395e+059 -2.621957e+059 -3.367377e+059 -3.915347e+059 -4.158516e+059 -4.014182e+059 -3.441248e+059 -2.435571e+059 1.319566e+056 
2.363288e+062 -3.846249e+058 -1.008024e+059 -1.786077e+059 -2.611010e+059 -3.359287e+059 -3.911135e+059 -4.156483e+059 -4.013578e+059 -3.442051e+059 -2.436118e+059 1.312110e+056 
2.363286e+062 -3.841906e+058 -1.007924e+059 -1.781098e+059 -2.602902e+059 -3.348683e+059 -3.896850e+059 -4.140769e+059 -4.000017e+059 -3.429948e+059 -2.427374e+059 1.304447e+056 
2.362540e+062 3.636285e+058 -2.701200e+057 -7.674186e+058 -1.484582e+059 -1.717191e+059 -2.389524e+059 -2.362166e+059 -2.555752e+059 -2.810758e+059 -1.681353e+059 1.674280e+055 
1.920124e+062 4.665722e+061 5.043141e+061 5.864266e+061 1.048960e+062 1.627143e+062 9.823912e+061 1.190959e+062 1.647510e+062 9.798247e+061 6.662379e+061 1.979521e+061 
2.145897e+062 1.125686e+061 1.837153e+061 4.074085e+061 6.102543e+061 9.023399e+061 5.048197e+061 3.005033e+061 3.830737e+061 1.777550e+061 2.214393e+061 2.882221e+060 
2.302294e+062 1.846448e+060 6.610906e+060 1.579644e+061 2.267438e+061 2.565179e+061 1.420244e+061 1.389962e+060 1.235940e+060 4.030900e+060 7.003605e+060 1.428138e+059 
2.315168e+062 -5.613724e+059 3.718739e+060 7.438173e+060 6.577591e+060 5.968747e+060 1.455138e+060 -7.210601e+060 -1.236281e+061 -9.872697e+060 -2.331381e+060 -7.076407e+058 
2.267370e+062 -5.026633e+060 5.325918e+060 1.818259e+061 2.230707e+061 1.741888e+061 2.915229e+060 -1.735136e+061 -2.875602e+061 -2.113391e+061 -5.585349e+060 -3.430266e+059 
2.261329e+062 -7.176766e+060 3.985270e+060 2.022777e+061 2.091844e+061 6.596850e+060 -1.251882e+061 -2.924123e+061 -3.544824e+061 -2.642983e+061 -1.003984e+061 -4.357329e+059 
2.300350e+062 -4.089637e+060 6.313334e+058 3.081990e+060 -5.988487e+060 -1.840753e+061 -2.682777e+061 -3.210634e+061 -3.232144e+061 -2.570349e+061 -1.362292e+061 2.470127e+059 
2.297690e+062 -3.977239e+060 -1.932505e+060 4.131584e+060 -4.746594e+060 -1.615036e+061 -2.579469e+061 -3.542439e+061 -3.230248e+061 -2.549184e+061 -1.391757e+061 2.416653e+059 
2.293703e+062 -5.685198e+060 -1.156669e+060 8.143626e+060 5.824468e+060 -7.756060e+060 -2.467814e+061 -3.760126e+061 -3.647013e+061 -2.460579e+061 -1.069112e+061 4.905501e+056 
2.315529e+062 -3.336190e+060 -2.375124e+060 -1.863210e+060 -1.104097e+061 -2.098791e+061 -2.655669e+061 -3.064571e+061 -2.920424e+061 -2.353070e+061 -1.376141e+061 3.869114e+059 
2.310152e+062 -4.940891e+060 -2.937588e+060 2.492261e+060 -1.538000e+060 -1.404798e+061 -2.848597e+061 -3.729029e+061 -3.348385e+061 -2.249513e+061 -1.065786e+061 2.309331e+059 
2.339878e+062 -3.406003e+060 -6.678650e+060 -1.103532e+061 -1.844199e+061 -2.525648e+061 -2.922394e+061 -3.095064e+061 -2.879795e+061 -2.283071e+061 -1.407668e+061 6.744343e+059 
2.346381e+062 -3.101537e+060 -6.710650e+060 -1.078345e+061 -1.669397e+061 -2.231065e+061 -2.621440e+061 -2.770086e+061 -2.522062e+061 -1.980026e+061 -1.235040e+061 5.524302e+059 
2.356055e+062 -1.938076e+060 -4.760728e+060 -8.084739e+060 -1.166781e+061 -1.484877e+061 -1.693105e+061 -1.734938e+061 -1.579963e+061 -1.262115e+061 -8.271867e+060 2.417982e+059 
2.359324e+062 -8.000769e+059 -1.666695e+060 -2.497626e+060 -3.697065e+060 -5.198001e+060 -6.593661e+060 -7.268448e+060 -6.647126e+060 -5.157173e+060 -3.270671e+060 3.320505e+058 
2.362176e+062 -2.705296e+059 -6.020647e+059 -9.514167e+059 -1.386415e+060 -1.872495e+060 -2.286556e+060 -2.463965e+060 -2.273350e+060 -1.798760e+060 -1.164626e+060 4.167890e+057 
2.362732e+062 -1.868864e+059 -4.804423e+059 -8.360351e+059 -1.200249e+060 -1.517097e+060 -1.727596e+060 -1.787593e+060 -1.669912e+060 -1.376929e+060 -9.339812e+059 2.558468e+057 
2.363120e+062 -7.909427e+058 -2.054453e+059 -3.598029e+059 -5.196424e+059 -6.596198e+059 -7.551636e+059 -7.873765e+059 -7.436035e+059 -6.218196e+059 -4.285358e+059 4.897737e+056 
2.363268e+062 -4.298764e+058 -1.126443e+059 -1.995088e+059 -2.914861e+059 -3.747497e+059 -4.357151e+059 -4.622507e+059 -4.453224e+059 -3.804937e+059 -2.684454e+059 1.625715e+056 
2.363241e+062 -5.390933e+058 -1.411103e+059 -2.494137e+059 -3.633741e+059 -4.654741e+059 -5.393350e+059 -5.699664e+059 -5.471100e+059 -4.656194e+059 -3.269261e+059 2.495541e+056 
2.363274e+062 -4.544298e+058 -1.191007e+059 -2.104977e+059 -3.068721e+059 -3.934820e+059 -4.562710e+059 -4.826807e+059 -4.637215e+059 -3.952866e+059 -2.778952e+059 1.785738e+056 
2.363279e+062 -4.198889e+058 -1.101152e+059 -1.949744e+059 -2.850282e+059 -3.665166e+059 -4.261256e+059 -4.524064e+059 -4.363065e+059 -3.732661e+059 -2.636294e+059 1.556818e+056 
2.363289e+062 -3.849126e+058 -1.010752e+059 -1.792530e+059 -2.620611e+059 -3.375409e+059 -3.932244e+059 -4.181266e+059 -4.039540e+059 -3.464358e+059 -2.451978e+059 1.324567e+056 
2.363289e+062 -3.830309e+058 -1.005346e+059 -1.782288e+059 -2.606897e+059 -3.356363e+059 -3.909342e+059 -4.157854e+059 -4.018356e+059 -3.446173e+059 -2.439426e+059 1.310214e+056 
2.363289e+062 -3.817431e+058 -1.003597e+059 -1.778748e+059 -2.603974e+059 -3.354281e+059 -3.906292e+059 -4.155331e+059 -4.015704e+059 -3.443113e+059 -2.437866e+059 1.307200e+056 
2.363288e+062 -3.813825e+058 -1.003713e+059 -1.778169e+059 -2.607632e+059 -3.357060e+059 -3.908624e+059 -4.158873e+059 -4.018777e+059 -3.447176e+059 -2.441779e+059 1.308884e+056 
2.363289e+062 -3.821650e+058 -1.004314e+059 -1.779832e+059 -2.606284e+059 -3.356360e+059 -3.907909e+059 -4.156696e+059 -4.017477e+059 -3.444548e+059 -2.438304e+059 1.308678e+056 
