2.363286e+062 -3.829673e+058 -1.006710e+059 -1.785328e+059 -2.614874e+059 -3.368185e+059 -3.925202e+059 -4.174745e+059 -4.036334e+059 -3.461128e+059 -2.449986e+059 1.318603e+056 
2.363288e+062 -3.852485e+058 -1.010806e+059 -1.794383e+059 -2.626554e+059 -3.380913e+059 -3.939654e+059 -4.190417e+059 -4.050668e+059 -3.472961e+059 -2.458954e+059 1.329401e+056 
2.363289e+062 -3.827753e+058 -1.003765e+059 -1.781701e+059 -2.607006e+059 -3.357766e+059 -3.912654e+059 -4.162687e+059 -4.023457e+059 -3.450296e+059 -2.442576e+059 1.311270e+056 
2.363290e+062 -3.815510e+058 -1.001444e+059 -1.776823e+059 -2.600192e+059 -3.347964e+059 -3.899883e+059 -4.148822e+059 -4.010215e+059 -3.438322e+059 -2.434037e+059 1.303294e+056 
2.363290e+062 -3.821134e+058 -1.002705e+059 -1.776949e+059 -2.600225e+059 -3.347380e+059 -3.899975e+059 -4.148009e+059 -4.007499e+059 -3.437727e+059 -2.434738e+059 1.303576e+056 
2.363289e+062 -3.837550e+058 -1.007875e+059 -1.788846e+059 -2.616534e+059 -3.370861e+059 -3.928019e+059 -4.175834e+059 -4.036205e+059 -3.461250e+059 -2.449944e+059 1.320541e+056 
2.363288e+062 -3.859207e+058 -1.013016e+059 -1.796728e+059 -2.628144e+059 -3.384425e+059 -3.942683e+059 -4.193702e+059 -4.051839e+059 -3.475139e+059 -2.459478e+059 1.331880e+056 
2.363290e+062 -3.826939e+058 -1.004528e+059 -1.782559e+059 -2.607925e+059 -3.357177e+059 -3.911043e+059 -4.159165e+059 -4.019893e+059 -3.446524e+059 -2.440418e+059 1.310550e+056 
2.363290e+062 -3.825482e+058 -1.004950e+059 -1.782111e+059 -2.609332e+059 -3.360073e+059 -3.913678e+059 -4.162997e+059 -4.022229e+059 -3.450091e+059 -2.442073e+059 1.311973e+056 
2.363290e+062 -3.823025e+058 -1.003552e+059 -1.779666e+059 -2.604876e+059 -3.354861e+059 -3.908072e+059 -4.156968e+059 -4.018566e+059 -3.445802e+059 -2.439529e+059 1.308508e+056 
2.363213e+062 -3.710958e+058 -9.648934e+058 -1.554994e+059 -2.535565e+059 -3.162637e+059 -3.899094e+059 -4.213562e+059 -3.946583e+059 -3.456404e+059 -2.348411e+059 1.226541e+056 
2.343740e+062 -8.261748e+059 8.175859e+059 1.974028e+060 -1.033544e+059 -2.940113e+060 -7.060872e+060 -9.746219e+060 -7.930377e+060 -3.656068e+060 -7.949377e+059 -1.491035e+057 
2.271724e+062 -2.749246e+060 1.161636e+061 2.726732e+061 2.248932e+061 4.991609e+060 -1.636983e+061 -2.435947e+061 -1.283560e+061 2.904144e+060 7.795016e+060 -3.447564e+059 
2.257449e+062 -3.871018e+060 1.162209e+061 3.016960e+061 2.325077e+061 1.838260e+060 -2.424512e+061 -3.089122e+061 -1.583128e+061 6.408666e+059 6.084490e+060 -4.631431e+059 
2.220368e+062 -8.822990e+060 1.148303e+061 4.291883e+061 4.707952e+061 1.743817e+061 -2.545301e+061 -4.495785e+061 -2.894048e+061 -1.328125e+060 9.295183e+060 -1.506350e+060 
2.184266e+062 -1.165785e+061 1.478571e+061 5.715864e+061 6.485059e+061 2.718276e+061 -2.640403e+061 -4.954393e+061 -2.938874e+061 3.058186e+060 1.387070e+061 -2.336823e+060 
2.178993e+062 -1.120732e+061 1.684425e+061 5.973899e+061 6.431086e+061 2.404086e+061 -2.880066e+061 -4.789357e+061 -2.492900e+061 6.054216e+060 1.436549e+061 -2.167545e+060 
2.174420e+062 -1.017994e+061 1.930996e+061 6.192254e+061 6.286058e+061 2.234862e+061 -2.886331e+061 -4.504018e+061 -2.009132e+061 9.974042e+060 1.661701e+061 -1.915475e+060 
2.180660e+062 -1.045306e+061 1.649264e+061 5.679538e+061 5.982014e+061 2.385301e+061 -2.631231e+061 -4.602952e+061 -2.486415e+061 5.689845e+060 1.503166e+061 -1.987943e+060 
2.179414e+062 -1.073742e+061 1.741420e+061 5.942488e+061 6.416664e+061 2.649670e+061 -2.501718e+061 -4.487220e+061 -2.289615e+061 8.617113e+060 1.683230e+061 -2.044354e+060 
2.242064e+062 -4.885557e+060 1.324439e+061 3.204669e+061 2.925462e+061 1.018259e+061 -1.267821e+061 -2.744563e+061 -2.258021e+061 -3.470804e+060 7.073646e+060 -6.841845e+059 
2.353635e+062 -7.345256e+059 4.571436e+059 2.515842e+060 2.722024e+060 2.385227e+059 -2.915446e+060 -4.091194e+060 -2.786439e+060 -8.122342e+059 7.864046e+058 -6.429832e+057 
2.362082e+062 -1.228260e+059 -7.461618e+058 2.160928e+057 -1.616933e+059 -5.827805e+059 -9.932993e+059 -1.098148e+060 -8.626575e+059 -5.317498e+059 -3.221538e+059 2.913095e+056 
2.362771e+062 -1.430633e+059 -3.244443e+059 -5.360908e+059 -7.936168e+059 -1.066090e+060 -1.298205e+060 -1.406439e+060 -1.336505e+060 -1.101340e+060 -7.475936e+059 1.370405e+057 
2.363141e+062 -8.816857e+058 -2.256308e+059 -3.927750e+059 -5.692658e+059 -7.278110e+059 -8.435858e+059 -8.890611e+059 -8.463198e+059 -7.107189e+059 -4.914285e+059 6.100479e+056 
2.363278e+062 -4.318965e+058 -1.106004e+059 -1.942545e+059 -2.850343e+059 -3.697853e+059 -4.344885e+059 -4.630738e+059 -4.453907e+059 -3.787596e+059 -2.664909e+059 1.595462e+056 
2.361375e+062 -7.006214e+057 4.251255e+059 7.592963e+059 4.462123e+059 -2.947101e+059 -6.941800e+059 -3.313188e+059 2.811923e+059 3.790423e+059 3.337518e+058 1.988262e+056 
2.363089e+062 -3.655770e+058 -4.997923e+058 -8.289149e+058 -1.829719e+059 -3.244232e+059 -4.235574e+059 -4.176996e+059 -3.412033e+059 -2.718510e+059 -2.127963e+059 8.972249e+055 
2.363283e+062 -3.824811e+058 -9.933293e+058 -1.758775e+059 -2.583304e+059 -3.341483e+059 -3.903611e+059 -4.152702e+059 -4.007786e+059 -3.433185e+059 -2.430487e+059 1.296274e+056 
2.363288e+062 -3.859139e+058 -1.011290e+059 -1.793532e+059 -2.624787e+059 -3.381390e+059 -3.940846e+059 -4.190728e+059 -4.050570e+059 -3.472123e+059 -2.458452e+059 1.329543e+056 
2.363292e+062 -3.830613e+058 -1.004540e+059 -1.780448e+059 -2.605333e+059 -3.356597e+059 -3.908903e+059 -4.156085e+059 -4.016411e+059 -3.443760e+059 -2.438060e+059 1.309033e+056 
2.363294e+062 -3.803001e+058 -9.982319e+058 -1.769353e+059 -2.589916e+059 -3.334989e+059 -3.883860e+059 -4.129881e+059 -3.992473e+059 -3.424672e+059 -2.423765e+059 1.292835e+056 
2.363291e+062 -3.836933e+058 -1.006722e+059 -1.785269e+059 -2.612101e+059 -3.363616e+059 -3.918526e+059 -4.168909e+059 -4.029577e+059 -3.456411e+059 -2.446704e+059 1.316157e+056 
2.363290e+062 -3.810274e+058 -1.000124e+059 -1.774814e+059 -2.596501e+059 -3.345256e+059 -3.894652e+059 -4.143040e+059 -4.004138e+059 -3.432740e+059 -2.430417e+059 1.299849e+056 
2.363290e+062 -3.787961e+058 -9.944860e+058 -1.763276e+059 -2.581543e+059 -3.325893e+059 -3.873803e+059 -4.118894e+059 -3.980942e+059 -3.414125e+059 -2.417466e+059 1.284967e+056 
