1
0
0
1
0
0
0
-2
0
0
0
0
-1
1
-1
0
0
0
1
1
1
1
0
1
0
0
0
0
1
1
2
1
2
2
2
1
1
2
1
2
3
2
1
1
2
2
2
2
2
1
2
2
1
2
2
1
1
2
1
0
1
1
2
2
0
0
0
1
0
0
0
1
1
1
1
2
2
1
2
1
2
1
2
1
0
1
0
0
-1
-1
-1
-2
-1
-2
-3
-2
-2
-2
-2
-1
-2
-2
-1
-2
-1
-2
-1
-2
-3
-2
-2
-2
-2
-2
-1
-2
-2
-2
-2
-1
-1
-2
-1
-1
-2
-2
-3
-3
-2
-3
-3
-1
-2
-2
-2
-2
-3
-3
-1
-2
-1
-2
-2
-1
-2
-1
-1
0
0
1
1
1
1
0
0
1
0
1
0
0
0
1
1
1
1
1
1
2
1
1
1
2
2
2
1
1
1
2
1
3
2
3
3
3
4
3
4
3
2
1
2
3
1
1
1
1
1
1
1
1
1
2
2
3
2
3
4
2
3
3
2
2
2
2
1
0
2
1
1
1
2
1
2
1
1
2
1
1
0
1
2
1
1
1
0
1
1
-1
1
1
1
0
0
1
1
0
1
-1
-1
-1
-1
0
0
0
0
0
-1
0
-2
-1
-1
0
-2
-2
-1
-2
-1
-2
-2
-2
-3
-2
-3
-2
-2
-3
-2
-3
-2
-2
-1
-1
-2
-1
-1
-1
-1
-2
-2
-2
-2
-2
-3
-2
-1
0
0
1
0
0
0
1
0
1
0
1
0
-1
0
1
-1
-1
0
0
0
0
0
0
1
0
1
0
0
-1
0
0
-1
0
-1
-1
-1
-1
-1
-1
0
-1
0
1
1
1
1
2
0
1
1
1
1
1
2
1
1
1
2
2
1
1
1
1
-1
1
1
1
1
0
0
0
-1
1
0
0
0
1
0
0
0
0
0
0
0
3
2
2
2
2
1
1
2
2
1
2
1
1
1
3
2
2
2
2
3
4
2
2
2
2
2
1
2
2
2
2
2
1
1
1
1
0
1
1
0
1
1
0
-1
-1
-1
-2
-1
0
0
0
0
-1
-1
0
1
1
1
0
0
0
0
1
1
0
1
0
0
0
0
-1
0
0
0
0
0
0
-1
-2
-2
-1
-1
0
0
0
1
0
-2
-2
-1
-1
-2
-3
-1
-2
-1
-1
-2
-2
-1
-1
-2
-2
-2
-2
-1
0
-1
-3
-2
-1
-2
-2
-2
-3
-2
-1
-2
-1
-1
-1
0
-1
1
0
-1
0
0
-1
0
0
0
0
0
0
1
0
0
1
1
1
2
1
1
1
0
0
1
-1
-1
0
0
0
1
0
0
0
2
2
0
2
1
0
0
0
-1
-2
0
0
-1
0
-1
-1
1
-1
-1
0
0
1
0
0
1
0
1
0
1
0
0
-1
1
1
0
-1
0
-1
-1
-1
0
-1
-1
0
0
-1
0
1
0
1
0
1
0
0
0
0
1
0
0
0
0
0
0
1
1
1
0
0
0
0
1
0
1
-1
-1
0
-2
-1
-1
-1
-1
-1
-1
-2
0
-1
-1
-1
1
0
-1
0
-2
-2
-2
-1
-3
-3
-3
-2
-3
-2
-2
-3
-2
-1
-1
-1
-2
-1
-2
-1
-2
-1
-2
-1
-1
-1
-2
0
-1
-1
-1
0
1
1
0
0
0
-1
1
0
2
1
1
3
2
3
2
2
3
2
2
2
3
2
1
0
1
0
0
0
0
0
1
1
1
0
-1
0
-1
0
-1
-2
-1
0
-1
-2
-1
-1
-1
-2
-1
-2
-1
0
-1
-1
-1
-1
-3
-1
0
0
0
0
-2
0
-1
-1
-1
1
0
1
-1
0
0
0
0
0
1
0
0
0
1
0
0
0
0
1
1
1
1
3
0
1
0
0
0
-1
0
0
-1
0
1
0
0
-1
-1
0
-1
0
0
-1
-1
0
0
-1
0
-1
-2
0
-1
0
-1
-1
-1
0
0
-1
1
-1
0
-1
-1
-2
-2
-1
-1
-1
0
0
0
0
-1
-1
-1
0
1
1
0
0
0
0
0
-1
-1
-1
-1
-1
-2
-1
-2
-1
-2
0
0
-1
-1
-1
0
-1
1
-2
-1
-1
-1
-1
0
-1
0
0
0
0
0
0
0
1
1
-1
1
0
0
-1
-1
-1
-1
-1
0
0
2
1
-1
0
-1
-2
0
1
0
0
0
1
-1
0
0
2
1
0
2
1
1
0
1
0
1
1
2
1
1
1
0
1
1
1
1
1
1
0
1
0
1
1
1
1
0
2
1
1
2
1
1
1
0
0
0
1
1
0
0
1
0
0
1
1
1
1
1
1
0
0
0
0
1
0
1
0
2
0
0
1
0
0
2
1
1
2
2
1
3
2
2
2
3
2
2
3
2
2
2
2
3
3
3
3
3
4
2
2
2
2
1
2
1
1
1
2
2
1
2
2
1
2
2
0
1
1
1
1
1
0
0
0
0
1
0
0
1
1
1
0
0
1
0
0
0
0
-1
-2
-1
0
0
0
0
0
1
1
0
0
-1
-1
-1
-2
-1
-1
-1
-2
-4
-2
-2
-2
-2
-2
-2
-1
-2
-3
-2
-1
-2
-1
-1
-1
-1
-2
-2
0
-1
-1
-2
-1
-1
-1
-1
-1
-1
-1
-1
-1
-3
-2
-2
-3
-2
-2
-2
-1
-2
-2
-2
-1
-2
-1
-1
-2
-2
-2
-2
-2
-2
-1
-2
-2
-1
-1
0
-2
-1
-1
0
0
-1
-1
0
0
-1
0
1
1
1
1
1
1
2
2
3
2
2
3
2
2
2
1
1
1
0
0
0
0
0
1
1
2
3
1
2
1
1
1
0
1
-1
0
0
1
1
0
0
1
-1
1
1
1
1
1
2
2
1
1
0
1
1
1
1
1
2
2
0
1
0
-1
0
-1
-1
0
0
0
0
0
-1
1
-1
-1
-1
-2
-2
-2
-2
-2
-2
-1
-1
0
-1
0
-1
0
1
1
0
1
0
0
2
-1
2
1
1
1
1
-1
0
0
0
0
1
0
-1
1
1
0
1
1
0
-1
-1
0
0
-1
-1
-1
0
0
0
0
0
0
0
-2
-1
-1
0
0
0
0
1
0
0
1
1
1
0
1
1
1
0
0
0
0
-1
-1
0
0
0
-1
-1
-1
0
0
0
0
-1
1
-1
0
2
2
1
2
2
2
2
3
1
1
0
2
1
2
3
2
2
3
2
3
2
2
2
2
2
2
3
3
3
1
1
2
2
1
2
1
0
0
0
0
0
0
0
0
-1
-1
-2
-1
-2
-2
-3
-2
-3
-3
-2
-2
-1
-3
-2
-1
-1
-1
-3
-2
-2
-2
-3
-3
-3
-2
-3
-4
-3
-3
-3
-2
-3
-3
-2
-1
-1
-2
-1
-1
-1
-1
-1
-1
0
-1
0
0
0
-1
-1
-1
-1
-2
-1
-1
0
0
-1
0
1
0
0
0
1
0
0
0
-1
-2
-1
0
0
0
0
-1
0
0
1
1
0
1
0
0
0
-1
0
-1
-1
-1
-1
-1
-1
-2
-1
-1
-1
2
2
1
1
2
3
4
2
2
0
0
0
-1
-1
-1
-1
-1
-1
-1
-1
1
2
1
2
2
3
2
2
3
2
2
1
1
1
0
1
0
-1
-1
-1
-1
1
0
2
2
3
4
3
3
3
1
1
-1
-1
-3
-3
-3
-3
-2
-2
-1
0
1
3
4
5
6
6
5
5
3
4
2
1
1
-1
-3
-4
-5
-5
-6
-5
-5
-4
-3
-1
0
0
3
1
2
1
0
0
0
-1
-1
0
-1
0
1
3
4
5
6
7
7
6
6
4
2
0
-2
-5
-8
-11
-14
-15
-15
-14
-13
-13
-9
-7
-3
2
7
12
16
22
24
28
28
26
24
20
14
4
-4
-14
-20
-29
-35
-39
-40
-40
-38
-31
-26
-16
-5
3
12
21
27
31
36
36
32
28
23
14
6
-1
-8
-15
-20
-24
-23
-23
-19
-17
-11
-5
-1
5
11
15
19
21
21
20
17
13
9
3
-2
-6
-11
-13
-16
-16
-18
-18
-15
-12
-8
-3
2
7
12
14
17
16
17
14
12
12
8
5
3
0
-4
-7
-9
-10
-11
-10
-9
-7
-4
-2
-3
-2
-1
-1
-2
-2
-2
0
-2
-2
-3
-4
-5
-6
-6
-6
-4
-3
-1
0
-1
0
3
2
3
3
3
3
4
5
4
3
2
2
1
1
1
0
0
0
-2
-1
1
-1
-2
-2
-1
0
1
4
4
6
6
6
6
5
5
5
3
3
1
1
-1
-4
-7
-7
-9
-8
-7
-7
-7
-5
-3
-1
-1
-1
0
1
3
5
5
5
7
6
5
3
4
2
2
1
0
-1
-2
-2
-4
-4
-5
-4
-5
-4
-2
-1
-1
1
2
2
2
3
3
3
4
4
3
3
1
0
1
0
-1
0
1
0
2
3
3
1
1
1
0
-2
-2
-2
-2
-2
-2
-4
-2
-1
-2
-1
0
1
1
4
3
2
4
2
3
1
0
-1
-1
-1
-2
-3
-3
-2
-3
-2
-1
0
1
2
2
3
3
3
3
3
3
1
0
0
-1
-2
-4
-3
-4
-4
-5
-5
-3
-3
-2
0
-1
1
2
3
3
4
3
3
3
1
2
-1
-2
-3
-3
-5
-6
-5
-7
-6
-6
-5
-2
-3
-2
0
1
2
4
6
6
6
7
6
4
5
1
0
0
-1
-3
-4
-5
-6
-6
-7
-7
-5
-4
-4
-3
1
3
4
6
6
8
9
8
9
8
8
7
5
3
2
2
1
-2
-1
-4
-4
-4
-4
-5
-4
-3
-2
-2
-1
1
2
3
4
5
4
5
4
3
3
1
0
0
-1
-1
-2
-1
-2
-2
-1
-1
0
1
1
0
1
1
1
1
1
2
2
2
2
2
2
2
2
1
2
2
2
2
2
2
3
1
1
1
-1
0
0
1
0
0
0
-3
-3
-4
-3
-5
-5
-3
-4
-4
-3
-2
-2
-2
-1
-1
-1
1
1
1
3
3
2
1
2
1
2
1
2
1
-1
0
-3
-3
-3
-5
-5
-3
-3
-2
-1
-2
0
-2
1
0
1
-1
0
-1
-1
-1
-2
-1
-3
-2
-3
-4
-3
-3
-2
-2
-1
0
-1
1
0
0
2
1
1
1
3
2
2
1
1
1
2
1
2
1
2
1
1
1
1
0
0
0
1
0
1
1
1
2
1
2
1
1
0
1
0
1
1
0
0
1
1
0
0
2
1
1
2
1
1
1
1
0
0
0
1
2
1
1
0
1
0
1
1
0
1
-1
1
1
2
1
0
0
-1
-1
-1
-1
-2
-2
-1
-1
-2
0
0
-1
-1
-1
0
-1
0
-1
0
0
0
-1
-2
-1
-1
-2
-1
-1
-2
-2
-2
-2
-3
-3
-3
-2
-3
-1
-1
-2
-1
-1
-2
-1
-1
0
-1
0
0
0
0
-1
0
-2
-1
-2
-2
-1
-2
-1
-1
0
0
-2
-1
-1
-1
-1
0
0
-1
-1
-1
-1
-1
-1
-1
-1
1
1
1
1
0
-1
-1
0
-1
-1
-1
-1
0
-1
0
0
0
0
1
1
2
1
0
1
0
0
-1
-2
0
-1
-2
-1
0
1
-1
0
1
2
3
2
2
3
3
3
2
1
2
1
2
2
1
1
1
2
1
2
2
1
2
1
1
2
1
0
0
0
0
0
-2
-1
-2
-2
-2
-1
-1
-2
-1
-1
-1
0
-1
-1
0
1
0
-1
0
-1
-1
-1
-2
0
-1
-1
-1
-2
-1
-1
-2
-1
-1
-4
-1
-1
-2
-2
-2
-2
-1
-1
-2
-1
0
1
2
1
2
2
1
2
2
1
1
1
0
-1
-1
0
-1
-1
-4
-3
-4
-3
-3
-4
-2
-3
-2
-1
-1
-1
0
0
0
1
2
2
2
1
2
1
1
2
1
0
1
1
2
2
1
1
1
2
2
1
2
2
2
1
1
1
2
2
2
2
2
1
3
2
2
2
0
1
1
-1
0
0
0
1
1
1
1
1
0
3
2
1
1
2
2
0
1
1
0
-1
0
0
0
1
-1
0
0
-1
1
-1
0
1
1
2
1
2
2
2
3
1
-1
0
-1
-3
-1
-2
-2
-2
-1
-1
-2
-2
-2
-4
-2
-3
-4
-2
-2
-2
-2
0
0
-1
1
1
2
4
4
2
1
2
1
1
1
1
-1
-1
1
1
0
-1
-2
-1
-1
-1
1
0
-1
-2
-2
1
1
0
0
-1
-2
-2
0
-2
-4
-3
-4
-1
-2
0
-1
-1
-2
-5
-3
-1
-2
-3
-2
-4
-4
-5
-2
-2
-4
-2
-1
-2
-1
-1
-2
-2
-2
-3
-3
-1
-2
-3
-1
-1
-2
-1
1
0
0
1
3
5
2
2
3
0
0
1
2
1
0
1
2
1
3
3
3
4
2
3
2
1
1
2
2
0
0
2
2
0
-1
0
0
-1
-1
-1
-2
-4
-6
-6
-1
-2
-4
-3
-1
-1
1
3
5
4
2
5
4
3
5
1
0
-2
-1
2
1
-2
-1
2
2
1
5
10
7
3
5
6
6
7
6
5
6
4
4
7
6
2
3
3
-1
-4
-1
1
-5
-9
-4
1
-2
-2
5
1
-1
1
6
10
1
-3
-2
0
-1
-1
3
3
-2
-3
4
7
6
4
5
6
3
2
4
6
1
-5
-1
3
-6
-4
6
2
-8
-7
-3
-6
-5
-3
-8
-7
-6
-9
-2
3
-1
-5
1
3
-1
0
5
1
-5
-2
3
3
-2
1
0
-2
-5
-3
-2
-2
-5
-7
-4
-7
-8
-3
2
-5
-9
-1
10
10
0
-5
0
-3
-12
-4
5
-2
-15
-6
-1
-5
-7
3
7
-3
-2
6
11
8
7
-6
0
6
2
4
15
15
-12
3
20
9
2
19
5
-8
3
12
10
5
8
-11
-12
4
9
-2
-3
-5
-15
-11
11
3
-12
0
-9
-24
-8
23
-4
-9
2
-7
-15
1
22
-3
-4
7
-6
-3
16
10
-6
-5
-11
-21
13
19
-17
-18
-1
-1
-4
28
20
-10
-4
8
5
11
10
-2
-2
-8
-8
4
27
15
-10
-1
25
18
3
25
23
-15
-24
15
19
-10
-2
6
-9
-9
4
4
-6
3
-11
-25
14
-1
-41
-7
13
-44
-48
15
18
-37
-13
11
-8
-11
3
31
4
-11
-3
50
28
4
22
33
1
-7
38
30
15
5
-17
8
21
-21
-39
7
27
-59
-42
34
-18
-75
9
43
-29
-47
15
34
-1
9
-11
-7
4
10
2
31
6
-44
-7
42
12
-64
9
39
-33
-22
46
1
-40
23
13
-16
7
19
-1
15
37
-23
2
59
20
-12
56
45
-26
0
65
37
-40
34
24
-20
-18
41
6
-31
-9
-25
33
3
-27
-33
27
-25
-26
-10
23
-14
-37
-30
1
5
-38
33
-6
-39
-1
37
-48
24
38
-80
-10
53
-49
-54
95
-15
-123
50
45
-85
54
67
-78
-3
74
-27
1
91
-19
-35
43
28
-32
58
-5
-71
25
14
-40
16
38
-80
-42
34
-30
-42
32
-36
-70
10
6
-63
20
16
-99
-20
72
17
-47
31
-2
-29
19
7
-9
34
33
-29
14
31
2
-33
41
42
-45
17
72
26
-24
22
39
-13
0
41
12
-17
27
-27
-42
-2
14
-68
-29
17
-67
-25
29
-29
-75
-14
-3
-52
9
6
-36
35
-16
-29
23
59
-66
20
87
-33
1
51
26
-26
61
-5
-20
40
10
-20
40
33
-41
12
31
-20
18
2
-9
-7
18
3
0
0
-44
31
-3
-3
8
23
-27
3
34
-19
26
36
-18
1
43
-14
-2
13
6
-8
5
-14
-19
15
-26
7
-15
-52
-43
20
19
-70
20
-31
-65
9
24
-45
-19
38
-29
-19
57
11
-36
26
-18
-22
53
47
-53
30
13
-59
29
30
-26
-34
24
-22
-31
24
-27
-37
7
-4
-58
11
33
-29
-4
21
-12
-10
3
25
25
-27
21
28
4
24
54
18
-11
50
10
14
49
22
-50
46
30
-63
14
54
-48
-17
45
-36
-35
33
-5
-60
27
-1
-39
7
5
-60
5
-2
-54
23
42
-21
-17
27
-13
11
23
15
6
31
7
-17
65
28
-26
36
40
-26
33
36
3
15
43
-23
-41
87
-13
-49
54
19
-65
24
68
-35
-9
37
-32
-2
44
-23
-15
46
-25
-76
61
31
-29
-3
44
-35
1
46
-25
-4
42
-30
-38
60
19
-28
20
22
-64
17
42
-26
4
41
-39
-31
48
13
-40
28
1
-46
32
40
-15
-6
28
-63
-10
41
-25
-28
37
-14
-43
19
32
-30
-1
12
-43
9
58
-38
-15
30
8
-66
49
35
-39
30
18
-35
8
23
-7
-15
49
-53
-21
42
-18
-9
8
-30
-52
30
-27
-29
15
2
-42
14
-19
-24
15
-7
-17
-11
28
-8
33
10
-13
13
2
-30
39
60
-16
-10
39
12
-42
5
30
-32
-33
26
-26
-15
62
-38
-62
-29
38
-79
-35
70
-55
-54
15
6
-107
-3
18
-70
-32
44
9
-33
19
2
-15
-33
39
43
-42
20
83
-24
-31
58
30
-90
85
62
-103
37
99
-69
-94
97
-12
-127
38
77
-72
-31
52
-48
-46
-4
16
-49
23
20
-68
10
58
-42
-56
41
3
-64
27
98
-72
-22
27
-39
-34
29
-3
-46
8
47
-65
28
27
-54
-37
38
39
-31
55
32
-24
-62
89
28
-85
57
60
-65
5
137
-20
-72
74
15
-92
84
124
-65
-18
95
3
-72
65
66
-76
-9
100
6
-57
43
82
-113
-61
115
2
-107
36
116
-119
-47
95
-18
-130
96
61
-126
36
74
-10
-106
123
14
-117
49
125
-14
-94
100
35
-128
6
100
-52
-104
68
55
-156
55
35
-137
-40
74
19
-102
59
51
-80
-56
97
-11
-86
42
50
-42
-62
145
-32
-160
56
91
-97
-52
140
-31
-143
105
70
-163
-44
157
-83
-118
177
43
-179
32
148
-167
-36
191
-83
-173
228
54
-249
106
145
-215
-84
282
-104
-198
196
109
-248
32
205
-163
-141
199
-12
-155
118
71
-239
56
199
-213
-65
232
-35
-239
152
139
-223
-68
147
-19
-129
92
59
-105
13
73
-59
-47
157
-41
-99
149
36
-126
-8
127
-124
-22
116
15
-59
51
12
-112
166
-20
-95
12
129
-73
-37
135
-77
-72
50
0
-87
119
33
-114
51
95
-84
-79
140
16
-119
66
98
-67
-27
60
-69
-35
77
-3
-103
147
27
-223
99
107
-185
-33
181
-60
-121
168
-19
-225
184
53
-243
121
179
-233
-45
314
-196
-205
301
-30
-310
263
154
-377
149
297
-338
-117
424
-133
-306
338
106
-345
149
225
-359
41
275
-260
-82
366
-126
-337
391
82
-410
206
268
-321
4
353
-168
-135
303
-96
-237
329
76
-343
208
243
-361
17
349
-192
-260
365
-38
-264
220
79
-286
81
233
-292
-10
291
-146
-201
281
18
-292
161
115
-203
-20
276
-187
-136
302
-89
-241
200
140
-308
44
296
-215
-159
278
-81
-156
166
32
-226
152
187
-287
85
210
-186
-137
276
54
-272
172
16
-128
44
73
-73
-49
77
-83
11
85
-21
-154
63
49
-69
-42
113
-16
-161
146
63
-75
-14
83
-54
29
135
-89
-18
145
-91
-52
162
-6
-225
153
142
-234
52
169
-189
-76
232
-96
-157
168
-48
-162
224
54
-262
124
138
-184
-49
279
-109
-155
156
21
-78
11
75
-99
22
18
-61
59
53
-73
-6
0
9
-7
-22
1
98
-66
-54
121
-12
-76
43
52
-118
80
69
-116
19
138
-146
-76
205
-46
-130
145
41
-110
2
47
3
-34
65
-100
-25
169
-58
-60
63
7
-149
33
135
-33
-93
46
34
-52
47
-52
-58
65
-51
-44
115
43
-205
44
117
-132
-24
137
-55
-101
141
-43
-58
95
-55
-177
178
75
-237
57
164
-166
-54
154
-49
-134
135
1
-136
146
8
-172
76
100
-197
61
102
-91
-98
156
-65
-114
129
-17
-168
141
62
-213
121
62
-132
-81
161
-58
-72
57
16
-90
99
-12
-111
142
-5
-140
58
206
-192
-38
116
-15
-62
41
36
-56
51
-17
-36
153
-40
-157
127
53
-81
-63
146
-55
-87
91
-14
-27
26
-35
-55
169
-35
-113
38
183
-198
6
181
-96
-89
103
54
-110
82
-7
-95
100
64
-168
100
132
-191
-16
243
-148
-118
152
23
-109
138
11
-172
182
34
-155
-30
276
-219
-77
179
27
-177
81
53
-178
159
-43
-71
77
107
-258
60
205
-183
-109
182
17
-187
169
-16
-95
73
-14
-132
141
37
-190
34
196
-155
-127
214
-72
-102
41
114
-97
12
-17
-50
150
-93
-87
79
88
-162
42
134
-114
-85
92
-50
14
70
-102
-21
96
-52
-134
188
-13
-205
93
148
-153
-7
172
-184
-6
121
-63
-40
177
-85
-153
251
11
-266
161
158
-297
29
301
-202
-144
264
-83
-232
194
120
-255
138
151
-212
-1
225
-184
-114
312
-100
-196
225
134
-265
62
181
-172
-46
202
-48
-132
201
-8
-150
207
-7
-189
155
129
-120
-41
247
-156
-108
317
-134
-78
170
7
-129
172
85
-186
1
203
-148
11
212
-156
-42
151
-49
-43
163
-5
-186
186
64
-146
73
76
-75
1
84
-55
11
50
-60
-7
80
-138
-16
124
-3
-102
5
70
-57
-59
48
81
-129
-35
43
101
-55
-46
19
40
-72
14
113
-75
42
-94
-10
105
-70
-75
-67
183
-126
-90
113
12
-129
-51
118
-41
-49
-4
66
-12
-34
-62
35
-7
19
-36
36
7
35
-59
26
81
-107
-16
58
3
-108
148
-12
-187
60
141
-187
-23
205
-115
-122
184
22
-165
42
13
-55
-6
132
-230
10
159
-125
-149
93
80
-275
71
199
-133
-132
77
38
-64
40
-58
27
78
-6
-59
78
76
-187
-40
145
77
-159
-2
134
-13
-108
51
43
-62
-4
55
-7
50
-91
10
-6
91
-65
-37
126
3
38
-8
59
-45
-43
27
37
35
19
-44
37
20
-21
8
12
-68
93
56
-91
51
81
-49
-154
129
54
-162
45
128
-38
-66
79
-78
-5
119
-45
-123
212
14
-175
80
165
-171
-137
228
5
-90
88
57
-124
61
50
-118
55
74
-92
-49
140
-35
-155
67
38
-167
-20
138
-118
-25
59
-39
-102
-11
47
-76
-12
18
40
-64
-9
9
-5
-41
11
25
19
33
-87
-11
119
-70
-92
66
111
-72
2
158
-66
-57
65
-27
21
80
-113
2
125
-45
-172
128
61
-198
57
124
-99
-31
114
-92
-34
45
-60
-24
88
19
-164
80
76
-139
-10
137
-131
-66
123
22
-169
61
18
-117
12
28
-44
-8
53
-83
29
46
-87
-3
78
-28
-81
117
-17
-73
40
49
-68
14
73
-39
-11
96
6
-3
20
27
-36
29
33
-21
-11
6
13
-117
116
56
-144
-28
114
14
-121
119
28
-111
-3
59
-54
72
10
-133
90
74
-113
-15
144
-19
-113
119
43
-76
111
-51
-41
65
23
-49
103
52
-169
40
127
-106
-38
134
-6
-120
92
33
-59
14
28
-55
-57
160
-49
-64
110
-23
-118
32
85
-78
-39
85
-68
-83
86
-27
-103
31
79
-99
-20
71
13
-85
-7
67
-65
-12
75
27
-73
58
22
-104
57
81
-74
-52
112
-46
-116
92
37
-154
-19
109
-88
-55
114
-74
-106
57
24
-78
0
107
-111
-49
115
-22
-100
66
20
-88
7
47
-50
-78
91
-86
-28
75
9
-79
7
71
-74
-5
71
-48
-3
17
55
-52
10
-12
-24
33
36
12
-89
66
15
-47
15
48
-48
-47
63
64
-74
10
29
-61
31
19
56
-45
29
-6
-24
35
20
-18
-20
9
25
20
-33
58
-53
-31
4
43
-19
-9
0
-30
-19
4
9
-58
57
14
-43
23
29
-9
-20
14
17
-10
60
23
-22
-12
32
-34
27
42
9
-27
1
4
-22
28
-25
-11
-40
16
-8
25
-21
22
-13
-36
38
48
0
-17
86
-51
-10
63
17
-45
50
1
-60
54
38
-34
-48
48
17
-55
55
50
-56
-57
43
61
-72
51
22
-71
-7
64
32
-38
74
-42
-21
22
110
-42
-34
64
-29
-21
0
89
-55
-48
76
-7
-78
41
74
-108
-53
85
-13
-71
33
47
-88
-17
59
-40
-11
50
-27
-69
60
64
-56
-11
32
0
-121
98
67
-90
-32
56
-8
-88
120
6
-36
-18
23
22
-1
96
-47
1
19
-18
13
59
56
-73
40
-5
41
12
1
16
7
0
-38
48
1
-42
-24
-4
-9
-26
-8
19
-14
-37
35
16
-66
2
44
-39
-31
78
5
-64
46
-21
-25
2
30
19
-28
-21
19
-13
-42
12
25
-89
-15
71
-63
-27
32
-53
-80
56
-10
-78
51
-8
-31
-18
12
-12
7
19
-51
61
-18
-22
52
16
-15
2
18
-28
62
-2
-11
14
-13
-5
29
18
-42
10
3
3
32
-19
-9
3
-6
-16
16
10
-29
0
21
-11
-25
24
-34
-14
-23
13
20
2
-45
-27
-17
-36
8
19
0
-37
2
-25
-7
0
18
-8
9
-5
15
42
-51
0
-6
4
-20
43
16
-14
-16
7
-28
9
57
-43
32
3
-12
3
38
-6
-42
38
29
27
16
32
-18
15
15
38
5
35
9
-5
52
-38
-9
26
10
-41
38
20
-26
-18
45
-34
-30
39
-30
2
44
0
-43
59
-11
-27
41
55
-46
-11
81
-39
-7
47
-14
-36
29
-1
-32
20
1
-35
11
25
-37
0
51
-9
-23
4
34
-2
-13
65
6
-22
-2
27
-13
20
48
-17
7
14
18
-44
32
25
-51
23
75
-19
-35
51
-28
-55
53
86
-54
10
23
-46
-17
81
15
-76
27
-2
-48
-19
35
-39
-56
-19
-25
-9
-42
0
-36
-42
-31
-25
8
-55
7
-28
-47
12
22
-70
-30
33
-61
-29
51
15
-62
-22
-10
-42
-7
15
15
-13
-19
22
-6
19
30
-41
-14
32
59
25
19
6
-6
-20
33
88
26
-2
30
23
15
78
29
-13
58
57
0
45
93
-15
-39
53
53
28
26
35
-37
-1
-21
-1
21
8
-41
-41
-8
4
-51
-32
-22
-49
-4
-10
-30
-36
-31
-51
-63
-8
7
-76
-39
-36
-52
-33
0
-36
-20
-26
-94
-46
33
-37
-56
15
-26
-70
-9
25
-36
-17
4
-29
-9
26
13
-24
-9
14
-30
33
63
18
-21
52
68
-14
60
77
8
-8
79
69
14
70
45
-17
29
105
35
28
83
21
1
88
45
2
45
47
18
18
58
34
17
34
58
17
-18
54
45
12
13
15
-8
-12
18
-36
-38
-4
-26
-46
-32
-45
-86
-37
-50
-80
-73
-53
-83
-87
-58
-115
-120
-90
-77
-60
-91
-118
-137
-106
-74
-39
-79
-120
-122
-77
-47
-8
-30
-110
-101
-30
5
16
39
-32
-41
-1
69
86
93
61
19
67
136
144
133
108
61
76
161
185
164
87
99
74
145
168
160
121
68
81
92
140
111
94
56
58
51
94
105
67
21
-11
59
57
48
41
11
-45
-2
42
31
22
11
-61
-61
-6
0
-33
-3
-40
-111
-81
-50
-73
-93
-75
-133
-117
-130
-124
-120
-167
-198
-191
-187
-180
-185
-196
-266
-250
-246
-226
-202
-220
-264
-254
-216
-198
-208
-172
-190
-214
-153
-99
-68
-108
-70
-71
-39
11
48
79
59
50
114
143
165
181
196
190
201
237
264
262
255
241
287
301
289
293
288
259
273
289
289
283
272
213
218
249
232
203
215
196
135
168
173
145
138
131
100
91
115
119
75
72
54
50
70
66
49
33
31
32
19
25
-3
-22
-54
-27
-25
-79
-112
-135
-169
-204
-187
-201
-264
-307
-322
-353
-370
-351
-391
-441
-440
-433
-454
-456
-457
-483
-475
-450
-410
-441
-446
-428
-397
-339
-323
-311
-275
-309
-275
-179
-134
-133
-87
-45
-38
26
110
103
142
209
228
272
367
377
353
408
477
482
537
593
558
558
616
647
654
662
648
617
623
648
627
608
574
513
484
471
459
378
320
291
220
201
176
119
20
-19
-41
-95
-124
-149
-214
-247
-260
-278
-310
-325
-361
-387
-383
-371
-377
-399
-413
-426
-443
-425
-412
-431
-432
-442
-468
-440
-445
-477
-443
-455
-515
-480
-459
-484
-517
-490
-527
-570
-500
-531
-576
-549
-559
-615
-539
-534
-561
-550
-470
-495
-428
-343
-341
-292
-72
-6
-27
99
246
287
454
654
687
694
829
949
985
1150
1201
1134
1148
1223
1222
1213
1219
1152
1034
999
985
930
806
725
620
517
436
376
260
140
77
2
-88
-137
-219
-309
-348
-375
-369
-414
-440
-458
-408
-382
-414
-318
-299
-319
-205
-118
-164
-129
-4
-30
-17
174
113
11
141
187
85
143
215
21
-19
82
-45
-107
-66
-192
-351
-319
-323
-499
-523
-533
-695
-757
-708
-746
-868
-858
-862
-943
-914
-865
-926
-984
-889
-873
-877
-819
-777
-802
-758
-642
-544
-528
-412
-358
-231
10
1
91
282
435
504
741
896
823
916
1144
1169
1275
1396
1362
1287
1356
1439
1387
1341
1328
1197
1073
1029
1024
861
714
651
496
360
275
158
-4
-115
-189
-308
-413
-477
-608
-685
-697
-710
-773
-792
-793
-793
-766
-633
-588
-611
-520
-436
-363
-235
-91
-89
-69
94
123
181
318
298
272
352
398
349
370
366
246
230
257
157
66
-5
-98
-182
-220
-293
-441
-563
-601
-684
-718
-749
-823
-978
-1002
-943
-1028
-1032
-1008
-1088
-1132
-1021
-989
-1024
-929
-909
-944
-788
-591
-603
-461
-133
-234
-166
203
405
393
706
942
848
1034
1362
1347
1446
1629
1642
1618
1758
1825
1728
1690
1709
1616
1516
1495
1386
1224
1071
992
849
712
568
379
223
101
-47
-184
-325
-459
-610
-688
-779
-858
-943
-1002
-1013
-1032
-991
-998
-958
-928
-772
-689
-699
-521
-433
-378
-192
-20
-51
2
218
214
263
479
411
308
453
507
378
434
453
244
184
249
102
-37
-31
-203
-385
-362
-448
-665
-705
-748
-893
-951
-961
-1076
-1162
-1152
-1167
-1204
-1187
-1226
-1248
-1213
-1162
-1066
-1071
-1032
-974
-821
-735
-567
-239
-283
-282
83
334
436
676
938
862
993
1386
1469
1531
1723
1730
1725
1873
1991
1930
1873
1884
1814
1740
1695
1585
1423
1257
1145
1019
859
694
491
326
177
17
-178
-340
-480
-629
-728
-818
-972
-1085
-1136
-1156
-1170
-1165
-1178
-1218
-1137
-1040
-895
-837
-792
-672
-577
-406
-216
-89
-82
25
211
266
391
531
468
468
601
610
565
627
540
408
432
388
241
207
118
-47
-109
-207
-361
-449
-539
-646
-726
-805
-936
-1006
-1022
-1133
-1118
-1172
-1231
-1274
-1228
-1208
-1213
-1146
-1144
-1128
-990
-850
-765
-489
-407
-466
-185
167
328
476
749
777
848
1227
1426
1486
1638
1689
1705
1829
1959
1937
1871
1872
1831
1760
1682
1565
1448
1290
1186
1074
894
687
469
333
211
20
-139
-345
-546
-662
-769
-885
-1029
-1153
-1233
-1281
-1270
-1279
-1331
-1331
-1251
-1174
-1069
-987
-920
-805
-613
-449
-334
-162
-118
1
219
326
389
491
530
542
674
751
669
638
650
562
547
548
445
282
198
134
-12
-104
-188
-390
-512
-548
-662
-829
-920
-963
-1122
-1099
-1148
-1270
-1329
-1365
-1329
-1330
-1308
-1310
-1341
-1325
-1194
-1064
-931
-858
-600
-524
-552
-193
146
305
452
726
774
857
1283
1482
1525
1723
1776
1783
1920
2069
2057
2027
2048
1978
1869
1816
1702
1610
1479
1365
1203
979
773
596
454
342
163
-67
-322
-496
-620
-748
-821
-983
-1150
-1245
-1296
-1326
-1332
-1334
-1352
-1313
-1205
-1151
-1124
-970
-815
-739
-541
-378
-363
-267
-16
89
186
396
402
354
503
611
592
642
690
547
526
583
477
414
382
251
107
53
-10
-157
-278
-344
-487
-586
-634
-742
-824
-910
-928
-1024
-1050
-1058
-1158
-1119
-1096
-1154
-1136
-1079
-1083
-1026
-916
-762
-749
-572
-318
-383
-201
148
367
428
630
844
825
1088
1451
1468
1560
1678
1683
1726
1892
1995
1888
1857
1843
1688
1627
1585
1489
1360
1209
1054
816
648
526
331
241
85
-215
-432
-576
-699
-828
-876
-1034
-1232
-1296
-1372
-1404
-1371
-1375
-1389
-1373
-1233
-1233
-1196
-1022
-909
-729
-555
-448
-433
-313
-84
92
261
349
339
349
463
637
709
734
697
604
603
627
617
580
501
381
253
216
120
-18
-66
-195
-295
-381
-539
-617
-710
-725
-820
-871
-997
-1077
-1056
-1097
-1090
-1123
-1152
-1164
-1137
-1072
-1045
-945
-861
-715
-498
-591
-446
-130
113
226
433
533
547
803
1169
1254
1339
1422
1395
1509
1726
1795
1769
1691
1679
1583
1567
1545
1464
1347
1190
1073
879
715
582
444
345
206
-45
-272
-451
-514
-629
-703
-857
-1061
-1186
-1221
-1218
-1209
-1214
-1274
-1274
-1218
-1127
-1055
-961
-767
-668
-604
-434
-280
-253
-52
220
218
306
499
459
483
745
804
657
769
782
593
672
771
598
529
526
346
208
233
119
-60
-75
-189
-375
-442
-536
-645
-699
-747
-847
-936
-1007
-1051
-1077
-1094
-1125
-1120
-1160
-1131
-1083
-1092
-1017
-889
-812
-650
-478
-590
-412
-30
166
226
447
514
545
886
1212
1203
1282
1364
1396
1504
1692
1708
1632
1614
1621
1538
1511
1455
1356
1245
1138
1008
813
659
517
401
316
128
-156
-337
-475
-534
-613
-745
-935
-1089
-1161
-1159
-1146
-1165
-1223
-1257
-1207
-1142
-1076
-961
-810
-736
-661
-500
-396
-274
-73
101
159
251
401
433
514
693
731
708
787
794
706
760
801
698
661
636
475
367
330
237
85
20
-102
-334
-380
-419
-611
-675
-724
-906
-992
-966
-1064
-1172
-1121
-1171
-1266
-1198
-1183
-1219
-1188
-1087
-1078
-981
-801
-744
-532
-479
-404
-88
168
236
395
603
666
872
1204
1260
1279
1416
1468
1546
1703
1760
1687
1634
1658
1593
1530
1490
1397
1289
1130
999
845
679
566
419
270
77
-141
-299
-450
-522
-657
-796
-931
-1061
-1119
-1144
-1169
-1192
-1232
-1179
-1146
-1126
-946
-922
-862
-626
-528
-495
-309
-149
-154
74
348
266
351
539
508
574
823
815
662
775
778
659
760
781
577
517
515
320
228
235
70
-99
-155
-289
-476
-521
-589
-755
-806
-920
-1026
-1077
-1119
-1162
-1207
-1201
-1297
-1276
-1245
-1224
-1185
-1123
-1086
-954
-849
-624
-566
-552
-281
25
182
273
471
550
669
1065
1241
1226
1329
1365
1438
1598
1752
1711
1619
1612
1567
1536
1536
1431
1351
1185
1040
894
758
627
456
324
176
-90
-277
-408
-530
-623
-749
-891
-1072
-1151
-1192
-1211
-1183
-1221
-1259
-1203
-1173
-1115
-996
-840
-780
-646
-502
-460
-313
-87
17
171
331
367
412
535
669
739
828
831
756
788
820
828
842
755
637
558
499
417
345
249
74
-55
-146
-289
-377
-478
-604
-707
-816
-919
-1011
-1055
-1098
-1161
-1177
-1252
-1296
-1258
-1184
-1171
-1149
-1108
-1000
-936
-715
-500
-559
-424
-86
112
185
431
587
587
865
1190
1178
1267
1409
1435
1508
1676
1711
1615
1607
1632
1528
1504
1438
1311
1196
1073
953
768
620
485
306
186
20
-204
-385
-493
-585
-735
-853
-984
-1116
-1161
-1164
-1192
-1212
-1239
-1203
-1157
-1093
-1018
-926
-811
-670
-539
-449
-355
-222
-53
117
245
331
371
412
558
681
747
769
742
693
727
793
759
700
643
527
432
411
334
186
119
10
-151
-236
-337
-491
-571
-591
-746
-835
-908
-1042
-1081
-1047
-1087
-1174
-1190
-1250
-1215
-1103
-1111
-1101
-958
-902
-830
-526
-516
-525
-192
83
135
304
520
494
691
1073
1143
1151
1288
1329
1378
1543
1659
1586
1527
1530
1473
1439
1398
1310
1192
1049
938
788
627
504
342
209
86
-116
-319
-439
-521
-634
-749
-868
-1004
-1082
-1091
-1094
-1111
-1125
-1108
-1060
-1031
-937
-838
-748
-620
-467
-401
-337
-148
-4
114
296
375
369
463
622
679
763
835
750
718
783
806
764
738
686
545
469
436
339
232
152
29
-131
-249
-339
-461
-558
-603
-728
-874
-966
-1035
-1086
-1109
-1109
-1205
-1293
-1286
-1231
-1202
-1143
-1080
-1046
-1004
-786
-597
-618
-442
-173
-14
97
326
430
475
769
1040
1045
1128
1229
1253
1348
1544
1556
1454
1435
1429
1372
1369
1325
1214
1072
967
853
686
564
453
300
151
1
-189
-371
-450
-511
-656
-772
-881
-992
-1044
-1008
-1022
-1050
-1052
-1034
-980
-875
-799
-733
-651
-532
-405
-287
-193
-75
55
187
318
409
442
502
628
699
754
793
742
704
757
766
705
670
607
494
421
379
263
151
82
-43
-177
-259
-364
-506
-588
-634
-762
-858
-919
-1026
-1104
-1082
-1115
-1205
-1216
-1210
-1239
-1173
-1050
-1027
-1003
-862
-651
-621
-525
-267
-84
24
225
391
405
579
908
993
1041
1175
1198
1216
1386
1503
1435
1392
1407
1340
1296
1275
1211
1095
961
866
727
585
453
340
211
68
-90
-255
-400
-469
-543
-632
-734
-878
-945
-943
-935
-922
-933
-968
-957
-837
-741
-706
-615
-530
-449
-299
-155
-80
-16
102
229
319
449
496
489
550
623
656
680
690
635
584
591
562
494
460
398
281
196
148
30
-64
-101
-209
-357
-442
-513
-627
-671
-681
-816
-904
-947
-1010
-1037
-994
-1015
-1077
-1059
-1037
-1020
-900
-811
-726
-542
-524
-469
-231
-1
107
279
428
429
563
865
960
1023
1139
1152
1155
1273
1379
1344
1322
1335
1254
1193
1147
1085
1000
894
815
673
504
365
251
174
67
-81
-239
-411
-479
-538
-588
-650
-771
-868
-880
-846
-840
-829
-815
-825
-750
-647
-611
-535
-427
-347
-255
-128
-64
-39
82
203
253
342
397
385
412
489
516
498
509
485
415
383
369
312
235
204
134
19
-62
-117
-203
-271
-308
-410
-533
-597
-656
-704
-745
-799
-867
-935
-959
-976
-969
-973
-955
-928
-932
-882
-775
-692
-519
-391
-387
-271
-52
106
247
444
495
526
749
903
956
1074
1145
1137
1189
1299
1290
1242
1261
1242
1167
1108
1046
941
829
774
682
539
393
258
130
45
-45
-171
-294
-454
-549
-555
-618
-718
-731
-791
-872
-807
-733
-814
-770
-641
-660
-614
-446
-413
-406
-234
-121
-129
-13
109
103
179
317
340
326
406
435
381
416
450
377
337
350
307
198
183
152
32
-3
-22
-147
-242
-261
-322
-423
-450
-497
-612
-658
-666
-718
-765
-785
-791
-842
-848
-808
-792
-768
-734
-673
-615
-530
-356
-255
-220
-72
122
258
387
560
624
668
884
1035
1057
1128
1180
1175
1222
1328
1293
1207
1201
1156
1089
1049
981
864
741
658
552
420
312
188
69
-41
-161
-281
-404
-485
-541
-615
-683
-748
-785
-817
-804
-754
-762
-780
-730
-678
-634
-524
-435
-421
-340
-219
-173
-103
29
78
94
192
244
224
280
343
304
298
332
267
215
236
206
136
113
63
-43
-87
-97
-155
-222
-272
-350
-428
-446
-472
-520
-561
-614
-648
-656
-676
-701
-697
-710
-705
-635
-606
-626
-578
-482
-419
-291
-134
-111
-75
120
291
396
552
670
681
785
975
1058
1097
1177
1193
1167
1211
1257
1203
1152
1135
1053
941
870
801
689
596
506
360
204
93
8
-73
-173
-283
-404
-527
-586
-594
-630
-700
-749
-795
-825
-778
-710
-705
-700
-649
-612
-570
-456
-357
-321
-254
-169
-137
-89
22
95
102
140
171
149
163
226
225
177
168
141
72
60
78
15
-57
-72
-122
-191
-204
-198
-265
-332
-321
-362
-425
-415
-404
-466
-481
-449
-495
-532
-467
-453
-482
-421
-370
-390
-334
-225
-192
-143
-23
45
109
236
333
397
501
625
695
767
857
904
952
1018
1064
1072
1073
1077
1053
1034
1006
944
873
804
734
649
568
482
373
274
186
86
-13
-98
-192
-282
-354
-430
-502
-560
-605
-643
-676
-696
-710
-713
-706
-675
-644
-619
-576
-534
-491
-434
-365
-315
-277
-229
-193
-159
-101
-65
-73
-54
-44
-45
-23
-13
-46
-74
-81
-129
-145
-141
-197
-247
-261
-306
-364
-347
-363
-428
-434
-438
-491
-483
-427
-453
-471
-425
-416
-415
-331
-258
-264
-214
-106
-51
26
172
257
280
396
531
596
685
811
840
861
972
1031
1021
1062
1091
1049
1039
1060
999
924
903
854
770
707
638
534
446
391
312
226
155
73
-12
-83
-135
-192
-244
-287
-324
-377
-420
-428
-437
-452
-446
-447
-468
-468
-440
-420
-404
-374
-373
-390
-372
-342
-332
-320
-313
-338
-358
-354
-354
-358
-369
-397
-438
-467
-477
-488
-493
-514
-541
-555
-579
-577
-556
-550
-546
-535
-521
-527
-481
-427
-398
-370
-330
-304
-283
-192
-114
-77
-31
41
86
153
276
339
376
451
534
595
676
760
789
830
899
938
952
979
998
991
991
995
953
903
883
847
803
759
694
609
546
508
451
391
325
243
174
126
82
28
-22
-68
-119
-153
-187
-223
-243
-253
-272
-291
-305
-337
-341
-318
-315
-333
-344
-369
-398
-378
-372
-404
-438
-458
-505
-533
-529
-571
-624
-644
-678
-732
-744
-765
-809
-812
-808
-841
-849
-822
-836
-812
-759
-748
-746
-682
-626
-601
-511
-445
-424
-359
-245
-182
-105
4
74
125
244
364
436
536
641
692
758
876
957
1004
1065
1097
1098
1126
1166
1161
1139
1118
1072
1013
975
942
876
813
745
665
597
537
490
436
381
314
257
210
161
135
107
54
5
-18
-59
-83
-81
-101
-148
-158
-161
-195
-194
-191
-220
-236
-231
-260
-293
-293
-311
-344
-359
-401
-464
-493
-516
-561
-606
-651
-719
-765
-781
-819
-863
-888
-930
-959
-945
-944
-958
-949
-931
-931
-893
-838
-814
-784
-717
-664
-611
-528
-461
-418
-337
-237
-171
-92
2
64
144
256
339
411
498
583
641
722
806
852
910
973
1010
1031
1068
1082
1084
1104
1105
1079
1059
1044
1009
983
958
906
846
805
753
704
664
611
539
485
437
378
329
281
217
160
124
65
11
-22
-67
-114
-136
-175
-239
-259
-279
-320
-339
-352
-403
-444
-446
-484
-521
-526
-562
-623
-642
-650
-698
-722
-718
-771
-810
-801
-815
-851
-839
-825
-870
-853
-817
-832
-828
-773
-763
-776
-706
-668
-677
-615
-538
-526
-488
-396
-372
-337
-228
-166
-135
-58
29
64
149
259
308
352
442
509
549
638
712
733
786
849
871
903
958
984
989
1018
1025
1011
1027
1041
1029
1016
1001
965
927
918
884
845
806
753
687
641
596
528
474
412
328
261
205
137
79
26
-40
-112
-165
-220
-269
-302
-342
-400
-447
-484
-524
-553
-574
-611
-652
-684
-711
-738
-749
-768
-792
-806
-816
-826
-831
-825
-823
-816
-802
-789
-778
-753
-735
-708
-681
-653
-632
-596
-570
-538
-497
-464
-437
-399
-343
-327
-270
-215
-183
-136
-84
-23
7
86
144
175
245
294
351
388
463
506
527
593
622
650
691
737
755
762
805
805
811
844
856
852
851
859
832
830
835
812
786
761
735
686
658
633
574
533
484
417
349
300
251
183
129
59
-17
-81
-128
-174
-237
-288
-354
-415
-456
-491
-527
-570
-604
-652
-682
-698
-719
-739
-756
-767
-781
-782
-777
-776
-760
-747
-727
-718
-696
-674
-652
-607
-579
-551
-536
-499
-473
-440
-385
-373
-350
-326
-294
-264
-227
-178
-189
-155
-123
-98
-61
-28
12
12
64
102
119
173
205
239
255
308
336
353
418
439
475
495
532
555
579
636
646
671
684
699
719
733
766
750
753
746
745
746
731
722
682
658
627
591
559
508
466
404
353
298
236
188
120
68
-4
-71
-128
-182
-231
-287
-334
-397
-442
-475
-509
-535
-573
-604
-635
-645
-645
-654
-651
-660
-659
-651
-631
-608
-590
-560
-541
-517
-488
-456
-418
-386
-347
-328
-305
-275
-246
-207
-185
-163
-159
-145
-123
-100
-79
-73
-65
-59
-48
-24
-13
2
12
27
38
53
77
97
125
145
160
177
198
234
261
290
309
321
341
377
415
442
465
477
488
511
543
568
578
582
582
581
594
595
581
565
549
524
500
474
444
405
370
327
272
223
174
129
80
30
-28
-94
-140
-185
-229
-277
-326
-376
-419
-442
-468
-497
-525
-552
-569
-573
-572
-580
-584
-579
-570
-551
-532
-515
-498
-472
-443
-416
-385
-360
-328
-301
-266
-236
-217
-189
-168
-136
-115
-95
-82
-75
-50
-36
-18
-11
-6
-2
1
19
24
35
39
43
54
63
85
91
107
118
124
147
167
193
206
228
240
256
290
307
333
349
362
382
399
425
434
445
450
453
460
459
460
447
440
427
406
393
367
342
316
291
255
218
191
152
121
88
51
4
-36
-67
-105
-134
-168
-208
-245
-275
-295
-323
-341
-367
-390
-402
-412
-419
-425
-427
-427
-424
-417
-411
-398
-387
-367
-352
-337
-321
-305
-278
-257
-235
-218
-201
-183
-162
-137
-121
-104
-86
-75
-57
-43
-29
-21
-7
6
13
29
35
43
55
67
77
83
96
104
113
123
134
142
151
165
172
183
192
201
214
227
238
243
252
259
263
273
274
276
272
271
273
266
261
255
247
239
231
218
203
191
179
164
145
126
106
88
74
55
34
13
-5
-20
-36
-53
-73
-89
-105
-118
-131
-145
-157
-171
-180
-190
-198
-211
-220
-225
-232
-237
-242
-248
-257
-257
-257
-258
-259
-258
-259
-257
-249
-244
-240
-234
-225
-217
-202
-192
-182
-168
-153
-138
-124
-108
-91
-74
-57
-39
-20
-1
18
36
53
75
91
109
130
147
163
176
193
207
220
232
240
248
256
261
267
268
271
269
265
260
253
248
242
232
222
210
196
186
176
163
147
131
118
105
96
86
71
57
44
34
26
15
3
-10
-24
-32
-44
-55
-63
-71
-81
-91
-102
-114
-125
-133
-141
-148
-158
-170
-179
-185
-193
-200
-211
-218
-224
-229
-234
-238
-242
-246
-247
-247
-245
-243
-242
-236
-233
-226
-219
-210
-198
-188
-175
-160
-146
-130
-110
-90
-68
-47
-29
-7
15
40
64
84
106
125
146
166
186
203
219
233
248
263
274
284
292
295
301
302
301
301
299
293
285
281
274
262
250
236
224
211
197
181
164
147
127
112
98
83
63
47
32
16
1
-13
-26
-37
-48
-59
-70
-79
-87
-96
-102
-105
-113
-121
-126
-131
-138
-140
-144
-151
-155
-158
-162
-165
-167
-169
-174
-175
-177
-181
-182
-182
-182
-181
-179
-178
-175
-172
-166
-162
-157
-149
-143
-131
-122
-111
-101
-91
-76
-66
-50
-36
-22
-6
9
28
43
60
77
90
107
123
136
151
167
179
189
201
209
217
225
232
237
241
240
240
237
239
234
227
218
209
198
187
177
163
149
133
116
100
83
67
51
35
19
2
-13
-29
-46
-61
-74
-88
-101
-113
-123
-131
-138
-144
-149
-156
-159
-163
-165
-162
-161
-160
-161
-155
-151
-149
-144
-139
-136
-132
-127
-121
-113
-104
-99
-95
-89
-84
-80
-74
-69
-64
-58
-54
-48
-44
-40
-38
-33
-28
-25
-22
-16
-10
-4
3
8
12
18
23
29
36
44
51
57
65
72
79
85
91
99
102
112
118
123
130
136
138
141
145
144
146
146
150
149
148
149
143
141
134
129
122
116
109
101
94
85
74
61
52
40
27
15
4
-8
-20
-32
-42
-54
-64
-75
-87
-96
-106
-116
-121
-127
-132
-137
-141
-146
-151
-152
-154
-153
-152
-152
-149
-144
-140
-135
-130
-126
-121
-114
-106
-97
-91
-78
-73
-65
-58
-50
-44
-36
-28
-23
-17
-8
-3
1
7
9
12
15
17
18
21
23
22
25
27
27
26
27
24
23
22
23
23
24
24
21
22
24
24
26
25
28
28
33
35
38
40
39
42
44
45
46
49
49
50
50
48
48
47
44
43
40
35
31
28
22
18
12
3
-4
-11
-17
-25
-33
-39
-48
-55
-61
-68
-75
-80
-85
-90
-91
-94
-100
-99
-98
-99
-97
-97
-92
-91
-85
-80
-77
-69
-62
-58
-48
-39
-32
-23
-15
-7
-1
10
14
20
25
30
34
38
41
43
44
46
47
45
45
42
40
39
35
33
28
24
21
15
11
7
3
0
-1
-1
-3
-3
-3
-2
-2
1
4
7
13
18
24
31
37
43
50
56
62
69
76
85
93
99
105
109
111
113
113
113
112
111
109
106
103
97
89
79
69
59
50
40
32
24
12
2
-9
-20
-31
-43
-53
-61
-69
-75
-77
-81
-86
-88
-91
-93
-94
-94
-90
-86
-82
-76
-72
-68
-63
-60
-55
-51
-45
-37
-30
-23
-19
-13
-11
-9
-9
-8
-7
-4
-1
0
0
0
-1
-5
-8
-12
-15
-17
-17
-18
-18
-18
-21
-23
-24
-26
-25
-23
-21
-18
-12
-8
-3
0
5
7
10
17
24
31
41
50
56
64
69
73
77
81
84
89
94
97
101
103
101
99
96
91
87
83
79
76
72
65
58
49
40
29
21
14
7
1
-7
-13
-17
-25
-33
-40
-46
-51
-54
-57
-57
-58
-59
-61
-62
-63
-65
-65
-63
-62
-59
-55
-52
-49
-47
-45
-44
-43
-42
-37
-33
-30
-27
-27
-24
-24
-25
-25
-22
-23
-22
-20
-18
-16
-16
-16
-16
-16
-15
-16
-13
-11
-9
-7
-5
-4
-1
0
3
5
9
15
20
24
29
33
35
38
43
47
52
59
63
68
71
73
77
77
77
80
81
82
86
86
85
85
83
78
75
72
67
64
60
56
51
46
39
31
23
15
8
0
-5
-13
-20
-27
-34
-43
-52
-59
-68
-74
-79
-85
-89
-91
-98
-104
-109
-114
-117
-120
-122
-123
-122
-120
-118
-116
-116
-116
-113
-111
-107
-101
-95
-88
-81
-74
-67
-63
-57
-52
-44
-35
-25
-15
-8
2
9
15
22
27
33
40
47
55
63
69
75
80
82
85
88
90
94
97
101
105
107
108
109
110
110
110
111
110
111
112
112
112
110
108
106
104
101
98
95
94
90
88
84
79
71
65
58
52
45
39
32
24
17
9
-2
-11
-22
-34
-44
-53
-62
-71
-81
-90
-99
-109
-117
-125
-133
-138
-143
-147
-151
-154
-154
-156
-156
-155
-154
-150
-144
-139
-131
-123
-115
-105
-97
-86
-75
-66
-54
-41
-29
-17
-3
8
20
31
42
52
62
71
80
89
96
101
106
109
114
118
120
121
122
121
120
119
118
113
111
108
104
100
97
93
88
84
79
73
70
65
60
57
54
50
45
41
36
34
28
24
19
15
11
6
2
-3
-9
-14
-19
-26
-32
-37
-43
-50
-57
-64
-70
-78
-85
-93
-99
-106
-113
-119
-125
-130
-136
-139
-143
-147
-148
-151
-150
-151
-149
-147
-144
-141
-135
-129
-124
-116
-109
-100
-90
-81
-70
-59
-47
-36
-25
-12
0
12
25
37
48
59
69
79
88
98
107
113
121
127
132
136
140
142
143
145
145
144
143
142
140
137
132
128
123
117
110
102
95
89
82
75
66
60
53
44
36
29
22
15
9
3
-4
-9
-15
-23
-30
-35
-42
-48
-53
-59
-64
-68
-73
-78
-83
-88
-91
-94
-98
-102
-103
-106
-108
-111
-114
-115
-117
-117
-119
-118
-118
-117
-114
-114
-112
-110
-107
-103
-99
-96
-90
-84
-78
-72
-67
-60
-54
-45
-38
-30
-21
-12
-2
6
14
23
31
40
49
57
67
76
84
91
98
106
111
117
120
125
129
133
136
136
137
139
139
137
135
131
128
125
120
115
109
104
99
90
82
75
67
59
49
42
32
25
17
9
2
-9
-15
-25
-31
-38
-45
-49
-56
-60
-65
-70
-73
-76
-79
-81
-83
-85
-85
-85
-85
-85
-83
-84
-83
-81
-79
-79
-77
-75
-73
-71
-67
-65
-63
-61
-57
-55
-53
-49
-46
-42
-40
-36
-33
-26
-24
-20
-14
-9
-4
-1
6
10
17
22
27
35
39
44
50
57
63
69
74
79
84
88
92
95
100
102
105
107
110
111
111
110
108
105
102
98
95
90
86
80
74
66
60
52
44
35
27
19
12
3
-5
-13
-21
-30
-37
-44
-50
-56
-63
-68
-74
-78
-81
-85
-87
-91
-93
-94
-93
-95
-95
-95
-95
-94
-93
-90
-89
-85
-81
-79
-75
-72
-69
-65
-61
-57
-54
-51
-47
-42
-40
-36
-32
-29
-26
-23
-18
-14
-11
-7
-3
1
5
8
12
15
20
24
28
32
36
40
45
49
54
57
61
65
70
75
79
81
84
88
90
93
94
95
97
98
98
97
96
93
90
88
85
82
78
73
68
63
56
51
43
37
29
22
14
6
-1
-9
-15
-23
-30
-37
-43
-48
-54
-59
-64
-69
-72
-74
-78
-80
-82
-84
-86
-85
-85
-85
-84
-83
-82
-81
-78
-76
-74
-71
-68
-66
-63
-59
-56
-55
-51
-48
-46
-43
-40
-37
-34
-30
-28
-24
-22
-18
-15
-12
-8
-4
-1
2
7
10
16
19
24
27
31
37
41
43
48
51
55
60
63
66
68
71
73
75
78
78
78
79
78
77
76
74
71
70
66
61
57
51
47
42
36
29
23
16
10
2
-4
-10
-17
-23
-31
-36
-42
-47
-52
-57
-60
-65
-69
-71
-74
-77
-79
-79
-80
-81
-81
-79
-80
-78
-77
-75
-72
-69
-67
-64
-62
-58
-56
-51
-49
-46
-43
-39
-37
-33
-30
-27
-23
-20
-17
-14
-11
-8
-5
-2
1
5
9
10
13
16
19
24
26
29
32
35
39
42
46
48
50
54
56
58
62
63
65
67
69
70
70
71
72
69
69
69
66
64
63
60
56
56
52
48
44
41
35
30
26
21
16
12
6
1
-4
-9
-14
-17
-23
-27
-29
-33
-37
-39
-43
-46
-48
-50
-51
-53
-55
-55
-56
-56
-56
-56
-56
-56
-56
-56
-54
-54
-53
-52
-51
-49
-48
-46
-44
-43
-41
-38
-37
-34
-31
-28
-26
-23
-20
-17
-13
-10
-6
-1
2
7
10
15
18
24
27
31
36
40
44
48
53
56
59
63
65
68
70
72
72
73
75
75
73
74
73
71
67
67
63
59
57
52
47
43
39
34
29
25
20
14
9
5
-2
-7
-11
-16
-21
-24
-28
-32
-34
-38
-40
-43
-46
-47
-51
-51
-53
-53
-53
-53
-54
-54
-53
-53
-53
-54
-52
-51
-50
-49
-48
-47
-47
-44
-44
-42
-40
-39
-36
-34
-32
-30
-28
-24
-21
-18
-15
-12
-7
-4
-1
4
8
13
17
21
26
31
35
40
45
51
54
58
62
66
70
74
77
79
82
82
85
84
85
84
82
82
80
77
74
70
67
63
58
53
49
43
37
31
25
19
13
8
1
-5
-11
-17
-21
-25
-30
-34
-38
-41
-47
-48
-52
-53
-54
-56
-56
-58
-58
-57
-57
-57
-56
-54
-53
-52
-50
-48
-47
-45
-44
-42
-42
-40
-39
-36
-35
-33
-32
-30
-29
-28
-27
-25
-24
-22
-20
-19
-16
-15
-12
-11
-6
-5
-1
4
5
10
14
18
22
26
32
35
41
45
49
53
58
63
65
70
72
75
79
79
81
82
83
83
81
81
79
76
73
71
66
62
56
51
45
40
34
26
18
13
6
-2
-8
-17
-25
-32
-38
-45
-51
-57
-62
-67
-73
-76
-81
-83
-85
-87
-88
-88
-89
-89
-88
-88
-86
-85
-83
-81
-77
-74
-71
-66
-62
-58
-54
-49
-44
-40
-36
-31
-27
-22
-19
-15
-11
-7
-3
1
6
8
12
16
19
23
27
29
32
36
38
40
44
47
49
51
54
57
60
60
62
65
65
67
69
71
71
72
72
72
72
71
70
68
66
65
62
59
55
51
47
41
39
33
27
22
16
11
5
-2
-9
-17
-24
-30
-37
-44
-51
-57
-62
-68
-75
-80
-85
-90
-94
-97
-101
-104
-104
-107
-108
-109
-110
-109
-109
-107
-105
-101
-97
-94
-90
-88
-81
-77
-71
-65
-60
-53
-46
-39
-32
-25
-19
-12
-5
2
7
14
21
27
33
39
43
49
54
59
63
66
70
73
77
79
79
81
85
86
87
88
88
88
87
88
86
86
85
83
81
81
78
76
74
71
67
64
62
58
54
51
46
42
39
34
27
24
18
12
8
2
-3
-8
-13
-19
-26
-31
-36
-41
-46
-51
-56
-60
-63
-68
-71
-74
-78
-81
-83
-84
-86
-88
-88
-88
-87
-86
-85
-83
-80
-78
-76
-72
-67
-62
-58
-52
-46
-39
-34
-28
-22
-16
-10
-2
4
10
18
25
30
37
43
48
53
57
62
66
71
73
76
78
81
82
83
84
85
84
84
85
83
81
80
78
75
73
69
67
64
59
55
52
48
43
39
34
30
24
20
15
9
5
-1
-6
-9
-17
-19
-25
-31
-34
-40
-43
-47
-51
-56
-59
-63
-66
-70
-71
-74
-77
-79
-81
-83
-84
-85
-85
-87
-86
-84
-84
-83
-81
-77
-74
-71
-69
-65
-61
-59
-53
-49
-43
-38
-32
-26
-20
-13
-7
-2
6
13
17
24
31
36
42
47
54
59
63
68
71
76
81
83
86
88
90
91
92
93
92
93
91
90
89
86
83
82
79
75
73
70
66
63
59
54
50
44
42
37
31
27
22
18
14
10
6
1
-2
-3
-9
-13
-15
-20
-24
-26
-30
-33
-34
-36
-38
-40
-40
-43
-45
-46
-47
-49
-49
-50
-51
-51
-52
-53
-53
-54
-53
-53
-53
-51
-51
-50
-49
-48
-45
-44
-41
-39
-37
-35
-32
-29
-27
-23
-21
-17
-14
-9
-7
-3
1
5
9
13
15
20
24
28
30
33
36
37
40
42
44
46
48
47
49
50
49
50
50
49
47
45
44
41
39
36
32
31
26
23
20
15
13
10
6
1
-2
-6
-11
-15
-19
-23
-25
-29
-33
-36
-40
-42
-44
-45
-48
-49
-50
-51
-54
-55
-55
-56
-56
-56
-57
-55
-55
-53
-52
-50
-50
-49
-47
-45
-43
-42
-40
-38
-35
-33
-31
-28
-26
-24
-21
-18
-15
-13
-11
-7
-6
-2
0
4
6
8
11
13
16
18
21
23
25
27
30
32
33
36
39
40
41
44
45
46
47
48
49
50
50
50
50
50
49
48
48
46
45
45
42
40
38
36
34
31
29
26
25
20
17
15
11
9
6
3
0
-3
-6
-8
-11
-14
-17
-19
-22
-24
-24
-25
-28
-30
-31
-31
-33
-33
-33
-33
-33
-33
-32
-31
-31
-30
-29
-27
-25
-25
-22
-20
-19
-18
-15
-14
-12
-10
-7
-6
-4
-1
2
4
5
7
9
10
12
14
16
17
19
21
22
24
24
26
27
29
28
29
30
30
30
30
32
30
31
32
29
31
30
29
29
28
27
27
24
23
23
22
19
18
16
14
12
11
9
6
3
2
0
-2
-4
-5
-8
-11
-13
-15
-17
-19
-21
-24
-25
-26
-30
-31
-30
-31
-33
-33
-33
-33
-34
-35
-34
-35
-36
-36
-35
-34
-33
-32
-31
-30
-29
-27
-27
-24
-23
-22
-21
-20
-16
-17
-13
-13
-12
-9
-8
-6
-5
-3
-1
-2
1
2
4
5
5
7
8
10
11
11
13
13
13
13
14
14
15
16
15
16
15
15
14
15
15
15
15
13
12
11
12
12
10
9
9
8
6
5
5
4
2
1
0
-1
-2
-3
-5
-5
-6
-8
-11
-11
-12
-11
-13
-13
-14
-14
-15
-14
-14
-15
-15
-15
-17
-16
-16
-15
-15
-16
-15
-14
-15
-14
-12
-12
-10
-9
-8
-7
-6
-6
-5
-3
-3
-3
-1
0
2
3
4
7
7
8
8
9
10
12
13
14
15
15
16
18
18
18
19
19
20
20
21
20
21
22
21
21
22
20
21
21
21
20
20
20
17
17
18
17
15
14
14
13
11
9
9
8
7
6
4
2
1
0
-2
-3
-3
-5
-6
-8
-8
-10
-11
-12
-13
-14
-16
-17
-18
-19
-21
-20
-21
-23
-22
-23
-23
-23
-23
-24
-23
-24
-24
-23
-23
-24
-23
-23
-24
-21
-21
-21
-20
-19
-18
-18
-17
-15
-14
-13
-12
-10
-10
-9
-8
-6
-4
-4
-3
-2
-1
0
1
3
5
5
6
7
8
8
9
11
11
13
12
13
15
16
15
16
16
16
17
18
18
17
17
16
17
17
16
16
15
15
13
14
12
12
13
12
11
9
9
9
8
7
6
5
4
3
2
2
1
0
-1
-2
-1
-4
-3
-3
-4
-5
-5
-6
-6
-6
-5
-7
-6
-5
-5
-5
-5
-7
-6
-6
-5
-5
-5
-4
-4
-3
-3
-3
-1
-2
0
-1
1
2
2
2
1
3
2
2
4
4
6
5
6
6
6
8
7
7
7
6
6
6
7
6
5
7
6
6
6
4
5
4
4
2
2
2
1
1
-1
-1
-1
-2
-2
-3
-4
-4
-6
-6
-8
-7
-8
-9
-8
-9
-11
-11
-12
-13
-12
-13
-12
-14
-13
-13
-13
-13
-13
-13
-13
-13
-13
-13
-13
-14
-14
-13
-13
-13
-13
-12
-10
-10
-9
-8
-10
-9
-7
-6
-6
-5
-5
-5
-4
-3
-2
-1
0
1
2
3
4
5
8
7
8
9
8
10
10
11
12
12
15
13
15
14
15
17
17
17
16
16
17
15
17
17
18
17
17
17
15
16
15
16
15
13
14
13
12
11
11
11
9
9
8
7
7
5
4
4
2
3
1
0
0
-1
-2
-3
-3
-5
-5
-6
-6
-5
-6
-7
-9
-8
-10
-10
-10
-11
-11
-11
-12
-12
-11
-12
-12
-11
-11
-11
-11
-11
-10
-10
-10
-9
-9
-9
-8
-8
-6
-6
-5
-6
-5
-5
-3
-2
-2
0
0
1
2
2
3
3
4
5
5
5
4
4
6
6
7
7
7
8
8
9
9
10
9
9
9
9
8
10
9
8
9
9
8
9
9
8
7
8
8
7
8
6
4
4
4
3
2
1
0
1
-2
-3
-3
-4
-4
-5
-6
-6
-7
-9
-9
-10
-11
-11
-11
-11
-11
-12
-13
-13
-13
-12
-13
-12
-12
-12
-12
-12
-11
-12
-9
-10
-10
-10
-9
-8
-7
-7
-7
-7
-5
-4
-4
-3
-3
-1
-1
0
1
2
1
2
2
3
4
2
4
3
4
5
5
5
5
5
5
6
6
6
7
7
7
8
7
9
8
9
9
9
9
9
10
8
9
9
9
9
9
9
8
9
9
8
7
7
6
5
5
4
4
4
3
3
2
0
0
-1
-1
-1
-2
-2
-3
-3
-4
-4
-4
-4
-5
-5
-5
-5
-6
-5
-6
-7
-6
-7
-7
-5
-6
-5
-4
-4
-4
-3
-3
-4
-3
-4
-3
-3
-2
-2
-2
-1
-3
-3
-2
-1
-1
-2
0
-1
-1
-1
-1
-2
-1
1
0
0
0
0
1
1
2
2
1
1
2
2
1
2
1
2
2
2
2
1
1
2
2
1
1
3
2
2
2
2
2
2
2
1
3
2
2
2
2
3
2
2
1
2
2
2
2
2
2
2
2
1
1
2
1
1
0
0
0
1
0
-2
0
-1
-1
-3
-2
-2
-2
-2
-3
-3
-4
-4
-4
-2
-5
-5
-5
-5
-4
-5
-5
-5
-4
-5
-5
-5
-6
-5
-5
-5
-4
-4
-4
-4
-5
-5
-5
-4
-3
-4
-3
-4
-3
-3
-3
-3
-2
-2
-3
-2
-2
-2
-2
-1
0
-1
-1
-1
0
0
-1
0
2
1
1
2
2
3
2
2
3
3
3
3
2
4
3
3
4
4
4
4
4
4
4
4
4
2
3
4
3
3
2
2
2
2
3
2
2
0
2
1
-1
-1
-1
-1
-2
-3
-1
-2
-3
-2
-2
-2
-2
-2
-1
-2
-2
-3
-3
-2
-2
-3
-2
-2
-2
-2
-2
-2
-1
-1
-1
-2
-2
-1
-1
-1
-1
-1
-1
0
0
-1
0
1
-1
0
2
0
1
2
2
2
1
3
3
2
5
4
3
5
4
3
3
3
3
4
4
3
4
3
3
4
2
3
2
2
2
3
2
3
3
3
1
1
2
0
0
-1
0
0
0
0
0
-1
-2
-2
-2
-3
-3
-3
-3
-3
-4
-5
-3
-4
-4
-4
-4
-4
-4
-3
-4
-4
-3
-4
-3
-5
-4
-3
-3
-3
-3
-2
-2
-2
-1
-2
-1
-1
-1
0
-1
1
1
1
1
2
2
1
3
2
2
3
3
3
4
4
5
5
5
4
5
5
4
5
5
6
4
6
3
4
5
3
4
3
3
4
3
4
5
3
4
4
3
3
2
2
2
2
2
1
1
1
2
0
0
0
0
0
-2
-2
-1
-2
-3
-3
-3
-4
-3
-5
-6
-5
-5
-4
-6
-6
-5
-6
-6
-6
-7
-7
-7
-7
-7
-7
-6
-7
-5
-5
-6
-6
-5
-5
-5
-4
-4
-3
-4
-3
-3
-3
-2
-3
-1
-2
-2
-1
-2
-2
-1
0
0
1
1
1
1
1
2
3
2
3
3
1
3
2
4
2
2
3
3
4
4
3
3
3
3
4
4
5
4
4
6
6
6
7
6
5
5
5
4
4
5
4
5
4
3
3
2
3
3
2
2
2
2
1
0
0
0
0
-1
0
0
0
-1
-1
-1
-2
-3
-3
-3
-3
-3
-3
-4
-3
-3
-4
-4
-2
-3
-2
-1
