36
35
33
25
23
25
17
12
7
-5
1
13
10
14
27
27
24
8
-8
-11
-17
-1
2
3
12
12
10
12
11
5
12
7
1
-6
-3
2
3
0
-10
-22
-30
-26
-13
-7
-5
-4
-6
-8
-15
-17
-21
-6
9
-3
4
5
-13
-10
-7
3
-11
-28
-15
-19
-19
5
9
7
8
-1
-16
-19
-14
-3
1
7
6
4
13
6
2
-6
-14
-6
-8
-20
-20
-21
-13
1
7
-11
-25
-12
4
17
14
-1
-2
9
11
1
-4
6
19
18
11
-5
-23
-25
-10
-7
-22
-19
-14
-8
-2
2
-2
-7
4
9
-14
-25
-5
-1
-5
-6
-11
-20
-19
-14
-9
-5
6
18
21
8
-4
-13
-14
-5
-7
-6
-3
17
20
21
23
8
7
-2
-4
0
3
-3
-2
8
12
8
-14
-19
-6
2
3
-5
-15
-9
-5
-10
-23
-18
-6
0
-5
-8
-3
-2
4
0
-4
-20
-19
-8
-4
-1
-6
-5
-5
-14
-25
-27
-21
-14
1
7
-3
-6
-7
-9
-12
-13
-19
-18
-3
14
14
12
17
9
12
3
-2
4
15
14
7
6
5
2
3
16
18
13
13
12
18
21
16
17
4
2
-1
-15
-22
-13
3
6
15
6
-6
9
9
-4
1
2
5
20
15
6
8
-1
-8
0
-6
-19
-3
-1
-7
0
6
9
8
-3
0
4
12
28
20
19
22
12
4
1
-5
-13
-15
-1
15
22
15
2
8
5
-5
-4
5
15
24
24
26
22
10
2
10
13
7
15
21
21
14
3
1
-7
-3
-4
2
17
15
13
11
9
-8
-17
-8
-4
-13
-25
-19
-7
1
-4
-4
3
-9
-19
-19
-15
-9
-4
-3
-1
-11
-25
-23
-14
8
10
19
32
19
4
-8
-21
-34
-15
5
-2
3
16
17
-5
-14
-17
-31
-29
-17
-14
-4
10
11
9
-5
-6
-20
-35
-5
7
-1
18
15
-3
-4
-5
-6
-14
-38
-24
-6
-12
-13
-26
-17
-12
-23
-25
-11
-1
14
24
8
-4
-23
-32
-15
-9
-4
-7
-5
-1
-6
-8
-13
5
21
14
1
-1
3
3
7
9
3
-5
7
7
7
26
18
17
18
0
-6
-11
-8
9
14
16
11
7
8
6
6
1
-4
1
2
12
20
20
28
22
11
4
-20
-28
2
5
11
18
18
27
12
-3
1
6
4
-4
-1
4
-12
-27
-16
-5
-19
-26
-10
-14
-8
-13
-14
7
9
-7
-11
0
-7
-10
-7
5
10
11
9
-2
1
2
1
4
4
5
3
-2
-5
-9
-17
-16
-11
-8
-6
-3
4
14
14
6
7
12
14
14
15
8
10
10
-5
-9
8
3
-4
-1
-13
-15
-14
-16
-9
0
0
13
11
-1
-2
-15
-12
3
-2
-5
0
1
1
9
14
25
25
5
-2
-4
-10
-8
4
-2
2
12
9
12
9
14
22
21
27
18
7
13
15
19
13
6
6
-2
6
22
27
13
11
14
3
-4
-1
15
21
22
23
11
4
3
2
6
1
9
15
3
14
28
31
40
40
20
6
-4
-12
-9
1
6
4
-7
1
10
5
19
27
16
18
15
-4
-4
1
-1
1
-2
4
9
1
8
-2
-6
-1
-11
-11
-6
1
11
16
5
-11
-15
-18
-12
3
5
5
2
-6
-1
-9
-13
-5
-9
-16
-18
-18
-19
-18
-13
-10
-16
-14
-10
-1
6
-10
-8
1
-7
-17
-22
-33
-28
-21
-26
-19
-16
-27
-24
-12
-12
-17
-11
-6
-2
-3
-6
-13
-24
-27
-14
-7
2
11
7
-4
-7
-10
-21
-23
-19
-11
-8
-1
3
0
-5
-15
-11
-2
3
3
3
12
14
7
9
4
-5
-1
6
12
12
10
0
-11
-7
-5
1
7
10
12
9
4
3
0
-8
-8
-20
-19
-5
5
11
12
15
12
1
-3
-6
-15
-8
0
-3
-17
-26
-28
-27
-22
-14
-6
-12
-15
-13
-14
-16
-17
-23
-22
-19
-18
-13
-14
-2
4
0
-1
1
-1
4
11
6
4
-2
-7
-12
-10
-3
9
12
14
18
18
18
12
19
23
14
18
18
14
10
11
13
7
3
5
3
8
10
5
10
13
7
-1
-1
1
1
2
6
7
9
2
-6
-4
-4
-1
8
8
11
15
11
-8
-17
-16
-16
-17
-20
-14
-12
-11
-8
-12
-16
1
4
0
-5
-21
-18
-15
-18
-12
-3
5
7
4
5
-3
-5
-1
7
9
7
9
-1
-4
-3
-3
-7
-13
-16
-7
-3
2
12
10
10
14
9
6
7
-3
-1
6
7
6
-2
1
-4
-14
-6
3
8
18
24
20
19
17
10
5
-2
0
2
5
5
2
6
6
2
8
14
19
24
10
-1
-5
-8
-9
-8
-2
-2
3
13
19
20
18
10
8
13
12
15
18
25
17
7
2
-4
-1
-1
5
10
13
20
12
5
7
0
-4
-10
-16
-27
-22
-2
9
19
18
5
5
0
-2
9
9
13
13
2
-1
-8
-18
-17
-11
-1
1
-6
-2
-9
-9
-2
-5
-4
-10
-6
0
-7
-3
-10
-17
-13
-13
0
5
5
18
5
1
-1
-14
-16
-16
-16
-12
-7
-4
-10
-8
-8
-6
0
1
14
14
13
17
12
-6
-9
-22
-17
-7
-11
-5
-2
4
-15
-20
-17
-15
-9
5
6
-3
-16
-24
-23
-37
-38
-29
-24
-5
2
3
15
18
-1
-13
-16
-23
-22
-21
-15
-10
-10
-6
-9
-12
-14
-21
-16
-5
0
9
6
6
2
-2
-8
-13
-20
-33
-15
-6
-1
4
3
8
9
15
12
10
15
16
13
3
-4
3
1
-1
6
7
4
24
26
10
17
15
13
18
13
0
2
-1
0
9
4
8
6
15
12
5
3
-3
-6
-9
-2
-6
2
-1
-9
-9
-18
-8
13
26
40
35
16
16
4
-14
-15
-11
1
13
13
14
6
3
5
8
12
22
25
30
36
19
16
9
5
11
6
-2
4
11
16
11
4
4
2
-3
-4
0
10
14
18
17
15
3
-2
5
-2
-3
9
13
12
14
11
10
0
1
1
-12
-17
-8
-9
2
7
0
3
4
12
20
21
19
17
13
10
0
-9
-4
-6
-1
-7
-5
-3
-6
-2
0
12
4
-1
2
3
-15
-23
-32
-32
-21
-20
-13
-15
-14
-13
-4
0
-8
-13
-4
2
5
7
4
4
-3
2
3
-15
-20
-13
-13
-4
4
10
14
12
2
-1
-1
1
6
4
8
13
13
12
21
15
0
6
0
-7
-7
-3
9
13
11
11
7
3
4
-4
-4
5
2
13
15
4
-8
-19
-20
-17
-15
-14
-5
-8
4
8
-1
-10
-6
7
5
5
8
-2
-10
-12
-17
-18
-14
-4
-1
-2
3
-6
-3
-1
-8
-14
-18
-7
-3
-3
10
4
-9
-11
-12
-17
-21
-20
-17
-4
4
0
-1
2
4
-1
-19
-16
-15
-23
-17
-2
-4
-2
3
-10
-14
-11
2
4
5
-3
-8
-13
-22
-29
-32
-28
-28
-20
-13
-5
-6
0
7
4
4
8
-2
-8
-17
-15
-18
-16
-7
-4
-11
-5
4
-5
-1
3
4
-6
0
4
1
1
-1
-9
-13
-2
8
3
0
2
-9
-8
-10
-9
-1
13
22
15
12
18
21
6
4
2
-3
0
13
21
17
18
10
0
-8
-12
-6
7
26
32
27
26
28
27
20
15
18
8
6
13
-1
-6
-3
2
6
13
22
17
11
13
15
14
24
21
12
18
18
9
5
4
5
-10
-9
-9
-7
-2
-2
6
12
15
8
1
-5
-13
-14
-11
-5
-5
-1
10
5
2
5
-4
1
10
4
5
7
-5
-4
-8
-14
-12
-17
-21
-13
-6
3
4
9
15
3
2
1
-2
-8
-7
-2
-1
11
5
0
6
5
-3
0
1
-4
-9
5
10
7
8
10
12
-2
-7
-5
-5
-4
0
9
13
15
9
6
6
3
-5
-13
-14
-13
-18
-19
-15
-18
-14
-1
-4
-3
-3
-5
-7
-17
-12
-15
-15
-10
-12
-13
-6
-5
-11
-13
-7
-12
-12
-4
-2
5
9
1
-2
-14
-15
-12
-14
-6
6
7
0
-3
-11
-14
-12
-2
-3
-8
-3
0
-4
-6
-7
-14
-16
1
10
2
9
12
16
14
7
2
2
3
-1
4
10
11
6
5
2
3
4
2
6
5
6
4
-2
-7
1
3
10
10
-10
-11
-5
-12
-15
-4
4
8
13
16
10
2
-5
-13
-15
-5
9
10
12
9
3
-3
-10
-14
-15
-8
-5
7
9
7
9
2
-4
-10
-6
-3
3
16
18
10
4
0
-8
-1
6
10
15
18
18
15
8
1
-6
-5
9
7
5
13
18
13
11
8
-1
-1
-8
-9
-8
-8
-7
-5
2
3
4
5
9
12
5
1
3
-7
-3
7
7
8
7
12
5
-6
-6
-4
-6
-4
-1
4
-2
-2
3
2
0
0
5
7
2
-5
-9
-9
-11
-17
-11
-9
-4
2
-1
-8
-13
-12
-6
-5
-7
1
3
1
-2
-6
-12
-14
-14
-15
-5
-8
-14
-14
-13
-22
-24
-17
-10
2
5
5
-4
-11
-8
-8
-18
-15
-4
1
-2
1
5
1
3
2
6
4
6
5
2
1
2
3
6
8
6
9
7
-3
-2
7
12
14
1
1
8
7
3
5
12
7
7
11
11
7
11
17
12
-2
7
21
20
18
13
11
9
0
-6
-4
-5
-5
8
18
16
5
5
4
-6
-1
1
1
-2
0
6
4
7
7
4
13
14
-1
-3
-1
-5
-7
-3
5
13
24
24
16
12
5
10
11
0
1
-4
-1
3
-1
0
0
3
5
-1
0
-1
-3
-5
-11
-12
-13
-14
-4
-4
-7
-6
-4
6
3
3
8
11
9
0
-3
-3
-13
-17
-10
-16
-24
-27
-18
-14
-22
-17
-12
-8
-2
-4
-4
-10
-15
-9
-8
-12
-10
-12
-12
-9
-13
-20
-20
-17
-12
-6
-5
-11
-13
-7
-1
-8
-14
-7
-7
-5
-1
6
6
-2
-2
-1
-1
2
0
0
0
-4
-9
-5
0
1
1
10
12
13
11
0
1
4
3
-5
-12
-11
-3
-2
-5
3
5
9
18
21
19
12
10
7
-1
-10
-4
3
-5
-1
6
4
-9
-15
-6
4
7
6
20
23
15
14
8
4
-5
-2
8
4
2
8
14
11
-2
-10
-5
-5
-2
-6
-1
2
-1
-4
6
10
7
8
10
9
11
13
8
3
-10
-16
-14
-3
3
4
3
4
-6
-10
2
6
7
11
20
12
9
10
10
10
14
10
-2
-3
-6
-16
-18
-4
6
11
16
11
-3
-8
-2
11
17
14
20
22
12
5
0
2
-5
-14
-12
-14
-16
-15
-10
-4
-1
0
5
14
16
17
28
33
19
5
-2
-15
-28
-20
-8
-8
-8
-9
-2
3
7
10
14
12
9
3
9
13
9
8
14
0
-25
-24
-17
-15
-14
-9
-12
-12
-12
-13
-4
2
9
16
19
33
27
18
14
3
-1
-2
-1
-8
-13
-15
-14
-12
-9
-8
-8
-4
10
19
21
19
16
10
1
1
-3
-14
-17
-7
-5
-13
-15
-14
-17
-25
-15
-12
-19
-12
0
-4
-8
0
1
0
0
4
8
6
4
-7
-13
-8
-7
-16
-17
-12
-20
-18
-3
4
10
15
21
22
17
7
4
2
-7
-9
-11
-14
-27
-29
-22
-20
-16
-6
3
18
30
32
32
19
11
2
-5
-5
-3
1
0
3
5
-1
-3
-2
3
0
-7
-2
-1
-7
-11
-5
-5
-8
-10
0
8
14
18
24
29
18
1
-2
-12
-26
-29
-17
-8
-13
-12
-1
6
7
12
21
22
12
10
11
6
-13
-29
-30
-23
-23
-23
-14
-8
-11
-1
18
18
11
15
17
9
-1
-7
-15
-21
-16
-14
-13
-6
-4
1
-3
-7
-6
-7
-2
-1
-8
-2
5
2
-3
-6
-7
-5
-1
9
13
8
7
8
4
-3
-6
-3
3
10
11
15
19
16
17
12
5
7
6
5
5
-1
-8
-11
-11
-12
-13
-11
1
14
16
12
12
4
-4
-7
-4
-1
-8
-12
-10
-15
-19
-14
-5
9
21
29
31
26
13
-2
-6
-7
-11
-12
-6
-5
-11
-9
-4
-7
-9
5
15
20
21
17
9
2
3
3
-1
-1
6
6
6
3
3
3
-2
1
1
1
2
5
10
9
8
7
8
10
15
15
17
17
16
11
8
0
-8
-7
-4
-1
0
3
4
3
6
13
13
16
21
23
16
10
6
1
-4
-4
-2
-3
-3
1
1
-6
-12
-13
-6
5
7
5
4
9
7
4
-1
-2
2
2
5
5
1
-4
-11
-14
-21
-26
-20
-14
-7
0
8
12
14
13
12
10
5
4
2
-3
-9
-15
-22
-21
-20
-16
-8
-3
2
5
4
3
2
-5
-2
1
1
-1
-7
-14
-21
-23
-20
-17
-10
-1
-1
1
5
8
1
-8
-11
-8
-8
-3
-1
-6
-4
-2
-2
-3
-4
1
4
7
6
-4
-16
-16
-18
-16
-8
6
17
24
24
13
1
-7
-12
-17
-15
-13
-14
-10
-9
-8
-11
-13
-7
0
7
19
20
19
15
8
4
-12
-17
-16
-20
-17
-12
-6
-1
-4
-5
-3
0
7
10
10
14
15
11
7
4
-8
-9
-1
2
8
11
11
14
14
9
1
-6
-12
-10
-10
-2
10
11
15
20
20
12
8
2
-1
-2
-7
-9
-12
-17
-18
-13
-15
-14
-3
7
13
13
12
10
7
4
7
3
-7
-16
-22
-21
-18
-14
-9
-5
-4
-4
-1
5
5
5
12
15
14
12
9
3
-7
-11
-6
-6
-7
-8
-9
-11
-11
-12
-11
-14
-9
7
13
23
25
23
16
10
5
-1
-2
-1
-2
-2
-6
-12
-10
-10
-5
1
7
13
20
23
18
11
1
-2
-3
-4
0
0
-3
-5
-8
-7
-5
-1
1
9
11
12
14
16
12
12
14
14
16
10
4
6
3
0
2
3
2
-1
1
-2
-3
-3
0
6
12
19
25
22
15
9
-1
-7
-13
-17
-10
-4
-5
-5
-8
-7
-3
2
12
16
19
21
21
17
6
-3
-11
-18
-21
-23
-23
-17
-14
-9
-5
-1
5
2
-2
0
-1
-2
5
4
-2
-2
-6
-6
-7
-6
-6
-5
-1
0
2
-2
-13
-22
-29
-27
-21
-14
-6
7
20
24
24
22
18
13
7
0
-2
-6
-13
-19
-23
-29
-29
-22
-14
-4
5
11
18
19
21
21
15
10
8
2
-4
-4
-3
-3
0
5
6
3
-3
-11
-12
-8
-6
-1
3
5
5
0
0
1
-2
1
6
13
14
8
-1
-14
-25
-32
-34
-28
-18
-10
2
9
8
5
-3
-8
-10
-13
-15
-16
-19
-26
-33
-35
-28
-18
-11
6
20
27
28
26
22
15
7
-1
-7
-14
-18
-21
-26
-27
-24
-18
-6
5
12
17
20
19
15
13
12
4
2
-4
-7
-12
-16
-11
-3
6
16
22
16
5
-10
-17
-22
-28
-21
-9
4
18
26
27
24
15
12
14
14
16
10
1
-6
-16
-19
-16
-13
-4
10
23
28
29
30
20
13
9
1
-2
-2
-5
-8
-9
-6
-5
-3
5
12
13
13
11
9
5
3
-1
-4
-6
-4
-2
0
4
8
12
16
19
15
13
9
-3
-13
-10
-9
-9
-1
8
15
14
9
3
1
2
4
6
3
-4
-10
-15
-18
-20
-18
-9
3
17
28
30
26
16
5
-1
-5
-13
-21
-22
-22
-24
-15
-11
-8
1
13
19
26
32
29
20
13
-1
-10
-15
-19
-19
-16
-8
-7
-3
3
6
1
3
0
-5
-1
2
4
6
12
18
18
17
15
11
10
9
8
5
3
-6
-15
-21
-28
-24
-17
-2
9
20
28
23
23
18
9
5
-3
-8
-9
-17
-25
-27
-28
-25
-18
-8
0
7
15
20
19
19
16
10
6
-4
-12
-12
-10
-7
0
9
12
10
9
4
-4
-10
-12
-12
-10
-6
-2
5
8
3
1
-2
-1
5
12
16
15
13
9
-5
-14
-17
-18
-14
-1
7
17
25
20
13
5
-4
-12
-15
-13
-12
-8
-4
-6
-6
-4
-4
-5
-6
0
6
18
22
14
8
-1
-8
-13
-16
-18
-14
-3
3
7
1
-5
-13
-19
-24
-25
-24
-15
-3
9
21
26
26
19
14
9
3
-3
-9
-16
-23
-27
-35
-43
-45
-39
-21
-3
21
40
51
56
51
35
19
1
-20
-36
-49
-50
-42
-35
-24
-8
-1
4
12
19
26
31
35
31
21
8
-4
-13
-23
-24
-17
-3
11
20
24
16
1
-9
-18
-20
-17
-9
4
16
25
29
26
18
12
8
6
7
5
-1
-7
-17
-24
-29
-26
-23
-19
-3
16
26
39
51
47
33
20
8
-8
-21
-30
-37
-38
-34
-24
-12
-1
4
9
17
27
34
39
37
23
2
-11
-18
-27
-29
-19
-10
1
10
17
19
9
1
-6
-14
-18
-22
-22
-18
-10
-2
7
20
24
29
31
25
20
17
9
-7
-24
-41
-53
-59
-57
-41
-18
2
30
51
57
49
41
27
8
-7
-22
-35
-38
-35
-30
-19
-12
-8
-6
5
16
27
38
42
34
18
5
-10
-25
-28
-23
-20
-6
12
20
20
13
6
-5
-10
-5
-4
-5
-6
-13
-15
-14
-8
4
17
29
36
40
40
29
12
-10
-32
-49
-55
-49
-49
-47
-30
-7
19
40
53
59
56
44
27
5
-21
-34
-36
-30
-22
-12
-8
-10
-14
-5
12
26
45
55
52
46
30
-3
-25
-38
-34
-19
-6
10
18
24
23
17
2
3
4
9
19
23
18
-4
-11
-12
-7
8
20
22
22
35
33
29
13
-13
-29
-38
-34
-24
-16
0
14
27
40
31
13
-3
-20
-38
-51
-60
-61
-61
-57
-40
-25
-13
-8
10
11
14
15
12
3
-21
-34
-57
-76
-85
-89
-83
-53
-26
-6
-1
0
-9
-21
-22
-32
-31
-24
-14
-19
-20
-22
-23
-22
-28
-14
-8
3
9
18
10
-7
-17
-34
-45
-56
-49
-35
-12
8
18
27
28
34
40
33
27
5
-1
-7
-20
-23
-37
-38
-36
-16
-6
9
28
43
67
61
49
29
13
-5
-22
-20
-13
-4
12
37
53
63
69
71
74
74
65
51
40
26
32
35
22
24
24
25
47
45
57
48
41
31
33
54
83
238
390
472
422
308
344
494
610
524
266
18
-57
21
98
124
-18
-156
-241
-94
140
261
110
-276
-428
-385
-235
-234
-504
-766
-852
-734
-639
-650
-713
-725
-587
-447
-412
-433
-423
-321
-190
-162
-207
-224
-114
67
188
213
200
243
316
331
317
309
327
327
249
189
196
242
278
234
175
161
179
166
88
39
21
1
-64
-140
-132
-81
-38
-23
-27
0
-17
-37
-41
-20
26
24
32
92
144
204
209
202
192
168
170
178
211
218
189
145
92
103
98
91
83
74
48
6
-3
8
35
54
60
42
32
18
-8
-16
-39
-78
-131
-149
-150
-148
-142
-159
-176
-197
-200
-173
-193
-268
-348
-449
-520
-578
-616
-647
-633
-580
-554
-518
-502
-506
-504
-490
-487
-460
-447
-417
-394
-354
-291
-238
-179
-134
-74
-3
89
199
293
366
422
505
585
648
743
870
984
1081
1156
1197
1210
1220
1230
1223
1209
1183
1108
1029
933
829
748
673
610
546
470
410
336
240
139
66
-10
-73
-109
-156
-204
-268
-326
-360
-381
-370
-373
-377
-403
-438
-455
-433
-362
-296
-253
-207
-172
-152
-177
-224
-297
-388
-479
-554
-596
-620
-674
-733
-778
-824
-855
-877
-885
-922
-1027
-1132
-1244
-1305
-1364
-1374
-1375
-1363
-1339
-1329
-1273
-1238
-1185
-1095
-964
-811
-632
-420
-161
113
443
752
1066
1341
1544
1693
1798
1867
1937
2007
2052
2036
2008
1966
1990
2035
2003
1883
1688
1469
1244
995
760
519
331
141
-71
-266
-430
-562
-692
-798
-908
-1035
-1165
-1262
-1304
-1298
-1260
-1189
-1118
-1008
-873
-711
-546
-355
-145
11
184
346
552
730
957
1187
1352
1481
1518
1540
1556
1534
1438
1239
1007
764
596
439
259
121
-58
-234
-390
-576
-740
-893
-1048
-1231
-1420
-1580
-1685
-1748
-1856
-1948
-2006
-2028
-1951
-1868
-1797
-1728
-1672
-1618
-1594
-1563
-1468
-1364
-1277
-1221
-1161
-1178
-1030
-818
-553
-303
-60
219
584
994
1393
1775
2038
2172
2314
2333
2363
2421
2410
2361
2309
2233
2189
2189
2205
2198
2135
1954
1779
1512
1172
891
619
335
60
-263
-563
-768
-912
-1013
-1087
-1210
-1355
-1495
-1675
-1786
-1842
-1912
-1939
-1933
-1876
-1738
-1512
-1216
-883
-574
-291
-38
227
566
842
1092
1297
1478
1646
1790
1947
2059
2129
2133
2115
2045
1885
1711
1492
1237
914
576
279
40
-185
-399
-623
-876
-1133
-1382
-1635
-1850
-2013
-2203
-2409
-2578
-2703
-2750
-2741
-2684
-2629
-2553
-2488
-2379
-2297
-2221
-2107
-2025
-1942
-1883
-1749
-1640
-1363
-949
-566
-193
169
547
999
1496
1953
2371
2623
2732
2838
2873
2952
3116
3178
3201
3206
3089
2991
2963
2913
2848
2697
2400
2061
1669
1259
957
646
292
-92
-506
-831
-1032
-1191
-1337
-1481
-1674
-1901
-2109
-2289
-2370
-2424
-2477
-2484
-2467
-2380
-2211
-1977
-1618
-1190
-805
-446
-113
198
533
898
1232
1500
1714
1883
2057
2194
2320
2418
2433
2377
2283
2116
1895
1686
1441
1153
826
489
205
-45
-298
-529
-806
-1138
-1446
-1740
-2036
-2286
-2511
-2695
-2848
-3002
-3089
-3140
-3104
-3014
-2874
-2784
-2688
-2576
-2510
-2419
-2317
-2231
-2140
-1879
-1537
-1130
-666
-203
353
901
1491
2105
2591
2969
3268
3476
3566
3669
3780
3824
3822
3760
3721
3714
3707
3691
3636
3467
3214
2914
2531
2141
1726
1247
727
169
-368
-841
-1232
-1507
-1720
-1931
-2129
-2327
-2553
-2763
-2888
-3001
-3093
-3177
-3245
-3211
-3144
-2909
-2530
-2159
-1765
-1332
-888
-413
110
596
1008
1314
1529
1736
1882
2061
2270
2395
2469
2493
2457
2401
2363
2260
2092
1838
1523
1207
861
510
166
-226
-657
-1050
-1379
-1653
-1905
-2136
-2351
-2588
-2828
-3015
-3165
-3290
-3329
-3335
-3378
-3465
-3517
-3474
-3409
-3218
-3033
-2787
-2388
-1994
-1512
-1034
-501
58
691
1298
1865
2331
2684
3089
3411
3621
3832
3973
4071
4132
4155
4194
4260
4260
4195
4068
3816
3549
3194
2765
2361
1894
1406
896
366
-144
-571
-952
-1292
-1615
-1967
-2264
-2528
-2794
-2940
-3074
-3252
-3374
-3469
-3483
-3383
-3189
-2938
-2636
-2342
-2007
-1585
-1121
-590
-79
383
757
1062
1304
1554
1826
2074
2285
2394
2442
2495
2524
2578
2610
2524
2370
2167
1884
1599
1304
952
577
156
-302
-702
-1088
-1394
-1625
-1874
-2119
-2350
-2617
-2841
-3034
-3191
-3318
-3468
-3621
-3752
-3821
-3826
-3745
-3677
-3459
-3123
-2764
-2278
-1764
-1210
-602
55
669
1247
1753
2200
2663
3016
3318
3612
3780
3894
3977
4022
4110
4260
4353
4377
4310
4140
3962
3730
3444
3126
2713
2226
1657
1078
552
98
-297
-677
-1049
-1406
-1706
-1984
-2195
-2348
-2547
-2759
-2972
-3167
-3251
-3254
-3184
-3056
-2900
-2721
-2432
-2074
-1667
-1183
-781
-386
-24
285
576
869
1116
1317
1476
1562
1660
1715
1776
1846
1890
1865
1808
1702
1549
1355
1122
878
561
199
-146
-482
-806
-1059
-1306
-1557
-1775
-1963
-2140
-2252
-2334
-2449
-2578
-2748
-2912
-3069
-3170
-3212
-3220
-3180
-3031
-2783
-2461
-2046
-1576
-998
-357
248
845
1335
1750
2134
2463
2747
3028
3228
3354
3451
3503
3607
3757
3891
4018
4053
4023
3970
3837
3613
3382
3060
2648
2172
1671
1215
784
352
-54
-459
-869
-1195
-1468
-1697
-1865
-2045
-2279
-2508
-2740
-2912
-3001
-3065
-3031
-2998
-2967
-2833
-2621
-2330
-1953
-1559
-1174
-806
-491
-186
108
375
617
803
933
1048
1145
1249
1372
1453
1514
1553
1535
1512
1472
1364
1223
1030
767
487
168
-136
-382
-622
-867
-1092
-1308
-1501
-1642
-1767
-1881
-2003
-2161
-2327
-2451
-2568
-2662
-2741
-2746
-2662
-2518
-2315
-2047
-1680
-1240
-710
-170
340
779
1187
1607
1986
2340
2649
2850
2953
3012
3064
3124
3224
3316
3383
3418
3394
3371
3311
3196
3055
2819
2518
2158
1755
1335
895
437
-19
-471
-856
-1140
-1404
-1616
-1752
-1915
-2103
-2252
-2394
-2483
-2531
-2571
-2604
-2643
-2658
-2600
-2469
-2256
-1951
-1616
-1274
-937
-613
-299
30
353
619
810
922
979
1027
1072
1141
1198
1237
1258
1264
1289
1263
1217
1143
989
806
596
335
40
-239
-528
-782
-1045
-1292
-1452
-1636
-1758
-1838
-1939
-2038
-2148
-2241
-2291
-2346
-2397
-2357
-2320
-2227
-2066
-1857
-1549
-1101
-609
-78
450
893
1324
1717
2049
2363
2604
2766
2873
2917
2933
3005
3071
3112
3140
3144
3166
3173
3128
3059
2910
2656
2368
1998
1581
1171
732
319
-84
-463
-793
-1068
-1316
-1505
-1682
-1854
-1981
-2093
-2184
-2254
-2326
-2392
-2445
-2474
-2447
-2373
-2206
-1957
-1685
-1420
-1151
-869
-563
-244
91
415
664
866
1021
1116
1166
1226
1281
1304
1296
1279
1260
1224
1169
1068
976
880
756
612
443
213
-57
-335
-618
-909
-1183
-1409
-1632
-1817
-1987
-2132
-2243
-2339
-2395
-2410
-2437
-2465
-2426
-2368
-2279
-2135
-1940
-1673
-1330
-929
-515
-57
370
818
1248
1601
1933
2236
2470
2655
2803
2880
2952
3019
3063
3113
3115
3101
3083
3051
3011
2938
2779
2562
2276
1953
1630
1240
832
419
6
-376
-743
-1061
-1317
-1528
-1723
-1850
-1960
-2027
-2055
-2117
-2166
-2230
-2283
-2315
-2308
-2257
-2130
-1940
-1731
-1477
-1208
-927
-604
-266
78
381
623
823
960
1052
1105
1138
1142
1105
1076
1061
1045
1024
1010
968
903
811
676
528
335
98
-149
-423
-719
-1005
-1251
-1467
-1663
-1812
-1918
-2009
-2077
-2141
-2177
-2212
-2240
-2191
-2126
-2028
-1866
-1673
-1408
-1078
-742
-378
-2
343
741
1132
1443
1773
2037
2250
2446
2550
2624
2725
2795
2861
2901
2880
2845
2819
2772
2708
2622
2479
2314
2087
1819
1524
1196
858
487
105
-235
-560
-855
-1093
-1310
-1521
-1673
-1795
-1881
-1919
-1983
-2036
-2086
-2128
-2153
-2145
-2121
-2047
-1920
-1784
-1616
-1411
-1158
-877
-593
-306
-49
150
359
527
636
712
763
794
794
784
777
783
769
748
715
667
581
501
409
288
139
-32
-225
-423
-645
-862
-1050
-1235
-1400
-1542
-1665
-1755
-1819
-1856
-1857
-1870
-1825
-1728
-1606
-1467
-1314
-1115
-885
-618
-339
-25
288
600
918
1201
1487
1737
1968
2152
2270
2362
2443
2501
2520
2540
2523
2508
2511
2476
2455
2415
2343
2244
2074
1858
1599
1321
1012
685
349
29
-240
-494
-707
-895
-1062
-1208
-1329
-1426
-1502
-1577
-1658
-1730
-1809
-1850
-1883
-1884
-1831
-1745
-1649
-1528
-1368
-1186
-974
-755
-536
-321
-136
32
190
307
399
468
519
535
538
534
520
506
494
466
423
381
331
260
164
51
-83
-228
-395
-569
-750
-925
-1080
-1230
-1357
-1467
-1546
-1591
-1604
-1601
-1586
-1527
-1445
-1343
-1215
-1068
-886
-661
-402
-140
141
410
692
964
1219
1457
1682
1874
2033
2150
2230
2305
2352
2375
2389
2368
2339
2321
2287
2230
2164
2064
1946
1788
1601
1401
1159
887
597
313
26
-236
-478
-686
-847
-994
-1129
-1251
-1325
-1386
-1432
-1454
-1494
-1534
-1559
-1562
-1560
-1533
-1492
-1437
-1342
-1214
-1039
-857
-657
-465
-285
-115
31
158
256
340
385
414
410
392
362
340
328
302
272
230
191
120
37
-49
-161
-292
-420
-573
-722
-868
-1028
-1156
-1266
-1370
-1437
-1487
-1493
-1470
-1430
-1383
-1315
-1226
-1112
-985
-830
-643
-434
-171
80
338
564
807
1046
1257
1465
1647
1805
1934
2036
2106
2162
2224
2259
2276
2266
2237
2209
2138
2068
1982
1864
1723
1548
1345
1114
885
650
412
168
-61
-295
-514
-710
-890
-1060
-1203
-1315
-1390
-1427
-1447
-1453
-1457
-1446
-1428
-1412
-1379
-1320
-1233
-1138
-1026
-926
-809
-673
-520
-364
-209
-67
59
171
245
318
357
386
396
381
375
347
306
246
168
86
7
-90
-197
-299
-420
-551
-667
-794
-919
-1039
-1145
-1240
-1318
-1376
-1422
-1452
-1460
-1448
-1416
-1361
-1273
-1149
-995
-816
-621
-406
-182
69
320
574
814
1035
1249
1426
1595
1762
1888
1996
2073
2130
2168
2209
2220
2210
2166
2103
2049
1958
1861
1748
1606
1436
1246
1029
805
591
359
139
-80
-303
-512
-713
-893
-1055
-1204
-1313
-1400
-1456
-1487
-1496
-1491
-1467
-1432
-1388
-1311
-1223
-1114
-999
-877
-761
-663
-531
-389
-260
-110
28
149
260
358
446
508
545
563
564
545
517
479
414
344
249
129
23
-91
-220
-331
-448
-580
-708
-828
-925
-1039
-1150
-1228
-1326
-1414
-1475
-1513
-1535
-1528
-1483
-1422
-1311
-1174
-995
-787
-569
-317
-51
221
490
740
954
1174
1369
1542
1712
1855
1968
2059
2119
2158
2197
2215
2228
2238
2219
2193
2142
2065
1963
1827
1672
1495
1300
1095
870
628
367
84
-184
-422
-645
-838
-994
-1155
-1294
-1414
-1506
-1554
-1567
-1573
-1559
-1538
-1516
-1472
-1416
-1348
-1263
-1156
-1034
-898
-776
-622
-474
-320
-162
-23
93
204
305
396
470
499
525
524
514
487
425
347
252
145
42
-58
-153
-242
-343
-446
-562
-672
-784
-897
-1011
-1121
-1219
-1318
-1414
-1501
-1562
-1573
-1541
-1497
-1398
-1256
-1112
-933
-735
-539
-323
-77
192
464
709
944
1175
1364
1550
1715
1843
1941
2007
2063
2113
2144
2167
2179
2164
2158
2138
2092
2037
1947
1815
1679
1521
1343
1131
883
622
349
86
-136
-338
-524
-677
-831
-985
-1127
-1251
-1328
-1351
-1378
-1383
-1370
-1377
-1353
-1322
-1278
-1196
-1111
-1013
-890
-798
-700
-564
-447
-302
-163
-43
109
219
303
369
382
388
387
365
337
292
213
131
38
-62
-137
-211
-274
-340
-436
-550
-666
-796
-915
-1015
-1119
-1201
-1289
-1367
-1430
-1496
-1523
-1519
-1480
-1383
-1246
-1090
-912
-722
-524
-279
-20
250
529
773
998
1202
1357
1501
1627
1735
1835
1909
1966
1997
2008
2010
2002
1984
1975
1967
1949
1904
1819
1712
1575
1394
1208
1013
796
570
336
104
-123
-341
-531
-703
-859
-995
-1094
-1169
-1211
-1225
-1248
-1241
-1235
-1230
-1191
-1155
-1115
-1055
-999
-927
-823
-731
-615
-485
-377
-246
-126
-22
96
191
272
330
329
321
303
257
213
158
71
-17
-116
-225
-323
-421
-511
-599
-692
-780
-849
-928
-989
-1044
-1115
-1168
-1218
-1275
-1315
-1354
-1378
-1347
-1274
-1165
-1013
-846
-655
-431
-198
59
327
591
864
1108
1306
1471
1584
1686
1778
1835
1900
1954
1987
2023
2041
2043
2046
2043
2034
2001
1942
1852
1720
1558
1378
1192
991
779
568
343
120
-88
-297
-476
-639
-800
-925
-1050
-1151
-1216
-1268
-1287
-1285
-1271
-1246
-1193
-1143
-1093
-1048
-1016
-963
-896
-818
-711
-600
-490
-371
-259
-143
-27
68
164
236
268
294
292
261
233
169
86
7
-97
-206
-314
-437
-547
-652
-761
-836
-900
-971
-1021
-1069
-1125
-1163
-1198
-1235
-1261
-1299
-1318
-1302
-1271
-1186
-1058
-898
-681
-428
-173
92
350
595
825
1039
1228
1383
1491
1585
1646
1683
1721
1758
1797
1849
1895
1929
1949
1939
1941
1930
1892
1830
1731
1593
1432
1251
1044
830
603
376
159
-45
-242
-424
-580
-729
-836
-898
-938
-948
-942
-945
-951
-949
-951
-951
-950
-958
-954
-946
-931
-891
-833
-776
-690
-589
-492
-385
-280
-185
-110
-43
12
44
39
23
-20
-89
-164
-246
-323
-409
-490
-571
-658
-731
-794
-850
-885
-915
-945
-965
-1000
-1029
-1054
-1088
-1107
-1112
-1098
-1051
-966
-854
-710
-532
-331
-129
90
331
567
787
981
1144
1268
1366
1444
1501
1537
1575
1598
1617
1642
1667
1697
1738
1776
1791
1784
1753
1708
1632
1543
1432
1284
1111
915
711
498
279
83
-107
-282
-419
-546
-640
-701
-742
-747
-744
-737
-720
-714
-711
-719
-744
-749
-761
-786
-782
-772
-770
-748
-709
-657
-590
-509
-413
-323
-250
-188
-148
-155
-189
-230
-286
-331
-388
-456
-530
-612
-708
-781
-835
-864
-885
-915
-935
-970
-1007
-1030
-1045
-1067
-1072
-1062
-1034
-991
-937
-841
-734
-613
-455
-267
-72
136
354
564
765
949
1113
1234
1328
1396
1441
1476
1489
1492
1500
1510
1521
1537
1560
1582
1605
1618
1619
1608
1569
1515
1435
1317
1168
1004
829
644
456
272
100
-66
-223
-354
-449
-506
-546
-575
-580
-573
-557
-524
-496
-487
-499
-517
-547
-588
-616
-623
-640
-658
-659
-649
-627
-598
-555
-512
-482
-458
-422
-408
-416
-442
-483
-538
-609
-677
-741
-804
-867
-915
-953
-986
-1023
-1053
-1071
-1082
-1079
-1060
-1027
-1001
-973
-928
-868
-806
-721
-618
-503
-359
-207
-51
114
285
473
666
843
992
1117
1215
1285
1327
1362
1379
1381
1378
1374
1380
1386
1400
1424
1443
1450
1460
1460
1440
1389
1307
1206
1079
942
807
677
547
399
260
120
-7
-112
-194
-252
-295
-323
-345
-365
-388
-408
-415
-417
-424
-432
-442
-457
-469
-479
-494
-511
-520
-526
-524
-524
-520
-506
-497
-488
-483
-497
-519
-564
-624
-680
-746
-809
-866
-924
-969
-1002
-1029
-1050
-1062
-1062
-1054
-1040
-1025
-1005
-986
-966
-939
-903
-854
-780
-694
-586
-464
-328
-182
-26
148
314
487
649
787
904
1006
1077
1127
1170
1186
1200
1208
1203
1200
1188
1180
1189
1196
1211
1226
1240
1237
1213
1175
1116
1049
968
887
795
689
572
459
350
239
152
83
34
14
-13
-35
-53
-76
-97
-112
-122
-134
-156
-171
-180
-199
-215
-227
-249
-275
-299
-330
-357
-381
-398
-404
-419
-437
-471
-521
-576
-637
-698
-757
-819
-884
-949
-1015
-1081
-1126
-1157
-1171
-1170
-1147
-1119
-1105
-1078
-1043
-1020
-981
-939
-893
-824
-751
-663
-554
-424
-271
-105
61
228
375
503
627
729
807
883
933
964
986
987
976
952
928
925
934
949
970
987
989
983
978
970
958
943
916
874
809
723
642
554
457
374
306
240
186
158
140
133
141
152
172
196
209
220
211
190
161
120
81
49
10
-37
-86
-145
-205
-248
-289
-325
-349
-377
-413
-456
-511
-577
-643
-711
-780
-845
-915
-997
-1083
-1154
-1216
-1271
-1293
-1286
-1273
-1247
-1206
-1158
-1106
-1043
-971
-887
-805
-712
-608
-494
-377
-253
-115
31
175
316
455
576
686
777
842
895
924
937
950
942
910
886
859
825
796
775
760
739
718
701
680
653
623
589
542
482
426
376
319
255
209
161
110
69
46
54
75
117
176
239
283
328
370
386
391
390
390
377
353
324
290
237
175
131
99
67
34
-2
-60
-137
-234
-342
-445
-564
-673
-779
-881
-984
-1083
-1173
-1251
-1313
-1359
-1386
-1403
-1409
-1401
-1381
-1343
-1290
-1226
-1139
-1053
-966
-866
-748
-622
-482
-330
-178
-29
124
273
413
551
682
799
905
991
1052
1091
1103
1090
1065
1030
987
934
884
840
787
744
707
667
629
589
549
504
447
384
325
255
184
123
68
12
-31
-62
-65
-55
-34
8
55
100
152
212
269
320
366
415
464
497
521
533
525
496
460
420
375
327
287
238
182
122
49
-35
-133
-241
-350
-467
-591
-721
-848
-968
-1084
-1179
-1259
-1334
-1397
-1430
-1452
-1457
-1439
-1403
-1340
-1278
-1205
-1116
-1021
-921
-805
-667
-516
-352
-186
-9
160
323
483
627
760
873
973
1053
1108
1131
1140
1134
1100
1060
1018
977
929
877
830
786
732
691
653
598
529
452
366
271
167
72
-10
-91
-163
-216
-251
-279
-285
-263
-224
-175
-120
-52
8
58
105
148
186
215
251
286
311
327
342
346
343
333
325
314
299
276
244
192
117
28
-77
-194
-322
-455
-589
-719
-843
-961
-1054
-1135
-1204
-1246
-1268
-1275
-1268
-1244
-1207
-1166
-1125
-1078
-1024
-958
-875
-781
-671
-544
-399
-232
-53
129
305
479
625
755
862
946
1012
1052
1077
1079
1060
1022
983
941
896
849
801
752
694
632
568
498
417
336
258
176
99
27
-38
-98
-154
-202
-231
-248
-249
-226
-186
-138
-74
1
83
160
232
296
349
384
412
426
424
417
391
374
354
327
307
284
255
216
175
121
46
-44
-155
-273
-400
-529
-658
-785
-906
-1015
-1101
-1166
-1210
-1242
-1254
-1256
-1250
-1224
-1186
-1137
-1075
-1004
-920
-835
-739
-635
-528
-410
-281
-138
14
176
343
503
644
767
871
964
1036
1096
1139
1152
1135
1096
1041
977
907
840
777
712
640
570
498
426
353
275
204
130
50
-30
-104
-171
-227
-263
-283
-283
-265
-230
-179
-124
-59
18
103
183
268
345
402
447
473
492
494
482
472
451
418
371
326
276
216
154
90
17
-63
-155
-244
-344
-464
-586
-717
-847
-973
-1076
-1158
-1221
-1273
-1304
-1317
-1316
-1292
-1255
-1203
-1147
-1074
-985
-892
-791
-682
-571
-450
-323
-189
-41
116
275
437
590
729
850
963
1062
1141
1207
1246
1256
1239
1191
1124
1048
963
874
782
680
575
472
378
298
227
165
105
44
-26
-97
-163
-226
-275
-309
-327
-324
-309
-280
-233
-169
-96
-3
89
186
276
355
429
486
528
555
571
567
550
523
485
441
389
330
259
172
78
-19
-125
-234
-343
-460
-579
-696
-814
-923
-1023
-1117
-1196
-1258
-1303
-1325
-1328
-1314
-1292
-1254
-1211
-1156
-1092
-1015
-929
-834
-729
-608
-483
-351
-210
-48
115
280
451
616
773
921
1050
1158
1243
1297
1329
1342
1325
1290
1238
1172
1097
1020
940
849
748
644
541
437
341
250
161
69
-20
-104
-179
-236
-277
-301
-308
-309
-299
-273
-234
-186
-120
-46
31
101
169
234
283
320
348
365
362
349
327
297
267
231
192
148
94
29
-41
-120
-203
-291
-394
-492
-597
-703
-799
-892
-977
-1051
-1108
-1149
-1177
-1192
-1187
-1169
-1139
-1098
-1046
-1000
-942
-879
-813
-738
-651
-551
-435
-306
-164
-26
117
268
420
570
724
861
976
1066
1131
1172
1199
1206
1200
1169
1122
1066
1001
929
856
782
703
621
539
457
377
308
235
165
93
27
-28
-72
-98
-111
-120
-118
-106
-88
-53
-16
24
66
103
141
181
210
238
263
281
289
288
275
248
208
158
99
29
-49
-126
-211
-300
-385
-475
-565
-650
-731
-801
-870
-926
-975
-1015
-1041
-1051
-1052
-1047
-1031
-1008
-973
-928
-873
-820
-769
-719
-668
-609
-538
-447
-343
-226
-101
19
146
280
420
560
696
813
907
969
1008
1030
1035
1035
1019
991
945
889
831
773
717
662
605
542
475
411
351
298
253
208
167
132
103
84
78
75
85
96
106
122
136
156
176
195
206
219
234
245
257
261
251
232
206
175
139
93
41
-20
-99
-187
-290
-397
-501
-606
-697
-784
-867
-939
-1000
-1050
-1090
-1111
-1118
-1106
-1081
-1047
-1017
-984
-953
-917
-871
-818
-761
-696
-629
-555
-475
-382
-276
-158
-29
101
231
357
479
598
711
816
899
959
997
1014
1018
1014
1002
978
937
877
809
740
676
616
563
517
465
406
351
289
234
192
158
134
119
109
106
109
113
121
127
143
169
194
225
248
261
264
268
270
270
267
264
257
241
228
209
171
118
48
-40
-138
-243
-350
-455
-565
-673
-774
-872
-960
-1029
-1085
-1122
-1138
-1137
-1122
-1101
-1072
-1045
-1018
-984
-944
-899
-850
-802
-757
-712
-657
-589
-512
-414
-293
-169
-34
109
251
396
534
667
788
888
970
1032
1066
1079
1073
1049
1017
971
919
861
801
741
682
627
577
524
467
410
360
319
289
269
252
226
196
169
144
130
124
122
123
121
122
121
121
125
137
157
174
194
216
231
235
230
215
196
164
120
67
1
-76
-158
-248
-340
-438
-534
-625
-713
-785
-851
-899
-937
-968
-988
-999
-1004
-1003
-998
-992
-982
-975
-964
-955
-943
-923
-896
-848
-782
-703
-606
-501
-386
-259
-122
26
181
339
485
618
737
834
914
974
1012
1037
1054
1056
1045
1022
976
921
864
814
776
748
723
695
662
613
562
508
458
411
367
323
268
211
152
93
41
-5
-36
-52
-60
-59
-53
-41
-27
-13
4
24
45
66
85
93
87
64
30
-20
-78
-138
-202
-266
-327
-384
-439
-491
-539
-582
-614
-638
-651
-655
-662
-674
-696
-722
-758
-793
-826
-857
-879
-892
-896
-891
-874
-845
-799
-733
-651
-549
-435
-314
-187
-62
62
180
295
404
511
607
692
760
815
856
884
904
919
927
928
926
919
903
885
867
842
807
764
714
658
598
547
498
449
395
335
271
207
149
104
68
38
13
-13
-34
-53
-62
-68
-66
-63
-63
-58
-53
-52
-63
-77
-104
-140
-178
-211
-245
-282
-321
-364
-406
-446
-481
-504
-525
-539
-547
-555
-565
-583
-608
-634
-662
-690
-714
-738
-764
-792
-819
-833
-832
-816
-777
-719
-655
-579
-494
-400
-304
-207
-109
-17
74
161
247
325
396
462
520
576
632
691
744
795
844
879
905
918
915
904
880
849
814
773
730
678
618
557
496
443
400
361
324
286
247
209
173
140
110
81
50
20
-16
-44
-67
-84
-96
-107
-113
-121
-124
-128
-137
-151
-172
-195
-216
-242
-267
-289
-317
-345
-369
-387
-396
-402
-402
-411
-419
-437
-459
-484
-516
-545
-577
-608
-635
-658
-675
-679
-672
-650
-612
-567
-513
-456
-391
-325
-253
-175
-101
-31
36
98
160
215
272
330
383
434
478
522
559
593
623
650
663
665
659
643
620
593
559
519
474
425
380
337
298
265
236
208
183
165
147
131
115
100
83
67
49
31
10
-11
-29
-49
-67
-86
-105
-122
-137
-149
-157
-162
-169
-175
-182
-185
-189
-194
-196
-204
-222
-239
-257
-274
-295
-317
-339
-361
-383
-400
-415
-426
-436
-445
-452
-454
-449
-440
-427
-413
-395
-371
-343
-312
-275
-231
-182
-127
-71
-12
47
104
156
203
255
302
341
378
411
438
462
487
505
520
528
528
525
519
508
495
474
442
404
367
326
289
258
229
200
171
146
124
104
86
74
66
59
55
49
38
25
16
8
2
-5
-8
-13
-18
-21
-22
-23
-24
-27
-31
-35
-36
-39
-43
-46
-56
-63
-71
-80
-85
-94
-109
-127
-144
-166
-186
-207
-230
-257
-285
-309
-329
-346
-360
-374
-386
-389
-388
-382
-371
-351
-333
-308
-279
-246
-210
-172
-129
-86
-42
5
48
91
128
165
198
230
255
276
293
306
308
311
309
303
296
282
268
250
232
211
188
164
139
112
87
63
39
16
-5
-25
-42
-58
-72
-85
-94
-100
-102
-98
-93
-87
-77
-65
-48
-32
-17
0
13
23
34
43
53
63
70
75
81
84
88
93
98
99
101
104
103
96
85
70
53
32
8
-19
-49
-83
-120
-153
-182
-207
-228
-244
-256
-261
-260
-250
-238
-220
-200
-179
-155
-129
-105
-83
-61
-38
-15
6
27
45
58
71
84
97
107
114
123
131
136
142
143
141
134
124
111
94
78
58
37
13
-9
-29
-48
-60
-71
-79
-85
-90
-97
-99
-100
-100
-99
-97
-95
-92
-86
-78
-68
-55
-38
-21
-4
16
36
58
80
100
118
138
152
170
187
202
217
225
234
237
238
236
227
214
197
180
159
134
109
81
53
27
2
-22
-39
-58
-73
-89
-102
-114
-121
-125
-128
-128
-127
-123
-122
-119
-115
-111
-105
-101
-95
-89
-82
-75
-70
-64
-59
-49
-43
-38
-36
-33
-34
-38
-42
-50
-59
-73
-83
-97
-110
-124
-134
-142
-146
-150
-153
-156
-161
-163
-164
-164
-163
-163
-163
-164
-161
-154
-141
-123
-106
-84
-60
-34
-3
27
59
93
126
158
188
219
248
276
299
320
333
345
354
355
356
350
342
332
318
305
291
275
258
240
221
202
181
159
137
115
90
65
43
21
1
-17
-33
-50
-66
-82
-95
-104
-112
-117
-121
-124
-128
-130
-134
-138
-142
-141
-139
-140
-142
-145
-154
-162
-168
-174
-181
-191
-201
-214
-225
-240
-250
-259
-264
-266
-264
-260
-250
-241
-230
-217
-205
-194
-181
-171
-159
-147
-133
-115
-96
-73
-47
-20
9
43
81
118
154
185
217
246
271
296
317
333
351
362
369
374
377
376
375
370
365
357
346
333
318
302
286
269
251
234
214
191
169
147
126
104
83
62
40
21
4
-14
-29
-44
-59
-73
-87
-101
-118
-131
-147
-163
-179
-197
-214
-231
-247
-262
-275
-291
-305
-318
-333
-346
-358
-371
-381
-390
-396
-403
-408
-412
-415
-417
-410
-401
-387
-369
-350
-323
-299
-269
-239
-209
-177
-146
-113
-81
-48
-11
24
60
96
132
168
206
245
283
317
348
376
398
418
434
445
451
453
450
446
440
431
423
412
400
387
374
361
348
337
324
309
291
269
248
227
205
182
161
139
115
94
73
56
42
29
18
4
-11
-26
-47
-66
-86
-106
-128
-150
-174
-198
-223
-249
-271
-296
-316
-339
-362
-384
-407
-425
-443
-458
-471
-481
-491
-495
-496
-492
-486
-477
-464
-448
-430
-410
-386
-362
-335
-303
-268
-232
-196
-158
-116
-74
-29
15
58
100
144
183
223
258
292
324
353
380
404
421
436
447
456
463
466
467
465
460
453
443
430
417
403
390
375
362
345
326
307
287
265
247
229
213
195
177
159
143
125
107
90
72
53
35
16
-3
-22
-42
-60
-77
-95
-113
-132
-154
-179
-204
-230
-251
-273
-293
-312
-335
-357
-376
-395
-409
-421
-429
-435
-440
-442
-445
-443
-438
-432
-422
-411
-396
-374
-351
-328
-300
-272
-240
-207
-173
-137
-99
-64
-25
12
52
92
130
165
198
230
261
289
315
341
362
380
394
406
415
421
425
427
428
424
420
411
404
395
385
374
359
345
330
311
292
271
250
230
210
192
173
153
135
111
88
68
49
28
10
-11
-33
-57
-81
-105
-129
-153
-176
-197
-218
-239
-260
-282
-305
-326
-345
-362
-377
-392
-403
-414
-425
-433
-439
-441
-438
-431
-423
-414
-405
-396
-382
-366
-351
-330
-305
-280
-252
-223
-196
-165
-133
-101
-67
-33
1
33
64
95
123
151
175
200
222
245
265
282
297
309
321
330
338
344
347
351
353
351
348
343
339
334
329
325
318
309
301
290
280
269
258
248
234
221
207
190
174
158
140
122
105
87
67
47
25
4
-19
-43
-64
-88
-114
-138
-163
-186
-209
-230
-250
-270
-288
-305
-322
-339
-352
-364
-373
-376
-380
-381
-380
-381
-378
-371
-363
-349
-335
-321
-302
-282
-260
-238
-216
-192
-167
-140
-112
-82
-52
-24
2
27
53
76
99
121
142
162
181
199
213
228
242
251
259
267
273
277
280
282
282
280
277
275
270
267
260
252
246
237
227
219
209
200
191
181
171
162
151
138
128
116
104
93
78
66
51
36
22
7
-8
-26
-41
-56
-71
-87
-101
-117
-132
-146
-161
-175
-188
-203
-214
-227
-236
-244
-253
-260
-266
-270
-272
-274
-274
-274
-269
-263
-254
-242
-233
-221
-209
-194
-180
-163
-143
-124
-105
-84
-66
-46
-26
-7
13
34
53
72
91
108
122
135
148
160
172
182
192
198
203
208
210
211
211
210
207
205
202
197
192
184
175
166
160
154
149
142
132
124
115
106
97
88
81
75
69
61
52
45
34
24
16
10
4
-2
-7
-13
-21
-30
-40
-49
-58
-66
-77
-85
-92
-103
-113
-124
-133
-141
-149
-155
-160
-162
-167
-170
-175
-181
-183
-182
-182
-177
-175
-170
-164
-156
-147
-137
-126
-115
-104
-92
-79
-66
-53
-36
-21
-5
11
26
41
56
69
83
97
110
123
133
141
144
149
151
153
155
157
158
158
154
152
146
140
133
126
118
110
103
95
88
77
69
61
53
45
39
35
29
22
15
9
2
-3
-5
-6
-6
-7
-6
-8
-11
-14
-15
-16
-16
-17
-17
-18
-21
-24
-27
-33
-35
-38
-41
-43
-47
-52
-59
-66
-72
-76
-80
-84
-86
-88
-92
-95
-98
-101
-99
-100
-99
-98
-96
-94
-91
-88
-83
-79
-72
-65
-57
-48
-38
-29
-20
-10
-3
6
12
21
29
34
40
47
51
53
58
62
65
65
66
66
65
65
63
62
56
51
46
39
33
29
24
21
18
16
12
7
3
-1
-4
-5
-4
-3
0
1
2
4
7
9
12
17
22
28
32
38
42
45
50
55
59
62
64
67
68
67
68
67
65
64
61
58
54
54
51
45
41
36
29
24
18
12
7
1
-4
-7
-9
-12
-15
-17
-22
-25
-29
-31
-33
-31
-29
-28
-27
-27
-27
-27
-25
-22
-19
-15
-11
-8
-6
-7
-8
-7
-6
-7
-5
-4
-2
-2
-4
-6
-7
-8
-10
-11
-12
-13
-14
-17
-20
-24
-25
-24
-21
-17
-13
-11
-13
-14
-14
-16
-14
-11
-6
-2
3
8
12
14
15
17
20
24
28
31
34
36
36
37
35
33
33
33
34
34
31
28
23
19
16
13
11
8
5
2
-2
-7
-12
-16
-19
-22
-26
-26
-30
-33
-35
-37
-38
-40
-40
-41
-41
-41
-40
-41
-40
-42
-42
-41
-42
-41
-38
-38
-36
-36
-34
-33
-32
-31
-31
-31
-30
-29
-28
-27
-26
-25
-22
-20
-17
-14
-12
-8
-6
-4
-3
2
3
7
11
13
17
21
25
30
32
37
42
44
49
52
54
57
60
62
63
63
64
64
63
63
62
62
61
59
56
53
49
48
44
40
36
32
27
24
19
15
11
7
0
-5
-8
-12
-15
-18
-22
-24
-26
-31
-34
-36
-39
-41
-42
-45
-48
-48
-51
-51
-52
-53
-54
-55
-56
-58
-59
-59
-59
-59
-58
-59
-58
-56
-54
-52
-52
-51
-49
-48
-45
-41
-38
-34
-31
-27
-25
-23
-19
-16
-12
-8
-2
1
5
8
13
15
19
22
26
28
30
31
34
35
38
41
42
44
44
45
44
46
45
43
43
40
40
40
37
37
39
38
37
35
32
29
27
24
23
21
18
14
12
9
6
4
2
1
-1
-2
-5
-10
-12
-15
-19
-21
-22
-23
-26
-27
-30
-32
-32
-35
-36
-38
-37
-39
-40
-39
-40
-40
-39
-38
-36
-34
-32
-30
-26
-25
-21
-18
-16
-13
-9
-7
-4
2
6
11
14
17
20
23
26
30
33
36
38
41
43
45
46
48
49
50
48
47
46
45
43
42
41
39
38
38
36
32
30
26
21
17
13
9
7
4
1
0
-2
-7
-9
-13
-14
-17
-21
-24
-26
-28
-31
-32
-31
-32
-31
-32
-32
-34
-36
-36
-36
-37
-35
-34
-34
-35
-34
-33
-33
-30
-27
-24
-21
-19
-16
-14
-13
-11
-10
-8
-4
-2
1
5
8
12
16
19
23
28
32
36
39
41
44
45
48
49
52
51
53
54
54
56
57
58
57
56
53
51
48
44
41
37
34
30
24
20
14
10
6
1
-3
-8
-14
-23
-29
-37
-42
-49
-53
-58
-61
-65
-69
-74
-76
-80
-84
-86
-88
-90
-90
-92
-93
-91
-91
-91
-89
-87
-84
-81
-78
-74
-70
-65
-60
-56
-51
-46
-41
-36
-31
-24
-18
-11
-5
2
8
14
18
25
33
40
46
52
55
60
64
68
72
76
80
83
89
90
94
95
97
99
99
99
98
99
99
97
95
91
88
86
83
80
78
74
70
65
61
54
47
39
33
26
19
13
6
0
-7
-14
-19
-24
-30
-36
-42
-47
-54
-60
-66
-70
-77
-81
-85
-89
-92
-93
-95
-96
-96
-96
-95
-93
-92
-91
-90
-88
-86
-85
-81
-79
-72
-67
-61
-53
-46
-40
-32
-27
-20
-13
-7
-1
6
12
20
26
34
42
51
58
63
67
73
79
83
88
92
94
96
100
100
102
103
105
108
108
107
104
100
94
90
87
85
79
75
71
63
56
48
40
32
26
18
10
3
-5
-14
-23
-32
-43
-52
-59
-67
-73
-79
-87
-94
-102
-109
-114
-119
-123
-128
-131
-133
-135
-136
-139
-142
-143
-141
-140
-136
-131
-127
-122
-118
-113
-107
-101
-95
-87
-79
-69
-59
-48
-36
-27
-15
-3
7
19
28
40
51
61
71
80
90
100
109
119
127
137
146
153
157
162
166
170
172
174
177
177
178
177
173
170
168
164
159
151
143
135
125
117
107
97
88
77
65
53
40
27
16
2
-13
-27
-40
-53
-67
-79
-93
-102
-112
-122
-130
-141
-151
-159
-168
-175
-183
-189
-193
-196
-197
-199
-200
-200
-198
-197
-194
-192
-187
-183
-179
-172
-166
-158
-150
-142
-132
-120
-108
-94
-81
-70
-57
-46
-34
-23
-11
0
14
27
42
56
71
83
96
107
118
128
138
149
158
166
173
179
184
188
192
194
199
203
204
204
203
199
195
190
185
177
171
163
155
146
135
123
110
100
86
75
62
47
34
19
6
-7
-22
-36
-50
-63
-77
-91
-103
-116
-127
-137
-147
-154
-163
-171
-178
-185
-191
-196
-199
-202
-203
-203
-201
-201
-198
-195
-190
-186
-179
-171
-162
-155
-145
-133
-124
-112
-100
-87
-73
-59
-45
-31
-17
-1
14
30
48
63
78
91
106
119
132
145
158
170
182
193
202
212
219
226
230
237
241
245
247
248
248
245
242
238
232
228
222
215
208
197
186
173
160
146
135
119
105
90
74
58
41
25
7
-9
-27
-44
-60
-76
-92
-108
-125
-140
-154
-165
-177
-188
-199
-210
-221
-232
-238
-243
-247
-249
-251
-252
-252
-251
-251
-247
-242
-235
-229
-221
-212
-204
-194
-183
-170
-156
-140
-126
-111
-95
-78
-63
-47
-30
-14
3
19
36
52
69
86
101
117
131
146
160
173
183
192
202
208
217
224
229
233
235
238
240
238
237
236
233
230
225
218
207
197
187
175
163
154
141
128
115
100
84
69
52
35
20
6
-10
-27
-43
-60
-78
-93
-109
-123
-136
-148
-160
-170
-183
-193
-202
-211
-219
-226
-231
-235
-238
-242
-244
-243
-243
-240
-236
-232
-226
-219
-211
-203
-193
-184
-173
-162
-151
-136
-122
-107
-92
-77
-60
-44
-27
-10
6
24
40
56
73
87
103
118
129
143
154
167
179
191
202
210
218
223
230
235
239
241
243
241
240
237
232
227
222
216
208
200
191
181
169
157
143
129
115
99
85
69
54
39
24
6
-9
-26
-43
-58
-74
-88
-102
-118
-133
-148
-162
-176
-186
-196
-204
-211
-216
-221
-225
-231
-236
-238
-241
-241
-240
-239
-237
-234
-228
-222
-213
-204
-195
-183
-172
-160
-148
-137
-124
-112
-97
-83
-67
-51
-36
-20
-5
10
27
45
59
75
90
102
114
124
135
146
158
168
178
188
194
200
205
208
211
214
217
218
217
215
212
207
201
196
191
185
177
169
159
149
138
126
114
101
87
74
60
49
34
20
7
-7
-20
-33
-45
-57
-70
-80
-91
-103
-113
-122
-130
-139
-146
-153
-159
-165
-169
-171
-172
-174
-174
-172
-170
-167
-165
-161
-157
-153
-147
-140
-133
-124
-114
-104
-94
-84
-73
-62
-50
-37
-26
-14
-3
11
22
35
46
58
69
81
91
99
108
115
126
134
145
154
160
164
167
169
171
173
175
177
179
181
181
177
172
167
162
156
151
146
138
130
121
108
100
86
76
64
53
41
30
19
9
-4
-15
-26
-41
-53
-67
-81
-93
-104
-115
-125
-135
-145
-153
-159
-165
-171
-176
-181
-184
-189
-192
-193
-194
-195
-196
-193
-191
-189
-185
-182
-176
-169
-160
-151
-140
-133
-124
-117
-109
-98
-90
-78
-69
-58
-45
-34
-22
-10
3
14
24
36
46
57
67
75
84
94
102
111
118
125
130
134
138
142
144
146
148
148
150
149
149
147
145
143
139
136
131
127
121
117
110
99
90
79
70
61
53
48
41
31
24
13
2
-6
-16
-24
-33
-40
-47
-55
-61
-69
-75
-81
-86
-93
-97
-101
-104
-106
-108
-111
-112
-114
-114
-114
-112
-111
-109
-108
-105
-101
-99
-93
-90
-85
-79
-73
-66
-61
-56
-50
-46
-40
-34
-27
-20
-14
-6
-1
5
11
18
22
28
35
40
46
51
53
56
59
60
62
66
68
72
74
77
78
78
79
77
76
75
72
70
70
68
68
68
67
63
57
52
49
45
41
40
40
38
33
28
21
14
9
4
2
-2
-3
-5
-9
-11
-15
-19
-23
-26
-29
-33
-35
-37
-40
-40
-41
-42
-41
-41
-41
-41
-42
-44
-44
-45
-46
-47
-47
-46
-43
-39
-36
-35
-32
-30
-29
-28
-27
-24
-23
-22
-19
-16
-13
-10
-8
-4
0
3
4
7
9
12
17
21
25
28
31
32
31
30
29
30
32
36
39
43
46
46
44
43
41
42
42
42
43
44
41
41
38
37
36
36
36
34
32
29
26
23
21
20
19
19
15
14
10
6
3
0
-3
-7
-7
-9
-8
-8
-11
-13
-16
-22
-26
-29
-30
-31
-28
-27
-26
-27
-29
-32
-36
-39
-41
-41
-39
-36
-32
-31
-31
-28
-30
-31
-32
-36
-34
-31
-29
-26
-24
-20
-17
-16
-17
-20
-18
-16
-13
-12
-9
-8
-7
-8
-9
-7
-5
-3
1
2
3
4
4
3
1
3
4
7
10
11
12
12
11
10
9
9
9
9
11
12
12
11
9
7
8
10
11
12
12
11
13
11
8
4
3
4
4
7
7
8
8
6
7
4
0
-1
-3
-3
-2
-1
-1
-3
-4
-6
-5
-7
-6
-6
-5
-6
-6
-5
-7
-8
-9
-9
-9
-9
-10
-11
-12
-13
-14
-13
-13
-11
-9
-6
-6
-3
-4
-5
-6
-9
-10
-11
-10
-9
-7
-6
-4
-1
1
0
-1
-2
-3
-2
-1
0
2
3
5
5
7
7
7
7
6
6
8
8
9
11
12
13
14
14
13
12
11
12
12
13
14
13
17
18
17
18
18
17
15
13
13
12
11
13
14
15
14
14
13
10
9
8
5
4
5
4
1
-2
-3
-3
-3
-3
-4
-4
-5
-6
-6
-6
-6
-9
-12
-13
-15
-15
-17
-18
-19
-18
-18
-14
-13
-12
-11
-12
-11
-13
-14
-16
-15
-13
-11
-11
-7
-7
-6
-6
-6
-6
-5
-4
-2
0
3
4
4
4
3
4
4
3
6
8
10
11
11
12
13
13
13
14
14
14
14
13
11
13
12
12
13
15
18
20
20
21
19
17
17
17
16
16
15
15
15
14
14
14
13
13
11
11
11
10
9
8
7
7
6
3
1
-1
-4
-4
-4
-4
-6
-6
-5
-5
-5
-5
-6
-8
-10
-11
-13
-13
-12
-14
-12
-12
-11
-11
-11
-11
-11
-13
-14
-13
-12
-11
-10
-9
-10
-11
-12
-10
-9
-7
-5
-3
-3
-3
-4
-6
-4
-3
-1
3
5
6
6
4
2
1
0
3
7
8
9
10
10
8
5
6
7
7
9
8
8
7
6
4
3
3
4
5
7
11
9
9
7
4
0
-2
-4
-4
-3
-1
0
2
1
-2
-3
-4
-4
-4
-6
-8
-9
-10
-10
-10
-12
-12
-12
-12
-12
-11
-10
-11
-12
-12
-14
-16
-17
-15
-14
-11
-10
-11
-11
-13
-14
-14
-12
-11
-9
-8
-7
-7
-6
-6
-6
-5
-3
-2
-1
-1
2
6
8
10
10
6
4
3
4
8
12
13
13
11
10
8
6
8
11
12
13
13
12
12
10
10
10
10
12
14
14
13
13
13
12
10
6
4
4
5
7
8
9
8
5
4
0
-2
-4
-2
0
3
4
3
1
-2
-4
-5
-5
-6
-6
-3
-3
-3
-3
-6
-8
-9
-10
-11
-9
-7
-3
-2
0
-3
-4
-6
-9
-9
-6
-3
-3
-1
-4
-6
-6
-7
-7
-5
-3
-2
-1
0
0
0
-1
0
0
2
3
3
2
1
3
3
4
6
6
8
9
6
6
5
3
2
2
4
5
6
7
5
3
2
2
0
1
2
3
4
3
5
5
4
2
0
-3
-3
-4
-2
-1
-3
-2
-3
-4
-4
-4
-3
-4
-3
-4
-3
-3
-2
-1
-1
-1
-4
-4
-3
-3
-2
-1
0
-2
-3
-3
-4
-5
-5
-1
0
1
-1
-1
-2
-4
-1
0
2
3
1
0
-4
-5
-4
-1
2
5
5
5
1
-2
-5
-6
-5
-2
2
3
4
3
0
-1
-5
-6
-4
-2
0
0
0
1
-1
-2
-3
-3
-1
0
3
2
0
-2
-8
-10
-11
-8
-3
2
3
4
-1
-7
-11
-12
-10
-6
-1
4
5
3
-1
-4
-7
-8
-6
-4
-3
-1
-2
-5
-4
-4
-2
0
1
1
1
2
0
0
1
2
2
1
0
1
1
3
4
2
1
1
1
3
4
4
3
2
-1
0
0
0
1
3
5
6
7
8
6
5
3
2
1
0
-2
1
1
4
7
7
6
3
1
1
0
0
3
4
3
2
0
-1
-2
1
2
3
6
7
5
3
0
-2
-4
-3
-2
-1
0
-1
0
1
2
1
1
0
0
-1
-1
-1
-3
-3
-1
-2
-1
0
0
1
3
2
0
-2
-3
-5
-6
-4
-2
-2
2
5
4
5
4
3
3
2
3
4
2
1
0
-1
-2
-1
-1
-1
-1
0
0
-1
-1
1
0
-2
-2
-3
-4
-2
-1
2
3
1
0
0
0
-2
-3
-1
-2
-1
0
-1
-2
-2
0
2
3
3
3
1
-4
-7
-7
-5
-1
3
5
5
2
-1
-4
-5
-4
-2
1
2
0
-3
-6
-7
-7
-6
-5
-3
-3
-1
0
1
0
1
1
2
3
3
3
2
0
-1
0
-2
-1
-1
2
3
4
3
4
5
5
6
5
3
2
2
3
4
5
7
8
9
7
5
3
2
1
0
1
2
4
6
6
4
2
0
-2
-1
0
0
1
1
2
1
-1
-2
-4
-4
-4
-5
-4
-4
-2
-3
-4
-3
-5
-7
-9
-10
-10
-9
-7
-3
-3
-4
-5
-8
-7
-9
-7
-4
-1
1
2
0
-3
-6
-9
-7
-8
-7
-6
-4
-3
-3
-3
-3
-3
-3
-2
0
3
4
5
5
4
3
2
3
4
4
5
5
5
3
4
5
5
5
6
5
4
1
0
2
3
6
7
7
6
3
1
1
0
0
1
2
1
0
0
-2
-3
-3
-2
-3
-2
-3
-2
-2
0
0
-1
-2
-3
-5
-4
-3
-2
-1
-1
0
-2
-2
-3
-4
-3
-2
1
1
1
0
-2
-4
-5
-5
-5
-2
1
3
4
5
6
5
4
4
3
7
7
7
6
4
3
2
0
1
1
3
4
2
3
3
5
6
7
9
11
10
9
6
4
4
3
4
5
5
5
4
1
-1
0
1
1
2
0
0
2
1
1
0
-1
-3
-5
-7
-8
-8
-6
-4
-2
-2
-3
-4
-5
-7
-7
-8
-9
-9
-10
-10
-10
-10
-9
-7
-3
-1
1
0
-1
-4
-5
-7
-5
-3
-1
-1
0
1
2
3
1
0
-2
-3
-1
-1
0
3
6
8
8
6
5
5
5
6
7
8
10
10
10
9
5
3
4
4
4
6
5
6
5
6
7
6
6
5
4
4
4
4
6
6
7
6
4
3
2
2
3
4
4
5
3
0
-3
-4
-4
-2
0
2
2
0
-1
-3
-3
-4
-2
-2
-1
0
1
-1
-2
-5
-7
-10
-12
-10
-9
-5
-5
-3
-2
-4
-4
-6
-5
-5
-6
-5
-5
-6
-4
-4
-2
-2
-3
-4
-3
-5
-4
-2
-1
1
1
-1
-2
-3
-3
-3
-1
0
1
2
3
2
2
2
5
4
5
5
5
2
1
0
0
0
-1
1
1
1
0
-1
-3
-3
-3
0
1
2
3
2
1
0
-2
-3
-4
-3
-5
-4
-4
-4
-4
-3
0
0
1
1
-1
-1
-2
-5
-5
-3
-3
0
1
1
1
1
1
0
-1
-3
-3
-2
-3
-2
-1
0
0
0
-1
-2
-3
-3
-5
-5
-2
-2
1
3
6
7
7
4
2
1
0
0
3
5
8
7
5
3
1
-1
-1
0
1
3
5
6
6
6
7
8
5
4
3
1
1
1
0
1
2
2
2
1
-1
-1
0
0
-1
-1
0
0
-1
0
-2
-2
-2
0
2
2
-1
-2
-2
-4
-3
-2
-1
0
1
-2
-2
-3
-5
-5
-5
-4
-5
-3
-3
-2
-2
0
2
1
2
-1
-1
-2
-4
-4
-3
-1
0
0
0
0
-2
-4
-7
-5
-3
-3
1
2
5
7
6
6
4
2
1
0
-1
-1
-2
-1
1
3
4
4
4
3
0
-1
0
-1
0
1
1
2
2
2
3
3
2
4
2
0
0
-1
0
1
0
0
0
-1
1
1
1
1
0
-2
-3
-1
-1
1
3
4
2
3
2
1
0
1
0
-2
-1
-1
-4
-4
-3
-2
1
2
1
1
1
1
-2
-1
-3
-2
-2
-4
-6
-6
-6
-5
-4
-3
-2
-2
-2
-3
-6
-5
-5
-5
-4
-3
-1
0
1
2
0
-2
-1
-2
-1
1
1
1
2
0
-1
-2
-3
-1
2
4
5
4
2
-2
-4
-6
-5
-3
1
3
4
6
6
7
4
2
2
0
-1
-2
-4
-2
-2
1
2
3
3
2
2
1
-1
0
1
3
6
5
4
3
1
-2
-3
-3
-2
-3
-2
-2
-3
-2
-2
1
1
1
0
0
0
-1
-1
-1
-1
-1
-1
0
3
3
4
4
3
2
0
-2
-4
-5
-7
-6
-7
-5
-3
-1
2
2
3
0
0
0
-2
-2
-2
0
1
2
2
3
4
1
-1
-3
-5
-5
-5
-5
-4
-2
2
2
4
4
3
3
2
2
2
2
1
0
0
1
1
1
3
4
2
1
1
-1
0
3
5
4
5
4
6
5
4
2
4
3
3
2
3
4
6
5
4
3
1
0
-2
-2
-2
-2
-1
-2
-1
2
3
3
5
3
3
2
3
4
4
2
0
-2
-3
-3
-3
-1
-1
-2
-2
-3
-3
-3
-5
-5
-3
-1
0
1
1
1
0
-1
-2
-2
-1
-2
-3
-5
-7
-5
-5
-3
-3
-2
-1
-1
1
2
2
1
1
2
2
3
4
4
4
4
2
1
0
0
2
2
2
1
1
-1
-2
-3
-3
-3
-3
-4
-1
-1
1
2
1
2
0
1
-1
0
-2
-3
-3
-4
-5
-5
-6
-7
-8
-8
-8
-7
-5
-3
-3
-2
-3
-4
-5
-6
-7
-6
-5
-4
-3
-2
-3
-4
-5
-6
-6
-7
-6
-6
-7
-5
-5
-5
-2
-2
0
0
0
0
0
2
2
3
3
4
4
5
3
2
2
2
3
4
5
4
5
6
6
7
6
6
6
7
6
8
11
11
12
11
11
11
8
7
6
5
5
4
4
3
3
2
0
0
0
1
1
4
5
6
6
5
3
0
-2
-2
-4
-2
-5
-4
-4
-3
-4
-3
-3
-3
-3
-5
-6
-6
-8
-8
-8
-6
-3
-2
0
-2
-1
-3
-4
-5
-5
-4
-4
-5
-5
-6
-5
-6
-6
-5
-3
-2
-1
1
2
1
0
0
-1
-1
2
2
1
2
2
1
1
1
0
-1
0
-1
0
1
3
3
3
3
2
1
2
2
4
5
6
7
5
3
2
0
0
-1
-1
0
0
-2
-3
-4
-3
-4
-4
-3
-2
-2
-1
-2
-2
-2
-4
-4
-4
-2
-2
-2
-4
-3
-4
-5
-5
-6
-5
-3
-3
-3
-2
-4
-4
-5
-4
-2
-3
-2
-2
-1
0
0
0
-2
-2
-2
-2
-2
0
1
1
2
2
2
2
1
2
1
2
4
4
5
6
6
6
7
8
6
7
6
3
3
4
3
3
3
5
5
4
6
7
6
5
4
3
3
3
2
2
2
0
0
1
-2
-1
0
-1
0
0
-1
-2
-3
-4
-4
-4
-2
0
2
-1
-1
-3
-4
-6
-8
-5
-4
-2
0
1
-1
-2
-3
-3
-5
-4
-3
-3
-2
-2
-1
-2
-3
-3
-3
-2
-1
0
1
0
1
0
0
0
1
1
2
2
3
5
4
3
3
1
2
4
3
4
6
5
5
4
3
4
3
3
2
3
2
3
1
-1
0
-1
-1
3
4
4
5
3
5
3
2
0
-2
-3
-3
-3
0
1
3
1
1
2
1
-1
-1
-1
-2
-2
-1
-1
-2
-2
-3
-2
-1
-2
-1
0
0
1
0
-1
-1
-1
0
-1
-1
-3
-3
-3
-2
-1
0
-1
-2
-2
-2
-1
0
1
2
3
2
1
0
-2
-1
-2
-1
1
1
0
0
2
1
1
0
3
2
2
3
2
2
3
2
3
1
1
0
1
0
0
1
0
0
0
-2
-1
-1
0
0
2
3
3
3
2
2
-2
-2
-1
0
3
4
3
3
1
0
0
0
-1
0
1
1
0
0
0
-2
0
-1
1
0
0
3
3
2
1
1
-1
-2
-1
-1
-1
-1
-2
-5
-5
-5
-3
-1
-1
1
3
4
5
3
2
1
1
1
2
1
0
1
1
1
0
-1
-1
0
-2
0
0
0
2
3
2
2
3
4
3
3
1
-1
-1
-1
-3
-1
-1
1
1
1
0
-2
-3
-2
-2
0
0
1
2
1
-1
-1
-2
-4
-4
-3
-1
1
1
0
-1
-1
-2
-4
-6
-6
-6
-6
-4
-2
-3
-2
-3
-3
-3
-2
0
1
4
5
4
4
3
1
-1
-1
-3
-2
-1
-1
0
0
0
2
-1
-2
-1
0
1
1
2
2
1
2
2
1
1
1
1
1
0
0
0
-1
-1
0
1
2
1
1
0
1
0
0
1
1
1
1
1
2
3
3
2
1
2
0
0
1
0
1
0
0
-1
-1
-3
-3
-3
-2
-3
-2
-2
-1
0
1
3
1
0
-3
-4
-7
-7
-6
-5
-4
-3
-2
-3
-4
-4
-4
-4
-3
-3
-2
-1
-1
0
-1
-1
0
-2
-3
-2
-2
-1
-1
-2
1
0
-2
0
-1
1
2
3
4
2
1
1
0
-1
0
1
3
4
1
2
0
1
1
1
2
2
2
1
3
2
2
2
1
1
0
-1
-1
1
1
2
3
4
2
2
2
1
1
1
1
3
1
1
0
-1
-3
-2
-1
0
0
2
2
2
2
1
1
1
0
1
3
2
3
3
2
1
1
1
1
2
2
5
5
5
4
2
1
0
-1
1
1
1
2
3
3
3
2
0
2
1
2
1
1
2
2
-1
0
0
-1
0
0
-1
1
-1
0
1
2
2
0
-1
-2
-2
-4
-4
-4
-5
-5
-4
-5
-3
-3
-3
-3
-4
-4
-6
-6
-7
-7
-8
-6
-4
-5
-3
-2
-3
-3
-4
-5
-4
-5
-3
-3
-4
-3
-2
-2
-4
-2
-4
-2
-1
0
2
1
0
1
0
0
0
1
1
3
4
4
6
5
4
4
3
2
2
2
2
2
2
1
2
4
4
4
5
4
6
6
6
4
3
3
2
0
0
1
1
2
3
1
1
0
0
0
-2
-1
0
0
2
3
4
5
5
5
5
2
1
0
0
-1
0
-1
-2
-4
-4
-4
-4
-6
-6
-6
-4
-4
-2
-3
-3
-1
-2
-2
-2
-4
-4
-3
-2
-2
0
-1
0
0
-1
-2
-2
-3
-2
-2
-1
1
-1
0
1
1
2
3
4
5
4
4
3
3
2
2
2
2
3
2
0
1
-2
-2
-3
-1
-2
-2
-2
-1
-1
0
2
4
3
3
1
-1
-3
-5
-4
-5
-4
-4
-4
-3
-4
-4
-5
-5
-5
-3
-2
-1
0
0
1
1
1
2
1
1
0
1
1
3
2
3
2
1
0
-3
-4
-4
-2
1
3
6
7
6
4
3
3
2
3
5
5
6
6
6
6
6
3
2
2
3
2
1
0
0
0
1
2
4
3
5
5
6
6
8
8
7
6
5
5
2
1
-1
-1
-2
-4
-6
-7
-6
-5
-4
-1
-1
0
2
3
2
1
0
0
-1
-1
-2
-3
-4
-4
-5
-5
-3
-3
-2
-2
-2
-3
-2
-3
-3
-3
-2
-4
-3
-3
-2
-2
-1
-2
-1
0
-2
0
1
1
0
0
0
-2
-3
-5
-5
-6
-4
-2
-1
-1
2
1
0
2
2
3
4
3
3
2
1
-2
-3
-4
-3
-3
-4
-3
-2
-1
-1
-2
-2
1
1
1
2
1
1
1
2
0
2
-1
0
-2
-3
-3
-3
0
0
1
1
0
-1
-3
-3
-4
-3
-2
0
1
1
1
1
-1
-3
-2
-3
-3
-1
-1
0
0
1
0
-1
-4
-4
-5
-4
-2
-2
-3
-2
-1
1
1
0
1
-2
-1
0
0
0
1
-1
0
-2
-3
-4
-5
-4
-3
-2
0
0
2
3
3
2
3
3
2
0
0
0
0
0
0
-1
-1
1
1
2
2
1
1
2
0
2
1
3
4
4
4
3
3
3
1
0
1
2
1
2
3
3
3
2
2
2
0
0
-1
-1
-1
0
-1
-1
1
1
1
3
3
3
2
0
-1
0
0
-2
-1
-1
-1
0
0
1
1
0
2
2
4
4
5
6
6
