2.362702e+062 -7.893449e+058 -1.704204e+059 -2.331312e+059 -2.843682e+059 -3.277189e+059 -3.125262e+059 -2.655914e+059 -2.541981e+059 -2.313858e+059 -1.708717e+059 1.208370e+056 
2.362852e+062 -5.039792e+058 -9.466619e+058 -1.376232e+059 -1.897488e+059 -2.793226e+059 -3.761743e+059 -3.938875e+059 -3.707532e+059 -3.189216e+059 -2.304736e+059 1.083751e+056 
2.362917e+062 -5.654508e+058 -9.056669e+058 -1.075457e+059 -1.637756e+059 -2.545372e+059 -3.544903e+059 -4.120240e+059 -4.002485e+059 -3.275095e+059 -2.218778e+059 1.009639e+056 
2.363013e+062 -4.679959e+058 -7.704806e+058 -1.067133e+059 -1.753523e+059 -2.837932e+059 -3.876617e+059 -4.276164e+059 -3.981525e+059 -3.224725e+059 -2.189987e+059 1.002278e+056 
2.363122e+062 -3.682280e+058 -8.815095e+058 -1.487061e+059 -2.288691e+059 -3.210974e+059 -3.970845e+059 -4.179520e+059 -3.980007e+059 -3.319465e+059 -2.279506e+059 1.163384e+056 
2.363066e+062 -3.627848e+058 -8.639149e+058 -1.408089e+059 -2.107560e+059 -3.084291e+059 -3.847131e+059 -4.024475e+059 -3.773189e+059 -3.180252e+059 -2.236888e+059 1.070521e+056 
2.363056e+062 -3.642770e+058 -6.554885e+058 -1.114119e+059 -2.007588e+059 -3.141195e+059 -4.091084e+059 -4.263569e+059 -3.655293e+059 -2.922651e+059 -2.151584e+059 9.879351e+055 
2.363102e+062 -3.725190e+058 -8.479362e+058 -1.441206e+059 -2.191247e+059 -3.002102e+059 -3.756300e+059 -4.009858e+059 -3.786536e+059 -3.171590e+059 -2.241756e+059 1.070744e+056 
2.363144e+062 -3.568550e+058 -9.010950e+058 -1.566006e+059 -2.415700e+059 -3.286516e+059 -3.977019e+059 -4.185987e+059 -3.930909e+059 -3.310276e+059 -2.349402e+059 1.199480e+056 
2.363069e+062 -3.084469e+058 -7.211919e+058 -1.324190e+059 -2.210940e+059 -3.003540e+059 -3.574114e+059 -4.001242e+059 -3.937227e+059 -3.291015e+059 -2.248462e+059 1.002340e+056 
2.361911e+062 -8.041238e+058 -1.715807e+059 -2.691650e+059 -3.568274e+059 -4.234645e+059 -4.629689e+059 -4.476435e+059 -3.836664e+059 -2.945017e+059 -2.031349e+059 1.974233e+056 
2.354013e+062 -2.121111e+060 -5.303976e+060 -8.657418e+060 -1.177380e+061 -1.389132e+061 -1.475551e+061 -1.451381e+061 -1.296105e+061 -1.045142e+061 -7.057532e+060 2.105739e+059 
2.343653e+062 -5.702267e+060 -1.473237e+061 -2.496135e+061 -3.487733e+061 -4.236758e+061 -4.577440e+061 -4.504621e+061 -3.968254e+061 -3.052346e+061 -1.923295e+061 1.896414e+060 
2.343143e+062 -5.984374e+060 -1.543549e+061 -2.624723e+061 -3.672591e+061 -4.468839e+061 -4.843672e+061 -4.766313e+061 -4.198123e+061 -3.231857e+061 -2.032682e+061 2.115088e+060 
2.342311e+062 -6.349200e+060 -1.630295e+061 -2.775645e+061 -3.873292e+061 -4.703622e+061 -5.095559e+061 -4.996411e+061 -4.388928e+061 -3.371230e+061 -2.110364e+061 2.344044e+060 
2.342606e+062 -6.338598e+060 -1.626097e+061 -2.774890e+061 -3.876117e+061 -4.712616e+061 -5.116488e+061 -5.021337e+061 -4.414521e+061 -3.394329e+061 -2.124040e+061 2.356040e+060 
2.343482e+062 -6.120146e+060 -1.569430e+061 -2.683876e+061 -3.753075e+061 -4.569407e+061 -4.973436e+061 -4.890300e+061 -4.312016e+061 -3.326992e+061 -2.088030e+061 2.220427e+060 
2.343679e+062 -6.054793e+060 -1.552243e+061 -2.654888e+061 -3.711700e+061 -4.517723e+061 -4.915696e+061 -4.829010e+061 -4.253367e+061 -3.276456e+061 -2.051332e+061 2.165277e+060 
2.343448e+062 -6.087258e+060 -1.557055e+061 -2.651412e+061 -3.688007e+061 -4.464781e+061 -4.824513e+061 -4.705846e+061 -4.113041e+061 -3.139885e+061 -1.948526e+061 2.092359e+060 
2.342876e+062 -6.070063e+060 -1.552279e+061 -2.627141e+061 -3.633536e+061 -4.366747e+061 -4.668376e+061 -4.513713e+061 -3.902035e+061 -2.936738e+061 -1.800963e+061 1.967907e+060 
2.343652e+062 -5.910216e+060 -1.511625e+061 -2.570987e+061 -3.572006e+061 -4.313336e+061 -4.647681e+061 -4.524219e+061 -3.942155e+061 -2.998443e+061 -1.854542e+061 1.942030e+060 
2.343405e+062 -6.106495e+060 -1.562756e+061 -2.668033e+061 -3.718865e+061 -4.511329e+061 -4.889672e+061 -4.781112e+061 -4.190580e+061 -3.209517e+061 -1.996269e+061 2.144897e+060 
2.343066e+062 -6.260005e+060 -1.601822e+061 -2.739154e+061 -3.821214e+061 -4.640942e+061 -5.039611e+061 -4.934316e+061 -4.331503e+061 -3.323703e+061 -2.069757e+061 2.278256e+060 
2.344744e+062 -5.759952e+060 -1.474490e+061 -2.524347e+061 -3.527150e+061 -4.292862e+061 -4.673789e+061 -4.590835e+061 -4.045890e+061 -3.119354e+061 -1.954125e+061 1.952623e+060 
2.348990e+062 -4.417798e+060 -1.129636e+061 -1.933372e+061 -2.702855e+061 -3.294630e+061 -3.597041e+061 -3.549348e+061 -3.149808e+061 -2.453074e+061 -1.558812e+061 1.151585e+060 
2.352046e+062 -3.254348e+060 -8.169233e+060 -1.368344e+061 -1.867031e+061 -2.216638e+061 -2.356198e+061 -2.264571e+061 -1.960626e+061 -1.495082e+061 -9.362380e+060 5.033350e+059 
2.353303e+062 -3.070381e+060 -7.846741e+060 -1.343505e+061 -1.880930e+061 -2.296392e+061 -2.512402e+061 -2.485938e+061 -2.212892e+061 -1.730340e+061 -1.105578e+061 5.562256e+059 
2.353517e+062 -3.001005e+060 -7.702617e+060 -1.326120e+061 -1.868499e+061 -2.300294e+061 -2.539233e+061 -2.533969e+061 -2.275959e+061 -1.795801e+061 -1.156632e+061 5.642586e+059 
2.358606e+062 -1.364453e+060 -3.472477e+060 -5.955384e+060 -8.397575e+060 -1.036231e+061 -1.148645e+061 -1.152555e+061 -1.042248e+061 -8.285730e+060 -5.378612e+060 1.146497e+059 
2.359463e+062 -1.161884e+060 -2.963720e+060 -5.117471e+060 -7.285741e+060 -9.074034e+060 -1.013705e+061 -1.027213e+061 -9.422469e+060 -7.636813e+060 -5.066587e+060 8.921781e+058 
2.360844e+062 -7.038114e+059 -1.776322e+060 -3.024337e+060 -4.260122e+060 -5.251121e+060 -5.802603e+060 -5.816543e+060 -5.266459e+060 -4.188575e+060 -2.715910e+060 2.931886e+058 
2.362606e+062 -1.556917e+059 -3.666967e+059 -5.890960e+059 -8.014475e+059 -9.826413e+059 -1.118984e+060 -1.159615e+060 -1.084708e+060 -9.098787e+059 -6.263069e+059 1.184691e+057 
2.363013e+062 -4.212238e+058 -9.147229e+058 -1.619361e+059 -2.598341e+059 -3.485949e+059 -3.942842e+059 -3.915251e+059 -3.812887e+059 -3.438686e+059 -2.529534e+059 1.271481e+056 
2.362993e+062 -3.481582e+058 -7.746864e+058 -1.450826e+059 -2.404373e+059 -3.295173e+059 -3.679897e+059 -3.771982e+059 -3.858496e+059 -3.461232e+059 -2.445463e+059 1.107512e+056 
2.363012e+062 -2.504717e+058 -8.630965e+058 -1.513000e+059 -2.250082e+059 -3.230487e+059 -3.786563e+059 -3.997621e+059 -3.914758e+059 -3.242964e+059 -2.235506e+059 1.074494e+056 
2.363140e+062 -3.764744e+058 -8.892417e+058 -1.555041e+059 -2.420156e+059 -3.394491e+059 -4.078111e+059 -4.228503e+059 -3.956268e+059 -3.343964e+059 -2.399342e+059 1.233095e+056 
2.363114e+062 -3.545265e+058 -9.000844e+058 -1.525293e+059 -2.351069e+059 -3.319962e+059 -3.953415e+059 -4.044486e+059 -3.790734e+059 -3.285865e+059 -2.340945e+059 1.166049e+056 
2.363069e+062 -3.219656e+058 -8.161175e+058 -1.439584e+059 -2.023420e+059 -2.800802e+059 -3.594363e+059 -3.914567e+059 -3.712705e+059 -3.177531e+059 -2.270073e+059 9.865363e+055 
2.363128e+062 -3.396953e+058 -9.309396e+058 -1.543166e+059 -2.211103e+059 -2.967759e+059 -3.570265e+059 -3.775029e+059 -3.685037e+059 -3.215606e+059 -2.321143e+059 1.062268e+056 
2.363088e+062 -3.054322e+058 -7.574631e+058 -1.465231e+059 -2.271686e+059 -3.123682e+059 -3.777881e+059 -3.890795e+059 -3.573381e+059 -3.123480e+059 -2.351678e+059 1.033165e+056 
