1.000000e-030   3.333333e-001   1.000000e-030   1.000000e-030   1.000000e-030   1.000000e-030   1.000000e-030   1.000000e-030   1.000000e-030   1.000000e-030   1.000000e-030   1.000000e-030   1.000000e-030   3.333333e-001   1.000000e-030   1.000000e-030   1.000000e-030   2.519393e-228   1.136303e-245   1.000000e-030   1.000000e-030   3.333333e-001   1.000000e-030   1.000000e-030   1.000000e-030   1.000000e-030   1.000000e-030   1.000000e-030   1.000000e-030   1.000000e-030   1.000000e-030   1.000000e-030   

1.000000e-030   1.000000e-030   1.000000e-030   1.000000e-030   1.000000e-030   2.290048e-315   1.000000e-030   1.000000e-030   1.000000e-030   1.000000e-030   1.000000e-030   1.000000e-030   1.000000e-030   1.000000e-030   1.000000e-030   1.000000e-030   1.000000e-030   3.333333e-001   3.333333e-001   1.000000e-030   1.000000e-030   2.620031e-130   1.000000e-030   1.000000e-030   7.169471e-243   3.333333e-001   1.000000e-030   1.000000e-030   1.000000e-030   1.000000e-030   1.000000e-030   1.000000e-030   

1.000000e-030   1.000000e-030   1.000000e-030   1.000000e-030   1.000000e-030   3.167935e-240   2.157348e-238   2.829874e-243   1.000000e-030   1.000000e-030   1.000000e-030   1.000000e-030   1.000000e-030   1.000000e-030   1.000000e-030   1.000000e-030   1.000000e-030   1.000000e-030   1.069650e-317   1.000000e-030   1.000000e-030   1.062869e-227   1.000000e-030   1.000000e-030   1.000000e+000   7.747676e-075   1.000000e-030   1.000000e-030   1.000000e-030   1.000000e-030   1.000000e-030   1.000000e-030   

1.000000e-030   4.302927e-232   1.000000e-030   1.000000e-030   1.000000e-030   1.999999e-001   5.999998e-001   9.999996e-002   1.000000e-030   1.000000e-030   1.000000e-030   1.000000e-030   3.751288e-007   3.513616e-231   1.000000e-030   1.000000e-030   1.000000e-030   3.864976e-230   7.935205e-235   6.479595e-234   1.000000e-030   4.251474e-228   1.000000e-030   1.000000e-030   8.032623e-243   9.999996e-002   1.000000e-030   1.000000e-030   1.000000e-030   1.000000e-030   1.000000e-030   1.000000e-030   

1.000000e-030   2.727274e-001   1.000000e-030   1.000000e-030   1.000000e-030   1.000000e-030   1.400330e-319   1.432329e-083   1.000000e-030   1.000000e-030   1.000000e-030   1.000000e-030   9.090878e-002   9.090912e-002   1.000000e-030   1.000000e-030   1.000000e-030   9.090912e-002   2.727274e-001   9.090912e-002   1.000000e-030   9.090912e-002   1.000000e-030   1.000000e-030   1.000000e-030   1.000000e-030   1.000000e-030   1.000000e-030   1.000000e-030   1.000000e-030   1.000000e-030   1.000000e-030   

