5.207057e-319   1.000000e-030   1.000000e-030   1.111111e-001   1.000000e-030   1.000000e-030   1.000000e-030   1.000000e-030   1.000000e-030   1.000000e-030   5.857957e-289   4.444444e-001   1.000000e-030   1.000000e-030   1.000000e-030   1.000000e-030   1.000000e-030   1.000000e-030   1.000000e-030   1.082178e-226   1.000000e-030   1.000000e-030   2.222222e-001   1.000000e-030   1.000000e-030   1.000000e-030   1.000000e-030   1.000000e-030   6.603795e-259   2.222222e-001   1.000000e-030   1.000000e-030   

1.884253e-242   1.000000e-030   1.000000e-030   4.930675e-255   1.000000e-030   1.000000e-030   1.000000e-030   1.000000e-030   1.000000e-030   1.000000e-030   2.567104e-231   1.619334e-222   1.000000e-030   1.000000e-030   1.000000e-030   1.000000e-030   1.000000e-030   1.000000e-030   1.000000e-030   1.000000e-030   1.000000e-030   1.000000e-030   4.907336e-256   1.000000e-030   1.000000e-030   1.000000e-030   1.000000e-030   1.000000e-030   1.000000e+000   1.151948e-256   1.000000e-030   7.331576e-233   

7.790541e-001   1.000000e-030   1.000000e-030   1.000000e-030   1.000000e-030   1.000000e-030   1.000000e-030   1.000000e-030   1.000000e-030   5.139009e-240   2.209459e-001   2.523098e-223   1.000000e-030   1.000000e-030   1.000000e-030   8.761469e-235   1.000000e-030   1.000000e-030   1.000000e-030   1.000000e-030   2.912257e-241   1.000000e-030   7.712131e-286   1.000000e-030   1.129505e-237   6.778784e-236   1.000000e-030   1.000000e-030   2.872915e-245   9.086480e-287   1.000000e-030   2.187074e-233   

1.790407e-243   1.000000e-030   1.000000e-030   6.319277e-226   1.000000e-030   1.000000e-030   1.000000e-030   1.000000e-030   1.000000e-030   6.030650e-002   2.763220e-001   1.014400e-223   1.000000e-030   1.000000e-030   1.000000e-030   6.030650e-002   2.859250e-229   1.000000e-030   1.000000e-030   2.553243e-227   6.030650e-002   1.000000e-030   9.099306e-319   1.000000e-030   6.030650e-002   3.015325e-001   1.000000e-030   1.000000e-030   1.260861e-228   5.090648e-317   1.000000e-030   1.809195e-001   

1.000000e-030   1.000000e-030   1.000000e-030   2.222222e-001   1.000000e-030   1.000000e-030   1.000000e-030   1.000000e-030   1.000000e-030   9.625812e-266   1.883354e-216   4.444444e-001   1.000000e-030   1.000000e-030   1.000000e-030   5.645987e-271   1.111111e-001   1.000000e-030   1.000000e-030   1.111111e-001   1.698584e-264   1.000000e-030   1.000000e-030   1.000000e-030   1.000000e-030   1.000000e-030   1.000000e-030   1.000000e-030   1.111111e-001   1.000000e-030   1.000000e-030   4.890279e-187   

