2.363192e+062 -6.588619e+058 -1.727010e+059 -3.038982e+059 -4.425917e+059 -5.669565e+059 -6.583264e+059 -6.956140e+059 -6.684169e+059 -5.693430e+059 -3.994310e+059 3.717846e+056 
2.363261e+062 -4.233103e+058 -1.120016e+059 -1.983330e+059 -2.900881e+059 -3.727616e+059 -4.345904e+059 -4.607258e+059 -4.448304e+059 -3.818758e+059 -2.694572e+059 1.614014e+056 
2.363268e+062 -3.971409e+058 -1.046433e+059 -1.853468e+059 -2.715162e+059 -3.496353e+059 -4.079792e+059 -4.338709e+059 -4.194932e+059 -3.590731e+059 -2.539568e+059 1.421953e+056 
2.363283e+062 -3.793787e+058 -1.003027e+059 -1.773622e+059 -2.587619e+059 -3.337587e+059 -3.899460e+059 -4.145544e+059 -4.007048e+059 -3.439001e+059 -2.432029e+059 1.299133e+056 
2.363276e+062 -3.839281e+058 -1.004429e+059 -1.778109e+059 -2.598502e+059 -3.350643e+059 -3.905991e+059 -4.155010e+059 -4.019938e+059 -3.440598e+059 -2.432745e+059 1.307005e+056 
2.363274e+062 -3.783654e+058 -1.001620e+059 -1.769839e+059 -2.593094e+059 -3.344343e+059 -3.904998e+059 -4.147144e+059 -4.010242e+059 -3.439180e+059 -2.433892e+059 1.299990e+056 
2.363274e+062 -3.778401e+058 -9.907885e+058 -1.758269e+059 -2.585341e+059 -3.317132e+059 -3.869277e+059 -4.110891e+059 -3.981984e+059 -3.423283e+059 -2.418042e+059 1.282307e+056 
2.363280e+062 -3.816755e+058 -1.003134e+059 -1.768336e+059 -2.582139e+059 -3.327980e+059 -3.875532e+059 -4.124419e+059 -4.002446e+059 -3.433926e+059 -2.437151e+059 1.294027e+056 
2.363276e+062 -3.808181e+058 -1.000088e+059 -1.763138e+059 -2.578121e+059 -3.323515e+059 -3.884822e+059 -4.134476e+059 -4.011360e+059 -3.440176e+059 -2.437867e+059 1.293809e+056 
2.363276e+062 -3.777781e+058 -9.983237e+058 -1.761108e+059 -2.582488e+059 -3.333870e+059 -3.889137e+059 -4.133062e+059 -3.999699e+059 -3.432475e+059 -2.429548e+059 1.291568e+056 
2.362977e+062 -1.224397e+059 -3.151754e+059 -5.447581e+059 -7.815336e+059 -9.920072e+059 -1.143485e+060 -1.200097e+060 -1.141392e+060 -9.601838e+059 -6.623893e+059 1.137387e+057 
2.355417e+062 -2.432633e+060 -6.206468e+060 -1.065603e+061 -1.506556e+061 -1.873672e+061 -2.100159e+061 -2.137448e+061 -1.964586e+061 -1.589038e+061 -1.051759e+061 3.892219e+059 
2.352052e+062 -3.333813e+060 -8.426130e+060 -1.432485e+061 -2.011701e+061 -2.494969e+061 -2.780037e+061 -2.800536e+061 -2.543250e+061 -2.025488e+061 -1.315313e+061 6.836052e+059 
2.350837e+062 -3.444537e+060 -8.465676e+060 -1.399056e+061 -1.939719e+061 -2.432526e+061 -2.761509e+061 -2.825242e+061 -2.585063e+061 -2.039647e+061 -1.295629e+061 6.756667e+059 
2.356549e+062 -1.832817e+060 -4.370068e+060 -7.123845e+060 -9.915235e+060 -1.259935e+061 -1.459352e+061 -1.518884e+061 -1.399029e+061 -1.107847e+061 -7.091593e+060 1.852114e+059 
2.358120e+062 -1.580596e+060 -4.012236e+060 -6.866022e+060 -9.691285e+060 -1.203705e+061 -1.347475e+061 -1.366930e+061 -1.247285e+061 -9.981332e+060 -6.521980e+060 1.581862e+059 
2.361190e+062 -1.753899e+059 -5.631182e+059 -1.124331e+060 -1.517338e+060 -1.786981e+060 -2.329822e+060 -2.421392e+060 -2.216803e+060 -1.835690e+060 -1.227150e+060 4.122480e+057 
2.272961e+062 1.070233e+061 1.743197e+061 5.841977e+060 1.019338e+061 2.886479e+061 1.552013e+061 1.318319e+061 1.744416e+061 1.475500e+061 4.954028e+060 4.526021e+059 
2.124331e+062 1.919458e+061 4.049448e+061 3.235903e+061 3.496110e+061 8.596230e+061 4.404090e+061 6.793420e+061 3.902247e+061 5.036146e+061 2.861107e+061 4.463335e+060 
1.645854e+062 4.890645e+061 1.056232e+062 1.227072e+062 1.375025e+062 2.766659e+062 2.023245e+062 3.238234e+062 2.797119e+062 2.832612e+062 2.170057e+062 8.335690e+061 
1.672094e+062 4.697820e+061 1.090982e+062 1.249108e+062 1.103864e+062 2.709450e+062 1.999174e+062 3.019804e+062 2.543083e+062 2.558023e+062 2.130139e+062 7.548363e+061 
2.186702e+062 1.657864e+061 3.407865e+061 2.414294e+061 2.064797e+061 6.326347e+061 3.749370e+061 4.486272e+061 2.847294e+061 3.633618e+061 2.113585e+061 2.576113e+060 
2.337421e+062 -9.526513e+058 -1.397205e+060 -5.321512e+060 -1.124931e+061 -1.312901e+061 -1.581780e+061 -1.500433e+061 -1.412774e+061 -1.272874e+061 -9.087380e+060 1.432537e+059 
2.339981e+062 -1.747227e+060 -5.088910e+060 -1.120557e+061 -1.771847e+061 -1.980503e+061 -2.536286e+061 -2.434431e+061 -2.333833e+061 -1.876321e+061 -1.278515e+061 4.620697e+059 
2.336448e+062 -1.167546e+060 -4.272726e+060 -1.048719e+061 -1.656894e+061 -1.888786e+061 -2.512935e+061 -2.287318e+061 -2.128469e+061 -1.844764e+061 -1.281786e+061 3.990644e+059 
2.336405e+062 -1.199013e+060 -3.573822e+060 -8.819417e+060 -1.554414e+061 -1.690290e+061 -2.254338e+061 -2.176719e+061 -2.010779e+061 -1.655635e+061 -1.165069e+061 3.299480e+059 
2.340364e+062 -1.422579e+060 -3.210263e+060 -7.300302e+060 -1.312869e+061 -1.663449e+061 -2.117483e+061 -1.872140e+061 -1.757579e+061 -1.537235e+061 -1.070276e+061 2.716882e+059 
2.351429e+062 -1.477762e+060 -3.798163e+060 -7.530279e+060 -1.129761e+061 -1.381863e+061 -1.686365e+061 -1.592675e+061 -1.504138e+061 -1.224971e+061 -8.596779e+060 2.095588e+059 
2.355941e+062 -8.778065e+059 -1.871200e+060 -3.708151e+060 -5.989800e+060 -7.115472e+060 -9.473878e+060 -8.748916e+060 -9.149772e+060 -7.087484e+060 -5.180236e+060 6.225106e+058 
2.355459e+062 -7.283001e+059 -1.211091e+060 -3.031527e+060 -6.055117e+060 -8.076027e+060 -8.854244e+060 -7.694262e+060 -7.847498e+060 -7.054654e+060 -5.318760e+060 5.316666e+058 
2.355917e+062 -4.125921e+059 -7.923379e+059 -1.618551e+060 -3.669648e+060 -3.081751e+060 -5.836463e+060 -4.306651e+060 -5.493440e+060 -4.020265e+060 -2.930449e+060 1.677427e+058 
2.357848e+062 1.349532e+059 7.112923e+059 9.071541e+059 -2.632336e+058 1.336075e+060 -5.665172e+059 1.253164e+060 -2.494621e+059 3.033578e+059 -1.843795e+058 -1.429432e+056 
2.360347e+062 9.609469e+058 3.211798e+059 5.695909e+059 -8.465277e+058 8.658700e+059 -2.649557e+059 5.841264e+059 -3.136969e+058 7.133872e+058 8.403897e+058 -4.694341e+055 
2.363110e+062 -3.272198e+058 -7.561256e+058 -1.478160e+059 -2.525497e+059 -2.930824e+059 -3.923169e+059 -3.725113e+059 -3.963936e+059 -3.245904e+059 -2.399258e+059 1.084244e+056 
2.363263e+062 -3.896598e+058 -1.017669e+059 -1.806693e+059 -2.669135e+059 -3.417947e+059 -4.032492e+059 -4.258394e+059 -4.146221e+059 -3.541693e+059 -2.514389e+059 1.371842e+056 
2.363278e+062 -3.856325e+058 -1.008228e+059 -1.771984e+059 -2.603621e+059 -3.350117e+059 -3.921281e+059 -4.174229e+059 -4.035551e+059 -3.456729e+059 -2.446586e+059 1.314066e+056 
2.363279e+062 -3.833133e+058 -1.004615e+059 -1.775332e+059 -2.599495e+059 -3.341293e+059 -3.902449e+059 -4.150877e+059 -4.019226e+059 -3.452927e+059 -2.445930e+059 1.306683e+056 
2.363279e+062 -3.829535e+058 -1.001519e+059 -1.765924e+059 -2.587526e+059 -3.338778e+059 -3.900703e+059 -4.154403e+059 -4.018533e+059 -3.448878e+059 -2.437955e+059 1.301925e+056 
2.363279e+062 -3.851096e+058 -1.004360e+059 -1.763191e+059 -2.563119e+059 -3.304449e+059 -3.850702e+059 -4.116301e+059 -3.993634e+059 -3.429285e+059 -2.431856e+059 1.286722e+056 
2.363282e+062 -3.788793e+058 -9.986748e+058 -1.767835e+059 -2.589133e+059 -3.326648e+059 -3.878374e+059 -4.129542e+059 -3.988030e+059 -3.423644e+059 -2.422335e+059 1.290242e+056 
2.363281e+062 -3.819405e+058 -1.003297e+059 -1.777680e+059 -2.609008e+059 -3.358161e+059 -3.915745e+059 -4.165539e+059 -4.035253e+059 -3.458559e+059 -2.448741e+059 1.312704e+056 
