1.000000e-030   4.444444e-001   1.000000e-030   1.000000e-030   1.000000e-030   1.000000e-030   1.000000e-030   1.000000e-030   1.000000e-030   1.000000e-030   1.000000e-030   1.000000e-030   1.000000e-030   1.111111e-001   1.000000e-030   1.000000e-030   1.000000e-030   1.111111e-001   1.000000e-030   1.000000e-030   1.000000e-030   3.333333e-001   1.654973e-232   1.000000e-030   1.000000e-030   1.000000e-030   1.000000e-030   1.000000e-030   3.595332e-246   1.000000e-030   1.000000e-030   1.000000e-030   

1.000000e-030   1.784926e-186   1.000000e-030   1.000000e-030   1.000000e-030   1.000000e-030   1.000000e-030   1.000000e-030   1.000000e-030   8.587648e-242   1.000000e-030   1.000000e-030   1.000000e-030   1.057734e-156   2.924384e-044   1.000000e-030   1.000000e-030   7.247027e-260   1.000000e-030   1.000000e-030   1.000000e-030   1.567013e-127   3.333333e-001   1.000000e-030   1.000000e-030   3.796694e-241   1.000000e-030   1.000000e-030   6.666667e-001   1.000000e-030   1.000000e-030   1.000000e-030   

1.000000e-030   1.035290e-290   2.628736e-238   1.000000e-030   1.000000e-030   1.000000e-030   1.000000e-030   1.400579e-057   1.000000e-030   5.714286e-001   1.000000e-030   1.000000e-030   1.000000e-030   1.196900e-292   2.857143e-001   1.000000e-030   1.000000e-030   1.000000e-030   1.000000e-030   1.000000e-030   1.000000e-030   5.373002e-228   1.000000e-030   1.000000e-030   1.000000e-030   1.428571e-001   1.000000e-030   1.000000e-030   9.967173e-244   1.000000e-030   1.000000e-030   1.000000e-030   

1.000000e-030   1.482946e-230   6.666667e-001   1.000000e-030   1.000000e-030   1.000000e-030   1.000000e-030   1.666667e-001   1.000000e-030   8.014234e-267   1.000000e-030   1.000000e-030   1.666667e-001   1.000000e-030   2.686110e-239   1.000000e-030   1.000000e-030   2.850593e-229   2.105498e-234   1.000000e-030   1.000000e-030   6.322877e-228   2.316047e-233   1.000000e-030   1.000000e-030   1.000000e-030   1.000000e-030   3.683941e-119   1.000000e-030   1.000000e-030   1.000000e-030   1.000000e-030   

1.000000e-030   1.818182e-001   6.929445e-216   1.000000e-030   1.000000e-030   1.000000e-030   1.000000e-030   1.000000e-030   1.000000e-030   6.822219e-298   1.000000e-030   1.000000e-030   3.849692e-186   1.000000e-030   1.000000e-030   1.000000e-030   1.000000e-030   1.818182e-001   9.090909e-002   1.000000e-030   1.000000e-030   2.727273e-001   9.090909e-002   1.000000e-030   1.000000e-030   4.634484e-299   1.000000e-030   1.818182e-001   1.000000e-030   1.000000e-030   1.000000e-030   1.000000e-030   

