1.000000e-030   1.761111e-002   2.000000e-003   2.965401e-001   1.000000e-030   9.800000e-031   9.800000e-031   2.500000e-003   1.000000e-030   1.000000e-030   1.000000e-030   1.729844e-001   1.160239e-002   9.000000e-031   1.000000e-030   1.000000e-030   1.992533e-002   5.561111e-002   1.185859e-002   1.604040e-002   9.200000e-031   2.370707e-002   3.967605e-002   3.509091e-002   4.000000e-002   9.200000e-031   1.000000e-030   1.000000e-030   1.938882e-001   1.724675e-002   1.000000e-030   4.371753e-002   

1.000000e-030   1.363636e-002   7.727273e-002   2.222222e-002   1.000000e-030   5.605668e-003   4.121134e-002   2.000000e-002   1.000000e-030   2.000000e-002   1.000000e-030   3.160298e-002   6.005903e-002   3.222222e-002   1.000000e-030   1.000000e-030   1.700347e-001   8.800000e-031   9.000000e-031   1.818182e-003   4.062228e-239   6.666666e-003   2.666667e-002   2.331735e-001   4.000000e-002   7.426993e-003   1.000000e-030   1.000000e-030   1.800778e-001   1.030303e-002   1.000000e-030   8.600000e-031   

1.000000e-030   9.400000e-031   5.800000e-031   5.000000e-031   1.000000e-030   2.400000e-031   2.000000e-031   3.200000e-031   1.000000e-030   9.800000e-031   1.000000e-030   6.200000e-031   7.600000e-031   9.800000e-031   1.000000e-030   9.600000e-031   7.000000e-031   8.800000e-031   9.000000e-031   9.600000e-031   6.199984e-001   8.600000e-031   8.800000e-031   6.400000e-031   3.476133e-001   1.238823e-002   1.000000e-030   1.000000e-030   5.600000e-031   9.000000e-031   1.000000e-030   2.000000e-002   

1.000000e-030   3.333334e-003   6.047107e-002   4.200000e-031   1.000000e-030   2.046808e-001   1.809733e-001   1.952844e-001   1.000000e-030   1.000000e-030   1.000000e-030   4.800000e-031   1.788792e-002   9.400000e-031   1.000000e-030   9.600000e-031   7.000000e-031   7.400000e-031   1.881088e-004   6.200000e-031   7.306356e-003   8.200000e-031   7.200000e-031   8.800000e-031   4.201045e-002   2.589648e-001   1.000000e-030   9.600000e-031   5.200000e-031   7.200000e-031   1.000000e-030   2.889948e-002   

1.000000e-030   2.159571e-002   1.380297e-001   1.100329e-001   1.000000e-030   8.364244e-003   6.593844e-003   1.169036e-002   1.000000e-030   1.000000e-030   1.000000e-030   9.598995e-002   1.107590e-001   8.095239e-003   1.000000e-030   6.404264e-003   7.009885e-002   2.850621e-002   6.282129e-002   6.059506e-002   2.222222e-003   2.103856e-002   3.664213e-002   2.631818e-002   2.222222e-003   5.260384e-003   1.000000e-030   5.000000e-003   6.373070e-002   3.582234e-002   1.000000e-030   6.216657e-002   

