198
282
-370
57
-80
277
-52
-233
82
-28
169
-164
147
-115
42
-183
224
313
-350
-28
-214
602
-59
-237
-173
-45
531
-223
-142
-25
178
-77
-190
191
137
-206
131
64
-381
150
215
-26
-146
-61
-23
15
389
-94
-501
170
378
149
-416
-29
155
139
114
-323
-72
356
111
-270
-103
350
-31
-191
-35
145
481
-249
-233
-130
332
281
-138
-164
-90
152
209
-251
22
185
39
-220
-299
547
70
-95
-603
254
415
-109
-221
-179
407
-288
-10
61
145
-36
-231
-49
186
169
-139
-237
-43
120
162
-11
-305
41
1
22
-96
187
-63
-173
26
161
-87
-110
321
-293
-50
182
165
-256
-109
129
-8
184
-228
-30
-34
113
4
-110
66
-81
89
-184
129
181
-133
-98
-209
299
102
-113
-126
-57
182
-124
-44
87
24
-59
-229
178
108
-115
32
-210
25
149
209
-299
-191
72
290
168
-488
-88
99
481
-154
-486
86
311
57
-378
33
316
14
-348
-77
263
89
12
-198
19
-84
245
202
-289
-150
65
372
-125
-114
37
56
69
-273
65
157
63
-71
-437
311
108
29
-275
-135
324
61
-137
-199
259
-45
-70
31
115
112
-278
139
77
45
-60
-113
229
-76
196
-205
-178
233
148
-171
-153
-45
9
133
31
-192
-119
61
53
-171
144
184
-335
-158
188
220
-288
22
128
13
-105
-136
187
225
-69
-348
168
244
196
-303
-114
98
114
182
-235
61
-57
25
127
-18
0
-288
31
350
4
-194
-135
-32
215
58
-137
15
-93
157
-49
103
-59
-173
230
136
-112
-239
191
321
-136
-371
-9
504
266
-361
-496
163
647
-18
-356
-273
368
249
-177
-35
-83
272
-141
-56
42
77
121
-157
-114
5
205
101
-187
-351
249
312
-149
-443
32
441
-99
-205
-68
43
253
-178
-305
104
187
150
-355
-47
50
-23
229
-188
-113
84
170
-157
-116
285
-88
-124
-19
135
-62
-149
167
-38
-61
-170
155
-29
-90
206
-58
-70
-232
207
184
-40
-161
4
170
-90
59
-63
28
57
-135
87
72
-165
-86
258
72
-346
-229
271
275
-133
-232
-89
113
140
99
-79
-244
309
20
-93
-99
15
340
-105
-230
-223
217
332
-175
-407
-147
552
130
-468
-190
317
427
-324
-335
225
423
-39
-345
122
240
147
-33
-323
307
252
-9
-238
-187
379
34
-103
-303
77
286
-252
-222
-121
352
22
-281
-69
-10
145
13
-25
-257
132
182
-136
-102
104
202
-120
-181
85
96
-74
51
48
-154
-110
20
143
74
-133
-148
19
197
-3
-71
-47
139
34
-36
57
-47
85
130
34
-228
70
113
131
-118
-36
114
-51
26
-218
207
195
-133
-223
-43
313
14
-192
90
-1
-53
96
-147
98
154
-46
-64
-197
209
185
-48
-183
-176
276
112
-118
-173
27
232
-135
-210
6
193
116
-310
-43
-17
180
-88
-189
79
19
54
-187
10
101
-4
-214
-5
224
63
-317
-196
261
209
-114
-371
-58
377
22
-130
-188
71
119
-104
-158
31
259
-42
-259
-243
281
219
-142
-80
30
-6
127
-92
142
102
-24
-150
29
157
109
110
-218
-125
114
313
-114
-31
-182
143
211
-103
-45
-67
119
-28
-7
64
8
-138
0
97
20
45
-85
-51
50
40
-19
23
3
-74
-124
106
152
10
-296
-130
238
198
-187
-182
31
63
-52
-146
43
58
-26
-346
-19
244
94
-207
-263
51
156
110
-123
-61
-140
55
31
-13
7
-137
45
-119
49
49
0
-48
-90
4
60
75
-64
11
-56
40
46
71
-57
-73
228
-6
-247
164
232
-25
-231
-57
328
0
-2
-141
17
139
45
8
-120
98
-2
70
-68
1
77
40
-36
-42
101
58
90
22
-106
-5
178
43
-46
-71
91
34
-78
45
17
-20
-69
-6
10
58
-101
22
-72
-42
63
-4
28
-173
121
-18
29
1
-84
113
-54
78
25
-4
-6
-43
38
-24
57
-29
-24
78
-12
-76
-146
136
105
-119
-133
-39
168
-44
-97
-69
94
61
-98
3
63
85
-9
56
-17
-11
100
144
51
-69
41
50
21
152
80
-71
-46
113
119
-83
14
7
41
-9
-41
28
48
106
-113
-92
63
128
31
-1
-43
-9
25
1
109
-50
8
-37
-53
51
64
0
-164
-52
42
41
-45
-43
-71
-111
50
53
-91
-83
55
16
-98
9
53
48
-41
-145
8
182
72
-139
-138
46
140
-4
-63
-26
-23
21
-6
-26
1
32
-34
-115
-10
125
35
-146
-107
56
131
-33
-91
-22
34
47
-33
-11
28
34
-7
-65
66
115
-23
-133
-3
134
85
-39
-101
-9
68
13
-12
19
0
-35
-62
14
92
2
-65
-51
13
50
48
-17
-59
-31
8
19
9
-33
-35
5
-29
3
15
-9
-51
-22
33
28
-18
-101
28
30
-15
0
-46
27
29
-49
2
41
52
-3
-49
29
72
33
19
-18
16
39
46
18
-26
65
19
-7
58
37
3
43
13
17
34
-5
15
12
39
9
-48
12
27
15
45
-22
-19
16
10
26
-24
2
-7
-1
33
-24
-30
25
7
-14
-26
-15
44
22
-46
-57
19
24
-2
-11
-11
-37
-16
-5
-14
10
-11
-10
-14
11
10
-6
1
10
-9
4
23
20
9
9
-13
-7
43
38
8
-8
2
41
24
-8
-7
23
36
-9
3
18
-6
-27
-7
0
26
15
-56
-33
-2
15
-1
-20
-36
0
-4
-8
-5
-21
-29
-17
0
-19
-6
-5
2
-27
-38
-14
23
-1
-31
-28
-7
1
-28
-38
-15
-8
-27
-29
-33
-17
-41
-39
-12
-38
-30
-24
-32
-36
-29
-14
-36
-33
-24
-14
-11
-6
-27
-39
-10
19
-9
-28
6
8
-12
-11
-4
27
16
-11
-4
-5
46
16
-9
3
5
5
21
21
-25
8
23
-14
-26
12
5
-49
-22
-2
-8
-42
-46
-30
-28
-14
-24
-33
-27
-23
-29
-12
-8
-18
-2
-23
-14
13
22
1
0
28
17
31
38
45
39
35
45
49
56
45
29
31
35
51
41
-3
1
16
32
-13
-42
-11
-2
-18
-61
-46
-30
-24
-33
-52
-33
-14
-32
-30
-19
5
-1
0
1
19
54
28
18
9
46
72
61
26
42
68
31
17
23
42
41
-8
-20
-9
7
-13
-46
-47
-24
-5
-34
-36
-36
-29
-16
-22
-17
-11
5
3
9
25
12
12
14
38
42
34
23
2
43
43
31
18
9
27
25
1
-5
28
4
-30
-28
6
8
-24
-37
-22
-11
-16
-16
-10
-9
-4
3
-7
3
4
11
21
6
5
29
12
13
39
7
27
34
19
15
14
17
1
1
8
14
-1
-3
3
-3
-19
-9
13
1
-32
-22
12
8
-32
-20
-6
-3
13
-6
-25
-25
10
0
-5
-4
1
4
-24
-14
7
14
-5
-31
-12
16
8
-2
-6
-2
-9
-6
3
19
9
0
-10
0
16
8
4
3
13
6
10
-3
6
15
-6
-6
3
-1
-10
-18
-20
-24
-19
-8
-16
-32
-28
-16
-20
-25
-30
-9
-7
-6
-31
-17
15
-15
-12
-7
12
9
-9
-5
6
17
19
-2
6
20
19
23
5
15
4
-6
12
1
8
4
-2
-2
-18
-11
-3
-2
1
-15
-23
5
1
-15
1
-3
4
-2
3
6
-9
5
10
5
-6
4
21
1
1
4
8
-6
-5
14
12
-2
1
2
4
5
-2
10
-8
13
17
-10
-10
13
24
5
2
10
16
13
17
10
12
20
9
13
17
9
6
10
0
-7
2
0
-12
-19
-8
-13
-24
-15
-16
-22
-21
-27
-22
-27
-20
-31
-39
-29
-15
-21
-27
-27
-19
-15
-26
-10
-13
-3
-4
-14
-6
2
-1
-17
7
6
-4
5
1
1
-1
-3
-2
1
12
8
-1
0
14
3
0
12
0
4
12
14
4
1
8
19
18
-1
0
11
8
3
3
3
-5
5
6
4
1
2
14
5
-6
4
9
13
10
-3
6
10
1
-2
3
8
8
2
-2
-3
8
12
2
6
0
0
11
-4
6
5
-1
0
0
11
11
5
3
15
12
11
8
7
13
19
15
4
15
28
22
18
19
27
26
11
11
22
22
19
16
0
15
25
12
11
11
13
13
14
14
12
1
-1
3
-2
9
5
-14
-1
2
-5
-1
0
-7
-9
-3
-5
-2
-6
-8
-9
-13
-7
-7
-12
-13
-12
-10
-12
-18
-17
-11
-20
-19
-13
-19
-21
-21
-14
-12
-14
-16
-13
-10
-4
-10
-19
-11
-9
-8
-9
-9
-9
-9
-3
-8
-5
6
-1
-4
-6
-3
4
1
-2
-5
-6
-3
-3
-8
2
5
-4
6
-5
-1
4
-2
1
-11
-4
0
-8
-7
-10
-3
-12
-12
-5
-5
-5
-9
-9
-11
-7
-14
-9
-9
-7
-3
-14
-13
-10
-5
-6
-5
-2
-4
-1
0
-1
3
3
3
-5
3
13
3
1
-1
1
7
11
4
3
1
1
2
-4
7
5
-8
-8
0
2
-2
-10
-8
-4
-5
-6
-4
-7
-8
-9
-10
-4
1
-2
-8
-2
6
7
3
1
12
7
10
11
9
17
13
13
13
21
11
14
14
6
11
11
10
5
9
7
9
7
2
-2
-6
7
5
-5
-1
-3
0
2
-1
-1
-5
-3
2
0
-3
-6
-4
-9
-3
4
3
-5
-1
5
9
8
4
6
2
11
10
7
6
5
4
3
5
10
8
6
-5
-2
10
15
2
-8
0
4
3
-4
-2
-6
2
-4
-9
0
-3
-1
-3
1
0
-8
-1
1
-1
3
1
-5
-1
1
-1
3
-4
-1
0
3
3
-1
1
-1
3
0
7
5
-1
3
4
8
5
-1
3
4
5
5
6
9
2
4
3
5
8
2
5
4
3
3
3
1
5
6
-5
4
8
0
-1
-2
2
-2
-7
-1
-3
0
-2
-7
0
3
4
0
-1
7
6
-2
5
4
5
6
2
2
0
7
3
1
2
4
9
0
0
2
3
11
5
4
7
6
9
4
0
4
5
-2
2
2
1
1
2
4
1
6
3
3
-3
-1
8
-2
2
3
-1
3
1
-4
-1
1
-1
-3
1
-2
-5
-5
-7
1
-4
-9
-7
-9
-1
-1
-8
-8
-5
-6
-11
-9
-8
-4
-8
-13
-8
-4
-3
-8
-8
-7
-9
-4
-2
-6
-4
-3
-4
-2
-1
4
-3
1
-2
-3
2
3
4
-2
1
-1
-5
-1
-2
-2
-6
-3
-4
-6
-5
-5
1
1
-5
-6
-3
3
-1
-5
-3
0
-2
-3
-1
-1
1
-3
-3
-2
-2
2
-2
-3
0
0
1
5
0
0
4
2
2
2
4
3
2
2
0
1
3
2
0
0
5
1
2
5
-1
3
3
2
2
-2
2
1
4
3
0
3
6
6
0
0
4
5
0
4
1
2
2
-5
1
0
0
0
-2
3
4
-1
3
2
4
0
1
-2
-2
1
-2
-3
0
0
-4
-3
-2
1
-1
-4
-2
0
0
-3
-3
-5
-1
1
-6
-7
-4
-2
-5
-7
-9
-5
-4
-6
-9
-8
-1
-2
-10
-6
-4
-2
-5
-8
-5
-6
-4
-6
-8
-4
-6
-5
-6
-5
-5
-6
-6
-6
-5
-4
-2
-6
-5
-3
-3
-2
-1
-5
-4
-2
-2
-4
-5
-3
-1
-1
-2
2
-1
2
0
-1
-1
1
2
-1
0
2
4
2
1
4
3
5
5
4
3
2
6
5
6
6
2
6
5
2
5
6
6
4
5
6
5
7
7
6
7
6
7
6
7
8
4
6
7
6
6
4
6
5
4
3
4
6
5
4
5
3
3
4
3
3
3
4
3
2
-1
0
2
2
1
1
2
2
4
4
3
3
2
6
6
3
2
5
5
4
3
4
5
3
4
3
3
7
5
6
5
6
5
3
3
1
3
5
3
3
5
2
3
2
2
0
-1
1
0
0
-1
-1
-3
-2
-2
-3
-5
-3
-4
-4
-5
-5
-4
-6
-8
-7
-6
-7
-5
-5
-3
-5
-7
-7
-6
-7
-7
-7
-5
-5
-5
-7
-6
-5
-7
-5
-5
-5
-6
-2
-2
-3
-3
-2
-2
-4
-2
-3
-2
-1
-2
-1
2
0
0
0
0
-3
-1
1
0
1
3
3
2
1
3
2
2
2
0
1
-1
0
-1
-2
0
-1
0
0
-1
-1
0
-1
-1
0
0
0
1
-1
-3
0
1
0
0
0
-1
-1
0
-1
-2
0
-2
-2
-3
-2
-2
-2
0
0
0
-2
-2
-2
-2
-1
-2
-4
-5
-2
-1
-3
-2
-3
-2
-1
1
1
2
3
1
2
1
3
1
3
2
2
3
1
3
2
-1
1
3
2
1
2
1
2
3
3
2
3
3
2
2
4
3
3
4
2
4
4
4
3
3
5
4
1
1
2
0
2
1
1
1
0
1
-2
-2
0
-1
-1
-3
-3
-2
-2
-2
-3
-3
-4
-1
-3
-4
-4
-2
-3
-2
-4
-3
-2
-2
-2
-2
0
0
-2
-1
0
1
0
-1
0
-1
2
-1
-1
1
-1
0
-1
1
1
0
1
0
2
1
0
2
0
0
-1
0
1
-1
1
0
-1
0
-1
1
0
1
0
0
0
-2
-2
-1
-1
0
-1
-2
0
0
-1
0
0
-2
0
-3
-2
-1
-2
-1
-2
0
0
-1
-1
-1
-1
-1
-2
-2
-3
-2
0
-2
-2
-2
-2
-3
-3
-3
-3
-2
0
-2
-3
-2
-1
-2
-3
-2
0
1
-1
0
-1
1
0
0
0
-1
0
0
-1
1
0
1
0
1
0
0
1
2
1
0
0
0
0
1
2
2
1
1
1
1
1
2
1
1
0
2
0
-1
0
0
-1
-1
0
1
0
-1
-1
-1
0
1
0
-2
-1
1
2
0
0
0
-2
-2
-2
-1
1
1
-1
-1
1
0
-1
-2
0
1
1
1
1
1
0
0
1
1
1
1
1
1
1
2
1
2
2
2
1
2
2
2
0
2
0
3
2
0
0
0
2
1
0
2
2
1
2
2
1
1
0
1
1
1
2
1
1
3
2
2
3
2
2
2
2
2
3
3
2
2
2
2
2
1
3
2
1
2
2
2
2
1
2
3
2
2
3
3
4
0
0
1
1
1
1
0
1
1
0
1
1
1
1
-1
0
0
0
-1
0
0
0
-1
0
0
0
0
1
0
0
1
1
1
1
0
0
0
-1
0
-1
0
0
-2
-1
-1
-1
-2
-1
-1
0
-2
-1
0
-1
-2
-3
-1
-2
-3
-3
-2
-2
-2
-2
-3
-2
-2
-2
-2
-3
-3
-2
-3
-2
-3
-3
-3
-3
-3
-3
-3
-4
-3
-4
-4
-5
-3
-3
-4
-2
-4
-4
-2
-2
-3
-3
-2
-2
-1
0
-1
-1
-2
-2
-2
-1
-1
0
-1
0
0
0
0
-1
2
3
1
1
1
2
2
2
1
2
3
2
3
5
3
4
3
1
1
2
2
0
0
0
1
1
2
0
2
1
1
1
1
1
2
1
1
1
1
2
1
1
2
2
1
1
1
1
2
1
0
1
0
1
2
1
1
2
2
2
1
1
1
1
1
2
0
1
0
0
0
1
0
0
-1
0
1
1
0
-1
-1
0
-1
-1
-1
-1
-2
-2
0
0
0
0
-1
0
1
0
-1
2
1
0
1
1
1
3
2
0
1
1
2
1
1
1
2
1
2
1
1
2
0
1
1
2
3
1
1
1
1
1
0
1
1
0
0
-1
-1
0
0
0
0
0
0
-1
-1
0
0
0
0
-1
-1
-1
-2
-2
-2
-1
-2
-1
0
-2
-1
-2
-1
-1
-3
-2
-1
-1
-2
-1
-1
-1
-2
-1
-2
-1
-2
-2
-2
-3
-2
-2
-3
-2
-2
-2
-3
-2
-3
-3
-3
-3
-3
-3
-1
-4
-3
-1
-2
-2
-2
-2
-3
-1
-2
0
-1
-1
1
0
1
0
1
2
2
1
1
1
0
2
2
2
2
2
1
0
1
1
1
0
0
-2
0
1
0
-1
-1
0
-1
-1
-1
-3
-2
-1
-1
0
0
0
1
3
3
2
2
3
1
2
3
3
4
2
3
4
3
4
4
2
4
4
3
4
4
3
4
3
3
4
2
3
3
2
2
3
2
1
1
1
1
0
-1
0
1
1
0
0
0
0
1
-1
0
2
1
1
1
0
0
0
0
0
1
1
1
0
0
1
2
0
1
0
0
3
0
1
1
-2
1
0
0
-1
-1
0
-1
-1
-1
-2
0
1
-2
-3
-1
-1
-1
-1
-4
-2
-1
-2
-5
-3
-4
-6
0
-5
-4
-4
-4
-6
-5
-2
-4
-1
-3
-3
-3
-3
-3
-5
-1
-5
-3
-1
-5
1
-3
-2
-1
-3
0
-2
-2
-1
-1
0
-2
-2
1
-4
-3
0
-5
2
-3
-1
-5
-7
2
-9
-1
-2
-9
1
-4
-3
-1
-3
-1
-4
1
0
-2
2
0
-1
-1
2
0
-2
6
2
5
7
8
6
8
11
6
9
11
8
9
13
6
9
10
8
11
7
16
8
14
19
7
17
7
10
12
4
12
1
6
6
-6
15
-6
3
9
-12
15
-3
6
13
-2
13
-4
3
8
-15
15
-3
-11
9
-13
-1
-3
-9
2
-14
1
-4
-18
1
-18
-16
-4
-24
-4
-14
-17
-1
-15
-1
-10
-7
3
-10
7
-2
-5
-1
-4
-10
-6
-7
-15
-6
-11
-7
-15
-10
-2
-21
-4
-17
-20
-2
-27
-5
-19
-23
-3
-24
-2
-7
-10
-4
-6
5
-7
-8
-6
-18
-23
-6
-34
-16
-18
-37
-8
-47
3
-15
-29
27
-36
20
4
-1
29
-11
27
1
-3
16
10
-5
18
-8
0
23
-24
46
-33
7
21
-62
51
-37
-20
26
-58
38
-14
-19
48
-39
27
51
-33
94
8
11
90
-58
97
-6
2
70
-66
73
-20
8
46
-54
46
0
-6
57
3
29
36
7
36
24
13
51
2
28
74
-18
77
22
5
81
-21
67
22
-12
68
-24
7
25
-41
21
-29
-8
18
-66
30
-31
-58
45
-44
-16
1
-48
-4
-52
-18
-19
-74
16
-62
-44
7
-80
-14
-61
-65
-25
-82
-38
-67
-75
-54
-87
-36
-49
-37
15
-26
10
22
-2
25
24
15
21
26
29
22
14
39
-18
80
40
157
260
166
322
196
304
279
330
335
172
285
79
90
71
-27
-61
-156
-187
-211
-230
-206
-213
-297
-224
-280
-202
-171
-197
-111
-213
-148
-131
-142
-114
-136
-135
-186
-136
-151
-211
-170
-204
-231
-196
-202
-205
-198
-200
-158
-167
-73
-82
-92
-18
-79
27
-1
0
19
-45
4
-7
8
-7
-54
-75
-89
-86
-34
-8
-17
48
38
98
175
172
251
252
296
345
365
421
405
419
414
402
435
441
404
409
376
324
346
293
275
253
194
217
193
190
206
155
171
161
188
262
247
344
351
316
392
354
354
328
286
237
137
125
31
-51
-87
-166
-219
-271
-299
-340
-345
-358
-375
-367
-402
-403
-393
-446
-447
-485
-544
-524
-580
-554
-602
-690
-658
-768
-752
-763
-858
-797
-912
-846
-799
-905
-881
-1005
-953
-791
-388
95
286
395
514
624
900
1324
1468
1462
1401
1354
1269
1214
1285
968
609
437
275
173
119
13
-360
-603
-578
-573
-515
-356
-345
-474
-358
-207
-115
62
143
201
229
359
461
369
362
260
175
196
179
168
70
-81
-157
-199
-199
-105
-120
-97
-62
-41
42
46
128
126
147
298
346
373
445
309
234
279
257
292
265
182
-23
-100
-135
-246
-279
-352
-473
-515
-480
-496
-473
-493
-514
-487
-419
-289
-223
-169
-170
-168
-142
-119
-86
-86
-113
-145
-141
-224
-261
-306
-424
-421
-469
-458
-475
-465
-465
-490
-441
-439
-347
-307
-226
-176
-125
-108
-85
-18
-39
36
39
70
93
166
206
207
312
316
465
607
656
734
697
718
669
692
715
603
598
499
368
302
235
98
-14
-67
-133
-170
-204
-193
-311
-319
-271
-294
-174
-109
-41
-2
68
140
134
198
240
259
320
360
355
318
315
289
247
331
361
445
501
483
473
410
441
490
524
533
483
386
296
205
165
81
-26
-50
-170
-203
-277
-396
-514
-635
-634
-644
-618
-621
-729
-830
-910
-923
-885
-826
-769
-737
-727
-694
-731
-749
-735
-675
-585
-500
-407
-482
-540
-524
-535
-494
-442
-330
-280
-105
395
628
704
858
938
1028
1315
1692
1674
1506
1529
1376
1165
1271
1257
850
569
488
282
53
58
-138
-593
-653
-571
-644
-597
-496
-564
-665
-480
-279
-238
-109
32
16
88
246
232
220
228
178
207
208
139
81
17
-46
-109
-16
-6
-85
41
87
82
139
288
259
303
550
502
521
579
537
465
417
405
214
80
-4
-143
-251
-355
-478
-576
-689
-688
-628
-687
-634
-620
-601
-520
-451
-326
-379
-345
-315
-392
-323
-347
-398
-443
-503
-525
-548
-562
-601
-642
-665
-717
-668
-615
-625
-550
-521
-498
-428
-310
-255
-200
-127
-94
-8
153
420
602
802
926
923
1075
1185
1275
1355
1301
1220
1135
1106
1039
880
726
512
265
196
105
-44
-170
-369
-481
-620
-604
-551
-681
-606
-580
-591
-442
-384
-343
-285
-220
-81
-4
91
161
83
137
202
214
386
410
399
458
456
543
591
702
706
676
758
711
704
676
599
472
400
354
253
193
88
-28
-113
-193
-248
-286
-393
-432
-480
-533
-536
-614
-646
-760
-819
-815
-908
-915
-958
-1019
-1020
-1008
-999
-991
-1002
-991
-943
-900
-792
-720
-659
-589
-550
-443
-392
-298
-204
-165
-79
17
96
206
442
533
714
913
982
1124
1204
1331
1314
1313
1353
1173
1122
1104
972
875
784
631
465
335
261
143
-13
-46
-193
-316
-297
-406
-423
-470
-498
-444
-463
-377
-328
-336
-251
-218
-209
-102
-79
-11
102
150
259
271
329
363
373
569
680
701
819
784
743
763
739
738
604
591
506
343
345
190
37
-100
-260
-310
-373
-409
-421
-553
-620
-712
-785
-773
-852
-836
-884
-979
-987
-1057
-1093
-1127
-1134
-1099
-1099
-1048
-1001
-996
-930
-897
-852
-767
-715
-622
-521
-434
-347
-252
-192
-112
-12
122
277
385
574
698
791
956
1091
1232
1328
1408
1455
1411
1431
1446
1348
1308
1241
1102
1004
872
767
605
428
329
123
-5
-102
-251
-323
-419
-481
-525
-576
-582
-606
-604
-588
-578
-530
-485
-456
-401
-341
-321
-227
-142
-50
135
216
320
382
430
579
670
801
855
833
833
761
727
694
594
532
426
303
246
82
-48
-184
-355
-403
-472
-516
-591
-711
-772
-888
-918
-911
-963
-967
-993
-1009
-1011
-988
-966
-972
-930
-868
-809
-729
-674
-664
-632
-623
-565
-507
-440
-381
-370
-306
-309
-275
-200
-146
-33
111
224
338
442
585
748
866
1052
1139
1178
1254
1246
1270
1285
1252
1227
1127
1048
967
812
710
569
418
340
231
137
60
-77
-169
-262
-290
-290
-320
-282
-319
-332
-314
-311
-306
-288
-246
-197
-100
-4
124
128
167
216
238
388
476
559
583
564
573
547
560
552
488
451
409
360
350
261
142
23
-101
-142
-215
-270
-349
-504
-608
-712
-793
-853
-925
-984
-1046
-1083
-1058
-1073
-1097
-1102
-1117
-1071
-1005
-884
-824
-799
-752
-747
-709
-670
-601
-589
-532
-455
-425
-384
-351
-305
-322
-245
-146
-27
105
178
291
355
485
603
704
844
940
1023
1067
1134
1163
1172
1186
1183
1200
1185
1161
1076
983
899
807
735
651
575
474
355
242
131
41
-23
-83
-139
-190
-246
-317
-365
-384
-380
-331
-285
-240
-224
-173
-131
-101
-24
0
49
89
124
134
108
106
75
62
95
120
105
78
16
-47
-78
-62
-51
-73
-104
-146
-212
-276
-310
-379
-442
-516
-524
-586
-639
-599
-720
-822
-827
-780
-765
-780
-710
-731
-730
-672
-659
-608
-523
-452
-428
-365
-260
-205
-220
-159
-122
-73
28
48
87
101
132
117
110
209
272
304
358
410
441
474
522
580
629
712
761
778
829
846
843
843
846
833
821
800
758
699
640
571
477
418
352
279
224
159
96
36
-9
-69
-116
-123
-139
-140
-145
-148
-158
-176
-166
-155
-133
-112
-96
-108
-118
-97
-94
-110
-99
-86
-101
-97
-92
-98
-120
-143
-163
-214
-175
-122
-209
-245
-255
-220
-279
-326
-278
-352
-282
-364
-360
-397
-383
-347
-473
-438
-497
-419
-445
-467
-442
-470
-425
-440
-406
-341
-332
-309
-307
-255
-192
-146
-87
-72
-12
12
48
79
117
157
155
161
189
212
209
223
211
225
253
279
297
307
333
338
352
377
409
435
453
458
458
478
485
490
489
491
476
453
440
412
388
368
328
294
271
241
200
152
113
65
26
3
-24
-51
-83
-117
-152
-190
-205
-249
-270
-292
-321
-334
-353
-364
-393
-394
-407
-390
-390
-393
-379
-393
-374
-372
-356
-336
-328
-324
-313
-280
-249
-219
-193
-168
-153
-131
-123
-105
-82
-85
-71
-70
-57
-41
-44
-27
-43
-12
-25
13
2
25
42
2
95
61
129
89
118
121
96
142
99
145
99
104
100
92
104
91
75
57
64
72
80
102
105
102
119
136
181
211
235
273
290
312
344
349
355
360
370
365
359
357
336
307
277
239
211
170
133
94
37
-1
-48
-78
-111
-136
-161
-184
-190
-207
-207
-211
-215
-211
-208
-200
-196
-195
-191
-192
-205
-205
-216
-228
-228
-240
-240
-227
-216
-198
-176
-161
-148
-132
-101
-73
-31
13
40
65
84
86
98
109
127
134
133
136
122
116
100
74
54
49
42
45
55
61
67
62
70
83
110
128
142
164
166
171
167
150
140
126
110
87
67
45
14
-19
-50
-56
-73
-78
-92
-116
-118
-121
-111
-111
-94
-77
-57
-43
-32
-10
-2
11
16
34
54
64
57
42
31
1
-5
-14
-22
-30
-46
-55
-75
-81
-95
-95
-98
-92
-79
-77
-69
-66
-67
-60
-47
-43
-32
-28
-37
-48
-70
-90
-108
-122
-133
-144
-150
-162
-162
-159
-155
-143
-121
-90
-59
-19
13
48
81
115
139
167
196
210
222
229
229
226
232
226
219
207
191
179
172
168
163
159
156
149
138
129
109
99
84
77
67
55
43
17
-14
-42
-68
-89
-97
-116
-133
-156
-183
-206
-224
-223
-226
-222
-214
-209
-199
-181
-165
-150
-115
-88
-62
-41
-24
-10
-5
19
28
47
65
76
72
66
62
51
52
48
53
58
54
48
26
14
6
3
9
13
20
20
23
14
11
8
5
13
24
27
31
29
21
15
15
22
25
29
33
34
29
29
29
34
38
50
57
54
66
62
67
83
94
113
120
125
127
122
118
115
115
115
109
97
83
66
46
23
9
-14
-30
-40
-56
-73
-86
-97
-109
-117
-116
-115
-120
-121
-126
-135
-139
-142
-148
-151
-151
-164
-173
-180
-187
-195
-196
-193
-189
-184
-183
-175
-168
-157
-145
-128
-110
-94
-74
-60
-46
-24
-6
14
31
48
71
87
96
109
122
134
144
151
160
162
163
164
167
167
172
177
177
179
174
168
163
159
155
152
149
138
128
116
95
80
64
47
33
15
-5
-23
-42
-58
-72
-80
-83
-85
-86
-81
-75
-71
-52
-36
-17
9
33
58
77
98
112
127
139
147
161
160
155
144
124
109
88
68
51
28
1
-26
-59
-93
-122
-151
-174
-197
-217
-236
-254
-273
-292
-301
-306
-305
-300
-293
-278
-268
-250
-235
-220
-200
-178
-156
-131
-105
-81
-57
-33
-10
11
35
61
89
114
138
160
176
195
214
224
238
249
256
262
265
261
256
252
246
234
222
211
196
181
168
153
138
126
109
95
80
66
52
36
24
13
0
-8
-21
-37
-47
-60
-67
-73
-78
-87
-93
-98
-102
-102
-111
-111
-113
-112
-108
-102
-95
-90
-83
-77
-70
-62
-48
-34
-24
-10
-3
2
6
9
12
15
16
12
4
-5
-17
-32
-48
-59
-71
-84
-97
-108
-120
-131
-140
-151
-157
-157
-156
-153
-149
-148
-145
-143
-136
-127
-118
-101
-88
-74
-59
-46
-32
-16
6
25
43
62
78
96
110
126
139
155
169
182
190
200
205
206
208
209
207
205
203
194
185
172
160
147
134
120
104
88
68
55
38
21
9
-4
-16
-28
-41
-52
-64
-73
-81
-88
-94
-97
-103
-109
-115
-117
-119
-119
-115
-111
-107
-104
-100
-94
-83
-73
-61
-51
-44
-33
-26
-20
-14
-10
-5
0
5
11
12
10
5
0
-3
-5
-9
-11
-15
-28
-38
-49
-63
-72
-78
-86
-95
-101
-113
-125
-135
-145
-150
-151
-151
-147
-144
-140
-136
-132
-123
-108
-94
-74
-55
-38
-20
-5
10
28
47
63
87
104
121
137
143
153
162
168
177
184
191
195
198
195
190
186
182
179
176
171
166
154
141
127
113
99
86
74
60
46
29
7
-9
-27
-42
-53
-65
-74
-84
-93
-106
-111
-116
-116
-114
-111
-106
-103
-97
-91
-86
-79
-71
-62
-54
-45
-39
-39
-36
-37
-36
-35
-37
-39
-41
-44
-49
-54
-59
-64
-67
-68
-69
-68
-70
-70
-71
-72
-70
-68
-65
-60
-56
-57
-53
-52
-50
-48
-44
-42
-38
-32
-29
-24
-21
-14
-9
0
10
19
30
40
48
57
65
74
81
89
97
104
109
115
119
120
122
124
126
126
124
124
121
120
117
116
112
110
106
100
98
94
89
82
79
71
66
60
53
50
41
35
29
21
13
8
2
-2
-8
-13
-19
-25
-31
-39
-45
-51
-54
-59
-64
-67
-70
-76
-79
-83
-88
-88
-91
-95
-95
-95
-98
-100
-101
-104
-104
-105
-102
-101
-102
-99
-98
-93
-88
-84
-80
-72
-63
-57
-46
-37
-29
-21
-14
-3
6
14
24
31
37
40
47
51
52
57
59
62
62
61
62
60
59
60
60
60
60
62
62
62
63
65
69
70
74
74
77
78
79
81
80
83
83
80
78
77
75
72
70
66
63
62
59
56
52
50
49
44
43
41
37
35
34
29
25
22
16
12
7
0
-6
-14
-21
-29
-38
-44
-50
-59
-64
-69
-75
-77
-78
-79
-76
-73
-70
-67
-63
-56
-49
-42
-38
-32
-25
-17
-14
-10
-5
-4
-2
-2
-1
-1
-2
-3
-5
-5
-7
-7
-7
-8
-7
-6
-4
0
4
11
16
22
27
32
39
45
48
53
58
61
65
65
65
63
62
59
56
54
49
46
40
35
29
23
20
16
11
6
2
-4
-7
-12
-14
-17
-21
-22
-27
-28
-31
-32
-34
-36
-36
-37
-37
-37
-38
-37
-36
-34
-32
-28
-24
-21
-16
-15
-13
-9
-7
-7
-6
-4
-6
-5
-6
-8
-14
-19
-25
-30
-37
-43
-46
-53
-59
-65
-71
-76
-78
-81
-80
-80
-78
-76
-72
-64
-59
-54
-47
-41
-33
-24
-16
-9
-1
4
10
16
25
28
32
36
37
39
42
42
41
41
42
43
43
42
42
41
40
39
37
36
37
36
36
37
34
34
35
37
36
37
37
37
35
33
31
30
28
25
23
18
16
12
10
7
4
0
-2
-4
-8
-11
-15
-17
-19
-21
-23
-26
-27
-28
-30
-31
-31
-32
-32
-31
-31
-31
-30
-29
-30
-28
-28
-28
-28
-28
-29
-30
-30
-31
-31
-31
-32
-34
-34
-36
-36
-36
-37
-36
-35
-33
-32
-28
-25
-23
-20
-14
-11
-7
-4
1
5
8
13
18
20
26
28
30
30
34
37
36
38
39
40
41
42
41
40
42
42
43
43
46
47
47
47
48
48
51
50
49
50
48
46
45
41
40
38
32
30
25
20
17
12
8
2
-2
-6
-9
-12
-16
-20
-23
-26
-29
-29
-30
-30
-30
-29
-28
-26
-24
-23
-22
-19
-18
-17
-15
-13
-12
-13
-13
-14
-15
-15
-16
-21
-23
-27
-30
-32
-36
-40
-44
-49
-53
-56
-59
-60
-63
-63
-64
-64
-62
-63
-61
-59
-56
-55
-51
-46
-44
-40
-36
-32
-26
-21
-17
-11
-5
0
5
10
15
22
27
33
39
44
48
55
58
63
67
73
75
79
85
86
87
88
89
88
88
87
86
84
82
78
73
68
65
60
56
51
43
39
30
26
18
13
7
-1
-6
-12
-17
-22
-27
-32
-35
-38
-40
-41
-42
-44
-45
-44
-44
-43
-41
-40
-40
-38
-39
-37
-36
-36
-36
-37
-38
-38
-38
-38
-39
-42
-42
-41
-43
-41
-41
-42
-42
-41
-42
-41
-38
-37
-35
-32
-31
-28
-25
-22
-17
-15
-12
-4
0
2
7
9
13
16
22
25
28
31
34
38
38
43
46
51
54
57
59
63
65
67
69
70
71
72
74
73
74
71
70
67
63
61
58
53
46
41
33
28
21
15
8
2
-7
-14
-20
-31
-37
-46
-50
-60
-65
-70
-76
-79
-86
-87
-92
-92
-94
-93
-92
-91
-90
-85
-85
-81
-75
-72
-68
-63
-56
-53
-46
-42
-35
-30
-25
-19
-15
-7
-3
5
6
12
15
19
21
27
29
32
35
36
40
38
41
39
41
41
41
42
41
40
40
39
39
40
40
43
42
44
44
44
44
44
43
45
43
43
42
42
43
41
42
42
43
40
41
37
37
35
32
30
24
24
17
13
8
4
-1
-7
-10
-17
-20
-27
-33
-42
-43
-52
-56
-64
-67
-73
-81
-82
-89
-88
-92
-88
-94
-89
-91
-90
-86
-85
-79
-78
-70
-67
-58
-56
-46
-42
-32
-28
-20
-13
-7
2
4
17
15
29
31
37
40
44
50
50
55
53
58
53
61
54
61
51
57
51
57
66
41
60
34
56
30
35
36
24
34
4
21
17
17
7
6
10
14
8
9
6
11
13
6
11
8
15
11
14
12
17
21
15
11
13
20
17
15
14
21
12
5
10
14
10
1
0
-4
0
-9
-13
-16
-15
-18
-28
-30
-31
-29
-36
-37
-40
-41
-40
-41
-43
-45
-46
-46
-46
-47
-44
-42
-42
-41
-38
-37
-33
-32
-27
-23
-23
-17
-15
-12
-9
-3
-2
2
6
10
11
18
20
24
24
27
30
29
32
31
33
32
33
33
36
36
33
34
33
35
34
32
31
32
29
27
24
23
24
21
19
15
15
12
12
9
9
5
5
4
1
0
-5
-5
-7
-8
-10
-11
-13
-15
-17
-19
-17
-19
-19
-22
-19
-21
-22
-21
-21
-20
-24
-24
-24
-25
-25
-27
-26
-26
-27
-25
-25
-26
-25
-24
-23
-22
-21
-23
-21
-19
-16
-17
-14
-13
-10
-11
-8
-6
-7
-4
-3
1
2
2
4
9
10
10
12
18
20
22
19
26
28
26
26
26
30
30
29
25
30
32
29
29
26
30
30
25
21
22
24
20
15
14
16
18
11
8
8
12
7
1
-1
2
4
-1
-6
-9
-3
-6
-11
-14
-5
-3
-11
-15
-12
-6
-11
-16
-16
-8
-8
-15
-19
-13
-6
-9
-14
-15
-8
-7
-9
-15
-10
-2
-8
-11
-13
-4
-2
-5
-12
-7
3
2
-7
-11
3
5
-2
-8
-3
7
7
-2
-7
2
11
5
-7
5
14
14
0
2
18
18
9
1
16
20
15
3
9
21
21
12
4
15
25
23
0
4
17
27
8
-7
8
20
17
-11
-1
9
18
-2
-11
-1
16
5
-14
-6
4
13
-13
-8
-3
13
-5
-16
-9
-1
6
-19
-13
-16
4
-3
-18
-20
-1
10
-15
-19
-13
9
-4
-13
-23
-4
5
-11
-20
-15
10
-3
-13
-13
4
6
-1
-13
-11
7
0
-6
-13
3
8
-3
-10
-6
11
7
-6
-11
3
13
3
-16
-5
9
8
-8
-20
5
11
2
-22
-11
16
10
-14
-23
5
12
-3
-23
-7
11
12
-10
-10
6
20
3
-11
0
6
14
-14
1
-3
14
-8
-13
-3
-3
8
-21
2
-16
9
-13
-11
-9
-10
6
-23
-3
-14
12
-14
-13
-9
11
1
-19
-9
3
25
-17
-10
-5
31
10
-19
-6
19
35
-7
-16
5
36
22
-10
-14
27
41
9
-21
5
41
26
-14
-15
31
35
3
-27
5
41
22
-26
-20
26
40
-13
-38
0
28
21
-41
-26
1
26
-3
-45
-14
12
19
-25
-32
-5
16
8
-20
-26
5
19
8
-23
-21
14
15
-1
-30
-1
19
4
-23
-13
23
3
-25
-21
20
17
-21
-30
-3
25
-9
-29
-13
17
11
-36
-18
1
23
-18
-37
-1
12
7
-35
-23
16
16
-12
-28
-7
36
-10
-10
-11
22
21
-23
10
7
31
-23
-13
34
37
-18
-33
45
67
-16
-61
29
81
30
-82
-12
74
64
-36
-65
46
51
10
-45
3
35
7
-20
-3
18
-6
-16
-7
25
-9
-25
-14
10
37
-33
-27
-23
26
31
-52
-26
-32
44
14
-45
-53
-25
78
18
-69
-79
29
86
20
-105
-66
53
95
-1
-131
-3
63
84
-43
-96
26
68
70
-84
-67
58
69
31
-110
-1
78
35
-21
-70
78
31
-5
-35
16
64
-18
-19
1
60
4
-15
-26
42
68
-21
-42
-13
91
31
-50
-24
25
61
5
-20
-12
43
24
4
-6
2
53
-35
40
-15
36
7
-55
66
8
40
-69
-23
90
26
-32
-101
45
98
-21
-83
-38
73
29
-39
-63
6
33
-9
-33
-27
8
-45
-3
33
-38
-80
-15
79
6
-110
-61
50
64
-53
-104
7
67
12
-87
-43
50
37
-28
-57
-14
47
29
-12
-27
-28
48
18
1
-48
-2
59
-20
-23
-7
68
3
-84
8
85
45
-80
-75
95
55
-32
-69
11
63
-35
5
-42
44
-11
-25
27
2
-9
-42
63
32
-45
-75
71
70
-36
-113
-9
148
-2
-87
-58
54
80
-53
-15
-23
5
59
-52
13
-26
22
26
-51
26
-15
33
-34
-36
42
21
-48
-38
55
34
-85
-54
95
37
-88
-96
76
95
-52
-140
24
115
-3
-122
-37
109
-31
-25
-57
17
6
3
30
-97
12
23
42
-27
-77
-3
43
46
-51
-84
27
75
-18
-49
-20
-3
64
-14
15
-52
-32
91
-2
7
-85
27
68
-2
9
-63
26
79
9
-8
-75
70
87
-20
-59
-40
144
-11
-64
6
77
11
-34
-25
41
42
37
-49
-95
160
5
-10
-113
55
141
-88
-32
-66
133
81
-93
-84
38
109
18
-114
8
33
54
-37
-84
92
-5
6
-115
61
45
-59
-29
-34
86
-46
-35
-6
-36
73
-12
-34
-51
1
64
-8
-45
-21
-17
47
17
-71
0
23
44
-38
-34
23
6
50
-5
-51
-17
47
50
-43
-18
1
40
29
-81
33
45
71
-126
-55
193
-35
-46
-61
85
46
-81
46
-40
71
12
-64
37
48
15
-68
13
96
22
-103
12
30
80
-10
-110
39
47
78
-80
-71
82
49
28
-94
-5
87
16
11
-29
-4
23
11
41
-20
-66
41
41
3
-22
-50
18
1
69
-46
-89
41
26
19
-32
-74
17
9
22
-16
-119
37
8
7
-67
-66
24
-66
48
20
-103
-67
15
124
-93
-88
10
45
53
-115
-53
16
107
-22
-170
12
103
42
-83
-77
81
48
43
-86
-17
91
54
-25
-100
80
78
-31
-96
24
108
-15
-74
-15
-8
97
45
-67
-88
32
196
21
-172
51
91
41
49
-108
55
1
170
-132
-173
220
78
0
-253
47
225
13
-52
-196
80
217
-8
-162
-101
239
44
-167
-36
114
157
-221
-77
162
92
-71
-131
69
84
-21
-18
-2
-18
99
-88
75
-15
-23
-48
2
233
-144
-246
69
279
7
-228
-114
142
77
168
-230
-254
268
229
-175
-380
192
291
-23
-280
-207
179
271
-19
-190
-222
119
275
27
-177
-110
167
79
-79
-24
19
137
-62
-239
207
98
-39
-221
55
217
-127
44
-112
47
86
7
23
-78
91
-96
40
81
-61
33
-80
125
-205
-72
299
31
-92
-480
294
241
68
-191
-348
296
199
-9
-326
98
177
-14
-145
-12
118
-30
-53
-109
51
187
-179
-70
49
-40
58
49
136
-327
-135
317
104
-32
-275
95
82
-111
89
-60
185
-99
-303
132
229
168
-392
-166
380
-2
-8
-274
133
180
-50
-12
-310
309
98
-110
-198
151
268
-211
-191
-16
388
-6
-138
-234
53
210
50
-65
-175
50
-44
88
55
-14
-126
-24
124
-26
-31
-98
138
68
-59
-221
-30
391
-13
-345
-95
167
215
-123
-170
-54
99
192
-165
-29
18
-11
115
31
130
-158
-138
335
22
38
-113
-106
156
78
44
-298
-2
232
-41
-125
-136
248
-119
-79
89
176
-132
-204
162
-4
314
-255
-37
-113
223
169
-318
-29
96
281
-287
-170
103
127
106
-121
-148
119
-71
30
224
-106
-54
-157
32
326
-125
-17
-209
-33
356
-93
8
-383
322
234
-366
161
-91
145
-136
13
267
-324
-18
187
81
-124
-232
112
234
-2
-161
-258
156
352
-82
-210
-336
284
395
-317
-126
-248
313
198
-266
-241
62
366
-155
-283
-178
512
63
-361
-197
332
205
-370
-174
377
220
-292
-199
-85
500
37
-222
-141
-2
301
-55
-56
6
-57
250
-182
-73
70
208
171
-257
-349
134
681
21
-618
-297
552
318
-173
-189
-366
193
665
-82
-800
-1
698
132
-206
-738
368
619
-63
-529
-326
495
434
-14
-908
-95
582
748
-606
-688
185
458
338
-322
-366
-9
295
249
-376
-334
488
-201
-12
-159
10
312
-298
-145
-46
316
287
-358
-644
274
687
159
-744
-374
396
540
-317
-367
313
-219
132
-243
576
-396
-405
595
-199
142
-493
534
140
-544
169
-160
582
127
-572
-443
435
821
-350
-665
-72
470
114
179
-279
-513
194
403
343
-522
-179
72
255
252
-373
62
34
191
-228
-164
190
274
184
-775
-4
246
714
-192
-1104
182
639
659
-984
-470
464
288
175
-603
30
61
73
-48
-234
158
257
-133
-544
-56
654
115
-318
-458
-161
638
272
-454
-343
219
331
-180
-209
317
-139
-54
-55
191
160
-350
93
45
228
-84
-216
138
-20
175
-67
-128
61
137
-120
-293
315
137
128
-521
-138
344
243
-6
-437
173
-86
172
-4
3
35
-243
139
17
144
-129
-249
303
-69
82
-80
-135
148
-36
105
-192
222
-81
-38
-78
4
134
-47
398
-502
-248
325
316
15
-471
14
161
192
122
-384
-166
474
100
-196
-344
132
567
-325
-103
-213
266
285
-239
-169
-78
193
155
-51
-436
86
348
250
-590
-229
386
384
-197
-408
54
61
340
-22
-335
-223
446
233
-359
-195
331
150
-118
-237
144
161
138
-85
-513
339
302
93
-443
-130
143
165
132
-155
-294
28
297
-6
-109
-312
388
-16
-151
-270
102
434
-150
-400
-185
438
241
-182
-372
-89
295
256
-96
-202
-281
348
179
131
-340
-73
359
-53
15
-164
375
46
-194
-205
150
365
47
-250
-356
151
385
34
-190
-277
93
235
193
-258
-258
300
230
-25
-498
218
342
68
-419
-144
343
196
-63
-397
-45
271
369
-254
-222
-44
321
162
-279
73
11
102
-2
-304
275
139
-170
-277
42
371
-66
-139
-240
166
88
218
-20
-309
-83
292
282
-352
-17
95
65
-6
-194
-20
318
84
-295
-317
220
359
-14
-465
4
245
158
-141
-360
278
145
130
-266
-184
149
216
121
-316
1
60
75
32
-136
42
101
2
-21
-199
248
185
-127
-175
1
382
-133
-113
102
56
17
-276
231
215
-149
-145
-110
285
83
-79
-214
126
19
-87
119
40
-76
-253
251
91
-201
-130
96
225
-278
10
40
-25
-24
-99
189
-90
-171
90
194
-44
-400
-43
373
5
-124
-328
113
181
-132
-150
-40
242
-90
-351
79
158
-6
0
-128
-34
-181
182
69
28
-83
-257
166
65
31
-185
114
238
-408
19
114
39
186
-261
8
-73
234
29
-363
137
200
119
-390
-160
391
82
12
-244
-167
176
261
-2
-362
99
198
97
-306
-22
280
5
-132
-123
227
91
-100
-167
35
151
16
-25
-178
-156
232
211
-287
-148
15
112
67
-150
-104
90
155
-142
-301
56
586
-196
-412
-96
393
254
-356
-59
-30
143
83
-15
-71
30
9
-141
135
75
114
-306
-36
205
-4
75
-301
219
-60
-35
138
-174
202
-149
94
-180
28
378
-61
-254
-213
416
310
-270
-312
-10
398
192
-247
-354
294
415
-203
-504
110
823
-95
-510
-393
626
530
-285
-489
-149
579
282
-285
-414
1
456
130
-378
-265
236
403
-179
-421
-111
522
286
-438
-483
158
608
167
-544
-361
227
608
97
-754
21
377
407
-378
-409
376
269
1
-417
-2
328
132
-195
-340
98
425
65
-260
-326
106
358
39
-209
-148
76
135
-33
25
-4
-78
2
66
44
-92
106
44
-105
-83
198
-129
67
11
11
-64
-44
101
-132
283
-186
-100
-78
168
116
-248
80
-108
50
6
-100
107
-60
-32
59
-94
-7
-56
181
-53
-157
110
-101
91
-74
123
-56
-145
119
-86
178
-169
-47
95
-115
258
-111
-199
16
98
344
-356
-196
117
157
199
-460
32
148
75
-3
-361
189
124
154
-215
-315
282
167
80
-356
-66
241
139
-49
-346
69
305
44
-237
-197
298
66
-162
-45
-22
75
-15
104
-291
-67
297
37
-154
-176
119
-46
133
53
-187
-40
188
-74
-141
125
179
-52
-243
59
110
140
-84
-96
46
-15
64
-6
23
37
-86
-61
25
128
56
-118
-75
19
68
72
-74
36
-7
-61
18
80
123
-2
-65
-115
-9
205
220
-206
-120
20
33
136
-119
148
-46
-142
-35
19
382
-248
-192
87
93
102
-205
42
-43
72
-73
-95
110
74
-110
-198
51
221
57
-264
-130
152
243
-73
-126
-14
63
28
-76
60
101
-25
-193
15
179
28
-61
-64
-5
21
70
24
-102
15
26
-65
49
63
-31
-59
-82
22
130
50
-137
-141
137
130
22
-119
-67
50
106
62
-99
9
47
-6
-80
71
50
-7
-51
-111
50
90
23
-114
-74
37
30
15
26
-43
-71
-23
81
51
-60
-63
-70
69
99
-33
-122
-90
78
102
-62
-18
47
-38
-52
37
58
23
14
-60
-43
37
79
31
-89
-81
36
81
60
-66
-89
25
59
52
-14
-36
-9
17
66
-3
31
-55
-39
73
-7
41
-31
6
-11
-44
34
59
33
-82
-18
-3
73
42
-76
-34
-7
53
50
-40
-31
4
32
16
-27
5
46
11
-47
15
27
45
26
-92
-25
97
94
-66
-105
18
91
56
-60
-56
57
37
6
-60
6
101
-24
-59
-12
42
52
-2
-75
-37
52
41
20
-40
-21
21
-15
17
28
-3
6
-14
-19
43
44
-14
-45
8
32
25
-1
-16
31
-20
-34
12
22
21
-35
-40
-6
29
-1
-47
-10
-15
-12
-19
19
2
-52
-21
-15
-38
3
14
-39
-32
-40
8
-2
