-43
-47
-53
-59
-63
-67
-72
-76
-81
-85
-89
-92
-95
-100
-102
-103
-107
-108
-108
-108
-106
-106
-102
-98
-94
-88
-83
-77
-69
-60
-54
-45
-36
-26
-15
-7
3
13
23
33
42
52
59
67
74
80
86
92
95
100
102
103
105
104
105
103
101
99
96
92
88
83
78
73
68
61
56
51
45
38
32
26
18
10
4
-2
-9
-16
-24
-30
-35
-41
-47
-53
-59
-64
-70
-77
-80
-84
-88
-90
-92
-96
-96
-97
-98
-96
-94
-92
-89
-85
-80
-74
-70
-63
-56
-48
-41
-34
-24
-16
-6
2
10
18
27
34
42
49
54
61
65
70
74
76
79
79
80
79
77
77
73
72
68
65
61
57
55
50
46
43
39
36
32
30
26
24
22
19
17
15
14
12
11
10
9
8
7
5
4
3
1
0
-2
-5
-9
-12
-17
-21
-26
-30
-35
-41
-47
-51
-57
-63
-67
-71
-75
-79
-82
-84
-85
-85
-85
-83
-80
-77
-73
-68
-62
-54
-46
-38
-29
-19
-9
3
12
23
33
44
53
61
69
76
83
88
92
95
97
97
99
95
93
90
82
79
72
64
58
50
42
32
24
16
8
-1
-8
-15
-21
-28
-31
-36
-38
-42
-42
-42
-42
-41
-40
-40
-37
-34
-32
-30
-27
-23
-19
-16
-14
-11
-8
-6
-5
-4
-3
-4
-4
-6
-7
-8
-11
-13
-15
-19
-23
-26
-28
-29
-32
-34
-37
-37
-37
-38
-37
-37
-35
-32
-30
-28
-22
-18
-14
-10
-4
0
8
13
18
24
29
34
37
41
45
46
49
51
52
53
53
52
51
47
45
42
38
35
31
26
21
16
11
5
2
-4
-8
-10
-13
-16
-18
-20
-22
-24
-24
-24
-24
-24
-24
-24
-22
-21
-19
-18
-16
-13
-13
-11
-10
-8
-7
-7
-6
-6
-5
-5
-4
-5
-5
-6
-8
-7
-8
-10
-9
-10
-10
-10
-10
-11
-11
-10
-9
-8
-8
-7
-6
-5
-4
-2
-1
0
2
4
3
5
5
6
8
8
9
9
9
9
9
10
10
10
11
10
10
9
10
9
8
8
7
7
6
6
5
6
5
5
6
4
5
5
5
5
5
6
5
6
6
4
3
4
4
2
3
3
0
1
0
-1
-2
-3
-5
-5
-5
-6
-8
-9
-10
-10
-11
-11
-12
-11
-10
-10
-9
-9
-9
-7
-6
-6
-3
-2
-1
1
2
3
5
6
7
7
8
9
10
12
11
12
12
12
11
10
10
9
8
7
6
5
4
2
2
2
1
0
-1
-1
0
-1
-1
-1
-2
-1
-1
0
1
1
2
2
4
5
6
7
8
9
10
11
11
11
11
11
10
11
11
10
10
10
10
9
8
6
6
5
4
2
-1
-1
-3
-5
-6
-6
-7
-9
-9
-10
-10
-11
-11
-12
-12
-13
-13
-13
-11
-12
-11
-11
-10
-9
-7
-8
-7
-5
-5
-3
-1
-1
0
0
1
3
3
3
4
4
5
4
4
5
3
4
3
2
2
2
1
2
2
2
0
0
0
-1
-1
-1
-1
0
0
0
0
0
1
1
2
0
2
2
1
2
2
2
3
4
4
5
4
4
3
2
2
2
1
2
0
0
2
1
-1
-1
-2
-1
-3
-3
-5
-5
-4
-7
-6
-6
-8
-8
-8
-9
-10
-9
-11
-10
-10
-11
-11
-11
-11
-9
-9
-8
-7
-7
-6
-6
-5
-4
-3
-2
-2
-2
0
0
1
2
2
2
3
4
5
5
7
7
8
9
10
10
11
11
11
11
11
11
13
11
12
11
11
10
10
11
9
10
9
9
9
9
9
7
8
5
5
5
3
1
0
0
-1
-1
0
-2
-2
-4
-4
-4
-5
-7
-6
-7
-8
-7
-8
-8
-8
-8
-8
-9
-8
-8
-9
-9
-8
-7
-7
-6
-6
-6
-6
-6
-6
-6
-4
-5
-4
-5
-3
-3
-2
-1
-1
-1
-1
0
1
0
2
2
2
1
2
2
1
2
1
2
2
2
2
3
3
3
4
3
2
3
3
4
3
3
4
4
4
4
4
4
3
3
3
2
2
2
2
0
1
1
0
-1
0
-1
-1
-2
-2
-3
-3
-3
-2
-5
-4
-4
-5
-4
-5
-6
-8
-8
-7
-8
-7
-6
-6
-7
-7
-8
-8
-8
-7
-8
-8
-9
-7
-6
-6
-5
-4
-3
-2
-2
-1
0
1
1
2
2
4
5
6
6
6
6
7
6
6
8
7
8
9
7
8
8
10
9
10
10
10
9
9
8
6
7
5
5
5
4
4
3
3
3
3
2
2
2
1
1
1
-1
0
-1
-1
-1
0
-1
-1
-2
-1
-2
-3
-4
-4
-5
-5
-5
-6
-7
-7
-7
-8
-10
-9
-8
-8
-8
-8
-7
-7
-7
-9
-7
-9
-8
-7
-9
-7
-6
-6
-5
-5
-3
-3
-2
-2
-1
0
1
1
2
3
3
3
5
4
5
5
5
6
6
6
6
7
6
8
6
6
6
7
7
6
6
6
6
6
5
5
4
4
4
4
3
2
1
2
0
1
1
1
0
-1
-2
-3
-3
-4
-5
-4
-5
-6
-7
-7
-8
-9
-9
-10
-9
-10
-8
-8
-9
-9
-9
-11
-11
-11
-10
-10
-9
-9
-9
-8
-8
-7
-7
-4
-6
-4
-4
-4
-2
-2
-1
1
0
1
1
3
4
5
6
6
5
6
6
6
7
8
8
9
11
10
10
10
9
9
10
9
9
8
8
7
6
7
5
5
5
4
3
3
1
1
3
1
1
0
0
0
-1
-2
-3
-3
-3
-4
-5
-5
-5
-5
-6
-7
-7
-7
-7
-6
-7
-7
-7
-6
-7
-7
-7
-7
-5
-5
-4
-4
-5
-3
-4
-4
-2
-3
-3
-2
-1
0
1
1
2
2
2
3
4
4
4
5
5
5
6
6
7
7
8
9
9
9
9
9
9
9
11
10
11
10
10
10
10
10
9
9
7
8
8
6
4
4
4
3
3
2
2
1
1
0
0
0
0
-1
-2
-3
-4
-5
-5
-7
-7
-7
-6
-7
-7
-8
-7
-7
-8
-7
-8
-8
-6
-6
-7
-5
-5
-5
-4
-3
-4
-3
-3
-2
-2
-1
-2
-1
0
-1
1
1
1
2
1
2
1
2
3
2
2
2
2
2
0
1
1
2
2
2
1
1
1
1
0
0
-1
-1
1
2
2
3
3
2
3
3
2
2
2
1
1
2
1
1
2
2
0
1
0
-1
-2
-3
-4
-5
-4
-6
-6
-6
-7
-8
-8
-7
-8
-7
-8
-7
-7
-7
-8
-7
-7
-8
-7
-6
-6
-5
-5
-4
-2
-2
-2
0
0
-1
0
2
1
2
4
4
2
3
3
3
3
4
4
5
6
6
7
7
8
7
7
8
9
8
8
9
8
8
8
9
9
9
9
9
8
8
8
7
8
6
6
4
4
4
5
5
3
2
2
1
2
0
0
1
-1
-1
-2
-1
-1
-3
-3
-2
-3
-2
-3
-2
-2
-2
-3
-3
-1
-2
-3
-3
-2
-2
-1
-1
-1
-2
-1
-1
-1
-1
-1
0
-1
0
1
0
1
1
2
1
2
2
1
2
3
2
2
4
4
3
4
5
5
5
5
5
5
5
5
5
4
4
4
4
3
3
3
2
2
0
0
-1
-1
-1
-2
-2
-3
-3
-3
-3
-4
-5
-7
-5
-6
-7
-7
-7
-8
-8
-7
-7
-8
-7
-6
-7
-7
-6
-7
-6
-5
-6
-7
-4
-4
-4
-3
-4
-4
-4
-3
-3
-3
-2
-2
-1
-1
0
-2
0
-2
-2
-2
-2
-1
-1
0
-1
0
1
0
1
2
3
2
3
4
3
3
3
3
3
5
5
5
5
5
5
5
5
6
6
6
5
5
5
3
3
3
2
2
2
1
2
1
0
1
1
1
0
0
-1
0
0
-1
-1
0
0
0
-1
-2
-3
-1
-3
-4
-3
-2
-3
-2
-2
-3
-1
-1
-2
-1
-2
-1
0
0
-1
-1
-1
0
-1
-1
-1
1
1
1
1
1
2
1
1
2
0
2
2
2
3
2
3
2
2
2
2
2
2
2
2
1
1
0
0
0
-1
1
0
0
0
-1
-1
-1
-3
-3
-2
-3
-4
-4
-2
-3
-3
-2
-3
-1
-2
-1
-2
-2
-2
-1
-1
-1
-1
-2
-1
-1
-2
-1
-1
-2
-2
-1
-2
-3
-2
-2
-3
-3
-3
-4
-3
-4
-3
-2
-3
-1
0
0
0
0
0
0
1
2
1
2
3
2
4
5
5
5
5
5
5
5
5
6
5
4
5
5
3
3
3
3
3
1
2
1
2
1
1
1
0
0
0
-1
-3
-3
-4
-3
-3
-3
-2
-3
-3
-3
-3
-4
-3
-3
-3
-4
-3
-2
-3
-1
-3
-3
-2
-2
-2
-3
-2
-3
-3
-3
-4
-3
-2
-2
-2
-2
-1
0
-1
-1
0
0
-2
-1
-1
-1
-1
0
1
0
0
1
-1
0
0
0
0
-1
0
0
0
1
2
2
3
2
0
1
2
2
1
0
1
1
0
-1
0
-1
-2
-2
-1
0
0
0
-1
-1
-2
-2
-2
-1
-1
-1
-1
-2
-2
-3
-2
-2
-2
-2
-3
-3
-1
-1
-1
-3
-1
-1
-1
-1
-1
0
0
1
0
0
2
2
2
1
1
2
2
4
3
4
4
4
4
4
5
4
5
6
5
5
7
7
6
6
5
5
6
5
5
4
4
4
4
3
3
4
3
3
3
3
2
3
2
3
3
3
2
2
1
1
1
0
-1
-1
-1
-1
-1
-1
-2
-3
-3
-3
-3
-4
-3
-4
-4
-5
-6
-6
-6
-6
-5
-5
-5
-5
-4
-5
-4
-3
-3
-3
-3
-1
-2
-2
-2
-1
-1
0
-1
-1
1
1
1
1
2
1
1
1
0
0
2
1
1
1
2
2
2
3
3
3
4
3
2
2
3
2
2
2
3
3
3
2
1
2
1
1
2
1
2
1
1
1
2
1
1
1
1
0
-1
-2
-2
-2
-1
-1
-2
-3
-4
-3
-3
-5
-4
-6
-6
-5
-6
-6
-6
-7
-8
-7
-6
-7
-5
-6
-6
-5
-6
-5
-5
-4
-4
-4
-4
-3
-3
-3
-2
-1
-2
-2
-2
-1
0
0
2
1
1
2
1
2
3
1
1
2
3
3
3
4
5
5
5
5
5
6
4
5
3
3
3
4
5
5
5
5
5
5
3
3
2
2
0
2
1
1
1
1
1
-1
1
-1
0
0
-2
-3
-2
-2
-3
-4
-3
-4
-3
-3
-3
-4
-5
-5
-7
-7
-6
-7
-6
-7
-5
-6
-7
-5
-6
-7
-6
-6
-5
-6
-4
-5
-5
-4
-4
-3
-3
-2
-1
-1
0
0
1
2
2
2
1
2
3
4
4
4
4
4
5
4
4
6
5
5
7
6
7
6
6
8
7
8
8
8
9
6
7
7
5
5
4
4
4
4
4
2
4
2
3
3
2
3
1
1
0
0
-1
-2
-1
-1
-2
-2
-1
-3
-2
-2
-3
-4
-5
-5
-6
-6
-5
-5
-4
-4
-6
-6
-6
-7
-8
-6
-6
-5
-6
-6
-4
-4
-4
-3
-4
-3
-2
-2
-1
1
0
-1
0
1
2
3
4
3
3
3
3
2
4
3
3
4
4
5
5
5
5
4
5
4
5
4
4
4
4
4
3
3
4
3
3
3
3
2
2
1
0
0
-1
-1
-1
-1
1
0
-2
-3
-3
-3
-3
-4
-4
-4
-5
-5
-5
-5
-5
-4
-4
-5
-4
-4
-5
-5
-4
-5
-4
-5
-5
-5
-5
-5
-5
-4
-5
-4
-4
-2
-2
-2
-2
-2
-1
-1
-1
2
1
2
2
2
2
3
4
4
5
5
6
5
6
7
6
6
7
6
8
7
6
7
7
7
7
7
8
7
7
6
5
4
4
3
3
2
3
2
2
2
2
1
1
2
1
1
1
1
0
1
0
-1
-1
-2
-2
-2
-3
-3
-3
-5
-3
-3
-4
-3
-4
-3
-3
-3
-3
-4
-4
-3
-4
-4
-3
-3
-2
-2
-2
-1
-2
-3
-3
-3
-3
-2
-2
-2
-2
-1
-2
-1
-1
-2
0
0
-1
-1
-1
0
0
0
1
1
2
0
1
2
2
1
1
-1
1
1
0
1
1
2
1
2
3
3
2
2
2
2
0
0
1
-1
-1
0
-1
-1
-1
-2
-2
-2
-2
-2
-2
-3
-2
0
0
0
0
0
1
1
0
0
1
-1
0
0
0
1
2
2
1
3
2
1
1
1
0
1
0
0
1
0
-1
0
0
-1
0
0
0
0
0
0
0
1
1
0
0
1
1
1
1
2
1
1
1
1
1
2
3
3
2
1
0
1
2
2
1
1
1
-1
0
0
1
0
0
0
-1
-1
-1
0
0
-1
0
1
0
1
0
0
0
0
0
-1
0
-1
-1
-1
-2
-1
-2
-2
-1
-1
-1
-1
-2
0
-1
0
-1
-2
-1
-1
-1
-1
-2
-1
-1
0
-1
-1
-1
-1
0
1
2
1
1
2
1
2
1
0
0
-1
0
-1
-1
-1
-2
-1
-2
-2
-2
-1
-2
-2
-2
-3
-2
-2
-2
-3
-2
-3
-1
-2
-2
-1
-1
0
0
0
0
-1
0
-1
-1
0
2
2
2
3
3
3
4
4
4
3
2
3
1
2
2
2
3
2
4
3
3
3
3
3
3
2
2
2
2
1
2
2
2
2
2
2
2
3
3
3
1
2
1
2
1
1
1
0
1
0
-1
-1
-1
-1
-1
-1
-2
-2
-3
-3
-3
-3
-3
-2
-3
-3
-4
-4
-5
-5
-4
-6
-6
-5
-5
-5
-5
-4
-5
-4
-4
-4
-3
-4
-2
-3
-3
-2
-2
-1
-1
0
1
0
0
0
1
0
0
1
2
2
2
2
3
3
3
2
3
4
3
3
3
3
4
2
3
3
3
4
4
5
4
3
3
2
2
2
1
2
0
1
2
2
3
2
1
0
-1
-1
-2
-4
-2
-3
-2
-2
-1
-1
-1
-1
-1
-2
-2
-3
-4
-5
-4
-3
-6
-4
-3
-3
-3
-2
-2
-1
0
0
-2
-1
-1
-2
-1
-2
0
1
1
1
3
2
1
1
1
1
0
2
2
2
3
2
4
3
3
3
3
2
4
4
3
3
5
4
4
3
3
3
3
2
2
1
1
1
1
1
1
1
1
3
0
0
0
-1
-2
-2
-1
-2
0
-1
-2
-1
-1
-3
-1
-2
-2
-3
-3
-3
-4
-3
-2
-2
-1
-1
-1
-1
-2
-1
0
-1
-1
-1
-2
-1
-2
-2
-1
-2
-3
-2
-2
-2
-3
-1
-2
-2
-2
-3
-4
-4
-1
-2
-3
-2
-4
-2
-4
-2
-1
0
-3
-1
-1
0
0
0
0
2
8
-5
4
3
8
-5
0
6
2
1
1
7
2
2
2
3
3
4
1
2
1
1
2
3
3
1
0
1
1
0
0
0
-1
-1
-3
-1
-1
-2
0
0
0
0
2
2
3
2
2
4
3
3
2
1
1
0
2
0
0
1
1
1
2
0
1
2
1
2
0
2
2
1
2
4
3
4
2
1
2
0
1
0
1
1
2
2
1
2
2
3
3
3
1
2
2
2
1
1
2
2
2
3
3
3
1
4
1
2
-1
0
0
-1
-2
-1
1
-1
1
-1
1
0
0
1
-1
0
-3
1
-3
-2
-2
-3
-2
-4
-1
-3
-2
-6
-2
-5
-5
-6
-6
-4
-3
-2
-3
0
-2
0
-2
1
-1
-1
-3
-2
-2
-1
-1
-2
-1
-2
0
-3
-1
-1
3
0
3
-2
2
1
2
0
1
3
-3
2
-1
5
-4
2
-1
1
0
1
1
-1
2
-2
0
-1
2
2
2
3
1
2
0
2
1
0
0
-3
-1
-5
0
-3
2
-4
1
-3
-2
-2
-5
0
-4
-1
-7
1
-4
1
-3
2
-1
-1
2
2
2
0
5
2
1
3
8
-1
4
3
10
-2
-1
6
1
-1
-2
6
1
1
-2
4
-1
3
-5
5
-2
1
-10
-1
5
-16
4
-8
17
-28
5
-2
1
-14
-10
13
-19
-4
-13
7
-10
-12
-3
6
-17
-2
-9
14
-13
-9
0
-7
6
-24
10
-12
1
-13
-9
7
-11
-7
-10
4
-5
-9
-5
3
-6
-14
1
8
-14
-15
3
15
-25
-10
12
5
-26
-2
11
-17
-12
8
-1
-19
9
9
-8
-16
19
0
3
3
-1
4
8
6
-11
11
18
-2
-10
15
28
-15
-5
19
25
-16
-5
35
-3
4
4
17
-8
10
24
-12
0
20
1
-4
7
23
-6
-9
23
-10
6
3
15
-14
0
21
-18
4
-1
7
-22
8
19
-30
0
26
0
-35
4
45
-20
-32
23
29
-14
-17
10
32
-6
-7
-15
29
29
-31
-16
32
45
-51
-13
60
30
-63
21
45
9
-48
15
46
-18
-6
-11
46
-9
-4
-7
30
14
-16
-2
16
23
-22
-2
22
16
-30
0
29
6
-38
26
13
-20
-16
7
34
-39
-7
16
10
-17
-27
45
-15
-34
14
3
0
-53
23
0
-35
-8
7
4
-35
-10
15
-15
-25
-1
-23
24
-38
-4
6
-9
11
-49
44
-8
-7
-12
-22
64
-64
1
5
12
-19
-35
65
-42
-3
5
0
-6
-8
7
-27
15
5
-16
-9
34
-12
2
-1
24
-5
0
1
-3
8
-7
-1
0
6
15
-24
12
21
-4
10
-17
39
-29
25
-25
15
-19
17
-7
-8
15
-24
35
-35
35
-42
-3
10
-10
-14
-57
69
-16
-48
-8
32
-10
-67
53
-38
-35
32
-28
-39
-20
69
-113
47
-6
-33
-9
-5
48
-152
168
-89
-22
-10
15
73
-129
46
16
43
-46
-41
131
-66
1
-7
69
5
-58
69
-60
91
-64
43
-27
15
-6
-33
102
-70
28
-90
86
42
-117
45
12
96
-205
88
156
-130
-22
-7
148
-107
-14
6
36
8
-65
42
-25
53
-91
25
39
-14
-47
-6
103
-28
-61
2
95
12
-79
24
98
-59
-27
44
86
-63
-59
81
-33
61
-34
16
1
-26
66
-32
27
0
-22
38
-16
43
-46
31
19
-53
163
-106
53
-53
90
58
-98
95
-27
69
-62
104
-31
14
-14
80
11
-19
23
34
1
-24
109
17
-56
-39
121
94
-123
-84
247
-55
-41
-72
175
55
-147
19
22
177
-138
-96
99
102
-41
-157
98
78
-77
-60
99
28
-135
-61
186
-26
-189
31
92
-47
-44
-35
-26
167
-177
-96
149
105
-219
-83
119
84
-130
-89
94
-34
48
-138
94
36
-121
32
136
-140
-132
278
-63
-136
34
138
-87
-51
66
-86
233
-44
-283
101
348
-136
-387
312
196
-232
-182
336
-53
-94
-53
46
216
-238
11
-76
236
-120
-132
84
64
-24
-153
16
115
74
-239
-28
200
42
-241
32
140
36
-246
22
207
-67
-142
-59
255
-70
-178
-35
290
-165
-177
107
173
-63
-320
277
72
-127
-85
99
100
-167
-39
40
108
-83
-247
303
48
-301
-22
290
19
-358
111
223
-29
-269
141
189
-112
-60
62
164
-228
103
88
-57
-8
68
-39
-84
222
-28
-100
33
125
-141
136
13
-24
-6
-10
27
55
32
-160
14
132
0
-169
11
103
31
-181
-22
27
157
-141
-134
145
-75
71
-48
59
-94
34
126
-190
65
187
-125
-147
144
97
-76
-83
110
19
-18
-31
31
24
21
-73
14
114
-40
-88
62
0
34
45
-162
95
49
-73
-15
8
78
-164
54
108
-176
-7
111
37
-229
102
120
-92
-133
58
184
-77
-149
-9
163
54
-140
-31
56
122
-99
-71
56
108
-138
-84
99
34
51
-261
86
73
88
-129
-217
277
23
-50
-262
222
116
-145
-111
39
243
-286
-31
56
129
-34
-211
7
201
120
-363
-7
278
37
-390
50
328
-174
-100
-27
154
-40
-68
-26
-3
151
-144
-25
29
47
33
-193
223
-52
-22
-75
19
221
-245
34
83
41
-172
-44
317
-66
-227
-6
142
187
-153
-296
303
147
-179
-209
273
195
-402
3
311
67
-349
86
208
-42
-37
-17
8
48
-43
83
30
-131
0
123
87
-158
-23
103
-37
-12
-1
85
-34
-109
77
92
127
-215
-78
129
197
-78
-179
95
76
-10
-31
62
70
-143
-50
201
0
-37
-107
67
54
78
-74
-33
72
-58
-16
169
75
-386
106
247
112
-450
83
286
-212
66
-106
175
-138
-51
18
107
116
-264
-65
163
119
-148
-53
29
65
4
-88
-52
159
-5
-202
29
207
-111
-195
-1
210
8
-221
-54
128
19
-109
73
-120
74
-5
-72
-55
59
114
-151
-175
204
49
-150
-104
18
163
-173
20
-54
42
-35
-124
47
129
-32
-275
145
111
-128
-36
76
-4
-132
117
37
-140
60
60
-45
5
65
-93
-23
55
106
-45
-31
-15
96
87
-176
125
31
51
-152
94
108
-71
39
-71
167
24
-15
-145
126
147
-185
98
91
-73
-23
124
63
-63
65
62
-64
48
77
-52
64
25
-25
69
71
-36
-96
109
94
-1
-58
-48
78
-43
21
76
-24
-85
-117
156
75
-101
-104
-32
130
-12
-124
-94
141
-32
-80
-88
151
32
-243
-33
62
229
-255
-81
-24
130
99
-317
39
107
86
-215
-38
228
-116
-142
81
211
-134
-86
138
-35
26
20
22
68
-22
-25
31
127
88
-199
166
143
-53
-94
74
219
-84
-42
-13
179
68
-109
14
84
83
-35
-1
68
44
-39
-3
137
-20
-84
113
76
-97
-44
80
77
-87
-25
-13
14
27
-89
-8
2
-55
-100
-60
83
-54
-224
-42
22
-70
-188
-2
-55
-179
-130
-63
107
-382
-120
-5
-22
-112
-342
43
29
-171
-316
83
129
-214
-352
166
220
-224
-212
103
213
-155
-15
40
170
37
-134
220
108
128
3
18
282
107
148
-20
191
265
9
165
168
210
-32
204
283
1
99
219
149
18
100
270
81
-22
216
156
94
-36
67
218
74
22
-44
224
-10
-155
176
128
-1
-209
125
66
-64
-53
-135
50
-71
-226
-74
-14
-262
-241
-53
-122
-376
-200
-200
-269
-282
-187
-246
-487
-203
-250
-188
-370
-375
-291
-236
-189
-454
-275
-185
-232
-440
-117
-38
-397
-257
-36
-34
-215
-114
-85
68
18
-34
56
153
174
-28
259
388
154
156
384
490
227
332
452
509
406
346
494
496
489
333
493
539
415
286
423
518
290
274
279
423
258
65
233
254
175
-45
90
106
2
-47
-98
-8
-55
-135
-307
-81
-65
-239
-324
-208
-155
-329
-344
-246
-102
-357
-507
-366
-14
-335
-651
-373
-72
-370
-758
-292
-231
-396
-782
-365
-103
-547
-693
-541
-116
-397
-594
-598
-289
-174
-518
-461
-211
-48
-357
-344
46
56
-62
-26
277
290
134
259
463
503
459
575
519
584
673
681
697
733
718
522
696
817
567
511
672
646
359
390
520
383
249
250
259
86
87
74
-45
-60
-49
-130
-213
-228
-186
-248
-305
-204
-231
-316
-320
-224
-194
-228
-163
-109
-249
-172
48
-91
-87
28
46
-92
24
183
80
9
62
210
42
78
31
115
147
-45
-20
33
-8
-181
-136
-150
-86
-283
-401
-312
-189
-379
-667
-376
-344
-497
-713
-474
-461
-621
-611
-584
-408
-496
-662
-647
-294
-222
-540
-549
-223
-94
-212
-228
35
56
28
111
312
450
253
316
552
700
601
493
678
794
751
718
775
723
661
763
791
692
517
574
608
525
477
333
286
301
207
94
110
-2
-115
-128
-107
-176
-335
-320
-300
-353
-403
-397
-389
-410
-411
-362
-330
-367
-303
-222
-232
-199
-123
-90
-74
7
20
16
129
111
131
154
255
159
72
271
246
109
68
180
54
-35
7
-59
-129
-226
-255
-250
-342
-392
-542
-526
-519
-609
-673
-691
-596
-735
-770
-677
-649
-692
-604
-481
-512
-532
-337
-279
-226
-4
18
-2
66
361
402
402
623
631
604
727
951
892
829
1053
1051
884
908
1113
1018
860
977
901
755
721
754
648
519
519
335
211
235
200
0
-74
-69
-230
-322
-327
-341
-477
-552
-439
-506
-644
-569
-524
-531
-551
-460
-422
-510
-402
-340
-298
-206
-187
-198
-165
22
-47
-28
119
135
120
33
248
126
108
200
161
135
-22
23
-54
41
-74
-215
-231
-290
-322
-458
-394
-488
-566
-671
-714
-586
-685
-809
-775
-656
-697
-792
-662
-551
-639
-513
-342
-337
-244
-135
-81
-24
242
360
270
391
632
690
570
833
971
864
937
1021
1062
971
1082
1125
1007
1040
1030
894
829
945
858
672
624
565
456
311
322
254
53
8
-82
-212
-246
-301
-299
-470
-539
-413
-652
-599
-492
-543
-610
-614
-495
-606
-517
-404
-420
-452
-368
-262
-359
-179
-154
-199
-80
-100
-62
-102
-6
32
-39
-29
-53
-20
-92
-109
-111
-136
-204
-319
-213
-325
-475
-449
-480
-481
-649
-597
-642
-716
-618
-632
-470
-701
-675
-460
-392
-260
-330
-183
-258
-94
213
141
218
333
473
382
562
833
678
721
919
965
785
892
1121
943
941
1056
956
807
896
973
783
734
728
582
488
522
444
250
206
193
23
-64
-104
-176
-248
-320
-351
-465
-476
-434
-528
-555
-520
-531
-539
-512
-500
-457
-422
-402
-356
-323
-265
-253
-190
-115
-130
-97
-75
-30
4
-29
-40
1
11
-62
-49
-27
-79
-157
-125
-124
-282
-278
-287
-352
-392
-480
-520
-506
-520
-604
-668
-647
-586
-557
-543
-513
-654
-498
-328
-308
-174
-205
-173
-143
128
279
204
316
370
470
507
677
735
668
805
821
841
825
898
933
842
955
891
808
763
838
846
677
687
589
521
456
453
392
258
202
113
21
-8
-50
-131
-183
-248
-293
-368
-298
-335
-406
-359
-410
-385
-383
-329
-362
-313
-234
-346
-244
-163
-179
-202
-144
-80
-151
-77
-94
-133
-71
-85
-114
-159
-110
-196
-218
-202
-279
-297
-367
-401
-465
-502
-533
-598
-620
-674
-687
-743
-788
-805
-686
-534
-714
-815
-619
-461
-387
-284
-199
-290
-252
88
242
210
297
428
386
498
771
792
754
862
998
900
894
1095
1089
997
1122
1139
896
902
1086
1061
887
847
808
650
629
665
536
384
351
282
93
54
40
-62
-135
-178
-255
-401
-471
-351
-419
-397
-447
-719
-449
-540
-501
-382
-514
-507
-547
-302
-423
-392
-197
-352
-302
-237
-145
-298
-112
-47
-293
-75
-162
-181
-175
-154
-161
-313
-238
-331
-334
-322
-406
-489
-487
-490
-623
-597
-637
-691
-650
-717
-680
-673
-640
-511
-675
-508
-347
-327
-226
-182
-77
-71
118
319
326
394
515
599
598
831
953
833
952
1036
1061
1009
1093
1223
1067
1098
1132
1015
982
1025
1022
869
806
739
633
568
545
478
246
235
177
0
-47
-105
-101
-304
-322
-288
-465
-424
-447
-475
-540
-508
-496
-580
-502
-507
-521
-533
-432
-449
-519
-395
-420
-373
-376
-367
-338
-397
-307
-300
-343
-344
-316
-327
-339
-361
-366
-402
-433
-408
-425
-532
-546
-447
-613
-574
-572
-619
-657
-552
-216
-728
-657
-254
-387
-267
-110
12
-368
-137
407
175
148
425
508
187
533
921
543
627
901
899
663
835
1149
772
868
1137
905
694
881
1057
782
804
847
684
517
621
733
417
399
410
222
131
158
192
-36
-89
46
-205
-320
-119
-198
-322
-262
-240
-421
-431
-267
-343
-386
-317
-367
-475
-390
-345
-428
-365
-397
-445
-486
-456
-419
-473
-458
-505
-525
-589
-568
-497
-564
-604
-626
-606
-645
-672
-594
-658
-640
-582
-710
-667
-624
-600
-593
-384
-276
-641
-434
-114
-114
-51
118
124
-84
297
575
407
497
706
641
480
867
981
737
893
1016
897
740
961
1067
830
932
997
745
626
880
875
641
665
621
457
396
532
442
244
283
193
4
43
67
-40
-122
-113
-163
-289
-257
-229
-204
-316
-271
-214
-374
-270
-254
-197
-241
-238
-177
-338
-194
-171
-223
-210
-192
-246
-329
-198
-227
-304
-328
-303
-352
-464
-423
-438
-488
-513
-561
-608
-662
-694
-709
-696
-703
-811
-823
-819
-765
-781
-650
-495
-845
-675
-411
-408
-273
-165
-94
-293
-13
358
200
290
526
521
358
700
941
668
773
979
941
742
943
1137
884
966
1084
899
732
927
1039
801
812
776
589
514
622
629
373
355
327
135
79
113
112
-68
-48
-63
-191
-211
-271
-88
-219
-277
-130
-318
-354
-267
-133
-228
-302
-181
-331
-385
-219
-157
-367
-273
-233
-491
-366
-294
-362
-444
-407
-394
-606
-572
-456
-545
-590
-556
-679
-787
-678
-639
-656
-727
-771
-771
-839
-664
-486
-582
-701
-562
-404
-388
-206
-50
-137
-187
129
306
179
358
543
430
458
715
764
614
789
941
769
738
882
875
758
901
936
700
667
811
777
654
698
676
486
471
598
485
343
398
364
209
184
210
127
53
110
47
-56
-73
-33
-59
-98
-5
-110
-153
-112
-78
-85
-165
-61
-92
-201
-148
-120
-178
-198
-166
-244
-298
-318
-330
-327
-383
-397
-485
-527
-515
-579
-590
-634
-657
-711
-763
-787
-776
-720
-803
-822
-810
-831
-793
-761
-544
-504
-751
-587
-352
-329
-196
-27
-49
-145
114
376
306
385
594
524
439
758
845
653
811
917
781
703
850
923
739
833
910
646
597
770
731
597
604
549
424
373
433
399
228
252
239
68
65
83
20
-19
1
26
-132
-187
3
-37
-109
1
-42
-149
-77
53
8
-55
1
-22
-113
-36
32
-113
-119
-69
-222
-245
-214
-278
-360
-406
-380
-522
-595
-532
-604
-668
-680
-730
-820
-814
-802
-822
-824
-884
-868
-889
-839
-687
-686
-678
-664
-559
-418
-369
-164
-109
-155
-44
178
284
273
450
504
478
578
702
762
732
820
858
780
793
845
828
819
843
756
659
648
674
651
551
534
454
309
338
349
246
167
140
71
1
4
-26
-68
-89
-46
-125
-210
-81
-96
-120
-36
-49
-123
-118
25
35
3
56
40
-34
16
138
40
29
60
-39
-72
-68
-53
-136
-181
-189
-297
-346
-330
-384
-469
-476
-511
-612
-667
-663
-653
-708
-740
-767
-841
-831
-771
-718
-571
-684
-796
-568
-474
-340
-237
-199
-221
-225
98
211
168
323
394
302
416
682
609
580
726
743
642
625
784
736
679
793
682
490
528
630
575
529
495
369
269
277
357
268
180
144
44
-6
5
31
-23
-44
-81
-126
-113
-149
-47
-6
-85
-56
-73
-81
-55
57
105
-10
12
37
-15
21
135
68
-28
20
-63
-85
-48
-46
-112
-182
-174
-288
-294
-249
-306
-340
-392
-448
-537
-505
-489
-544
-514
-638
-662
-630
-532
-500
-555
-465
-534
-443
-301
-228
-194
-197
-101
-84
57
160
173
233
242
344
357
428
507
481
541
514
525
528
549
572
560
556
471
460
449
451
449
379
370
270
230
276
238
213
173
135
57
58
80
56
33
-13
-32
-61
-25
-12
-23
-20
-24
-27
-11
0
13
59
29
30
50
43
11
26
54
-10
-24
-42
-95
-123
-116
-130
-223
-219
-268
-329
-317
-346
-385
-444
-459
-524
-547
-523
-579
-626
-618
-651
-669
-563
-529
-632
-596
-464
-441
-368
-214
-219
-275
-124
54
50
121
260
219
208
390
502
440
500
595
535
521
613
638
583
623
632
511
466
527
533
462
450
385
254
246
279
274
188
103
72
-11
-14
20
1
-60
-113
-94
-132
-110
-41
-61
-79
-103
-77
-86
-70
26
4
4
-10
-21
24
28
72
64
20
-25
-35
-20
-46
-55
-90
-161
-222
-226
-238
-280
-315
-333
-409
-472
-453
-492
-491
-528
-534
-566
-627
-576
-548
-483
-531
-484
-452
-468
-312
-242
-179
-201
-117
-23
-13
149
209
239
263
355
417
407
519
551
563
576
596
598
558
631
640
593
551
523
505
464
509
466
378
334
300
280
222
236
182
90
66
54
6
-20
23
-45
-64
-61
-79
-68
-59
-1
-42
-44
-6
-33
6
40
38
13
26
22
16
48
32
10
-15
-27
-55
-73
-85
-141
-170
-188
-261
-303
-306
-350
-429
-433
-467
-580
-560
-537
-612
-649
-632
-638
-698
-598
-484
-621
-635
-440
-407
-406
-233
-166
-270
-166
81
109
83
259
320
211
377
571
487
489
620
611
524
616
709
604
584
648
574
462
516
542
437
392
368
295
208
230
231
134
69
42
-4
-68
-38
-18
-79
-146
-122
-108
-148
-59
-32
-88
-83
-28
11
-23
57
88
36
69
106
84
50
110
113
72
50
24
-18
-53
-32
-62
-139
-216
-248
-297
-337
-347
-385
-465
-538
-554
-586
-591
-605
-616
-656
-696
-661
-618
-567
-576
-528
-486
-480
-382
-266
-206
-183
-83
-3
16
140
263
284
304
415
472
462
564
645
599
595
665
667
625
679
699
599
568
583
527
467
482
440
337
294
271
215
154
156
101
13
-35
-32
-78
-122
-87
-143
-180
-188
-152
-144
-171
-97
-118
-142
-86
-50
-49
-32
20
-5
-9
17
28
23
13
44
-6
-63
-52
-71
-86
-114
-154
-211
-294
-323
-333
-358
-426
-475
-527
-561
-597
-656
-624
-659
-678
-675
-537
-655
-768
-440
-451
-453
-337
-229
-347
-335
124
93
-23
199
317
153
323
727
517
453
695
721
593
678
950
724
658
875
748
572
679
796
586
534
570
414
304
355
418
209
119
144
-5
-69
-8
-21
-141
-190
-150
-171
-306
-187
-117
-250
-183
-123
-190
-233
-55
-8
-89
-25
17
-52
-67
122
58
-44
71
9
-60
-5
23
-81
-126
-95
-160
-228
-236
-248
-328
-343
-354
-440
-461
-478
-504
-499
-535
-565
-559
-574
-550
-501
-491
-492
-464
-397
-366
-310
-210
-162
-129
-37
57
97
177
275
313
358
415
475
506
563
629
621
632
643
660
670
680
668
623
606
582
587
549
514
474
400
373
327
309
262
205
152
106
69
18
12
-34
-72
-108
-146
-155
-187
-191
-202
-236
-242
-262
-285
-265
-290
-320
-306
-350
-374
-370
-423
-433
-452
-495
-497
-545
-555
-596
-573
-622
-636
-609
-601
-602
-603
-358
-616
-542
-228
-342
-255
-128
26
-184
-24
363
187
192
429
497
235
523
797
467
560
720
669
491
652
823
497
538
683
501
336
505
524
254
300
294
151
44
102
148
-104
-98
-46
-220
-242
-165
-173
-305
-301
-242
-322
-333
-214
-186
-305
-228
-152
-220
-143
-45
-27
-82
-43
56
39
64
157
159
95
130
199
176
153
236
234
126
141
205
147
98
197
141
-11
45
91
-3
-28
34
-63
-180
-119
-108
-202
-216
-174
-276
-342
-263
-301
-348
-318
-310
-376
-387
-345
-342
-357
-328
-299
-345
-313
-280
-237
-207
-198
-144
-136
-123
-63
7
5
37
93
68
118
159
207
192
203
262
186
250
279
246
251
246
243
192
227
203
175
185
129
115
75
78
57
18
27
-55
-48
-56
-99
-65
-102
-113
-136
-111
-112
-115
-68
-106
-71
-83
-50
-31
-24
37
-5
45
42
33
101
109
94
119
134
99
129
169
151
115
144
131
70
114
133
62
42
73
-12
-29
20
-30
-75
-83
-97
-165
-165
-137
-186
-218
-212
-245
-282
-255
-239
-258
-251
-239
-242
-243
-195
-149
-141
-132
-94
-63
-69
4
72
54
71
140
154
156
225
264
224
239
305
290
276
329
317
261
295
315
271
256
261
241
195
193
200
141
116
118
94
45
28
28
-10
-28
-22
-38
-96
-87
-54
-95
-108
-75
-116
-149
-81
-65
-118
-105
-81
-121
-118
-29
-49
-117
-67
-57
-119
-71
-16
-88
-101
-71
-91
-122
-83
-60
-125
-118
-102
-134
-136
-100
-86
-124
-114
-115
-126
-98
-96
-58
-88
-95
-66
-71
-44
-34
0
-30
-28
-1
6
33
27
56
36
33
65
56
80
69
82
75
58
76
88
91
71
99
77
56
84
95
87
75
91
59
52
84
89
67
62
75
37
50
82
60
51
50
48
32
41
51
44
33
20
18
-14
-6
-9
-16
-27
-60
-45
-75
-74
-53
-69
-86
-103
-83
-120
-109
-75
-104
-114
-112
-91
-127
-98
-61
-101
-92
-78
-73
-86
-46
-15
-49
-27
-17
-15
-12
14
38
4
25
30
28
37
43
66
42
46
56
48
51
59
68
54
53
64
50
47
52
49
37
32
36
17
7
24
6
0
1
-14
-19
-24
-12
-24
-17
-15
-31
-20
-23
-17
-21
-12
-16
-17
1
-6
5
18
15
13
34
37
21
50
64
51
66
94
72
69
107
102
93
107
126
91
97
132
115
110
120
124
93
99
121
99
95
91
88
64
62
76
59
51
44
41
25
19
32
25
9
4
9
-6
-14
-8
-19
-40
-41
-38
-57
-58
-53
-71
-86
-91
-93
-108
-109
-110
-132
-139
-140
-138
-149
-137
-146
-163
-158
-167
-153
-156
-145
-133
-147
-130
-121
-111
-89
-82
-71
-61
-59
-39
-13
4
21
35
44
48
70
95
106
115
135
143
134
169
187
183
200
204
200
192
207
220
207
215
210
197
190
195
195
178
174
155
145
133
120
122
93
78
58
37
14
-4
-14
-49
-72
-99
-118
-146
-169
-181
-222
-240
-259
-288
-304
-327
-343
-367
-380
-394
-407
-409
-426
-429
-430
-423
-421
-412
-389
-389
-367
-343
-325
-292
-258
-229
-200
-163
-119
-82
-36
14
49
91
132
176
217
260
305
335
372
399
429
461
483
511
523
534
539
547
552
545
546
535
516
500
487
468
439
424
394
356
331
299
266
232
207
169
124
98
67
34
5
-22
-51
-94
-113
-136
-172
-193
-218
-241
-277
-291
-305
-341
-355
-374
-394
-426
-436
-443
-472
-472
-480
-496
-507
-514
-508
-520
-512
-501
-503
-484
-475
-449
-438
-404
-371
-356
-309
-282
-236
-193
-147
-91
-59
4
47
97
153
201
257
291
355
391
435
484
512
550
571
606
619
628
653
649
654
649
646
629
607
599
564
538
507
473
435
397
367
319
278
238
192
150
108
69
22
-21
-56
-96
-133
-167
-201
-239
-273
-303
-334
-364
-395
-413
-443
-468
-485
-506
-526
-543
-553
-569
-581
-586
-597
-596
-597
-589
-586
-583
-564
-552
-532
-515
-484
-453
-430
-386
-346
-301
-258
-206
-155
-112
-46
5
58
113
170
228
270
336
382
427
476
513
552
576
614
634
644
662
667
668
661
661
645
621
608
578
556
519
492
459
413
386
340
302
264
227
191
144
115
73
41
7
-23
-54
-89
-110
-142
-164
-187
-211
-232
-261
-277
-301
-320
-337
-363
-380
-404
-417
-433
-454
-465
-486
-497
-511
-519
-526
-533
-529
-537
-530
-525
-513
-497
-483
-453
-434
-407
-368
-336
-293
-251
-204
-163
-116
-61
-13
41
92
142
189
235
283
322
361
395
426
450
473
495
510
521
529
531
530
527
521
509
495
483
464
444
428
406
382
360
336
312
286
264
239
216
194
168
143
122
99
72
47
21
-5
-31
-56
-85
-111
-142
-171
-202
-236
-265
-300
-328
-358
-389
-414
-441
-461
-484
-504
-518
-533
-541
-546
-544
-543
-536
-519
-507
-483
-456
-427
-395
-359
-316
-279
-230
-183
-135
-86
-40
8
53
101
147
184
226
259
291
321
347
368
383
398
404
406
410
412
407
401
394
378
364
351
334
318
300
282
262
244
230
212
198
183
168
151
135
122
110
97
83
66
53
37
24
10
-10
-29
-48
-69
-89
-106
-125
-146
-167
-185
-206
-224
-235
-253
-263
-276
-287
-292
-296
-294
-296
-289
-282
-272
-259
-245
-223
-205
-178
-157
-132
-103
-79
-50
-23
5
29
51
76
95
114
130
144
154
159
167
168
168
167
160
156
149
141
131
121
112
102
95
86
82
77
73
73
73
74
76
85
91
97
108
117
128
136
147
155
161
171
174
173
172
169
163
153
141
122
102
81
54
28
-2
-29
-61
-96
-125
-157
-187
-217
-240
-263
-287
-301
-316
-324
-328
-326
-319
-311
-293
-274
-252
-223
-195
-159
-127
-89
-51
-12
26
62
99
130
160
188
212
232
247
260
266
266
264
255
242
224
205
179
152
124
93
60
30
-1
-31
-61
-89
-114
-137
-155
-170
-181
-189
-193
-194
-189
-182
-173
-159
-145
-127
-110
-89
-70
-49
-31
-14
2
14
28
35
43
45
44
42
35
29
15
2
-13
-31
-47
-66
-85
-101
-117
-131
-145
-153
-164
-169
-169
-169
-161
-154
-140
-125
-108
-85
-62
-35
-7
23
52
82
113
142
172
197
221
241
255
271
279
287
287
281
275
263
250
228
206
182
153
124
91
60
27
-4
-34
-67
-92
-120
-144
-162
-180
-195
-205
-213
-216
-216
-209
-204
-195
-184
-171
-157
-140
-120
-104
-86
-65
-51
-33
-18
-5
6
15
24
28
34
38
37
37
37
32
28
26
20
13
11
6
2
1
3
3
6
12
15
22
34
44
56
72
86
101
116
134
148
163
179
190
203
215
224
231
236
239
237
234
227
219
209
195
179
164
145
125
104
80
56
33
7
-15
-38
-60
-80
-103
-118
-135
-152
-164
-178
-187
-196
-202
-205
-208
-209
-209
-208
-204
-199
-194
-187
-179
-170
-163
-154
-145
-134
-127
-119
-111
-105
-94
-86
-78
-70
-61
-53
-45
-35
-30
-20
-12
-4
3
11
22
30
40
47
55
63
69
75
80
88
92
97
104
104
112
113
114
116
116
115
115
112
110
107
103
100
94
88
83
76
70
65
57
50
45
39
33
28
22
18
11
5
3
-5
-9
-14
-18
-21
-26
-30
-34
-40
-44
-50
-57
-62
-66
-73
-78
-83
-89
-95
-100
-105
-111
-114
-118
-120
-120
-120
-119
-117
-111
-109
-102
-94
-87
-75
-66
-52
-40
-27
-12
-1
14
28
41
55
69
81
91
103
111
120
127
131
133
132
134
131
127
123
117
106
97
87
75
64
53
40
29
17
8
-3
-12
-22
-31
-38
-44
-47
-52
-54
-54
-54
-53
-50
-48
-41
-37
-31
-24
-20
-12
-6
1
7
10
17
18
22
23
23
24
23
22
17
16
15
9
5
1
-4
-10
-12
-14
-19
-22
-24
-25
-27
-28
-28
-27
-26
-27
-25
-23
-22
-17
-13
-11
-9
-5
-3
-4
1
2
1
1
1
-1
-2
-4
-8
-15
-18
-23
-29
-32
-37
-44
-50
-54
-60
-65
-69
-72
-75
-77
-76
-75
-72
-70
-65
-60
-54
-48
-39
-32
-22
-12
-3
8
19
30
40
49
60
70
79
88
97
102
111
115
118
121
124
124
123
123
120
118
115
110
105
99
94
85
80
74
65
59
51
42
35
27
19
12
6
-2
-9
-16
-25
-29
-37
-42
-48
-55
-61
-64
-68
-74
-76
-81
-87
-91
-93
-95
-100
-102
-106
-111
-111
-112
-114
-114
-112
-112
-112
-109
-106
-103
-100
-96
-92
-87
-80
-75
-69
-62
-54
-46
-38
-30
-21
-11
-2
8
18
26
38
47
57
67
76
86
95
103
112
120
126
134
139
145
151
154
159
162
165
168
168
169
169
167
164
160
154
149
143
134
127
120
109
100
87
76
65
50
37
23
9
-5
-19
-32
-49
-64
-77
-92
-105
-117
-130
-143
-156
-165
-175
-183
-192
-198
-204
-210
-212
-214
-215
-213
-211
-208
-203
-197
-191
-183
-175
-167
-156
-145
-132
-120
-108
-95
-80
-66
-53
-38
-24
-10
6
18
32
45
57
70
81
92
101
111
120
128
136
143
150
156
160
165
169
173
176
178
178
178
179
175
174
170
167
161
155
148
142
137
127
121
111
101
90
79
67
55
43
30
15
2
-10
-24
-39
-51
-65
-78
-89
-101
-112
-124
-132
-141
-151
-158
-165
-172
-177
-181
-184
-186
-188
-188
-188
-187
-184
-179
-176
-169
-162
-155
-146
-136
-127
-117
-105
-94
-82
-69
-57
-43
-30
-16
-1
15
27
44
57
69
85
97
112
123
136
147
157
167
178
186
194
203
208
212
216
219
219
217
217
215
212
206
201
194
186
174
162
151
138
125
110
94
78
63
46
28
13
-5
-23
-40
-55
-72
-88
-104
-119
-133
-145
-158
-169
-179
-186
-193
-201
-204
-208
-210
-211
-210
-206
-204
-197
-192
-186
-177
-169
-159
-147
-135
-124
-110
-96
-82
-68
-54
-40
-25
-10
5
17
33
45
59
70
82
93
102
111
120
127
134
139
144
147
148
150
150
150
149
148
143
139
133
126
120
114
105
98
88
80
71
61
53
44
34
25
17
6
-2
-9
-16
-24
-32
-39
-45
-52
-57
-60
-65
-69
-71
-73
-77
-78
-78
-80
-81
-80
-78
-79
-77
-76
-74
-72
-71
-68
-66
-62
-59
-57
-55
-53
-50
-47
-44
-40
-37
-33
-30
-26
-23
-19
-16
-11
-8
-5
0
4
9
14
16
21
25
30
33
37
42
46
48
50
53
56
57
60
60
60
60
60
59
58
56
53
50
48
43
40
35
32
25
20
15
9
6
1
-5
-10
-15
-18
-24
-27
-32
-35
-39
-42
-44
-46
-46
-49
-49
-47
-47
-47
-47
-46
-43
-40
-38
-36
-32
-30
-27
-23
-21
-17
-14
-10
-7
-4
0
3
5
9
12
14
16
18
19
23
25
27
29
30
31
31
33
34
33
33
33
33
31
32
30
29
27
25
23
22
20
18
16
13
11
8
6
3
-1
-3
-8
-12
-14
-18
-21
-22
-25
-27
-30
-32
-32
-35
-37
-37
-38
-38
-40
-39
-38
-38
-37
-35
-34
-32
-30
-29
-25
-23
-21
-18
-17
-14
-10
-8
-7
-4
-1
3
5
9
12
15
18
20
23
24
29
31
33
34
36
36
37
39
40
42
42
41
42
42
42
41
42
41
40
39
37
37
36
33
31
28
26
21
19
15
12
8
5
2
-3
-6
-10
-13
-17
-19
-24
-27
-30
-34
-38
-42
-42
-45
-48
-48
-49
-51
-51
-51
-51
-50
-48
-47
-45
-44
-41
-40
-37
-35
-32
-27
-23
-21
-16
-12
-7
-3
1
5
9
12
15
20
24
27
29
33
35
38
40
41
43
43
45
45
47
47
47
46
45
44
44
42
39
38
36
33
30
28
24
22
18
15
13
9
8
6
2
-1
-4
-6
-11
-14
-16
-18
-22
-25
-27
-30
-32
-34
-35
-36
-37
-37
-37
-38
-38
-37
-36
-36
-35
-34
-33
-32
-31
-29
-27
-25
-23
-20
-19
-16
-12
-10
-5
-3
0
3
5
8
11
13
15
17
18
20
21
22
23
25
25
27
27
28
28
29
29
29
28
27
27
26
24
24
22
20
17
16
16
15
13
11
9
8
6
5
3
0
-1
-3
-6
-8
-8
-12
-12
-14
-15
-17
-18
-17
-18
-19
-18
-19
-19
-18
-18
-19
-21
-19
-19
-18
-19
-17
-17
-17
-16
-16
-15
-13
-12
-10
-7
-6
-4
-3
-1
-1
0
1
2
1
2
3
4
3
4
5
5
6
6
5
6
8
7
8
10
9
8
10
8
7
7
6
7
7
7
6
6
5
5
5
6
6
5
5
6
4
3
3
3
3
1
1
1
1
2
1
1
1
2
2
2
4
2
2
1
2
1
0
-2
-1
-2
-2
-3
-1
-3
-3
-3
-3
-3
-3
-2
-3
-2
-2
-2
-3
-2
-1
-3
-1
-2
-2
-1
-2
-2
-2
-2
-2
0
0
0
1
0
1
1
2
0
1
1
0
0
-1
0
0
1
1
0
2
2
1
2
2
3
2
1
1
0
1
0
1
0
2
1
2
3
4
4
5
4
5
5
3
3
3
1
2
1
2
0
1
1
0
0
-1
0
-1
0
-1
-1
-1
-2
-3
-4
-4
-3
-5
-4
-6
-6
-5
-5
-5
-4
-5
-4
-4
-3
-2
-3
-1
-1
-1
-2
-2
-2
-2
-3
-2
-2
0
0
1
2
4
3
4
2
3
3
2
2
1
1
1
0
1
0
2
2
2
2
3
3
3
2
4
4
2
2
3
2
1
1
0
0
0
0
1
1
1
0
1
1
1
1
0
0
0
0
-1
-3
-3
-1
-3
-2
-1
-3
-2
-4
-2
-4
-3
-4
-3
-4
-4
-3
-4
-2
-4
-4
-3
-3
-2
-2
-2
-1
0
0
0
0
0
2
1
0
1
1
2
1
2
1
1
0
1
0
1
1
1
0
2
2
2
1
0
0
1
0
0
1
1
2
2
1
1
1
-1
0
-1
-1
-1
-3
-1
-1
-1
-2
-3
-2
-2
-2
-2
0
0
0
-1
0
0
0
0
0
-1
0
0
0
1
2
2
0
1
1
1
1
3
3
3
3
3
3
4
4
2
3
2
3
3
3
4
2
2
1
1
1
1
0
1
1
1
1
0
0
0
-1
0
0
-1
0
-1
-1
-1
-2
-3
-1
-2
-1
-1
-2
-2
-1
-1
-1
-2
-1
-2
-1
-1
-2
-2
-4
-2
-3
-2
-3
-2
-3
-2
-2
-1
0
0
-1
0
0
1
1
2
2
2
1
0
0
0
0
0
0
1
1
2
1
2
1
1
1
1
1
0
0
0
-2
-2
-2
-1
-2
-2
0
0
0
0
0
-1
-1
-1
-2
0
-1
-2
-1
-1
-1
-2
-2
-2
-2
-2
-2
-2
0
0
-1
0
-1
-1
-1
-1
-1
-2
-1
0
0
1
2
0
-1
0
-2
-2
-1
-2
-2
-2
-1
-1
1
0
1
0
-1
-1
0
1
0
1
1
2
2
1
1
2
3
3
3
2
2
1
1
1
2
2
2
2
3
3
4
3
3
3
1
3
3
2
2
2
3
3
2
2
2
1
1
0
0
0
1
1
1
1
0
0
0
0
-1
0
1
0
0
0
1
1
1
1
0
0
1
0
1
1
1
0
0
0
-1
-1
-1
-1
-1
-3
-3
-1
-3
-3
-1
-2
-1
-1
-1
-1
-2
-2
-2
-2
-2
-2
-3
-2
-3
-3
-3
-3
-2
-2
-2
0
-1
0
0
1
-1
-1
1
-1
-1
-1
0
0
0
2
2
1
2
0
1
2
1
1
1
3
0
0
1
1
1
1
1
0
1
0
0
1
2
1
0
1
1
1
1
1
1
0
1
0
0
-3
-2
-1
-2
0
-1
0
0
-1
-1
0
-1
-2
-2
-1
-3
-2
-2
-2
-3
-3
-2
-3
-3
-3
-3
-3
-1
-1
-1
-1
0
-1
-1
-1
-1
-2
-1
1
0
0
1
2
2
2
3
4
4
4
5
5
6
4
4
4
5
5
5
5
5
3
4
4
4
3
4
4
3
2
3
3
3
2
1
2
0
2
2
2
2
1
1
1
1
2
0
0
-2
-2
-2
-3
-5
-5
-4
-5
-4
-4
-4
-3
-4
-3
-3
-4
-3
-3
-3
-2
-1
-2
-3
-1
-1
-3
-2
-2
-3
-4
-2
-1
-1
-1
-1
-2
-2
0
0
-1
0
-1
-1
-3
-1
-2
-1
-1
-2
-1
-2
-1
0
0
-1
0
2
1
2
3
1
1
1
1
3
2
2
1
1
2
2
3
2
3
4
3
2
2
1
1
1
0
-1
0
-1
-2
-3
-2
-3
-3
-2
-3
-2
-2
-3
-3
-3
-2
-3
-2
-3
-4
-4
-4
-4
-4
-4
-3
-5
-3
-2
-2
-1
-1
-1
0
0
0
0
0
1
-1
0
1
1
2
4
3
3
3
4
4
5
5
5
6
6
5
5
4
4
5
4
6
5
5
5
5
6
6
6
5
6
7
7
5
7
6
5
5
4
4
4
4
4
3
3
3
2
2
2
1
1
0
0
-2
-1
-1
-2
-2
-2
-2
-2
-3
-5
-5
-4
-4
-5
-5
-5
-5
-6
-4
-4
-6
-5
-4
-5
-6
-5
-4
-4
-4
-3
-2
-1
0
-1
0
1
1
1
1
2
1
3
3
3
3
3
3
4
4
4
6
5
5
5
5
5
5
5
5
5
4
5
4
3
3
3
2
3
2
3
2
3
3
3
2
0
0
-1
-1
-3
-3
-3
-4
-4
-4
-4
-5
-6
-6
-5
-5
-5
-5
-6
-5
-7
-7
-6
-5
-6
-8
-8
-8
-9
-6
-5
-6
-6
-5
-3
-4
-2
-2
0
-1
0
0
0
0
-1
-1
-1
0
0
1
1
1
1
3
2
2
3
3
2
1
1
1
1
1
1
1
0
0
-1
1
0
0
1
2
2
2
2
1
2
0
0
0
0
-1
-1
0
-2
-2
-1
-2
-2
-1
-1
-2
-2
-2
-2
-3
-2
-2
-3
-4
-3
-4
-3
-5
-4
-4
-4
-4
-3
-4
-2
-2
-2
-1
-1
-1
-2
-2
-2
-2
-1
-1
-1
-1
-2
0
0
0
0
1
2
0
1
2
2
1
1
2
2
1
2
2
3
3
3
3
4
3
4
4
3
4
3
4
3
3
3
2
2
1
2
1
0
1
-1
0
1
1
0
1
0
0
0
0
0
-1
-1
-2
-2
-2
-1
-2
-2
-3
-3
-2
-2
-1
-1
0
0
0
-1
-1
0
-1
-2
-1
-2
-2
-3
-3
-2
-3
-2
-2
-3
-2
-1
-1
0
0
0
-2
-1
-2
-1
-1
0
-1
0
1
1
2
1
0
1
1
2
1
1
2
1
1
2
2
1
3
2
2
2
2
1
1
1
1
2
0
0
1
0
1
1
0
0
0
1
-1
-1
0
-1
-1
-1
-1
0
1
1
2
2
2
2
2
2
1
2
2
2
3
3
2
2
3
3
4
5
4
5
4
3
3
3
3
3
4
4
2
2
3
3
3
4
5
4
4
4
4
3
4
3
2
2
4
3
4
4
4
4
4
5
4
4
4
3
4
3
3
3
2
1
0
-1
0
1
0
1
1
0
1
0
-2
1
-1
-2
-2
-2
-1
-2
-3
-2
-3
-2
-2
-2
-2
-2
-2
-2
-2
-1
-1
-1
-2
-1
-2
-2
-2
-3
-4
-4
-4
-4
-3
-3
-3
-2
-2
-2
-2
-3
-5
-4
-5
-4
-4
-4
-4
-5
-5
-5
-4
-3
-4
-3
-4
-4
-5
-4
-5
-5
-4
-4
-4
-4
-3
-3
-4
-4
-4
-5
-4
-4
-4
-4
-3
-4
-2
-2
-2
-2
-1
-1
0
0
0
-2
-2
-2
-1
-3
-3
-2
-2
-1
0
-1
0
0
1
0
-1
0
0
1
0
-1
0
0
0
-1
1
1
2
2
1
1
1
1
2
1
2
2
2
2
1
2
2
1
2
1
1
1
2
2
2
3
3
3
3
3
4
3
3
3
3
5
5
4
4
4
5
4
6
6
5
5
5
6
7
7
7
7
7
6
5
5
5
5
5
5
6
6
5
5
6
5
5
6
5
5
4
3
2
2
1
2
3
2
1
1
1
2
0
0
-1
-2
0
-1
-1
-1
-1
-2
-3
-3
-4
-3
-5
-5
-5
-6
-7
-8
-6
-8
-7
-7
-8
-8
-8
-8
-9
-8
-7
-10
-8
-9
-8
-7
-7
-7
-8
-8
-7
-6
-5
-4
-3
-3
-2
-2
-1
-1
-1
0
-1
-1
1
2
2
3
3
4
3
4
5
5
6
7
6
7
7
8
7
7
7
6
5
6
6
7
6
5
5
5
5
4
4
4
2
2
1
1
1
0
-1
-1
-1
-2
-2
-2
-3
-3
-4
-3
-5
-5
-5
-6
-7
-8
-8
-10
-11
-11
-12
-14
-13
-14
-13
-13
-13
-15
-14
-14
-15
-15
-14
-15
-15
-16
-16
-16
-16
-16
-13
-13
-12
-12
-10
-8
-5
-4
-2
0
1
3
5
8
8
12
14
16
19
21
23
25
28
30
31
34
36
38
40
42
43
45
46
47
48
49
49
51
50
50
51
50
50
49
49
47
45
43
43
40
37
35
33
30
26
23
18
16
12
8
5
1
-3
-7
-11
-15
-19
-25
-27
-32
-37
-40
-45
-50
-55
-60
-66
-72
-75
-82
-88
-92
-98
-104
-110
-114
-121
-125
-130
-135
-138
-141
-146
-150
-150
-152
-152
-150
-148
-146
-143
-137
-131
-124
-116
-107
-99
-89
-77
-64
-51
-37
-24
-8
8
23
39
56
72
87
104
118
134
147
163
176
188
203
212
223
233
243
251
259
264
269
274
277
279
279
278
277
273
268
265
258
249
240
229
216
203
188
173
157
139
121
101
82
62
42
21
2
-19
-40
-58
-75
-95
-112
-129
-144
-158
-172
-184
-198
-208
-218
-228
-236
-244
-254
-261
-269
-277
-283
-290
-297
-303
-312
-319
-326
-334
-341
-347
-354
-360
-364
-367
-369
-372
-370
-366
-361
-351
-340
-326
-307
-286
-261
-230
-196
-159
-118
-75
-26
22
72
126
180
231
282
332
382
429
474
513
550
582
609
631
646
657
660
657
650
637
619
594
565
532
495
455
414
370
324
277
231
184
139
96
55
16
-22
-54
-82
-106
-125
-142
-154
-161
-166
-166
-166
-162
-156
-147
-139
-129
-119
-110
-100
-92
-86
-81
-79
-76
-80
-84
-89
-100
-114
-128
-145
-163
-183
-204
-224
-249
-271
-295
-316
-337
-358
-377
-396
-411
-423
-434
-442
-447
-450
-450
-446
-440
-431
-419
-404
-386
-365
-342
-316
-287
-255
-223
-189
-152
-113
-73
-29
12
56
102
146
191
235
278
321
362
403
442
476
508
540
566
590
607
622
632
638
639
635
626
611
591
567
538
505
468
430
386
341
293
244
192
140
90
41
-7
-54
-95
-135
-170
-202
-228
-252
-270
-281
-292
-296
-295
-291
-282
-270
-256
-239
-220
-201
-180
-159
-137
-117
-100
-83
-67
-56
-46
-40
-36
-35
-40
-47
-56
-70
-87
-106
-126
-148
-172
-198
-223
-250
-275
-301
-325
-347
-367
-385
-400
-413
-422
-429
-431
-430
-425
-417
-405
-389
-368
-346
-318
-287
-253
-215
-175
-133
-86
-38
13
64
117
169
221
276
325
375
423
469
510
550
586
618
644
664
680
688
692
690
681
665
646
621
589
553
513
471
423
372
319
265
208
152
97
44
-10
-60
-105
-151
-192
-226
-258
-285
-308
-323
-336
-345
-344
-344
-337
-328
-312
-296
-278
-257
-233
-209
-183
-157
-133
-109
-87
-66
-48
-31
-18
-6
1
6
8
8
3
-7
-17
-32
-50
-68
-89
-113
-136
-158
-182
-208
-231
-256
-278
-299
-318
-336
-351
-361
-371
-374
-376
-374
-368
-359
-345
-327
-306
-281
-251
-216
-180
-140
-94
-46
4
54
105
155
207
262
309
358
405
449
488
522
556
580
600
616
625
627
623
618
603
581
561
533
498
459
421
379
331
287
241
190
142
96
52
4
-39
-78
-116
-153
-182
-209
-234
-255
-268
-280
-290
-295
-295
-289
-284
-271
-256
-239
-224
-203
-176
-157
-134
-106
-84
-64
-42
-15
-2
11
30
39
45
48
52
48
41
34
22
11
-10
-28
-47
-75
-98
-123
-148
-180
-205
-229
-262
-286
-310
-336
-360
-379
-394
-413
-420
-426
-433
-432
-427
-415
-400
-381
-353
-323
-292
-249
-203
-155
-106
-46
7
59
120
181
235
285
341
388
423
467
506
529
547
568
583
580
576
575
558
533
514
493
456
423
395
358
314
279
248
203
161
131
95
55
19
-7
-41
-73
-95
-115
-137
-158
-165
-173
-187
-186
-185
-186
-182
-174
-160
-151
-134
-119
-104
-83
-68
-48
-31
-15
0
17
28
31
42
44
40
41
36
28
15
6
-11
-30
-47
-71
-89
-112
-135
-160
-183
-204
-235
-253
-278
-305
-322
-345
-361
-380
-392
-402
-415
-416
-419
-416
-411
-402
-379
-360
-329
-296
-263
-214
-171
-116
-63
-4
55
104
175
236
290
346
403
454
488
533
572
589
607
626
640
631
627
627
600
577
553
530
482
438
415
364
316
275
238
189
134
109
66
14
-16
-51
-82
-125
-145
-165
-204
-216
-234
-243
-264
-271
-257
-281
-269
-258
-253
-240
-229
-198
-199
-171
-144
-132
-106
-85
-57
-44
-27
3
5
27
32
34
49
33
51
32
35
17
5
-1
-31
-37
-69
-84
-111
-142
-158
-185
-215
-235
-263
-270
-309
-323
-334
-361
-365
-386
-376
-393
-397
-380
-378
-360
-348
-310
-278
-271
-210
-171
-125
-81
-25
38
60
141
192
236
290
334
390
405
456
489
495
521
528
544
522
518
520
482
464
437
414
364
321
307
250
208
174
136
93
46
28
-11
-54
-73
-99
-127
-151
-166
-170
-200
-196
-205
-212
-196
-220
-177
-186
-182
-158
-143
-106
-136
-64
-53
-50
-20
10
47
23
85
87
95
112
128
139
118
147
134
121
120
109
84
62
60
20
-7
-31
-46
-97
-116
-156
-179
-210
-260
-259
-321
-315
-383
-367
-415
-427
-439
-464
-460
-482
-455
-478
-454
-442
-418
-398
-367
-322
-288
-253
-188
-141
-80
-35
38
82
140
208
254
307
344
401
425
458
494
504
512
521
530
520
495
499
470
439
413
390
347
300
278
239
199
156
131
87
47
32
-6
-25
-67
-57
-105
-113
-105
-133
-130
-155
-109
-144
-136
-115
-99
-91
-89
-54
-49
-17
-10
15
29
56
73
77
98
108
125
122
124
136
130
125
114
109
99
68
64
25
11
-11
-50
-62
-121
-93
-193
-175
-225
-245
-271
-349
-286
-415
-356
-448
-407
-461
-481
-454
-510
-477
-510
-474
-493
-463
-444
-429
-404
-356
-323
-284
-230
-181
-132
-72
-5
42
101
176
229
256
331
388
425
443
503
536
532
554
583
575
560
563
553
521
498
482
447
403
378
350
298
261
230
204
149
102
108
53
15
-4
-15
-48
-101
-38
-123
-113
-111
-105
-144
-130
-73
-145
-104
-92
-60
-119
-37
-38
-64
-19
-13
25
-46
39
18
13
56
-21
59
-7
34
-23
-40
70
-107
-43
-80
-40
-113
-200
-86
-152
-192
-274
-176
-220
-303
-351
-219
-308
-412
-338
-353
-312
-482
-351
-385
-388
-384
-457
-300
-405
-351
-375
-309
-258
-328
-208
-209
-153
-127
-75
3
-20
102
132
165
216
287
341
315
426
446
464
474
534
548
525
550
549
552
514
510
495
460
425
394
372
313
298
238
188
182
118
91
27
36
-19
-69
-64
-109
-88
-165
-162
-134
-150
-212
-158
-103
-190
-183
-86
-75
-182
-70
-7
-66
-79
-7
65
-11
-12
89
83
62
12
155
77
34
104
61
84
8
86
-15
32
-5
-71
-16
-53
-138
-145
-70
-197
-266
-179
-183
-317
-340
-270
-264
-414
-397
-307
-332
-476
-435
-262
-444
-495
-325
-311
-463
-397
-236
-306
-358
-229
-182
-191
-113
-148
-23
57
37
29
189
323
143
223
426
441
304
397
551
486
420
500
567
500
438
487
499
436
393
384
