2.363219e+062 -3.539412e+058 -8.691010e+058 -1.556867e+059 -2.410148e+059 -3.271153e+059 -3.894294e+059 -4.080302e+059 -3.853243e+059 -3.285394e+059 -2.355117e+059 1.167940e+056 
2.363221e+062 -3.573662e+058 -9.112318e+058 -1.620324e+059 -2.459512e+059 -3.260986e+059 -3.856808e+059 -4.068215e+059 -3.911222e+059 -3.352210e+059 -2.377176e+059 1.198246e+056 
2.363239e+062 -3.585185e+058 -9.297707e+058 -1.680895e+059 -2.518468e+059 -3.249951e+059 -3.782953e+059 -4.042814e+059 -3.939969e+059 -3.383520e+059 -2.399956e+059 1.215463e+056 
2.363239e+062 -3.614321e+058 -9.148276e+058 -1.638120e+059 -2.495950e+059 -3.288076e+059 -3.849453e+059 -4.068787e+059 -3.908697e+059 -3.350749e+059 -2.382298e+059 1.209822e+056 
2.363246e+062 -3.821028e+058 -9.620926e+058 -1.682414e+059 -2.504416e+059 -3.275562e+059 -3.858252e+059 -4.126367e+059 -4.008833e+059 -3.442407e+059 -2.427689e+059 1.256479e+056 
2.363244e+062 -3.665560e+058 -9.356702e+058 -1.667302e+059 -2.522936e+059 -3.328773e+059 -3.872841e+059 -4.054955e+059 -3.910956e+059 -3.395342e+059 -2.419869e+059 1.234535e+056 
2.363246e+062 -3.600865e+058 -9.065397e+058 -1.628215e+059 -2.478727e+059 -3.287155e+059 -3.857524e+059 -4.043508e+059 -3.890260e+059 -3.350330e+059 -2.389843e+059 1.201988e+056 
2.363236e+062 -3.695278e+058 -9.177994e+058 -1.626690e+059 -2.489791e+059 -3.305524e+059 -3.865079e+059 -4.059696e+059 -3.905627e+059 -3.382620e+059 -2.429041e+059 1.218863e+056 
2.363252e+062 -3.706183e+058 -9.597204e+058 -1.705846e+059 -2.523928e+059 -3.272126e+059 -3.832308e+059 -4.098170e+059 -3.978767e+059 -3.406589e+059 -2.406773e+059 1.246535e+056 
2.363250e+062 -3.748869e+058 -9.573962e+058 -1.676920e+059 -2.492267e+059 -3.284171e+059 -3.866068e+059 -4.100990e+059 -3.970187e+059 -3.411067e+059 -2.422089e+059 1.244625e+056 
2.363213e+062 -5.161032e+058 -1.255097e+059 -2.162758e+059 -3.280585e+059 -4.400105e+059 -5.162871e+059 -5.452809e+059 -5.213884e+059 -4.424470e+059 -3.133088e+059 2.170376e+056 
2.357465e+062 -1.655879e+060 -3.999694e+060 -6.579915e+060 -9.118325e+060 -1.138070e+061 -1.302638e+061 -1.361779e+061 -1.280350e+061 -1.051654e+061 -7.027942e+060 1.556390e+059 
2.350184e+062 -2.578898e+060 -4.768330e+060 -5.991266e+060 -7.339064e+060 -1.003037e+061 -1.362358e+061 -1.613465e+061 -1.579920e+061 -1.251181e+061 -7.689895e+060 1.832709e+059 
2.343847e+062 -4.734095e+060 -1.038750e+061 -1.566806e+061 -2.068016e+061 -2.559137e+061 -2.945036e+061 -3.049048e+061 -2.754570e+061 -2.107574e+061 -1.282541e+061 8.176340e+059 
2.342396e+062 -5.354750e+060 -1.230657e+061 -1.933923e+061 -2.586792e+061 -3.127056e+061 -3.424814e+061 -3.347731e+061 -2.873333e+061 -2.114123e+061 -1.248347e+061 1.066143e+060 
2.338691e+062 -6.765881e+060 -1.617673e+061 -2.604103e+061 -3.464578e+061 -4.045455e+061 -4.204738e+061 -3.880072e+061 -3.145358e+061 -2.182557e+061 -1.204090e+061 1.595670e+060 
2.335724e+062 -7.434051e+060 -1.750379e+061 -2.785958e+061 -3.690258e+061 -4.304253e+061 -4.456608e+061 -4.065638e+061 -3.226225e+061 -2.172651e+061 -1.156781e+061 1.772556e+060 
2.338524e+062 -6.911245e+060 -1.666319e+061 -2.693842e+061 -3.580862e+061 -4.153051e+061 -4.258928e+061 -3.857415e+061 -3.059008e+061 -2.072954e+061 -1.117544e+061 1.617832e+060 
2.340563e+062 -6.406741e+060 -1.550726e+061 -2.510576e+061 -3.329747e+061 -3.840137e+061 -3.910158e+061 -3.515998e+061 -2.765773e+061 -1.854654e+061 -9.857917e+060 1.356604e+060 
2.346197e+062 -4.648340e+060 -1.101194e+061 -1.747770e+061 -2.295422e+061 -2.666074e+061 -2.781876e+061 -2.585624e+061 -2.093561e+061 -1.420970e+061 -7.472681e+060 6.884836e+059 
2.349676e+062 -3.910967e+060 -9.739385e+060 -1.620938e+061 -2.199328e+061 -2.589695e+061 -2.712597e+061 -2.546981e+061 -2.132740e+061 -1.556200e+061 -9.206849e+060 6.547723e+059 
2.354954e+062 -2.389073e+060 -6.064208e+060 -1.035472e+061 -1.446471e+061 -1.759873e+061 -1.917733e+061 -1.891221e+061 -1.684354e+061 -1.322729e+061 -8.500326e+060 3.252077e+059 
2.359827e+062 -5.634889e+059 -1.353063e+060 -2.421698e+060 -3.629443e+060 -4.518642e+060 -4.920402e+060 -4.729849e+060 -4.068723e+060 -3.160379e+060 -2.052137e+060 1.921697e+058 
2.356555e+062 -7.194115e+059 -1.359289e+060 -2.000628e+060 -3.096378e+060 -4.447431e+060 -5.318004e+060 -5.346648e+060 -4.568075e+060 -3.385206e+060 -2.164663e+060 2.010513e+058 
2.349874e+062 -6.622636e+059 7.597188e+058 1.096884e+060 3.082470e+059 -2.405369e+060 -4.260296e+060 -3.710297e+060 -2.149241e+060 -9.083352e+059 -3.606172e+059 1.679151e+057 
2.354798e+062 -1.221044e+059 9.262790e+058 6.202671e+059 2.172327e+059 -6.538363e+059 -8.551850e+059 -3.022778e+059 1.233076e+059 5.916114e+059 3.594169e+059 1.038769e+056 
2.353746e+062 -5.394889e+059 -7.859585e+059 -1.121715e+060 -1.788843e+060 -2.773988e+060 -2.569505e+060 -1.034969e+060 -4.235583e+059 -1.652035e+059 3.483989e+058 2.526779e+057 
2.353024e+062 -4.634679e+059 -8.145869e+059 -8.635697e+059 -1.399087e+060 -2.047386e+060 -1.768703e+060 8.120152e+058 1.342703e+060 1.462889e+060 1.041733e+060 -1.288201e+057 
2.354722e+062 -1.601630e+059 2.739398e+059 6.926940e+059 8.516237e+059 1.038712e+060 9.358442e+059 1.086975e+060 1.139006e+060 1.453234e+060 1.213149e+060 7.145693e+056 
2.354741e+062 -1.444769e+059 5.144326e+059 1.304008e+060 1.459747e+060 1.140270e+060 8.558388e+059 9.950110e+059 8.865680e+059 8.675862e+059 8.081658e+059 1.182454e+057 
2.354893e+062 -3.909012e+059 -4.302844e+059 -5.988543e+059 -6.353448e+059 -4.174351e+059 2.593919e+059 1.459351e+060 1.694695e+060 9.198811e+059 2.195751e+059 -1.110406e+057 
2.355526e+062 -3.536688e+059 -3.265330e+059 -2.357204e+059 -4.051469e+059 -4.410641e+058 9.795266e+059 1.567260e+060 1.572651e+060 1.256309e+060 7.244705e+059 -1.087323e+057 
2.356760e+062 1.321946e+059 4.381913e+059 4.955777e+059 1.295462e+059 -1.100676e+059 1.916995e+059 5.855726e+059 6.446176e+059 5.255778e+059 3.031126e+059 3.691868e+056 
2.354559e+062 7.505422e+059 6.655656e+059 1.147804e+060 1.727081e+060 8.648518e+059 1.024539e+060 1.731318e+060 1.021701e+060 6.092267e+059 6.317358e+059 2.667551e+057 
2.356856e+062 5.690005e+059 5.878646e+059 9.460538e+059 9.452502e+059 5.002629e+059 9.878482e+059 1.022496e+060 7.413131e+059 4.440757e+059 2.369182e+059 1.089933e+057 
2.357822e+062 3.073866e+059 6.957922e+059 8.995778e+059 5.912421e+059 -1.042349e+059 4.966871e+058 7.883462e+059 6.514952e+059 1.905831e+059 5.406531e+058 4.770638e+056 
2.356768e+062 5.225549e+059 7.504121e+059 1.333370e+060 1.393780e+060 3.367224e+059 6.012873e+059 1.275322e+060 1.076076e+060 7.366203e+059 3.720837e+059 1.838044e+057 
2.358194e+062 2.409544e+059 6.061822e+059 6.288731e+059 2.594326e+059 -6.844221e+058 4.845960e+059 1.099132e+060 7.477623e+059 2.560306e+059 1.421610e+059 4.218921e+056 
2.352887e+062 3.822438e+059 7.025544e+058 -3.917560e+059 -8.032978e+059 -4.707367e+059 4.457016e+059 1.084194e+060 9.600911e+059 5.343565e+059 6.538020e+059 4.506910e+055 
2.356799e+062 1.781350e+059 -9.009842e+058 -2.518011e+059 -1.544663e+059 -1.503140e+059 3.796827e+059 8.411722e+059 8.530429e+059 7.633646e+059 5.039426e+059 -1.372286e+055 
2.358567e+062 1.664776e+059 1.261886e+059 -2.028995e+059 -1.071063e+059 1.066782e+058 -2.323504e+057 2.966541e+059 4.485143e+059 3.397718e+059 2.234169e+059 5.351598e+055 
