1.000000e-030   1.000000e-030   1.000000e-030   4.414762e-223   1.000000e-030   1.000000e-030   1.000000e-030   1.000000e-030   1.000000e-030   1.000000e-030   1.000000e-030   1.000000e-030   1.000000e-030   1.666667e-001   1.000000e-030   1.000000e-030   1.000000e-030   6.666667e-001   1.666667e-001   1.000000e-030   1.000000e-030   2.504745e-225   1.000000e-030   1.000000e-030   1.000000e-030   1.000000e-030   1.000000e-030   1.000000e-030   1.000000e-030   1.000000e-030   1.000000e-030   1.000000e-030   

1.000000e-030   1.000000e-030   1.000000e-030   5.000000e-001   1.000000e-030   3.291790e-237   1.000000e-030   1.000000e-030   1.000000e-030   1.000000e-030   2.483168e-244   1.000000e-030   1.000000e-030   2.483304e-223   1.000000e-030   1.000000e-030   1.000000e-030   5.101834e-248   1.000000e-030   1.000000e-030   1.000000e-030   5.000000e-001   1.000000e-030   1.000000e-030   1.000000e-030   1.000000e-030   1.000000e-030   1.000000e-030   1.000000e-030   1.000000e-030   1.000000e-030   1.255210e-060   

1.000000e-030   1.000000e-030   1.000000e-030   5.994922e-223   1.000000e-030   1.021718e-236   4.552672e-235   1.000000e-030   1.000000e-030   4.131836e-235   7.477926e-001   1.000000e-030   1.000000e-030   1.000000e-030   1.000000e-030   1.000000e-030   1.000000e-030   1.000000e-030   1.000000e-030   1.000000e-030   1.000000e-030   4.611343e-253   1.000000e-030   1.000000e-030   3.036557e-240   6.840287e-239   1.000000e-030   1.000000e-030   1.000000e-030   1.000000e-030   1.000000e-030   2.522074e-001   

1.000000e-030   1.864658e-229   4.741661e-232   2.151163e-223   1.000000e-030   1.624213e-001   3.248427e-001   7.710254e-088   1.000000e-030   1.624213e-001   2.556159e-244   1.000000e-030   1.000000e-030   3.176304e-225   1.000000e-030   1.000000e-030   1.000000e-030   3.412558e-226   5.215827e-231   1.000000e-030   1.000000e-030   9.545616e-228   1.000000e-030   1.000000e-030   8.121066e-002   1.624213e-001   1.000000e-030   1.000000e-030   1.000000e-030   1.000000e-030   1.000000e-030   1.066827e-001   

1.000000e-030   1.818182e-001   9.090909e-002   1.818182e-001   1.000000e-030   1.000000e-030   7.767595e-233   9.090909e-002   1.000000e-030   2.926652e-263   1.000000e-030   1.000000e-030   1.000000e-030   9.090909e-002   1.000000e-030   1.000000e-030   1.000000e-030   1.818182e-001   9.090909e-002   1.000000e-030   1.000000e-030   9.090909e-002   1.000000e-030   1.000000e-030   1.000000e-030   1.412722e-264   1.000000e-030   1.000000e-030   1.000000e-030   1.000000e-030   1.000000e-030   1.000000e-030   

