-32
-33
1
1
12
21
18
22
-14
-19
-25
-24
21
25
37
53
67
73
52
64
52
23
1
-10
28
58
83
86
59
46
12
11
16
12
29
-6
-19
-27
-33
2
5
20
-3
-38
-41
-42
-22
1
14
8
-7
-33
-55
-59
-38
-4
-6
-29
-45
-61
-51
-56
-52
-36
-36
-23
-16
-12
2
13
23
16
14
29
32
38
43
45
42
45
45
34
55
77
86
83
59
49
23
12
7
-8
22
45
73
94
73
49
8
-18
-22
-20
-3
25
54
49
8
-17
-31
-37
-37
-22
-13
-22
-24
-40
-39
-32
-31
-24
-43
-41
-24
-24
-4
-14
-24
-29
-37
-17
-11
13
38
44
54
40
40
40
40
50
37
34
32
19
19
26
29
20
18
13
15
16
11
27
17
1
-10
-11
8
4
-4
-22
-33
-36
-35
-5
9
11
-2
-30
-45
-63
-65
-53
-37
-15
-25
-27
-20
-26
-29
-31
-24
-15
-8
7
29
53
58
47
40
28
30
41
56
61
56
57
40
39
50
42
51
49
36
42
20
11
3
-14
-12
-16
-12
-2
-5
-12
-16
-32
-33
-30
-31
-10
2
4
7
-15
-24
-29
-42
-34
-35
-20
-5
-10
-11
-28
-48
-54
-63
-66
-64
-63
-54
-52
-52
-45
-53
-62
-59
-52
-31
-15
-8
6
5
-2
1
-3
3
5
-1
11
6
9
10
0
-2
-8
-5
3
11
20
23
32
39
35
22
11
9
9
18
32
41
49
47
41
32
9
8
17
29
44
49
49
39
24
13
13
19
30
31
29
36
31
22
14
-2
-8
-15
-19
-5
3
22
27
12
10
-3
-10
-12
-16
-6
-1
2
7
7
3
-1
-14
-22
-18
-12
8
22
33
40
29
28
26
30
43
40
42
35
15
8
4
6
12
10
7
2
-7
-16
-22
-37
-48
-62
-77
-74
-79
-80
-76
-80
-72
-73
-83
-82
-89
-91
-85
-79
-61
-55
-51
-42
-45
-52
-56
-50
-43
-29
-17
-8
-4
-18
-20
-19
-14
8
9
24
31
26
36
32
51
52
42
49
40
54
64
71
84
74
66
55
46
45
41
48
43
36
25
12
8
-1
-2
-2
-2
-1
-10
-11
-14
-32
-40
-45
-47
-46
-52
-37
-35
-52
-49
-62
-68
-63
-57
-40
-26
-17
-7
-9
-13
-4
-11
-9
2
2
13
19
17
14
2
7
13
8
18
25
27
31
36
42
46
53
56
59
50
43
44
49
62
62
63
59
44
35
18
10
5
1
5
0
-1
3
2
6
10
4
2
-1
-2
0
-5
1
0
-4
4
-1
-4
-3
-12
-14
-17
-24
-12
-11
-4
9
5
16
12
4
9
10
20
21
19
19
14
3
-9
-7
-9
-12
-8
-3
-1
-4
-3
-6
-12
-15
-18
-17
-16
-16
-13
-8
-1
8
13
10
-1
-15
-22
-26
-21
-11
-6
4
4
1
1
-10
-17
-21
-30
-32
-29
-25
-22
-20
-22
-30
-38
-43
-46
-47
-41
-30
-25
-19
-14
-10
-6
-2
8
11
18
32
37
38
39
34
31
30
34
37
36
39
35
24
24
25
20
19
21
16
14
19
23
25
14
3
-7
-18
-20
-17
-10
-8
-4
-4
-11
-18
-27
-33
-29
-23
-19
-11
-6
-9
-17
-22
-21
-19
-16
-7
-5
-7
-2
-1
-2
-7
-9
-12
-13
-11
-4
6
10
7
-2
-13
-19
-22
-19
-15
-10
0
6
16
23
17
19
23
22
23
27
32
30
25
19
17
22
21
14
11
3
-13
-23
-20
-14
-13
-17
-23
-27
-30
-31
-22
-17
-22
-26
-29
-36
-34
-23
-16
-4
1
4
6
8
13
12
21
29
28
29
29
25
18
11
12
11
11
12
9
5
-1
-6
-12
-19
-23
-25
-30
-35
-34
-32
-27
-18
-13
-18
-22
-22
-20
-12
2
11
18
25
20
16
19
18
21
27
33
38
36
34
35
32
22
14
10
11
10
10
14
14
13
12
9
8
10
5
4
1
4
6
7
16
18
10
5
4
5
0
-2
4
-1
-10
-15
-17
-12
-10
-5
1
-1
-4
-12
-14
-11
-10
-6
-1
7
9
8
12
15
16
14
13
14
13
11
13
11
8
-2
-10
-14
-17
-17
-18
-14
-8
-11
-12
-18
-24
-25
-27
-23
-12
-6
-5
-10
-16
-22
-26
-23
-15
-10
-6
-2
-2
-1
1
2
2
0
-3
-8
-7
-4
0
8
10
13
13
6
-1
-4
-2
-2
2
8
7
10
11
9
12
7
6
5
-1
-2
-6
-6
-7
-6
0
2
-1
-6
-13
-15
-17
-13
-7
3
9
9
14
17
14
11
11
10
10
16
19
25
28
23
20
15
12
8
13
20
20
21
21
18
10
1
-7
-11
-11
-13
-11
-3
-2
-4
-5
-9
-14
-20
-20
-17
-15
-13
-11
-10
-13
-20
-26
-31
-31
-30
-24
-16
-8
-5
-5
-7
-13
-15
-18
-17
-11
-5
1
6
9
8
5
5
8
11
12
13
16
19
22
26
27
25
22
15
8
4
-1
-4
-5
-8
-10
-13
-13
-15
-19
-22
-22
-22
-24
-27
-27
-23
-23
-23
-19
-16
-12
-9
-5
1
1
2
4
4
7
11
14
20
22
22
22
22
20
15
12
12
11
9
10
10
4
0
-4
-7
-9
-12
-13
-15
-15
-11
-10
-4
-2
-1
-1
-5
-4
-3
-2
4
9
12
12
12
11
8
7
8
9
12
16
19
20
26
25
18
12
8
5
3
8
20
23
29
29
22
23
14
10
10
9
11
12
12
14
11
8
5
2
0
-6
-9
-7
-7
-7
-8
-10
-14
-20
-23
-24
-23
-22
-24
-22
-22
-30
-32
-33
-29
-24
-20
-14
-11
-8
-12
-11
-10
-10
-6
-2
3
4
4
7
6
6
4
3
3
1
-3
-2
-2
-2
-4
-8
-11
-14
-18
-21
-20
-19
-18
-15
-11
-10
-11
-13
-11
-12
-11
-9
-5
-2
1
3
8
12
14
15
14
12
12
11
15
20
22
26
26
21
15
11
10
12
12
14
17
17
12
7
5
2
0
-3
-3
-5
-4
-3
-4
0
2
1
-1
-5
-6
-8
-7
-3
-2
1
4
3
3
1
-2
-2
-1
0
1
4
6
8
9
5
6
5
4
1
1
4
4
4
3
1
3
0
0
0
-3
-1
-1
-1
-2
-7
-8
-11
-14
-12
-11
-7
-3
-4
-5
-8
-9
-10
-8
-3
1
1
2
3
4
3
2
4
7
7
8
12
14
15
15
17
19
20
18
18
18
19
20
18
19
17
12
10
8
9
7
6
6
5
4
2
0
-3
-3
-6
-7
-6
-7
-7
-6
-5
-6
-8
-8
-11
-13
-14
-13
-10
-10
-10
-9
-10
-11
-13
-13
-12
-11
-9
-10
-9
-11
-11
-10
-10
-8
-10
-8
-6
-8
-8
-8
-7
-5
-4
-3
-3
-5
-6
-5
-3
-4
-1
-1
-1
-2
-3
-3
-2
-4
-5
-5
-6
-4
-3
-3
-5
-5
-6
-8
-7
-5
-2
1
1
0
0
1
3
6
7
8
9
9
12
13
15
14
13
14
13
13
12
10
9
9
8
8
8
10
9
7
4
3
2
2
2
1
-1
-3
-4
-3
-2
0
1
3
2
2
2
1
1
0
0
0
2
4
6
7
7
5
3
2
1
0
-1
0
0
1
0
-1
-2
-5
-7
-9
-9
-10
-9
-9
-12
-14
-15
-17
-16
-16
-15
-12
-10
-9
-9
-9
-8
-9
-8
-4
-1
2
5
7
6
5
3
3
7
7
7
9
9
9
8
9
12
11
10
10
9
9
9
10
10
9
5
2
1
0
2
0
-1
0
0
0
0
-1
-1
-4
-5
-3
-2
-2
-2
-2
-4
-6
-6
-6
-6
-6
-5
-7
-7
-7
-6
-6
-6
-4
-4
-2
-2
-3
0
-1
-1
-1
0
2
3
5
3
1
1
1
-1
-2
3
2
2
2
2
1
1
0
0
2
4
4
4
3
2
0
-3
-3
-2
-2
1
2
1
1
0
2
2
1
0
0
0
0
1
-1
0
1
1
1
1
0
1
1
1
0
0
0
1
2
2
1
1
0
0
1
2
2
2
3
3
3
1
1
0
0
0
0
-1
0
1
0
0
-2
-2
-2
-3
-2
-3
-4
-4
-4
-5
-6
-4
-4
-3
-4
-3
-3
-6
-6
-6
-8
-7
-6
-3
-2
-2
-1
-1
-1
-1
-2
-3
-2
-2
-2
0
0
2
2
2
1
0
0
-1
-2
0
-1
1
4
4
5
7
5
3
4
3
3
3
3
1
1
1
3
2
3
2
1
1
1
1
2
2
2
2
0
1
0
1
3
2
2
-1
-1
-1
-1
-1
-2
-3
-4
-2
0
2
3
2
2
1
0
0
0
2
4
4
5
3
3
2
0
-1
-2
0
1
2
3
3
3
1
0
2
2
4
3
4
4
3
3
4
3
2
1
1
1
-1
-2
-1
-2
0
0
-1
-1
0
0
-1
-1
0
-1
-1
-2
-4
-3
-2
-1
-2
-2
-3
-4
-5
-5
-5
-4
-5
-2
-1
-1
0
-2
-2
-3
-3
-3
-4
-4
-3
0
0
0
0
1
0
-1
0
1
0
2
0
0
0
-1
-1
-1
0
1
2
4
2
0
1
0
-1
-1
-2
0
1
3
3
4
5
4
3
3
2
3
3
4
4
3
3
1
0
1
2
3
2
2
1
0
0
-1
-1
0
-2
-2
-4
-3
-1
-2
-1
-3
-3
-3
-3
-2
-2
-1
1
-1
-1
0
-1
1
-1
0
0
-1
0
0
0
1
1
1
1
0
0
-1
-1
-2
-4
-2
-2
-2
0
0
0
1
1
2
0
2
0
0
1
1
2
3
0
0
0
0
0
0
0
0
1
2
1
0
2
2
1
-1
-1
0
-1
1
1
2
2
2
1
0
0
0
-1
0
0
1
1
2
2
1
1
0
-1
-1
-1
-1
-3
-4
-4
-4
-4
-5
-3
-2
-3
-2
-1
-2
-3
-3
-3
-3
-2
0
-1
0
2
2
0
1
2
1
1
1
1
2
1
2
3
5
6
7
5
5
4
3
3
3
3
5
5
5
7
6
4
5
4
3
2
3
3
5
6
5
4
5
3
2
3
2
2
2
2
2
1
-1
-3
-1
-2
-2
-2
-3
-3
-3
-2
-3
-3
-3
-3
-2
-4
-3
-3
-3
-2
-2
-2
-1
-1
0
-2
-2
-1
-1
0
1
0
2
3
3
2
2
0
0
-1
-1
1
-1
1
-1
0
0
0
0
-2
-2
-2
-3
-4
-4
-3
-3
-1
-1
-2
-4
-5
-4
-6
-7
-5
-5
-3
-4
-3
-2
-3
-4
-1
-1
-1
-1
-2
-1
-2
-3
-2
-2
0
0
1
1
2
2
3
2
3
2
2
2
1
3
3
5
6
6
5
3
2
2
0
0
1
1
2
2
3
1
2
1
-1
-2
-3
-2
-2
0
-1
-1
-1
-2
-2
-3
-3
-1
-1
-1
0
0
0
-1
-1
-1
0
1
1
1
0
1
2
1
3
1
1
1
0
1
1
3
3
4
4
2
2
3
3
3
3
5
5
6
6
4
4
2
1
0
1
-1
1
1
1
3
2
1
1
-1
0
-1
-1
-1
1
0
0
0
0
0
0
1
0
0
-1
0
-2
-2
1
0
0
0
-2
0
1
1
1
2
2
1
2
2
2
2
2
3
2
3
2
2
1
-2
-3
-2
-3
-1
-1
1
0
-1
-1
-2
-2
-3
-3
-3
-4
-3
-3
-2
-2
-2
-2
-2
-1
-1
-2
-2
-3
-5
-4
-3
-3
-1
-2
-2
-2
-2
-2
-2
-2
-2
-2
-1
0
-1
-1
0
1
2
3
3
3
3
2
2
2
1
2
3
4
3
3
1
1
0
1
2
2
3
3
2
2
2
2
1
-1
0
1
1
1
0
-2
-2
0
-1
-1
-1
0
0
1
1
1
0
0
0
-1
-1
-2
-1
-1
-1
-1
-2
-2
-2
-2
-2
-3
-1
-1
0
0
-1
-1
0
0
1
0
-2
-1
-1
-1
-1
-1
-2
-1
0
-1
-1
-2
-2
-2
-3
-3
-2
-1
-1
-3
-1
-3
-4
-3
-2
0
0
1
1
-1
-1
-1
-2
-1
-1
1
0
0
2
2
2
1
3
2
2
1
0
1
2
1
2
1
1
1
-1
-1
-3
-2
-3
-3
-2
-2
-3
-3
-2
-1
-1
-2
-2
-1
-3
-2
-4
-4
-3
-3
-2
-3
-4
-3
-4
-3
-3
-3
-3
-2
-2
-2
-3
-4
-3
-4
-3
-1
0
-2
-2
-4
-3
-3
-5
-3
-4
-4
-2
-1
-1
-1
-1
-2
-1
0
-1
0
1
2
1
2
2
2
3
4
4
3
2
3
3
3
1
1
1
2
2
2
2
3
2
2
3
2
2
2
2
1
2
2
1
1
0
1
0
-2
-2
-2
-3
-1
-2
-1
0
0
1
1
0
1
0
-1
-1
0
1
1
2
2
3
3
1
2
2
2
3
3
3
4
4
4
5
3
2
2
1
0
1
0
1
2
2
2
2
3
3
2
1
0
0
0
1
0
0
0
0
1
-1
-3
-3
-5
-6
-4
-4
-5
-4
-4
-4
-3
-2
-4
-3
-3
-3
-3
-4
-4
-4
-4
-3
-2
-1
0
1
0
-1
-1
-1
-2
0
1
2
1
1
2
0
1
0
0
2
2
1
0
0
0
1
2
2
3
4
3
3
3
1
1
1
0
0
0
-1
-2
-2
-1
0
-1
-1
0
0
-2
-2
-3
-3
-2
-2
-2
-2
-4
-3
-3
-3
-3
-4
-4
-4
-5
-5
-4
-2
-2
-1
-1
0
-1
0
0
0
-1
1
0
-2
1
-1
-2
-2
-2
-1
0
1
2
2
2
2
1
2
1
2
2
2
3
4
4
5
4
4
4
5
4
4
3
5
5
3
3
3
3
4
4
3
3
3
3
2
2
2
3
1
1
0
2
2
2
3
2
2
2
1
1
2
3
2
3
1
1
0
-1
0
-1
-1
-2
-2
-2
-2
-1
-1
-2
-1
-1
0
0
-1
-1
-1
-1
-1
-1
0
-1
-2
-2
-3
-3
-3
-2
-3
-2
-2
-2
-3
-2
-3
-3
-1
-1
0
-1
0
0
-1
1
0
1
2
2
2
1
1
2
2
2
1
1
1
1
0
1
3
2
5
3
3
3
1
2
0
1
-1
-2
-1
-1
-1
0
1
2
2
0
-1
-2
-2
-3
-2
-2
-1
-1
-2
-3
-3
-2
-2
0
0
0
-1
-2
-2
-2
0
0
1
2
1
1
1
0
1
1
1
2
1
1
2
2
2
3
2
3
2
3
2
3
2
2
2
3
3
3
4
4
4
4
3
1
2
2
1
2
1
3
3
2
2
1
-1
-1
-3
-3
-2
-2
0
-1
-3
-1
-2
-2
-3
-2
-5
-2
-2
-2
-2
-1
-2
-1
0
-2
-2
-2
-1
0
-1
0
0
0
0
0
-1
-2
-1
-1
0
1
0
1
0
1
0
-1
-2
-2
-1
0
1
1
1
2
1
0
-2
-2
-2
-1
0
0
1
2
1
2
1
1
0
0
-2
0
-2
-1
-1
-2
0
-1
1
-1
-2
-2
-3
-2
0
1
3
3
3
2
2
2
1
1
1
2
2
1
2
1
0
1
1
1
3
2
4
2
1
1
0
0
0
0
-1
-2
0
1
1
3
2
2
0
-1
-1
-2
-2
-1
0
1
1
-1
1
0
0
0
-1
-1
-1
-1
-1
-1
-2
-3
-2
-4
-4
-3
-2
-2
-1
1
0
2
1
0
0
-1
-1
1
2
2
2
1
1
1
0
-1
1
0
1
1
0
1
0
-1
-1
-2
-1
-1
-2
-2
0
-1
-1
-1
-2
-2
-2
-3
-3
-3
-3
-3
-2
-3
-3
-4
-4
-4
-4
-3
-2
-3
-4
-3
-2
-1
-2
-2
-2
-1
-3
-1
0
-1
-1
-2
-1
0
-1
0
-1
0
1
1
2
3
3
1
1
1
2
3
2
2
3
3
2
3
2
1
3
3
3
3
4
5
3
2
2
2
1
0
1
2
1
0
-1
-1
0
1
1
3
2
3
2
-1
-2
-2
-3
-2
-4
-3
-2
-3
-3
-3
-3
-2
-2
-3
-1
1
1
2
1
3
3
2
3
3
2
1
0
1
2
1
2
1
0
1
1
2
1
2
2
1
2
2
1
2
1
1
0
0
0
1
0
0
0
-2
0
0
0
0
0
-1
-2
-1
-2
-1
-1
1
-1
0
1
0
-1
-1
-2
-2
-3
-3
-3
-2
-2
-5
-5
-3
-5
-5
-1
1
-1
0
3
2
0
2
3
1
3
2
0
1
5
6
4
7
6
3
2
2
3
1
2
6
1
1
1
0
1
2
3
2
0
0
4
1
1
5
5
3
2
3
0
1
3
0
-2
0
1
-1
-1
4
1
-4
-3
-6
-4
4
2
-2
-4
1
-1
-1
2
-1
-4
-4
-4
-11
-9
-6
-6
-4
0
-2
-9
-6
-3
-1
0
4
-3
-10
-1
1
-4
-2
-1
-5
-2
1
1
4
7
-5
-5
2
5
3
1
10
18
94
51
-76
-69
-15
30
14
-10
1
16
69
5
-109
-36
35
24
1
5
17
3
-27
37
58
-63
-76
-31
25
88
6
-35
-29
7
70
-88
-90
23
30
69
-12
-41
17
-44
4
14
-30
13
25
19
18
-2
-9
102
39
-7
43
-37
-25
-17
-20
47
18
60
-26
-148
2
-35
-40
2
49
73
32
5
58
-40
-159
-25
43
56
36
42
0
-46
-24
-76
-148
6
134
51
5
45
13
-125
-104
14
1
14
118
107
-36
-64
16
-70
-89
71
57
115
126
37
-67
-94
68
67
-19
65
27
77
30
-93
-67
-128
17
64
-38
1
-29
-45
-29
-75
-59
-40
-1
-12
-6
-5
-50
-23
-43
-1
-4
29
-56
-16
93
-67
-50
67
17
-19
7
1
-43
14
90
-122
-17
144
-17
-52
13
6
-102
84
108
-94
-29
60
43
-86
17
-29
-53
160
-54
-54
-38
11
77
-141
-7
36
100
-6
-117
65
-192
63
196
-106
-16
-161
11
80
-83
99
-155
25
195
-60
-54
-36
21
56
20
107
31
-167
4
189
5
-48
45
-52
-136
-66
154
-12
11
258
-53
-224
75
107
-272
45
379
35
-167
-16
-118
-107
65
150
-77
50
174
-66
-34
-76
-87
29
71
105
136
57
-142
-99
151
-23
-112
245
182
-164
145
309
-243
-247
52
-4
102
297
210
-114
-46
-13
-175
-55
139
224
226
131
-7
-232
-414
-65
142
63
198
143
-202
-341
-168
-57
-96
63
84
140
244
-181
-310
-196
45
53
137
309
-5
-336
-66
-98
-216
-86
174
289
122
23
-132
-229
42
10
-179
233
342
11
-153
-17
51
-158
-174
208
141
-52
-1
80
-92
-279
-146
-16
188
85
6
-197
-181
-134
-135
164
240
164
-121
-150
-43
-313
-311
134
424
337
-249
-108
23
-340
-239
18
217
316
48
-131
-31
-101
-85
-30
313
454
123
-139
-349
-298
-191
3
357
509
312
11
5
-154
-211
-142
-109
245
240
65
-8
108
174
199
100
-86
-120
-220
-325
-105
239
295
147
183
135
-147
-146
-205
-137
224
378
261
-95
-12
82
-250
-14
235
184
53
-133
-125
-108
-83
225
229
219
193
-15
-49
-230
-150
-32
-79
3
154
117
-63
106
114
-181
-172
5
68
-80
-16
60
-148
62
169
174
12
45
61
-332
-265
-107
76
101
174
194
-188
-230
-113
-64
-102
-165
167
7
-92
-75
-147
-78
-61
159
67
-96
154
1
-208
-154
102
60
-105
59
-59
-140
-28
-18
-181
-97
120
70
-206
-189
-150
-128
55
32
-58
23
-14
-125
-162
-148
-55
-118
20
188
-92
-208
-148
84
-21
-188
-124
-117
-12
34
-122
-178
-87
96
47
73
286
-53
-141
-19
16
3
7
254
206
-112
-32
26
-41
73
132
62
-45
81
165
25
71
238
-89
-190
152
163
-45
147
165
-36
-150
66
113
-53
24
-69
-108
-26
-14
-64
0
-4
10
72
92
-2
-16
29
105
218
179
-32
-55
2
-9
75
205
323
308
30
39
-35
-143
19
133
186
127
130
26
-213
-137
-64
65
161
96
61
-81
-196
-146
-32
59
184
124
39
-128
-108
-16
-36
120
-35
55
-135
-233
-1
-53
139
-103
17
95
-186
131
-97
-114
57
38
168
-204
-181
-74
-172
-189
59
-30
-59
131
6
-57
-76
-67
-184
-186
2
-62
-91
-75
-13
-43
-159
-289
-319
-121
-54
-33
60
33
113
-129
-139
36
67
-55
-104
-108
-50
48
-88
-55
-34
173
71
-21
4
33
192
10
60
129
-67
141
-16
91
81
74
397
-156
29
159
-43
164
-158
88
76
-28
260
17
356
186
-25
115
-95
131
138
74
160
106
128
75
12
160
64
42
107
102
149
260
224
146
142
107
170
70
43
165
201
222
114
89
128
60
42
-2
-44
-15
-79
-121
-54
-158
-222
-151
-90
-105
-370
-448
-378
-423
-406
-423
-274
-235
-463
-513
-371
-374
-500
-485
-499
-445
-390
-473
-568
-504
-369
-431
-472
-179
-263
-372
-334
-302
-328
-460
-221
-83
58
-3
-151
-207
-137
-30
-46
-71
145
170
72
-37
65
94
186
165
108
346
423
451
433
474
667
574
602
679
745
1009
895
860
924
968
1064
969
949
1042
1042
1016
971
999
989
869
749
692
670
708
606
424
360
337
346
270
68
-116
-168
-233
-359
-437
-471
-396
-307
-504
-740
-1010
-953
-794
-896
-772
-788
-836
-925
-1078
-1123
-1067
-729
-648
-821
-894
-784
-839
-963
-1014
-1011
-753
-430
-560
-882
-783
-519
-553
-780
-782
-474
-337
-453
-508
-530
-291
-305
-477
-458
-261
-139
-263
-388
-222
-105
-168
-339
-201
286
636
711
411
188
323
575
856
984
1189
1404
1340
1092
863
1019
1434
1665
1679
1485
1397
1383
1268
1315
1369
1479
1512
1223
909
751
753
812
839
880
804
654
381
7
-184
-121
65
121
-18
-240
-526
-751
-730
-646
-530
-484
-538
-587
-674
-795
-983
-899
-646
-578
-695
-887
-920
-812
-882
-895
-835
-587
-504
-890
-1037
-820
-655
-572
-624
-482
-268
-337
-390
-711
-570
-176
-215
-186
-268
-315
-117
-180
-190
-230
-182
-5
-32
-32
-264
-224
90
150
-142
-172
-38
-100
-35
-215
-275
-117
-75
-95
-315
-313
-199
-283
-184
151
487
615
268
-165
-226
105
566
718
830
1099
1115
782
370
348
965
1542
1730
1454
1121
1172
1273
1238
1105
1130
1325
1286
1011
695
513
636
700
531
305
201
219
131
-94
-177
-124
-15
-85
-314
-546
-704
-739
-730
-690
-702
-601
-527
-695
-925
-1051
-916
-591
-399
-433
-548
-528
-514
-684
-816
-746
-413
-197
-366
-602
-683
-558
-430
-503
-710
-681
-259
-152
-334
-505
-374
-66
-80
-290
-511
-402
-358
-344
-256
-512
-354
40
-70
-223
-419
-401
-314
-124
49
-379
-216
100
-222
-466
-463
-169
-56
-220
-281
-375
-305
-195
-127
281
785
854
245
-305
-175
484
1040
1053
1002
1076
1044
839
487
696
1522
2105
1873
971
670
1098
1529
1584
1354
1474
1650
1285
600
197
507
981
884
380
7
-22
-162
-583
-945
-816
-354
-335
-676
-961
-988
-833
-868
-941
-881
-745
-760
-1001
-1130
-992
-706
-554
-545
-468
-420
-440
-518
-489
-324
-82
67
54
18
-25
-22
-47
-92
50
67
10
-133
-250
-168
-109
41
123
47
-54
-278
-447
-388
-225
-35
-33
-314
-526
-608
-708
-686
-590
-527
-488
-546
-644
-884
-861
-572
-573
-570
-676
-790
-1041
-1209
-1216
-1098
-522
404
1067
994
1
-939
-896
248
1537
1798
1577
1559
1480
1130
542
1016
2483
3391
2832
1302
651
1347
2100
2282
2004
2010
2099
1404
403
14
652
1451
1239
395
-178
-305
-487
-976
-1152
-778
-324
-545
-1277
-1734
-1670
-1348
-1114
-908
-604
-599
-955
-1403
-1518
-1059
-548
-203
5
-26
-119
-334
-425
-158
274
632
592
272
106
135
346
522
567
545
334
-24
-289
-299
-83
24
-5
18
-93
-388
-775
-1002
-852
-568
-391
-454
-737
-977
-1190
-1249
-1166
-982
-799
-884
-1143
-1482
-1499
-1194
-927
-718
-836
-987
-1067
-1250
-1314
-1208
-216
1101
1580
945
-445
-923
223
1711
2332
1890
1699
1989
1816
1133
939
2213
3925
3996
2440
978
1199
2381
2749
2297
2049
2261
2037
850
-46
304
1256
1523
605
-315
-535
-535
-943
-1426
-1217
-604
-517
-1241
-2028
-2097
-1747
-1416
-1153
-954
-856
-1211
-1616
-1602
-1190
-640
-464
-442
-305
-355
-528
-565
-149
480
601
327
46
81
349
424
492
661
701
433
-49
-230
14
216
118
-95
-118
-65
-219
-636
-868
-781
-637
-662
-890
-1037
-1063
-1123
-1252
-1311
-1279
-1158
-1326
-1550
-1632
-1570
-1334
-1296
-1311
-1379
-1491
-1549
-1737
-1670
-935
354
1341
1019
-480
-1395
-668
1348
2783
2604
1951
1736
1792
1480
1167
2224
4159
4780
3320
1333
1080
2541
3598
3344
2608
2390
2271
1345
292
440
1401
1842
1093
-144
-621
-653
-883
-1306
-1386
-949
-692
-1332
-2228
-2635
-2441
-1850
-1427
-1205
-1168
-1621
-2031
-1948
-1286
-470
-235
-459
-612
-550
-332
-169
163
714
895
484
32
15
470
921
972
940
921
716
371
147
364
734
611
110
-266
-334
-258
-389
-556
-518
-517
-668
-1044
-1336
-1280
-1228
-1283
-1361
-1360
-1392
-1584
-1819
-1749
-1574
-1420
-1411
-1488
-1495
-1653
-1691
-1800
-1659
-1498
-909
286
1231
933
-599
-1694
-515
1756
3173
2720
1613
1636
1908
1672
1581
2566
4405
4723
2926
1197
1273
2894
3910
3400
2691
2412
2024
1179
454
805
1672
1804
863
-172
-625
-650
-859
-1223
-1169
-856
-781
-1278
-2146
-2521
-2309
-1715
-1106
-970
-1197
-1659
-2048
-1896
-1281
-556
-49
-99
-374
-515
-385
7
500
877
960
632
233
207
515
878
1015
982
866
615
259
143
395
683
558
-8
-444
-489
-351
-311
-479
-604
-717
-958
-1267
-1411
-1349
-1227
-1325
-1586
-1689
-1721
-1760
-1861
-1876
-1732
-1677
-1611
-1695
-1704
-1678
-1724
-1650
-1724
-1636
-1514
-452
878
1253
198
-1379
-1087
1131
2991
3058
1830
1379
2042
2120
1901
2160
3677
4845
3866
2009
1303
2415
3746
3702
2938
2489
2299
1847
1020
737
1182
1565
1252
344
-344
-713
-944
-1255
-1381
-1118
-905
-1104
-1908
-2780
-2903
-2220
-1283
-871
-1398
-2076
-2405
-2103
-1307
-678
-321
-441
-857
-905
-611
43
566
613
507
295
167
269
522
878
1015
821
563
452
510
648
753
792
595
56
-459
-564
-238
82
-41
-483
-858
-1073
-1230
-1271
-1197
-1010
-1090
-1467
-1809
-1924
-1714
-1548
-1470
-1553
-1659
-1785
-1750
-1688
-1507
-1290
-1311
-1367
-1670
-1622
-684
836
1543
586
-1216
-1301
652
2877
3247
1904
1304
1810
2324
2128
2010
3262
4564
4092
2460
1401
2214
3611
3688
2964
2344
2272
2089
1289
615
752
1246
1299
608
-315
-850
-1065
-1235
-1329
-1286
-1068
-1160
-1923
-2770
-3020
-2329
-1292
-960
-1531
-2363
-2798
-2260
-1328
-517
-296
-720
-1200
-1199
-647
100
560
582
386
222
264
488
847
1120
1084
845
574
620
718
824
947
1059
976
523
-67
-290
-30
282
232
-164
-513
-722
-837
-915
-923
-776
-851
-1161
-1480
-1585
-1305
-1182
-1177
-1436
-1542
-1492
-1554
-1524
-1511
-1348
-1226
-1381
-1732
-1683
-1068
419
1285
808
-509
-1439
-119
1993
3084
2406
1163
1264
2072
2216
2170
2339
3573
4188
3032
1851
1595
2629
3402
2996
2417
2264
2154
1522
560
294
877
1318
937
-53
-939
-1330
-1368
-1401
-1195
-967
-1153
-1836
-2922
-3238
-2501
-1503
-892
-1401
-2428
-2888
-2603
-1568
-581
-338
-594
-1142
-1282
-727
-25
567
667
426
262
261
464
827
1076
1108
1026
786
721
742
740
914
1072
1082
772
127
-205
-36
270
411
61
-338
-635
-823
-899
-833
-744
-777
-1043
-1362
-1493
-1414
-1314
-1167
-1281
-1460
-1439
-1662
-1593
-1609
-1521
-1294
-1352
-1555
-1735
-1494
-127
884
660
-416
-1487
-412
1566
2597
2180
985
1132
2047
2131
1975
2058
3027
3895
3070
1961
1585
2272
3071
2869
2366
2261
2065
1488
744
426
870
1328
989
65
-810
-1186
-1015
-1029
-1054
-1033
-1235
-1651
-2378
-2752
-2190
-1345
-877
-1244
-2150
-2490
-2163
-1309
-532
-351
-650
-981
-1030
-526
138
578
724
556
409
418
624
883
1096
1073
1041
933
776
686
713
882
1176
1191
802
299
-115
-41
222
311
142
-252
-640
-889
-1050
-999
-891
-920
-1116
-1544
-1771
-1718
-1613
-1517
-1578
-1747
-1726
-1839
-1867
-1913
-1836
-1594
-1477
-1713
-1832
-1616
-529
608
246
-617
-1516
-584
1410
2245
1908
964
889
1897
1927
1965
2267
2890
3684
2811
1938
1901
2483
3242
2990
2380
2331
2133
1685
1123
851
1168
1398
1018
155
-496
-761
-605
-623
-811
-883
-1241
-1607
-2092
-2300
-1820
-1197
-980
-1329
-2069
-2335
-1905
-1149
-475
-306
-713
-1089
-1046
-658
119
583
673
490
86
142
512
871
1175
1029
856
851
701
670
737
924
1235
1162
675
204
-113
18
305
348
90
-376
-762
-911
-933
-892
-850
-952
-1190
-1470
-1753
-1661
-1604
-1459
-1535
-1645
-1676
-1756
-1780
-1851
-1471
-1358
-1202
-1560
-1733
-1295
-32
729
318
-815
-1185
-17
1636
2285
1646
1056
1340
1995
1966
1971
2392
3259
3514
2516
1813
1875
2710
3188
2764
2264
2224
1962
1491
905
849
1289
1332
796
-165
-699
-698
-578
-677
-891
-1074
-1325
-1789
-2286
-2406
-1768
-1167
-1162
-1722
-2531
-2484
-1888
-1180
-541
-692
-995
-1255
-1285
-509
91
516
525
133
109
211
578
1092
1193
1078
904
733
792
840
883
982
1151
1039
599
182
4
311
494
376
1
-450
-620
-726
-761
-768
-814
-930
-1229
-1551
-1660
-1579
-1434
-1359
-1535
-1685
-1790
-1782
-1693
-1699
-1540
-1427
-1486
-1520
-1596
-928
258
484
37
-1067
-902
815
1984
2215
1317
916
1823
2066
2079
2157
2678
3673
3295
2257
1867
2217
3111
3176
2609
2289
2229
1947
1447
1046
1077
1438
1238
466
-291
-756
-591
-518
-859
-1050
-1343
-1530
-1908
-2484
-2308
-1763
-1333
-1492
-2300
-2700
-2431
-1788
-1158
-924
-1074
-1325
-1420
-1097
-512
-7
193
137
27
-41
148
500
899
1010
784
647
715
833
874
746
883
1095
953
580
142
104
340
451
271
-39
-437
-639
-697
-754
-747
-943
-1095
-1257
-1515
-1581
-1664
-1505
-1431
-1601
-1765
-1903
-1734
-1612
-1645
-1493
-1565
-1502
-1342
-1166
-69
389
95
-556
-1070
259
1736
2199
1866
942
1369
2098
2144
2477
2621
3310
3545
2549
2097
2310
3043
3474
2878
2278
2223
2140
1807
1366
1148
1321
1353
701
14
-457
-555
-371
-692
-1005
-1266
-1606
-1750
-2128
-2303
-1962
-1708
-1541
-1944
-2525
-2573
-2215
-1552
-1088
-1089
-1354
-1564
-1396
-892
-318
47
41
-77
-187
-21
423
862
1162
969
670
594
741
1021
1157
1060
1051
954
773
580
378
455
568
514
236
-177
-494
-487
-417
-442
-627
-973
-1104
-1255
-1289
-1361
-1371
-1400
-1480
-1667
-1737
-1634
-1549
-1515
-1552
-1449
-1521
-1299
-1136
-332
318
73
-478
-1008
-155
1413
2025
1844
1061
965
1785
1928
2321
2608
3044
3447
2600
1956
2082
2759
3427
3068
2286
2054
1967
1850
1453
1146
1183
1193
696
-81
-560
-718
-548
-729
-1091
-1372
-1741
-1932
-2162
-2337
-2145
-2026
-1951
-2041
-2402
-2516
-2425
-2019
-1474
-1235
-1326
-1500
-1480
-1091
-609
-223
-14
16
-10
63
315
726
1070
1130
979
806
851
1008
1258
1357
1280
1113
866
757
728
699
678
557
335
54
-254
-357
-367
-380
-545
-939
-1181
-1258
-1270
-1208
-1363
-1498
-1623
-1723
-1680
-1629
-1500
-1544
-1558
-1663
-1715
-1487
-1137
-392
205
-122
-690
-1164
-367
1146
1866
1783
998
850
1463
1710
2135
2528
3017
3366
2566
1890
2014
2695
3440
3125
2367
1986
1881
1846
1611
1387
1345
1258
772
64
-328
-432
-289
-478
-966
-1289
-1628
-1779
-1973
-2156
-2045
-1889
-1882
-2134
-2473
-2545
-2196
-1817
-1586
-1530
-1670
-1527
-1265
-1075
-604
-395
-104
36
-127
74
302
655
1048
1009
961
855
772
961
1221
1461
1447
1182
841
684
734
885
975
732
372
-4
-252
-179
-122
-196
-362
-789
-1121
-1264
-1356
-1157
-1102
-1302
-1468
-1896
-1925
-1716
-1622
-1380
-1563
-1748
-1808
-1661
-1150
-287
44
-265
-922
-1125
-85
1230
1753
1503
903
1015
1572
1690
2156
2578
3128
3290
2399
1937
2262
2905
3524
3125
2461
2235
1944
1855
1690
1581
1693
1451
766
35
-335
-245
-5
-261
-783
-1309
-1732
-1789
-1857
-1858
-1674
-1845
-2136
-2398
-2567
-2185
-1881
-1710
-1628
-1822
-1804
-1569
-1193
-700
-557
-591
-447
-228
25
203
347
687
948
919
870
872
1003
1170
1189
1343
1448
1309
973
644
702
959
1015
809
359
-38
-170
-176
-80
-145
-430
-829
-1179
-1362
-1384
-1313
-1294
-1429
-1720
-2011
-2106
-1940
-1772
-1663
-1728
-1997
-1989
-1812
-1172
-351
-437
-804
-1354
-1062
227
1053
1291
900
538
1076
1299
1632
2112
2476
3033
2664
1974
1957
2353
3094
3217
2622
2275
2087
1975
1827
1566
1535
1603
1284
594
-20
-343
-121
25
-279
-732
-1334
-1690
-1789
-1832
-1608
-1437
-1643
-1990
-2491
-2518
-2051
-1576
-1317
-1427
-1807
-1883
-1584
-1001
-441
-347
-500
-542
-381
-26
345
576
829
922
797
799
892
1147
1371
1319
1362
1400
1262
1124
820
842
1059
1058
894
472
81
-42
-93
-27
-31
-305
-681
-1106
-1287
-1265
-1150
-1142
-1309
-1616
-1955
-1978
-1841
-1555
-1428
-1662
-1884
-1832
-1614
-911
-458
-525
-744
-1165
-687
243
929
1173
792
655
1074
1241
1724
2052
2405
2801
2321
1952
2062
2472
3073
3005
2443
2250
2117
2058
1917
1616
1598
1609
1295
715
132
-211
-46
-16
-221
-591
-1232
-1553
-1679
-1697
-1385
-1379
-1625
-1993
-2500
-2430
-2004
-1541
-1269
-1535
-1937
-1995
-1673
-1016
-529
-458
-575
-723
-680
-305
139
481
689
557
478
558
687
961
1143
1129
1148
1082
1049
1059
872
815
784
796
765
470
188
16
-99
-126
-194
-365
-576
-927
-1201
-1268
-1250
-1171
-1301
-1528
-1760
-1838
-1681
-1618
-1508
-1639
-1791
-1564
-1445
-883
-590
-707
-753
-1072
-533
377
765
1004
511
553
1089
1245
1754
1958
2229
2527
2009
1825
2052
2477
2950
2676
2229
2049
1964
1973
1869
1620
1487
1380
1052
652
239
-45
66
-1
-246
-567
-1111
-1296
-1475
-1564
-1316
-1334
-1471
-1816
-2275
-2196
-1888
-1531
-1268
-1482
-1731
-1833
-1624
-1077
-658
-532
-553
-645
-565
-332
-30
365
575
575
487
498
672
932
1068
1075
1032
953
955
972
924
884
781
706
640
455
325
169
56
-16
-168
-279
-431
-704
-898
-1046
-1095
-1013
-1158
-1291
-1456
-1602
-1522
-1505
-1431
-1403
-1514
-1375
-1259
-931
-585
-657
-649
-752
-414
292
697
792
542
517
925
1233
1630
1822
2042
2188
1891
1771
1937
2336
2663
2418
2049
1882
1838
1883
1745
1557
1410
1233
997
657
366
208
180
53
-221
-561
-862
-1002
-1145
-1207
-1214
-1282
-1414
-1648
-1814
-1754
-1588
-1415
-1315
-1305
-1427
-1489
-1314
-997
-622
-544
-571
-512
-447
-224
-48
149
409
432
429
486
574
827
884
892
946
912
945
956
906
852
722
637
595
543
430
235
70
-67
-165
-245
-369
-514
-719
-901
-1027
-1096
-1106
-1185
-1264
-1363
-1453
-1471
-1453
-1410
-1369
-1256
-1215
-970
-778
-738
-722
-782
-433
168
499
581
340
372
788
1061
1401
1553
1717
1869
1637
1582
1794
2096
2353
2150
1825
1706
1681
1713
1639
1456
1279
1077
837
580
369
236
193
-2
-313
-577
-798
-837
-939
-1160
-1117
-1218
-1342
-1470
-1695
-1509
-1382
-1376
-1304
-1405
-1314
-1259
-1296
-925
-774
-636
-607
-685
-407
-227
-126
57
111
240
298
283
469
627
707
708
688
719
802
783
790
829
706
623
507
431
479
324
156
48
-103
-91
-211
-359
-449
-650
-734
-834
-930
-935
-1035
-1118
-1167
-1253
-1220
-1206
-1173
-1066
-1006
-918
-690
-623
-560
-570
-473
0
390
556
497
390
685
994
1209
1402
1482
1660
1658
1523
1596
1774
1985
1988
1757
1586
1538
1527
1472
1322
1127
947
764
548
379
233
137
-11
-311
-557
-673
-708
-735
-964
-1174
-1183
-1238
-1250
-1388
-1469
-1291
-1251
-1232
-1256
-1315
-1108
-1027
-936
-727
-716
-576
-541
-515
-274
-181
-49
76
65
175
196
276
475
522
546
499
512
613
643
588
571
553
547
493
399
351
312
200
75
-26
-68
-76
-233
-397
-529
-573
-553
-645
-779
-872
-927
-910
-961
-994
-972
-995
-977
-997
-920
-772
-580
-452
-447
-447
-366
-114
264
498
557
531
607
860
1020
1194
1309
1464
1591
1477
1415
1460
1583
1736
1646
1490
1406
1273
1198
1101
985
907
749
531
338
168
66
-25
-232
-394
-524
-608
-692
-865
-1002
-1012
-998
-1061
-1151
-1206
-1104
-996
-1006
-1038
-1019
-946
-778
-714
-590
-493
-489
-399
-341
-190
7
86
178
198
169
276
386
522
586
514
503
567
627
654
590
528
547
527
514
468
380
295
195
107
85
43
-28
-147
-340
-428
-460
-469
-544
-726
-853
-898
-893
-883
-908
-937
-963
-999
-989
-896
-764
-681
-608
-526
-391
-279
-239
-99
145
404
568
535
562
712
871
1082
1210
1280
1373
1278
1223
1265
1342
1466
1435
1283
1156
1011
939
924
864
795
632
407
241
115
39
-6
-133
-273
-397
-540
-651
-724
-779
-713
-739
-855
-952
-1005
-888
-799
-820
-793
-772
-679
-624
-646
-525
-421
-324
-281
-287
-164
-62
11
82
93
188
236
256
314
327
386
441
442
430
358
317
360
374
374
297
200
119
61
10
-6
-37
-129
-257
-409
-492
-503
-527
-566
-678
-827
-879
-928
-889
-889
-930
-918
-944
-960
-910
-879
-729
-655
-602
-453
-369
-216
-151
-86
189
384
548
579
544
760
931
1088
1219
1183
1249
1241
1191
1287
1305
1363
1333
1152
1053
966
936
933
815
681
539
403
312
197
79
-16
-104
-218
-296
-433
-516
-582
-613
-603
-691
-739
-778
-768
-730
-743
-736
-668
-644
-605
-651
-571
-455
-381
-359
-347
-267
-153
-121
-58
-5
94
163
168
202
219
274
312
326
340
312
290
299
281
247
183
151
136
78
-29
-129
-197
-221
-273
-356
-459
-569
-644
-666
-693
-741
-809
-899
-906
-927
-898
-849
-809
-791
-805
-806
-698
-561
-420
-306
-212
-121
-46
40
194
427
607
689
673
741
888
1065
1170
1243
1236
1259
1234
1224
1275
1308
1315
1234
1118
1034
972
908
859
773
696
567
415
285
185
141
102
9
-123
-281
-398
-424
-442
-455
-481
-547
-606
-695
-726
-664
-582
-531
-564
-631
-613
-554
-455
-382
-335
-293
-288
-251
-207
-121
-25
24
68
63
76
122
179
265
293
276
240
219
228
224
210
179
142
100
13
-73
-149
-173
-166
-216
-296
-428
-526
-572
-579
-561
-572
-653
-743
-815
-798
-724
-646
-604
-630
-660
-664
-575
-417
-262
-169
-115
-71
35
130
284
444
608
680
685
685
818
1002
1148
1183
1137
1109
1122
1150
1196
1214
1190
1150
1046
960
900
849
835
753
632
494
338
260
195
133
74
-50
-188
-334
-438
-471
-467
-486
-563
-677
-770
-800
-752
-704
-664
-686
-732
-743
-748
-671
-582
-505
-431
-433
-428
-384
-330
-196
-113
-74
-47
-77
-43
-5
51
141
150
131
79
31
57
82
96
77
14
-51
-137
-199
-210
-197
-203
-273
-421
-521
-585
-565
-529
-541
-585
-683
-757
-760
-701
-624
-570
-572
-589
-596
-543
-447
-323
-195
-144
-112
-80
15
169
303
423
495
543
624
670
785
907
991
1033
1001
994
1038
1066
1095
1060
1024
995
929
879
813
772
742
660
548
425
325
264
219
148
41
-57
-164
-254
-331
-392
-407
-444
-524
-604
-681
-665
-631
-633
-631
-673
-661
-639
-641
-586
-539
-468
-396
-387
-361
-328
-260
-171
-116
-75
-40
-13
18
39
79
127
163
166
125
100
86
97
116
117
103
49
-11
-66
-94
-82
-98
-133
-210
-301
-335
-347
-320
-304
-355
-397
-443
-454
-402
-381
-316
-302
-315
-309
-307
-235
-127
-49
24
42
56
138
215
352
459
526
566
578
618
716
805
907
922
902
889
905
952
991
981
952
882
803
746
725
732
699
617
475
353
272
245
227
154
22
-112
-220
-253
-292
-340
-393
-477
-532
-599
-629
-593
-579
-562
-612
-662
-647
-609
-558
-506
-491
-448
-428
-406
-358
-315
-230
-172
-142
-117
-93
-53
-12
7
32
57
79
71
47
24
18
39
39
38
-5
-65
-106
-140
-147
-145
-177
-200
-259
-294
-295
-297
-277
-290
-326
-336
-361
-334
-304
-289
-247
-254
-236
-190
-161
-92
-56
-15
27
29
60
98
169
257
303
333
383
414
470
499
552
604
637
647
643
660
691
714
713
681
650
607
581
572
553
543
487
414
341
268
240
204
138
69
-32
-96
-137
-174
-191
-247
-307
-373
-436
-465
-475
-466
-453
-485
-510
-542
-531
-489
-466
-433
-423
-418
-415
-412
-365
-306
-266
-241
-244
-233
-211
-195
-171
-146
-130
-117
-130
-134
-136
-123
-109
-101
-117
-142
-170
-188
-187
-188
-183
-194
-203
-215
-224
-234
-234
-223
-219
-203
-208
-208
-188
-166
-127
-110
-91
-69
-44
-13
23
64
110
133
154
179
221
279
319
350
364
383
415
446
479
492
498
499
487
492
501
505
512
487
457
428
406
400
377
344
302
247
199
145
110
76
43
6
-53
-97
-150
-185
-215
-250
-273
-305
-336
-353
-381
-381
-377
-373
-354
-358
-360
-348
-334
-293
-254
-225
-189
-183
-147
-107
-61
-5
24
45
64
76
102
133
155
179
170
165
155
154
162
162
154
138
121
101
91
78
61
41
8
-14
-28
-48
-55
-63
-63
-63
-84
-94
-103
-99
-96
-96
-98
-93
-78
-64
-48
-34
-21
-10
-2
7
32
59
85
99
103
115
134
159
179
191
201
206
208
210
215
222
230
216
200
183
170
167
153
137
114
90
66
39
18
-10
-33
-65
-92
-122
-149
-173
-199
-215
-228
-243
-253
-269
-274
-277
-271
-256
-244
-236
-231
-223
-200
-171
-143
-103
-80
-58
-32
-3
35
76
108
134
146
155
166
184
208
223
229
225
220
215
211
206
200
185
165
145
123
103
90
73
56
39
15
-3
-21
-33
-37
-51
-67
-90
-107
-115
-110
-104
-101
-104
-107
-102
-95
-80
-66
-51
-47
-39
-28
-10
5
25
32
45
60
78
95
104
111
115
118
117
116
116
116
106
100
79
71
64
49
32
4
-25
-45
-67
-88
-108
-140
-162
-187
-208
-222
-237
-249
-262
-268
-268
-272
-270
-272
-269
-257
-243
-223
-201
-182
-162
-140
-116
-86
-58
-26
3
31
51
68
88
118
145
168
177
178
182
186
196
201
200
190
172
152
140
127
119
108
86
66
38
18
3
-12
-22
-39
-62
-85
-108
-116
-116
-125
-133
-151
-159
-161
-161
-152
-145
-141
-141
-144
-140
-128
-115
-101
-94
-85
-73
-55
-38
-19
-2
10
21
28
38
51
62
76
85
92
100
104
109
115
114
113
107
102
98
91
85
71
64
54
41
33
22
8
1
-10
-20
-31
-44
-51
-58
-58
-59
-60
-54
-54
-47
-41
-38
-24
-12
5
18
33
51
67
85
100
117
131
145
160
179
197
209
212
217
216
218
221
218
215
202
186
169
153
142
125
107
84
57
30
6
-14
-30
-50
-77
-97
-120
-132
-139
-148
-150
-159
-169
-177
-180
-178
-172
-170
-167
-170
-164
-151
-131
-109
-92
-78
-65
-51
-34
-14
5
21
31
42
49
65
82
102
116
119
118
116
116
118
121
110
102
89
82
73
65
52
42
26
10
-5
-20
-29
-42
-56
-74
-87
-96
-102
-104
-106
-105
-107
-110
-106
-103
-94
-84
-78
-68
-55
-39
-24
-8
8
24
46
68
91
106
123
140
154
167
177
185
190
196
201
200
200
194
183
172
159
151
141
130
114
91
67
45
23
5
-18
-41
-64
-84
-102
-115
-128
-139
-152
-167
-179
-188
-191
-188
-184
-184
-186
-187
-177
-165
-153
-139
-130
-118
-111
-97
-78
-60
-47
-34
-26
-17
-7
11
26
36
43
46
46
47
50
52
51
49
46
42
40
38
33
27
18
10
-1
-11
-14
-19
-23
-31
-40
-47
-54
-53
-56
-57
-62
-68
-72
-74
-70
-64
-59
-55
-51
-50
-42
-31
-22
-10
-1
8
17
26
34
43
50
58
66
70
76
81
83
84
82
76
71
63
56
51
45
37
27
13
-2
-16
-28
-38
-51
-63
-76
-87
-100
-110
-115
-124
-132
-140
-146
-150
-149
-148
-144
-142
-140
-139
-136
-125
-112
-98
-89
-77
-69
-57
-44
-32
-18
-5
5
10
20
34
48
61
67
70
73
79
85
90
96
98
95
89
81
78
76
75
72
63
51
41
33
28
24
15
3
-6
-14
-18
-21
-23
-25
-29
-33
-35
-35
-32
-27
-23
-20
-14
-10
-3
6
15
22
33
42
52
64
73
83
90
94
101
111
116
124
128
130
132
131
127
126
123
119
111
106
100
94
88
79
72
60
52
40
31
21
9
1
-7
-14
-21
-30
-32
-38
-42
-42
-44
-49
-52
-54
-54
-54
-53
-52
-52
-51
-48
-42
-36
-28
-22
-22
-22
-19
-19
-13
-8
-5
-2
-2
-2
-2
1
4
5
4
0
-6
-8
-9
-9
-9
-10
-12
-14
-17
-19
-19
-20
-21
-25
-29
-30
-29
-29
-27
-27
-22
-16
-10
-5
-3
1
4
8
10
15
19
27
32
38
45
50
55
63
67
70
71
70
74
74
75
74
70
66
63
59
58
53
48
41
32
26
17
10
0
-8
-13
-23
-29
-34
-40
-44
-49
-55
-63
-70
-74
-78
-79
-82
-82
-84
-85
-86
-84
-79
-76
-71
-67
-62
-59
-55
-49
-41
-32
-26
-20
-14
-6
-1
5
9
12
15
17
19
23
26
31
33
34
34
32
32
31
28
25
25
21
18
11
7
3
0
-2
-8
-16
-22
-28
-30
-32
-32
-35
-39
-42
-45
-49
-50
-52
-55
-55
-56
-55
-53
-53
-49
-48
-45
-41
-37
-34
-30
-28
-25
-23
-18
-17
-11
-8
-6
-4
-1
0
3
4
2
0
-2
-3
-4
-3
-3
-4
-5
-6
-6
-7
-7
-9
-12
-13
-15
-18
-19
-20
-17
-16
-16
-15
-15
-13
-9
-7
-6
-2
-3
-1
1
3
6
13
18
22
23
26
31
37
42
45
50
52
53
55
56
57
61
61
63
62
62
61
61
59
57
55
53
50
46
42
38
33
31
28
23
20
15
11
7
4
0
-6
-11
-16
-18
-21
-21
-22
-25
-27
-25
-26
-28
-28
-28
-27
-28
-28
-28
-28
-29
-25
-23
-19
-19
-16
-15
-11
-8
-5
-3
-2
1
5
5
8
10
14
17
17
19
18
21
23
24
26
28
26
27
28
29
28
26
27
27
29
28
26
23
22
20
23
23
21
18
16
16
16
16
16
14
9
7
4
2
2
-2
-5
-6
-8
-9
-10
-10
-10
-10
-12
-15
-17
-18
-18
-18
-20
-22
-25
-26
-27
-26
-26
-25
-24
-24
-24
-23
-21
-20
-17
-16
-16
-15
-16
-15
-12
-11
-9
-7
-7
-6
-3
1
2
5
5
7
9
11
13
17
19
21
23
26
25
26
28
28
29
30
33
33
35
34
33
35
35
34
34
33
30
28
26
26
25
27
25
24
23
21
20
19
16
13
10
6
5
2
0
-1
-3
-5
-11
-14
-19
-20
-23
-25
-25
-27
-30
-33
-34
-36
-35
-36
-38
-40
-43
-44
-43
-46
-46
-47
-46
-45
-45
-45
-47
-43
-41
-39
-36
-32
-29
-24
-21
-18
-15
-13
-9
-8
-4
-1
4
8
11
13
17
20
24
27
27
30
32
32
33
35
37
39
39
39
39
40
39
37
37
32
32
31
30
28
26
23
21
17
14
13
11
8
6
2
-1
-2
-4
-7
-8
-12
-13
-13
-15
-17
-19
-21
-22
-22
-23
-22
-21
-20
-20
-21
-21
-23
-23
-22
-21
-20
-18
-18
-19
-20
-21
-20
-19
-20
-20
-20
-20
-20
-17
-16
-15
-14
-12
-10
-8
-8
-7
-8
-5
-3
1
4
5
7
8
10
14
15
19
22
23
26
27
27
28
29
31
34
36
37
37
37
36
35
36
35
34
35
31
32
28
26
25
23
22
19
18
15
12
11
7
2
-2
-6
-9
-12
-16
-18
-20
-23
-24
-25
-25
-28
-29
-30
-33
-33
-35
-36
-37
-36
-37
-36
-34
-33
-31
-27
-24
-22
-19
-17
-15
-14
-12
-10
-10
-7
-4
-2
-1
2
4
6
7
7
8
9
10
8
8
9
8
9
9
10
9
8
8
5
6
6
5
3
3
3
4
3
3
1
1
-1
1
2
2
3
3
2
2
2
6
7
10
11
13
13
13
16
17
18
19
21
22
24
24
23
24
26
25
23
22
20
21
21
20
19
17
15
12
11
9
5
3
0
-3
-6
-5
-7
-7
-10
-12
-15
-18
-19
-22
-21
-22
-24
-23
-24
-24
-23
-23
-22
-22
-22
-23
-22
-22
-21
-20
-19
-17
-15
-14
-10
-10
-9
-7
-5
-3
-2
1
2
3
4
4
4
6
8
8
10
8
6
7
8
7
6
5
5
5
5
5
4
3
0
-2
-2
-2
0
1
1
1
1
3
2
3
3
4
4
5
4
4
6
7
7
7
6
7
7
6
6
4
2
1
1
3
3
2
4
2
1
-2
-4
-6
-9
-10
-12
-11
-12
-12
-12
-13
-13
-16
-18
-19
-21
-19
-24
-24
-23
-24
-23
-22
-22
-22
-21
-21
-20
-19
-18
-17
-15
-14
-11
-10
-8
-7
-6
-5
-2
-1
1
3
5
7
9
9
9
10
12
12
13
13
14
14
14
13
13
14
13
13
13
10
10
9
10
11
12
11
11
11
10
7
7
6
4
3
2
2
2
2
2
2
2
2
4
5
5
4
4
3
3
3
3
3
6
5
7
7
6
9
8
9
8
7
7
6
6
6
6
6
6
6
5
4
2
1
2
1
1
0
-1
1
0
-1
0
-2
-3
-2
-1
-2
0
-1
-1
0
-2
-2
-1
-1
-1
1
0
1
1
3
4
5
4
3
1
1
-1
0
-1
-1
-3
-1
-1
-2
-3
-3
-4
-5
-3
-3
-2
-3
-4
-6
-6
-6
-7
-6
-6
-7
-6
-6
-4
-5
-4
-2
-3
-2
-1
-2
-1
0
0
0
0
1
0
-1
0
-2
-2
0
1
2
5
7
8
9
9
9
10
8
10
9
8
8
7
7
4
5
4
5
5
5
6
3
4
5
4
5
4
3
4
4
4
3
5
6
4
5
3
1
1
0
2
2
2
3
3
4
4
4
2
1
0
-1
0
-2
-2
-2
-3
-1
-2
-2
-1
-3
-3
-5
-7
-7
-6
-7
-5
-4
-4
-5
-5
-6
-8
-9
-11
-11
-11
-11
-13
-12
-11
-11
-11
-9
-8
-7
-8
-7
-6
-7
-7
-5
-6
-6
-5
-4
-3
-1
-1
0
1
2
2
2
2
2
2
1
2
1
3
2
2
4
3
4
5
5
5
4
4
1
2
0
-1
-1
-1
-1
-2
-3
-2
-3
-3
-3
-4
-3
-5
-6
-6
-7
-5
-4
-3
-2
-1
-1
-3
-2
-1
-1
0
0
0
-1
-2
-2
-3
-3
-3
-2
-2
0
2
3
2
3
2
2
2
1
3
5
5
5
6
6
4
5
5
4
5
3
2
4
6
6
6
7
7
7
5
5
3
3
4
3
4
5
7
8
9
10
10
8
9
7
8
6
6
5
4
4
6
6
6
5
5
5
4
2
0
-1
-2
-4
-4
-5
-5
-4
-4
-4
-4
-2
-2
-1
-2
-2
-4
-2
-3
-5
-3
-2
-2
-1
-1
-1
-1
-1
0
-1
-2
-2
-4
-4
-3
-3
-3
-3
-3
-4
-5
-5
-3
-2
-1
0
0
1
1
2
2
2
0
0
0
0
-1
-1
-1
0
0
1
0
2
0
-1
-2
-3
-4
-4
-3
-2
-1
-1
0
1
2
1
2
2
3
2
1
2
2
3
3
4
4
5
4
4
3
2
2
2
3
3
2
2
2
2
1
1
0
1
0
0
0
-1
-2
-1
-2
-1
-2
0
2
2
1
-1
-2
-2
-2
-2
-3
-3
-2
-3
-2
0
0
0
1
1
0
1
0
-2
-2
-3
-3
0
1
1
2
2
2
1
0
-1
-2
-2
-4
-6
-5
-5
-5
-4
-4
-4
-4
-4
-5
-4
-5
-7
-7
-7
-8
-6
-5
-4
-3
-4
-5
-5
-6
-7
-6
-6
-4
-5
-4
-4
-4
-3
-2
-1
1
0
1
2
0
1
0
-1
-1
1
1
2
4
3
5
4
5
6
4
4
3
2
2
3
4
3
2
3
1
0
0
0
0
-1
-3
-2
-3
-3
-1
-1
-1
0
0
-1
-1
-2
-3
-3
-4
-3
-4
-4
-4
-5
-4
-3
-2
-1
-3
-2
-2
-2
-1
0
-1
-1
1
2
2
2
1
0
1
0
0
0
1
0
0
-1
-1
-2
0
0
0
2
1
2
3
3
4
5
4
3
1
1
1
2
3
4
4
4
4
4
5
5
6
4
5
4
2
4
5
4
6
5
5
4
5
5
3
3
3
3
2
2
3
1
2
3
2
3
3
4
4
3
1
1
-2
-2
-1
-2
-1
-2
-2
0
-2
0
-2
-2
-3
-4
-5
-6
-5
-5
-5
-5
-3
-3
-3
1
1
0
1
-1
-2
-2
0
0
0
1
3
3
2
3
4
3
3
3
3
2
1
0
-1
0
1
1
4
3
4
3
3
2
1
-1
-1
-1
0
0
0
1
1
0
0
0
0
-1
-1
-1
-2
-2
-3
-3
-2
-2
-2
-2
-3
-3
-3
-4
-3
-2
-3
-4
-4
-4
-2
-2
-1
-1
-1
-1
0
0
2
1
2
2
2
0
-1
-2
-2
-1
-2
-1
0
0
0
1
0
-1
-1
-2
-5
-5
-4
-5
-3
-3
-1
-1
-1
-2
-2
-2
-2
-2
-4
-4
-3
-3
-1
1
1
1
2
0
0
0
0
0
0
0
0
-1
2
2
2
3
2
2
4
3
2
1
0
0
0
0
0
0
0
-2
-3
-1
0
1
1
2
1
0
0
1
2
4
4
2
2
2
2
2
1
0
0
0
-2
-2
-2
-2
-2
-3
-2
-2
0
0
-1
-1
-1
-1
-1
-1
-1
-1
-2
-1
-2
-2
-2
-1
-2
-1
1
0
-1
0
0
-1
1
2
1
1
1
1
1
0
-3
-1
-2
-3
-2
-4
-2
-2
-1
-1
-2
-3
-1
-3
-2
-1
-2
-1
-1
0
1
-1
-1
0
1
3
1
0
0
0
0
2
2
2
2
3
3
2
2
2
4
3
2
1
0
-1
0
-1
-2
0
0
-1
0
1
0
0
-1
-1
-3
-5
-3
-3
-1
-2
-3
-1
-1
1
1
0
1
-1
1
2
1
3
4
4
4
3
1
1
0
-1
-1
0
1
2
2
1
2
2
2
2
3
4
5
4
4
3
4
4
5
5
4
5
4
4
3
4
3
4
4
3
3
3
2
2
1
1
0
0
1
-1
-1
0
1
1
1
1
0
0
-1
-3
-2
-2
-2
-1
0
1
1
2
3
2
1
1
0
1
-1
1
1
1
2
2
2
1
-1
-2
-2
-3
-2
-2
-3
-4
-5
-6
-6
-5
-5
-3
-2
-2
-3
-2
-3
-2
-2
-2
-1
-2
-2
-1
-2
-1
-1
1
2
3
4
4
2
3
2
2
1
0
1
1
1
1
0
0
2
2
2
3
3
3
3
5
4
3
4
3
4
1
-1
-2
-3
-3
-4
-3
-3
-1
-1
-1
-1
0
0
-1
-3
-5
-5
-6
-6
-5
-5
-4
-5
-5
-6
-7
-7
-7
-7
-8
-8
-9
-9
-8
-7
-7
-8
-9
-8
-10
-8
-7
-7
-6
-7
-7
-5
-4
-3
-3
-2
-2
-1
-2
-1
0
0
0
-1
-1
-3
-3
-3
-5
-4
-4
-4
-1
-1
-1
0
-1
0
1
1
1
3
4
4
6
6
8
9
9
8
8
7
8
8
7
8
9
9
9
8
7
6
6
6
4
1
1
1
1
0
2
2
3
4
5
5
5
5
4
4
5
2
4
3
2
2
2
3
3
4
3
5
4
2
2
1
2
2
2
3
2
3
3
2
2
2
2
3
2
4
4
3
4
3
3
2
1
3
2
2
2
2
1
1
0
0
1
1
1
2
4
3
3
3
2
2
2
2
1
1
1
1
0
-1
-2
-1
-2
-2
-4
-4
-3
-3
0
0
0
0
0
1
1
1
2
2
3
1
2
3
3
2
2
2
1
1
0
-2
-1
-2
-2
0
0
0
-1
-2
-2
-2
-1
0
-1
-1
-2
-3
-4
-5
-3
-4
-3
-2
-2
-3
-2
-2
-2
-2
-2
-3
-3
-3
-1
0
0
0
1
0
0
0
-1
-1
-1
-1
0
0
1
2
0
0
0
1
0
0
0
-3
-2
-2
-2
-2
-3
-3
-3
-3
-3
-2
-2
-2
-2
-4
-5
-6
-6
-6
-4
-4
-5
-3
-2
-1
-1
-3
-3
-5
-5
-6
-5
-4
-4
-3
-3
-2
-2
-2
-1
-2
-3
-4
-3
-1
-1
0
1
-1
-1
0
1
0
1
1
2
2
1
1
1
1
1
-1
-1
-2
-2
-3
-4
-5
-4
-3
-2
-1
0
0
2
3
0
0
1
0
0
2
1
2
2
1
-1
-1
-2
-2
-1
-1
-1
-1
0
1
1
2
1
2
1
2
2
2
2
2
4
3
1
2
1
-1
0
-2
-2
0
1
2
4
5
5
7
6
5
3
2
0
-1
-1
-1
1
3
5
4
5
4
4
2
1
0
1
0
0
3
4
6
5
3
3
2
1
0
-1
-2
-2
-1
1
1
1
2
2
2
-1
-1
-2
-2
-2
-3
-2
-2
-1
-1
-1
-1
-4
-7
-7
-8
-9
-6
-5
-4
-3
-2
-2
-2
-3
-5
-4
-4
-3
-3
-1
0
-1
-2
-2
-2
-3
-3
-3
-1
0
2
2
3
4
5
4
1
1
-1
0
0
1
2
2
3
5
4
4
2
0
2
0
1
1
1
3
2
3
3
4
6
6
7
6
6
5
5
5
4
3
4
5
5
5
5
4
4
5
3
3
2
2
2
3
3
5
4
3
2
2
2
-1
-1
-1
-3
-2
0
1
1
3
3
3
4
4
4
2
0
0
0
1
0
1
1
0
2
1
0
-2
-1
-1
-1
-2
-2
-3
-4
-3
-3
-4
-3
-2
-1
-1
-2
-1
-2
-1
-2
-2
-2
-3
-2
-2
0
1
1
3
2
2
1
1
2
1
0
0
0
-1
-3
-3
-1
-1
-1
-2
-3
-3
-2
-5
-4
-4
-3
-2
-2
-2
-4
-3
-3
-2
0
-1
-1
-2
-3
-6
-6
-6
-5
-5
-4
-4
-3
-2
-1
0
-1
0
-1
-1
-3
-5
-7
-8
-8
-7
-7
-7
-5
-5
-4
-4
-4
-5
-3
-2
-2
-1
-2
0
2
3
3
2
1
2
0
1
0
1
-1
0
0
-1
1
1
0
-1
0
-3
-3
-3
-2
-2
-3
-3
-4
-3
-3
-1
-1
1
0
1
0
1
2
1
3
4
3
4
4
3
3
2
0
2
1
1
1
2
3
3
4
4
5
4
4
5
3
3
2
2
2
3
3
1
2
2
2
2
4
4
5
7
7
7
8
7
8
7
5
4
4
5
4
5
5
4
4
3
4
3
2
2
2
1
0
0
0
-1
-2
0
-2
-2
-2
-3
-1
-2
-2
-4
-3
-3
-3
-1
-1
0
1
0
1
0
0
2
1
-1
0
-3
-3
-3
-3
-3
-3
-4
-2
-3
-4
-3
-4
-4
-5
-3
-1
-2
-2
-1
-2
-3
-2
-2
-4
-3
-3
-1
0
-1
0
1
1
-1
-1
-4
-3
-3
-3
-5
-4
-1
-1
-1
-1
-1
-3
-3
-4
-5
-4
-4
-3
-2
1
1
2
2
1
0
-1
0
-1
-1
0
2
3
4
4
3
4
3
1
0
0
-1
-2
-2
0
1
1
0
1
2
3
2
2
0
3
1
1
1
0
0
0
-1
-1
-2
-3
-2
2
1
3
3
4
4
3
4
3
4
4
5
6
5
4
3
3
3
2
3
2
0
-3
-2
-2
-1
-1
0
0
1
1
1
0
0
-1
-2
-2
-1
-1
-1
0
1
2
1
0
1
-1
0
0
0
1
1
3
4
2
2
1
-1
-1
-2
-4
-3
-2
-1
-2
-2
0
-1
-1
-1
-2
-2
-3
-5
-7
-5
-3
-3
-2
-2
-1
0
-1
-1
-1
-2
-3
-5
-4
-4
-5
-5
-6
-5
-5
-7
-7
-5
-5
-4
-6
-6
-6
-6
-5
-5
-5
-6
-6
-5
-4
-2
-2
-3
-3
-2
-3
-2
-3
-2
0
1
1
1
1
1
1
0
1
-1
-1
-1
0
-1
-1
0
0
0
0
0
-1
-1
-2
-1
1
0
0
0
1
1
2
1
2
3
3
2
2
1
1
2
0
1
2
1
3
3
4
5
5
4
4
4
4
4
5
4
4
3
5
5
3
2
0
0
-3
-3
-2
-2
0
2
1
2
3
2
0
-1
0
0
-1
0
-1
0
1
2
2
1
3
2
1
1
0
-1
0
0
1
2
2
3
2
1
1
2
3
3
3
4
4
4
4
5
5
6
7
8
8
8
7
8
10
12
9
10
9
7
7
4
6
4
4
3
2
1
1
0
1
1
2
0
0
0
0
0
0
0
-1
-2
-2
0
-1
-3
-4
-3
-3
-3
-4
-2
-1
0
0
1
1
2
3
2
1
-1
0
-1
-1
0
-1
-1
-1
-2
-2
-2
-2
-1
-1
-1
-1
0
1
0
1
0
0
0
-1
-1
-1
0
0
-1
-2
-2
-3
-3
-4
-4
-4
-3
-4
-3
-4
-3
-3
-3
-4
-4
-5
-6
-7
-5
-5
-3
-3
-4
-3
-4
-5
-6
-5
-6
-5
-5
-6
-7
-7
-7
-8
-9
-9
-10
-9
-8
-7
-7
-5
-4
-5
-6
-7
-6
-7
-6
-5
-5
-6
-5
