-261
-254
-285
-292
-110
23
77
208
230
178
146
213
230
183
237
183
74
28
24
-99
-216
-206
-269
-231
-130
147
196
278
483
426
559
714
914
848
853
855
557
458
394
193
-28
-103
-289
-454
-522
-575
-706
-850
-811
-897
-856
-745
-737
-708
-753
-780
-816
-874
-859
-866
-885
-880
-856
-827
-848
-832
-822
-823
-756
-645
-569
-505
-414
-422
-397
-345
-288
-191
-125
-15
21
79
171
240
330
469
664
842
1059
1253
1349
1391
1439
1442
1382
1378
1300
1138
978
807
594
346
211
40
-134
-161
-193
-240
-267
-256
-300
-321
-192
-101
-18
96
126
91
32
11
-32
-96
-93
-125
-207
-249
-274
-307
-332
-282
-227
-175
-55
143
284
433
657
764
901
976
1076
999
919
893
649
545
364
226
50
-126
-237
-430
-523
-583
-615
-643
-625
-638
-618
-625
-604
-553
-617
-602
-645
-698
-738
-727
-767
-842
-830
-870
-845
-797
-671
-703
-692
-653
-779
-701
-668
-611
-596
-571
-509
-499
-338
-241
-143
-60
40
148
371
644
820
1127
1189
1264
1330
1320
1360
1244
1248
1037
855
803
605
451
281
127
-80
-184
-180
-193
-218
-162
-130
-185
-74
9
68
136
186
233
165
209
183
77
28
-68
-145
-223
-206
-245
-222
-200
-206
-136
-69
68
192
479
623
823
1015
1077
1164
1162
1206
1063
1008
876
647
464
262
76
-164
-320
-514
-668
-764
-790
-789
-800
-771
-764
-765
-745
-684
-661
-709
-741
-820
-947
-1006
-1035
-1106
-1182
-1148
-1186
-1188
-1098
-1035
-1000
-972
-872
-840
-739
-602
-503
-460
-425
-342
-278
-189
-88
67
122
210
436
635
812
1034
1274
1302
1394
1562
1577
1556
1565
1491
1259
1155
1093
899
723
605
422
196
132
100
-2
-66
-67
-125
-150
-71
-12
5
7
46
17
10
49
5
-69
-168
-245
-313
-334
-342
-382
-360
-399
-383
-278
-187
-73
73
308
409
643
891
983
1102
1121
1103
942
921
816
579
430
225
11
-179
-258
-399
-512
-584
-646
-690
-686
-642
-648
-639
-654
-661
-689
-734
-786
-867
-968
-1024
-1052
-1073
-1056
-1026
-1026
-1018
-932
-897
-835
-747
-691
-663
-601
-538
-514
-481
-401
-355
-324
-188
-103
18
149
324
502
654
921
1129
1290
1394
1477
1495
1452
1455
1384
1242
1088
966
776
592
493
335
162
35
-35
-146
-200
-187
-209
-204
-163
-79
-40
17
63
75
80
88
101
76
56
-6
-51
-113
-170
-196
-211
-224
-254
-202
-171
-111
-16
197
356
516
747
866
980
1012
1067
949
872
837
668
520
349
193
-45
-204
-343
-494
-595
-656
-675
-694
-666
-659
-648
-674
-696
-703
-756
-814
-880
-960
-1071
-1112
-1146
-1149
-1143
-1107
-1058
-1043
-926
-915
-834
-778
-775
-692
-681
-593
-597
-494
-433
-425
-296
-228
-93
3
249
414
583
879
1055
1236
1318
1463
1472
1469
1537
1454
1376
1233
1145
958
802
709
542
413
256
181
39
-55
-87
-156
-159
-172
-95
-64
-46
3
-4
1
-10
31
25
-3
-13
-61
-136
-198
-207
-271
-275
-267
-244
-227
-196
-72
-21
195
344
525
690
776
918
898
948
870
806
718
559
431
246
93
-96
-217
-372
-463
-539
-592
-611
-648
-621
-660
-635
-640
-658
-668
-726
-777
-864
-941
-1000
-1036
-1053
-1032
-1018
-993
-961
-916
-854
-814
-747
-713
-667
-618
-561
-517
-472
-398
-362
-282
-178
-67
58
220
412
550
754
975
1110
1244
1340
1386
1384
1396
1394
1291
1222
1142
1004
873
776
646
493
373
254
133
32
-28
-113
-167
-181
-216
-186
-180
-158
-135
-115
-79
-78
-22
-7
-21
-22
-31
-66
-83
-66
-101
-117
-130
-127
-152
-107
-28
31
199
325
472
564
670
738
736
763
712
685
612
542
423
286
156
-2
-115
-224
-291
-363
-401
-461
-502
-532
-570
-577
-607
-619
-675
-728
-806
-898
-977
-1039
-1066
-1077
-1029
-996
-931
-873
-800
-736
-706
-632
-612
-555
-484
-418
-359
-322
-272
-263
-218
-149
-58
42
192
349
464
652
801
951
1053
1134
1218
1231
1289
1287
1242
1181
1090
995
867
767
636
484
324
187
47
-96
-182
-287
-353
-408
-422
-407
-414
-365
-338
-290
-224
-156
-81
-39
13
41
61
68
95
92
71
85
61
64
62
78
135
182
291
390
475
588
625
654
656
632
631
582
537
463
355
273
158
48
-34
-154
-232
-312
-382
-411
-482
-519
-580
-652
-689
-757
-799
-849
-912
-957
-997
-1002
-973
-940
-877
-809
-759
-673
-612
-541
-492
-457
-409
-407
-364
-338
-328
-309
-310
-302
-279
-224
-156
-56
63
197
327
467
618
725
837
919
984
1047
1091
1128
1102
1069
1023
939
866
794
701
586
480
377
249
139
52
-53
-145
-204
-243
-286
-288
-279
-276
-252
-206
-155
-120
-42
-4
24
63
91
124
117
164
152
146
165
163
198
227
337
375
439
506
528
559
548
568
513
487
449
391
329
259
183
75
2
-94
-162
-256
-319
-382
-466
-510
-597
-654
-735
-817
-880
-967
-1013
-1073
-1117
-1123
-1125
-1087
-1035
-980
-912
-846
-759
-670
-589
-503
-448
-386
-334
-284
-237
-203
-167
-152
-128
-102
-64
-26
26
89
145
237
319
417
506
598
677
734
808
853
896
913
917
901
862
832
772
713
637
555
462
358
267
157
63
-35
-114
-171
-219
-235
-251
-251
-239
-212
-171
-132
-80
-36
4
48
91
123
146
171
187
211
234
279
319
345
384
391
411
420
427
418
389
373
331
285
239
179
115
57
5
-47
-91
-125
-167
-216
-268
-318
-376
-430
-483
-549
-606
-671
-727
-783
-833
-857
-867
-860
-824
-768
-707
-634
-560
-482
-403
-330
-259
-218
-172
-135
-131
-115
-123
-130
-146
-167
-174
-189
-181
-185
-176
-151
-112
-71
-30
32
92
160
228
309
386
452
526
575
612
636
657
669
671
669
648
617
579
537
482
421
364
301
246
197
156
117
79
55
21
5
4
-2
11
11
18
22
31
41
44
55
59
77
88
104
115
121
133
141
154
165
178
184
181
183
175
161
149
130
114
91
73
44
5
-32
-80
-125
-173
-211
-263
-317
-364
-418
-467
-533
-576
-632
-662
-668
-680
-678
-670
-620
-591
-552
-505
-451
-378
-326
-261
-232
-194
-163
-142
-120
-117
-88
-75
-45
-46
-45
-19
-8
14
19
49
85
113
143
161
185
207
233
257
275
290
303
312
313
317
315
316
317
313
311
296
281
266
247
238
223
215
218
219
228
233
240
247
253
257
261
263
265
261
247
231
208
185
158
129
104
71
41
10
-18
-45
-70
-87
-100
-101
-104
-98
-104
-115
-117
-134
-131
-127
-132
-146
-146
-131
-155
-186
-204
-216
-236
-258
-266
-272
-274
-289
-303
-302
-297
-275
-272
-249
-206
-179
-156
-135
-111
-86
-55
-33
-10
-2
19
1
-15
-22
-61
-72
-86
-82
-106
-120
-116
-140
-146
-144
-130
-120
-90
-51
-35
-12
11
34
50
72
97
121
151
166
172
170
177
177
180
198
213
230
236
240
236
235
234
234
244
253
258
255
261
248
233
224
211
206
194
188
173
156
136
103
81
64
41
14
2
-14
-43
-72
-98
-107
-116
-119
-123
-130
-116
-116
-126
-130
-125
-110
-104
-87
-75
-66
-61
-59
-67
-72
-68
-69
-71
-73
-71
-77
-86
-90
-95
-93
-88
-77
-62
-47
-36
-29
-18
-3
15
27
42
53
61
60
49
44
30
15
1
-9
-17
-33
-47
-61
-74
-90
-92
-95
-90
-82
-77
-70
-62
-45
-33
-17
0
20
37
50
68
78
92
99
110
123
132
142
141
138
138
134
126
122
123
119
117
112
108
104
99
92
83
81
78
74
66
56
42
28
16
0
-13
-26
-40
-57
-75
-90
-104
-113
-120
-119
-118
-113
-106
-103
-96
-91
-80
-67
-52
-36
-21
-5
5
12
16
25
30
35
43
46
50
47
43
32
28
21
17
18
15
16
9
2
-2
-8
-10
-10
-12
-12
-13
-21
-26
-40
-50
-60
-73
-79
-88
-95
-103
-114
-121
-132
-134
-138
-138
-133
-131
-127
-123
-115
-109
-99
-89
-73
-53
-35
-13
4
24
42
59
77
95
112
124
138
145
152
155
156
158
157
159
154
153
150
142
137
129
123
119
114
105
100
89
78
64
49
35
17
4
-10
-22
-35
-48
-61
-73
-83
-96
-101
-107
-110
-113
-115
-113
-112
-107
-99
-87
-74
-59
-43
-27
-9
11
30
48
67
83
93
102
107
108
109
104
100
91
82
72
59
47
36
24
13
2
-8
-15
-25
-35
-46
-60
-73
-89
-104
-118
-131
-145
-161
-175
-186
-199
-207
-212
-216
-216
-214
-207
-202
-193
-182
-169
-157
-139
-118
-99
-73
-49
-26
-4
20
40
62
83
101
116
127
138
143
145
144
143
137
134
129
120
114
105
95
86
79
73
66
62
57
51
46
37
31
24
17
12
7
1
-6
-16
-23
-31
-36
-39
-41
-41
-41
-39
-36
-33
-25
-13
-2
12
28
42
59
74
88
100
112
121
124
129
128
125
120
112
101
88
73
58
42
29
16
4
-8
-20
-33
-43
-52
-64
-75
-84
-95
-102
-113
-124
-133
-141
-148
-153
-158
-161
-164
-165
-166
-163
-159
-154
-145
-135
-124
-110
-95
-81
-60
-41
-20
-1
21
43
64
84
103
121
136
151
161
171
177
182
182
180
178
175
170
162
154
144
135
126
117
108
100
89
79
70
60
48
38
25
14
1
-10
-20
-34
-44
-55
-64
-70
-75
-78
-82
-83
-82
-81
-77
-71
-66
-58
-49
-39
-29
-17
-7
3
13
23
30
38
43
48
51
52
53
49
44
40
32
25
17
7
-3
-11
-22
-35
-46
-58
-70
-82
-94
-105
-119
-133
-143
-156
-166
-172
-177
-183
-184
-185
-184
-180
-172
-164
-152
-140
-126
-112
-95
-78
-61
-42
-23
-4
13
34
53
72
90
106
124
140
158
175
187
201
213
221
228
234
235
235
233
226
219
209
197
182
171
155
139
123
106
89
74
60
45
32
20
8
-4
-14
-23
-32
-40
-48
-55
-60
-66
-71
-74
-79
-81
-84
-83
-82
-79
-76
-70
-64
-56
-48
-40
-31
-21
-13
-6
2
8
12
17
18
16
16
12
9
3
-3
-11
-19
-28
-39
-49
-59
-70
-81
-91
-100
-110
-120
-126
-134
-140
-144
-144
-146
-145
-143
-141
-139
-135
-130
-125
-120
-115
-109
-102
-95
-88
-76
-64
-55
-41
-27
-8
9
27
45
64
82
99
116
129
143
154
162
167
170
171
169
167
160
153
145
136
125
115
106
96
86
78
70
59
51
44
35
26
18
10
2
-6
-14
-21
-30
-35
-42
-50
-56
-62
-67
-70
-74
-76
-76
-75
-74
-69
-64
-57
-51
-40
-31
-21
-12
0
8
18
27
33
39
39
41
41
39
36
31
26
18
12
4
-4
-11
-19
-26
-32
-40
-46
-51
-55
-61
-66
-69
-70
-73
-73
-73
-72
-70
-66
-62
-57
-50
-43
-37
-28
-17
-8
1
10
20
31
42
51
60
71
82
89
97
104
112
118
123
126
128
127
125
121
117
109
100
92
83
72
62
50
38
29
18
9
2
-6
-13
-19
-24
-29
-31
-35
-39
-38
-39
-38
-39
-38
-39
-39
-40
-41
-43
-44
-44
-47
-48
-48
-50
-50
-49
-48
-47
-45
-44
-39
-36
-33
-29
-24
-21
-17
-13
-10
-7
-6
-5
-4
-4
-6
-7
-11
-14
-15
-21
-26
-29
-35
-37
-39
-42
-43
-43
-45
-44
-44
-40
-39
-37
-34
-31
-28
-25
-20
-18
-15
-12
-9
-6
-3
0
2
3
8
10
13
16
21
23
29
30
34
37
41
44
43
45
44
44
46
44
43
38
38
33
29
27
22
19
14
12
7
3
1
-3
-6
-10
-11
-15
-15
-15
-20
-17
-21
-21
-22
-25
-22
-25
-26
-29
-29
-31
-34
-33
-36
-34
-36
-35
-37
-35
-33
-30
-28
-23
-20
-16
-9
-7
-1
0
8
8
12
15
16
22
23
26
24
25
27
23
25
23
26
24
23
24
20
23
18
23
19
21
21
20
21
20
21
18
21
20
21
19
21
20
18
21
19
18
18
19
16
18
18
17
16
14
15
11
12
11
6
6
3
4
-1
-2
-3
-7
-7
-10
-12
-15
-16
-20
-20
-21
-25
-23
-29
-24
-26
-27
-24
-22
-20
-20
-16
-16
-11
-9
-7
-4
-2
2
1
7
4
9
7
9
12
9
15
11
14
14
14
18
15
20
17
18
22
16
23
17
20
19
14
25
10
28
10
23
17
11
29
-5
43
-17
50
-26
28
31
-13
38
-38
67
-27
25
2
10
29
-16
20
-5
13
2
-3
2
-1
1
-6
-6
-3
-13
-4
-19
-4
-15
-9
-9
-13
-7
-17
0
-14
0
-10
-6
-4
-12
-2
-10
-5
-8
-1
-3
0
1
7
6
10
13
14
17
17
21
18
24
21
24
24
24
24
21
25
21
23
21
22
19
17
16
12
7
5
-1
-6
-8
-17
-21
-27
-31
-35
-40
-41
-45
-47
-48
-49
-48
-53
-50
-55
-52
-53
-52
-48
-50
-47
-47
-43
-44
-39
-38
-33
-29
-27
-21
-18
-9
-6
1
5
14
18
24
28
35
38
40
46
46
48
47
49
46
46
47
45
44
42
40
38
37
35
32
30
28
26
25
24
22
17
16
15
12
12
9
9
6
5
4
0
1
0
-3
-1
-3
-2
-3
-3
-2
-9
-5
-7
-7
-9
-10
-7
-12
-9
-13
-13
-14
-15
-16
-20
-21
-23
-28
-29
-31
-35
-36
-37
-39
-41
-43
-46
-45
-49
-46
-49
-46
-46
-45
-43
-43
-39
-40
-35
-31
-30
-26
-20
-18
-15
-9
-5
-2
4
13
15
19
25
29
33
39
45
46
54
56
59
63
65
68
67
65
66
65
63
61
56
52
50
43
39
32
25
20
15
13
6
2
-2
-9
-15
-19
-25
-27
-34
-35
-38
-42
-45
-46
-49
-48
-48
-51
-46
-46
-43
-43
-40
-35
-35
-29
-27
-20
-18
-15
-9
-8
-3
0
4
5
11
12
17
20
18
24
24
27
27
27
26
25
25
22
21
19
19
14
13
8
5
4
1
0
-5
-5
-8
-8
-10
-10
-12
-13
-14
-14
-16
-15
-13
-15
-15
-16
-14
-10
-12
-10
-9
-5
-3
-3
-1
1
5
3
11
10
14
16
16
19
19
24
21
25
22
23
23
23
21
19
19
17
15
12
9
8
4
3
-1
-5
-6
-10
-13
-14
-15
-18
-19
-21
-23
-24
-23
-26
-26
-27
-27
-27
-27
-24
-25
-23
-22
-19
-17
-14
-12
-9
-9
-5
-5
-1
3
2
6
5
6
7
7
10
8
10
11
12
11
10
11
11
11
11
11
9
10
6
5
3
3
2
0
-2
-2
-5
-3
-5
-8
-7
-7
-7
-7
-7
-8
-8
-8
-8
-8
-5
-6
-5
-5
-4
-2
-2
2
2
5
5
8
9
9
11
11
10
11
11
12
13
12
12
10
10
11
11
10
10
9
8
8
5
5
4
2
0
-2
-4
-4
-5
-7
-8
-10
-12
-12
-12
-15
-14
-14
-16
-15
-15
-14
-14
-16
-15
-15
-13
-14
-12
-12
-9
-8
-7
-7
-4
-4
-4
-2
-3
-1
-1
-1
-1
0
0
0
2
2
2
4
3
3
3
3
4
3
3
2
3
3
3
3
2
1
0
2
4
2
3
3
4
4
5
5
7
8
5
6
7
8
6
8
8
9
5
5
7
7
8
6
8
8
7
6
9
8
5
7
5
6
3
5
3
3
1
-2
1
-1
0
-3
0
0
-4
-4
-3
-1
-4
-4
-2
-2
-3
-5
-3
-2
-2
-2
-3
0
-2
-2
-1
-1
0
-1
1
1
2
-1
1
5
3
2
1
3
5
4
3
2
5
6
5
5
6
4
4
3
6
5
4
5
4
4
4
5
5
7
7
6
8
9
7
5
8
10
8
7
8
10
7
6
7
6
5
2
4
3
4
1
1
3
1
-1
-1
3
0
-2
0
3
0
-4
-2
1
0
-5
-3
-1
-1
-6
-6
-1
-5
-6
-7
-3
-5
-10
-9
-2
-5
-10
-9
-1
-1
-12
-10
-4
-1
-9
-10
-3
0
-6
-11
-4
-2
-6
-11
-4
-1
-5
-9
-3
2
-2
-7
-1
5
1
-3
-1
8
3
-2
-1
5
6
0
1
4
6
0
1
4
6
0
1
7
6
7
3
9
9
8
8
9
11
11
11
10
11
9
10
9
7
8
10
8
8
9
10
8
4
8
10
8
2
5
10
5
-2
-1
7
5
-5
-6
6
3
-9
-9
1
2
-12
-14
-1
0
-18
-21
-5
3
-19
-26
-7
3
-16
-27
-10
2
-11
-27
-9
1
-11
-27
-1
12
-16
-30
-2
57
-14
-69
-19
59
39
-72
-50
22
46
-18
-56
-4
32
10
-24
-22
18
13
5
15
15
-12
-12
33
24
-7
-32
19
23
-11
-19
-4
25
-4
-16
-12
4
8
-7
-10
-1
-1
1
-4
-4
0
-3
6
-1
-5
-3
1
2
-6
-6
4
0
-8
-1
3
8
-4
-4
5
6
12
0
-5
6
16
14
-13
-14
10
21
-3
-34
-12
11
6
-23
-26
0
4
-7
-24
-15
-3
-6
-4
-9
-6
-15
0
27
-3
-34
-19
36
31
-37
-38
20
39
-3
-33
1
29
17
-4
-5
14
14
4
11
18
14
0
6
28
18
8
-1
18
28
16
8
-2
21
24
16
-9
-12
30
24
1
-29
0
34
11
-12
-23
13
24
0
-12
-11
7
17
-3
-10
-20
14
23
-10
-13
-14
28
15
-16
-16
-3
22
-2
-17
0
3
5
-10
4
8
-15
7
12
13
-20
0
18
2
-5
-14
9
1
-1
-16
-15
16
6
-27
-18
13
5
-25
-15
-8
-7
-13
-7
-14
-19
1
-6
-27
-15
2
-2
-23
-28
19
-1
-7
-39
-1
38
-22
-35
-11
52
-16
-61
-6
33
4
-58
-30
20
20
-26
-45
0
28
-14
-37
-9
29
0
-19
-18
-3
5
5
10
-39
-11
12
22
-1
-47
9
13
15
-8
-38
14
0
16
-12
-28
10
2
-2
2
-1
23
-6
-21
31
5
46
-30
-11
38
34
17
-49
27
70
48
-51
-40
74
104
-11
-81
4
144
52
-85
-42
91
112
-79
-38
46
79
-11
-50
35
46
35
-65
4
55
39
-32
-73
51
40
5
-70
-41
90
22
-66
-108
55
134
-63
-157
5
170
40
-165
-101
132
148
-59
-179
-9
191
63
-144
-93
115
82
-75
-68
2
99
-10
-90
-39
95
68
-102
-67
120
76
-105
-53
62
90
8
-95
-89
108
154
-37
-226
3
274
59
-204
-188
184
242
-55
-248
-87
278
158
-171
-238
137
180
32
-218
-73
213
14
-31
-176
148
108
-86
-87
41
129
-34
-60
-46
111
16
-44
-47
97
-72
49
-17
-38
48
-141
167
-87
-45
-66
4
213
-218
-93
22
82
56
-241
48
-5
34
-24
-200
111
63
-50
-230
31
225
-82
-147
-43
35
4
61
4
-133
-145
207
130
-243
54
35
30
-32
-110
160
-21
18
1
-195
146
103
17
-125
-74
351
-225
-151
241
168
-106
-292
160
267
-91
-151
73
21
97
-163
120
62
-163
127
-97
196
-178
-31
166
-92
140
-126
-62
24
172
141
-324
-169
450
70
-277
-104
218
125
-277
163
-102
-30
298
-91
-419
38
615
-163
-417
76
219
-37
-109
273
-244
-178
310
-161
59
-103
225
-104
-410
316
73
65
-276
-117
17
201
99
-327
-141
48
474
-248
-363
-77
329
268
-520
-49
185
118
-352
47
275
-89
-130
-52
-148
129
259
34
-382
-280
376
35
189
-166
-306
-4
248
173
-40
-377
142
120
7
68
-269
238
-75
104
-163
15
15
225
-119
-361
159
358
322
-981
5
463
425
-200
-643
102
205
490
-251
-379
-3
285
143
-117
-127
90
-65
140
55
-248
84
133
102
-311
-69
197
258
-114
-311
-142
348
167
32
-235
-440
377
259
169
-396
-278
347
127
57
-224
-146
168
253
-72
-495
210
304
-133
-116
-300
498
47
-296
-266
31
692
-98
-396
-456
242
554
96
-353
-514
205
502
-166
-260
140
34
-166
-30
114
54
119
-237
-73
-67
254
230
-334
-132
-30
329
18
-188
-111
178
80
-275
114
174
154
-237
-439
325
484
69
-612
-244
527
266
-8
-531
20
330
350
-443
-216
273
234
46
-521
417
-70
125
-83
-59
269
-319
248
-28
-55
74
-40
54
-72
220
-63
-409
337
352
-194
-284
-9
285
-14
61
-25
-260
94
294
-110
-226
34
296
-20
-373
48
220
62
-1
-247
10
51
211
29
-388
142
145
69
-106
-291
240
161
-11
-284
-131
570
-276
-11
-423
462
549
-883
-10
-41
912
-306
-638
187
-11
719
-326
-456
-189
579
465
-506
-712
444
934
-553
-599
205
699
-73
-719
250
394
-128
79
-385
311
73
12
39
-411
468
71
-45
-247
-109
655
-92
-359
-103
391
189
-301
34
-189
409
-79
-25
-83
-60
295
-312
250
-34
-23
-80
-58
243
-157
151
-27
-306
201
207
-88
-202
-34
325
-11
-201
-197
64
493
-79
-473
-222
544
229
-520
-95
247
154
-479
191
224
-199
-93
-105
436
-219
-212
35
60
319
-275
-159
-185
466
134
-320
-264
87
451
-287
11
-225
111
255
-180
-113
-40
332
-89
-543
383
334
-153
-476
53
529
-243
-145
-65
315
-53
-229
-118
78
473
-146
-262
-299
267
300
-101
238
-588
1
508
-6
-133
-420
739
121
-792
47
585
313
-551
-400
558
173
-245
3
-45
70
14
25
164
-324
100
130
-78
274
-420
125
259
-293
102
-12
233
-209
-197
178
-87
208
-42
-210
-71
152
200
-309
-118
236
76
-70
-207
-82
62
474
-298
-229
-150
381
139
-507
383
-291
251
-120
-58
-179
100
661
-556
-501
328
556
-152
-646
203
354
-30
-399
-56
478
-345
174
-347
41
298
-34
-110
-534
590
114
-222
-198
15
300
-210
-11
83
-10
-80
-150
168
131
-153
-117
49
111
-85
-178
254
38
-192
-52
160
-13
-89
123
-1
-63
-42
102
-196
189
94
-199
54
-152
8
296
-100
-72
-44
-108
290
-33
38
-162
-139
474
-247
-194
168
184
-184
-231
187
84
-64
16
2
-324
234
182
-96
-110
-99
94
-156
231
132
-265
-212
238
0
-23
126
-175
-38
-66
342
-212
-259
321
194
-253
-377
246
420
-62
-424
-178
483
252
-195
-547
124
699
-219
-203
-337
465
153
-458
140
146
243
-400
-289
337
452
-273
-385
115
264
82
-398
167
158
22
-251
-95
445
-225
-88
143
-52
-18
-60
105
128
-319
116
24
-11
227
-279
-7
-51
261
23
-374
340
-16
-177
-12
-18
350
-121
-250
-30
84
253
-18
-275
-158
349
48
-167
-229
77
504
-359
-239
-51
377
234
-499
-20
-133
613
-202
-370
262
-109
301
-290
33
49
6
241
-212
-119
-65
357
224
-433
-237
264
409
-253
-238
74
265
49
-300
4
19
411
-161
-323
160
11
238
-279
213
-192
33
257
-380
132
-67
428
-326
-272
369
-197
51
173
64
-325
-285
301
477
-124
-636
-166
664
461
-742
-536
617
625
-482
-532
153
474
294
-612
-347
422
625
-451
-602
265
527
84
-377
-438
254
575
11
-465
-385
674
201
-229
-490
198
696
-201
-483
-271
624
291
-341
-240
-33
238
228
-92
-267
-154
473
230
-304
-382
82
581
202
-506
-545
489
590
-81
-772
149
425
69
-249
-109
357
-258
94
-152
85
220
-217
-52
4
15
-189
293
203
-377
-390
223
560
-296
-214
-66
140
131
-272
103
46
236
-443
-320
710
129
-331
-390
275
261
-146
-185
135
92
-106
-177
185
179
-263
147
-174
289
-347
118
264
-139
-160
-241
663
-210
-134
-113
228
14
-204
157
72
52
-346
45
240
138
-289
-141
137
162
20
-176
-75
224
77
-189
-133
202
149
-112
-142
-152
384
52
-155
-286
79
432
-131
-203
-255
312
345
-384
-214
217
360
-198
-424
329
244
29
-407
-293
404
313
-56
-536
-135
430
206
-264
-227
113
210
31
-372
-56
315
344
-326
-533
308
368
146
-366
-294
176
217
141
-366
-76
201
99
-14
-304
161
211
35
-172
-242
163
336
-88
-219
-85
114
300
-210
-62
-59
168
175
-327
-75
95
303
-111
-333
-7
233
167
-194
-156
36
167
-70
-61
87
30
-113
-29
202
63
-30
-149
86
44
31
193
-148
-137
-42
214
183
-146
-54
-174
16
122
41
113
-181
-128
-84
139
203
108
-154
-280
-10
264
238
-203
-166
-34
97
9
-6
3
-37
81
-254
-65
242
196
-173
-436
133
328
151
-362
-177
168
151
42
-358
112
118
-104
-122
25
155
-164
-23
-45
57
35
-78
4
-101
61
28
87
-41
-79
43
-34
77
28
72
-77
-161
15
159
136
-36
-285
-26
372
68
-221
-135
173
182
-177
-150
78
179
5
-260
-42
148
140
-71
-286
-28
276
180
-232
-226
73
243
102
-206
-67
91
93
-36
-75
122
70
28
-73
-100
186
101
-10
-68
-31
16
7
114
-34
-117
-78
168
92
-161
-185
-25
288
-14
-204
-160
30
187
-66
-96
-29
81
-28
-129
39
74
99
-9
-215
-57
157
166
-10
-205
-106
110
236
-57
-270
11
198
22
-151
-54
77
1
-79
-39
21
150
-80
-266
39
204
158
-217
-158
24
125
134
-143
-61
-56
83
7
-52
80
8
-75
-114
22
195
45
-129
-170
79
184
-61
-35
-24
14
7
-20
58
72
-17
-123
-47
120
126
-73
-138
11
71
56
-49
-123
26
89
32
-120
-5
128
-10
-103
-60
136
75
-98
-108
13
179
23
-143
-44
123
107
-84
-66
58
122
-28
-164
-16
176
122
-107
-147
25
148
101
-12
-93
25
87
71
10
1
117
21
-63
-73
73
222
56
-185
-172
120
240
0
-144
-24
56
26
40
30
32
-15
-57
40
61
101
1
-100
-43
38
134
60
-78
-83
19
102
92
-16
-105
-1
58
44
-19
-55
10
-31
-4
4
-13
10
-88
-71
10
46
30
-111
-153
-20
103
100
-21
-157
-69
54
99
36
-90
-35
-13
-18
5
36
35
-27
-72
-58
54
96
10
-100
-63
66
90
-14
-99
1
50
18
-16
-74
0
-15
-7
-29
7
37
-57
-34
-35
91
79
-32
-90
-59
96
92
15
-49
-11
36
26
8
48
37
-40
-39
14
21
4
-2
-16
-38
-18
9
23
5
-72
-30
18
37
-39
-109
-27
36
39
-32
-81
-49
17
15
-35
-37
9
11
-64
-58
52
93
6
-100
-71
68
117
-3
-72
-52
11
26
0
10
-26
-6
-7
-13
25
24
-15
-14
1
-21
27
37
-12
-16
-19
33
16
15
-14
-18
36
22
18
-4
12
7
31
53
16
-41
-33
47
14
-51
-20
25
35
-74
-62
44
76
4
-99
-47
62
65
-52
-72
4
23
-27
-59
-19
19
7
-57
-68
-7
31
-5
-63
-41
-18
14
1
-37
-59
-28
0
-27
-12
-10
-24
-46
-30
-7
12
-3
-34
-36
-10
19
14
-2
-21
-16
4
31
4
-7
-5
20
26
30
20
3
21
7
43
39
17
12
-7
22
23
24
27
9
-21
-4
44
62
1
-43
21
55
39
-18
-14
39
14
-14
-4
35
17
-14
-11
19
41
10
-13
-20
-9
15
15
-8
-43
-17
23
14
-22
-31
-4
25
11
-42
-22
18
16
-31
-25
11
-3
-14
-22
-15
11
16
-20
-20
8
20
6
-16
-12
17
38
21
-24
-12
20
48
22
-18
13
30
27
-1
24
31
19
19
-13
37
36
16
5
2
15
25
43
3
4
6
22
36
19
17
-8
1
39
22
3
-7
-2
13
-4
3
-4
26
7
-17
-6
15
29
-4
-28
3
42
6
-35
-36
15
32
-13
-33
-16
4
-10
-20
-12
-12
-14
-26
-30
-14
12
-6
-41
-46
-19
4
6
-10
-47
-23
14
-5
-28
-8
7
-22
-27
-8
-14
5
-13
-29
-11
12
9
-20
6
8
17
13
5
4
5
22
10
22
3
-7
6
23
33
0
-4
0
5
10
17
6
-2
3
-7
-4
-2
11
-5
-27
-13
16
12
-10
-7
1
4
-14
-3
11
19
-10
-20
11
21
10
-19
-22
12
13
-12
-23
-17
3
-4
-13
-16
-7
5
-4
-12
-13
8
2
-9
-16
-6
8
9
-6
-22
3
15
17
-1
-2
21
21
4
-11
11
21
5
0
0
9
20
14
-8
9
21
13
23
9
-5
12
14
3
-7
3
22
12
0
-1
-5
4
12
0
-12
2
11
-12
-7
5
4
18
8
-5
-1
18
31
6
-9
9
21
7
12
15
5
9
7
-2
2
6
16
17
-11
-9
4
14
2
-14
-8
9
-1
-20
-22
-7
7
-9
-30
-27
1
6
-5
-15
-23
-10
-4
-11
-23
-16
12
-8
-31
-34
2
22
-21
-27
-23
1
19
-11
-15
2
11
1
-15
-5
16
10
-8
-17
-3
11
8
-10
-15
-5
14
5
-25
-17
10
20
-11
-16
-2
8
5
-5
-4
-3
12
4
-8
-6
11
8
-9
-7
0
5
8
-3
-14
-4
2
-6
-13
-4
-10
-14
-12
-7
-15
-11
-13
-17
-4
-2
-20
-26
-1
1
-2
-19
-14
10
5
-4
-20
-9
24
4
-7
-12
0
9
-1
-2
-17
7
22
-6
-16
0
11
13
-4
-10
3
9
15
-6
-6
7
2
1
4
8
6
9
8
-1
3
11
7
8
0
10
16
4
3
-6
1
18
11
-4
0
16
17
11
7
10
9
7
10
6
11
4
-7
1
1
11
14
7
1
-9
13
9
0
5
-4
-2
2
7
7
8
1
-13
-5
12
7
0
-10
-8
0
-1
7
-3
-5
-6
-9
3
4
-1
-10
-8
6
13
4
-5
-3
1
1
-4
1
4
1
-6
-5
3
7
9
-4
-9
7
21
8
-5
-4
13
14
5
-3
0
18
10
-2
3
17
15
-1
-11
14
12
4
-1
-7
12
14
6
-2
2
12
1
2
6
10
3
-11
-3
0
3
-1
-7
-3
2
4
-1
-5
-7
1
-1
-10
5
-4
-2
1
-5
0
-1
4
-5
-3
-1
-1
2
-8
-3
-12
-3
5
-3
-6
-7
-5
-4
-1
-10
-12
-5
-9
-7
-4
1
-1
-11
-4
-3
2
6
-3
-7
-2
7
4
4
6
0
-1
10
7
-4
12
5
-2
-2
10
13
-4
8
3
5
11
2
4
2
6
9
-1
0
1
1
6
3
-1
-4
-2
4
2
3
0
0
3
3
-2
3
4
0
1
-4
2
0
4
1
-8
0
7
5
-1
1
5
9
8
0
5
10
10
7
6
10
8
10
4
8
16
8
8
6
11
19
15
6
1
8
19
17
4
9
7
9
16
6
12
11
9
8
6
13
12
8
6
3
9
13
12
5
-3
11
8
7
9
2
6
9
8
6
3
0
4
3
0
1
-5
-3
-3
-10
-8
-8
-2
-12
-14
-7
-5
-3
-16
-7
-7
-7
-8
-14
-10
-5
-10
-14
-13
-18
-12
-13
-14
-16
-12
-11
-17
-16
-11
-6
-10
-17
-12
-3
-6
-11
-15
-9
-7
-8
-6
-11
-9
-7
-9
-5
-3
-5
-6
-5
-1
-4
-3
-3
-6
-7
-3
0
1
-5
-6
-6
-7
-2
-7
-7
-5
-7
-5
-10
-8
-10
-10
-8
-10
-9
-10
-9
-10
-9
-8
-9
-9
-10
-8
-7
-7
-9
-10
-5
-8
-7
-5
-9
-5
-9
-7
-5
-4
-4
-11
-7
-6
-6
-6
-10
-6
-3
-3
-7
-7
-4
-4
-4
-8
-8
-4
2
-1
-3
0
1
2
-4
1
5
5
6
-3
2
6
2
2
2
3
5
7
6
5
4
7
5
8
10
6
6
4
4
4
6
3
1
8
6
4
4
4
4
0
3
3
4
3
0
6
7
3
4
7
7
6
3
5
2
1
-2
-1
3
2
0
-4
0
-2
-2
-1
2
1
-1
3
1
2
-1
0
2
-1
-2
-2
-2
-2
-3
-3
0
0
1
-1
-1
0
0
4
0
-1
0
5
5
2
1
6
6
2
1
4
6
6
2
3
2
5
6
2
5
6
9
4
3
8
5
8
3
-1
3
7
2
0
1
5
3
0
1
2
4
3
-1
-1
2
4
-2
-6
-1
-2
-2
-1
-2
-2
1
0
-1
-2
-2
0
-2
-2
-2
-2
-1
-3
-3
-1
-2
-1
-5
-2
-1
-2
-1
-3
-1
0
2
1
-1
-1
0
0
-3
1
1
1
-1
-2
2
3
1
-1
2
-2
1
1
1
2
3
2
-1
0
2
1
-1
2
2
1
1
-2
0
-1
1
0
1
1
-1
3
-1
2
0
-1
0
-2
-3
-3
-2
-3
-4
-5
-5
-2
-1
-3
-2
-4
-4
-4
-4
-3
-2
-1
-1
-4
-2
-1
-1
-4
-4
0
-1
1
-1
0
1
1
0
0
0
1
0
-2
0
2
0
-1
2
-1
4
2
1
3
3
1
1
3
2
1
2
3
2
2
1
3
4
3
1
2
4
1
2
4
2
3
0
1
5
3
4
5
5
9
6
4
3
4
4
3
1
2
3
3
2
1
-1
0
2
-1
0
1
1
2
-1
-2
2
1
-1
0
2
4
0
0
2
3
3
0
2
1
1
1
-2
2
3
1
1
2
2
2
4
1
1
4
4
3
2
1
5
4
1
0
1
1
1
0
1
2
1
0
-1
0
1
0
-1
-1
0
-1
-1
-2
-1
-1
-2
-2
-1
-1
-4
-2
-2
-1
-1
-3
-1
0
1
-1
-1
0
-2
0
0
-3
0
1
0
-2
-1
0
-1
-2
-2
0
-1
2
-1
-4
-2
0
-1
-3
-3
-3
-2
-3
-5
-4
-4
-5
-7
-6
-5
-4
-6
-6
-5
-3
-3
-5
-4
-4
-2
-4
-4
-5
-3
0
-3
-3
1
0
0
-1
-1
0
1
-1
-3
0
2
2
0
0
-1
1
0
-1
0
0
2
0
0
0
-2
-1
0
-1
-2
-2
-1
-2
-4
-3
-2
-4
-4
-4
-5
-3
-4
-2
-2
-1
-2
-3
-2
-2
-3
-2
-1
-2
-2
-1
0
0
2
1
0
0
0
1
1
3
0
1
2
2
2
3
2
1
1
2
4
3
3
1
3
4
3
2
3
4
3
3
3
4
4
1
1
3
2
3
2
2
4
3
2
3
2
2
2
2
0
1
2
1
-1
-1
1
0
-1
-1
-1
1
0
-1
-1
0
0
0
0
-1
1
-1
0
0
0
-2
-2
-1
-3
-3
-2
-1
-1
-1
0
0
1
0
0
0
1
1
2
0
0
0
-2
-2
-1
-2
-1
-2
-1
-1
-1
-1
-1
0
0
0
-2
1
1
2
2
0
1
2
3
2
1
2
1
2
2
2
3
3
4
3
4
3
4
3
3
3
2
2
2
3
2
2
2
2
2
2
3
1
1
1
0
-1
-1
0
-1
-1
-1
-2
-2
-1
-1
-1
-1
-1
-1
-2
-1
-3
0
1
-1
-1
-1
-1
1
0
-1
0
1
2
2
1
3
3
1
2
4
3
2
2
0
3
3
1
0
0
3
2
1
2
2
2
3
2
2
4
3
1
1
2
1
0
0
1
1
2
1
1
1
2
2
2
2
1
1
2
1
2
2
1
1
2
1
2
3
2
1
1
2
2
1
1
1
0
0
-1
-1
0
-1
-2
-3
-4
-1
-3
-2
-3
-2
-1
-2
-2
-3
-4
-3
-2
-3
-2
-2
-2
-2
-3
-1
-1
-1
-1
-1
0
0
0
1
2
2
2
0
0
1
2
2
2
1
2
3
2
1
3
2
1
1
0
2
1
0
0
1
1
1
0
0
0
2
2
1
-1
0
-1
-1
0
0
-1
0
-1
-1
-1
-1
0
-2
-1
0
-1
-2
-2
-2
0
0
0
-1
-1
0
-1
0
0
-1
-1
-2
-1
-1
-1
-1
-1
1
0
0
1
0
0
1
0
1
1
1
-1
0
1
2
1
1
1
1
1
0
-1
1
1
-2
-1
0
-1
-2
-1
-1
0
0
-1
-1
0
-1
-1
-1
-1
-1
-1
-1
0
-1
-1
-1
-1
0
-1
-1
0
-2
0
1
1
0
-1
1
-1
-2
0
0
-1
0
1
1
0
0
0
-1
0
0
0
0
0
-1
-1
-1
-2
-2
-1
-3
-3
-2
-3
-3
-2
-3
-2
-2
-1
-2
-2
-1
-1
-1
-1
-2
-3
-1
-2
-2
-4
-3
-2
-3
-3
-3
-2
-3
-2
-1
-3
-1
1
-1
-2
-1
0
0
-2
0
1
1
1
1
2
2
2
2
1
1
1
1
-1
1
0
0
0
-1
0
0
-1
0
0
-1
0
1
0
-1
1
1
0
1
0
2
1
1
1
1
1
1
1
1
1
1
0
0
0
1
0
2
2
2
2
1
2
1
3
2
3
3
2
2
2
2
2
0
1
0
1
1
0
0
0
1
0
0
1
0
1
0
-1
-1
0
1
-1
-1
-1
-1
-2
-2
-2
-2
-2
-2
-2
-2
0
0
-2
-1
0
-1
-2
-2
-1
-2
-3
-2
-2
-2
-2
-3
-2
-1
-1
-1
-3
-2
-2
-1
-1
-3
-4
-3
-3
-2
-2
-3
-4
-4
-4
-4
-3
-3
-3
-3
-3
-2
-3
-3
-2
-3
-3
-3
-3
-5
-3
-3
-3
-2
-3
-3
-1
-2
-1
-2
-2
-2
-2
-1
-3
-2
-2
-1
-1
-1
-2
-2
-2
-3
-2
-1
-1
-2
-1
-1
-1
-1
0
-1
-1
1
0
0
1
1
2
1
2
2
0
2
4
2
2
1
2
2
1
1
0
1
1
1
2
1
2
1
2
1
2
1
1
2
2
1
1
2
2
2
3
2
2
2
1
2
2
1
2
1
1
2
1
1
1
1
1
2
1
0
1
0
-1
2
-1
-1
-1
0
1
-1
-1
-1
-1
-2
-2
-1
-2
-2
-2
-2
0
0
-1
0
-1
-1
-1
0
0
0
-1
-2
0
-1
-1
1
1
1
2
2
4
3
1
3
1
1
2
2
3
3
2
2
3
3
3
4
4
4
2
4
4
3
4
3
3
3
3
2
3
2
1
2
2
1
2
2
2
2
3
3
3
2
2
3
2
2
3
1
2
2
2
0
0
2
1
1
3
1
2
3
3
2
3
2
3
2
2
1
2
1
2
1
1
2
3
3
2
3
3
3
3
3
3
3
3
3
2
3
2
2
3
2
2
2
3
3
1
2
2
2
2
1
2
1
0
-1
-1
0
0
0
-1
-1
-1
-2
0
-1
-1
0
0
0
-1
0
1
-1
0
-1
-2
0
-2
-2
0
-1
-1
-1
-3
-2
0
-2
-2
-2
-1
-1
-2
-2
-1
-3
-2
-2
-2
-3
-3
-3
-3
-1
-2
-1
-3
-3
-1
-1
0
1
1
0
1
0
0
1
0
0
0
0
0
0
1
1
0
1
0
0
0
0
-1
-2
-1
-3
-1
-2
-2
-1
-2
-2
-3
-3
-2
-3
-3
-1
-2
-1
-1
-1
-1
-1
0
0
0
-1
1
0
-2
0
-1
-1
-1
-1
0
0
-1
-1
-1
0
-1
-1
-2
-1
-1
-1
-1
0
0
-1
-2
-2
-1
-1
-1
-1
0
0
-1
-2
-2
-2
-1
-1
-2
-2
-1
-2
-1
0
0
1
0
1
1
1
2
2
1
0
0
0
0
-1
0
-1
0
-1
1
0
0
0
0
0
1
0
0
0
1
1
0
-1
-2
-2
-1
-3
-3
-4
-4
-3
-3
-3
-3
-2
-3
-3
-2
-2
-3
-2
-2
-2
-1
-2
-3
-3
-3
-1
-2
-3
-2
-1
-2
-1
-3
-3
-1
-1
-1
-1
0
0
-1
-1
-1
0
0
0
0
1
1
0
1
1
2
3
2
3
2
3
2
2
3
2
2
3
2
2
1
1
2
0
2
2
2
1
1
1
2
2
1
1
2
3
2
2
2
1
1
2
2
2
2
2
2
2
2
2
3
2
2
3
3
3
2
1
1
2
1
2
1
1
1
2
2
1
1
2
2
1
2
2
2
1
1
2
2
2
1
1
1
3
1
0
1
0
0
1
1
1
1
0
-1
-1
0
-1
-2
-2
-1
-2
-2
-2
-2
-1
-1
-2
-1
-2
-2
-2
-3
-2
-2
-1
-2
-1
-1
-2
-3
-2
-3
-3
-4
-3
-3
-2
-3
-3
-3
-4
-3
-3
-2
-3
-2
-2
-3
-3
-3
-2
-2
-3
-2
-3
-3
-3
-2
-4
-3
-1
-1
-1
0
-1
0
-1
-1
-1
-2
-2
-1
-2
-1
0
-1
-1
-1
0
-1
-1
0
0
0
0
-1
1
0
0
0
1
1
1
1
0
1
1
0
0
0
1
0
0
-1
-2
-1
-1
-1
0
1
0
1
0
0
2
1
0
1
1
2
3
2
1
3
3
3
2
3
3
3
2
2
2
3
3
3
4
4
3
4
4
5
5
4
4
3
3
2
1
1
1
0
0
0
1
1
1
1
0
1
3
2
3
3
3
4
3
3
2
3
3
3
3
3
2
1
2
2
0
0
0
1
2
2
3
3
3
2
2
2
2
2
0
1
1
0
0
-2
-1
-2
-2
-3
-2
-2
-2
-1
-1
-1
-1
0
1
2
3
3
3
4
4
4
2
2
1
0
-1
-1
-1
-3
-3
-4
-3
-3
-3
-2
-1
0
1
2
2
2
3
4
4
4
5
4
3
3
1
0
-1
-2
-4
-4
-4
-4
-5
-5
-5
-4
-4
-1
0
0
1
2
2
3
3
2
3
2
2
1
-1
-1
-3
-5
-6
-7
-8
-8
-9
-7
-7
-6
-4
-4
-2
0
0
2
3
3
2
2
1
1
2
0
0
-3
-2
-2
-3
-2
-2
-1
0
-1
0
2
2
4
3
5
4
5
5
4
3
2
2
0
-1
-1
-4
-5
-6
-6
-7
-6
-6
-6
-4
-2
0
1
2
4
4
7
7
7
6
5
5
2
-1
-2
-4
-5
-8
-9
-12
-12
-11
-10
-9
-9
-5
-4
-1
3
5
8
9
12
11
12
12
10
9
5
2
-1
-5
-9
-12
-13
-17
-16
-18
-17
-14
-15
-11
-9
-2
1
4
11
10
18
17
20
19
24
37
19
23
9
-2
0
-9
-8
-27
-22
-29
-41
-25
-28
-22
-24
-15
-13
-8
12
9
19
17
21
22
23
33
17
21
10
1
1
-12
-7
-21
-21
-27
-33
-23
-29
-22
-21
-17
-12
-9
6
8
20
20
20
24
24
29
21
24
14
6
4
-7
-6
-16
-18
-24
-27
-23
-26
-19
-21
-14
-10
-5
6
7
18
15
20
23
21
27
21
23
15
10
9
0
1
-9
-11
-16
-19
-17
-21
-17
-19
-16
-13
-9
-1
-3
6
5
9
15
12
19
15
16
13
13
10
4
6
-3
-4
-9
-11
-12
-16
-12
-16
-13
-11
-9
-3
-3
3
3
7
11
10
14
14
14
10
12
9
7
5
-1
1
-3
-3
-6
-8
-5
-7
-6
-6
-2
-2
2
4
2
8
6
9
8
11
11
11
15
6
11
7
5
7
2
5
-3
0
-1
-6
-2
-3
2
-3
4
1
-1
6
1
8
3
11
7
4
13
0
11
6
4
6
1
7
-3
3
0
-6
2
-5
2
-5
2
-1
-5
4
-1
6
3
8
3
0
9
-1
8
5
4
3
-1
4
-7
3
-6
-2
-3
-8
2
-11
0
-11
-9
-1
-14
2
-10
-1
0
-9
5
-9
3
-4
-8
-1
-4
-1
-8
-7
-9
-8
-8
-10
-9
-12
-3
-11
-9
-4
-11
-8
-11
0
-5
-3
5
-5
-4
-2
-4
-9
-3
-7
-11
-10
-8
-9
-13
-2
-10
-10
-2
-3
-2
-14
-2
-14
-13
-1
-24
9
-19
-5
-6
-33
18
-31
4
-12
-17
19
-38
23
-20
-9
14
-22
23
-10
29
11
-5
30
-6
10
3
20
-1
9
33
-16
22
6
12
-2
3
38
-29
37
26
-18
25
0
24
-20
21
26
-43
34
1
-16
-11
10
