2.363240e+062 -3.896266e+058 -9.901238e+058 -1.747158e+059 -2.546310e+059 -3.245205e+059 -3.718934e+059 -3.944227e+059 -3.854317e+059 -3.365276e+059 -2.412394e+059 1.237549e+056 
2.363258e+062 -3.788483e+058 -9.971833e+058 -1.746666e+059 -2.562885e+059 -3.289465e+059 -3.820655e+059 -4.064221e+059 -3.947636e+059 -3.404912e+059 -2.418303e+059 1.266385e+056 
2.363272e+062 -3.813712e+058 -1.005565e+059 -1.775703e+059 -2.599973e+059 -3.359008e+059 -3.895505e+059 -4.132112e+059 -4.002547e+059 -3.432156e+059 -2.437066e+059 1.302712e+056 
2.363277e+062 -3.694568e+058 -9.897669e+058 -1.758925e+059 -2.581915e+059 -3.325716e+059 -3.875852e+059 -4.118276e+059 -3.978396e+059 -3.413203e+059 -2.421835e+059 1.279253e+056 
2.363274e+062 -3.771395e+058 -1.000144e+059 -1.771634e+059 -2.595135e+059 -3.333315e+059 -3.888948e+059 -4.133628e+059 -3.999189e+059 -3.436436e+059 -2.432175e+059 1.295196e+056 
2.363275e+062 -3.730029e+058 -9.900714e+058 -1.759138e+059 -2.577804e+059 -3.323634e+059 -3.871146e+059 -4.116924e+059 -3.985341e+059 -3.422643e+059 -2.419761e+059 1.280745e+056 
2.363274e+062 -3.752576e+058 -1.000899e+059 -1.763760e+059 -2.590055e+059 -3.347751e+059 -3.880048e+059 -4.145430e+059 -4.008138e+059 -3.429403e+059 -2.439913e+059 1.294896e+056 
2.363050e+062 -1.750124e+058 -6.149895e+058 -1.568281e+059 -2.030081e+059 -2.572990e+059 -3.580979e+059 -3.618791e+059 -3.534194e+059 -2.985113e+059 -2.352632e+059 8.471155e+055 
2.355832e+062 8.078751e+059 1.016175e+060 2.991027e+059 1.734529e+060 2.183220e+060 2.454584e+059 1.462303e+060 1.061860e+060 7.773300e+059 2.201638e+059 1.827647e+057 
2.310907e+062 7.873834e+060 5.309871e+060 2.444266e+060 1.774045e+061 1.611944e+061 1.844893e+060 1.478611e+061 1.402248e+061 3.236113e+060 4.652797e+060 1.735663e+059 
2.267578e+062 1.256581e+061 1.371142e+061 5.491223e+060 2.389135e+061 3.523357e+061 1.273451e+061 1.837367e+061 2.269902e+061 1.758756e+061 6.510679e+060 5.835387e+059 
2.044175e+062 3.657978e+061 4.181969e+061 2.983878e+061 8.346498e+061 1.186081e+062 5.329202e+061 9.053154e+061 9.526450e+061 6.738523e+061 4.185644e+061 9.252299e+060 
1.715994e+062 7.328556e+061 7.726700e+061 6.319476e+061 1.953401e+062 2.686149e+062 1.775334e+062 2.656539e+062 3.063599e+062 2.505781e+062 1.807253e+062 7.066496e+061 
1.687462e+062 7.818278e+061 9.112924e+061 5.637334e+061 2.062120e+062 2.890451e+062 2.089571e+062 2.853233e+062 3.396037e+062 2.904293e+062 2.139362e+062 8.632565e+061 
1.712395e+062 7.437097e+061 7.120054e+061 6.747352e+061 2.048855e+062 2.629011e+062 1.725382e+062 2.744061e+062 3.150739e+062 2.418909e+062 1.866189e+062 7.245155e+061 
2.009486e+062 4.386832e+061 5.324127e+061 2.749736e+061 8.334027e+061 1.389683e+062 8.301926e+061 8.887627e+061 1.015836e+062 9.046931e+061 5.457779e+061 1.323399e+061 
2.113649e+062 3.457815e+061 2.707946e+061 1.461014e+061 8.417388e+061 8.870802e+061 2.753445e+061 6.844731e+061 8.249372e+061 3.573389e+061 2.688918e+061 4.903614e+060 
2.158283e+062 2.779798e+061 3.168896e+061 1.210171e+061 5.493097e+061 7.805188e+061 3.162054e+061 3.800779e+061 5.688157e+061 4.160056e+061 2.422327e+061 3.465051e+060 
2.312253e+062 4.866223e+060 8.366447e+060 9.581973e+060 1.604459e+061 1.230431e+061 1.293405e+060 7.940440e+060 1.301588e+061 1.016288e+061 5.246060e+060 1.920801e+059 
2.346525e+062 9.508431e+059 3.167287e+060 4.907312e+060 5.032510e+060 2.088821e+060 -1.002636e+060 2.204048e+060 3.873581e+060 3.575863e+060 1.688496e+060 2.058632e+058 
2.354634e+062 -4.495123e+059 -8.489925e+059 -1.666192e+060 -3.327513e+060 -5.910656e+060 -7.983200e+060 -6.809997e+060 -5.858817e+060 -5.064914e+060 -3.774901e+060 2.792276e+058 
2.351206e+062 -3.267582e+060 -8.437086e+060 -1.467672e+061 -2.083403e+061 -2.607428e+061 -2.961717e+061 -2.982369e+061 -2.707061e+061 -2.174023e+061 -1.432482e+061 7.477761e+059 
2.349738e+062 -3.769243e+060 -9.609485e+060 -1.665216e+061 -2.381779e+061 -2.976634e+061 -3.350986e+061 -3.350957e+061 -3.030279e+061 -2.419844e+061 -1.587410e+061 9.607685e+059 
2.348641e+062 -4.022128e+060 -1.023887e+061 -1.770923e+061 -2.539433e+061 -3.153787e+061 -3.565992e+061 -3.556752e+061 -3.223055e+061 -2.563628e+061 -1.674269e+061 1.087286e+060 
2.348856e+062 -4.170246e+060 -1.065781e+061 -1.845631e+061 -2.637036e+061 -3.265031e+061 -3.659104e+061 -3.655631e+061 -3.313141e+061 -2.638490e+061 -1.722956e+061 1.161886e+060 
2.348743e+062 -4.401019e+060 -1.128290e+061 -1.947860e+061 -2.764749e+061 -3.421423e+061 -3.809998e+061 -3.815197e+061 -3.444762e+061 -2.734703e+061 -1.774601e+061 1.273008e+060 
2.350300e+062 -4.019815e+060 -1.034605e+061 -1.788063e+061 -2.531910e+061 -3.129243e+061 -3.475433e+061 -3.487632e+061 -3.156277e+061 -2.510722e+061 -1.632076e+061 1.063870e+060 
2.357527e+062 -1.796968e+060 -4.650782e+060 -8.107869e+060 -1.160812e+061 -1.456284e+061 -1.645832e+061 -1.688356e+061 -1.567204e+061 -1.284979e+061 -8.655959e+060 2.353831e+059 
2.359535e+062 -1.212804e+060 -3.158244e+060 -5.547005e+060 -8.013791e+060 -1.016784e+061 -1.164363e+061 -1.213772e+061 -1.147242e+061 -9.598345e+060 -6.610971e+060 1.173423e+059 
2.361059e+062 -6.982195e+059 -1.816418e+060 -3.183218e+060 -4.586157e+060 -5.802060e+060 -6.623128e+060 -6.875529e+060 -6.471724e+060 -5.389778e+060 -3.693433e+060 3.783061e+058 
2.362278e+062 -3.025087e+059 -7.909258e+059 -1.392896e+060 -2.021371e+060 -2.576328e+060 -2.967638e+060 -3.112703e+060 -2.964014e+060 -2.500414e+060 -1.738392e+060 7.564278e+057 
2.363110e+062 -7.108412e+058 -1.871939e+059 -3.286871e+059 -4.792544e+059 -6.079158e+059 -7.002150e+059 -7.338049e+059 -6.971189e+059 -5.880032e+059 -4.074044e+059 4.198827e+056 
2.363086e+062 -9.471256e+058 -2.497860e+059 -4.402624e+059 -6.391514e+059 -8.176199e+059 -9.435038e+059 -9.909334e+059 -9.466351e+059 -8.010603e+059 -5.583623e+059 7.616727e+056 
2.363109e+062 -8.728610e+058 -2.290467e+059 -4.044489e+059 -5.884204e+059 -7.521389e+059 -8.691358e+059 -9.147811e+059 -8.744606e+059 -7.411914e+059 -5.181967e+059 6.469564e+056 
2.363006e+062 -1.073004e+059 -2.810170e+059 -4.949452e+059 -7.209028e+059 -9.197792e+059 -1.060312e+060 -1.115362e+060 -1.066178e+060 -9.028289e+059 -6.307260e+059 9.663150e+056 
2.363050e+062 -1.125803e+059 -2.944935e+059 -5.196285e+059 -7.550633e+059 -9.645295e+059 -1.111818e+060 -1.168333e+060 -1.115284e+060 -9.432844e+059 -6.573762e+059 1.060174e+057 
2.363057e+062 -1.090101e+059 -2.861359e+059 -5.052376e+059 -7.339187e+059 -9.381964e+059 -1.083427e+060 -1.139664e+060 -1.088656e+060 -9.219546e+059 -6.440106e+059 1.005654e+057 
2.363166e+062 -6.525963e+058 -1.724137e+059 -3.051530e+059 -4.448344e+059 -5.705401e+059 -6.620375e+059 -6.994007e+059 -6.706556e+059 -5.717615e+059 -4.014982e+059 3.743478e+056 
2.363265e+062 -3.771970e+058 -1.000576e+059 -1.788731e+059 -2.634988e+059 -3.397021e+059 -3.970314e+059 -4.223639e+059 -4.075780e+059 -3.501557e+059 -2.477403e+059 1.335002e+056 
2.363272e+062 -3.687046e+058 -9.906217e+058 -1.765802e+059 -2.569917e+059 -3.313582e+059 -3.895178e+059 -4.133060e+059 -3.993672e+059 -3.435951e+059 -2.434125e+059 1.283658e+056 
