1.000000e-030   1.000000e-030   1.000000e-030   4.122472e-227   1.000000e-030   1.000000e-030   1.000000e-030   1.000000e-030   1.000000e-030   1.000000e-030   1.000000e-030   1.000000e-030   1.000000e-030   1.000000e-030   1.000000e-030   1.000000e-030   2.251639e-244   3.333333e-001   1.000000e-030   1.000000e-030   1.000000e-030   1.666667e-001   1.000000e-030   1.000000e-030   1.000000e-030   1.000000e-030   1.000000e-030   1.000000e-030   1.666667e-001   3.333333e-001   1.000000e-030   1.082001e-244   

1.000000e-030   1.000000e-030   1.000000e-030   2.748315e-227   1.000000e-030   1.395990e-278   1.601487e-240   1.111111e-001   1.000000e-030   1.000000e-030   1.000000e-030   1.000000e-030   1.000000e-030   1.000000e-030   1.000000e-030   1.000000e-030   5.555556e-001   1.000000e-030   1.000000e-030   1.000000e-030   1.000000e-030   1.000000e-030   1.000000e-030   1.000000e-030   5.460102e-239   3.090285e-238   1.000000e-030   1.000000e-030   2.553142e-149   1.000000e-030   1.000000e-030   3.333333e-001   

1.000000e-030   1.000000e-030   1.000000e-030   2.473483e-227   1.000000e-030   4.661754e-236   2.000000e-001   7.969911e-043   1.000000e-030   1.000000e-030   1.000000e-030   1.000000e-030   6.895252e-235   1.000000e-030   1.000000e-030   1.000000e-030   3.270224e-284   1.000000e-030   1.000000e-030   1.000000e-030   1.000000e-030   1.000000e-030   1.000000e-030   1.000000e-030   4.000000e-001   4.000000e-001   1.000000e-030   1.000000e-030   1.000000e-030   1.000000e-030   1.000000e-030   1.000000e-030   

1.000000e-030   2.450486e-229   1.000000e-030   6.260051e-227   1.000000e-030   2.500000e-001   2.276235e-268   2.500000e-001   1.000000e-030   1.000000e-030   1.000000e-030   1.000000e-030   2.500000e-001   1.013550e-104   1.000000e-030   1.000000e-030   1.000000e-030   3.441677e-228   2.500000e-001   1.000000e-030   1.000000e-030   1.000000e-030   1.000000e-030   1.000000e-030   1.000000e-030   1.778561e-235   1.000000e-030   1.000000e-030   1.000000e-030   1.000000e-030   1.000000e-030   1.000000e-030   

1.000000e-030   3.333333e-001   1.000000e-030   2.222222e-001   1.000000e-030   1.000000e-030   2.143347e-299   3.779136e-274   1.000000e-030   1.000000e-030   1.000000e-030   1.000000e-030   1.000000e-030   2.222222e-001   1.000000e-030   1.000000e-030   1.000000e-030   2.222222e-001   4.435839e-229   1.000000e-030   1.000000e-030   1.000000e-030   1.000000e-030   1.000000e-030   1.000000e-030   3.858025e-300   1.000000e-030   1.000000e-030   1.000000e-030   1.000000e-030   1.000000e-030   1.000000e-030   

