1.000000e-030   1.000000e-030   1.000000e-030   1.174128e-226   1.000000e-030   1.000000e-030   1.000000e-030   1.250000e-001   1.000000e-030   1.000000e-030   1.000000e-030   2.500000e-001   1.000000e-030   1.000000e-030   1.000000e-030   1.000000e-030   1.250000e-001   1.000000e-030   1.000000e-030   1.000000e-030   1.000000e-030   1.000000e-030   1.056084e-245   1.000000e-030   1.000000e-030   1.000000e-030   1.000000e-030   1.000000e-030   5.688527e-231   1.000000e-030   1.000000e-030   5.000000e-001   

1.000000e-030   1.000000e-030   3.333333e-001   3.333333e-001   1.000000e-030   1.000000e-030   1.000000e-030   1.000000e-030   1.000000e-030   1.000000e-030   1.000000e-030   2.546082e-009   1.000000e-030   1.000000e-030   1.000000e-030   1.000000e-030   2.070734e-263   1.000000e-030   1.000000e-030   1.000000e-030   4.021311e-241   1.000000e-030   3.333333e-001   1.000000e-030   1.104622e-205   1.000000e-030   1.000000e-030   1.000000e-030   2.753859e-262   1.000000e-030   1.000000e-030   1.770442e-258   

1.000000e-030   1.000000e-030   6.347526e-244   3.669150e-227   1.000000e-030   2.862619e-236   3.463769e-235   2.365801e-237   1.000000e-030   1.000000e-030   1.000000e-030   1.919232e-270   1.000000e-030   1.000000e-030   1.000000e-030   1.000000e-030   1.600289e-290   1.000000e-030   1.000000e-030   1.000000e-030   6.153846e-001   1.000000e-030   1.221432e-263   1.000000e-030   3.846154e-001   4.036956e-234   1.000000e-030   1.000000e-030   1.000000e-030   1.000000e-030   1.000000e-030   3.963923e-233   

1.000000e-030   1.000000e-030   1.110393e-294   4.336268e-227   1.000000e-030   9.090909e-002   9.090909e-002   9.090909e-002   1.000000e-030   1.000000e-030   1.000000e-030   1.173917e-228   1.000000e-030   1.000000e-030   1.000000e-030   1.000000e-030   2.035122e-230   1.000000e-030   1.000000e-030   1.000000e-030   4.829567e-266   1.000000e-030   1.000000e-030   1.000000e-030   1.285877e-238   3.636364e-001   1.000000e-030   1.000000e-030   6.004450e-230   1.000000e-030   1.000000e-030   3.636364e-001   

1.000000e-030   1.000000e-030   1.000000e-030   1.428571e-001   1.000000e-030   1.704299e-273   1.408512e-274   1.000000e-030   1.000000e-030   1.000000e-030   1.000000e-030   5.714286e-001   1.000000e-030   1.000000e-030   1.000000e-030   1.000000e-030   1.428571e-001   1.000000e-030   1.000000e-030   1.000000e-030   6.841882e-297   1.000000e-030   1.000000e-030   1.000000e-030   5.750055e-299   2.510899e-271   1.000000e-030   1.000000e-030   1.428571e-001   1.000000e-030   1.000000e-030   3.730142e-230   

