-7
-4
1
1
4
0
-1
-2
0
2
4
6
1
-1
-5
-6
-9
-8
-5
-2
3
-1
-7
-7
-5
-1
3
-3
-7
-9
-13
-15
-7
-1
7
16
11
0
-9
-14
-14
-9
3
15
22
20
5
-10
-26
-25
-8
7
20
20
9
-5
-14
-19
-19
-9
4
13
23
18
2
-7
-16
-23
-20
-11
-7
4
20
24
20
7
-5
-17
-18
-13
-7
4
19
23
20
10
-9
-18
-18
-11
9
25
24
25
13
-6
-16
-16
-8
7
19
21
25
13
-6
-16
-20
-16
-8
6
15
25
26
18
-2
-17
-33
-33
-11
9
24
31
21
7
-6
-23
-36
-32
-12
8
26
28
22
6
-19
-37
-35
-23
-8
12
22
17
4
-15
-29
-34
-23
-2
11
23
29
17
5
-17
-27
-20
-6
11
30
40
34
17
3
-12
-25
-21
-18
-1
20
29
30
13
-12
-25
-26
-22
-9
3
17
24
20
-2
-30
-40
-40
-23
7
31
40
35
21
-4
-26
-38
-24
-1
21
31
31
22
2
-17
-38
-50
-39
-11
22
39
35
13
-2
-16
-33
-21
-1
19
41
51
43
23
-2
-19
-30
-31
-19
5
33
38
28
10
-17
-35
-42
-33
-16
16
42
48
35
1
-32
-44
-34
-19
6
29
39
41
26
-7
-36
-37
-29
-8
17
32
32
18
-6
-21
-32
-36
-22
-3
18
29
34
29
4
-13
-29
-32
-9
11
21
29
27
12
1
-8
-21
-17
-1
18
32
37
22
3
-15
-23
-18
-9
4
18
17
14
1
-17
-25
-29
-13
7
21
39
38
27
3
-21
-33
-38
-19
11
31
36
35
9
-20
-41
-44
-35
-17
16
36
42
30
-1
-26
-34
-31
-17
7
31
37
33
17
-4
-18
-30
-28
-7
23
38
44
38
14
-17
-36
-46
-42
-12
14
41
47
25
-8
-38
-57
-61
-42
-16
12
38
48
27
0
-28
-40
-37
-24
2
24
40
38
27
0
-30
-45
-42
-20
0
20
30
24
8
-15
-36
-35
-27
-8
17
29
30
19
3
-22
-31
-26
-19
3
23
32
34
23
6
-12
-16
-18
-11
11
28
31
22
3
-21
-25
-22
-19
-6
12
20
20
10
-9
-24
-34
-29
-9
10
18
16
9
-7
-16
-20
-22
-13
-2
4
6
10
-2
-15
-25
-29
-15
4
12
19
26
10
-7
-26
-32
-23
-3
23
38
49
37
8
-19
-38
-50
-35
-8
27
54
60
42
8
-24
-47
-53
-34
-1
27
51
51
32
6
-24
-44
-39
-25
-2
31
43
44
29
9
-16
-36
-40
-32
-4
27
42
40
17
-14
-33
-38
-39
-21
5
26
32
27
12
-10
-21
-30
-27
-9
8
22
30
23
5
-15
-25
-23
-14
-1
14
20
16
3
-12
-21
-22
-7
11
21
24
13
-4
-11
-14
-17
-14
1
13
24
35
24
9
-11
-28
-25
-14
-5
9
25
27
25
11
-15
-29
-29
-23
-5
19
30
23
8
-8
-19
-15
-3
9
16
19
20
10
-4
-14
-16
-10
-2
16
29
28
24
3
-29
-37
-27
-12
11
25
25
18
10
-15
-39
-46
-38
-17
13
43
50
37
10
-14
-26
-30
-22
-5
15
34
34
16
1
-23
-45
-44
-31
-6
22
37
37
15
-10
-29
-37
-32
-19
0
25
39
37
16
-18
-43
-48
-30
-11
12
27
31
24
4
-21
-36
-33
-24
-6
18
32
30
19
-7
-37
-46
-40
-21
6
25
25
18
10
-6
-24
-33
-21
-3
17
32
28
11
-11
-22
-22
-21
-7
11
34
41
30
1
-26
-35
-34
-19
6
29
39
41
32
8
-19
-35
-37
-21
7
30
38
36
13
-10
-29
-39
-30
-12
7
16
19
15
-2
-18
-24
-25
-19
-6
7
21
22
16
-1
-19
-23
-18
-3
16
38
37
23
6
-12
-25
-29
-22
-7
15
39
43
29
0
-36
-48
-34
-14
13
37
38
25
13
-8
-27
-29
-23
-1
21
37
45
37
17
-9
-29
-35
-27
-6
18
38
48
36
3
-22
-40
-41
-30
-2
26
41
41
25
0
-29
-42
-42
-22
-4
16
37
29
18
3
-16
-29
-29
-19
-4
11
15
15
12
5
-4
-12
-19
-16
-3
4
9
3
-7
-10
2
13
10
7
2
-5
-11
-11
-11
-12
-6
3
20
24
13
1
-6
-11
-11
-4
-4
2
15
17
12
2
-8
-17
-18
-9
-2
7
19
27
25
14
-3
-14
-9
-2
9
20
19
17
11
-6
-14
-18
-21
-10
5
16
14
12
4
-2
-4
-14
-17
-16
-8
0
12
16
14
6
-7
-8
-8
-10
0
12
10
9
6
0
0
-1
3
3
3
8
5
-2
-11
-13
-6
3
2
1
-1
-3
-5
-8
-7
-7
4
4
8
13
10
6
4
-5
-9
-3
3
11
20
23
14
2
-11
-20
-19
-16
-6
6
11
12
7
-5
-13
-16
-21
-17
-3
9
10
11
9
1
-13
-19
-24
-23
-8
8
18
25
19
11
2
-5
-6
-7
-5
4
13
20
12
4
-6
-16
-15
-12
-10
-7
0
4
8
7
2
-2
-4
-6
-2
8
8
8
4
-6
-8
-6
-3
0
-1
-5
-2
-2
-2
-3
-4
2
7
10
13
13
8
-1
-9
-11
-10
-8
-5
-1
-2
-5
-6
-12
-12
-12
-12
-7
5
16
13
11
7
7
6
6
6
6
7
7
7
3
-4
-10
-9
-8
-8
-5
-2
3
4
-3
-14
-19
-16
-7
-2
0
6
10
9
2
-8
-12
-10
-4
1
5
7
5
-1
-5
-13
-16
-9
1
11
11
11
13
14
7
-2
-5
-4
3
10
11
9
12
14
2
-10
-20
-23
-7
3
9
10
3
-1
3
5
8
6
6
6
7
8
10
11
3
-4
-3
-5
-5
-5
-8
-13
-17
-9
-3
-2
1
2
-1
2
1
-4
-11
-11
-4
0
6
9
8
6
1
-6
-12
-16
-9
0
1
5
8
4
2
-1
-9
-8
-4
4
14
14
6
5
4
-7
-12
-9
-5
4
9
7
3
-1
-3
-5
-7
-9
-8
-4
3
11
10
1
0
-3
-9
-10
-6
3
6
9
9
3
-3
-8
-12
-8
-5
-1
6
9
6
1
-6
-13
-11
-9
-6
-4
2
4
4
0
-9
-16
-16
-11
0
9
11
8
-1
-6
-10
-10
-8
0
10
14
11
7
-1
-6
-10
-13
-11
-3
5
7
8
3
-2
-6
-9
-9
-7
-1
0
0
7
5
5
0
-8
-5
-4
2
13
16
6
-1
-1
-6
-4
2
2
5
10
13
9
4
-3
-6
-1
7
9
10
11
10
7
1
0
-3
-5
-3
1
6
7
8
5
-1
-10
-18
-19
-8
2
3
7
12
5
-2
-8
-14
-9
-2
4
12
18
13
6
2
-6
-9
-2
0
0
1
4
3
0
-2
-8
-11
-7
0
8
7
1
-1
3
5
-1
-5
-5
-3
7
10
8
7
3
0
1
-3
-8
-7
-6
0
8
8
3
1
-6
-6
-4
-1
-8
-7
0
2
4
3
-1
-9
-16
-12
-5
-3
1
4
1
0
1
6
6
6
9
7
2
6
10
10
7
3
1
0
1
0
-3
-5
-6
-6
-5
-6
-11
-10
-5
-1
4
5
2
-1
-1
3
0
-4
-2
4
5
4
9
7
3
-1
-9
-10
-8
-12
-9
-2
3
2
6
8
6
2
-3
-4
-2
-2
3
8
8
5
1
-2
-8
-11
-10
-8
0
4
4
-1
-3
0
6
9
7
7
4
0
3
6
7
9
6
3
1
-2
-3
-2
-3
-1
2
4
8
2
-2
-1
-6
-3
2
1
-2
1
1
0
3
-1
-2
-4
-8
-5
1
4
5
6
4
4
1
-4
-4
-5
-2
8
15
14
-1
-7
-5
-4
-1
-1
-2
1
4
10
4
-1
-6
-10
-6
-2
-2
1
6
10
7
3
1
-6
-8
-6
-7
-5
1
7
11
9
5
2
2
0
-3
-8
-9
-6
3
8
3
1
0
1
3
10
9
0
-5
-6
-3
2
10
16
8
3
2
2
9
11
7
1
-3
1
4
8
4
-1
-6
-7
0
2
4
1
-6
-6
-3
0
-1
-2
-4
-3
3
5
-1
-4
-5
-7
-8
-5
-2
-1
-1
3
0
-3
-6
-8
-8
-10
-9
-6
-2
0
-4
-6
-3
-7
-10
-9
-8
-3
-1
0
1
-1
-4
-3
5
4
2
3
2
1
3
5
2
-6
-6
-2
2
5
6
2
-4
-7
-3
-1
0
-1
-6
-5
3
13
10
4
-1
-8
-7
3
11
13
15
9
2
-2
-3
-2
-1
-4
-9
-3
4
9
11
-1
-12
-13
-10
-1
6
8
4
0
3
6
6
2
-4
-1
3
3
2
-1
-7
-4
-2
3
3
1
3
3
8
8
5
4
0
0
4
6
12
12
3
1
0
0
1
3
4
0
-2
-3
-2
1
-4
-5
-5
-7
-3
-3
-5
-8
-7
-1
1
6
5
3
7
2
-1
-3
-4
-2
4
11
12
10
6
2
3
3
-3
0
0
-2
0
4
6
3
2
-7
-12
-11
-9
-3
0
-5
-7
-6
-5
-3
-3
-6
-10
-11
-9
-2
4
-4
-4
0
-1
1
-2
-3
-3
2
9
8
1
-5
-5
-5
-2
2
-2
-7
-10
-11
-12
-9
-5
-5
-2
-1
-1
3
0
1
0
-3
-2
4
2
1
2
0
0
0
5
6
1
-4
-7
-5
-3
-1
-2
-7
-1
4
5
3
-1
-4
-2
0
1
-3
-1
2
5
13
8
5
4
3
3
2
0
-3
-1
3
2
2
2
-1
-2
-1
-1
-2
-10
-8
-3
-3
-3
0
1
4
4
3
-3
-9
-7
-4
-2
1
6
3
9
14
10
4
-5
-9
-6
1
5
7
10
10
14
16
8
-2
-5
-7
-8
-5
-2
-2
0
1
-1
-2
-1
2
4
0
-3
-5
-7
-5
-1
-1
-5
-2
3
6
10
1
-13
-11
-3
0
6
8
1
1
4
0
2
0
-4
6
8
6
8
10
5
7
7
3
1
-2
-4
-1
1
2
1
-1
-1
-3
-4
-2
0
5
6
2
-1
2
4
9
8
-1
-2
-6
-5
-3
-4
-4
-2
1
-1
-1
-4
-7
-4
1
0
1
-1
-7
-5
2
6
3
2
2
2
6
7
7
2
-5
-6
-8
-3
-1
0
0
2
3
0
-3
-2
-5
-7
-9
-8
-2
3
2
-1
-4
-6
-2
0
3
1
-1
4
3
8
10
4
1
-2
-1
2
2
0
0
0
0
-2
-4
-4
-4
-1
-5
-7
-5
-4
-6
-9
-10
-6
-2
3
2
0
-4
-8
-5
0
-6
-9
-12
-11
-4
5
6
1
-2
-7
-4
1
0
-3
-2
-2
5
6
-2
-4
-4
-2
0
3
-1
-4
1
2
3
2
-3
-2
3
-1
-3
0
-4
-2
6
7
2
2
0
-4
-2
0
-1
-3
-2
2
3
1
2
5
1
0
0
-6
-5
0
1
0
-3
-1
4
8
9
7
3
4
9
9
2
-5
-5
-1
3
6
2
-3
-1
7
10
8
1
-6
-5
2
4
4
1
-2
-1
0
-4
-3
1
-1
-2
2
2
4
9
10
2
-3
-1
4
8
2
2
4
3
8
13
6
-2
-3
2
6
8
3
-3
-3
4
6
4
-2
-7
-6
3
7
2
-3
-4
-3
-3
-2
-2
3
2
-1
1
-2
-4
-5
-2
-1
0
2
3
5
9
7
0
-4
-6
-8
-10
-8
-2
4
3
3
0
-4
-3
0
0
-1
-3
-3
0
8
7
2
-1
-10
-4
4
4
1
2
1
3
7
6
1
-3
-6
-6
0
6
4
5
6
2
2
3
6
8
5
-3
-6
-1
0
3
3
-6
-13
-8
0
1
2
-1
-9
-5
1
5
4
-5
-13
-4
6
8
8
2
-7
-6
0
1
0
-2
-3
-3
-1
2
4
1
-2
-2
-9
-12
-5
-1
-2
-3
-7
-9
-3
1
-1
0
0
-2
3
2
3
2
0
7
6
3
1
-3
-5
-1
4
2
-2
-3
0
-2
-6
-8
-6
0
6
5
-1
-7
-6
2
3
5
4
-2
-1
2
0
-3
-1
0
-1
0
3
2
-3
-3
-4
-3
-2
-1
-3
-3
0
2
3
8
8
3
0
-3
-5
-5
2
5
0
-2
-1
-4
-2
2
-1
-6
-6
-1
1
2
4
4
-1
-2
2
9
12
10
4
6
8
11
13
2
-10
-11
-3
5
9
3
-1
-2
3
3
6
2
-7
-3
-1
2
4
1
0
-1
1
1
3
1
-5
-2
-3
-5
-6
-5
-7
-8
-6
-7
-3
0
0
1
3
0
-5
-3
-1
-3
-5
-7
-3
4
5
-3
-10
-7
-6
2
6
0
-4
-5
0
6
3
0
1
-4
-6
-3
-3
-2
1
3
2
4
3
0
-1
-3
-4
-3
0
7
9
2
-6
-5
-1
1
5
5
2
5
6
7
2
-1
-1
2
4
-1
-1
1
1
1
-1
-8
-10
-7
-6
-2
6
6
-1
-3
1
5
6
5
0
-2
4
10
9
8
3
-1
-3
2
8
7
3
-2
-4
0
6
4
0
1
4
3
4
6
4
1
0
0
2
0
0
3
3
1
1
1
2
1
1
1
-1
2
8
9
7
5
2
-1
1
-3
-4
0
1
2
1
-8
-11
-10
-5
-1
-3
-9
-9
-5
0
0
-1
-3
0
5
3
-3
-3
-5
-3
2
1
-2
-2
0
-2
-2
-3
-6
-7
-4
-3
-7
-9
-4
5
4
-7
-13
-13
-9
0
2
-6
-10
-9
-7
-3
4
3
0
-2
3
7
5
5
0
-8
-6
2
3
2
3
0
0
5
9
6
1
-1
3
9
10
7
3
1
3
4
4
3
5
6
3
5
-2
-5
-2
-3
-1
0
1
2
0
0
-4
-4
-2
-1
2
3
2
3
8
10
7
5
-4
-6
1
5
7
2
-2
2
1
1
-3
-5
-2
-2
-3
-5
-2
3
2
-1
-2
-3
-2
-3
-5
-4
-1
-2
0
2
-1
-4
-4
4
5
4
0
-1
3
3
2
-4
-11
-8
0
0
0
-3
-8
-6
-1
-1
-1
-3
-7
-4
-2
-6
-4
-3
-4
-4
-3
0
0
0
-1
0
-1
1
7
10
6
4
7
4
2
2
-3
-7
-6
-3
3
8
2
-6
-10
-9
-2
4
3
2
6
8
7
6
0
-5
-5
-7
-2
5
11
12
6
-1
-5
-6
-2
1
7
8
7
4
2
0
-7
-10
-8
-1
7
4
-3
-9
-7
-1
2
1
-10
-14
2
15
15
5
-4
-4
2
5
2
-3
-5
1
8
5
2
-3
-3
0
7
8
4
2
-2
-2
-5
-6
-4
2
4
3
4
3
2
-3
-10
-10
-1
6
8
7
4
-1
0
-2
-7
-6
-10
-9
-3
-2
1
5
5
4
3
-1
-2
-2
3
4
0
0
0
0
-2
-1
-1
4
4
4
6
3
0
-3
-3
-2
2
3
3
6
3
-2
-8
-5
-4
2
5
3
1
0
0
1
-2
-4
-3
2
5
6
1
-1
0
-3
-8
-10
-6
1
9
14
12
3
2
3
4
-3
-4
-4
1
12
14
4
-6
-7
-6
-4
-6
-6
-4
-1
5
10
7
3
-2
-2
0
2
3
3
7
3
0
2
2
-2
-5
-5
-2
3
5
5
6
2
2
-2
-6
-11
-11
-11
-8
-4
-3
-2
4
4
4
4
-1
2
1
-6
-6
-1
-2
-7
-6
-5
0
0
-3
-3
0
-2
-5
-4
-5
-6
-5
-2
-2
-1
1
2
4
4
2
-3
-7
-4
-1
3
3
7
6
3
0
-6
-9
-8
-5
-2
-2
1
7
9
6
6
-1
0
0
0
-1
-2
-1
0
-1
-3
-2
-2
-3
-3
1
1
1
5
2
0
6
4
1
7
9
7
6
4
-3
-3
-3
-4
-4
-3
0
3
5
4
1
-4
-5
2
4
5
7
2
4
7
8
7
2
-3
-3
-2
0
1
2
2
-1
-1
-1
0
-1
3
5
2
5
6
6
8
6
5
2
4
9
9
0
-2
-1
-2
1
5
2
-1
3
0
-3
1
0
-3
0
2
-2
-2
2
1
-2
-2
-6
-8
-4
-2
-6
-3
-4
-4
-4
-6
-3
-3
-2
-2
0
-1
-6
-10
-7
-2
-10
-10
-3
1
2
2
-4
-8
-6
-2
-4
-1
4
5
4
-2
-4
-7
-7
-4
-1
-2
-1
2
-4
1
-2
-6
-6
-3
5
4
0
-4
-3
-4
0
4
-2
-3
-3
0
-1
-3
-2
-2
-2
-4
-4
0
1
-1
2
2
4
5
1
0
0
3
0
1
2
4
2
1
-5
-7
-4
-6
-5
-1
5
8
6
4
4
2
0
-1
0
0
0
3
-2
-6
-4
-6
-8
-6
-7
1
1
-4
-8
-6
0
0
-2
-4
-1
8
9
5
3
1
-1
-3
1
-1
-2
-2
-2
1
-1
-1
-1
-8
-10
-2
2
4
1
-1
-1
1
6
4
5
3
2
3
6
7
12
14
8
1
-4
-3
1
4
2
0
1
-2
-1
4
-2
-4
-7
-6
-6
-6
-4
-2
0
6
9
8
4
-2
1
1
5
8
5
1
1
7
-2
-5
-4
-1
5
5
6
11
11
9
4
1
-5
-8
0
-4
-8
-1
4
0
2
3
2
5
5
0
0
4
10
5
1
-4
-6
-4
-6
0
2
10
14
13
1
-4
-2
-1
5
2
3
4
6
19
20
21
20
14
6
9
12
8
1
-7
-3
-3
-8
-9
-16
-22
-25
-23
-31
-39
-33
-29
-25
-17
-8
1
9
18
21
24
24
19
17
9
2
-6
-15
-16
-17
-16
-18
-16
-14
-12
3
7
3
1
-6
-8
-11
-23
-26
-25
-26
-23
-23
-16
-9
2
7
1
3
5
8
13
13
11
12
8
4
4
6
-5
-11
-20
-44
-48
-36
-31
-28
-26
-27
-23
-10
2
0
-2
2
10
21
20
11
4
-9
-13
-8
-10
-17
-17
-8
-1
5
6
4
13
25
22
32
27
18
28
29
25
15
12
-1
-6
7
19
36
50
62
77
103
105
103
103
81
67
40
3
-26
-45
-66
-86
-94
-108
-106
-81
-58
-36
-23
-24
-21
-9
-8
-16
-35
-51
-40
-21
0
13
41
61
74
109
118
115
105
86
73
45
27
9
7
22
40
80
122
169
229
293
348
423
476
498
541
551
557
539
499
458
396
337
217
101
-19
-150
-248
-367
-486
-585
-653
-701
-744
-784
-820
-835
-840
-825
-793
-763
-739
-681
-599
-536
-448
-365
-281
-168
-54
51
106
170
203
219
245
237
242
262
292
317
357
390
429
475
487
472
431
380
305
242
163
58
-11
-65
-84
-87
-73
-49
-14
31
28
32
24
-13
-48
-90
-132
-155
-150
-143
-104
-34
36
118
202
270
301
308
290
261
235
184
140
101
93
96
104
113
101
112
93
65
34
-28
-109
-191
-253
-326
-395
-441
-468
-453
-420
-378
-320
-284
-252
-227
-218
-219
-216
-207
-195
-177
-133
-89
-33
33
94
168
227
261
303
333
334
319
291
266
248
231
199
189
205
210
224
228
234
243
250
260
263
254
224
192
175
157
143
132
120
127
138
145
141
144
144
118
101
83
73
82
65
50
45
53
63
79
103
106
134
146
161
163
139
93
16
-52
-132
-225
-325
-406
-455
-485
-517
-522
-515
-529
-535
-549
-579
-634
-700
-749
-797
-845
-880
-885
-873
-836
-772
-696
-587
-479
-380
-284
-209
-157
-106
-43
39
114
191
291
413
549
673
792
896
991
1047
1066
1052
1006
965
904
854
819
742
685
649
624
590
527
467
402
338
237
141
49
-61
-132
-208
-263
-311
-323
-293
-273
-246
-229
-226
-226
-220
-210
-213
-211
-216
-198
-150
-98
-9
59
104
165
176
153
126
63
-8
-97
-199
-295
-366
-444
-513
-559
-626
-660
-685
-730
-768
-834
-895
-957
-1010
-1068
-1128
-1170
-1169
-1130
-1076
-951
-824
-637
-411
-188
53
246
430
611
788
929
1056
1150
1204
1265
1296
1283
1273
1255
1242
1247
1225
1186
1135
1085
1002
889
763
622
474
308
147
-17
-170
-293
-394
-473
-545
-611
-641
-660
-676
-680
-697
-704
-683
-646
-580
-532
-438
-322
-205
-73
63
230
389
506
598
670
696
692
692
690
629
564
507
446
397
366
326
283
182
67
-50
-227
-406
-607
-779
-973
-1164
-1309
-1449
-1561
-1630
-1671
-1685
-1661
-1629
-1566
-1446
-1282
-1135
-939
-730
-502
-233
-6
270
521
719
931
1113
1248
1342
1450
1507
1514
1534
1521
1546
1509
1471
1453
1379
1324
1255
1158
1026
880
696
543
353
166
3
-195
-357
-497
-649
-789
-861
-952
-991
-982
-1017
-993
-951
-882
-781
-676
-552
-414
-249
-121
59
198
307
458
567
626
688
757
816
858
856
863
791
707
639
542
363
184
-3
-203
-386
-592
-728
-906
-1046
-1165
-1257
-1384
-1484
-1574
-1668
-1693
-1737
-1758
-1747
-1667
-1590
-1402
-1221
-965
-695
-422
-93
218
478
711
978
1164
1342
1449
1539
1559
1575
1599
1631
1622
1659
1690
1672
1642
1564
1472
1358
1230
1019
830
564
340
136
-112
-299
-494
-703
-842
-924
-1020
-1090
-1124
-1150
-1138
-1117
-1072
-965
-883
-795
-685
-589
-448
-294
-119
87
236
415
578
755
887
997
1074
1109
1132
1101
1062
970
839
729
578
427
227
60
-75
-243
-363
-543
-679
-880
-1038
-1222
-1427
-1594
-1794
-1909
-2025
-2108
-2070
-2034
-1935
-1732
-1528
-1240
-941
-607
-317
-12
253
488
690
870
1030
1149
1265
1373
1460
1581
1638
1683
1776
1789
1826
1814
1779
1665
1587
1391
1207
1015
735
522
278
5
-230
-440
-660
-808
-950
-1062
-1145
-1210
-1249
-1239
-1273
-1230
-1162
-1110
-1027
-914
-821
-693
-541
-382
-170
8
238
458
643
838
1061
1177
1286
1377
1362
1344
1303
1189
1100
945
786
648
464
265
104
-82
-301
-501
-699
-897
-1149
-1370
-1587
-1788
-2002
-2109
-2237
-2254
-2239
-2214
-2025
-1857
-1602
-1314
-1015
-744
-421
-140
156
438
631
834
1033
1191
1328
1474
1576
1691
1755
1858
1934
1955
1974
1969
1923
1855
1747
1579
1411
1201
997
754
463
198
-69
-346
-547
-752
-921
-1058
-1168
-1264
-1324
-1330
-1314
-1255
-1211
-1080
-1030
-913
-756
-634
-464
-295
-141
-25
160
288
501
690
813
986
1088
1148
1218
1222
1215
1152
1035
913
786
635
470
272
51
-127
-375
-595
-819
-1050
-1270
-1477
-1662
-1822
-1963
-2114
-2156
-2190
-2208
-2075
-2004
-1807
-1571
-1328
-998
-699
-385
-82
232
456
746
957
1131
1290
1380
1542
1658
1720
1822
1874
1900
1918
1926
1915
1892
1776
1656
1568
1343
1163
946
703
470
204
-72
-295
-527
-728
-881
-1009
-1117
-1195
-1267
-1253
-1273
-1283
-1236
-1201
-1096
-1034
-876
-749
-580
-433
-225
-23
165
382
558
741
888
997
1090
1162
1166
1179
1112
1066
946
812
659
523
335
158
-18
-216
-391
-645
-866
-1080
-1336
-1555
-1765
-1934
-2075
-2156
-2195
-2203
-2071
-2001
-1760
-1570
-1302
-1023
-797
-529
-247
48
246
507
705
918
1114
1268
1442
1554
1627
1777
1870
1942
1988
1993
1981
1981
1902
1828
1719
1542
1378
1177
972
754
522
263
66
-204
-438
-643
-828
-1005
-1132
-1252
-1311
-1349
-1351
-1289
-1274
-1177
-1094
-985
-876
-732
-611
-483
-335
-172
14
175
327
504
657
778
904
992
1038
1038
1048
1004
933
798
632
456
244
22
-203
-416
-654
-853
-1064
-1277
-1437
-1629
-1758
-1859
-1896
-1936
-1914
-1807
-1695
-1502
-1363
-1135
-932
-721
-467
-220
20
217
425
629
835
1005
1158
1326
1437
1559
1682
1758
1835
1866
1900
1889
1860
1806
1759
1665
1560
1443
1236
1022
809
577
347
109
-129
-332
-562
-756
-903
-1068
-1197
-1277
-1357
-1357
-1303
-1276
-1208
-1118
-1009
-916
-810
-681
-535
-394
-254
-61
77
180
306
447
561
641
732
772
784
819
829
760
678
611
493
318
119
-28
-214
-443
-592
-750
-959
-1180
-1317
-1413
-1527
-1587
-1615
-1615
-1571
-1453
-1291
-1143
-949
-756
-555
-332
-114
98
277
457
647
821
938
1107
1270
1354
1449
1529
1586
1618
1640
1671
1680
1646
1614
1577
1473
1355
1201
1030
906
730
525
353
119
-82
-269
-474
-612
-782
-966
-1058
-1131
-1192
-1199
-1202
-1176
-1096
-1057
-988
-859
-784
-662
-519
-422
-271
-148
-62
93
187
257
373
442
515
579
572
607
628
552
504
457
339
226
93
-31
-182
-417
-626
-799
-1000
-1138
-1270
-1416
-1481
-1543
-1570
-1536
-1472
-1371
-1190
-1055
-829
-593
-446
-229
-11
132
293
461
609
781
886
990
1126
1207
1260
1374
1423
1474
1520
1556
1590
1572
1533
1469
1367
1262
1163
1025
867
713
526
351
165
-22
-187
-401
-552
-681
-807
-908
-984
-1054
-1103
-1126
-1117
-1056
-1014
-943
-841
-727
-594
-465
-330
-234
-119
22
113
208
317
394
436
461
468
462
454
451
448
410
328
269
165
6
-143
-293
-452
-567
-685
-849
-973
-1116
-1232
-1293
-1368
-1396
-1343
-1282
-1154
-967
-800
-617
-451
-291
-97
88
240
459
631
786
945
1014
1124
1206
1214
1294
1356
1366
1405
1442
1450
1431
1351
1275
1230
1114
1027
933
790
649
497
336
181
-7
-187
-345
-500
-608
-690
-801
-880
-930
-964
-969
-973
-936
-868
-776
-700
-615
-539
-472
-384
-260
-137
-32
78
186
296
378
429
472
495
494
553
569
537
492
441
362
226
77
-71
-230
-403
-529
-684
-861
-1012
-1173
-1286
-1408
-1491
-1483
-1496
-1432
-1312
-1174
-1014
-868
-693
-500
-336
-142
63
238
412
544
677
801
864
958
1061
1114
1213
1278
1323
1372
1372
1368
1366
1312
1249
1202
1118
1014
914
772
639
468
282
166
10
-137
-267
-410
-521
-646
-775
-814
-849
-903
-880
-852
-813
-707
-678
-609
-519
-451
-324
-216
-126
-30
50
119
239
318
343
374
419
475
502
499
501
464
403
324
235
112
-1
-85
-214
-343
-507
-661
-823
-956
-1079
-1187
-1273
-1320
-1296
-1317
-1252
-1198
-1104
-958
-824
-630
-438
-266
-84
114
292
460
606
720
823
912
1038
1163
1213
1303
1335
1354
1374
1371
1371
1316
1258
1212
1126
999
867
718
570
438
279
130
3
-155
-283
-423
-557
-673
-782
-853
-880
-927
-961
-943
-905
-842
-791
-736
-593
-481
-374
-247
-145
-13
91
178
262
344
396
446
497
499
480
437
387
369
315
251
196
149
48
-47
-163
-313
-436
-595
-714
-825
-950
-1049
-1118
-1214
-1291
-1309
-1363
-1306
-1236
-1144
-970
-805
-615
-419
-239
-52
144
277
468
658
800
955
1054
1131
1213
1212
1245
1274
1279
1301
1330
1330
1325
1277
1164
1068
947
839
736
622
468
319
153
6
-162
-326
-502
-629
-720
-777
-801
-832
-841
-849
-846
-836
-749
-679
-579
-464
-363
-245
-145
-68
26
99
173
246
319
395
459
478
491
482
435
411
384
365
306
244
152
38
-93
-244
-384
-526
-668
-766
-881
-984
-1099
-1191
-1270
-1281
-1302
-1270
-1165
-1085
-872
-726
-559
-395
-274
-120
77
246
424
611
743
875
960
1012
1128
1172
1182
1271
1308
1361
1374
1372
1372
1311
1201
1124
1016
900
789
634
478
313
132
-23
-201
-379
-520
-654
-753
-800
-854
-893
-918
-931
-883
-838
-762
-669
-587
-500
-405
-309
-210
-130
-27
74
196
301
358
398
435
451
445
449
428
414
371
335
288
200
91
-27
-158
-266
-382
-478
-575
-692
-810
-933
-1065
-1156
-1221
-1267
-1217
-1222
-1143
-1027
-914
-808
-697
-540
-385
-198
0
227
386
535
708
827
904
980
1056
1133
1178
1269
1325
1334
1300
1259
1219
1149
1068
1002
927
833
730
590
435
255
48
-116
-242
-379
-475
-567
-659
-755
-824
-894
-925
-971
-957
-917
-869
-757
-649
-560
-504
-455
-347
-225
-108
59
160
264
361
425
476
519
496
497
493
463
462
426
347
267
134
13
-101
-221
-311
-393
-512
-612
-737
-874
-946
-1070
-1126
-1165
-1158
-1141
-1058
-980
-864
-757
-656
-464
-293
-138
68
262
423
583
733
857
924
983
1062
1163
1190
1244
1262
1274
1273
1277
1278
1223
1116
1044
983
893
770
623
458
283
99
-33
-153
-336
-467
-577
-667
-783
-868
-913
-922
-958
-938
-906
-874
-825
-757
-666
-597
-499
-364
-249
-143
-9
124
236
321
379
456
508
552
611
593
587
536
463
395
312
196
89
-33
-158
-262
-382
-510
-633
-802
-918
-1000
-1103
-1140
-1171
-1147
-1135
-1097
-1020
-921
-820
-673
-484
-323
-159
4
211
373
504
659
769
848
923
1006
1125
1172
1185
1229
1264
1259
1259
1272
1237
1188
1117
1065
946
767
624
484
339
167
5
-144
-332
-482
-582
-694
-832
-903
-927
-936
-919
-902
-849
-825
-803
-709
-624
-564
-454
-315
-182
-75
5
87
183
236
308
410
469
498
529
570
563
505
429
347
267
174
88
-1
-119
-237
-350
-491
-636
-766
-869
-932
-984
-1029
-1057
-1052
-1045
-983
-907
-801
-661
-536
-361
-164
-3
182
339
460
593
714
850
961
1044
1105
1167
1190
1206
1223
1228
1219
1203
1194
1171
1119
1048
929
802
652
488
334
162
3
-139
-293
-452
-578
-713
-836
-909
-955
-975
-977
-967
-910
-880
-839
-785
-689
-615
-544
-427
-320
-246
-151
-24
54
127
225
318
397
435
481
530
503
464
446
400
308
227
147
45
-102
-259
-369
-524
-698
-811
-900
-984
-1076
-1118
-1159
-1189
-1195
-1132
-1042
-979
-844
-671
-487
-326
-178
-1
138
246
405
565
696
813
922
1020
1105
1123
1173
1219
1229
1272
1290
1301
1291
1241
1187
1086
934
805
661
505
341
193
39
-124
-310
-457
-586
-707
-766
-814
-847
-854
-851
-811
-772
-769
-710
-653
-620
-523
-424
-348
-258
-199
-113
-33
21
128
241
319
383
438
474
490
453
434
418
325
273
221
119
-9
-163
-286
-414
-587
-695
-752
-853
-951
-990
-1013
-1055
-1088
-1072
-998
-949
-831
-658
-504
-349
-209
-44
128
261
413
593
699
806
936
1025
1107
1140
1175
1258
1258
1273
1319
1320
1292
1242
1184
1127
997
886
806
657
491
331
168
-4
-195
-365
-496
-631
-742
-795
-832
-887
-895
-917
-908
-879
-840
-734
-644
-560
-448
-368
-311
-230
-143
-59
23
137
249
321
382
441
453
446
436
422
377
309
270
226
108
-26
-158
-314
-479
-608
-693
-766
-872
-934
-948
-1009
-1045
-1050
-1035
-973
-892
-750
-588
-466
-313
-169
-53
85
221
376
527
640
781
902
964
1039
1101
1124
1172
1206
1233
1266
1257
1249
1224
1138
1058
950
818
712
569
423
305
134
-21
-171
-335
-459
-585
-674
-735
-792
-814
-819
-820
-805
-760
-715
-638
-544
-475
-376
-326
-282
-204
-153
-65
20
98
188
255
302
358
355
357
373
328
307
271
194
144
49
-52
-163
-304
-417
-531
-646
-758
-852
-929
-970
-1013
-1057
-1048
-1024
-955
-845
-737
-604
-488
-355
-214
-98
57
217
342
485
628
746
849
925
985
1052
1089
1141
1211
1226
1231
1229
1203
1160
1090
1020
940
828
731
621
485
320
150
-6
-164
-325
-459
-548
-643
-726
-776
-805
-833
-867
-853
-814
-776
-710
-614
-510
-439
-370
-288
-229
-183
-99
-7
67
120
170
235
254
253
270
238
181
148
112
59
-24
-124
-215
-326
-452
-537
-639
-751
-842
-887
-932
-979
-989
-972
-953
-926
-836
-738
-630
-517
-366
-207
-105
21
182
318
448
582
701
783
857
936
1029
1093
1122
1181
1207
1211
1211
1203
1177
1094
1028
987
899
775
674
566
417
272
132
6
-141
-277
-353
-445
-553
-627
-657
-696
-725
-722
-702
-682
-653
-574
-514
-478
-408
-325
-248
-187
-122
-43
25
74
156
208
218
241
256
264
240
201
185
156
65
2
-54
-180
-286
-356
-443
-554
-673
-721
-783
-851
-866
-853
-844
-851
-789
-682
-602
-547
-422
-269
-171
-53
111
257
353
448
592
683
727
801
906
963
1001
1055
1110
1136
1121
1153
1154
1080
1017
977
922
826
724
642
528
370
248
153
-6
-154
-273
-364
-466
-562
-602
-652
-688
-680
-635
-594
-563
-516
-454
-434
-412
-343
-298
-248
-162
-88
-49
-41
15
63
64
68
97
107
91
100
111
88
-6
-67
-113
-211
-316
-378
-434
-533
-641
-683
-736
-818
-861
-862
-866
-856
-808
-694
-602
-560
-465
-355
-258
-159
-10
137
246
342
456
553
617
681
755
817
873
931
1006
1056
1072
1088
1075
1044
1015
975
909
829
734
641
545
418
298
166
14
-103
-210
-308
-396
-463
-511
-558
-611
-629
-604
-579
-542
-505
-475
-447
-434
-377
-313
-300
-256
-186
-144
-97
-50
-17
32
31
55
98
80
79
103
97
57
-23
-87
-145
-256
-354
-425
-498
-572
-626
-672
-725
-788
-795
-757
-730
-690
-610
-506
-421
-341
-229
-118
-41
55
180
275
358
451
549
638
669
709
783
829
870
928
989
1009
1005
1027
1033
972
894
836
755
659
547
466
388
251
148
80
-12
-94
-148
-215
-269
-323
-364
-363
-376
-398
-376
-343
-345
-332
-329
-343
-363
-394
-389
-385
-381
-364
-332
-311
-311
-306
-276
-261
-255
-245
-259
-258
-244
-261
-283
-320
-395
-455
-498
-529
-537
-548
-555
-547
-524
-495
-453
-404
-330
-251
-161
-52
40
119
199
256
307
359
401
456
501
533
571
596
613
642
676
712
739
758
768
778
771
738
699
638
569
500
415
314
195
108
25
-71
-154
-225
-262
-283
-289
-271
-246
-233
-207
-186
-169
-154
-146
-105
-58
-42
-33
-34
-46
-48
-69
-84
-78
-75
-89
-85
-80
-78
-74
-98
-130
-175
-220
-266
-310
-355
-402
-439
-484
-524
-557
-590
-608
-613
-602
-580
-552
-520
-481
-428
-389
-344
-264
-190
-123
-45
25
90
160
220
293
363
411
458
516
566
604
647
675
686
705
731
742
736
726
703
685
665
637
615
574
505
439
372
279
209
140
59
4
-45
-104
-137
-173
-218
-250
-274
-314
-332
-339
-354
-357
-358
-369
-398
-428
-470
-507
-540
-570
-577
-577
-585
-599
-597
-617
-626
-603
-600
-592
-570
-535
-503
-466
-412
-346
-281
-221
-138
-32
92
200
313
435
531
619
710
802
850
880
894
885
863
821
793
745
681
630
577
526
463
409
337
245
158
78
15
-59
-129
-197
-275
-353
-401
-451
-512
-549
-558
-543
-491
-427
-352
-265
-197
-117
-27
36
104
173
244
312
366
411
429
442
442
444
456
448
441
430
402
326
246
188
105
4
-106
-203
-316
-425
-501
-582
-693
-817
-883
-932
-971
-995
-988
-960
-939
-873
-789
-744
-711
-652
-563
-485
-402
-285
-153
-50
54
194
297
382
479
569
639
682
718
756
771
749
715
688
648
600
549
486
397
306
238
193
152
112
77
39
0
-24
-37
-67
-98
-114
-122
-127
-130
-119
-101
-72
-21
32
68
98
125
157
187
191
184
176
149
126
100
49
-12
-68
-143
-206
-253
-313
-359
-396
-436
-464
-477
-499
-530
-558
-586
-610
-616
-605
-581
-556
-520
-468
-395
-315
-230
-119
-1
110
235
374
496
600
688
756
820
876
907
925
923
900
874
857
819
781
760
714
661
614
555
490
405
307
207
102
-5
-119
-217
-296
-372
-442
-485
-518
-543
-558
-571
-551
-524
-488
-425
-366
-318
-270
-216
-164
-111
-75
-34
0
16
33
49
53
42
70
82
62
47
14
-20
-68
-120
-170
-210
-267
-329
-357
-390
-415
-426
-426
-431
-424
-390
-343
-272
-203
-116
-27
61
146
230
305
346
398
431
448
467
492
523
533
541
537
555
581
579
588
573
544
496
457
413
354
298
227
149
64
-18
-105
-181
-247
-318
-373
-425
-468
-482
-491
-496
-504
-499
-516
-527
-521
-520
-489
-468
-433
-391
-357
-330
-310
-289
-270
-238
-212
-182
-151
-128
-116
-106
-87
-87
-77
-66
-59
-55
-65
-65
-48
-25
5
41
78
119
155
189
226
256
290
321
350
374
399
419
431
452
459
473
472
472
476
464
452
437
434
437
430
411
380
343
297
245
178
110
48
-25
-91
-158
-208
-245
-271
-283
-296
-322
-366
-405
-448
-478
-487
-500
-512
-516
-514
-518
-535
-553
-569
-571
-557
-536
-518
-514
-498
-484
-444
-390
-343
-296
-251
-211
-192
-154
-119
-83
-34
15
62
108
176
233
303
363
415
484
530
568
595
619
626
651
702
723
733
710
670
626
577
534
512
490
445
414
376
325
275
234
196
161
125
55
-18
-71
-115
-143
-151
-154
-164
-183
-198
-214
-224
-225
-228
-221
-225
-223
-239
-263
-284
-296
-308
-336
-372
-412
-443
-475
-502
-527
-526
-514
-505
-494
-497
-497
-499
-475
-440
-407
-374
-356
-337
-319
-292
-256
-207
-136
-52
32
94
154
219
288
359
441
528
603
657
693
743
773
787
808
830
830
803
779
742
691
647
627
607
551
481
417
324
236
169
115
62
9
-58
-131
-194
-247
-292
-315
-325
-348
-364
-377
-394
-416
-420
-403
-401
-413
-432
-455
-503
-536
-549
-552
-548
-545
-539
-537
-523
-514
-489
-468
-446
-413
-396
-378
-382
-393
-396
-385
-360
-343
-316
-297
-268
-219
-157
-83
-8
78
159
225
293
362
439
517
594
662
717
749
760
775
793
810
833
852
852
828
799
770
730
689
647
599
527
441
347
255
160
76
10
-57
-111
-156
-206
-255
-290
-332
-360
-361
-373
-384
-392
-403
-418
-419
-408
-414
-428
-442
-451
-472
-485
-481
-466
-441
-411
-386
-383
-383
-376
-367
-352
-336
-332
-344
-358
-360
-362
-358
-349
-335
-311
-292
-258
-234
-211
-168
-117
-47
19
77
129
184
238
300
361
410
455
494
537
580
623
673
727
774
813
834
833
822
793
756
710
642
585
539
480
424
363
292
224
162
106
39
-34
-100
-165
-216
-255
-284
-312
-351
-393
-446
-503
-542
-573
-595
-605
-608
-605
-610
-608
-586
-566
-548
-526
-512
-491
-472
-454
-433
-416
-393
-383
-351
-318
-298
-272
-255
-234
-215
-183
-137
-97
-46
11
68
119
170
225
267
292
316
338
364
396
428
470
503
527
554
576
596
623
646
655
653
653
639
636
627
611
575
530
485
433
378
307
249
188
133
96
54
14
-25
-63
-120
-171
-223
-279
-313
-361
-406
-450
-497
-533
-560
-579
-605
-624
-632
-630
-632
-629
-609
-583
-549
-504
-463
-430
-404
-380
-351
-319
-284
-260
-237
-203
-156
-104
-54
-3
53
112
166
212
254
285
319
361
402
433
446
462
482
498
496
485
469
454
458
456
459
459
451
459
454
456
452
439
417
370
323
279
240
202
173
143
105
72
43
20
-1
-32
-66
-94
-120
-150
-171
-192
-202
-203
-216
-246
-290
-322
-364
-396
-409
-433
-455
-456
-445
-443
-451
-458
-460
-463
-461
-453
-443
-437
-434
-408
-382
-362
-331
-293
-256
-221
-198
-174
-135
-86
-33
35
100
150
204
271
338
388
431
465
485
508
540
554
564
572
589
609
616
620
610
592
567
549
514
473
428
386
343
296
250
194
133
69
16
-35
-89
-144
-200
-248
-280
-314
-336
-350
-363
-371
-398
-418
-436
-442
-440
-445
-448
-447
-455
-456
-442
-431
-418
-407
-385
-364
-337
-309
-294
-274
-252
-224
-189
-156
-136
-111
-83
-61
-39
-22
-12
-2
5
29
60
96
124
162
200
235
267
291
320
334
351
368
375
369
358
359
369
374
364
359
368
372
373
370
348
316
291
278
259
234
200
169
135
98
64
16
-23
-65
-99
-134
-170
-192
-209
-212
-219
-239
-259
-268
-279
-283
-293
-309
-321
-326
-318
-309
-308
-311
-315
-306
-299
-284
-279
-280
-260
-240
-217
-204
-185
-164
-135
-114
-105
-103
-96
-72
-51
-20
-1
16
37
60
85
112
137
161
175
196
209
223
249
266
293
308
323
331
339
352
361
360
361
364
365
367
365
358
358
344
316
296
268
235
200
164
122
90
66
46
21
-9
-46
-92
-135
-174
-204
-234
-267
-300
-326
-341
-367
-395
-413
-422
-423
-425
-431
-427
-429
-420
-401
-375
-350
-322
-287
-257
-234
-208
-171
-135
-97
-62
-20
21
52
94
131
155
171
191
209
223
234
241
253
271
294
313
329
337
324
316
301
287
279
267
254
239
226
209
201
188
172
165
154
136
111
89
75
66
51
44
41
22
-3
-19
-33
-47
-61
-79
-100
-120
-136
-154
-165
-179
-193
-205
-218
-241
-264
-285
-299
-307
-314
-328
-342
-352
-365
-362
-357
-353
-336
-324
-308
-282
-262
-243
-224
-199
-154
-111
-69
-39
-19
8
33
52
83
113
131
155
186
213
241
273
292
312
325
331
332
328
325
319
303
279
261
243
228
215
202
190
178
165
151
132
115
98
78
68
53
33
13
-9
-25
-39
-60
-76
-81
-89
-95
-96
-108
-122
-133
-149
-160
-169
-177
-179
-186
-205
-220
-231
-247
-258
-262
-259
-256
-256
-244
-241
-239
-228
-225
-213
-202
-198
-187
-169
-155
-133
-101
-66
-31
-1
27
54
77
99
140
182
209
222
235
249
277
325
346
358
367
366
361
354
345
331
330
320
305
293
267
242
218
201
181
161
126
90
60
26
0
-31
-59
-91
-112
-138
-162
-176
-185
-190
-202
-206
-211
-219
-223
-224
-222
-224
-223
-226
-235
-237
-236
-233
-233
-234
-225
-208
-191
-176
-162
-156
-155
-151
-148
-133
-115
-104
-103
-95
-83
-71
-47
-27
-9
8
27
38
50
58
72
94
115
143
153
164
174
184
198
217
239
254
260
254
251
243
246
249
243
233
222
207
198
195
196
190
171
155
128
98
77
52
34
19
-5
-32
-56
-76
-91
-106
-128
-140
-145
-153
-156
-165
-173
-174
-184
-188
-190
-186
-176
-170
-170
-173
-172
-169
-152
-136
-124
-123
-123
-110
-97
-87
-81
-76
-71
-63
-52
-45
-35
-12
10
19
35
43
44
50
53
68
82
92
104
106
111
121
121
128
146
165
185
190
182
168
159
157
163
166
170
172
163
151
144
139
142
137
112
101
83
67
51
25
10
-2
-14
-29
-40
-52
-68
-75
-79
-82
-93
-107
-122
-133
-149
-164
-164
-171
-169
-161
-162
-174
-179
-166
-152
-128
-109
-92
-88
-89
-95
-92
-77
-67
-59
-53
-45
-42
-30
-17
-10
8
23
34
52
60
61
66
65
64
78
91
100
106
104
110
127
140
144
131
115
107
97
96
101
100
98
95
87
81
85
95
101
94
84
72
59
40
22
11
0
-7
-5
-8
-7
-13
-33
-41
-44
-45
-38
-35
-32
-36
-47
-65
-76
-89
-100
-98
-98
-105
-107
-100
-98
-88
-72
-53
-44
-42
-43
-54
-58
-52
-47
-38
-31
-29
-19
-13
1
19
33
46
59
64
67
64
57
53
53
61
67
67
67
64
66
86
98
101
105
96
89
93
83
69
54
50
51
43
35
26
24
31
38
40
35
26
26
19
9
7
-2
-15
-22
-27
-38
-41
-40
-35
-29
-19
-13
-20
-22
-28
-33
-49
-55
-59
-54
-42
-38
-37
-44
-52
-49
-37
-22
-12
-11
-19
-25
-23
-23
-18
-24
-28
-24
-14
-11
-4
4
0
10
31
46
47
46
40
38
36
28
20
10
3
-4
1
18
23
18
22
23
22
15
9
6
-12
-27
-27
-25
-32
-40
-49
-53
-31
-4
2
2
-2
-21
-26
-22
-25
-30
-34
-31
-23
-12
-4
0
0
-3
1
8
11
17
26
23
13
4
-3
-1
5
10
7
22
18
16
21
11
11
12
15
22
22
24
3
-17
-22
-34
-30
-22
-23
-18
-22
-20
-16
-15
-23
-25
-28
-40
-45
-45
-50
-46
-42
-40
-29
-22
-23
-17
-14
-15
-26
-39
-42
-43
-33
-33
-34
-39
-50
-49
-38
-15
-4
-9
-21
-27
-18
0
13
12
7
3
-1
4
16
17
26
39
47
49
41
38
52
75
93
103
97
86
72
65
66
69
75
71
62
57
60
56
57
61
62
57
48
47
45
30
18
12
6
10
12
1
-12
-30
-49
-58
-58
-55
-55
-60
-71
-78
-86
-96
-92
-90
-94
-97
-101
-99
-98
-97
-99
-102
-93
-82
-78
-82
-87
-87
-85
-71
-53
-44
-41
-32
-25
-22
-18
-12
-6
1
7
15
16
23
38
52
66
78
77
77
88
93
98
100
110
121
115
109
104
96
103
127
138
139
124
93
82
88
103
108
104
100
95
86
65
43
23
12
13
16
4
-8
-18
-30
-34
-42
-59
-68
-65
-67
-72
-76
-89
-100
-102
-102
-100
-105
-115
-123
-124
-121
-116
-107
-102
-100
-91
-80
-80
-69
-55
-52
-42
-39
-38
-37
-42
-37
-24
-13
3
18
24
19
25
34
44
57
64
70
74
71
68
72
84
82
77
85
85
86
85
82
89
95
94
93
96
86
80
74
64
61
57
54
45
48
44
36
40
34
20
8
-3
-4
-11
-26
-38
-45
-52
-57
-62
-68
-71
-75
-81
-82
-81
-81
-83
-85
-88
-104
-118
-114
-108
-102
-98
-106
-114
-112
-101
-88
-79
-74
-62
-54
-54
-58
-54
-43
-34
-19
-12
-5
-7
-9
5
27
42
45
43
41
45
52
56
66
72
74
69
59
61
70
75
77
81
85
85
82
80
81
75
65
68
68
62
49
37
45
50
47
54
48
45
40
37
31
21
3
-16
-15
-21
-31
-36
-41
-44
-51
-46
-39
-37
-40
-55
-71
-77
-79
-67
-60
-56
-53
-58
-72
-78
-68
-58
-48
-41
-49
-54
-58
-57
-49
-36
-27
-26
-26
-29
-22
-17
-18
-3
4
12
23
31
36
31
36
34
30
36
38
44
47
55
59
56
56
60
64
65
65
70
67
64
63
59
53
47
47
45
49
48
38
37
34
27
18
11
13
18
20
19
12
7
-6
-17
-16
-21
-26
-26
-26
-24
-23
-28
-34
-42
-50
-54
-55
-57
-58
-60
-60
-55
-48
-38
-40
-46
-42
-43
-45
-51
-45
-38
-35
-26
-22
-25
-33
-36
-28
-18
-9
-1
0
0
4
7
16
28
29
27
28
28
27
31
32
43
52
52
53
39
25
28
33
42
52
55
48
41
39
36
36
31
29
31
27
25
19
13
12
11
11
6
-2
6
10
7
14
15
9
1
-1
-7
-7
-9
-14
-10
-15
-16
-23
-23
-16
-15
-17
-27
-29
-27
-23
-15
-17
-27
-42
-55
-51
-39
-30
-28
-28
-34
-38
-40
-32
-22
-15
-5
-6
-17
-27
-25
-17
-4
1
-6
-15
-26
-25
-15
-2
14
13
0
-15
-18
-17
-2
18
25
17
-4
-10
-10
-4
9
16
17
13
9
6
8
13
21
26
22
14
10
6
6
13
18
19
18
9
2
8
18
25
23
17
9
-2
-5
9
20
21
21
11
-6
-8
-5
1
7
2
-6
-12
-14
-6
5
11
12
4
-14
-26
-19
-8
0
10
9
-6
-16
-20
-21
-9
-3
-6
-16
-22
-25
-22
-16
-5
2
-1
-7
-19
-22
-17
-8
2
4
-1
-4
-10
-7
9
14
10
4
-8
-17
-9
5
16
17
9
-4
-15
-17
-8
8
15
16
16
7
-2
4
13
18
25
22
14
5
5
8
9
16
14
11
12
13
14
18
17
19
17
10
9
9
9
17
19
13
13
11
9
8
5
-1
-5
-11
-13
-9
2
8
9
-1
-12
-25
-29
-18
-9
0
2
-1
-12
-16
-10
-7
2
4
0
-2
-13
-15
-2
1
5
8
-2
-16
-23
-19
-9
6
16
9
3
-5
-5
1
3
9
11
11
0
-3
1
3
7
7
6
2
0
-1
-2
1
1
4
4
8
1
-7
-8
-6
5
11
12
0
-12
-15
-9
2
3
0
-3
-2
-2
-2
-6
-7
-7
-8
-8
-9
-11
-14
-10
-12
-10
-4
-5
-6
-3
-4
-6
-5
-5
-7
-7
-15
-13
-5
-1
3
1
-3
-3
0
1
1
1
1
3
3
10
8
6
6
4
8
4
3
5
10
8
9
9
8
8
5
0
-3
0
4
8
6
2
2
3
8
16
16
11
10
9
6
5
8
5
3
4
-1
-4
-4
-1
1
-4
-7
-1
-2
-4
1
5
3
-7
-9
-12
-15
-18
-17
-7
-5
-6
-7
-4
2
-4
-5
-4
-1
0
-5
-1
-2
-5
-5
-2
-4
-5
-8
-9
-8
-8
1
2
-2
-6
-5
2
3
8
8
5
-5
-5
0
0
0
0
4
1
-3
2
8
4
3
4
9
8
1
-2
-4
-3
3
10
10
2
0
-1
-1
5
5
2
0
1
1
3
3
0
2
4
4
-3
-2
-1
-4
-8
-10
-9
-7
-2
-4
3
3
-3
1
-4
-9
-10
-6
-1
1
-8
-10
-4
1
1
6
9
-6
-17
-14
-11
-5
4
4
-1
-6
-11
-5
2
5
8
9
12
13
10
7
-2
-1
4
12
16
12
11
9
7
4
6
6
6
3
0
0
0
4
7
10
5
-1
-3
1
4
5
10
9
7
5
0
1
-3
-6
-2
7
5
0
-2
-8
-8
-5
-5
-3
-4
-2
0
2
-2
-6
-5
-3
-6
-3
-1
-4
-4
-2
-3
-2
-3
-6
-5
-5
-9
-4
1
0
-4
-8
-5
-10
-6
-1
3
3
-2
-4
-8
-11
-8
3
7
6
7
1
-2
0
-4
-9
-5
2
9
13
12
8
6
7
9
13
9
2
1
2
1
3
5
3
5
6
1
-1
-3
-5
2
4
5
4
3
-6
-10
-9
-6
8
15
12
1
-9
-14
-9
-1
1
3
-1
-8
-15
-13
-12
-9
1
2
0
-1
-2
-3
4
5
7
8
-1
1
3
-1
-4
-7
-5
-3
-4
-2
0
1
0
-6
-10
-3
3
5
7
-3
-12
-2
15
16
13
7
-4
-2
3
3
2
3
5
4
6
-1
-5
-7
-9
-6
4
8
3
3
-1
-6
-8
-4
-1
5
7
0
5
3
2
5
7
4
4
9
4
2
-1
-6
-9
-9
-4
-5
-8
-16
-18
-7
6
8
9
4
-5
-3
-1
0
3
1
1
5
2
-5
-2
4
3
11
11
3
-1
-4
-6
1
11
4
-6
-7
-9
-10
-4
-5
-4
2
1
4
3
-4
-9
-9
-3
-1
7
10
-1
-9
-11
-13
-2
12
9
4
2
-1
3
9
12
10
6
1
1
0
-3
-1
2
8
10
8
1
-3
-1
-5
-4
0
-5
-1
3
0
-5
-6
-7
-9
-2
11
10
6
4
-3
1
5
5
9
8
2
-3
-5
-6
-1
0
-3
-3
-4
-3
-4
-2
-2
6
13
7
6
1
-6
-3
5
7
10
12
7
8
6
7
3
-1
6
4
3
-3
-7
-16
-14
-3
-3
0
-2
-7
0
0
2
2
-3
-4
-1
3
-2
-5
-8
-7
0
8
6
0
-2
-1
6
5
-1
-9
-14
-11
-8
-5
-4
-1
2
4
1
0
-1
-5
-1
6
3
6
11
3
0
-3
-11
-9
-3
4
10
4
-6
-9
-5
-1
3
-3
-9
-7
-2
4
5
0
-1
7
10
10
11
6
1
1
8
9
5
1
0
0
-2
-3
-4
1
2
-1
-2
-3
-3
-1
4
6
6
0
-4
-4
-1
2
5
5
-1
-3
-6
-9
-4
1
1
-3
-2
-1
-5
-8
-9
-15
-9
-6
-11
-11
-10
-1
5
2
-1
-1
-2
-6
0
5
4
3
-2
-7
-11
-8
-6
-3
1
-1
1
2
-4
0
5
3
5
3
1
3
-2
-4
-3
-2
-4
0
2
-6
-13
-8
-5
-3
3
2
-1
1
4
3
3
2
-1
3
2
-3
-7
-9
-10
-1
6
3
-5
-9
-8
-5
-1
2
7
3
0
2
1
-6
-5
2
4
1
-2
-7
-3
5
10
9
3
2
1
6
9
4
0
-2
5
12
12
7
3
2
5
11
17
13
13
15
15
6
-1
0
3
4
4
2
-3
-4
3
11
13
9
4
2
2
2
4
-2
3
4
-1
1
4
1
-1
-3
-3
-1
-3
-3
-5
-8
-13
-13
-8
-8
-11
-10
-12
-14
-13
-8
-1
0
-1
0
-1
-6
-4
1
4
5
1
1
0
1
5
2
1
7
5
0
2
-1
-8
-9
-2
-1
0
6
9
4
5
8
10
10
11
11
5
1
-1
-2
-2
-2
-8
-5
5
10
12
4
3
4
8
14
13
5
-3
-8
-8
-1
-2
-6
-9
-10
-5
-3
-2
-1
-1
-2
-1
-6
-12
-9
-7
-7
-4
-2
-8
-9
-6
-2
-1
-1
-4
-7
-8
-7
-6
-5
0
-2
-6
-3
-3
-1
1
4
3
1
-4
-8
-1
10
14
10
1
-2
-3
-4
8
19
12
2
-1
1
7
6
0
2
2
2
3
1
-4
-5
2
10
8
0
-3
-5
2
3
2
-4
-11
-13
-11
-2
-3
-3
-1
1
0
-1
3
3
8
8
12
14
5
-4
-4
-4
-9
-7
-8
-3
0
-3
1
5
11
11
6
4
3
4
2
3
5
-2
-5
-11
-16
-10
-6
-5
-2
3
3
7
8
8
1
-7
-2
1
7
9
11
10
9
2
-2
0
-5
-4
0
11
12
2
-12
-17
-12
-12
-7
-6
-7
-12
-9
-7
-6
-2
-6
0
1
-4
1
6
13
15
8
7
3
0
4
7
5
4
-5
-14
-16
-12
-7
-4
-4
0
2
-3
-4
-4
-5
-1
-1
2
2
4
5
7
8
-6
-7
-2
9
16
14
6
-1
-8
-7
2
1
1
0
-3
0
3
4
5
4
-4
-3
-4
-3
3
2
3
3
-1
2
8
5
12
11
6
4
3
5
3
6
5
-1
-1
4
6
5
9
6
0
-2
-3
-4
-1
2
0
3
1
-2
-1
0
2
-2
-2
0
-3
1
6
5
-3
-6
-5
-1
-2
-3
-3
-2
-3
-3
-5
-4
-1
0
0
1
1
-10
-11
0
2
-3
-4
-5
0
2
-6
-7
-4
-5
-3
-4
-6
-7
-4
1
7
4
1
0
7
12
11
8
1
-2
-3
-3
0
6
4
1
-1
-4
-1
3
2
0
-1
-5
-7
-3
-6
-7
-8
-6
-6
0
3
-1
-2
-1
-2
1
3
0
-4
-3
-4
3
8
10
10
11
6
2
5
2
1
2
2
1
3
3
-5
-7
-6
-5
0
2
-1
-4
-8
-10
-6
-8
-10
-2
3
0
2
0
-8
-4
-4
-3
-7
-7
-7
0
10
8
3
1
2
-2
-2
-1
0
3
2
-7
-9
-5
-9
-7
-6
-8
-3
-2
2
6
1
-7
-5
-1
2
2
-3
-5
2
7
7
7
2
-1
1
4
8
2
1
-1
-2
5
4
4
1
3
4
3
-3
-8
-3
3
4
4
3
-1
2
1
4
8
8
4
1
-6
-11
-10
-2
4
3
4
-3
-8
-5
1
11
13
11
2
-4
-5
-5
0
1
-3
-6
-5
-2
-1
-5
-11
-12
-5
0
-1
-2
-5
-2
6
8
5
1
0
-3
1
1
-2
1
2
-1
-1
1
-2
1
2
0
-3
-7
-4
0
5
1
-3
-2
-6
0
3
3
1
-2
0
-1
3
1
-3
1
5
4
-1
0
-1
5
8
10
12
10
3
2
1
-3
1
5
5
4
-3
-3
3
7
4
4
3
2
2
2
-3
-7
-3
0
2
4
0
-3
0
5
6
4
-3
-7
-9
-12
-7
0
6
11
4
-5
-11
-4
6
9
14
4
-1
-2
-3
-4
-3
0
-1
5
7
3
-1
1
8
7
8
3
0
1
2
2
-1
-4
-1
5
1
-6
-2
0
9
12
8
1
-1
4
3
2
-1
-4
0
8
3
-3
-3
-2
4
3
-3
-9
-10
-8
-6
-6
-5
-5
-6
-7
-9
-10
-3
-1
-1
-1
-6
-7
-8
-2
-2
-7
-10
-10
-7
-3
5
7
3
-3
-5
-1
1
0
-5
-6
-3
-4
-5
-3
4
8
8
4
-1
-2
0
3
-1
-7
-5
-1
0
1
1
0
5
8
11
9
2
4
4
-1
0
6
10
11
9
-1
-3
1
8
10
6
2
-9
-15
-13
-9
-6
0
8
4
-5
-8
-9
-1
6
7
1
-5
-6
-6
-2
1
4
6
2
-8
-13
-11
-1
6
5
-6
-12
-8
-4
3
-3
-10
-7
2
8
6
-5
-18
-14
1
10
8
-1
-7
-7
-4
1
6
8
5
1
-5
-4
-2
5
9
3
-7
-8
0
6
12
6
4
5
3
7
9
15
13
9
5
1
4
2
3
4
3
0
-3
-2
-1
-2
-1
1
-2
-3
2
3
0
0
0
1
6
9
8
11
9
2
-2
-8
-8
-5
-2
-4
-9
-12
-7
-2
0
0
-5
-12
-13
-4
0
1
4
2
3
0
-1
2
5
5
3
3
1
4
4
4
7
8
5
4
6
4
0
-6
-1
1
2
-3
-10
-3
8
14
17
8
2
2
4
8
9
0
-4
-1
0
2
1
0
1
2
3
1
1
-5
-9
-10
-10
-8
-6
0
0
2
-1
-5
0
8
10
9
8
3
0
0
-1
-7
-8
-1
-1
-1
-3
-4
-7
-10
-8
-4
0
-6
-7
-12
-10
-6
-5
3
5
8
3
-3
-11
-17
-8
-4
5
5
0
-6
-4
8
7
10
10
4
-7
-8
-5
-4
6
9
14
13
4
4
1
4
5
9
13
11
9
3
-3
-3
3
4
4
7
-1
-2
-8
-13
-12
-6
1
4
5
-8
-10
-6
-4
-4
-3
-4
-5
-8
-12
-10
-9
-5
-1
2
0
-2
-5
-10
-9
-3
4
6
4
0
-2
-5
-6
-2
8
4
-1
-4
1
6
4
2
0
1
4
6
1
-1
-1
-1
7
5
6
7
11
8
2
-4
-5
1
3
3
-2
-7
-8
-2
6
9
6
-5
-9
1
7
3
-1
5
7
12
16
12
5
4
10
9
10
8
10
3
-10
-11
-5
-1
-1
0
-7
-16
-14
-5
1
3
5
-2
-5
-1
0
1
1
0
1
-1
3
4
5
1
2
1
2
5
2
4
2
-2
-5
-2
1
4
-1
-9
-6
-10
-4
3
6
-1
-7
-4
0
9
5
-3
-3
-3
-1
3
5
-2
-3
0
6
9
3
2
0
2
2
1
-4
-5
-3
-7
-9
-9
-1
-3
-3
-4
-4
1
3
2
-3
-2
-3
4
11
7
4
-1
-3
1
6
3
-6
-6
-5
0
1
-3
-5
-9
-8
-9
-5
-3
-1
7
8
2
-9
-10
-4
8
12
9
9
2
-4
-1
2
1
5
2
-5
-2
4
4
2
3
-4
-9
-7
-3
2
2
0
1
2
5
4
3
0
1
6
6
2
1
-1
-2
1
4
-3
-6
-6
-7
-3
-5
-9
-8
-4
-3
-3
-4
-5
-4
-1
1
3
3
-2
-4
-5
-3
-2
-3
0
6
7
2
2
1
-3
-2
0
3
3
1
-4
-1
0
-5
-8
-4
3
1
-2
-3
-1
-2
-5
-7
-5
1
4
6
9
14
9
0
0
-2
-3
-5
-5
-5
-6
-2
5
8
4
2
-5
-5
0
6
3
-3
-5
-7
0
7
8
4
4
2
3
6
5
6
-1
-7
-9
-11
-4
1
8
7
-4
-9
-4
-1
0
-4
-4
-1
0
1
3
0
1
4
7
1
-3
-3
-3
3
0
-5
-5
-3
4
2
1
4
5
3
2
-3
-10
-7
-8
-2
1
2
5
6
11
9
6
4
3
4
-6
-8
-8
-7
-3
-4
-4
-2
7
5
4
4
1
-4
-3
-3
-2
3
1
4
-1
0
0
5
15
13
6
1
-2
-4
-4
4
8
5
-2
-1
2
1
4
-2
-3
3
3
-1
-2
-3
-1
6
4
5
5
2
-2
-6
-7
-6
-6
-3
-3
-2
1
-2
0
-2
-4
-4
-6
-3
0
-3
-7
-7
1
5
6
3
-6
-10
-1
0
-1
-3
-2
-5
-2
2
-6
-4
5
5
4
-1
-7
-4
4
1
-2
-2
-8
-1
-3
-5
-3
-8
-10
-3
6
-1
-3
0
-3
-4
-1
1
-2
-2
-2
3
3
-2
2
5
6
1
3
2
-4
-1
-2
