-739
-677
-595
-507
-417
-322
-218
-110
-5
104
215
321
417
513
605
684
758
823
873
912
941
960
965
969
960
933
898
857
813
758
704
647
582
516
453
397
339
286
238
186
140
104
74
47
24
8
-13
-27
-34
-43
-53
-59
-64
-76
-90
-101
-118
-139
-162
-192
-226
-266
-306
-352
-400
-445
-500
-552
-603
-654
-701
-744
-783
-820
-849
-874
-887
-889
-884
-872
-848
-812
-769
-713
-648
-576
-496
-405
-312
-213
-105
2
106
216
318
418
514
606
695
768
835
892
935
971
1001
1016
1016
1007
989
964
930
889
841
785
725
667
605
540
480
419
360
302
250
202
157
119
87
53
24
7
-14
-29
-40
-53
-65
-78
-84
-97
-112
-122
-141
-168
-192
-221
-252
-291
-332
-374
-424
-469
-517
-571
-623
-672
-722
-773
-815
-851
-887
-915
-936
-951
-957
-952
-939
-919
-887
-851
-804
-749
-686
-615
-544
-463
-378
-294
-201
-110
-19
74
162
246
329
409
482
548
612
665
706
746
778
800
814
826
823
819
812
797
775
753
725
691
664
633
596
562
532
495
462
436
401
373
345
314
284
262
239
212
189
165
135
106
80
50
16
-17
-55
-96
-136
-176
-220
-264
-307
-355
-401
-446
-486
-530
-572
-608
-645
-677
-699
-721
-738
-752
-755
-756
-750
-737
-717
-691
-664
-627
-586
-542
-489
-436
-378
-321
-260
-194
-131
-65
0
62
119
176
232
280
327
369
405
434
462
482
499
514
523
527
527
524
522
515
506
498
485
470
461
451
438
427
419
407
396
392
385
373
369
363
350
340
331
316
300
286
267
241
219
192
160
127
90
49
5
-40
-89
-140
-192
-247
-299
-350
-400
-451
-501
-547
-593
-629
-660
-691
-716
-737
-751
-762
-763
-760
-756
-744
-726
-702
-675
-639
-601
-565
-518
-473
-425
-372
-319
-264
-211
-157
-102
-53
1
53
99
145
185
224
263
298
328
356
381
406
427
448
466
483
497
510
521
531
543
553
561
567
574
577
581
586
586
584
582
577
569
560
548
533
514
494
470
442
414
381
345
307
265
221
172
123
76
23
-29
-79
-130
-183
-231
-277
-327
-369
-409
-448
-481
-513
-537
-560
-580
-593
-607
-616
-617
-618
-614
-607
-597
-585
-570
-549
-528
-505
-480
-455
-426
-395
-364
-331
-300
-266
-234
-204
-168
-135
-103
-73
-42
-10
19
50
79
109
139
167
193
221
250
276
303
328
351
376
399
421
441
459
475
489
503
513
520
528
528
526
521
512
500
484
469
446
421
395
365
334
301
264
225
185
147
106
64
26
-16
-57
-92
-130
-166
-199
-232
-261
-286
-311
-335
-352
-370
-387
-402
-416
-430
-438
-447
-456
-463
-469
-473
-476
-476
-478
-477
-476
-472
-467
-459
-450
-440
-425
-410
-392
-373
-352
-324
-296
-266
-231
-195
-158
-116
-72
-29
17
65
113
159
208
257
303
351
398
440
479
518
554
583
609
633
650
662
670
674
673
665
653
637
616
590
559
527
492
453
412
368
323
279
235
189
145
100
58
16
-21
-57
-92
-123
-151
-176
-197
-217
-233
-249
-259
-271
-282
-288
-297
-304
-310
-315
-321
-329
-332
-339
-347
-357
-364
-374
-384
-393
-404
-413
-425
-432
-442
-449
-453
-457
-458
-456
-450
-442
-430
-414
-395
-373
-346
-317
-284
-247
-205
-163
-119
-68
-17
36
90
144
195
247
299
346
393
437
475
511
542
569
591
608
621
628
627
619
612
594
574
550
521
487
449
410
369
327
283
239
193
150
110
65
25
-12
-51
-85
-114
-142
-168
-191
-207
-222
-238
-246
-252
-261
-264
-265
-269
-270
-269
-270
-269
-265
-264
-266
-268
-263
-267
-268
-266
-271
-273
-275
-274
-276
-276
-274
-275
-274
-267
-264
-257
-244
-233
-219
-199
-179
-159
-133
-101
-77
-44
-7
23
59
102
136
172
214
247
280
318
350
372
401
428
441
461
477
481
486
489
484
477
470
454
435
418
394
367
339
310
278
246
215
177
145
115
80
48
19
-9
-36
-61
-85
-112
-132
-150
-172
-188
-200
-216
-229
-234
-243
-253
-259
-267
-275
-280
-283
-289
-294
-294
-297
-298
-298
-296
-295
-294
-291
-290
-285
-278
-269
-260
-247
-235
-221
-204
-187
-166
-146
-123
-99
-77
-49
-22
7
37
65
93
121
149
173
198
222
243
262
281
297
308
319
327
330
332
333
329
323
318
308
294
279
264
245
226
207
186
161
141
121
100
81
63
41
23
9
-6
-21
-31
-43
-55
-60
-65
-75
-76
-66
-84
-85
-76
-83
-84
-83
-87
-98
-96
-94
-108
-112
-113
-132
-138
-131
-145
-157
-154
-164
-174
-175
-177
-182
-185
-182
-188
-187
-181
-176
-166
-152
-145
-135
-115
-97
-78
-56
-35
-13
10
34
58
84
110
130
152
176
190
207
224
236
244
251
254
251
249
247
236
225
214
195
179
163
139
119
96
71
46
21
-1
-25
-45
-69
-91
-109
-127
-144
-156
-169
-181
-190
-197
-201
-206
-206
-206
-207
-207
-202
-200
-197
-190
-185
-182
-177
-171
-169
-163
-155
-152
-151
-144
-139
-137
-128
-124
-120
-113
-107
-99
-91
-82
-73
-64
-51
-39
-24
-11
5
22
42
58
77
98
116
135
153
167
184
202
217
230
244
256
264
272
279
281
282
281
277
272
265
256
242
228
212
195
178
158
138
114
94
73
51
30
10
-8
-27
-46
-66
-82
-94
-110
-123
-132
-144
-152
-159
-164
-166
-169
-173
-174
-172
-172
-171
-165
-163
-160
-157
-152
-149
-144
-135
-133
-129
-121
-116
-109
-101
-92
-83
-76
-69
-55
-44
-33
-22
-11
0
11
27
41
53
67
84
96
110
127
143
157
170
180
191
201
212
217
226
229
230
233
232
230
228
224
216
209
200
189
177
165
148
130
115
95
74
57
38
17
-2
-20
-38
-57
-74
-90
-108
-122
-135
-150
-161
-171
-181
-194
-199
-206
-213
-219
-223
-226
-228
-231
-232
-232
-231
-229
-227
-223
-221
-218
-213
-210
-203
-197
-191
-183
-177
-167
-158
-147
-139
-127
-115
-100
-84
-68
-51
-36
-19
-1
19
38
57
77
97
114
135
156
176
195
211
229
245
260
274
288
301
308
314
319
324
327
327
323
318
312
301
291
278
265
248
229
210
189
168
145
122
97
73
47
23
-3
-27
-50
-75
-98
-120
-141
-162
-180
-197
-213
-228
-241
-254
-261
-269
-277
-283
-289
-293
-296
-295
-294
-291
-288
-284
-278
-271
-262
-254
-243
-234
-220
-208
-197
-182
-167
-153
-137
-122
-105
-88
-70
-53
-36
-17
1
19
38
58
76
94
112
129
146
163
178
192
208
221
233
244
254
264
270
277
281
284
289
289
287
284
280
275
266
258
249
239
228
211
197
182
168
151
132
112
95
76
56
35
15
-2
-22
-40
-59
-77
-93
-111
-129
-146
-159
-173
-187
-198
-208
-217
-227
-234
-242
-249
-254
-257
-260
-259
-257
-257
-254
-250
-246
-239
-233
-224
-214
-203
-192
-181
-168
-152
-138
-121
-105
-89
-73
-54
-36
-21
-2
15
33
50
66
84
99
118
132
146
161
173
185
197
206
214
222
230
235
241
243
244
247
244
243
240
234
229
223
216
207
196
186
175
164
153
140
127
112
97
81
66
51
35
18
2
-16
-32
-48
-65
-79
-93
-108
-123
-136
-150
-162
-174
-184
-196
-205
-214
-221
-225
-230
-234
-237
-236
-239
-237
-233
-231
-225
-218
-213
-204
-196
-187
-177
-165
-150
-138
-124
-108
-93
-77
-64
-48
-32
-16
-1
15
31
46
59
75
87
101
113
127
140
150
160
169
177
183
191
195
198
202
204
205
207
208
205
203
201
196
193
189
181
175
169
162
152
145
134
120
112
101
90
81
70
58
45
31
18
4
-7
-23
-37
-51
-64
-75
-89
-100
-112
-121
-131
-141
-149
-159
-165
-172
-178
-184
-189
-191
-191
-192
-192
-190
-186
-184
-178
-172
-167
-159
-150
-144
-133
-127
-116
-105
-96
-86
-76
-64
-51
-36
-22
-8
3
14
28
38
51
61
71
80
90
100
109
116
121
129
135
140
144
148
149
153
155
157
156
155
154
150
149
146
141
137
130
123
117
108
102
94
85
76
67
56
46
37
27
15
5
-6
-17
-26
-37
-47
-56
-66
-74
-83
-89
-97
-103
-108
-115
-120
-125
-126
-130
-133
-133
-134
-136
-136
-133
-132
-130
-124
-119
-116
-110
-104
-99
-93
-87
-83
-76
-69
-62
-56
-48
-40
-32
-24
-17
-9
0
7
14
24
30
36
43
47
54
58
65
70
73
78
83
87
89
95
94
98
102
101
100
101
100
97
97
94
91
90
87
82
78
74
70
65
60
55
47
44
37
31
26
17
9
5
-1
-7
-11
-16
-21
-26
-31
-35
-37
-39
-41
-43
-45
-48
-49
-51
-49
-50
-49
-49
-46
-46
-43
-41
-40
-38
-37
-37
-36
-32
-30
-28
-27
-22
-20
-20
-18
-17
-16
-12
-10
-10
-9
-9
-8
-7
-5
-5
-4
0
1
3
5
7
8
9
11
12
14
14
16
17
18
21
21
21
24
22
21
24
23
24
23
22
21
20
19
18
17
16
14
12
10
8
6
5
4
1
0
-1
-3
-5
-8
-9
-10
-11
-14
-13
-14
-17
-16
-17
-18
-17
-17
-16
-18
-17
-17
-17
-15
-15
-14
-12
-14
-13
-10
-10
-11
-9
-10
-8
-8
-9
-8
-6
-4
-5
-7
-3
-1
-1
-3
-1
-1
-2
0
0
4
4
4
7
8
9
10
12
13
13
15
16
16
18
18
19
19
20
20
19
20
19
20
18
19
18
17
14
14
12
9
8
7
7
6
4
2
1
-1
-3
-5
-6
-9
-6
-7
-7
-8
-10
-13
-13
-12
-15
-13
-14
-13
-14
-16
-16
-13
-13
-12
-13
-11
-11
-12
-13
-12
-11
-11
-12
-12
-13
-11
-9
-9
-5
-6
-5
-4
-5
-3
-5
-4
-2
-2
0
2
3
2
3
5
5
10
11
13
16
14
14
14
14
16
14
15
16
14
15
15
15
15
16
16
16
16
16
15
14
13
11
11
8
8
6
5
3
2
1
1
1
1
0
-1
-2
-1
-2
-3
-2
-4
-3
-5
-7
-6
-7
-9
-9
-9
-12
-9
-12
-12
-14
-14
-15
-14
-13
-13
-14
-14
-16
-17
-17
-17
-16
-15
-13
-12
-11
-10
-10
-10
-9
-8
-6
-5
-4
-2
-2
0
1
4
8
9
8
10
10
11
14
14
13
16
15
16
16
15
15
16
17
15
14
14
16
15
14
13
10
11
11
10
9
7
9
5
5
2
2
3
1
2
0
-2
0
-1
-2
-2
-2
-5
-6
-5
-5
-4
-4
-5
-6
-8
-9
-10
-10
-9
-12
-10
-11
-11
-13
-15
-16
-14
-14
-14
-14
-15
-12
-13
-12
-13
-11
-12
-12
-8
-7
-8
-6
-7
-6
-5
-4
-2
-2
1
4
5
7
8
9
10
8
9
10
9
11
12
12
14
14
13
14
13
12
11
10
8
9
10
8
7
7
7
7
5
3
3
2
2
2
0
-3
-3
-4
-6
-7
-6
-6
-9
-10
-11
-11
-13
-14
-13
-12
-13
-13
-14
-13
-13
-12
-15
-15
-14
-14
-13
-13
-14
-16
-16
-14
-12
-11
-11
-10
-9
-9
-8
-7
-5
-4
-3
-2
0
1
2
6
8
9
9
11
9
12
12
13
16
15
16
16
14
14
13
13
12
12
14
14
12
14
13
11
14
13
11
11
8
7
7
6
7
6
7
6
7
6
5
4
3
3
2
1
0
-1
-1
-2
-1
-3
-5
-6
-6
-5
-5
-6
-5
-5
-7
-9
-10
-12
-13
-14
-14
-14
-14
-13
-12
-11
-12
-12
-11
-10
-9
-9
-9
-8
-6
-7
-6
-4
-5
-3
0
-2
0
1
4
4
3
3
2
3
4
3
5
8
5
7
8
8
8
8
8
10
11
10
11
10
11
12
10
9
11
10
10
8
6
7
6
6
5
5
7
7
7
4
3
3
3
3
4
3
3
1
0
0
-2
-2
-5
-6
-5
-8
-9
-8
-9
-7
-6
-9
-10
-12
-13
-13
-14
-13
-14
-14
-12
-11
-10
-9
-10
-8
-6
-7
-6
-5
-6
-4
-3
-4
-2
0
0
2
3
3
5
5
5
5
6
7
7
8
10
11
11
12
12
12
10
9
10
9
9
9
9
8
11
11
10
10
7
6
5
4
5
3
3
2
3
4
2
1
1
-2
-3
-1
-1
-3
-4
-5
-7
-7
-8
-8
-9
-9
-9
-9
-9
-8
-8
-8
-7
-8
-6
-6
-7
-8
-8
-8
-8
-6
-6
-5
-5
-5
-3
-4
-3
-5
-4
-1
-2
-2
-1
-2
-2
0
-1
1
1
2
2
3
3
4
2
4
5
3
4
5
5
6
5
5
7
7
6
7
7
6
6
5
6
6
7
4
2
3
2
1
1
1
-1
-3
-3
-4
-4
-3
-4
-5
-4
-4
-6
-7
-7
-8
-8
-10
-10
-10
-12
-11
-10
-10
-9
-9
-9
-9
-8
-7
-7
-6
-4
-5
-5
-7
-4
-4
-5
-4
-3
-5
-3
-2
-2
0
1
1
1
1
1
2
2
2
3
3
5
4
3
3
6
6
7
9
7
10
10
11
11
10
9
7
7
7
7
6
7
8
7
8
8
7
5
5
6
3
2
2
3
2
1
-1
-2
-3
-5
-5
-7
-6
-6
-6
-4
-5
-6
-7
-8
-10
-8
-9
-12
-10
-10
-10
-7
-10
-9
-8
-7
-7
-7
-7
-7
-8
-7
-7
-7
-6
-8
-5
-5
-3
-2
-2
2
3
4
4
4
6
4
4
6
6
6
7
9
11
9
11
13
13
12
12
12
12
12
13
12
13
12
10
9
9
9
7
7
7
7
8
5
6
5
5
4
3
0
-1
0
-1
-1
0
-2
-6
-4
-4
-5
-5
-6
-6
-4
-3
-5
-5
-6
-7
-8
-8
-8
-6
-7
-7
-8
-6
-7
-5
-5
-6
-4
-5
-4
-4
-4
-5
-6
-4
-6
-6
-7
-6
-5
-5
-4
-3
-1
-1
1
2
0
2
1
0
2
2
0
1
2
1
4
4
4
4
4
5
5
5
6
6
5
6
4
5
3
4
4
3
2
2
2
2
2
2
1
0
1
0
-1
-2
-3
-4
-6
-6
-7
-7
-8
-7
-8
-7
-9
-9
-8
-8
-10
-10
-11
-12
-11
-11
-10
-11
-9
-9
-8
-7
-8
-9
-8
-7
-7
-6
-4
-7
-5
-4
-4
-2
-1
2
2
3
2
5
4
4
6
5
7
5
7
7
8
10
10
10
11
12
11
13
13
13
15
14
13
13
11
10
13
14
12
14
14
12
14
15
13
13
14
12
12
11
9
7
7
4
6
5
4
3
3
4
3
2
0
0
0
-2
-3
-2
-3
-4
-5
-5
-6
-7
-7
-5
-7
-8
-7
-7
-6
-7
-6
-7
-6
-7
-8
-7
-7
-8
-5
-4
-4
-4
-3
-1
-2
-2
-1
-1
-1
1
-1
0
2
2
2
4
5
5
5
6
5
5
6
4
4
4
5
4
5
6
4
4
5
3
3
2
1
1
1
2
1
0
0
0
-1
0
-2
-3
-2
-2
-3
-2
-2
-3
-4
-4
-3
-4
-6
-6
-6
-6
-8
-6
-8
-7
-8
-7
-7
-8
-7
-6
-7
-6
-8
-8
-7
-6
-7
-8
-8
-9
-9
-8
-8
-8
-7
-6
-4
-4
-1
-1
0
1
0
0
-2
-2
-1
0
0
0
2
4
6
7
8
7
9
9
7
9
9
9
8
10
10
11
13
12
13
13
14
12
12
13
14
12
12
12
10
9
11
8
7
6
5
6
5
4
2
2
2
1
1
-1
-2
-2
-3
-5
-4
-3
-5
-4
-5
-7
-7
-8
-6
-7
-8
-7
-9
-9
-7
-9
-5
-5
-7
-6
-7
-6
-7
-8
-8
-8
-5
-6
-5
-3
-4
-3
-4
-4
-4
-3
-5
-3
-4
-3
-3
-3
-2
-3
-3
-1
-1
0
0
0
-1
-2
-1
-1
-1
-1
0
0
1
0
1
2
2
3
2
3
1
3
3
2
1
1
1
1
1
1
1
2
-1
-1
0
0
-1
-2
-1
-2
1
1
-1
-1
-2
-1
-2
-1
-2
-5
-5
-5
-5
-5
-4
-5
-5
-3
-4
-2
-3
-4
-5
-4
-4
-3
-2
-1
-1
0
2
2
3
5
2
3
4
5
4
5
4
4
6
5
7
6
7
6
6
7
6
7
7
6
9
8
7
8
8
9
7
8
7
7
7
6
7
6
6
6
6
6
5
6
5
6
4
4
4
6
6
3
3
3
2
2
0
1
0
-1
-2
-2
-2
-3
-2
-3
-5
-5
-5
-5
-6
-6
-6
-7
-8
-7
-7
-7
-7
-9
-9
-9
-8
-8
-7
-7
-7
-7
-9
-9
-10
-9
-9
-8
-8
-8
-8
-8
-6
-6
-6
-5
-3
-2
-2
-1
-3
-2
-3
-2
-1
0
-1
1
2
2
3
3
3
1
2
2
2
2
2
4
3
3
2
1
0
0
2
1
1
0
1
2
0
2
1
1
-1
0
-1
-2
0
0
0
0
1
0
0
0
1
2
-2
0
-2
-2
0
1
1
2
1
2
3
0
3
2
2
1
1
1
1
0
1
0
1
2
3
4
5
4
4
4
3
3
2
1
0
0
0
0
1
1
-1
0
-2
-1
-2
-1
-2
-2
1
0
-1
0
0
0
1
1
1
1
1
3
2
3
3
2
1
0
1
3
3
3
4
4
2
3
1
3
3
2
2
1
2
0
1
1
3
0
1
0
0
0
0
0
-1
-2
-1
-2
-3
-3
-3
-3
-3
-1
-3
0
-1
0
1
0
1
1
1
2
-1
-1
-3
-4
-6
-7
-8
-10
-10
-10
-10
-11
-13
-13
-15
-16
-17
-20
-22
-23
-24
-25
-24
-25
-24
-24
-24
-22
-24
-22
-22
-21
-21
-20
-19
-17
-17
-17
-13
-11
-11
-10
-9
-6
-3
-1
1
3
7
9
11
15
18
22
26
28
32
35
38
42
44
49
52
56
60
61
65
70
72
74
76
78
78
79
79
78
79
77
75
75
74
72
71
68
65
62
57
52
50
48
42
39
34
29
27
19
15
8
1
-4
-15
-22
-32
-41
-49
-58
-65
-77
-85
-95
-104
-113
-124
-133
-143
-155
-166
-173
-182
-192
-199
-204
-209
-211
-213
-213
-212
-210
-206
-199
-191
-181
-169
-155
-140
-124
-108
-89
-72
-54
-34
-14
6
26
46
63
84
104
124
143
161
180
196
210
220
230
239
247
254
257
259
262
264
262
260
257
251
248
241
236
230
223
218
210
200
192
183
173
165
157
148
140
129
119
110
100
88
75
63
51
37
23
8
-5
-23
-39
-59
-78
-97
-118
-138
-160
-182
-203
-226
-248
-269
-290
-310
-331
-351
-368
-386
-403
-415
-427
-439
-445
-451
-453
-452
-450
-446
-440
-429
-420
-406
-391
-376
-356
-334
-307
-278
-248
-216
-181
-144
-107
-70
-31
11
51
93
136
178
220
261
302
342
381
418
454
486
518
549
576
600
618
635
647
652
657
657
653
645
634
621
603
582
556
528
496
464
427
388
350
308
263
219
175
130
84
40
-3
-48
-89
-128
-167
-205
-242
-274
-306
-334
-362
-387
-408
-428
-445
-463
-479
-495
-511
-524
-536
-546
-556
-565
-574
-580
-586
-593
-598
-601
-606
-609
-611
-614
-610
-608
-601
-593
-581
-564
-545
-523
-498
-469
-435
-397
-354
-303
-248
-188
-122
-51
23
98
179
260
339
418
494
569
640
710
773
832
885
928
966
993
1011
1022
1023
1017
1002
978
945
909
866
814
758
696
632
566
499
429
360
291
225
163
104
49
0
-44
-86
-121
-151
-177
-197
-212
-225
-232
-234
-235
-234
-229
-223
-216
-210
-209
-207
-208
-212
-218
-227
-240
-255
-272
-289
-312
-334
-359
-388
-415
-443
-471
-496
-518
-540
-557
-573
-586
-598
-605
-607
-607
-604
-596
-583
-569
-550
-529
-503
-476
-447
-417
-383
-348
-312
-274
-235
-194
-155
-112
-70
-26
21
67
115
164
213
262
312
363
410
455
499
543
582
622
656
688
719
741
758
770
776
779
774
765
748
726
698
663
623
580
531
477
423
365
307
246
186
126
68
11
-47
-98
-148
-191
-229
-263
-291
-313
-328
-340
-345
-346
-343
-334
-323
-307
-290
-271
-251
-229
-208
-188
-168
-153
-139
-126
-118
-113
-111
-114
-121
-129
-141
-153
-168
-188
-207
-226
-247
-270
-293
-315
-340
-360
-378
-395
-411
-421
-429
-435
-438
-439
-435
-428
-417
-403
-385
-366
-341
-313
-282
-248
-212
-172
-130
-84
-37
12
64
116
170
224
277
329
382
431
480
526
567
607
642
674
700
722
737
747
752
753
748
736
715
693
662
628
588
545
498
449
395
338
282
224
164
105
46
-11
-67
-118
-165
-208
-246
-281
-310
-335
-353
-368
-380
-385
-386
-385
-376
-364
-350
-333
-317
-299
-280
-261
-241
-223
-204
-187
-173
-160
-145
-134
-128
-124
-122
-121
-126
-130
-136
-145
-153
-163
-175
-187
-200
-212
-224
-235
-243
-255
-261
-266
-268
-269
-268
-264
-260
-253
-242
-232
-215
-196
-178
-155
-131
-105
-77
-47
-15
18
52
86
122
160
196
232
267
303
338
374
407
440
468
492
516
534
549
559
566
569
567
561
552
539
523
503
477
449
414
379
338
297
252
206
159
112
66
22
-22
-66
-107
-146
-184
-216
-245
-271
-291
-308
-321
-330
-334
-336
-333
-327
-314
-300
-283
-263
-241
-217
-192
-166
-142
-120
-97
-76
-55
-38
-23
-11
-1
7
10
15
14
11
7
1
-8
-19
-30
-46
-60
-77
-93
-107
-123
-139
-151
-164
-175
-187
-196
-204
-210
-212
-214
-212
-207
-200
-193
-185
-173
-163
-153
-143
-129
-116
-100
-80
-63
-43
-22
-2
19
43
63
84
106
126
145
162
179
195
211
226
238
251
263
270
276
281
281
282
279
273
265
256
244
230
215
198
179
158
137
117
96
73
52
32
15
-3
-20
-36
-50
-59
-69
-76
-81
-83
-83
-83
-78
-71
-67
-61
-52
-43
-34
-25
-15
-6
4
12
19
25
27
30
31
28
25
20
12
4
-7
-18
-35
-49
-65
-81
-97
-115
-131
-145
-158
-173
-187
-197
-208
-218
-224
-230
-232
-234
-232
-231
-226
-220
-214
-207
-197
-188
-178
-164
-149
-134
-117
-103
-84
-67
-51
-34
-15
3
21
39
58
79
99
119
138
155
173
192
209
226
243
256
270
282
293
301
308
311
312
313
311
307
303
297
286
274
261
245
228
210
190
169
146
123
100
75
51
28
5
-19
-41
-63
-84
-99
-117
-132
-145
-157
-167
-175
-182
-187
-190
-190
-188
-185
-182
-175
-168
-158
-149
-141
-131
-121
-109
-100
-90
-81
-71
-63
-57
-48
-42
-36
-32
-29
-28
-27
-27
-27
-27
-30
-34
-38
-43
-48
-54
-57
-65
-72
-79
-86
-90
-96
-102
-105
-108
-111
-113
-113
-114
-112
-109
-105
-99
-93
-84
-75
-64
-51
-38
-25
-8
7
23
37
54
69
84
100
116
129
143
157
170
180
188
192
196
200
202
198
195
191
183
176
169
159
149
138
124
108
94
78
60
46
33
18
6
-5
-16
-28
-37
-45
-53
-59
-62
-64
-64
-63
-60
-58
-53
-49
-45
-41
-38
-31
-26
-20
-12
-7
-2
2
6
7
8
11
10
10
8
6
5
0
-3
-10
-18
-24
-31
-38
-45
-55
-61
-70
-78
-87
-95
-101
-110
-118
-127
-133
-138
-143
-147
-150
-155
-157
-162
-161
-159
-157
-151
-143
-134
-126
-115
-104
-92
-80
-69
-55
-39
-20
-2
14
33
51
68
84
102
122
142
160
175
191
205
218
229
236
239
241
242
242
242
242
240
235
228
220
209
193
179
162
148
135
120
105
89
73
56
38
21
3
-11
-25
-34
-43
-49
-58
-67
-73
-81
-89
-92
-95
-97
-95
-93
-92
-89
-87
-86
-87
-86
-86
-86
-86
-79
-78
-78
-73
-72
-72
-73
-75
-76
-77
-78
-77
-78
-78
-82
-86
-91
-98
-104
-106
-109
-113
-112
-110
-112
-114
-114
-115
-117
-120
-121
-119
-116
-109
-101
-91
-81
-73
-68
-61
-53
-45
-35
-19
-4
13
30
48
61
76
89
99
112
124
136
147
160
171
182
191
196
201
206
208
208
207
205
202
203
196
185
175
162
147
131
121
108
97
88
77
66
49
32
16
1
-14
-25
-33
-38
-44
-49
-56
-64
-70
-76
-81
-85
-85
-84
-80
-75
-69
-65
-62
-59
-56
-55
-57
-52
-47
-40
-36
-29
-25
-25
-25
-28
-30
-31
-32
-29
-27
-26
-29
-34
-43
-50
-51
-59
-66
-69
-61
-65
-66
-71
-66
-70
-78
-82
-83
-81
-81
-77
-72
-64
-59
-59
-58
-57
-55
-51
-40
-27
-20
-3
7
16
18
26
27
26
36
39
50
60
72
81
86
88
85
89
85
86
84
88
89
93
92
88
82
72
65
50
47
38
39
37
31
28
22
12
0
-14
-17
-24
-33
-37
-31
-33
-44
-48
-43
-49
-56
-54
-44
-43
-44
-39
-29
-27
-36
-36
-28
-21
-23
-19
-10
-5
-8
4
3
11
7
8
8
11
14
11
20
20
20
12
12
13
2
-3
0
6
8
-5
3
-4
-11
-31
-28
-29
-33
-36
-30
-26
-29
-33
-38
-32
-41
-43
-47
-33
-37
-37
-34
-26
-22
-22
-23
-17
-9
-7
-7
4
13
12
25
27
28
24
32
35
31
39
41
55
53
52
53
54
55
39
46
42
46
42
39
47
35
35
23
26
15
9
3
8
6
-10
-12
-11
-10
-27
-27
-27
-27
-33
-39
-32
-20
-22
-18
-22
-14
-22
-13
-18
-1
1
12
16
26
27
26
43
30
40
30
50
34
52
47
56
50
50
50
46
42
34
37
33
35
16
21
11
16
-9
-9
-10
-16
-31
-40
-22
-43
-40
-55
-49
-55
-71
-63
-75
-60
-72
-62
-60
-59
-71
-68
-54
-57
-59
-57
-35
-30
-34
-33
-16
-11
-23
-26
-5
6
11
14
32
35
45
40
42
48
49
64
49
76
64
78
57
78
72
78
67
43
64
54
85
16
65
59
59
18
21
51
16
18
-12
52
2
24
-7
20
18
-15
11
-33
7
-2
-7
-8
-5
19
-13
-12
0
-18
-6
-13
10
3
18
14
-13
13
-4
-6
-32
-5
-14
-38
-29
-8
-8
-39
-49
-49
-46
-69
-67
-77
-71
-72
-75
-76
-116
-93
-83
-104
-116
-102
-90
-112
-116
-116
-91
-103
-100
-112
-74
-48
-81
-74
-53
-14
-72
-51
-6
-9
-14
-9
34
39
35
49
55
90
62
71
77
107
127
80
106
119
124
93
133
105
128
96
94
139
95
99
92
72
97
49
82
43
11
61
43
19
8
2
3
-4
-35
-23
-47
-8
-42
-47
-30
-31
-40
-64
-60
-47
-54
-81
-24
-60
-36
-65
-31
-34
-90
-33
-45
-39
-61
-52
-11
-29
-42
-37
-49
1
-46
-94
-8
-2
-38
-103
-6
32
-47
-59
-18
-19
-4
-61
-51
-9
-18
-40
-24
36
-27
-17
18
10
-22
18
26
27
-3
36
65
58
-4
-3
64
84
-1
10
127
75
25
60
154
70
33
79
140
51
16
128
130
41
56
91
139
28
20
134
81
82
-70
128
132
-12
-8
10
156
-54
-28
61
23
7
-27
8
-30
-8
-49
-35
-74
21
-57
-92
-30
-22
-28
-138
-16
-47
-79
-98
-15
-98
-47
-21
-71
-58
-73
4
-118
-77
-29
-47
-37
-66
-39
23
-53
-28
-35
-32
-59
-25
14
-88
-7
-5
45
-60
-4
-37
12
41
-112
-15
48
1
-39
-8
35
53
11
-13
4
111
61
-30
5
129
53
-30
52
44
118
-42
41
140
66
-20
56
112
55
3
30
134
23
62
-15
99
55
-9
80
53
0
21
87
56
32
-19
-9
45
40
-43
-56
37
-9
-49
-34
-24
11
-33
-75
-51
67
-44
-157
-74
88
-124
-132
-62
8
-48
-170
-7
-66
-46
-85
-79
-28
-44
-76
-65
-42
-26
-69
-74
-30
-6
27
-30
-157
134
91
-64
-89
126
89
-97
40
82
87
-94
104
22
140
29
-55
131
15
179
-7
24
29
170
152
-94
-60
93
205
-31
-103
-25
159
44
-96
-19
36
48
-132
40
86
17
-130
-48
68
68
-143
-51
12
-26
-7
-97
85
-38
-47
-32
-32
76
-6
-132
-44
65
114
-101
-137
126
132
-104
-171
137
194
-97
-159
96
120
-49
-151
63
141
-88
-131
67
189
-98
-193
168
60
-67
-77
9
48
-38
-3
-46
51
-4
-27
-5
28
-22
9
-26
-56
-14
148
-85
-122
170
24
18
-87
93
114
-38
25
-14
157
-23
-19
49
67
-10
-11
159
-98
3
30
144
-60
-66
30
3
31
-121
119
-130
37
-111
144
82
-252
51
16
74
-250
54
31
-88
-187
46
41
-26
-218
-170
352
-94
-207
-87
233
-23
-283
182
126
-124
-110
56
284
-161
-151
89
117
93
-177
-54
167
61
14
-248
175
288
-191
-192
138
301
-111
-211
119
190
-56
-105
1
192
-59
-83
-3
94
-6
-157
53
60
-12
-172
113
30
-86
19
-15
36
-61
-49
69
-99
149
-26
-105
29
109
125
-215
17
10
189
-83
-10
-87
140
157
-170
64
52
124
-120
-149
259
161
-159
-164
201
249
-93
-287
83
277
-88
-190
9
255
-90
-246
60
190
-80
-254
33
213
-65
-225
-28
209
-52
-256
107
-39
-133
82
-122
92
-129
-43
47
-68
72
-38
-118
18
44
116
-21
-308
287
59
9
-67
-76
106
112
-143
-19
270
-71
-117
-73
476
-75
-234
82
80
177
-78
-172
-27
376
-203
-78
53
115
-13
-249
279
-102
-60
-131
76
62
-120
-47
-29
109
-146
83
-146
48
-45
-53
84
-59
-10
-114
15
174
-197
-100
10
64
12
-157
58
-3
-13
98
-22
-138
128
131
-55
-86
100
91
-109
82
-25
5
-82
131
30
-227
154
6
40
-159
115
27
-122
29
68
98
-194
-106
98
235
-202
-244
134
177
-54
-168
81
19
101
-215
-101
273
-19
-277
-22
335
-116
-132
-105
158
213
-77
-303
-65
580
-22
-405
10
259
59
-167
-82
128
116
-136
-208
153
283
-151
-252
92
238
7
-396
112
280
-15
-385
66
570
-329
-268
82
453
-289
-330
311
147
22
-545
342
400
-278
-432
202
532
-250
-439
128
511
-215
-231
23
388
68
-413
66
395
-35
-298
125
168
20
-266
95
273
-164
-89
-16
104
126
-146
-139
221
106
-159
-58
81
125
-256
42
161
-30
-154
-166
218
-47
31
-296
-35
237
-101
-134
-93
117
-45
-139
37
165
-213
-82
149
-18
-61
-122
61
138
-206
15
27
57
-46
-174
141
58
-24
-232
54
288
-134
-299
146
277
29
-385
60
391
-44
-218
-149
277
152
-260
-45
262
79
-162
-207
377
-7
-196
1
67
76
-145
88
-13
51
-10
87
-143
-21
157
-4
-179
-52
144
-35
-133
29
145
-149
-194
18
232
-58
-350
37
222
50
-264
7
213
-25
-37
-107
179
75
-150
-55
88
133
-144
-32
24
41
101
-188
-6
196
0
-58
-65
167
73
-112
109
-85
43
-2
-9
-5
-90
59
-14
118
-63
-76
46
82
4
-77
47
70
-98
-41
211
88
-136
-31
202
59
28
-107
65
75
119
-118
-97
283
11
-47
-164
204
50
-143
46
106
70
-190
-14
198
127
-164
-232
160
183
-109
-235
67
216
-73
-199
-44
241
-1
-341
-4
261
-40
-324
-195
365
-20
-225
-192
60
330
-303
-221
42
120
-111
-177
44
222
-215
-168
227
119
-99
-268
269
94
-172
-66
86
30
-77
105
26
-86
-47
84
113
60
-182
10
137
62
75
-89
-56
120
43
-16
80
32
36
-206
70
173
2
-96
-165
171
70
-80
-221
164
242
-298
-180
244
282
-283
-255
241
327
-342
-159
140
196
-63
-319
243
81
-78
-241
94
212
-105
-209
48
266
-170
-140
37
288
-106
-232
97
131
70
-163
-41
100
73
-154
32
139
-41
-126
22
147
-100
-48
-46
77
52
-45
-7
5
63
-44
9
69
-31
-8
-46
51
140
-125
0
81
81
-88
-51
108
22
111
-131
-19
132
40
74
-31
102
-16
-32
210
-10
8
-2
-10
116
145
-102
-139
194
141
-50
-186
181
186
-234
-5
118
175
-255
-89
306
50
-212
-226
242
155
-144
-242
55
164
-74
-98
8
-30
-34
55
1
-77
-52
118
-130
-81
131
35
-156
-142
202
-4
-79
-107
-88
139
1
-85
-124
106
31
-126
-15
45
-43
-53
41
-19
-27
-48
90
-155
28
84
-63
-22
-59
54
-64
27
-6
-119
-8
95
-53
-76
118
39
-145
53
-31
35
74
-8
6
-44
105
23
-74
91
2
100
-2
-83
132
93
0
-180
90
224
16
-182
37
191
44
-144
-20
226
-18
-44
2
98
52
-140
-9
82
71
-206
-58
91
-4
-58
-43
78
-143
-38
-10
58
-41
-162
-21
-58
98
-150
12
-59
-30
7
-124
116
-121
-69
-74
64
57
-132
-28
45
3
-50
-10
88
53
-58
-53
70
92
49
-5
21
85
65
-17
3
206
6
-22
-11
206
84
-87
76
95
90
-40
26
30
151
-23
-10
48
100
94
-67
78
12
30
30
62
-15
-15
27
26
50
-13
42
-160
1
184
-44
-181
-127
178
72
-152
-91
-26
15
-118
-86
45
24
-260
-190
158
3
-246
-168
68
39
-171
-135
-40
-8
-155
-75
83
-164
-164
-7
135
-113
-214
54
46
-22
-142
-43
46
35
-120
-29
84
-42
-48
-23
36
74
30
-24
-61
132
100
-79
5
108
152
-20
3
89
129
44
-50
95
185
28
2
96
101
33
84
167
-34
28
113
111
30
9
136
66
-13
2
76
128
-79
-45
155
57
-109
-92
92
115
-83
-101
-19
54
12
-253
118
39
-93
-203
-5
181
-203
-181
-78
44
-98
-191
-194
-9
-51
-205
-218
-56
62
-224
-241
-66
-19
-211
-154
-51
-97
-143
-182
-1
-18
-64
-123
-110
85
-4
-103
-52
71
54
-23
11
60
25
89
153
43
95
100
89
205
155
115
67
169
242
143
129
132
170
178
142
101
159
156
145
144
171
159
119
126
114
183
119
96
134
170
122
66
57
118
192
55
39
40
78
114
35
29
26
74
65
-90
-57
48
-55
-91
-84
-47
-66
-252
-207
-66
-130
-269
-321
-218
-184
-340
-410
-287
-209
-314
-498
-404
-305
-307
-430
-439
-305
-330
-363
-451
-272
-311
-431
-294
-212
-231
-346
-278
-135
-75
-121
-190
-109
75
106
12
102
251
276
260
406
474
403
470
566
644
613
545
573
648
724
610
529
670
686
548
489
529
568
447
402
434
362
259
198
276
212
88
32
30
39
-32
-151
-151
-100
-161
-210
-236
-179
-197
-260
-214
-234
-262
-213
-208
-174
-181
-230
-205
-167
-125
-159
-201
-182
-151
-180
-190
-292
-239
-205
-318
-316
-412
-346
-427
-550
-467
-537
-581
-645
-645
-608
-719
-765
-631
-608
-729
-775
-623
-552
-556
-438
-472
-478
-342
-133
-28
-21
63
80
213
454
451
398
671
812
718
742
904
959
929
1039
1029
948
918
1000
999
933
902
775
768
733
668
600
505
414
359
310
175
99
72
63
-35
-162
-211
-257
-272
-311
-327
-343
-397
-413
-399
-375
-378
-374
-331
-285
-286
-307
-264
-122
-87
-115
-54
-32
-12
48
53
114
146
136
106
111
135
80
76
95
30
-9
-71
-186
-135
-170
-250
-310
-389
-427
-534
-508
-597
-650
-624
-693
-733
-834
-763
-728
-721
-794
-843
-737
-722
-652
-609
-502
-521
-359
-308
-357
-46
-33
58
183
334
421
307
605
806
754
822
920
987
999
1077
1088
1143
1153
1115
1077
1039
1070
996
899
893
829
668
598
566
516
380
272
201
94
-41
-118
-161
-246
-311
-393
-461
-536
-561
-581
-594
-646
-533
-490
-780
-537
-467
-501
-365
-356
-314
-433
-96
-42
-257
33
100
-59
19
237
96
135
321
182
91
169
242
82
95
168
-54
-108
-60
-210
-255
-287
-330
-463
-558
-564
-679
-694
-733
-755
-869
-920
-862
-906
-878
-857
-833
-731
-597
-702
-670
-401
-234
-136
-118
66
132
229
541
577
629
817
865
896
1024
1156
1198
1223
1331
1290
1205
1239
1364
1272
1212
1207
1049
995
947
905
789
681
601
448
315
221
136
26
-50
-169
-334
-432
-481
-507
-595
-665
-669
-763
-802
-629
-778
-719
-592
-719
-527
-550
-465
-495
-404
-163
-353
-192
-101
-186
-36
59
-28
-22
164
35
-15
79
16
-25
-37
-11
-157
-172
-187
-334
-287
-384
-473
-578
-574
-625
-764
-768
-829
-826
-910
-959
-902
-881
-942
-723
-724
-922
-617
-450
-356
-314
-159
-65
-92
317
413
292
500
751
760
752
1009
1061
1038
1154
1253
1201
1130
1286
1295
1209
1246
1194
1086
1048
1052
970
835
793
725
581
464
397
269
167
98
-50
-172
-288
-341
-395
-507
-547
-626
-702
-724
-730
-776
-693
-704
-792
-659
-708
-607
-504
-511
-455
-454
-282
-340
-298
-53
-110
-137
2
44
-38
89
156
63
109
184
86
75
155
89
0
42
1
-187
-158
-160
-298
-334
-390
-494
-536
-583
-630
-720
-690
-762
-875
-791
-775
-767
-783
-586
-663
-736
-454
-338
-256
-252
-69
-7
21
384
418
401
604
746
733
820
1035
977
1043
1174
1188
1099
1139
1308
1178
1162
1194
1095
1000
967
958
807
719
655
535
390
278
219
54
4
-91
-290
-352
-417
-465
-547
-621
-676
-751
-774
-759
-781
-682
-739
-799
-610
-700
-578
-449
-396
-407
-403
-128
-215
-106
74
16
68
121
165
135
305
284
181
262
259
214
136
211
160
-10
24
-79
-187
-230
-317
-338
-476
-526
-664
-744
-731
-809
-872
-925
-823
-907
-799
-884
-937
-679
-679
-481
-528
-427
-301
-315
35
132
159
295
450
520
562
786
890
983
1006
1099
1098
1069
1282
1270
1230
1233
1198
1164
1120
1141
1069
965
897
834
703
561
524
440
327
198
57
-65
-172
-215
-272
-371
-485
-560
-628
-654
-694
-702
-733
-641
-689
-881
-663
-647
-613
-558
-470
-451
-572
-297
-276
-275
-80
-96
-143
-8
91
-34
129
220
85
88
111
149
50
149
139
-71
37
-114
-228
-139
-262
-326
-440
-424
-552
-748
-618
-740
-781
-803
-901
-932
-858
-869
-843
-644
-828
-717
-524
-397
-329
-306
11
-35
128
409
385
543
747
852
858
1033
1138
1153
1258
1371
1407
1322
1418
1499
1418
1408
1378
1361
1291
1178
1140
1039
948
849
731
607
452
346
240
113
-6
-167
-287
-389
-437
-603
-698
-748
-777
-794
-969
-783
-970
-958
-786
-890
-830
-916
-659
-707
-699
-471
-566
-492
-363
-289
-369
-198
-126
-183
-44
-46
-47
-68
47
73
-61
23
-26
-81
-87
-99
-172
-229
-283
-361
-375
-517
-466
-582
-651
-674
-775
-759
-761
-657
-653
-829
-815
-551
-531
-477
-323
-253
-232
-137
136
222
240
483
602
603
733
891
958
1073
1171
1198
1184
1232
1351
1322
1303
1350
1293
1227
1206
1207
1124
1016
987
928
791
630
600
514
360
244
123
-6
-126
-222
-321
-414
-493
-607
-704
-766
-768
-875
-855
-794
-957
-876
-879
-819
-725
-747
-672
-642
-516
-479
-462
-295
-280
-259
-151
-95
-116
-14
70
29
95
116
79
100
145
135
79
91
65
-46
2
-21
-167
-188
-239
-285
-390
-445
-485
-527
-579
-667
-642
-694
-630
-686
-620
-515
-726
-511
-412
-320
-237
-239
-2
-22
147
338
355
498
636
729
750
932
1003
1040
1130
1181
1223
1142
1259
1324
1220
1209
1191
1178
1086
1026
1003
880
785
693
596
462
343
259
125
34
-150
-268
-363
-445
-549
-661
-707
-862
-765
-921
-946
-860
-954
-872
-941
-795
-899
-889
-614
-710
-668
-558
-514
-548
-384
-283
-330
-215
-151
-151
-150
-13
-25
-66
70
6
-52
-5
26
-56
-46
-43
-193
-171
-273
-277
-346
-394
-406
-568
-530
-604
-620
-615
-560
-484
-678
-648
-455
-380
-338
-256
-110
-174
-55
212
256
316
476
547
582
702
820
891
1011
1089
1077
1059
1161
1248
1227
1269
1243
1189
1126
1099
1151
1072
974
882
842
729
591
562
480
376
203
102
-12
-128
-161
-259
-367
-447
-543
-641
-632
-624
-710
-723
-683
-742
-768
-727
-627
-626
-621
-561
-554
-492
-482
-396
-291
-299
-286
-254
-195
-174
-141
-91
-75
-58
-94
-116
-55
-77
-100
-114
-152
-186
-258
-317
-296
-338
-400
-482
-504
-526
-623
-623
-615
-641
-679
-587
-723
-597
-587
-660
-384
-377
-287
-320
-132
-9
-66
242
346
324
438
608
643
695
889
904
969
1011
1055
1074
1098
1228
1162
1137
1145
1119
1034
997
1040
956
839
737
680
556
411
402
286
169
44
-104
-151
-243
-309
-383
-423
-558
-564
-631
-763
-629
-685
-714
-703
-666
-689
-776
-507
-486
-631
-460
-392
-488
-368
-230
-284
-235
-149
-182
-210
-122
-65
-131
-47
-42
-189
-158
-72
-153
-179
-163
-262
-296
-358
-351
-376
-428
-427
-498
-607
-573
-570
-607
-493
-436
-512
-660
-459
-267
-328
-221
-103
-87
-129
120
263
244
417
507
534
575
698
792
877
1036
1009
955
1005
1107
1135
1137
1197
1119
1066
1023
1010
1031
955
890
800
742
602
476
469
429
290
121
65
-56
-148
-182
-233
-321
-416
-464
-554
-561
-531
-588
-596
-555
-587
-678
-616
-456
-529
-520
-413
-415
-457
-388
-248
-297
-243
-171
-225
-200
-144
-111
-128
-62
-69
-179
-151
-116
-161
-171
-149
-183
-288
-318
-328
-373
-356
-412
-451
-536
-571
-574
-616
-535
-566
-608
-556
-510
-533
-574
-393
-261
-286
-239
-156
-85
-59
163
298
282
369
430
520
573
717
788
818
924
927
920
944
1078
1102
1073
1094
1036
975
942
999
990
874
780
718
612
515
503
445
318
226
92
-27
-77
-103
-167
-272
-252
-401
-552
-430
-426
-476
-499
-477
-557
-649
-491
-469
-506
-429
-466
-497
-423
-370
-392
-316
-250
-326
-351
-245
-218
-274
-151
-148
-247
-265
-255
-221
-229
-230
-317
-381
-377
-426
-445
-442
-451
-498
-614
-632
-603
-629
-638
-584
-477
-656
-728
-476
-381
-393
-331
-200
-232
-218
16
121
157
290
389
370
472
620
637
758
892
901
828
868
1051
1044
1037
1112
1100
1052
1003
1073
1078
1005
960
930
836
708
686
633
565
497
362
231
162
139
39
-34
-54
-175
-280
-337
-309
-374
-432
-402
-462
-514
-548
-498
-478
-490
-478
-484
-493
-509
-474
-438
-414
-388
-417
-411
-389
-368
-361
-334
-329
-357
-374
-384
-361
-375
-358
-362
-414
-424
-455
-478
-439
-468
-508
-553
-561
-605
-646
-560
-537
-586
-553
-447
-522
-520
-311
-220
-188
-154
-49
-52
-1
242
301
330
437
488
504
607
754
782
827
911
925
861
910
1052
1058
1048
1049
1020
957
943
975
971
900
806
743
659
598
552
488
443
340
187
92
58
15
-64
-98
-193
-311
-365
-370
-359
-412
-418
-477
-544
-489
-528
-539
-459
-479
-541
-568
-534
-539
-552
-504
-491
-536
-572
-529
-527
-515
-475
-511
-506
-530
-522
-472
-505
-476
-480
-543
-524
-496
-521
-510
-481
-495
-552
-543
-459
-478
-457
-260
-338
-458
-263
-141
-98
-57
85
108
42
259
383
353
458
599
553
555
711
715
751
834
881
799
747
908
924
867
909
906
826
800
841
847
816
749
718
680
599
557
536
512
448
347
256
230
191
159
117
31
12
-95
-136
-89
-132
-166
-204
-193
-257
-314
-273
-258
-290
-331
-347
-411
-379
-388
-423
-408
-451
-492
-555
-516
-518
-573
-573
-568
-607
-682
-642
-618
-595
-628
-664
-647
-668
-650
-621
-590
-598
-600
-630
-605
-540
-547
-461
-437
-344
-328
-401
-222
-117
-38
5
96
171
134
294
434
476
479
573
625
585
695
725
730
776
795
746
686
781
785
713
727
732
658
588
653
650
579
548
529
477
399
390
383
339
285
237
163
148
135
111
61
12
34
-52
-58
-30
-54
-90
-111
-47
-137
-170
-134
-146
-186
-231
-206
-302
-321
-329
-386
-422
-466
-481
-557
-562
-591
-613
-661
-667
-648
-736
-670
-706
-702
-690
-724
-655
-706
-636
-624
-639
-586
-594
-537
-512
-434
-418
-366
-254
-257
-187
-94
22
88
142
265
280
353
478
556
598
653
700
700
758
796
805
821
827
808
754
762
773
744
735
706
661
616
593
578
560
530
474
425
386
351
308
291
272
216
169
169
132
95
104
96
66
46
51
15
29
47
8
-7
1
-19
-70
-27
-36
-116
-122
-130
-199
-243
-243
-308
-365
-391
-455
-544
-565
-591
-692
-723
-733
-796
-848
-847
-876
-910
-923
-917
-914
-925
-913
-908
-863
-860
-815
-749
-700
-634
-557
-435
-436
-321
-152
-77
13
112
241
262
389
560
580
631
731
783
767
844
916
897
910
934
910
833
852
872
810
763
729
677
583
562
567
499
429
378
338
245
222
224
153
138
86
65
9
45
61
-1
95
43
35
34
69
108
61
158
87
69
94
49
79
71
78
-33
-51
-64
-163
-168
-183
-240
-353
-374
-439
-527
-530
-568
-640
-683
-715
-793
-830
-800
-826
-897
-865
-877
-912
-887
-834
-798
-807
-722
-679
-636
-564
-451
-355
-334
-204
-114
-20
77
194
298
317
455
535
580
651
735
772
740
829
843
821
841
847
826
753
776
758
697
684
641
576
505
487
443
389
362
294
240
193
164
113
95
87
29
5
-18
-7
-14
10
17
-10
21
4
32
65
94
90
68
84
55
49
43
40
10
-34
-92
-140
-175
-240
-272
-340
-410
-516
-558
-609
-677
-701
-791
-824
-926
-923
-959
-978
-931
-1018
-969
-1001
-977
-931
-878
-765
-782
-639
-599
-540
-373
-233
-109
-62
138
193
253
465
579
644
704
832
828
836
965
998
981
985
1000
918
874
910
866
792
746
686
568
502
492
420
336
269
200
90
25
27
-31
-67
-105
-138
-175
-203
-128
-138
-108
-97
-99
-34
-37
75
108
115
166
173
223
206
271
293
243
236
214
186
115
149
91
-22
-60
-129
-189
-274
-272
-353
-464
-489
-564
-621
-664
-654
-704
-789
-774
-813
-845
-813
-795
-793
-818
-764
-732
-729
-633
-560
-516
-467
-380
-311
-242
-105
-16
61
148
235
301
370
499
544
600
654
684
710
738
795
778
785
780
735
726
703
701
652
615
573
507
473
437
406
351
308
255
197
155
124
108
62
32
-2
-41
-63
-75
-68
-101
-110
-114
-136
-132
-130
-115
-136
-130
-130
-165
-161
-169
-171
-211
-219
-251
-312
-311
-336
-388
-437
-441
-498
-545
-530
-558
-599
-620
-584
-648
-650
-571
-584
-574
-521
-403
-477
-398
-205
-197
-133
-36
106
84
180
391
367
408
520
589
548
626
739
668
678
718
700
603
623
672
541
487
487
408
295
277
270
160
78
52
-15
-104
-127
-132
-191
-235
-246
-269
-290
-262
-211
-218
-211
-145
-107
-101
-34
79
98
91
204
255
242
306
406
391
342
430
419
356
386
408
300
233
271
146
48
54
-11
-165
-229
-218
-379
-452
-432
-513
-627
-649
-636
-759
-742
-712
-768
-782
-755
-719
-767
-680
-604
-624
-557
-484
-429
-406
-283
-187
-173
-74
3
70
120
220
305
329
403
443
484
515
560
590
580
607
593
577
569
564
551
505
484
449
404
360
318
293
231
180
143
97
55
16
1
-41
-78
-90
-109
-119
-126
-117
-132
-136
-112
-113
-99
-82
-60
-70
-65
-25
-32
-23
-3
10
-12
-27
1
-32
-34
-46
-59
-92
-134
-121
-178
-186
-203
-242
-272
-315
-310
-359
-364
-374
-398
-412
-428
-400
-421
-398
-379
-365
-334
-317
-263
-231
-163
-117
-62
18
77
154
210
286
347
405
478
528
565
596
636
652
667
677
673
659
634
611
566
532
504
455
395
351
301
226
183
149
97
40
6
-31
-91
-108
-112
-142
-159
-161
-183
-211
-184
-169
-181
-154
-133
-154
-159
-113
-110
-123
-89
-83
-119
-120
-109
-144
-167
-150
-189
-250
-256
-281
-345
-365
-366
-429
-478
-470
-509
-560
-547
-545
-577
-578
-537
-550
-537
-467
-436
-404
-341
-269
-218
-151
-54
12
85
177
253
315
395
467
524
587
643
683
716
753
767
771
784
768
749
734
706
655
607
579
502
444
404
333
261
203
163
86
32
11
-55
-100
-123
-152
-191
-201
-193
-222
-226
-209
-216
-210
-183
-159
-161
-142
-114
-120
-105
-84
-84
-91
-89
-94
-119
-118
-138
-174
-188
-222
-271
-305
-323
-373
-419
-434
-480
-533
-547
-565
-607
-625
-612
-647
-655
-610
-609
-596
-555
-506
-488
-440
-337
-292
-232
-130
-61
-5
86
201
263
337
441
495
543
617
689
713
752
805
798
792
808
806
771
753
736
665
612
581
524
458
408
357
273
214
162
95
44
2
-48
-106
-138
-172
-211
-219
-230
-253
-266
-269
-276
-272
-256
-247
-245
-230
-230
-234
-216
-201
-207
-209
-203
-230
-251
-246
-266
-286
-304
-324
-371
-403
-407
-445
-463
-475
-496
-526
-536
-518
-532
-514
-491
-479
-457
-422
-366
-328
-262
-191
-136
-66
4
86
167
256
337
403
479
544
608
670
727
772
802
830
842
849
860
850
828
800
767
718
667
629
567
499
442
377
304
246
199
132
70
30
-17
-70
-96
-118
-156
-171
-180
-197
-210
-197
-187
-203
-193
-180
-185
-179
-156
-151
-168
-167
-175
-194
-210
-218
-244
-283
-309
-350
-389
-419
-455
-491
-535
-573
-619
-648
-670
-685
-695
-722
-721
-729
-714
-693
-662
-615
-588
-532
-481
-416
-338
-262
-167
-89
-2
85
171
267
360
453
521
596
664
717
777
826
866
882
895
902
884
875
860
832
786
740
685
620
563
509
443
369
309
241
165
106
59
3
-51
-90
-134
-178
-201
-215
-233
-246
-247
-259
-265
-254
-244
-239
-224
-209
-210
-205
-193
-182
-185
-179
-184
-206
-212
-226
-245
-269
-291
-318
-355
-382
-410
-440
-464
-487
-511
-539
-557
-565
-566
-565
-557
-547
-533
-505
-470
-431
-382
-325
-268
-211
-141
-67
7
87
166
240
315
390
461
531
596
652
695
737
772
794
812
821
820
809
793
769
737
700
660
613
560
510
454
399
351
298
247
195
147
99
58
23
-10
-38
-70
-92
-109
-125
-134
-144
-151
-160
-167
-173
-178
-183
-191
-200
-213
-226
-243
-264
-281
-304
-330
-363
-393
-422
-457
-485
-515
-548
-582
-606
-626
-650
-660
-671
-679
-672
-662
-649
-627
-594
-560
-517
-467
-412
-353
-285
-210
-141
-62
11
90
170
245
320
389
453
512
566
616
658
693
717
734
741
742
739
725
706
679
648
611
569
525
480
432
382
332
286
243
199
157
119
82
50
21
-6
-29
-48
-64
-78
-89
-97
-104
-112
-117
-123
-132
-139
-147
-157
-171
-183
-197
-220
-242
-266
-298
-329
-355
-388
-422
-450
-482
-515
-543
-564
-585
-603
-613
-623
-630
-622
-609
-597
-575
-548
-518
-479
-432
-381
-327
-270
-207
-144
-74
-2
67
138
210
276
342
405
464
519
569
613
649
675
701
719
728
733
729
715
699
680
656
626
599
562
521
488
449
408
372
340
301
259
231
198
165
140
118
90
67
49
26
9
-4
-22
-39
-57
-72
-93
-112
-129
-156
-180
-206
-232
-264
-295
-327
-362
-394
-430
-463
-496
-530
-556
-586
-607
-630
-647
-658
-669
-666
-667
-657
-642
-621
-594
-562
-520
-478
-428
-375
-317
-257
-193
-127
-62
10
78
145
215
279
341
400
454
506
551
589
624
652
673
686
691
698
695
686
671
652
627
600
570
533
497
461
421
381
343
304
267
231
199
161
128
100
66
39
12
-11
-36
-59
-81
-102
-123
-141
-160
-181
-202
-221
-244
-266
-287
-311
-338
-364
-388
-414
-440
-464
-489
-511
-533
-555
-573
-588
-601
-607
-610
-609
-605
-597
-586
-570
-545
-520
-490
-456
-422
-381
-336
-289
-240
-188
-135
-84
-30
28
83
138
196
245
295
345
389
430
468
503
532
559
581
598
613
622
627
627
626
621
613
603
588
574
557
536
513
492
468
441
416
389
361
334
305
277
247
218
188
159
129
94
61
31
-2
-34
-68
-101
-136
-171
-205
-241
-276
-311
-344
-378
-410
-442
-474
-500
-528
-548
-571
-587
-600
-612
-615
-617
-613
-607
-594
-575
-555
-530
-503
-469
-433
-392
-344
-301
-252
-205
-152
-103
-49
1
51
104
150
199
243
288
331
367
404
436
466
490
514
532
544
556
560
564
561
557
549
535
524
508
488
469
451
431
411
391
368
345
324
302
280
258
238
214
192
173
149
127
104
80
54
28
2
-28
-55
-82
-111
-142
-173
-203
-235
-266
-299
-330
-364
-394
-423
-454
-483
-511
-537
-559
-577
-592
-607
-614
-620
-619
-615
-611
-596
-582
-558
-534
-505
-468
-435
-389
-348
-302
-252
-201
-149
-97
-40
10
65
115
166
216
260
309
348
385
422
452
479
502
525
540
553
565
570
574
574
571
563
555
545
526
512
492
471
452
431
410
383
362
336
313
288
263
240
212
188
161
133
109
81
55
27
-2
-32
-64
-95
-127
-159
-192
-224
-257
-291
-323
-355
-387
-418
-450
-476
-504
-529
-551
-568
-586
-602
-614
-621
-627
-629
-623
-618
-607
-590
-572
-550
-522
-493
-459
-424
-386
-345
-303
-256
-208
-162
-112
-64
-13
34
84
132
175
219
261
302
339
375
404
431
458
480
497
514
527
537
543
547
548
544
541
534
524
511
497
483
464
445
423
401
376
350
326
297
270
239
209
179
149
116
83
52
17
-17
-49
-83
-114
-146
-178
-210
-240
-271
-304
-331
-358
-385
-409
-430
-448
-467
-482
-495
-506
-514
-518
-519
-518
-511
-504
-491
-475
-459
-438
-415
-389
-362
-330
-295
-261
-225
-184
-145
-107
-66
-26
16
58
97
138
176
214
251
284
318
349
377
405
428
448
466
483
495
505
512
517
521
521
519
513
509
500
487
476
460
444
424
404
379
355
331
304
277
247
215
187
154
121
89
55
19
-13
-48
-83
-117
-152
-185
-220
-251
-283
-313
-342
-370
-397
-423
-446
-468
-486
-501
-515
-526
-533
-538
-539
-540
-534
-527
-518
-504
-488
-469
-445
-419
-393
-364
-332
-298
-262
-227
-187
-150
-112
-73
-34
5
42
82
118
154
190
221
253
282
310
334
357
378
393
408
420
430
437
442
445
446
446
442
435
428
419
407
393
381
365
348
330
311
291
270
249
226
202
177
154
128
102
76
49
22
-5
-32
-61
-91
-117
-146
-173
-202
-230
-256
-284
-307
-334
-357
-378
-398
-417
-433
-448
-457
-466
-473
-477
-479
-477
-474
-467
-456
-445
-428
-409
-387
-362
-337
-308
-277
-243
-208
-173
-136
-100
-63
-25
13
50
86
121
154
185
215
243
269
294
315
332
347
359
370
379
382
384
383
381
379
371
364
352
340
326
313
298
283
269
253
239
221
205
188
173
156
140
127
109
95
80
65
50
35
21
7
-10
-25
-40
-57
-73
-91
-111
-129
-148
-168
-188
-208
-227
-246
-266
-284
-301
-319
-334
-351
-365
-374
-383
-391
-396
-395
-396
-391
-382
-373
-360
-343
-324
-301
-277
-248
-219
-186
-152
-116
-79
-40
-1
37
78
113
151
188
220
254
283
311
336
359
380
394
408
416
423
426
426
423
418
410
400
386
370
353
334
313
292
270
246
224
201
178
155
133
112
92
74
54
37
20
5
-8
-22
-34
-46
-57
-66
-77
-87
-97
-106
-117
-129
-139
-151
-163
-175
-189
-202
-215
-228
-241
-252
-265
-276
-286
-299
-307
-315
-321
-324
-328
-327
-325
-320
-314
-304
-292
-278
-262
-246
-223
-201
-177
-149
-121
-91
-60
-29
3
37
68
99
130
160
187
212
236
257
275
291
305
315
321
326
327
327
323
319
308
299
285
270
255
239
220
201
179
158
139
119
101
81
63
47
30
13
-3
-17
-31
-45
-55
-66
-76
-85
-94
-102
-109
-117
-126
-131
-138
-148
-153
-162
-170
-177
-187
-195
-204
-212
-221
-229
-239
-246
-253
-260
-263
-268
-270
-271
-269
-265
-260
-253
-244
-230
-215
-198
-178
-157
-134
-110
-85
-58
-29
2
31
62
91
119
147
175
199
226
249
269
288
304
317
329
337
342
345
345
340
337
329
318
306
291
273
254
236
216
195
173
153
130
108
87
67
47
28
12
-7
-22
-35
-50
-63
-73
-83
-90
-97
-103
-110
-114
-119
-123
-128
-133
-137
-142
-146
-149
-154
-158
-162
-168
-169
-173
-175
-177
-181
-185
-184
-185
-185
-183
-180
-178
-174
-166
-160
-151
-140
-129
-116
-102
-85
-69
-49
-31
-13
9
28
50
71
90
110
128
147
164
179
194
206
215
226
232
237
240
241
242
239
234
228
219
211
201
189
176
163
148
135
120
105
89
74
58
43
28
14
0
-12
-24
-38
-49
-62
-70
-80
-90
-99
-108
-116
-123
-130
-136
-146
-153
-160
-165
-172
-179
-185
-191
-196
-200
-204
-207
-211
-212
-212
-210
-208
-206
-200
-193
-184
-176
-165
-153
-138
-122
-104
-86
-66
-45
-23
0
25
48
73
97
118
142
162
185
205
224
242
258
271
281
291
297
302
304
304
302
297
290
280
269
257
243
226
208
189
170
149
126
105
84
62
41
19
-1
-22
-40
-58
-76
-92
-107
-121
-134
-146
-157
-168
-176
-182
-189
-193
-199
-203
-205
-207
-209
-211
-211
-212
-213
-212
-211
-210
-208
-204
-202
-196
-192
-184
-177
-169
-160
-150
-138
-126
-113
-99
-85
-69
-52
-33
-15
4
23
41
61
80
99
119
137
153
169
185
199
213
224
234
243
249
255
258
260
260
259
255
251
244
235
225
216
204
191
177
164
148
132
118
100
85
69
53
35
20
4
-10
-25
-40
-52
-67
-78
-91
-103
-113
-125
-133
-144
-153
-162
-172
-181
-189
-199
-206
-211
-218
-223
-227
-231
-234
-237
-238
-238
-235
-232
-228
-222
-215
-205
-194
-183
-169
-155
-138
-123
-106
-87
-69
-49
-28
-8
14
35
58
80
100
119
138
157
176
192
208
221
233
244
253
258
263
268
268
267
264
260
254
247
238
229
219
204
192
178
165
150
133
117
101
86
70
54
38
24
9
-6
-20
-33
-47
-58
-70
-81
-90
-101
-112
-120
-130
-138
-146
-154
-159
-168
-174
-180
-186
-191
-196
-199
-202
-205
-209
-210
-212
-212
-213
-213
-212
-210
-207
-202
-195
-189
-180
-171
-161
-148
-135
-122
-107
-89
-72
-54
-34
-15
3
25
46
66
86
107
125
146
165
183
200
217
232
246
258
269
277
285
290
294
296
295
293
289
284
277
269
259
248
234
220
203
186
169
151
132
111
93
73
55
35
15
-5
-25
-43
-59
-75
-91
-107
-120
-134
-145
-156
-167
-175
-185
-191
-198
-206
-211
-215
-221
-224
-227
-229
-229
-230
-228
-225
-224
-220
-217
-212
-207
-202
-195
-188
-180
-171
-162
-152
-141
-130
-117
-104
-88
-73
-58
-40
-23
-4
13
30
47
66
84
101
120
136
154
171
185
200
214
226
238
246
255
262
267
271
273
274
271
269
263
258
249
241
231
218
205
191
176
159
141
123
105
87
68
49
29
10
-8
-26
-46
-64
-82
-100
-115
-131
-145
-160
-173
-185
-195
-205
-212
-219
-224
-228
-233
-235
-237
-236
-234
-235
-232
-227
-223
-217
-211
-204
-196
-187
-179
-169
-159
-147
-136
-123
-109
-96
-82
-67
-52
-36
-20
-5
11
27
44
58
74
89
104
117
131
145
158
169
179
190
201
210
218
225
231
235
236
237
238
237
236
233
228
223
217
209
202
192
181
169
156
141
127
111
95
81
65
48
32
17
0
-16
-33
-47
-62
-77
-91
-106
-120
-133
-146
-157
-167
-178
-187
-193
-201
-207
-213
-217
-220
-223
-224
-224
-224
-220
-219
-213
-210
-203
-197
-190
-182
-174
-163
-154
-141
-131
-117
-106
-92
-78
-66
-50
-36
-20
-5
9
25
39
55
70
83
98
111
124
137
148
158
168
177
186
192
198
203
207
210
214
215
215
214
212
209
204
198
192
185
178
170
160
150
140
129
118
105
94
79
66
53
41
27
14
1
-13
-26
-39
-52
-64
-78
-87
-99
-110
-120
-128
-138
-146
-151
-159
-163
-168
-172
-174
-177
-177
-179
-179
-177
-176
-172
-169
-164
-160
-153
-146
-139
-131
-122
-114
-104
-93
-82
-71
-61
-49
-38
-26
-15
-3
8
19
29
40
50
62
70
79
88
97
103
111
115
121
124
128
131
133
135
135
135
135
132
131
128
125
121
116
111
105
98
93
86
78
70
63
56
48
41
34
26
19
11
4
-4
-11
-18
-24
-29
-33
-39
-43
-47
-52
-55
-58
-63
-66
-66
-69
-71
-72
-74
-74
-76
-76
-77
-75
-75
-73
-73
-70
-68
-66
-62
-60
-56
-53
-49
-45
-40
-35
-32
-26
-22
-19
-14
-11
-5
-2
2
6
10
14
17
20
23
27
29
32
34
35
35
37
37
38
40
40
38
38
37
37
35
33
32
29
28
26
24
21
18
13
11
8
7
5
2
0
-2
-3
-4
-7
-8
-9
-12
-13
-13
-15
-16
-17
-19
-19
-19
-20
-20
-21
-22
-21
-20
-21
-21
-21
-20
-18
-20
-17
-18
-18
-17
-17
-18
-18
-16
-17
-16
-15
-14
-14
-12
-12
-10
-9
-9
-7
-6
-3
-2
0
3
6
8
10
12
14
14
15
16
19
20
21
22
22
24
23
23
23
26
25
26
27
26
27
27
25
25
24
22
21
20
19
17
15
14
15
12
12
9
9
8
6
5
3
1
1
-2
-2
-4
-5
-6
-7
-6
-8
-9
-9
-10
-10
-11
-12
-12
-12
-12
-12
-13
-14
-15
-15
-14
-15
-14
-14
-14
-13
-14
-14
-12
-11
-12
-10
-9
-7
-7
-6
-4
-4
-3
-2
-1
1
4
3
4
6
7
9
10
11
13
14
14
14
15
16
16
16
15
15
16
16
16
14
14
15
13
13
11
9
8
8
7
5
5
4
3
1
-1
-1
-1
-2
-3
-4
-5
-7
-7
-8
-9
-11
-12
-12
-12
-13
-13
-15
-15
-15
-16
-16
-17
-17
-17
-19
-17
-18
-16
-17
-16
-15
-14
-13
-13
-12
-13
-11
-11
-10
-9
-8
-6
-4
-4
-3
-2
-1
1
3
3
5
7
7
9
10
10
12
13
14
15
17
18
17
17
16
17
17
17
18
16
16
17
16
15
15
13
12
11
9
8
8
7
5
3
3
1
1
1
-2
-1
-2
-3
-4
-5
-5
-6
-7
-7
-7
-8
-8
-9
-8
-10
-10
-9
-10
-10
-10
-11
-11
-12
-11
-11
-12
-13
-14
-13
-13
-14
-13
-13
-13
-12
-10
-11
-10
-9
-7
-6
-4
-4
-3
-1
1
1
2
3
4
4
6
6
7
10
9
10
11
11
12
13
13
15
14
15
16
15
13
13
13
12
10
10
9
8
7
5
6
6
6
5
3
1
-1
-2
-2
-4
-5
-5
-6
-8
-7
-8
-9
-10
-10
-9
-10
-9
-9
-9
-10
-10
-10
-10
-9
-9
-10
-10
-9
-10
-9
-10
-8
-8
-9
-8
-8
-7
-7
-7
-6
-4
-4
-3
-4
-2
-1
0
1
0
1
1
2
4
3
6
7
7
9
10
11
12
12
12
15
14
15
15
15
15
14
15
16
16
17
16
17
17
15
15
13
12
11
10
10
8
7
6
4
3
2
2
1
1
0
-1
-1
-1
-3
-5
-6
-7
-9
-10
-10
-11
-12
-13
-12
-12
-11
-12
-13
-12
-11
-12
-12
-11
-11
-11
-13
-12
-13
-12
-12
-11
-10
-11
-9
-8
-8
-7
-6
-5
-5
-4
-3
-2
0
-1
1
2
3
5
6
7
8
9
10
9
10
11
11
11
13
13
13
14
13
14
13
12
12
11
11
9
9
8
8
7
7
6
6
5
6
5
4
2
1
1
0
-2
-3
-3
-4
-5
-7
-8
-8
-9
-9
-9
-8
-8
-9
-9
-8
-8
-8
-8
-8
-10
-9
-10
-11
-10
-12
-10
-10
-9
-8
-7
-6
-7
-6
-6
-7
-6
-5
-6
-3
-4
-3
-2
-2
-1
-1
0
1
2
4
5
5
8
7
8
10
7
8
10
9
10
10
11
11
12
12
12
12
12
10
11
11
11
10
9
8
7
7
7
4
4
3
3
2
0
-1
-1
-1
-1
-1
-2
-5
-5
-5
-5
-6
-8
-7
-8
-10
-10
-12
-13
-13
-12
-12
-11
-11
-12
-12
-11
-12
-12
-11
-10
-11
-9
-10
-10
-9
-8
-7
-7
-7
-6
-5
-5
-4
-2
0
0
-1
2
2
3
5
5
6
8
8
9
8
8
8
10
11
11
11
12
12
12
13
14
13
12
14
13
13
12
12
12
11
10
9
9
10
9
8
8
8
6
5
4
4
2
3
2
0
1
0
-1
-3
-3
-4
-4
-5
-5
-5
-5
-6
-6
-6
-8
-7
-8
-8
-9
-10
-11
-10
-11
-10
-10
-9
-9
-10
-9
-8
-8
-9
-7
-7
-6
-5
-6
-5
-5
-6
-5
-3
-2
-1
0
1
4
3
4
5
5
5
6
7
7
9
9
7
8
9
10
9
9
10
9
8
9
8
8
6
6
6
6
7
7
5
5
4
5
4
5
4
3
3
1
2
0
0
-1
-2
-2
-2
-3
-5
-5
-5
-5
-5
-6
-5
-5
-7
-6
-5
-5
-6
-8
-8
-8
-8
-8
-9
-8
-7
-7
-6
-6
-7
-5
-5
-5
-4
-4
-3
-3
-2
-1
-1
-1
0
1
2
1
4
3
3
5
5
5
6
7
7
7
9
8
8
9
9
9
10
11
11
10
8
8
8
7
7
6
6
4
4
2
3
3
1
0
-1
-1
-1
-2
-2
-1
-3
-3
-3
-4
-4
-6
-6
-6
-6
-4
-7
-7
-9
-8
-8
-9
-11
-11
-10
-10
-12
-12
-11
-11
-11
-10
-10
-10
-10
-10
-10
-8
-7
-9
-7
-7
-7
-7
-7
-6
-6
-6
-4
-4
-5
-4
-2
-2
-1
0
-1
0
0
2
0
1
3
4
3
4
5
5
7
7
7
6
7
6
6
8
8
7
8
7
6
7
6
5
5
4
4
5
4
3
2
2
2
2
2
0
2
0
-2
-2
-2
-1
-1
-1
-1
-2
-1
-2
-1
-2
0
-1
-1
1
1
0
0
1
0
0
0
0
1
0
0
1
2
1
1
1
2
2
2
3
3
4
2
2
3
2
4
3
3
6
4
6
6
5
5
4
5
4
4
3
4
6
6
6
6
7
7
7
5
5
5
5
5
5
6
5
3
5
4
2
2
2
2
2
1
1
1
1
-2
-2
-3
-4
-5
-4
-5
-5
-5
-6
-6
-5
-8
-7
-6
-6
-9
-7
-7
-8
-7
-6
-7
-8
-7
-7
-6
-6
-6
-7
-5
-6
-5
-5
-4
-5
-4
-4
-4
-4
-3
0
0
0
1
1
1
0
1
0
1
2
1
1
2
1
2
2
2
4
5
4
5
5
4
4
5
4
4
3
2
2
3
3
2
2
2
1
2
2
1
1
2
1
0
0
-1
-1
0
-2
-2
-2
-2
-1
-2
-1
-2
-3
-3
-4
-3
-4
-6
-6
-8
-6
-6
-6
-5
-4
-3
-5
-3
-3
-3
-3
-4
-3
-3
-3
-3
-4
-3
-3
-4
-3
-3
-3
-2
-3
-2
-1
-1
0
0
-1
0
1
2
3
3
3
2
1
2
4
3
3
3
3
4
4
3
5
5
5
5
5
4
5
4
3
4
2
2
3
2
1
0
0
1
0
2
0
-1
-1
-2
-2
-2
-2
-1
0
0
-3
-2
-3
-3
-3
-2
-2
-3
-4
-2
-2
-3
-2
-3
-2
-2
-3
-2
-3
-2
-2
-1
-2
1
1
-1
0
-2
-1
-1
-1
0
0
1
2
2
3
2
3
3
2
3
3
4
4
5
6
6
6
7
8
8
9
9
9
8
10
8
7
9
8
8
8
8
7
6
6
5
6
5
5
4
4
3
2
2
0
0
0
0
1
1
-1
-1
-2
-1
-3
-4
-5
-6
-6
-6
-5
-5
-5
-4
-3
-2
-3
-4
-4
-2
-4
-5
-7
-7
-7
-7
-5
-7
-6
-6
-6
-6
-6
-6
-6
-6
-7
-6
-6
-6
-6
-5
-3
-4
-4
-2
-1
-2
-3
-2
-1
-1
-1
1
4
2
1
2
2
4
2
3
4
1
4
1
2
2
1
1
-1
1
-1
0
-2
0
1
-2
-3
-3
1
-6
-4
-5
-4
-4
-7
-3
-2
-3
-7
-4
-4
-5
-10
-7
-6
-10
-9
-9
-4
-10
-7
-5
-5
-4
-8
-4
-3
-3
-8
-4
-1
-2
-6
-4
5
-3
-4
-1
4
-1
-6
5
7
0
-3
7
7
-1
3
6
8
1
1
11
12
6
4
14
10
6
4
13
10
6
4
12
12
3
6
10
15
2
8
9
13
4
10
8
11
10
7
9
13
9
4
8
9
6
6
5
4
10
2
9
-2
10
-1
2
7
3
5
0
6
0
1
-7
-2
-2
-2
-9
1
-4
-5
-5
-4
4
-13
0
-6
5
-10
-9
6
3
-10
-8
9
4
-12
0
6
8
-6
-4
12
8
-6
-13
19
9
-6
-2
21
9
-8
3
23
5
-1
3
22
10
-10
6
14
8
-10
6
16
1
-5
2
18
0
-4
6
11
3
-7
9
8
-3
-1
4
5
-6
-2
8
-2
-4
-9
10
-6
-12
-7
5
-4
-21
1
5
-11
-20
1
7
-20
-18
4
-3
-18
-20
2
-4
-20
-22
-1
1
-27
-25
9
2
-30
-13
9
-2
-32
-3
12
-7
-21
-7
17
-2
-17
-5
21
-2
-17
-1
23
1
-22
2
15
3
-20
7
18
7
-15
5
24
-3
-11
8
20
-9
-19
16
10
-6
-15
16
15
-17
4
9
8
-11
-1
12
-5
5
-3
12
0
-7
14
4
6
-19
22
13
-22
-2
26
4
-14
-5
29
-13
-4
3
0
30
-27
16
-11
51
-36
-23
41
-3
-27
-28
52
-15
-38
13
26
-13
-18
11
26
-14
1
0
8
8
-29
8
-4
11
-13
-19
33
-30
-4
1
22
-24
-25
44
-8
-15
-8
33
-4
-17
-7
16
31
-43
-8
27
52
-46
-22
69
-6
-37
7
55
-17
-34
30
48
-29
-14
12
55
-8
-42
11
56
-17
-66
21
56
-18
-99
37
56
-5
-97
9
63
-12
-85
13
45
-3
-76
12
75
-62
-12
-7
74
-24
-14
-4
-6
37
-10
-27
3
13
-16
-16
7
-13
-12
20
-12
-16
8
6
-15
-30
16
14
-9
-47
-8
54
-15
-32
-21
71
-18
-40
-4
33
20
-48
6
-4
3
13
-23
1
28
25
-13
-17
63
7
7
4
15
29
5
0
-7
5
31
-8
-28
18
26
20
-50
36
27
-15
1
-5
18
-29
10
-48
20
7
-7
-9
-8
26
-12
47
-46
-2
46
-8
-15
-30
49
-24
-20
13
-6
20
-17
-27
50
27
-1
-36
25
41
-17
-23
10
27
-5
-21
-23
58
-20
-22
5
6
23
-11
1
2
23
3
-19
-15
7
1
-30
2
-68
83
-17
-70
8
56
23
-83
32
45
-36
20
-5
5
19
5
-12
-4
58
-17
-65
35
39
-27
-37
5
24
-28
23
9
-29
-4
31
-11
-1
-20
-7
-38
51
-34
-27
-11
-5
45
-91
49
-40
65
-84
-24
46
-2
-37
-94
110
-41
-10
-92
53
37
-59
-31
9
17
-50
13
9
-7
-42
-36
18
62
-74
-74
31
79
-88
-53
95
-16
-19
-14
27
32
13
-80
-34
136
3
-117
-25
112
-28
-45
14
-55
101
-15
-16
-21
44
70
-95
95
-25
-32
40
32
-1
-61
93
11
-42
-60
201
-5
-183
89
83
34
-104
18
1
26
61
-110
22
119
-33
-125
70
127
-112
-13
3
19
15
-16
-60
36
63
-124
21
28
13
-33
-66
89
-51
-10
-38
42
6
-57
-25
50
5
-94
19
49
-27
-104
85
37
-55
-71
101
7
-100
73
-23
-48
39
39
-58
-106
165
3
-79
-26
34
81
-68
-59
115
48
-114
-70
199
92
-220
-116
268
101
-236
-106
210
102
-179
-84
235
34
-184
20
142
119
-262
45
109
53
-54
-153
187
-23
-13
-38
96
-55
-48
77
26
-34
-68
116
-137
62
88
-90
-62
2
49
35
-49
-47
-72
155
31
-86
-107
104
45
-131
41
-21
62
-127
-15
99
154
-213
-199
339
103
-207
-140
225
91
-286
131
143
-74
-68
22
63
130
5
-140
81
-30
223
-37
-84
-50
-20
281
-87
-173
79
106
-14
-29
23
111
-4
-94
79
106
14
-93
23
159
-107
-9
71
16
-87
46
59
-92
36
-14
28
-65
67
-75
-4
9
-24
38
-120
-9
28
27
-54
-134
88
19
-75
-102
76
90
-239
-23
125
95
-305
7
90
36
-91
-79
-42
-95
351
-211
-217
3
253
-5
-335
155
139
-121
-42
-72
200
21
-185
-119
222
226
-355
-143
365
22
-302
169
84
-23
-184
282
50
-249
42
121
127
-148
-101
53
197
-40
-157
42
167
-16
-156
104
114
-92
-79
112
26
-81
27
-25
10
20
33
-71
-40
11
133
-80
-254
298
3
-121
-158
167
162
-304
-64
196
87
-104
-377
231
416
-272
-392
167
409
-136
-342
96
405
-276
-118
1
358
-6
-444
132
158
107
-99
-147
-6
236
17
-129
-79
167
76
-153
3
92
131
-210
2
87
162
-141
-135
145
191
-112
-132
121
25
83
-83
-52
151
4
-65
14
88
86
-159
74
64
-61
115
-37
-83
123
17
-63
44
21
57
-191
104
-24
14
95
-248
70
86
-52
-139
50
58
-75
-150
51
71
-15
-171
-90
262
-31
-230
25
175
-33
-220
64
143
-53
-87
-165
113
148
-121
-104
-23
194
-133
-29
12
84
30
-57
-197
257
242
-320
-73
52
312
-187
-26
-6
44
56
-110
48
157
-26
-237
168
211
-88
-81
-1
143
50
-100
-70
134
162
-191
56
110
-21
-46
84
72
-54
-21
45
-1
57
-56
-38
80
-7
-13
1
153
-212
26
160
-17
-150
44
128
-39
-25
-21
100
-84
68
30
-140
101
-18
-4
5
-201
131
-14
-69
-31
-106
136
-54
-61
-46
74
45
-190
11
193
-91
-193
23
76
26
26
-231
-55
161
58
-96
-249
324
-23
-373
251
106
44
-389
-2
477
-99
-307
-116
394
13
-197
-155
123
126
-105
-51
-25
134
-83
-207
146
227
-189
-216
204
20
-98
43
70
-131
-114
198
108
-174
-13
-71
161
74
-119
-35
-41
156
-141
19
-77
89
-1
-241
163
58
-44
-218
8
342
-213
-132
47
108
-78
-245
171
23
-107
-109
116
20
-169
-86
141
132
-122
-142
-18
291
-212
-17
45
7
-28
-36
71
-58
184
-170
-57
181
64
-25
-202
221
137
-62
-68
-50
333
23
-301
93
317
-39
-181
14
210
17
-95
34
84
78
-109
92
-2
208
-85
-226
191
109
159
-265
-43
237
-26
-83
87
29
71
-229
79
237
-88
-131
-55
189
98
-206
-123
110
197
-41
-287
127
160
-147
1
50
81
-120
-163
287
-49
-11
-188
102
236
-286
104
-59
109
-119
-70
138
-85
-48
-40
43
83
0
-255
90
100
38
-127
-15
0
49
82
-193
-21
171
-2
-122
-80
107
-29
2
70
-157
41
-16
21
45
-53
-50
21
36
-99
213
-6
-317
69
323
-34
-251
79
232
-55
-198
130
55
36
-146
-138
267
70
-268
-112
224
52
-125
-185
108
162
-165
-122
43
68
-76
-7
-93
17
53
-114
-35
34
20
-165
-101
292
-171
-219
125
44
-107
-17
-9
-15
53
-185
71
42
19
-162
-132
294
96
-214
-260
202
324
-33
-406
46
391
-167
0
-165
287
64
-285
73
256
156
-361
3
211
201
-185
8
-72
58
345
-175
-171
93
294
-51
-175
31
222
67
-222
100
16
104
-106
-21
230
-96
-21
-145
226
100
-154
-139
192
198
-221
-138
113
229
-262
-45
213
-72
-174
-135
228
213
-250
-216
19
361
-46
-320
25
212
138
-494
206
298
-177
-281
88
417
-252
-197
80
200
-47
-64
-181
279
127
-285
1
209
112
-251
-18
287
35
-310
51
247
125
-258
-39
272
-55
-29
22
98
-97
66
-7
53
37
-141
50
101
117
-265
14
181
56
-135
-83
159
-27
18
-34
-25
-48
41
35
-16
86
-167
-61
110
202
-162
-121
61
-1
73
-31
21
-124
-11
61
68
-66
-123
46
75
-43
-122
0
72
-67
-58
87
-19
-106
-82
194
106
-374
67
231
-64
-226
54
275
-173
-225
91
365
-158
-255
-7
269
112
-304
-15
101
240
-194
-172
139
313
-205
-239
182
199
-68
-311
272
157
-32
-239
13
287
59
-166
-134
202
122
-148
-182
270
80
-298
-45
202
132
-194
-142
127
91
-110
-8
-31
50
-25
-97
29
14
78
-36
-268
168
73
-37
-53
-125
90
32
65
-156
-111
231
-39
-190
101
110
-130
-90
86
121
-15
-157
-2
180
5
-146
60
98
-134
-64
194
9
-173
-19
186
27
-127
-45
-20
289
-15
-312
189
87
56
-140
13
300
-111
-19
-83
177
158
-102
-103
111
140
-78
-125
13
367
-185
-120
-35
263
45
-242
88
102
212
-251
-41
253
10
-189
92
178
-66
-159
24
148
26
-107
-194
161
92
-256
-74
106
-51
-173
-45
11
-13
-64
-163
57
110
-61
-203
-61
116
100
-47
-379
42
303
-68
-353
32
298
-225
-157
92
128
-73
-224
-32
177
89
-245
-157
152
161
-140
-161
156
54
11
-95
1
135
-43
-57
38
106
-118
-21
6
96
6
-27
10
-44
86
54
-49
66
24
27
-130
-1
163
-19
-58
-125
214
-78
-99
20
41
79
-59
-106
1
156
-69
-90
1
107
-171
-34
133
-36
-34
-173
62
-30
40
-10
-195
-121
-21
123
-135
-98
-73
-58
-90
40
41
-151
-128
-77
15
-40
100
-179
-205
73
34
84
-127
-49
-95
47
313
-83
-159
-99
252
160
-48
23
80
56
95
202
151
99
31
186
219
250
108
-57
216
291
156
15
76
131
210
146
3
93
184
125
43
116
134
10
46
241
65
-104
45
129
199
-55
-58
1
73
97
-72
150
-148
-148
151
86
-22
-273
61
-23
-42
-62
-135
-123
-92
-113
-69
-145
-219
-167
-168
-82
-185
-252
-239
-138
-156
-176
-461
-123
-175
-119
-341
-285
-190
-311
-77
-256
-174
-357
-78
-189
-266
-146
-39
-215
-115
-69
-82
-103
-158
162
56
56
-206
71
307
