1.000000e-030   1.000000e-030   3.333333e-001   1.666667e-001   1.000000e-030   1.000000e-030   1.000000e-030   1.000000e-030   1.000000e-030   1.000000e-030   3.333333e-001   1.000000e-030   1.000000e-030   1.000000e-030   1.000000e-030   1.000000e-030   1.000000e-030   8.624774e-236   1.000000e-030   1.000000e-030   1.000000e-030   1.000000e-030   1.000000e-030   1.000000e-030   1.000000e-030   1.145590e-234   1.000000e-030   1.000000e-030   1.000000e-030   1.000000e-030   1.666667e-001   1.000000e-030   

1.000000e-030   1.000000e-030   2.894530e-100   1.000000e-030   1.000000e-030   1.000000e-030   1.000000e-030   1.000000e-030   1.000000e-030   6.631493e-245   6.041252e-229   1.000000e-030   1.000000e-030   1.000000e-030   1.000000e-030   1.000000e-030   1.000000e-030   6.896440e-235   1.000000e-030   1.000000e-030   1.000000e-030   1.000000e-030   9.795798e-004   1.000000e-030   1.000000e-030   9.990204e-001   1.000000e-030   1.000000e-030   1.000000e-030   1.000000e-030   1.000000e-030   1.000000e-030   

1.000000e-030   1.000000e-030   5.553934e-298   1.000000e-030   1.000000e-030   3.831888e-242   1.000000e-030   1.000000e-030   1.000000e-030   3.336605e-001   1.000000e-030   1.000000e-030   3.336605e-001   1.000000e-030   1.000000e-030   1.000000e-030   1.000000e-030   1.000000e-030   8.280767e-242   1.000000e-030   1.000000e-030   1.000000e-030   3.326790e-001   1.000000e-030   1.000000e-030   2.332119e-234   1.000000e-030   1.000000e-030   1.000000e-030   1.000000e-030   1.439580e-296   1.000000e-030   

1.000000e-030   1.000000e-030   1.000000e-030   1.000000e-030   1.000000e-030   8.044975e-001   1.000000e-030   1.000000e-030   9.494034e-002   1.779918e-271   1.000000e-030   1.000000e-030   8.166542e-244   1.000000e-030   1.000000e-030   1.000000e-030   3.798576e-238   2.958833e-237   1.005622e-001   1.000000e-030   1.000000e-030   1.000000e-030   1.000000e-030   1.000000e-030   1.000000e-030   4.775787e-235   1.000000e-030   1.000000e-030   1.000000e-030   1.000000e-030   1.000000e-030   1.000000e-030   

1.000000e-030   1.000000e-030   1.000000e-030   1.000000e-030   1.000000e-030   1.000000e-030   1.000000e-030   1.000000e-030   5.056496e-003   1.000000e-030   1.000000e-030   1.000000e-030   1.597805e-302   1.000000e-030   1.000000e-030   1.000000e-030   2.713482e-001   5.426965e-001   3.774110e-242   1.000000e-030   1.000000e-030   1.000000e-030   1.000000e-030   1.000000e-030   1.000000e-030   1.808988e-001   1.000000e-030   1.000000e-030   1.000000e-030   1.000000e-030   1.000000e-030   1.000000e-030   

