1.000000e-030   1.000000e-030   1.000000e-030   1.000000e+000   1.000000e-030   1.000000e-030   1.000000e-030   1.000000e-030   1.000000e-030   1.000000e-030   1.000000e-030   1.000000e-030   1.000000e-030   1.000000e-030   1.000000e-030   1.000000e-030   1.000000e-030   4.327509e-230   1.000000e-030   1.000000e-030   1.000000e-030   1.000000e-030   1.451191e-250   1.000000e-030   1.000000e-030   1.000000e-030   1.000000e-030   1.000000e-030   1.073483e-250   1.000000e-030   1.000000e-030   1.000000e-030   

1.000000e-030   1.000000e-030   1.000000e-030   4.381641e-250   1.000000e-030   1.000000e-030   1.000000e-030   1.000000e-030   1.000000e-030   1.000000e-030   1.000000e-030   1.000000e-030   1.000000e-030   1.000000e-030   1.000000e-030   1.000000e-030   8.409125e-002   1.387261e-229   1.000000e-030   1.000000e-030   1.000000e-030   1.000000e-030   4.579544e-001   1.000000e-030   1.000000e-030   1.000000e-030   1.000000e-030   1.000000e-030   4.579544e-001   1.000000e-030   1.000000e-030   9.403488e-247   

1.000000e-030   1.000000e-030   1.000000e-030   1.000000e-030   1.000000e-030   1.000000e-030   1.000000e-030   1.000000e-030   1.000000e-030   1.000000e-030   1.000000e-030   1.000000e-030   1.000000e-030   1.000000e-030   1.000000e-030   1.000000e-030   2.323809e-001   3.875525e-230   1.000000e-030   1.000000e-030   7.620963e-245   1.000000e-030   1.000000e-030   1.000000e-030   2.668652e-244   3.054164e-243   1.000000e-030   1.000000e-030   4.878124e-249   1.000000e-030   1.000000e-030   7.676191e-001   

1.000000e-030   3.235240e-234   1.534337e-238   1.565951e-232   1.000000e-030   1.000000e-030   8.673627e-002   2.442410e-239   1.000000e-030   1.000000e-030   1.000000e-030   1.000000e-030   1.848916e-237   1.000000e-030   1.000000e-030   1.000000e-030   7.175389e-246   2.830710e-230   1.000000e-030   2.227992e-236   7.306110e-001   1.000000e-030   1.000000e-030   1.000000e-030   9.132637e-002   9.132637e-002   1.000000e-030   1.000000e-030   1.000000e-030   2.684788e-235   1.000000e-030   1.000000e-030   

1.000000e-030   8.298576e-002   8.298576e-002   8.298576e-002   1.000000e-030   1.000000e-030   4.170897e-003   2.489573e-001   1.000000e-030   1.000000e-030   1.000000e-030   1.000000e-030   8.298576e-002   1.000000e-030   1.000000e-030   1.000000e-030   1.000000e-030   2.489573e-001   1.000000e-030   8.298576e-002   9.218531e-267   1.000000e-030   1.000000e-030   1.000000e-030   1.000000e-030   8.584902e-243   1.000000e-030   1.000000e-030   1.000000e-030   8.298576e-002   1.000000e-030   1.000000e-030   

