-8
-9
-9
-2
1
5
3
-5
-7
-9
-10
-9
-8
-7
-5
-1
1
2
2
0
-5
-8
-8
-6
-2
4
6
10
14
16
15
8
3
-1
2
3
3
3
6
12
17
11
-1
-8
-12
-8
2
7
16
20
13
12
14
17
16
6
0
0
5
12
18
16
17
14
13
13
11
10
9
10
8
5
6
9
12
11
7
6
7
8
7
12
17
14
18
19
17
13
10
9
9
10
9
3
2
4
7
10
12
8
3
3
11
18
17
16
12
3
-1
-4
-6
-1
1
2
0
-5
-8
-12
-11
-6
-10
-13
-12
-11
-6
-2
-2
-8
-13
-15
-14
-7
-2
-5
-6
-5
-9
-14
-21
-24
-23
-20
-14
-11
-11
-11
-10
-12
-16
-16
-19
-19
-20
-15
-9
-5
-5
-9
-12
-14
-20
-17
-9
-7
-4
-6
-12
-13
-8
-8
-13
-19
-22
-19
-15
-11
-3
1
2
7
5
0
0
-3
1
4
2
-4
-11
-12
-10
-8
-7
-7
-4
1
2
6
6
3
-5
-11
-12
-11
-12
-13
-13
-9
-4
0
0
3
5
6
4
-1
-8
-10
-10
-13
-19
-21
-22
-14
3
12
17
16
16
18
19
18
9
5
5
9
17
16
8
4
7
10
10
11
15
19
23
24
20
14
10
18
23
21
16
9
7
8
8
2
1
3
7
9
0
-7
-15
-17
-9
-5
3
8
14
19
17
10
1
-5
-4
5
10
11
8
4
5
2
-8
-14
-15
-12
-10
-4
4
1
0
-1
-2
1
-4
-10
-6
-1
4
11
7
2
4
4
-5
-15
-20
-21
-17
-12
-10
-9
-10
-13
-14
-15
-11
-7
-5
-5
-7
-6
-7
-5
-2
4
1
-6
-12
-13
-10
-1
2
2
1
-3
-8
-4
1
-5
-8
-7
-5
0
3
7
11
17
13
-4
-14
-14
-5
1
3
8
12
16
21
17
5
0
-6
-4
7
12
16
19
21
14
1
-9
-14
-9
-1
2
0
-3
-6
-6
-3
-4
-6
-10
-14
-13
-16
-14
-7
4
11
9
4
1
1
10
19
23
30
34
25
22
15
8
13
20
18
15
10
3
10
12
5
-5
-7
4
13
19
12
0
-7
-8
-6
-7
-7
-5
-2
-3
-5
-6
-10
-9
-1
5
4
-2
-4
-6
-8
-7
-12
-15
-18
-22
-16
-10
-11
-3
5
8
10
13
4
2
1
-8
-9
-9
-11
-11
-13
-15
-18
-15
-10
-4
-6
-12
-21
-26
-27
-16
-10
-11
-16
-22
-24
-25
-17
-15
-14
-10
-9
-6
-10
-18
-25
-23
-21
-15
-6
-3
-3
-2
3
3
1
-2
-2
-6
0
10
12
15
13
14
12
20
28
34
40
42
38
37
36
34
36
38
44
40
32
34
34
34
33
32
35
38
34
29
26
23
20
14
8
8
5
8
12
10
4
-7
-18
-23
-23
-24
-23
-22
-31
-36
-39
-36
-38
-40
-41
-42
-45
-48
-46
-41
-35
-27
-19
-16
-10
-9
-12
-17
-14
-8
-8
-6
-2
-2
-2
1
7
11
9
9
11
16
19
23
26
28
29
27
27
26
26
29
28
28
29
32
30
27
29
33
30
26
26
23
18
17
15
11
12
9
3
-3
-7
-7
-9
-8
-6
-5
-7
-11
-14
-12
-13
-9
-3
-6
-7
-7
-9
-6
-5
-12
-14
-13
-5
7
10
9
11
14
13
14
11
10
15
16
15
9
9
7
1
-1
-6
-9
-14
-15
-17
-14
-5
-3
-5
-6
-14
-17
-18
-17
-16
-15
-16
-19
-17
-15
-18
-15
-15
-18
-21
-23
-20
-18
-14
-12
-16
-17
-15
-17
-15
-12
-7
1
4
3
-4
-9
-11
-10
-11
-9
-6
-2
-2
-1
2
3
-2
-4
-2
-6
-7
-7
-7
-8
-12
-12
-14
-15
-10
-9
-8
-8
-14
-13
-8
0
2
-5
-9
-14
-14
-10
-7
-7
-9
-13
-12
-4
3
8
8
8
13
15
11
8
11
8
9
7
8
14
21
22
16
11
6
7
12
15
19
22
19
16
17
17
14
13
13
12
14
15
17
16
11
7
5
5
6
5
6
3
2
10
11
11
9
-2
-6
-3
0
-3
-4
0
1
-4
-7
-3
4
8
9
3
-8
-9
0
1
-3
0
-5
-10
-8
-10
-11
-16
-18
-18
-18
-23
-30
-30
-29
-32
-33
-32
-31
-31
-29
-29
-35
-28
-17
-18
-19
-16
-18
-18
-11
-8
-11
-17
-13
-6
-4
0
1
-10
-15
-6
3
6
4
8
7
9
13
12
15
19
18
16
14
13
12
14
15
11
13
9
4
8
8
7
7
7
7
3
-2
-2
-4
-9
-9
-9
-12
-14
-19
-23
-28
-32
-28
-26
-25
-20
-16
-16
-19
-24
-20
-13
-7
-1
1
-1
1
7
14
25
32
32
32
38
45
47
52
56
57
59
62
65
68
75
79
82
78
75
72
71
72
73
70
63
54
50
47
44
42
33
23
15
5
0
3
0
-5
-14
-25
-36
-39
-38
-36
-34
-33
-32
-34
-37
-35
-32
-31
-33
-29
-29
-27
-14
-5
-6
1
10
16
26
33
36
39
39
50
56
53
52
53
56
56
50
43
38
33
31
21
8
-4
-14
-30
-43
-54
-67
-83
-102
-121
-141
-158
-173
-183
-193
-203
-209
-221
-231
-236
-238
-244
-244
-239
-233
-218
-204
-198
-189
-173
-157
-137
-111
-85
-65
-47
-27
-10
14
42
74
107
135
160
183
201
214
241
269
290
307
316
320
321
316
318
318
315
311
299
281
260
238
214
186
156
134
114
90
65
40
5
-23
-53
-88
-119
-146
-169
-192
-207
-223
-240
-251
-260
-264
-268
-274
-278
-274
-264
-252
-233
-207
-187
-166
-143
-119
-94
-64
-30
0
29
60
91
119
145
174
197
222
244
259
272
281
290
300
305
306
308
309
293
279
257
233
218
199
179
147
117
91
65
34
5
-25
-62
-99
-128
-153
-181
-210
-231
-250
-269
-284
-297
-312
-324
-327
-323
-316
-304
-294
-282
-264
-247
-229
-213
-187
-153
-122
-91
-55
-18
16
46
78
106
124
153
180
206
235
261
279
287
300
306
310
308
298
290
274
261
253
244
223
194
162
124
88
56
25
-7
-41
-75
-115
-148
-179
-208
-228
-252
-277
-300
-321
-339
-352
-360
-369
-371
-369
-368
-361
-346
-334
-316
-293
-269
-243
-221
-194
-162
-120
-81
-45
-11
18
52
89
125
159
198
231
257
281
301
316
328
337
346
352
353
356
354
351
344
331
316
303
287
260
234
210
181
153
122
87
51
21
-8
-38
-61
-86
-114
-139
-153
-169
-187
-207
-227
-235
-246
-257
-267
-267
-262
-260
-248
-235
-225
-210
-199
-187
-169
-151
-131
-111
-90
-72
-53
-27
-3
17
35
63
90
106
123
138
147
156
166
174
179
180
178
173
174
173
170
164
154
148
133
123
113
103
88
64
40
19
-1
-16
-24
-31
-39
-49
-64
-85
-100
-113
-129
-140
-145
-145
-150
-154
-147
-138
-131
-129
-126
-125
-122
-114
-101
-80
-66
-50
-37
-25
-1
16
27
39
56
75
95
103
114
128
137
139
146
156
160
163
166
167
168
162
149
141
135
126
119
111
98
84
71
55
37
20
0
-28
-53
-72
-89
-102
-115
-127
-139
-159
-181
-197
-210
-214
-211
-206
-211
-220
-229
-231
-228
-221
-211
-205
-197
-191
-174
-151
-130
-114
-104
-96
-88
-75
-53
-23
7
29
48
60
70
88
99
109
121
134
140
143
156
170
179
184
183
177
171
167
162
161
157
151
144
131
123
112
96
80
58
33
7
-5
-13
-22
-34
-48
-62
-77
-88
-98
-105
-107
-107
-106
-111
-118
-121
-123
-118
-113
-111
-102
-90
-73
-57
-46
-32
-20
-12
-7
5
25
44
66
91
108
121
128
134
143
160
176
186
191
195
200
202
200
198
199
194
191
187
185
181
178
177
166
145
121
94
74
58
44
26
9
-5
-19
-38
-62
-79
-92
-108
-125
-138
-154
-168
-178
-181
-183
-192
-206
-219
-221
-223
-222
-216
-209
-202
-193
-184
-180
-172
-159
-148
-139
-129
-113
-91
-66
-42
-24
-21
-20
-11
1
12
30
46
60
76
84
87
84
82
93
99
104
112
120
126
125
118
110
102
94
88
78
65
50
36
29
22
11
-1
-12
-22
-25
-32
-41
-49
-60
-71
-82
-89
-91
-95
-96
-96
-94
-97
-98
-90
-87
-81
-76
-72
-61
-56
-42
-28
-27
-23
-16
2
13
23
36
47
62
74
86
97
101
111
117
117
119
123
122
127
136
137
137
139
141
143
139
132
125
116
105
95
87
80
71
60
48
36
21
10
1
-5
-8
-13
-17
-28
-51
-69
-86
-90
-90
-97
-103
-111
-110
-108
-105
-98
-96
-101
-111
-118
-115
-109
-98
-82
-65
-55
-49
-44
-35
-30
-29
-27
-15
0
21
37
40
39
38
46
56
66
70
70
71
74
77
76
73
68
62
56
51
47
42
34
30
25
21
21
17
8
-9
-24
-33
-42
-46
-49
-50
-58
-69
-80
-90
-92
-92
-91
-92
-97
-98
-99
-88
-79
-80
-77
-75
-71
-66
-60
-51
-41
-29
-20
-14
-13
-6
5
17
29
37
39
44
50
58
63
67
75
75
75
74
69
59
52
53
55
57
57
59
56
48
43
41
32
25
20
16
10
1
-7
-14
-20
-30
-38
-44
-50
-54
-57
-58
-59
-62
-64
-69
-65
-62
-61
-61
-67
-68
-69
-70
-59
-46
-39
-34
-30
-35
-37
-33
-28
-21
-14
-3
4
11
15
14
20
26
30
32
36
41
37
43
48
49
45
45
43
47
54
56
50
47
46
41
38
42
44
42
37
32
25
20
21
28
30
25
17
11
9
6
2
2
1
-2
-1
2
1
-1
2
3
5
9
15
18
18
14
10
13
17
23
24
23
23
21
21
17
13
7
2
3
6
8
10
10
7
7
6
1
4
-1
-6
-7
-5
-7
-12
-17
-23
-28
-31
-30
-28
-29
-24
-16
-15
-11
-10
-14
-18
-14
-6
-10
-16
-16
-19
-23
-23
-19
-20
-29
-34
-27
-26
-26
-27
-29
-29
-26
-22
-22
-29
-32
-29
-27
-25
-16
-11
-14
-22
-28
-32
-30
-23
-17
-14
-14
-14
-16
-22
-22
-19
-19
-12
-10
-11
-9
-11
-11
-11
-12
-5
2
3
1
3
4
6
11
12
11
10
7
6
9
13
14
15
18
17
17
14
15
14
7
7
6
8
8
1
-1
-1
3
5
7
9
7
2
2
8
14
12
11
13
10
4
8
15
15
14
17
26
33
36
36
33
32
34
34
37
45
53
54
52
48
42
36
39
42
42
40
34
31
26
18
19
25
27
27
24
20
20
15
10
6
0
-4
-8
-10
-12
-19
-21
-21
-20
-22
-25
-25
-28
-28
-29
-27
-25
-22
-20
-24
-26
-23
-19
-16
-14
-12
-17
-22
-22
-21
-19
-17
-12
-9
-7
-5
0
0
-4
-1
6
7
7
9
14
14
14
17
15
15
15
13
13
17
20
27
21
10
1
-6
-7
-5
-6
-3
5
7
1
-4
-6
-11
-18
-19
-15
-17
-17
-16
-23
-21
-16
-13
-13
-14
-15
-10
-12
-15
-12
-11
-10
-7
-3
-5
-5
-2
2
-1
-2
1
8
11
11
15
16
14
16
16
13
13
15
18
24
26
26
22
17
12
13
12
11
13
10
7
0
-5
-6
-10
-10
-11
-19
-23
-22
-21
-24
-26
-27
-29
-32
-33
-31
-30
-30
-27
-29
-30
-23
-14
-13
-13
-8
-10
-12
-11
-7
-6
-5
-5
-6
-2
-1
1
3
7
16
20
23
20
20
27
28
32
31
21
17
18
17
15
13
15
15
13
12
11
7
2
0
-5
-11
-7
0
0
-7
-9
-10
-12
-7
-5
-3
-4
-5
-7
-5
-7
-10
-10
-7
-5
-3
2
6
-1
0
3
4
5
8
13
11
4
-1
1
5
6
7
9
7
7
11
9
7
5
5
6
2
-2
-3
-5
-3
5
7
5
2
0
-5
-10
-8
-8
-12
-18
-21
-22
-22
-21
-21
-18
-16
-13
-10
-10
-12
-12
-12
-16
-20
-20
-16
-6
0
0
-8
-15
-13
-13
-15
-16
-12
-8
-10
-10
-8
-13
-17
-13
-7
-1
2
4
0
0
-3
-5
0
6
9
5
-2
-6
-11
-15
-17
-17
-18
-14
-8
-8
-9
-10
-13
-19
-18
-11
-4
-5
-11
-11
-8
-6
-3
1
3
2
2
9
15
17
14
16
18
17
24
31
33
35
35
36
33
35
39
37
37
35
33
30
26
30
32
29
26
27
26
26
26
22
16
15
11
9
8
4
2
0
1
3
0
-5
-5
-3
-8
-14
-14
-15
-15
-15
-17
-13
-10
-9
-11
-13
-12
-13
-14
-13
-12
-10
-11
-8
0
2
3
3
1
0
2
3
1
0
3
1
4
6
5
3
0
-1
-1
-6
-10
-5
-3
-7
-10
-12
-11
-13
-13
-14
-18
-26
-29
-27
-24
-25
-27
-32
-36
-34
-33
-30
-27
-26
-25
-22
-14
-9
-11
-13
-15
-15
-10
-1
3
4
2
4
2
1
4
7
14
17
23
26
18
16
16
17
18
17
25
29
23
20
22
23
21
21
22
20
18
13
13
15
9
6
6
1
-3
-1
1
4
5
2
-5
-9
-6
-2
1
3
3
1
-3
-4
-7
-7
-4
-3
-2
1
-1
1
0
3
1
-2
1
1
3
6
4
4
1
-2
6
11
13
16
17
13
8
6
7
7
3
1
2
3
6
10
13
12
10
8
3
-2
-5
-7
-9
-16
-18
-14
-12
-12
-15
-21
-21
-20
-17
-10
-9
-10
-10
-11
-10
-7
-5
-2
2
2
1
1
-2
-2
3
6
10
11
6
3
6
7
8
9
9
15
18
20
22
19
14
12
11
11
15
12
11
9
13
17
15
14
12
9
6
5
11
14
14
12
12
11
9
9
8
6
6
2
-1
0
-3
-5
-7
-5
-2
-3
1
3
4
9
7
6
6
4
2
5
7
8
7
6
5
3
0
1
4
4
1
-1
0
3
7
4
-3
-9
-8
-10
-10
-7
-10
-15
-17
-16
-16
-20
-17
-12
-8
-7
-7
-10
-15
-15
-11
-5
-2
0
0
-4
-7
-11
-11
-14
-15
-15
-19
-18
-16
-19
-23
-26
-24
-19
-20
-19
-16
-14
-13
-12
-15
-14
-13
-14
-16
-15
-11
-9
-13
-15
-19
-23
-21
-19
-21
-18
-15
-14
-11
-13
-13
-13
-16
-11
-3
-1
1
3
0
-7
-7
-3
0
5
11
12
13
15
12
13
14
14
22
27
29
32
33
29
29
27
22
24
29
29
28
19
14
13
14
18
13
6
3
4
13
22
25
25
23
18
17
14
11
12
13
15
15
4
-5
-13
-11
-6
-2
-1
0
2
3
7
7
4
4
3
4
4
1
4
10
12
10
6
4
8
12
12
14
15
9
5
7
6
7
5
7
9
7
9
9
6
-1
-5
-8
-8
-12
-22
-30
-32
-34
-40
-39
-36
-34
-36
-35
-39
-47
-52
-50
-47
-47
-39
-33
-27
-26
-29
-32
-37
-33
-30
-23
-16
-12
-12
-15
-17
-18
-19
-17
-16
-10
-7
-4
1
0
3
0
-2
-5
-6
-1
5
12
18
21
23
23
21
21
20
19
20
23
24
22
15
14
15
12
12
11
8
8
9
10
10
5
3
4
5
3
1
5
9
12
12
10
10
11
3
-7
-11
-9
-7
-4
-2
-6
-5
6
11
9
6
5
11
15
15
17
14
10
11
14
10
3
5
2
2
5
9
12
11
15
12
8
7
6
8
12
12
13
10
10
13
14
12
10
6
5
11
18
17
11
7
1
-7
-14
-14
-13
-11
-8
-10
-14
-14
-12
-11
-13
-15
-12
-14
-9
-5
-3
-10
-14
-12
-10
-7
1
5
4
-1
-8
-11
-13
-10
-4
-1
2
5
3
-3
-6
-6
-6
-9
-11
-4
-1
-3
-5
-3
-4
-8
-12
-19
-20
-15
-12
-9
-5
-2
-2
-2
2
4
3
4
3
1
-3
2
3
3
4
-2
-7
-7
-7
-9
-4
4
9
8
10
11
8
11
16
19
16
14
11
11
12
14
19
22
20
22
23
25
25
17
19
24
24
19
13
15
13
10
6
4
3
-5
-4
-2
-4
-8
-7
-5
-8
-10
-16
-16
-11
-6
-3
-3
-1
-3
-3
-3
-5
-4
-8
-11
-10
-9
-6
-1
2
-2
-9
-12
-10
-1
4
3
-2
-6
-9
-13
-14
-12
-9
-7
-7
-9
-6
2
5
5
2
-2
-4
-4
-2
-8
-16
-16
-16
-12
-17
-20
-9
4
9
4
2
1
6
13
10
5
6
11
17
19
22
26
24
19
12
15
14
15
20
19
16
16
20
24
24
22
15
9
3
8
12
10
7
5
1
-1
-1
-5
-7
-7
-9
-6
2
11
17
17
16
13
13
11
8
9
8
5
7
7
4
1
4
6
6
8
19
32
30
24
20
20
21
14
8
6
6
11
8
7
5
7
4
-4
-8
-13
-18
-17
-19
-16
-18
-21
-16
-22
-40
-56
-63
-61
-60
-63
-65
-72
-79
-96
-110
-114
-121
-130
-135
-125
-111
-108
-100
-87
-78
-64
-55
-45
-36
-31
-17
-19
-27
-24
-17
-10
0
-3
-1
11
21
44
46
53
66
61
67
62
56
57
52
65
70
51
43
45
61
66
51
50
53
80
94
63
26
20
50
61
24
-16
-9
13
25
-1
-36
-31
-21
-24
-60
-81
-58
-48
-50
-47
-44
-41
-46
-48
-23
1
-5
-17
-13
4
15
-4
-13
-2
12
9
-13
-18
5
20
31
19
18
39
29
35
49
53
78
87
108
132
141
158
155
165
180
174
177
173
168
171
160
151
123
95
87
77
61
34
18
8
13
13
-16
-34
-9
17
18
-23
-52
-34
-24
-47
-76
-94
-91
-88
-117
-143
-172
-185
-189
-217
-226
-235
-236
-213
-209
-194
-185
-167
-128
-104
-86
-84
-71
-38
-5
4
-2
-3
0
6
-6
-33
-49
-63
-66
-63
-71
-64
-66
-46
-5
0
-3
-12
10
59
63
63
47
46
94
114
126
110
95
136
160
165
140
104
127
156
145
100
76
118
165
154
111
79
97
113
74
14
-17
6
11
-26
-73
-97
-74
-70
-99
-108
-113
-101
-78
-86
-95
-82
-61
-52
-41
-30
-13
-39
-71
-92
-132
-144
-160
-170
-172
-184
-178
-138
-68
16
72
147
250
369
512
593
700
887
1060
1112
962
753
671
681
607
343
2
-183
-219
-309
-512
-755
-783
-603
-598
-645
-836
-725
-412
-403
-515
-658
-525
-222
-309
-543
-541
-419
-170
-324
-478
-373
-214
-24
-128
-145
48
182
203
98
158
303
281
243
204
260
258
110
31
16
-17
-103
-197
-159
-126
-168
-203
-177
-65
-70
-104
-91
-51
28
37
-1
85
99
107
53
56
168
201
215
188
242
268
314
362
459
519
531
479
502
506
467
461
396
467
394
346
324
255
257
159
135
59
-11
-72
-104
-66
-194
-299
-391
-473
-535
-661
-700
-650
-660
-758
-822
-795
-767
-799
-847
-785
-679
-668
-695
-639
-524
-484
-495
-488
-361
-333
-319
-325
-194
-44
-21
87
206
405
503
532
666
836
941
1021
1145
1272
1396
1440
1524
1691
1672
1594
1544
1517
1458
1339
1230
1245
1218
1071
891
748
655
551
407
248
181
55
-103
-213
-305
-395
-464
-552
-559
-607
-734
-780
-807
-838
-912
-992
-1039
-1081
-1139
-1166
-1154
-1135
-1197
-1247
-1273
-1290
-1263
-1356
-1314
-1316
-1414
-1462
-1621
-1620
-1669
-1711
-1765
-1759
-1758
-1786
-1685
-1572
-1432
-1005
-617
-374
-34
19
545
942
1229
1583
1756
2020
2168
2294
2426
2663
2933
2987
2988
2839
2671
2637
2478
2352
2224
1917
1706
1370
1107
1008
770
626
296
-39
-403
-762
-1045
-1206
-1312
-1536
-1705
-1856
-1840
-1728
-1741
-1649
-1436
-1311
-1107
-875
-585
-133
167
390
662
951
1235
1507
1679
1857
2008
1990
1930
1915
1884
1859
1747
1486
1200
845
520
238
-38
-342
-725
-1122
-1497
-1801
-2124
-2411
-2713
-3021
-3358
-3736
-3905
-4030
-3997
-3993
-3915
-3921
-3819
-3700
-3330
-2469
-2091
-1361
-989
-389
432
855
1508
2003
2469
2725
2951
3158
3426
3860
4094
4184
4146
3839
3773
3673
3362
3210
2732
2341
1904
1309
967
543
323
-138
-560
-1038
-1535
-1888
-2338
-2560
-2801
-3031
-3244
-3400
-3297
-3139
-2915
-2642
-2423
-2158
-1878
-1512
-1044
-576
17
518
1021
1360
1717
2238
2541
2841
2977
2970
2998
2896
2826
2798
2620
2330
1957
1549
1044
628
162
-315
-720
-1330
-1864
-2307
-2684
-3011
-3331
-3671
-4007
-4242
-4438
-4525
-4539
-4590
-4536
-4470
-4259
-4130
-3479
-2681
-2085
-1172
-771
166
895
1513
2245
2794
3369
3712
4105
4414
4796
5262
5485
5662
5596
5415
5398
5052
4746
4359
3794
3398
2733
2234
1804
1392
964
322
-245
-951
-1522
-2200
-2665
-2954
-3346
-3684
-3991
-4180
-3985
-3843
-3601
-3198
-3030
-2668
-2442
-2049
-1465
-922
-374
160
742
1104
1602
2053
2462
2892
3006
3181
3337
3301
3386
3377
3215
3030
2661
2279
1856
1317
833
346
-215
-837
-1442
-2017
-2486
-2987
-3446
-3799
-4261
-4698
-5116
-5386
-5571
-5561
-5751
-5707
-5569
-5387
-4404
-3941
-3084
-2323
-1663
-514
124
936
1578
2293
2779
3134
3532
3866
4537
4975
5213
5465
5326
5386
5347
5036
4925
4422
4003
3438
2765
2344
1851
1497
885
375
-301
-950
-1492
-2209
-2525
-3001
-3465
-3846
-4150
-4220
-4184
-4113
-3852
-3594
-3240
-2929
-2567
-2083
-1592
-887
-359
362
884
1377
2021
2543
3164
3487
3792
4106
4288
4385
4347
4344
4168
3928
3650
3182
2719
2029
1438
907
131
-503
-1244
-1851
-2466
-3115
-3639
-4214
-4605
-5093
-5395
-5805
-5989
-6125
-6196
-6169
-5937
-5179
-4815
-3996
-3453
-2475
-1481
-801
179
965
1776
2280
2847
3317
3824
4375
4707
5152
5418
5530
5837
5832
5659
5552
5176
4872
4336
3758
3291
2745
2194
1460
992
304
-250
-922
-1592
-2071
-2674
-3155
-3591
-3861
-3988
-4095
-4128
-3969
-3845
-3652
-3357
-2919
-2425
-1848
-1357
-749
-100
335
1001
1601
2237
2753
3085
3504
3771
3900
4011
4187
4229
4091
3842
3541
3296
2787
2159
1711
1075
319
-395
-1149
-1728
-2482
-3167
-3747
-4264
-4809
-5388
-5590
-5931
-6112
-6429
-6413
-6354
-5934
-5561
-5122
-4296
-3893
-2891
-2163
-1223
-377
318
1002
1591
2247
2667
3369
4020
4469
4879
5121
5505
5825
5799
5752
5705
5440
5030
4368
3902
3488
3007
2358
1777
1226
519
27
-683
-1161
-1837
-2483
-3029
-3518
-3906
-4190
-4209
-4205
-4120
-4066
-3872
-3567
-3263
-2856
-2301
-1722
-1199
-702
-72
703
1379
1998
2604
3165
3489
3713
3983
4256
4367
4258
4258
4115
3888
3607
3283
3028
2543
1907
1207
460
-310
-1157
-1935
-2711
-3485
-4236
-4854
-5293
-5723
-6114
-6438
-6589
-6785
-6852
-6943
-6445
-5989
-5644
-4828
-4380
-3246
-2459
-1464
-381
458
1262
1803
2661
3141
3865
4469
4876
5445
5536
5873
6276
6441
6487
6405
6274
5961
5452
4847
4422
3965
3166
2464
1846
1146
474
-416
-901
-1525
-2306
-2948
-3475
-3877
-4221
-4423
-4568
-4478
-4601
-4499
-4119
-3885
-3431
-2996
-2556
-2007
-1502
-947
-116
686
1347
1984
2568
3161
3536
3888
4309
4544
4524
4436
4364
4254
3973
3653
3429
3005
2345
1722
1176
430
-279
-1114
-1869
-2531
-3470
-4083
-4630
-5164
-5560
-5981
-6201
-6408
-6509
-6675
-6550
-5965
-5869
-5217
-4713
-3912
-2806
-2206
-1092
-192
642
1198
1993
2694
3167
3849
4262
4952
5274
5440
6032
6253
6290
6266
6160
5947
5540
4904
4445
4044
3277
2593
1995
1206
550
-223
-893
-1426
-2211
-2874
-3485
-3988
-4416
-4642
-4854
-4936
-4964
-5097
-4831
-4492
-4167
-3609
-3165
-2566
-1881
-1393
-599
165
844
1506
2095
2629
3198
3619
3929
4344
4469
4500
4610
4475
4407
4194
3862
3628
3160
2468
1868
1243
513
-162
-1078
-1788
-2437
-3207
-3714
-4147
-4623
-5111
-5572
-5920
-6150
-6238
-6459
-6092
-5761
-5617
-4839
-4441
-3436
-2561
-1809
-747
101
879
1449
2281
2777
3397
3941
4354
5019
5089
5393
5853
6043
6159
6087
5941
5680
5235
4564
4137
3582
2775
2135
1449
766
209
-568
-1048
-1514
-2174
-2728
-3224
-3649
-4060
-4332
-4593
-4533
-4670
-4671
-4447
-4218
-3896
-3471
-2893
-2481
-1690
-1188
-315
398
957
1752
2241
2831
3221
3718
3992
4306
4454
4432
4510
4362
4301
4074
3715
3448
2968
2386
1792
1129
391
-308
-1023
-1652
-2311
-2976
-3536
-4009
-4601
-4960
-5361
-5651
-5839
-6099
-6139
-6105
-5639
-5511
-4897
-4403
-3689
-2690
-2111
-1010
-266
555
1166
1954
2587
3015
3653
4001
4580
4745
4984
5405
5554
5665
5577
5546
5357
4969
4423
4006
3520
2767
2063
1340
692
95
-623
-1215
-1665
-2317
-2845
-3327
-3674
-4037
-4353
-4594
-4714
-4794
-4884
-4572
-4330
-3950
-3573
-3097
-2313
-1825
-1040
-353
544
1147
1698
2370
2887
3355
3574
4077
4362
4505
4541
4647
4800
4672
4518
4359
4081
3542
2937
2355
1746
1001
190
-512
-1230
-1976
-2725
-3207
-3621
-4096
-4624
-5091
-5335
-5712
-5941
-6042
-5859
-5509
-5561
-4916
-4494
-3797
-3057
-2349
-1293
-568
132
671
1540
2085
2586
3190
3580
4089
4276
4587
5007
5246
5364
5413
5504
5255
4992
4507
4189
3684
2968
2357
1729
1102
424
-163
-632
-1133
-1745
-2286
-2570
-2948
-3377
-3626
-3888
-4029
-4335
-4402
-4177
-4014
-3811
-3436
-2917
-2386
-1905
-1225
-376
350
938
1523
2108
2568
2936
3274
3700
3974
4003
4077
4146
4152
4027
3881
3776
3498
2963
2386
1912
1326
595
-117
-694
-1356
-2150
-2792
-3319
-3752
-4312
-4748
-5087
-5366
-5668
-5862
-5785
-5868
-5463
-5368
-4848
-4337
-3831
-2952
-2328
-1340
-689
141
782
1552
2212
2638
3323
3676
4168
4405
4713
5118
5190
5298
5308
5425
5184
4992
4615
4250
3759
3037
2514
1884
1217
645
11
-622
-1129
-1693
-2118
-2539
-2900
-3273
-3508
-3838
-3968
-4114
-4229
-4101
-3960
-3755
-3473
-3005
-2538
-2003
-1330
-636
97
585
1143
1658
2103
2489
2859
3207
3390
3555
3630
3790
3816
3810
3715
3539
3270
2870
2429
1983
1411
681
27
-595
-1243
-1975
-2611
-3089
-3568
-4114
-4558
-4859
-5132
-5459
-5593
-5699
-5484
-5442
-5202
-4651
-4236
-3473
-2930
-2055
-1272
-527
110
830
1599
2087
2722
3147
3629
3997
4203
4610
4857
4994
4988
5082
5078
4953
4680
4363
4069
3478
2873
2251
1619
924
253
-356
-860
-1411
-1947
-2377
-2715
-3090
-3411
-3662
-3773
-3955
-4112
-4064
-3960
-3741
-3573
-3198
-2684
-2225
-1671
-992
-195
372
943
1518
2075
2466
2779
3186
3455
3600
3589
3726
3851
3825
3728
3597
3457
3096
2657
2242
1820
1189
455
-187
-850
-1529
-2273
-2856
-3348
-3902
-4360
-4747
-4987
-5251
-5442
-5545
-5534
-5297
-5226
-4682
-4330
-3687
-3047
-2419
-1519
-856
-130
453
1324
1842
2454
3040
3466
4085
4241
4602
4931
5107
5241
5301
5355
5156
5011
4608
4359
3875
3232
2718
2083
1451
764
123
-478
-1056
-1657
-2128
-2512
-2964
-3269
-3539
-3760
-3887
-4034
-4057
-3982
-3952
-3766
-3435
-3079
-2623
-2150
-1535
-829
-111
508
1183
1730
2221
2611
2976
3380
3623
3757
3805
3856
3844
3759
3573
3389
3156
2741
2373
1976
1467
899
260
-391
-1028
-1785
-2479
-3031
-3640
-4083
-4592
-4944
-5195
-5448
-5570
-5685
-5357
-5277
-4989
-4619
-4108
-3417
-2968
-2136
-1424
-646
-112
666
1339
1881
2518
2960
3570
3850
4134
4529
4755
4941
5003
5107
5023
4969
4724
4454
4192
3675
3188
2530
1896
1245
590
-47
-553
-1107
-1633
-2036
-2443
-2749
-3007
-3271
-3413
-3584
-3715
-3694
-3655
-3543
-3278
-2978
-2593
-2148
-1645
-1048
-334
277
899
1486
1995
2424
2802
3186
3408
3555
3618
3711
3759
3684
3549
3412
3253
2945
2550
2159
1717
1200
611
-58
-706
-1419
-2117
-2693
-3246
-3777
-4314
-4703
-5052
-5265
-5425
-5535
-5403
-5280
-5084
-4637
-4286
-3706
-3203
-2515
-1826
-1152
-594
101
833
1368
2052
2586
3176
3642
3908
4283
4611
4833
4984
5083
5046
4942
4762
4446
4260
3793
3356
2823
2225
1628
1002
389
-179
-743
-1348
-1813
-2250
-2691
-2967
-3255
-3421
-3543
-3703
-3685
-3668
-3613
-3414
-3187
-2887
-2516
-2079
-1571
-1010
-463
141
764
1306
1872
2280
2704
3048
3344
3520
3595
3619
3615
3524
3367
3231
3034
2700
2271
1862
1415
867
275
-272
-831
-1495
-2139
-2672
-3206
-3700
-4225
-4564
-4837
-5070
-5220
-5180
-4991
-4935
-4598
-4296
-3775
-3303
-2798
-2043
-1410
-756
-215
536
1076
1600
2147
2665
3256
3552
3902
4304
4536
4695
4810
4889
4851
4733
4477
4296
3933
3462
3007
2458
1879
1255
705
150
-383
-944
-1424
-1822
-2267
-2606
-2864
-3090
-3279
-3470
-3565
-3604
-3612
-3499
-3257
-3008
-2662
-2287
-1807
-1255
-727
-144
478
990
1484
1948
2300
2598
2809
3026
3141
3184
3225
3232
3142
3034
2912
2674
2395
2016
1614
1224
676
89
-466
-1060
-1663
-2229
-2814
-3290
-3770
-4216
-4475
-4696
-4897
-5078
-4971
-4871
-4671
-4282
-3930
-3312
-2920
-2318
-1739
-1095
-524
82
812
1305
1942
2430
2986
3441
3750
4164
4473
4728
4875
4982
4998
4894
4709
4487
4274
3838
3426
2963
2462
1892
1306
744
184
-407
-984
-1450
-1902
-2328
-2673
-2945
-3161
-3403
-3575
-3621
-3612
-3564
-3452
-3221
-2931
-2621
-2284
-1792
-1326
-779
-225
316
848
1321
1757
2130
2455
2738
2921
3022
3036
3067
2996
2865
2711
2546
2339
2056
1748
1406
998
507
-14
-532
-1127
-1725
-2327
-2870
-3390
-3898
-4252
-4592
-4820
-4979
-4979
-4843
-4745
-4470
-4117
-3675
-3145
-2680
-2078
-1555
-988
-509
52
552
1007
1523
2007
2559
2918
3230
3584
3867
4059
4142
4229
4253
4178
3982
3794
3533
3102
2713
2279
1871
1329
799
308
-156
-612
-1045
-1440
-1810
-2164
-2453
-2666
-2815
-2968
-3024
-3038
-2993
-2902
-2738
-2496
-2201
-1875
-1506
-1076
-651
-181
267
756
1222
1673
2036
2379
2658
2921
3099
3192
3249
3245
3176
3054
2926
2712
2431
2130
1761
1370
927
446
-16
-540
-1092
-1624
-2165
-2683
-3165
-3599
-3958
-4297
-4489
-4640
-4544
-4435
-4280
-3920
-3616
-3083
-2669
-2084
-1510
-954
-434
75
698
1118
1613
2019
2472
2874
3162
3566
3847
4058
4154
4268
4317
4275
4157
3951
3782
3388
3040
2633
2215
1766
1256
792
323
-117
-576
-960
-1362
-1720
-2036
-2347
-2584
-2832
-3000
-3074
-3108
-3104
-3027
-2882
-2707
-2438
-2135
-1723
-1322
-889
-419
5
434
868
1234
1588
1878
2109
2287
2377
2431
2499
2460
2386
2330
2171
1967
1706
1401
1092
728
263
-158
-662
-1224
-1701
-2230
-2718
-3152
-3576
-3874
-4159
-4355
-4477
-4413
-4357
-4202
-3899
-3599
-3112
-2765
-2238
-1735
-1252
-822
-315
199
610
1097
1497
1991
2368
2698
3102
3426
3654
3854
4057
4148
4161
4076
3909
3704
3340
2988
2618
2172
1696
1260
829
396
-39
-404
-754
-1102
-1439
-1720
-1972
-2221
-2424
-2539
-2609
-2681
-2693
-2569
-2394
-2238
-1973
-1655
-1265
-918
-479
-1
448
835
1230
1612
1932
2188
2452
2671
2785
2868
2935
2953
2856
2721
2578
2379
2140
1818
1472
1064
590
128
-382
-901
-1385
-1877
-2379
-2826
-3262
-3566
-3855
-4037
-4179
-4137
-4107
-4000
-3749
-3523
-3098
-2803
-2332
-1873
-1411
-989
-459
78
528
1010
1411
1889
2284
2616
3009
3373
3630
3840
4012
4109
4149
4098
3978
3829
3509
3182
2794
2378
1927
1489
1031
558
106
-310
-632
-1005
-1372
-1668
-1920
-2133
-2345
-2455
-2531
-2617
-2675
-2618
-2480
-2353
-2142
-1857
-1510
-1186
-813
-384
65
465
834
1197
1505
1749
1974
2160
2276
2319
2308
2259
2201
2067
1905
1701
1468
1172
841
458
80
-298
-766
-1221
-1690
-2147
-2625
-3025
-3367
-3650
-3922
-4109
-4204
-4143
-4130
-3934
-3696
-3375
-3004
-2692
-2221
-1804
-1335
-932
-454
-7
448
891
1331
1776
2142
2510
2883
3199
3466
3706
3861
3950
3959
3885
3793
3579
3274
2977
2599
2171
1688
1230
763
298
-169
-588
-961
-1365
-1694
-1985
-2240
-2462
-2677
-2764
-2826
-2846
-2825
-2704
-2578
-2374
-2132
-1813
-1437
-1124
-717
-344
63
443
860
1208
1514
1783
2009
2246
2345
2505
2610
2599
2574
2467
2362
2199
1978
1686
1396
1004
565
184
-320
-778
-1265
-1722
-2110
-2577
-2931
-3229
-3429
-3642
-3658
-3659
-3647
-3484
-3350
-2985
-2755
-2411
-2014
-1546
-1168
-741
-247
147
646
1049
1546
1961
2300
2694
3045
3335
3559
3758
3884
3966
3965
3881
3798
3579
3355
3065
2687
2291
1869
1465
1060
639
198
-189
-572
-955
-1280
-1586
-1840
-2065
-2260
-2379
-2485
-2548
-2528
-2438
-2306
-2122
-1879
-1590
-1329
-1022
-662
-296
25
336
644
912
1179
1401
1584
1693
1770
1847
1848
1821
1788
1702
1563
1357
1136
859
497
122
-216
-649
-1099
-1568
-2001
-2407
-2836
-3153
-3409
-3597
-3814
-3815
-3811
-3746
-3649
-3502
-3157
-2912
-2580
-2240
-1803
-1474
-1065
-650
-233
207
557
1040
1454
1822
2192
2592
2919
3177
3428
3604
3755
3755
3749
3713
3509
3296
3030
2743
2375
1973
1597
1175
719
271
-93
-466
-845
-1130
-1421
-1665
-1936
-2111
-2194
-2282
-2310
-2300
-2223
-2094
-1939
-1721
-1411
-1122
-819
-481
-140
198
488
788
1119
1387
1604
1805
1972
2095
2183
2215
2251
2214
2085
1941
1745
1489
1239
905
566
204
-245
-661
-1111
-1509
-1917
-2293
-2668
-2919
-3170
-3362
-3385
-3457
-3377
-3338
-3125
-2903
-2622
-2317
-1975
-1605
-1325
-871
-551
-136
234
625
1018
1335
1684
2047
2414
2661
2965
3207
3368
3502
3544
3603
3555
3421
3253
3023
2724
2379
2035
1627
1228
815
401
23
-368
-727
-1027
-1308
-1547
-1763
-1893
-1990
-2051
-2098
-2095
-2044
-1992
-1866
-1687
-1484
-1276
-1032
-772
-481
-233
58
372
675
963
1198
1419
1602
1767
1883
1986
2024
1973
1887
1743
1543
1295
991
661
320
-99
-485
-897
-1262
-1655
-1992
-2305
-2602
-2790
-2973
-2977
-3061
-3026
-2973
-2842
-2699
-2521
-2242
-2020
-1745
-1537
-1202
-901
-604
-311
42
405
727
1085
1415
1745
2012
2286
2556
2772
2912
3011
3099
3088
3011
2913
2765
2575
2333
2067
1779
1451
1109
811
495
146
-154
-432
-694
-927
-1144
-1305
-1452
-1557
-1619
-1625
-1625
-1575
-1456
-1371
-1191
-1048
-860
-671
-463
-245
-16
206
392
629
803
998
1179
1321
1457
1543
1576
1590
1589
1490
1378
1159
906
636
306
-42
-375
-762
-1159
-1533
-1859
-2169
-2423
-2655
-2755
-2796
-2870
-2766
-2709
-2505
-2370
-2105
-1855
-1564
-1318
-1089
-779
-558
-281
-25
278
516
746
1003
1296
1570
1795
2064
2303
2486
2650
2774
2873
2877
2839
2737
2622
2418
2164
1903
1584
1270
967
659
340
23
-260
-526
-762
-990
-1126
-1225
-1368
-1458
-1530
-1519
-1530
-1471
-1400
-1291
-1203
-1081
-881
-690
-475
-283
-51
173
395
596
818
1014
1137
1266
1351
1403
1399
1378
1299
1170
977
755
557
279
-5
-261
-542
-858
-1163
-1435
-1695
-1960
-2180
-2336
-2432
-2562
-2571
-2556
-2474
-2375
-2225
-2012
-1797
-1584
-1362
-1050
-826
-551
-285
-7
243
472
712
975
1228
1426
1645
1821
1972
2133
2258
2345
2395
2389
2382
2310
2169
1996
1812
1559
1285
1026
743
467
161
-110
-342
-575
-768
-946
-1065
-1224
-1286
-1345
-1363
-1351
-1352
-1291
-1247
-1175
-1108
-971
-847
-700
-556
-406
-233
-80
78
268
447
596
734
832
896
940
968
947
885
753
590
432
199
-35
-257
-487
-737
-1003
-1203
-1446
-1611
-1786
-1777
-1801
-1806
-1735
-1649
-1458
-1338
-1089
-920
-645
-500
-245
-36
152
318
487
692
832
1002
1104
1286
1407
1557
1683
1822
1923
2005
2051
2051
2046
2002
1904
1764
1602
1410
1178
909
663
412
139
-132
-327
-493
-663
-800
-889
-915
-990
-1014
-1024
-985
-960
-906
-813
-755
-689
-656
-550
-484
-399
-309
-196
-65
46
172
295
435
567
642
691
716
714
674
608
523
388
235
-8
-225
-451
-665
-902
-1118
-1299
-1448
-1600
-1703
-1755
-1788
-1781
-1722
-1573
-1481
-1311
-1183
-938
-758
-557
-376
-144
72
236
440
603
794
908
1060
1194
1334
1421
1528
1619
1682
1719
1744
1756
1729
1680
1622
1548
1425
1312
1163
987
801
628
474
308
145
-41
-194
-343
-455
-523
-583
-606
-625
-609
-605
-580
-572
-519
-487
-442
-373
-335
-292
-253
-191
-152
-88
-40
20
55
59
74
71
40
2
-45
-113
-176
-289
-410
-522
-650
-780
-938
-1088
-1252
-1380
-1486
-1546
-1636
-1705
-1737
-1735
-1737
-1662
-1508
-1362
-1142
-949
-653
-422
-160
71
351
584
785
1003
1163
1346
1436
1539
1601
1630
1640
1670
1670
1634
1582
1546
1493
1410
1277
1179
1042
866
688
493
283
36
-176
-351
-519
-691
-829
-930
-986
-1016
-1000
-955
-871
-777
-674
-534
-396
-256
-94
57
199
304
439
551
662
724
770
815
844
876
860
827
759
716
635
509
371
225
88
-81
-250
-416
-582
-753
-924
-1080
-1248
-1399
-1523
-1619
-1691
-1748
-1773
-1726
-1678
-1551
-1410
-1210
-987
-721
-404
-120
188
445
749
978
1222
1422
1593
1707
1798
1894
1949
1968
1975
1989
1960
1910
1851
1789
1684
1566
1426
1291
1082
876
630
386
125
-133
-347
-538
-698
-862
-972
-1045
-1089
-1089
-1073
-1000
-937
-841
-732
-619
-495
-374
-220
-66
87
236
384
511
598
670
739
737
733
720
662
519
359
201
-8
-252
-486
-695
-910
-1105
-1248
-1378
-1544
-1672
-1801
-1917
-2033
-2118
-2186
-2249
-2275
-2287
-2252
-2195
-2087
-1906
-1692
-1409
-1077
-691
-274
153
536
920
1285
1589
1871
2089
2254
2348
2419
2465
2475
2433
2354
2289
2168
2029
1895
1766
1591
1391
1192
954
707
441
186
-88
-377
-621
-850
-1056
-1227
-1332
-1378
-1411
-1374
-1326
-1237
-1151
-1010
-845
-668
-484
-305
-120
50
238
413
593
755
910
1062
1173
1249
1280
1256
1202
1082
926
737
544
322
69
-199
-464
-726
-959
-1173
-1377
-1583
-1760
-1896
-2032
-2145
-2241
-2302
-2374
-2368
-2332
-2220
-2078
-1888
-1626
-1342
-1005
-652
-233
167
566
938
1304
1630
1906
2150
2346
2478
2543
2611
2642
2645
2609
2566
2501
2409
2275
2127
1939
1694
1425
1151
836
504
135
-191
-488
-767
-998
-1213
-1352
-1485
-1513
-1529
-1476
-1395
-1257
-1115
-973
-840
-727
-579
-456
-307
-182
-17
127
260
373
474
574
660
750
801
819
785
721
584
439
248
35
-226
-494
-726
-989
-1221
-1456
-1626
-1842
-2035
-2186
-2325
-2408
-2496
-2496
-2518
-2485
-2427
-2294
-2102
-1883
-1606
-1306
-942
-575
-181
202
579
917
1245
1540
1792
1982
2145
2283
2370
2409
2392
2379
2341
2293
2226
2138
2002
1843
1670
1483
1252
998
739
503
248
-5
-261
-510
-725
-907
-1022
-1094
-1126
-1165
-1155
-1132
-1066
-1011
-902
-780
-629
-494
-359
-230
-96
44
194
361
513
639
721
785
797
787
723
652
534
407
239
53
-149
-367
-588
-803
-971
-1149
-1290
-1432
-1550
-1658
-1779
-1864
-1966
-2004
-2049
-2025
-1988
-1882
-1753
-1597
-1388
-1142
-803
-465
-47
317
713
1054
1403
1715
1996
2246
2424
2564
2629
2675
2670
2632
2571
2489
2412
2309
2199
2100
1972
1821
1631
1450
1222
1000
781
586
384
168
-12
-204
-365
-516
-641
-753
-840
-887
-906
-928
-939
-936
-921
-890
-833
-772
-725
-650
-562
-480
-399
-301
-195
-97
-32
-9
-28
-81
-123
-174
-211
-289
-389
-518
-667
-823
-985
-1125
-1249
-1346
-1467
-1574
-1683
-1744
-1835
-1850
-1876
-1803
-1734
-1579
-1408
-1210
-998
-781
-482
-222
126
398
716
922
1162
1355
1540
1695
1810
1921
1985
2027
2037
2047
2023
1993
1941
1878
1785
1681
1561
1441
1290
1131
949
775
585
371
190
7
-132
-284
-403
-523
-633
-703
-774
-783
-827
-814
-831
-842
-834
-813
-760
-739
-712
-679
-622
-602
-585
-534
-505
-494
-502
-475
-452
-430
-406
-407
-428
-474
-504
-532
-581
-674
-744
-817
-899
-977
-1033
-1078
-1132
-1182
-1205
-1176
-1118
-1011
-853
-660
-458
-248
-45
163
362
574
775
955
1091
1206
1253
1313
1349
1409
1440
1462
1495
1514
1566
1597
1663
1691
1721
1735
1725
1706
1654
1590
1486
1340
1186
1024
870
708
542
372
192
33
-95
-181
-273
-353
-396
-420
-417
-447
-441
-489
-543
-600
-642
-675
-755
-823
-923
-1014
-1130
-1197
-1230
-1249
-1253
-1243
-1222
-1197
-1171
-1135
-1094
-1042
-1006
-973
-946
-944
-948
-992
-1010
-1050
-1053
-1036
-1010
-966
-903
-794
-684
-525
-368
-181
11
210
425
621
792
934
1063
1165
1264
1325
1376
1374
1371
1353
1342
1294
1250
1207
1194
1191
1201
1235
1242
1250
1240
1266
1232
1209
1162
1103
1001
845
672
475
288
85
-85
-249
-364
-452
-514
-551
-554
-552
-556
-530
-497
-460
-448
-465
-514
-599
-702
-819
-938
-1059
-1172
-1253
-1338
-1379
-1409
-1398
-1373
-1337
-1289
-1223
-1163
-1143
-1095
-1073
-1043
-1040
-1012
-994
-979
-946
-920
-847
-810
-693
-584
-463
-341
-247
-136
-63
54
145
268
355
440
546
631
764
852
973
1066
1163
1268
1358
1454
1502
1546
1533
1533
1507
1478
1451
1419
1367
1294
1241
1178
1144
1131
1117
1073
1010
943
891
823
747
667
572
462
343
210
70
-45
-156
-246
-336
-408
-473
-523
-590
-675
-749
-808
-830
-843
-853
-862
-888
-895
-898
-900
-908
-913
-887
-891
-905
-929
-931
-950
-943
-929
-911
-883
-876
-791
-763
-688
-662
-566
-522
-472
-438
-377
-314
-311
-246
-269
-202
-199
-108
-54
4
66
140
255
335
461
543
643
708
788
857
910
943
967
965
953
949
956
961
935
924
884
874
838
827
801
768
730
697
662
601
535
458
399
345
288
239
169
86
-12
-102
-195
-292
-390
-498
-594
-707
-796
-876
-928
-975
-1007
-1033
-1049
-1046
-1024
-989
-982
-953
-940
-924
-916
-896
-874
-847
-843
-824
-812
-800
-778
-726
-661
-582
-505
-444
-401
-363
-305
-269
-215
-194
-137
-113
-68
-43
-2
15
31
88
169
236
283
322
384
431
497
568
648
720
793
851
912
965
1012
1060
1092
1121
1130
1127
1095
1051
996
931
877
842
799
760
717
679
636
593
556
512
471
422
377
296
181
60
-73
-184
-302
-378
-474
-542
-600
-637
-655
-645
-599
-578
-533
-501
-453
-425
-428
-449
-493
-508
-540
-563
-603
-625
-641
-624
-569
-489
-380
-291
-201
-125
-54
17
99
168
170
148
92
36
-27
-77
-117
-181
-215
-239
-232
-243
-197
-156
-103
-37
27
98
148
222
271
296
290
302
317
342
353
362
371
370
409
445
499
543
603
641
668
704
734
787
820
872
891
894
899
912
892
848
816
775
735
668
598
488
357
225
106
17
-77
-176
-278
-367
-447
-504
-543
-556
-572
-588
-599
-604
-620
-650
-676
-692
-701
-721
-711
-735
-728
-713
-664
-635
-584
-520
-456
-384
-329
-254
-232
-207
-214
-214
-238
-266
-309
-379
-448
-515
-534
-591
-600
-623
-601
-584
-540
-485
-426
-346
-291
-219
-167
-87
-37
33
94
169
229
285
343
394
450
515
585
648
696
748
790
818
846
874
881
872
843
830
788
752
697
642
570
495
406
304
197
85
-22
-137
-232
-324
-396
-464
-503
-545
-573
-569
-533
-495
-464
-402
-366
-327
-294
-253
-233
-228
-200
-182
-172
-162
-135
-110
-73
-30
40
106
172
212
233
226
229
212
176
127
58
-29
-115
-168
-237
-302
-365
-411
-458
-478
-454
-418
-392
-370
-325
-304
-254
-205
-127
-77
-25
35
95
162
230
305
372
448
508
602
670
747
797
828
866
891
895
891
887
870
839
796
736
670
588
505
416
313
207
107
-10
-128
-252
-356
-458
-540
-612
-660
-696
-731
-747
-750
-746
-737
-704
-668
-613
-562
-524
-480
-443
-413
-379
-349
-310
-282
-252
-219
-185
-166
-152
-135
-111
-97
-83
-83
-90
-91
-102
-99
-100
-88
-100
-123
-137
-148
-150
-154
-149
-132
-141
-140
-142
-122
-91
-53
-11
27
79
131
187
237
299
349
405
447
500
535
562
574
590
604
587
574
548
523
484
445
403
338
279
223
148
60
-18
-99
-183
-273
-350
-419
-485
-543
-585
-632
-673
-701
-720
-725
-709
-687
-666
-634
-599
-566
-529
-482
-433
-384
-332
-264
-207
-152
-109
-65
-30
-4
37
86
117
138
165
174
183
187
193
188
182
187
194
198
194
195
185
157
137
120
91
53
34
21
24
35
53
66
88
106
149
213
291
366
441
507
566
626
670
726
759
793
803
802
794
786
769
745
713
673
630
602
574
536
475
401
317
226
155
102
47
-14
-89
-185
-294
-377
-448
-523
-573
-612
-656
-686
-693
-700
-713
-709
-691
-673
-654
-629
-584
-544
-484
-439
-408
-379
-341
-299
-249
-201
-170
-137
-116
-93
-70
-37
-14
-4
2
4
4
-6
-7
-6
-12
-16
-25
-30
-23
4
10
16
29
65
88
106
134
169
220
275
325
352
384
426
453
465
485
491
470
456
459
445
412
384
342
287
242
201
153
98
57
6
-57
-115
-175
-254
-329
-397
-464
-528
-578
-624
-694
-758
-803
-837
-858
-866
-863
-863
-853
-841
-811
-759
-697
-618
-535
-457
-398
-347
-287
-216
-156
-102
-46
6
52
91
108
118
144
170
180
201
235
263
292
302
311
329
350
357
374
396
422
441
452
460
462
471
482
493
508
530
549
556
558
569
592
614
621
623
635
653
675
682
688
692
671
654
642
628
589
550
495
444
394
345
280
209
137
54
-7
-51
-94
-156
-219
-290
-351
-398
-430
-457
-481
-510
-538
-551
-541
-526
-515
-508
-490
-477
-452
-408
-365
-331
-313
-294
-274
-243
-193
-162
-143
-122
-105
-88
-55
-19
0
1
3
18
35
52
69
74
65
58
60
59
39
27
16
9
12
20
17
3
-4
-2
1
33
82
108
116
125
141
155
170
201
235
254
266
275
270
260
255
253
243
235
233
220
198
171
146
109
60
34
7
-29
-62
-96
-139
-191
-241
-293
-344
-386
-417
-445
-472
-494
-512
-521
-529
-538
-555
-556
-546
-533
-515
-492
-458
-437
-410
-365
-313
-255
-195
-144
-109
-79
-39
-2
27
57
87
118
134
157
178
185
192
215
228
223
213
206
190
171
166
158
151
135
116
96
79
80
84
85
87
95
97
97
99
94
86
85
101
111
118
127
132
151
163
170
175
185
189
187
194
193
185
170
159
136
111
103
88
67
50
33
2
-30
-45
-55
-70
-77
-92
-122
-149
-158
-161
-177
-176
-155
-133
-119
-117
-115
-105
-92
-73
-55
-28
2
25
39
50
74
99
125
150
181
212
232
241
244
241
238
236
232
220
203
189
162
139
115
88
50
18
-4
-24
-38
-53
-75
-115
-137
-141
-146
-146
-161
-166
-182
-194
-190
-185
-187
-194
-188
-180
-176
-163
-149
-137
-129
-122
-101
-88
-75
-78
-86
-89
-77
-59
-47
-37
-41
-57
-77
-85
-91
-99
-110
-123
-136
-146
-152
-160
-178
-189
-191
-193
-192
-189
-188
-190
-181
-168
-163
-152
-142
-135
-119
-101
-85
-72
-64
-56
-43
-27
-7
11
21
34
54
70
74
74
84
87
90
94
99
103
97
76
53
48
47
43
42
33
13
-1
1
12
12
6
2
-3
9
36
62
73
71
75
75
89
111
127
133
143
161
166
166
165
156
145
142
149
150
152
150
139
129
124
120
121
123
122
109
96
79
53
29
18
10
3
3
-7
-18
-30
-33
-38
-30
-9
-6
5
15
38
55
70
92
104
116
128
150
166
162
167
171
172
180
195
203
203
189
165
141
126
118
106
96
92
69
30
-10
-46
-76
-102
-126
-150
-169
-196
-223
-245
-267
-279
-292
-296
-297
-297
-289
-284
-286
-284
-278
-263
-250
-243
-223
-206
-200
-191
-171
-153
-133
-114
-102
-89
-84
-75
-66
-56
-52
-55
-52
-51
-49
-48
-48
-42
-38
-34
-27
-24
-29
-30
-21
-11
2
3
7
29
44
58
71
84
92
97
101
115
134
150
156
150
146
145
145
153
156
158
145
131
134
136
131
113
99
86
77
73
62
56
41
27
10
-10
-33
-49
-54
-70
-84
-90
-88
-84
-84
-85
-98
-102
-87
-80
-72
-60
-49
-36
-32
-22
-4
10
18
26
36
37
40
49
55
55
61
68
69
69
64
63
58
48
44
50
52
55
45
32
21
22
21
16
20
14
6
-1
3
13
28
40
46
51
47
50
54
58
60
58
64
68
75
88
96
104
104
107
113
114
105
99
95
90
81
62
41
29
30
34
30
27
13
-1
-16
-35
-53
-74
-91
-99
-101
-101
-103
-108
-114
-127
-138
-135
-127
-135
-141
-144
-138
-132
-125
-120
-112
-102
-99
-97
-92
-81
-82
-77
-65
-57
-59
-53
-29
-11
2
7
12
20
32
42
47
60
68
68
72
86
90
84
79
83
88
93
100
105
92
75
61
56
60
55
51
46
39
38
38
35
29
14
-8
-14
-16
-11
-20
-42
-45
-41
-41
-46
-46
-47
-59
-72
-74
-72
-69
-66
-66
-68
-61
-55
-55
-62
-67
-68
-67
-52
-41
-38
-38
-36
-30
-27
-24
-21
-24
-28
-30
-24
-12
5
5
-5
-9
-10
-2
7
4
-10
-21
-19
-7
1
-1
-2
-6
-9
-5
-2
8
9
-2
-5
-9
-8
-2
0
5
16
20
23
25
34
46
49
52
61
64
62
70
69
64
68
74
88
88
82
79
70
63
65
53
36
33
32
28
17
2
-12
-18
-24
-30
-34
-43
-55
-62
-68
-74
-84
-93
-98
-102
-96
-89
-91
-94
-91
-76
-67
-69
-60
-42
-28
-15
-15
-15
-11
-1
11
23
38
48
60
77
86
83
77
75
85
94
100
88
69
63
66
75
74
64
56
55
55
54
39
22
20
18
11
5
2
3
7
5
13
14
13
9
-8
-15
-15
-14
-5
5
6
3
-5
-5
0
-6
-15
-24
-29
-32
-33
-30
-32
-39
-43
-49
-48
-44
-35
-27
-29
-34
-43
-45
-44
-37
-30
-27
-23
-25
-32
-38
-41
-38
-26
-19
-17
-20
-21
-22
-27
-25
-18
-16
-12
-4
4
14
14
16
14
12
14
12
8
1
-4
-6
0
8
6
-5
-8
-10
-11
-7
-6
-9
-15
-20
-24
-23
-21
-16
-9
-12
-22
-26
-26
-19
-4
-3
-8
-11
-9
-6
-5
-11
-12
-9
2
18
20
16
16
22
16
6
-3
-16
-22
-24
-18
-19
-23
-21
-17
-15
-23
-22
-19
-12
-1
11
11
2
-4
-9
-4
4
13
22
39
44
40
34
31
39
51
53
59
62
59
63
63
65
69
74
81
90
90
83
70
61
61
65
59
54
48
49
47
44
43
34
30
23
18
18
26
27
12
-4
-12
-8
-9
-7
-7
-12
-17
-20
-18
-17
-25
-26
-23
-24
-24
-28
-30
-30
-24
-22
-21
-15
-15
-12
-11
-14
-22
-32
-38
-37
-37
-35
-29
-28
-27
-30
-29
-30
-26
-16
-11
-16
-22
-14
-10
-7
-1
-4
-16
-24
-19
-3
11
18
22
21
17
11
11
8
2
5
10
16
23
27
24
20
16
16
15
14
11
5
7
6
-3
-7
-7
-3
0
-2
-11
-22
-27
-29
-33
-28
-26
-24
-21
-28
-39
-50
-54
-50
-45
-41
-43
-36
-28
-22
-19
-29
-33
-36
-34
-29
-27
-31
-38
-41
-33
-20
-20
-22
-14
-5
-7
-15
-18
-18
-12
-7
-9
-14
-12
-8
-5
-5
-3
-4
2
12
20
26
20
12
16
29
36
38
44
45
44
44
50
53
52
50
50
51
48
41
33
34
33
31
35
38
30
20
12
10
13
16
17
18
13
0
-8
-9
-8
-6
-7
-5
6
6
6
4
-1
3
7
4
-5
-4
-2
3
4
-3
-5
-2
4
8
4
2
0
-2
-5
-12
-18
-22
-15
-2
6
6
-4
-3
-3
-5
0
-1
-11
-15
-14
-21
-14
-6
-8
-1
-6
-10
-4
4
14
14
8
6
3
3
3
3
-4
-8
-8
-5
3
8
9
8
5
5
9
6
-3
-12
-20
-22
-13
-6
-1
2
-4
-9
-17
-25
-28
-29
-30
-32
-39
-46
-45
-49
-53
-49
-49
-53
-51
-46
-49
-50
-56
-63
-62
-55
-48
-44
-39
-33
-29
-29
-31
-31
-31
-28
-18
-5
2
-1
-7
-2
4
10
15
19
22
24
32
32
28
26
26
27
34
39
42
39
40
51
54
52
51
46
45
49
53
54
47
40
35
35
32
34
39
38
34
30
32
38
41
34
27
24
20
14
6
3
13
15
16
18
17
12
12
17
18
11
2
1
4
0
-9
-14
-15
-10
-6
-5
-3
-6
-4
-2
-13
-24
-33
-35
-26
-17
-24
-39
-41
-35
-27
-17
-17
-22
-22
-17
-19
-19
-15
-14
-14
-11
-8
-10
-15
-13
-7
-3
-4
-4
-5
-4
-1
-2
-7
-16
-25
-24
-18
-11
-4
0
-2
-2
-1
-3
-6
-4
3
4
7
12
19
22
20
17
19
16
12
15
19
11
3
0
3
12
11
9
1
-5
-10
-16
-20
-15
-8
-14
-16
-21
-27
-23
-16
-13
-10
-7
-6
-4
0
-2
-8
-11
-9
-1
1
3
2
0
-1
-3
-2
-4
-5
0
7
13
15
9
1
-1
1
7
16
16
14
16
16
13
10
3
-1
1
3
5
7
-1
2
12
14
21
27
26
23
24
24
21
22
24
24
20
16
16
11
7
11
19
20
19
13
8
9
12
13
13
13
12
12
13
12
6
-2
0
11
9
-1
-11
-24
-32
-35
-40
-39
-29
-14
-6
-6
-4
-10
-14
-12
-7
-7
-10
-9
-8
-7
-7
-11
-12
-9
-5
0
5
10
15
14
7
-1
-8
-16
-13
-2
-3
-1
10
17
21
21
19
11
12
15
11
12
15
26
38
45
41
34
20
13
13
22
33
24
22
22
16
8
3
-6
-15
-15
-6
0
1
9
14
16
12
12
4
-1
2
-8
-15
-22
-25
-21
-22
-24
-28
-36
-37
-37
-34
-36
-42
-38
-34
-30
-33
-41
-49
-47
-40
-37
-25
-24
-36
-41
-32
-20
-22
-34
-44
-44
-36
-29
-28
-28
-30
-16
-3
1
3
-4
-4
-2
0
4
10
15
17
16
8
1
3
2
1
-4
-8
-4
6
13
12
9
11
18
30
33
26
12
5
4
3
-2
-7
-5
7
14
19
10
-2
5
11
17
20
28
35
32
24
19
21
29
38
40
38
32
17
13
12
3
-11
-19
-18
-6
5
4
-7
-6
2
12
20
25
21
11
9
7
10
15
19
20
23
21
9
4
8
9
6
11
18
22
16
19
30
30
24
23
22
30
35
30
18
2
-6
-12
-19
-23
-19
-9
-1
5
-8
-25
-20
-1
11
7
-2
-10
-13
0
6
-5
-22
-32
-34
-37
-43
-50
-50
-49
-47
-47
-54
-57
-51
-38
-30
-24
-21
-12
-5
-1
0
-10
-25
-33
-40
-49
-55
-59
-61
-62
-61
-60
-67
-66
-50
-34
-25
-16
-11
-9
2
13
24
29
32
41
49
49
39
28
22
19
18
9
3
-3
-2
6
10
9
22
44
59
68
73
73
62
51
39
28
16
7
6
6
3
-3
-4
-2
9
20
17
17
30
51
60
64
66
67
61
55
51
41
26
25
23
9
-8
-28
-50
-62
-57
-59
-76
-79
-65
-51
-40
-25
-18
-14
-4
6
0
-12
-20
-30
-36
-41
-51
-52
-45
-40
-42
-54
-66
-70
-62
-46
-27
-16
-8
5
15
15
10
2
-5
-3
1
-1
-6
-12
-18
-18
-17
-23
-24
-17
-3
20
43
56
73
87
91
81
69
66
51
39
37
30
18
7
-1
-2
-7
-11
-12
-14
-6
8
16
20
21
22
17
18
22
17
18
23
33
45
42
34
14
-1
-16
-31
-41
-49
-41
-31
-14
1
3
7
5
14
24
28
38
34
23
15
10
2
-6
-20
-28
-31
-26
-17
-8
-7
-12
-2
9
20
39
52
56
58
54
43
34
37
41
33
26
24
10
5
4
-7
-16
-20
-12
-3
1
-2
3
5
15
25
27
35
40
41
35
31
13
-3
-5
-9
-3
3
-1
-6
-17
-22
-26
-45
-59
-62
-72
-77
-73
-63
-44
-29
-20
-11
-12
-5
-3
-17
-28
-35
-44
-51
-47
-49
-53
-48
-42
-40
-44
-34
-18
-3
6
1
-4
-10
-14
-20
-20
-18
-18
-17
-13
-6
0
8
0
8
20
29
27
25
35
31
36
42
48
53
64
75
78
71
67
61
50
54
53
55
54
52
45
35
12
7
8
4
8
2
-2
-6
-4
-9
-6
-14
-19
-8
-3
-3
-4
-2
-1
1
0
5
12
24
27
19
14
14
4
-14
-20
-19
-17
-6
-3
-7
-11
-7
-10
-17
-20
-20
-17
-21
-27
-25
-29
-22
-2
-8
-17
-21
-34
-48
-51
-58
-58
-47
-24
-18
-18
-13
-30
-36
-39
-38
-29
-20
-10
-7
-15
-18
-17
-29
-41
-38
-34
-27
-15
-19
-20
-22
-13
2
-2
-18
-20
-13
-5
15
24
28
20
18
14
-5
-5
-6
-25
-35
-19
-13
-1
7
17
23
27
23
15
21
18
28
19
14
11
17
25
28
43
45
41
21
-1
-15
-26
-17
11
24
17
15
12
12
22
33
39
38
35
37
30
22
26
18
12
8
1
0
16
21
9
3
-18
-18
-5
17
22
21
13
7
12
0
-1
9
0
0
14
-5
-20
-50
-50
-77
-60
-29
8
-17
-12
38
-7
-18
-21
-41
-32
27
9
-20
-38
-50
-37
-61
-78
-59
-62
-32
-26
-51
-50
-49
-32
-31
-36
-38
-18
1
7
15
9
-7
-16
-22
-25
-11
15
-8
-35
-30
-23
-20
-13
15
14
-8
-10
-11
-13
-24
-16
9
17
26
35
35
13
6
7
12
15
25
24
17
26
28
9
-4
-8
-7
10
18
23
24
35
45
44
48
57
73
72
62
66
57
30
14
-6
-21
-23
-4
10
9
18
23
16
14
14
9
9
25
32
32
26
21
16
2
-7
-6
-13
-16
-7
-21
-34
-22
-6
-11
-21
-28
-29
-16
-7
-8
-15
-13
-5
14
21
9
-4
-6
8
27
29
5
-10
-11
-9
-8
-4
-12
-15
-3
2
7
-4
-20
-30
-26
-12
-14
-12
-14
-15
-10
-12
-6
3
9
5
-3
-12
-23
-31
-40
-41
-29
-12
-18
-33
-44
-58
-58
-53
-36
-21
-17
-11
0
12
19
13
13
6
21
41
50
45
24
-9
-30
-18
-7
-8
-18
-16
-12
-9
-9
1
11
11
20
26
29
30
22
34
36
30
25
18
10
6
-11
-17
-10
0
15
16
14
10
8
2
11
12
7
7
11
31
36
26
15
6
8
12
17
28
34
31
26
19
4
5
14
35
49
52
56
54
49
49
46
36
36
32
30
26
18
9
9
15
24
26
7
-9
-18
-17
-9
6
13
17
23
26
34
33
30
26
26
33
37
23
-8
-44
-63
-66
-64
-52
-37
-30
-32
-29
-34
-30
-24
-20
-12
0
10
20
23
-5
-21
-25
-17
-4
-3
-6
-5
-11
-12
-14
-31
-40
-36
-31
-28
-19
-14
-7
4
17
24
10
1
1
-4
-18
-24
-32
-27
-17
-19
-20
-24
-20
-20
-28
-29
-29
-23
-16
-6
9
12
11
-2
-6
1
8
10
-2
-3
10
14
10
2
-18
-32
-36
-30
-18
-16
-16
-6
8
13
14
12
5
12
21
16
14
11
3
3
6
5
11
14
12
-3
-16
-22
-28
-30
-31
-28
-14
7
18
17
14
4
-4
6
18
26
31
29
15
-2
-8
-19
-26
-22
-13
-7
-3
-8
-20
-30
-41
-44
-34
-27
-22
-13
-17
-3
22
29
21
22
28
29
39
32
9
-8
-6
0
9
10
2
-13
-8
8
18
24
21
14
1
-4
-12
-13
-12
-25
-29
-19
-6
4
6
-5
-15
-15
-17
-20
-15
-19
-16
-5
11
30
33
34
22
20
28
19
17
15
19
28
37
38
42
40
12
-4
-2
3
10
11
5
-1
0
4
-6
-4
8
13
19
15
16
6
-14
-24
-32
-34
-35
-30
-33
-41
-43
-49
-49
-40
-16
-9
-7
6
3
5
11
3
8
24
25
23
28
17
-2
-6
-15
-16
-5
1
-5
-5
-8
-17
-11
-11
-5
-7
-3
8
15
13
5
1
2
1
-4
-9
-22
-25
-19
-18
-14
12
13
2
4
-8
-12
-6
-7
-14
-10
1
8
19
21
6
6
4
-8
-20
-27
-28
-31
-26
-22
-23
-22
-26
-27
-21
-15
-8
-2
17
33
43
49
43
36
17
0
2
2
14
29
35
33
26
20
16
12
-2
-10
-6
3
29
42
44
33
15
6
5
5
-9
-23
-31
-29
-20
-16
-13
-15
-27
-35
-52
-67
-65
-67
-60
-27
4
18
30
25
17
22
22
17
16
19
20
17
6
-3
0
4
7
18
20
14
7
5
-2
-2
-1
0
1
12
23
30
37
26
27
33
34
26
21
11
-6
-5
-12
-24
-29
-29
-34
-39
-42
-37
-22
-5
7
15
3
-10
-21
-25
-23
-27
-24
-11
-3
-4
-7
-13
-24
-34
-31
-24
-18
-9
-6
-16
-22
-20
-18
-8
13
21
13
4
-3
-7
-3
-6
-16
-11
-5
0
5
-6
-25
-27
-15
0
14
19
18
16
14
20
19
13
11
19
35
41
45
37
18
21
37
42
34
32
18
-2
2
9
18
28
40
45
53
66
66
59
44
24
14
20
23
20
14
7
10
23
25
24
19
10
8
3
-1
1
6
1
-8
-13
-21
-21
-21
-17
-9
0
1
-2
-7
-16
-22
-25
-25
-14
5
10
15
21
17
16
32
34
23
19
16
9
0
-2
-6
-8
4
17
21
24
24
6
-8
-17
-23
-19
-13
-9
-8
-10
-10
-8
-4
5
12
9
3
3
-4
-16
-24
-27
-22
-27
-25
-24
-31
-30
-32
-39
-47
-52
-54
-49
-41
-37
-42
-46
-53
-51
-40
-31
-27
-28
-23
-19
-11
-7
-9
-16
-15
-10
-15
-16
-17
-13
-12
-12
-9
-11
-6
0
3
5
8
15
20
18
12
9
11
9
14
17
15
19
23
23
7
-2
5
10
13
11
6
-5
-12
-15
-13
-8
-4
3
-3
-10
-1
2
5
7
6
8
9
5
4
6
11
6
1
8
24
33
33
31
26
21
21
29
31
35
38
35
36
39
37
30
32
31
28
27
22
18
16
12
5
1
12
17
25
25
17
10
9
11
5
3
8
1
-8
-19
-30
-31
-30
-23
-17
-17
-14
-9
-6
-3
-1
-3
-6
-5
-6
-3
-1
0
2
10
17
18
17
12
0
-7
-9
-9
-3
5
2
-8
-10
-12
-9
-5
-5
-11
-18
-21
-20
-24
-25
-22
-21
-22
-21
-24
-25
-30
-40
-44
-39
-31
-29
-22
-22
-24
-30
-36
-39
-34
-28
-23
-18
-23
-26
-34
-52
-55
-47
-36
-27
-14
-8
-16
-25
-25
-18
-12
-15
-17
-7
8
12
10
6
2
-2
0
10
15
21
18
17
19
17
23
20
16
20
28
36
43
39
25
15
15
18
17
14
13
14
8
12
19
19
8
2
2
6
16
16
15
14
18
14
11
15
17
25
35
49
53
42
28
11
2
5
11
15
20
23
26
28
29
29
28
28
35
37
29
16
10
-8
-12
-5
-6
-2
5
5
-4
-10
-14
-12
-15
-17
-10
-3
5
5
-7
-21
-17
-8
7
13
11
11
0
-13
-16
-19
-19
-19
-21
-17
-9
-5
-1
-8
-10
-5
-8
-12
-12
-12
-24
-24
-14
-9
-5
-2
-3
-6
-6
-5
-2
0
0
-4
-12
-12
-13
-18
-20
-13
-4
0
7
12
0
-6
-5
-2
7
13
13
11
4
-11
-24
-23
-11
-3
6
11
9
-6
-26
-37
-34
-25
-18
-16
-18
-21
-25
-27
-26
-20
-16
-1
18
25
25
26
20
10
6
4
6
15
15
11
-5
-20
-17
-19
-16
-6
-10
-7
-1
7
13
20
21
17
21
24
24
22
17
11
6
7
6
6
3
7
16
15
13
6
6
9
4
-7
-11
-6
-5
-1
12
14
7
9
18
25
25
26
24
18
14
6
3
3
5
11
13
8
-4
-8
-12
-13
-11
-7
8
24
25
11
0
-13
-15
-11
-10
-1
6
4
-1
-14
-30
-34
-34
-31
-18
0
6
5
3
-5
-7
-1
12
15
17
21
17
15
6
4
-2
-8
-5
0
9
13
14
15
14
10
1
1
-1
-5
-9
-9
-7
-1
6
17
20
17
15
10
11
16
26
25
19
6
-11
-12
-2
7
19
26
24
16
14
8
5
2
0
3
-1
-4
-2
-3
-13
-16
-19
-20
-10
-5
-9
-10
-8
-7
-6
-17
-24
-24
-19
-19
-19
-27
-35
-32
-29
-21
-8
-9
-17
-24
-33
-41
-39
-31
-19
-9
-1
0
-13
-21
-22
-25
-22
-17
-12
-11
-3
-5
-10
-12
-20
-22
-17
-13
-8
-7
-10
-12
-10
-3
5
8
13
9
3
4
3
4
1
0
6
5
7
11
7
-6
-7
5
14
17
13
4
-2
-6
-7
1
12
15
21
19
17
15
10
6
1
-4
-7
-13
-16
-9
-7
-4
4
7
15
15
12
13
16
12
10
13
8
3
7
17
19
24
26
27
30
36
38
34
23
14
9
8
11
12
7
-2
1
8
9
13
14
16
11
7
1
-8
-12
-19
-17
-10
0
4
2
2
3
4
0
-6
-7
-12
-22
-20
-9
-6
-3
0
-5
-13
-15
-13
-11
-11
-6
5
10
8
5
-14
-31
-33
-36
-34
-26
-13
-2
5
9
3
-5
-19
-22
-16
-13
-6
0
3
4
4
2
0
5
-1
-1
2
2
-3
-9
-11
-9
-3
-3
-2
-3
-1
-2
-1
1
-3
-11
-8
-4
-3
-3
-5
0
4
4
2
1
4
6
12
14
15
10
5
8
7
-3
-14
-9
-6
-9
-4
2
7
8
3
-1
-8
-9
-12
-12
-11
-10
-9
-15
-12
-4
0
4
5
7
3
1
1
-2
1
6
2
-1
-2
-6
-5
