2.363278e+062 -3.758390e+058 -9.909428e+058 -1.763353e+059 -2.586687e+059 -3.329112e+059 -3.888344e+059 -4.140133e+059 -4.000038e+059 -3.429460e+059 -2.430330e+059 1.289709e+056 
2.363277e+062 -3.752854e+058 -9.926093e+058 -1.763294e+059 -2.589651e+059 -3.332770e+059 -3.892338e+059 -4.138835e+059 -4.011156e+059 -3.435736e+059 -2.433997e+059 1.292192e+056 
2.363280e+062 -3.767539e+058 -1.002429e+059 -1.770595e+059 -2.600583e+059 -3.355262e+059 -3.907984e+059 -4.157818e+059 -4.026275e+059 -3.447867e+059 -2.443788e+059 1.304889e+056 
2.363282e+062 -3.762858e+058 -9.889764e+058 -1.764659e+059 -2.581842e+059 -3.327462e+059 -3.886249e+059 -4.130651e+059 -3.995911e+059 -3.429416e+059 -2.427297e+059 1.287574e+056 
2.363278e+062 -3.781557e+058 -9.974644e+058 -1.777810e+059 -2.605579e+059 -3.363458e+059 -3.917027e+059 -4.164675e+059 -4.035391e+059 -3.457906e+059 -2.450721e+059 1.309905e+056 
2.363281e+062 -3.748745e+058 -9.906430e+058 -1.760824e+059 -2.585044e+059 -3.329522e+059 -3.877572e+059 -4.133211e+059 -3.994364e+059 -3.425089e+059 -2.427969e+059 1.286435e+056 
2.363281e+062 -3.787865e+058 -9.994982e+058 -1.778340e+059 -2.603514e+059 -3.359061e+059 -3.915895e+059 -4.162266e+059 -4.026017e+059 -3.452356e+059 -2.446646e+059 1.308507e+056 
2.363279e+062 -3.735808e+058 -9.940713e+058 -1.761321e+059 -2.587406e+059 -3.333812e+059 -3.893513e+059 -4.139236e+059 -3.999268e+059 -3.433916e+059 -2.432845e+059 1.290405e+056 
2.363278e+062 -3.713969e+058 -9.947746e+058 -1.760719e+059 -2.574926e+059 -3.336987e+059 -3.889157e+059 -4.133354e+059 -4.004970e+059 -3.431099e+059 -2.430706e+059 1.287600e+056 
2.363280e+062 -3.752695e+058 -9.953121e+058 -1.763804e+059 -2.594429e+059 -3.351205e+059 -3.902486e+059 -4.154898e+059 -4.021476e+059 -3.443978e+059 -2.436122e+059 1.298616e+056 
2.363185e+062 -8.029067e+058 -2.125045e+059 -3.742263e+059 -5.449295e+059 -6.988993e+059 -8.082634e+059 -8.514418e+059 -8.164889e+059 -6.928411e+059 -4.848604e+059 5.587246e+056 
2.356450e+062 -2.168206e+060 -5.619628e+060 -9.770147e+060 -1.394291e+061 -1.746355e+061 -1.966149e+061 -2.009647e+061 -1.859141e+061 -1.516776e+061 -1.015493e+061 3.371346e+059 
2.351988e+062 -3.547135e+060 -9.151537e+060 -1.582794e+061 -2.241606e+061 -2.778304e+061 -3.091281e+061 -3.115222e+061 -2.832781e+061 -2.266929e+061 -1.483799e+061 8.412792e+059 
2.350578e+062 -3.987446e+060 -1.026820e+061 -1.773690e+061 -2.508952e+061 -3.103298e+061 -3.445562e+061 -3.464855e+061 -3.141550e+061 -2.505623e+061 -1.634028e+061 1.049374e+060 
2.350683e+062 -3.959072e+060 -1.020029e+061 -1.762852e+061 -2.494734e+061 -3.087025e+061 -3.428922e+061 -3.449713e+061 -3.129579e+061 -2.497618e+061 -1.629985e+061 1.038720e+060 
2.350695e+062 -3.959177e+060 -1.020640e+061 -1.764980e+061 -2.499157e+061 -3.093922e+061 -3.438739e+061 -3.462349e+061 -3.143379e+061 -2.510308e+061 -1.639429e+061 1.044385e+060 
2.355292e+062 -2.523045e+060 -6.517732e+060 -1.131559e+061 -1.611012e+061 -2.007823e+061 -2.250257e+061 -2.288601e+061 -2.102216e+061 -1.702226e+061 -1.129973e+061 4.427791e+059 
2.358765e+062 -1.448284e+060 -3.749187e+060 -6.527911e+060 -9.331376e+060 -1.169264e+061 -1.319018e+061 -1.352040e+061 -1.253803e+061 -1.026624e+061 -6.905235e+060 1.511006e+059 
2.354398e+062 -1.118183e+060 -2.559190e+060 -5.166668e+060 -8.405630e+060 -1.090923e+061 -1.243874e+061 -1.270834e+061 -1.155292e+061 -9.340408e+060 -6.393345e+060 1.170172e+059 
2.346251e+062 -4.033179e+060 -1.033745e+061 -1.845449e+061 -2.668905e+061 -3.311492e+061 -3.689993e+061 -3.723620e+061 -3.408929e+061 -2.736190e+061 -1.774252e+061 1.185497e+060 
2.347294e+062 -3.806506e+060 -9.662771e+060 -1.748605e+061 -2.564757e+061 -3.165160e+061 -3.482192e+061 -3.517183e+061 -3.252918e+061 -2.614112e+061 -1.695757e+061 1.067651e+060 
2.348381e+062 -3.555110e+060 -9.063553e+060 -1.621659e+061 -2.345797e+061 -2.930017e+061 -3.284649e+061 -3.291197e+061 -3.020393e+061 -2.431066e+061 -1.604478e+061 9.239341e+059 
2.349997e+062 -2.223766e+060 -5.610337e+060 -1.081056e+061 -1.624149e+061 -1.996809e+061 -2.249125e+061 -2.251373e+061 -2.139290e+061 -1.722359e+061 -1.139319e+061 4.230516e+059 
2.352447e+062 -2.263249e+060 -5.966019e+060 -1.089588e+061 -1.581270e+061 -1.983453e+061 -2.228524e+061 -2.238634e+061 -2.062276e+061 -1.692348e+061 -1.119676e+061 4.180558e+059 
2.352240e+062 -2.728625e+060 -7.073196e+060 -1.247693e+061 -1.790046e+061 -2.251626e+061 -2.537339e+061 -2.540494e+061 -2.314911e+061 -1.875019e+061 -1.236165e+061 5.438200e+059 
2.351834e+062 -3.250517e+060 -8.391482e+060 -1.463199e+061 -2.076561e+061 -2.580942e+061 -2.885112e+061 -2.897885e+061 -2.624703e+061 -2.102208e+061 -1.376003e+061 7.210123e+059 
2.352910e+062 -2.989649e+060 -7.729635e+060 -1.338804e+061 -1.899765e+061 -2.363219e+061 -2.645005e+061 -2.664285e+061 -2.421073e+061 -1.941071e+061 -1.272617e+061 6.071296e+059 
2.356255e+062 -1.999326e+060 -5.196065e+060 -9.040449e+060 -1.289617e+061 -1.620364e+061 -1.837693e+061 -1.874839e+061 -1.725441e+061 -1.406666e+061 -9.377822e+060 2.899151e+059 
2.357899e+062 -1.638217e+060 -4.265335e+060 -7.438141e+060 -1.069812e+061 -1.346331e+061 -1.529970e+061 -1.579317e+061 -1.473460e+061 -1.218138e+061 -8.260555e+060 2.030562e+059 
2.359270e+062 -1.254015e+060 -3.272395e+060 -5.736898e+060 -8.307253e+060 -1.052799e+061 -1.206072e+061 -1.258177e+061 -1.188153e+061 -9.950405e+060 -6.849901e+060 1.259366e+059 
2.361098e+062 -7.520152e+059 -1.962505e+060 -3.452490e+060 -5.002164e+060 -6.367132e+060 -7.318702e+060 -7.664592e+060 -7.280165e+060 -6.125709e+060 -4.245374e+060 4.619838e+058 
2.362299e+062 -3.560190e+059 -9.280734e+059 -1.631177e+060 -2.360208e+060 -2.999890e+060 -3.441414e+060 -3.597495e+060 -3.410510e+060 -2.862771e+060 -1.979707e+060 1.019260e+058 
2.363068e+062 -9.294576e+058 -2.433679e+059 -4.305654e+059 -6.270809e+059 -8.021483e+059 -9.287481e+059 -9.796265e+059 -9.381428e+059 -7.973564e+059 -5.584676e+059 7.389687e+056 
2.363261e+062 -3.950135e+058 -1.047764e+059 -1.857218e+059 -2.726445e+059 -3.511988e+059 -4.094864e+059 -4.356998e+059 -4.210794e+059 -3.608713e+059 -2.552949e+059 1.430921e+056 
2.363278e+062 -3.854734e+058 -1.015363e+059 -1.813483e+059 -2.651883e+059 -3.420087e+059 -3.986438e+059 -4.237210e+059 -4.098383e+059 -3.514621e+059 -2.483931e+059 1.355740e+056 
2.363274e+062 -3.808287e+058 -1.011571e+059 -1.790846e+059 -2.633801e+059 -3.387009e+059 -3.947531e+059 -4.200641e+059 -4.058272e+059 -3.478407e+059 -2.465368e+059 1.331231e+056 
2.363274e+062 -3.825813e+058 -1.009623e+059 -1.796289e+059 -2.629371e+059 -3.376793e+059 -3.941728e+059 -4.197550e+059 -4.054121e+059 -3.479780e+059 -2.464338e+059 1.329938e+056 
2.363277e+062 -3.772578e+058 -1.000978e+059 -1.770766e+059 -2.607786e+059 -3.366947e+059 -3.919674e+059 -4.167071e+059 -4.031461e+059 -3.454147e+059 -2.450122e+059 1.309641e+056 
2.363278e+062 -3.828975e+058 -1.008471e+059 -1.787773e+059 -2.621441e+059 -3.368687e+059 -3.936329e+059 -4.178462e+059 -4.040782e+059 -3.462872e+059 -2.452367e+059 1.321978e+056 
2.363277e+062 -3.788032e+058 -1.001940e+059 -1.781552e+059 -2.610557e+059 -3.358176e+059 -3.914576e+059 -4.162950e+059 -4.026033e+059 -3.448757e+059 -2.443680e+059 1.309820e+056 
2.363279e+062 -3.779102e+058 -9.963588e+058 -1.772919e+059 -2.601749e+059 -3.354316e+059 -3.907140e+059 -4.163981e+059 -4.020060e+059 -3.447563e+059 -2.442445e+059 1.304261e+056 
2.363278e+062 -3.759273e+058 -9.910064e+058 -1.766474e+059 -2.591658e+059 -3.339695e+059 -3.892214e+059 -4.136714e+059 -4.002563e+059 -3.431908e+059 -2.428400e+059 1.292104e+056 
