1.000000e-030   1.000000e-030   1.000000e-030   4.559369e-001   1.000000e-030   1.000000e-030   1.000000e-030   1.000000e-030   1.000000e-030   1.000000e-030   1.000000e-030   4.084293e-245   1.000000e-030   2.720315e-001   1.000000e-030   1.000000e-030   1.000000e-030   2.641080e-245   1.000000e-030   1.379433e-246   1.000000e-030   1.000000e-030   2.276033e-223   1.000000e-030   1.000000e-030   1.000000e-030   1.000000e-030   1.000000e-030   1.000000e-030   2.720315e-001   1.000000e-030   1.000000e-030   

6.016667e-242   1.000000e-030   1.000000e-030   1.848589e-001   1.000000e-030   1.000000e-030   1.000000e-030   1.000000e-030   1.000000e-030   1.000000e-030   1.238434e-241   2.792525e-001   1.000000e-030   1.000000e-030   1.000000e-030   1.000000e-030   1.000000e-030   2.792525e-001   1.000000e-030   1.396262e-001   1.000000e-030   1.000000e-030   2.191419e-224   1.000000e-030   1.000000e-030   1.000000e-030   1.000000e-030   1.000000e-030   1.000000e-030   8.832953e-250   1.000000e-030   1.170099e-001   

2.792525e-001   1.000000e-030   1.000000e-030   8.663038e-223   1.000000e-030   2.048668e-233   1.000000e-030   1.000000e-030   1.000000e-030   1.000000e-030   6.981312e-001   8.581451e-245   1.000000e-030   1.000000e-030   1.000000e-030   1.000000e-030   1.000000e-030   1.091293e-256   1.000000e-030   1.000000e-030   5.103263e-239   1.000000e-030   1.000000e-030   1.000000e-030   9.213959e-236   6.620221e-235   1.000000e-030   1.000000e-030   1.000000e-030   1.000000e-030   1.000000e-030   2.261635e-002   

1.000000e-030   3.459365e-227   4.467826e-230   4.546863e-223   1.000000e-030   2.857143e-001   5.446288e-138   1.000000e-030   1.000000e-030   1.000000e-030   3.434414e-240   3.144877e-228   1.000000e-030   1.000000e-030   1.000000e-030   1.000000e-030   1.000000e-030   3.805301e-226   1.000000e-030   1.000000e-030   7.142857e-002   1.000000e-030   4.185831e-225   1.000000e-030   5.000000e-001   1.428571e-001   1.000000e-030   1.000000e-030   1.000000e-030   1.000000e-030   1.000000e-030   1.000000e-030   

1.000000e-030   9.090909e-002   1.818182e-001   3.636364e-001   1.000000e-030   3.079634e-231   9.090909e-002   1.000000e-030   1.000000e-030   1.000000e-030   1.000000e-030   9.090909e-002   1.000000e-030   1.000000e-030   1.000000e-030   1.000000e-030   1.000000e-030   9.090909e-002   1.000000e-030   1.000000e-030   1.000000e-030   1.000000e-030   9.090909e-002   1.000000e-030   3.065210e-267   1.762469e-269   1.000000e-030   1.000000e-030   1.000000e-030   1.000000e-030   1.000000e-030   1.000000e-030   

